1 4150
26 2836
51 2789
76 2745
101 2766
126 2804
151 2755
176 2735
201 2782
226 2728
251 2765
276 2716
301 2712
326 2723
351 2685
376 2689
401 2738
426 2754
451 2699
476 2667
501 2704
526 2741
551 2701
576 2724
601 2768
626 2719
651 2758
676 2678
701 2725
726 2681
751 2748
776 2736
801 2686
826 2680
851 2726
876 2715
901 2648
926 2738
951 2679
976 2739
1001 2652
1026 2731
1051 2753
1076 2697
1101 2744
1126 2694
1151 2689
1176 2691
1201 2732
1226 2755
1251 2773
1276 2680
1301 2678
1326 2701
1351 2717
1376 2694
1401 2663
1426 2628
1451 2655
1476 2623
1501 2650
1526 2681
1551 2673
1576 2724
1601 2759
1626 2664
1651 2673
1676 2692
1701 2704
1726 2700
1751 2653
1776 2620
1801 2703
1826 2699
1851 2673
1876 2670
1901 2697
1926 2710
1951 2651
1976 2684
