1 4620
26 1351
51 1299
76 1210
101 1246
126 1446
151 1419
176 1317
201 1278
226 1238
251 1291
276 1241
301 1314
326 1229
351 1267
376 1336
401 1493
426 1532
451 1414
476 1394
501 1499
526 1486
551 1490
576 1448
601 1352
626 1451
651 1447
676 1464
701 1488
726 1456
751 1467
776 1398
801 1490
826 1425
851 1377
876 1463
901 1511
926 1531
951 1568
976 1504
1001 1423
1026 1420
1051 1490
1076 1466
1101 1488
1126 1437
1151 1415
1176 1507
1201 1354
1226 1442
1251 1445
1276 1501
1301 1534
1326 1348
1351 1506
1376 1420
1401 1431
1426 1468
1451 1531
1476 1564
1501 1507
1526 1435
1551 1494
1576 1540
1601 1519
1626 1514
1651 1427
1676 1473
1701 1414
1726 1467
1751 1415
1776 1442
1801 1472
1826 1472
1851 1511
1876 1487
1901 1418
1926 1461
1951 1475
1976 1499
