1 4640
26 3331
51 3310
76 3342
101 3327
126 3311
151 3347
176 3353
201 3342
226 3331
251 3335
276 3331
301 3316
326 3355
351 3381
376 3307
401 3330
426 3317
451 3344
476 3350
501 3340
526 3320
551 3353
576 3336
601 3371
626 3318
651 3336
676 3309
701 3338
726 3312
751 3287
776 3336
801 3335
826 3305
851 3291
876 3317
901 3343
926 3304
951 3361
976 3307
1001 3362
1026 3334
1051 3362
1076 3315
1101 3311
1126 3314
1151 3307
1176 3343
1201 3307
1226 3328
1251 3318
1276 3262
1301 3343
1326 3350
1351 3343
1376 3373
1401 3318
1426 3261
1451 3306
1476 3344
1501 3301
1526 3297
1551 3307
1576 3347
1601 3341
1626 3358
1651 3335
1676 3334
1701 3301
1726 3333
1751 3332
1776 3310
1801 3342
1826 3284
1851 3298
1876 3294
1901 3347
1926 3304
1951 3348
1976 3308
