1 93
26 91
51 91
76 86
101 88
126 82
151 88
176 87
201 89
226 85
251 90
276 83
301 83
326 89
351 90
376 89
401 90
426 90
451 85
476 87
501 82
526 87
551 90
576 85
601 87
626 89
651 85
676 87
701 84
726 90
751 91
776 88
801 82
826 92
851 81
876 91
901 87
926 84
951 87
976 84
1001 90
1026 87
1051 89
1076 87
1101 90
1126 86
1151 87
1176 84
1201 87
1226 87
1251 84
1276 84
1301 85
1326 87
1351 87
1376 89
1401 89
1426 88
1451 84
1476 85
1501 89
1526 85
1551 84
1576 88
1601 86
1626 85
1651 82
1676 87
1701 82
1726 87
1751 83
1776 88
1801 87
1826 84
1851 85
1876 80
1901 86
1926 86
1951 84
1976 89
