1 4602
26 4132
51 4099
76 4110
101 4066
126 4029
151 4041
176 4096
201 4154
226 4019
251 4135
276 4134
301 4092
326 4030
351 4124
376 4058
401 4072
426 4047
451 4055
476 4056
501 4084
526 4081
551 4111
576 4037
601 4070
626 4027
651 4102
676 4098
701 4067
726 4025
751 4099
776 4047
801 4075
826 4076
851 4088
876 4074
901 4035
926 4061
951 4040
976 4069
1001 4068
1026 4040
1051 4047
1076 4019
1101 4132
1126 4073
1151 4078
1176 4042
1201 4017
1226 4060
1251 4003
1276 4037
1301 4077
1326 4060
1351 4089
1376 3955
1401 4068
1426 4046
1451 4007
1476 4031
1501 4025
1526 4037
1551 4050
1576 4044
1601 4029
1626 4074
1651 4096
1676 4102
1701 3957
1726 4069
1751 4065
1776 4083
1801 4071
1826 4017
1851 3992
1876 4103
1901 4025
1926 4072
1951 4055
1976 3996
