1 4477
26 3617
51 3618
76 3580
101 3601
126 3567
151 3588
176 3610
201 3582
226 3611
251 3610
276 3556
301 3601
326 3614
351 3602
376 3530
401 3606
426 3596
451 3589
476 3628
501 3581
526 3614
551 3630
576 3593
601 3582
626 3594
651 3592
676 3571
701 3559
726 3642
751 3648
776 3630
801 3582
826 3558
851 3603
876 3635
901 3578
926 3608
951 3541
976 3598
1001 3564
1026 3587
1051 3524
1076 3597
1101 3583
1126 3519
1151 3553
1176 3601
1201 3628
1226 3575
1251 3584
1276 3565
1301 3585
1326 3546
1351 3602
1376 3578
1401 3589
1426 3617
1451 3576
1476 3549
1501 3559
1526 3506
1551 3587
1576 3575
1601 3611
1626 3529
1651 3616
1676 3545
1701 3559
1726 3593
1751 3577
1776 3589
1801 3572
1826 3603
1851 3632
1876 3579
1901 3623
1926 3540
1951 3536
1976 3572
