1 1 171
1 2 0
1 3 0
1 4 1
1 5 54
1 6 0
1 7 294
1 8 0
1 9 0
1 10 0
1 11 0
1 12 515
1 13 55
1 14 108
1 15 1
1 16 1
1 17 0
1 18 191
1 19 41
1 20 0
1 21 1
1 22 0
1 23 0
1 24 17
1 25 64
1 26 9
1 27 0
1 28 54
1 29 1
1 30 37
1 31 196
1 32 0
1 33 0
1 34 158
1 35 102
1 36 69
1 37 1
1 38 0
1 39 1
1 40 0
1 41 2
1 42 97
1 43 0
1 44 77
1 45 0
1 46 2
1 47 93
1 48 160
1 49 0
1 50 0
1 51 18
1 52 13
1 53 41
1 54 470
1 55 0
1 56 34
1 57 0
1 58 0
1 59 11
1 60 439
1 61 1
1 62 0
1 63 43
1 64 7
1 65 3
1 66 23
1 67 37
1 68 131
1 69 13
1 70 215
1 71 0
1 72 91
1 73 0
1 74 104
1 75 1
1 76 29
1 77 0
1 78 0
1 79 0
1 80 19
1 81 0
1 82 39
1 83 0
1 84 1
1 85 0
1 86 1
1 87 0
1 88 0
1 89 0
1 90 185
1 91 0
1 92 0
1 93 0
1 94 0
1 95 0
26 1 121
26 2 0
26 3 0
26 4 0
26 5 42
26 6 0
26 7 268
26 8 0
26 9 0
26 10 0
26 11 0
26 12 321
26 13 0
26 14 51
26 15 0
26 16 0
26 17 0
26 18 121
26 19 39
26 20 0
26 21 0
26 22 0
26 23 0
26 24 0
26 25 38
26 26 0
26 27 0
26 28 17
26 29 0
26 30 34
26 31 59
26 32 0
26 33 0
26 34 163
26 35 60
26 36 42
26 37 0
26 38 0
26 39 0
26 40 0
26 41 0
26 42 31
26 43 0
26 44 57
26 45 0
26 46 0
26 47 80
26 48 57
26 49 0
26 50 0
26 51 21
26 52 8
26 53 33
26 54 322
26 55 0
26 56 26
26 57 0
26 58 0
26 59 11
26 60 371
26 61 0
26 62 0
26 63 51
26 64 18
26 65 17
26 66 23
26 67 33
26 68 79
26 69 16
26 70 161
26 71 0
26 72 43
26 73 0
26 74 42
26 75 0
26 76 38
26 77 0
26 78 0
26 79 0
26 80 27
26 81 0
26 82 22
26 83 0
26 84 0
26 85 0
26 86 0
26 87 0
26 88 0
26 89 0
26 90 123
26 91 0
26 92 0
26 93 0
26 94 0
26 95 0
51 1 137
51 2 0
51 3 0
51 4 0
51 5 45
51 6 0
51 7 238
51 8 0
51 9 0
51 10 0
51 11 0
51 12 288
51 13 0
51 14 57
51 15 0
51 16 0
51 17 0
51 18 128
51 19 40
51 20 0
51 21 0
51 22 0
51 23 0
51 24 0
51 25 45
51 26 0
51 27 0
51 28 27
51 29 0
51 30 40
51 31 60
51 32 0
51 33 0
51 34 160
51 35 67
51 36 40
51 37 0
51 38 0
51 39 0
51 40 0
51 41 0
51 42 28
51 43 0
51 44 73
51 45 0
51 46 0
51 47 81
51 48 64
51 49 0
51 50 0
51 51 30
51 52 15
51 53 37
51 54 302
51 55 0
51 56 17
51 57 0
51 58 0
51 59 11
51 60 364
51 61 0
51 62 0
51 63 37
51 64 11
51 65 13
51 66 23
51 67 25
51 68 84
51 69 4
51 70 164
51 71 0
51 72 47
51 73 0
51 74 40
51 75 0
51 76 31
51 77 0
51 78 0
51 79 0
51 80 20
51 81 0
51 82 18
51 83 0
51 84 0
51 85 0
51 86 0
51 87 0
51 88 0
51 89 0
51 90 118
51 91 0
51 92 0
51 93 0
51 94 0
51 95 0
76 1 115
76 2 0
76 3 0
76 4 0
76 5 44
76 6 0
76 7 269
76 8 0
76 9 0
76 10 0
76 11 0
76 12 294
76 13 0
76 14 47
76 15 0
76 16 0
76 17 0
76 18 119
76 19 41
76 20 0
76 21 0
76 22 0
76 23 0
76 24 0
76 25 42
76 26 0
76 27 0
76 28 26
76 29 0
76 30 40
76 31 67
76 32 0
76 33 0
76 34 163
76 35 45
76 36 42
76 37 0
76 38 0
76 39 0
76 40 0
76 41 0
76 42 21
76 43 0
76 44 61
76 45 0
76 46 0
76 47 83
76 48 62
76 49 0
76 50 0
76 51 28
76 52 13
76 53 38
76 54 316
76 55 0
76 56 13
76 57 0
76 58 0
76 59 0
76 60 355
76 61 0
76 62 0
76 63 26
76 64 26
76 65 17
76 66 23
76 67 29
76 68 93
76 69 0
76 70 153
76 71 0
76 72 40
76 73 0
76 74 33
76 75 0
76 76 35
76 77 0
76 78 0
76 79 0
76 80 33
76 81 0
76 82 29
76 83 0
76 84 0
76 85 0
76 86 0
76 87 0
76 88 0
76 89 0
76 90 128
76 91 0
76 92 0
76 93 0
76 94 0
76 95 0
101 1 135
101 2 0
101 3 0
101 4 0
101 5 41
101 6 0
101 7 267
101 8 0
101 9 0
101 10 0
101 11 0
101 12 302
101 13 0
101 14 52
101 15 0
101 16 0
101 17 0
101 18 131
101 19 40
101 20 0
101 21 0
101 22 0
101 23 0
101 24 0
101 25 46
101 26 0
101 27 0
101 28 26
101 29 0
101 30 35
101 31 71
101 32 0
101 33 0
101 34 149
101 35 39
101 36 38
101 37 0
101 38 0
101 39 0
101 40 0
101 41 0
101 42 7
101 43 0
101 44 59
101 45 0
101 46 0
101 47 83
101 48 56
101 49 0
101 50 0
101 51 27
101 52 22
101 53 40
101 54 313
101 55 0
101 56 11
101 57 0
101 58 0
101 59 0
101 60 364
101 61 0
101 62 0
101 63 38
101 64 30
101 65 10
101 66 19
101 67 30
101 68 89
101 69 0
101 70 148
101 71 0
101 72 41
101 73 0
101 74 33
101 75 0
101 76 30
101 77 0
101 78 0
101 79 0
101 80 29
101 81 0
101 82 22
101 83 0
101 84 0
101 85 0
101 86 0
101 87 0
101 88 0
101 89 0
101 90 126
101 91 0
101 92 0
101 93 0
101 94 0
101 95 0
126 1 125
126 2 0
126 3 0
126 4 0
126 5 41
126 6 0
126 7 249
126 8 0
126 9 0
126 10 0
126 11 0
126 12 284
126 13 0
126 14 54
126 15 0
126 16 0
126 17 0
126 18 116
126 19 39
126 20 0
126 21 0
126 22 0
126 23 0
126 24 0
126 25 54
126 26 0
126 27 0
126 28 27
126 29 0
126 30 38
126 31 73
126 32 0
126 33 0
126 34 149
126 35 37
126 36 38
126 37 0
126 38 0
126 39 0
126 40 0
126 41 0
126 42 19
126 43 0
126 44 68
126 45 0
126 46 0
126 47 73
126 48 59
126 49 0
126 50 0
126 51 29
126 52 17
126 53 40
126 54 325
126 55 0
126 56 9
126 57 0
126 58 0
126 59 0
126 60 358
126 61 0
126 62 0
126 63 38
126 64 28
126 65 9
126 66 17
126 67 40
126 68 83
126 69 0
126 70 159
126 71 0
126 72 35
126 73 0
126 74 35
126 75 0
126 76 24
126 77 0
126 78 0
126 79 0
126 80 23
126 81 0
126 82 3
126 83 0
126 84 0
126 85 0
126 86 0
126 87 0
126 88 0
126 89 0
126 90 112
126 91 0
126 92 0
126 93 0
126 94 0
126 95 0
151 1 125
151 2 0
151 3 0
151 4 0
151 5 41
151 6 0
151 7 243
151 8 0
151 9 0
151 10 0
151 11 0
151 12 306
151 13 0
151 14 49
151 15 0
151 16 0
151 17 0
151 18 123
151 19 40
151 20 0
151 21 0
151 22 0
151 23 0
151 24 0
151 25 47
151 26 0
151 27 0
151 28 25
151 29 0
151 30 42
151 31 72
151 32 0
151 33 0
151 34 168
151 35 42
151 36 44
151 37 0
151 38 0
151 39 0
151 40 0
151 41 0
151 42 21
151 43 0
151 44 72
151 45 0
151 46 0
151 47 73
151 48 52
151 49 0
151 50 0
151 51 29
151 52 19
151 53 42
151 54 304
151 55 0
151 56 11
151 57 0
151 58 0
151 59 0
151 60 366
151 61 0
151 62 0
151 63 57
151 64 33
151 65 20
151 66 14
151 67 28
151 68 82
151 69 0
151 70 152
151 71 0
151 72 41
151 73 0
151 74 42
151 75 0
151 76 27
151 77 0
151 78 0
151 79 0
151 80 25
151 81 0
151 82 0
151 83 0
151 84 0
151 85 0
151 86 0
151 87 0
151 88 0
151 89 0
151 90 127
151 91 0
151 92 0
151 93 0
151 94 0
151 95 0
176 1 144
176 2 0
176 3 0
176 4 0
176 5 41
176 6 0
176 7 258
176 8 0
176 9 0
176 10 0
176 11 0
176 12 302
176 13 0
176 14 41
176 15 0
176 16 0
176 17 0
176 18 127
176 19 35
176 20 0
176 21 0
176 22 0
176 23 0
176 24 0
176 25 38
176 26 0
176 27 0
176 28 33
176 29 0
176 30 39
176 31 66
176 32 0
176 33 0
176 34 160
176 35 37
176 36 39
176 37 0
176 38 0
176 39 0
176 40 0
176 41 0
176 42 29
176 43 0
176 44 69
176 45 0
176 46 0
176 47 79
176 48 54
176 49 0
176 50 0
176 51 30
176 52 14
176 53 43
176 54 342
176 55 0
176 56 0
176 57 0
176 58 0
176 59 0
176 60 362
176 61 0
176 62 0
176 63 51
176 64 30
176 65 16
176 66 23
176 67 31
176 68 86
176 69 0
176 70 152
176 71 0
176 72 30
176 73 0
176 74 47
176 75 0
176 76 33
176 77 0
176 78 0
176 79 0
176 80 31
176 81 0
176 82 0
176 83 0
176 84 0
176 85 0
176 86 0
176 87 0
176 88 0
176 89 0
176 90 124
176 91 0
176 92 0
176 93 0
176 94 0
176 95 0
201 1 138
201 2 0
201 3 0
201 4 0
201 5 38
201 6 0
201 7 249
201 8 0
201 9 0
201 10 0
201 11 0
201 12 304
201 13 0
201 14 41
201 15 0
201 16 0
201 17 0
201 18 135
201 19 47
201 20 0
201 21 0
201 22 0
201 23 0
201 24 0
201 25 45
201 26 0
201 27 0
201 28 28
201 29 0
201 30 39
201 31 70
201 32 0
201 33 0
201 34 162
201 35 32
201 36 44
201 37 0
201 38 0
201 39 0
201 40 0
201 41 0
201 42 36
201 43 0
201 44 74
201 45 0
201 46 0
201 47 82
201 48 59
201 49 0
201 50 0
201 51 27
201 52 6
201 53 36
201 54 316
201 55 0
201 56 0
201 57 0
201 58 0
201 59 0
201 60 360
201 61 0
201 62 0
201 63 56
201 64 31
201 65 19
201 66 25
201 67 39
201 68 86
201 69 0
201 70 164
201 71 0
201 72 40
201 73 0
201 74 39
201 75 0
201 76 36
201 77 0
201 78 0
201 79 0
201 80 32
201 81 0
201 82 0
201 83 0
201 84 0
201 85 0
201 86 0
201 87 0
201 88 0
201 89 0
201 90 121
201 91 0
201 92 0
201 93 0
201 94 0
201 95 0
226 1 125
226 2 0
226 3 0
226 4 0
226 5 38
226 6 0
226 7 250
226 8 0
226 9 0
226 10 0
226 11 0
226 12 313
226 13 0
226 14 41
226 15 0
226 16 0
226 17 0
226 18 115
226 19 35
226 20 0
226 21 0
226 22 0
226 23 0
226 24 0
226 25 43
226 26 0
226 27 0
226 28 23
226 29 0
226 30 40
226 31 75
226 32 0
226 33 0
226 34 164
226 35 40
226 36 41
226 37 0
226 38 0
226 39 0
226 40 0
226 41 0
226 42 39
226 43 0
226 44 82
226 45 0
226 46 0
226 47 74
226 48 50
226 49 0
226 50 0
226 51 24
226 52 1
226 53 41
226 54 315
226 55 0
226 56 0
226 57 0
226 58 0
226 59 0
226 60 359
226 61 0
226 62 0
226 63 57
226 64 31
226 65 20
226 66 15
226 67 30
226 68 83
226 69 0
226 70 159
226 71 0
226 72 38
226 73 0
226 74 38
226 75 0
226 76 38
226 77 0
226 78 0
226 79 0
226 80 31
226 81 0
226 82 0
226 83 0
226 84 0
226 85 0
226 86 0
226 87 0
226 88 0
226 89 0
226 90 125
226 91 0
226 92 0
226 93 0
226 94 0
226 95 0
251 1 127
251 2 0
251 3 0
251 4 0
251 5 39
251 6 0
251 7 243
251 8 0
251 9 0
251 10 0
251 11 0
251 12 303
251 13 0
251 14 39
251 15 0
251 16 0
251 17 0
251 18 134
251 19 31
251 20 0
251 21 0
251 22 0
251 23 0
251 24 0
251 25 51
251 26 0
251 27 0
251 28 25
251 29 0
251 30 39
251 31 72
251 32 0
251 33 0
251 34 158
251 35 38
251 36 39
251 37 0
251 38 0
251 39 0
251 40 0
251 41 0
251 42 41
251 43 0
251 44 69
251 45 0
251 46 0
251 47 69
251 48 53
251 49 0
251 50 0
251 51 22
251 52 0
251 53 41
251 54 293
251 55 0
251 56 0
251 57 0
251 58 0
251 59 0
251 60 367
251 61 0
251 62 0
251 63 66
251 64 36
251 65 11
251 66 21
251 67 39
251 68 78
251 69 0
251 70 161
251 71 0
251 72 40
251 73 0
251 74 41
251 75 0
251 76 34
251 77 0
251 78 0
251 79 0
251 80 28
251 81 0
251 82 0
251 83 0
251 84 0
251 85 0
251 86 0
251 87 0
251 88 0
251 89 0
251 90 120
251 91 0
251 92 0
251 93 0
251 94 0
251 95 0
276 1 134
276 2 0
276 3 0
276 4 0
276 5 38
276 6 0
276 7 246
276 8 0
276 9 0
276 10 0
276 11 0
276 12 307
276 13 0
276 14 38
276 15 0
276 16 0
276 17 0
276 18 119
276 19 39
276 20 0
276 21 0
276 22 0
276 23 0
276 24 0
276 25 38
276 26 0
276 27 0
276 28 31
276 29 0
276 30 38
276 31 69
276 32 0
276 33 0
276 34 149
276 35 43
276 36 36
276 37 0
276 38 0
276 39 0
276 40 0
276 41 0
276 42 45
276 43 0
276 44 72
276 45 0
276 46 0
276 47 79
276 48 58
276 49 0
276 50 0
276 51 19
276 52 0
276 53 43
276 54 314
276 55 0
276 56 0
276 57 0
276 58 0
276 59 0
276 60 363
276 61 0
276 62 0
276 63 51
276 64 40
276 65 14
276 66 28
276 67 30
276 68 87
276 69 0
276 70 149
276 71 0
276 72 40
276 73 0
276 74 39
276 75 0
276 76 38
276 77 0
276 78 0
276 79 0
276 80 27
276 81 0
276 82 0
276 83 0
276 84 0
276 85 0
276 86 0
276 87 0
276 88 0
276 89 0
276 90 121
276 91 0
276 92 0
276 93 0
276 94 0
276 95 0
301 1 119
301 2 0
301 3 0
301 4 0
301 5 42
301 6 0
301 7 268
301 8 0
301 9 0
301 10 0
301 11 0
301 12 293
301 13 0
301 14 40
301 15 0
301 16 0
301 17 0
301 18 120
301 19 39
301 20 0
301 21 0
301 22 0
301 23 0
301 24 0
301 25 39
301 26 0
301 27 0
301 28 25
301 29 0
301 30 39
301 31 74
301 32 0
301 33 0
301 34 159
301 35 43
301 36 42
301 37 0
301 38 0
301 39 0
301 40 0
301 41 0
301 42 32
301 43 0
301 44 73
301 45 0
301 46 0
301 47 77
301 48 60
301 49 0
301 50 0
301 51 29
301 52 0
301 53 40
301 54 316
301 55 0
301 56 0
301 57 0
301 58 0
301 59 0
301 60 364
301 61 0
301 62 0
301 63 53
301 64 40
301 65 12
301 66 21
301 67 34
301 68 81
301 69 0
301 70 166
301 71 0
301 72 41
301 73 0
301 74 36
301 75 0
301 76 35
301 77 0
301 78 0
301 79 0
301 80 31
301 81 0
301 82 0
301 83 0
301 84 0
301 85 0
301 86 0
301 87 0
301 88 0
301 89 0
301 90 120
301 91 0
301 92 0
301 93 0
301 94 0
301 95 0
326 1 110
326 2 0
326 3 0
326 4 0
326 5 35
326 6 0
326 7 258
326 8 0
326 9 0
326 10 0
326 11 0
326 12 311
326 13 0
326 14 40
326 15 0
326 16 0
326 17 0
326 18 131
326 19 39
326 20 0
326 21 0
326 22 0
326 23 0
326 24 0
326 25 41
326 26 0
326 27 0
326 28 21
326 29 0
326 30 36
326 31 64
326 32 0
326 33 0
326 34 158
326 35 44
326 36 41
326 37 0
326 38 0
326 39 0
326 40 0
326 41 0
326 42 39
326 43 0
326 44 70
326 45 0
326 46 0
326 47 81
326 48 59
326 49 0
326 50 0
326 51 17
326 52 0
326 53 39
326 54 311
326 55 0
326 56 0
326 57 0
326 58 0
326 59 0
326 60 379
326 61 0
326 62 0
326 63 46
326 64 34
326 65 17
326 66 23
326 67 38
326 68 83
326 69 0
326 70 153
326 71 0
326 72 40
326 73 0
326 74 38
326 75 0
326 76 39
326 77 0
326 78 0
326 79 0
326 80 27
326 81 0
326 82 0
326 83 0
326 84 0
326 85 0
326 86 0
326 87 0
326 88 0
326 89 0
326 90 124
326 91 0
326 92 0
326 93 0
326 94 0
326 95 0
351 1 130
351 2 0
351 3 0
351 4 0
351 5 38
351 6 0
351 7 279
351 8 0
351 9 0
351 10 0
351 11 0
351 12 301
351 13 0
351 14 39
351 15 0
351 16 0
351 17 0
351 18 120
351 19 39
351 20 0
351 21 0
351 22 0
351 23 0
351 24 0
351 25 34
351 26 0
351 27 0
351 28 27
351 29 0
351 30 39
351 31 61
351 32 0
351 33 0
351 34 147
351 35 40
351 36 40
351 37 0
351 38 0
351 39 0
351 40 0
351 41 0
351 42 33
351 43 0
351 44 71
351 45 0
351 46 0
351 47 81
351 48 63
351 49 0
351 50 0
351 51 23
351 52 0
351 53 40
351 54 316
351 55 0
351 56 0
351 57 0
351 58 0
351 59 0
351 60 364
351 61 0
351 62 0
351 63 50
351 64 29
351 65 21
351 66 17
351 67 30
351 68 80
351 69 0
351 70 141
351 71 0
351 72 39
351 73 0
351 74 41
351 75 0
351 76 29
351 77 0
351 78 0
351 79 0
351 80 24
351 81 0
351 82 0
351 83 0
351 84 0
351 85 0
351 86 0
351 87 0
351 88 0
351 89 0
351 90 121
351 91 0
351 92 0
351 93 0
351 94 0
351 95 0
376 1 120
376 2 0
376 3 0
376 4 0
376 5 44
376 6 0
376 7 266
376 8 0
376 9 0
376 10 0
376 11 0
376 12 304
376 13 0
376 14 39
376 15 0
376 16 0
376 17 0
376 18 129
376 19 34
376 20 0
376 21 0
376 22 0
376 23 0
376 24 0
376 25 40
376 26 0
376 27 0
376 28 21
376 29 0
376 30 43
376 31 71
376 32 0
376 33 0
376 34 159
376 35 38
376 36 40
376 37 0
376 38 0
376 39 0
376 40 0
376 41 0
376 42 38
376 43 0
376 44 68
376 45 0
376 46 0
376 47 74
376 48 58
376 49 0
376 50 0
376 51 19
376 52 0
376 53 38
376 54 309
376 55 0
376 56 0
376 57 0
376 58 0
376 59 0
376 60 352
376 61 0
376 62 0
376 63 65
376 64 30
376 65 15
376 66 23
376 67 31
376 68 82
376 69 0
376 70 163
376 71 0
376 72 31
376 73 0
376 74 41
376 75 0
376 76 38
376 77 0
376 78 0
376 79 0
376 80 29
376 81 0
376 82 0
376 83 0
376 84 0
376 85 0
376 86 0
376 87 0
376 88 0
376 89 0
376 90 126
376 91 0
376 92 0
376 93 0
376 94 0
376 95 0
401 1 121
401 2 0
401 3 0
401 4 0
401 5 38
401 6 0
401 7 257
401 8 0
401 9 0
401 10 0
401 11 0
401 12 312
401 13 0
401 14 42
401 15 0
401 16 0
401 17 0
401 18 123
401 19 40
401 20 0
401 21 0
401 22 0
401 23 0
401 24 0
401 25 40
401 26 0
401 27 0
401 28 21
401 29 0
401 30 39
401 31 74
401 32 0
401 33 0
401 34 159
401 35 51
401 36 34
401 37 0
401 38 0
401 39 0
401 40 0
401 41 0
401 42 40
401 43 0
401 44 74
401 45 0
401 46 0
401 47 77
401 48 55
401 49 0
401 50 0
401 51 29
401 52 0
401 53 38
401 54 319
401 55 0
401 56 0
401 57 0
401 58 0
401 59 0
401 60 379
401 61 0
401 62 0
401 63 51
401 64 32
401 65 19
401 66 18
401 67 36
401 68 79
401 69 0
401 70 152
401 71 0
401 72 40
401 73 0
401 74 34
401 75 0
401 76 33
401 77 0
401 78 0
401 79 0
401 80 30
401 81 0
401 82 0
401 83 0
401 84 0
401 85 0
401 86 0
401 87 0
401 88 0
401 89 0
401 90 121
401 91 0
401 92 0
401 93 0
401 94 0
401 95 0
426 1 109
426 2 0
426 3 0
426 4 0
426 5 43
426 6 0
426 7 276
426 8 0
426 9 0
426 10 0
426 11 0
426 12 299
426 13 0
426 14 39
426 15 0
426 16 0
426 17 0
426 18 123
426 19 40
426 20 0
426 21 0
426 22 0
426 23 0
426 24 0
426 25 38
426 26 0
426 27 0
426 28 19
426 29 0
426 30 42
426 31 76
426 32 0
426 33 0
426 34 174
426 35 57
426 36 40
426 37 0
426 38 0
426 39 0
426 40 0
426 41 0
426 42 41
426 43 0
426 44 75
426 45 0
426 46 0
426 47 77
426 48 51
426 49 0
426 50 0
426 51 30
426 52 0
426 53 36
426 54 338
426 55 0
426 56 0
426 57 0
426 58 0
426 59 0
426 60 360
426 61 0
426 62 0
426 63 52
426 64 37
426 65 17
426 66 18
426 67 31
426 68 76
426 69 0
426 70 148
426 71 0
426 72 41
426 73 0
426 74 40
426 75 0
426 76 30
426 77 0
426 78 0
426 79 0
426 80 21
426 81 0
426 82 0
426 83 0
426 84 0
426 85 0
426 86 0
426 87 0
426 88 0
426 89 0
426 90 117
426 91 0
426 92 0
426 93 0
426 94 0
426 95 0
451 1 133
451 2 0
451 3 0
451 4 0
451 5 40
451 6 0
451 7 265
451 8 0
451 9 0
451 10 0
451 11 0
451 12 307
451 13 0
451 14 40
451 15 0
451 16 0
451 17 0
451 18 125
451 19 39
451 20 0
451 21 0
451 22 0
451 23 0
451 24 0
451 25 40
451 26 0
451 27 0
451 28 25
451 29 0
451 30 40
451 31 74
451 32 0
451 33 0
451 34 162
451 35 43
451 36 38
451 37 0
451 38 0
451 39 0
451 40 0
451 41 0
451 42 43
451 43 0
451 44 70
451 45 0
451 46 0
451 47 75
451 48 61
451 49 0
451 50 0
451 51 25
451 52 0
451 53 39
451 54 306
451 55 0
451 56 0
451 57 0
451 58 0
451 59 0
451 60 359
451 61 0
451 62 0
451 63 57
451 64 32
451 65 9
451 66 26
451 67 32
451 68 83
451 69 0
451 70 164
451 71 0
451 72 34
451 73 0
451 74 39
451 75 0
451 76 34
451 77 0
451 78 0
451 79 0
451 80 27
451 81 0
451 82 0
451 83 0
451 84 0
451 85 0
451 86 0
451 87 0
451 88 0
451 89 0
451 90 120
451 91 0
451 92 0
451 93 0
451 94 0
451 95 0
476 1 130
476 2 0
476 3 0
476 4 0
476 5 40
476 6 0
476 7 257
476 8 0
476 9 0
476 10 0
476 11 0
476 12 303
476 13 0
476 14 36
476 15 0
476 16 0
476 17 0
476 18 124
476 19 35
476 20 0
476 21 0
476 22 0
476 23 0
476 24 0
476 25 32
476 26 0
476 27 0
476 28 25
476 29 0
476 30 33
476 31 74
476 32 0
476 33 0
476 34 165
476 35 40
476 36 41
476 37 0
476 38 0
476 39 0
476 40 0
476 41 0
476 42 36
476 43 0
476 44 64
476 45 0
476 46 0
476 47 79
476 48 61
476 49 0
476 50 0
476 51 32
476 52 0
476 53 39
476 54 314
476 55 0
476 56 0
476 57 0
476 58 0
476 59 0
476 60 354
476 61 0
476 62 0
476 63 55
476 64 34
476 65 13
476 66 23
476 67 40
476 68 81
476 69 0
476 70 151
476 71 0
476 72 39
476 73 0
476 74 40
476 75 0
476 76 32
476 77 0
476 78 0
476 79 0
476 80 24
476 81 0
476 82 0
476 83 0
476 84 0
476 85 0
476 86 0
476 87 0
476 88 0
476 89 0
476 90 121
476 91 0
476 92 0
476 93 0
476 94 0
476 95 0
501 1 124
501 2 0
501 3 0
501 4 0
501 5 39
501 6 0
501 7 260
501 8 0
501 9 0
501 10 0
501 11 0
501 12 302
501 13 0
501 14 38
501 15 0
501 16 0
501 17 0
501 18 122
501 19 42
501 20 0
501 21 0
501 22 0
501 23 0
501 24 0
501 25 40
501 26 0
501 27 0
501 28 22
501 29 0
501 30 32
501 31 74
501 32 0
501 33 0
501 34 162
501 35 42
501 36 40
501 37 0
501 38 0
501 39 0
501 40 0
501 41 0
501 42 38
501 43 0
501 44 84
501 45 0
501 46 0
501 47 69
501 48 57
501 49 0
501 50 0
501 51 30
501 52 0
501 53 40
501 54 315
501 55 0
501 56 0
501 57 0
501 58 0
501 59 0
501 60 367
501 61 0
501 62 0
501 63 47
501 64 37
501 65 20
501 66 17
501 67 30
501 68 83
501 69 0
501 70 163
501 71 0
501 72 40
501 73 0
501 74 37
501 75 0
501 76 29
501 77 0
501 78 0
501 79 0
501 80 19
501 81 0
501 82 0
501 83 0
501 84 0
501 85 0
501 86 0
501 87 0
501 88 0
501 89 0
501 90 123
501 91 0
501 92 0
501 93 0
501 94 0
501 95 0
526 1 136
526 2 0
526 3 0
526 4 0
526 5 38
526 6 0
526 7 253
526 8 0
526 9 0
526 10 0
526 11 0
526 12 302
526 13 0
526 14 40
526 15 0
526 16 0
526 17 0
526 18 123
526 19 38
526 20 0
526 21 0
526 22 0
526 23 0
526 24 0
526 25 37
526 26 0
526 27 0
526 28 30
526 29 0
526 30 39
526 31 67
526 32 0
526 33 0
526 34 155
526 35 24
526 36 39
526 37 0
526 38 0
526 39 0
526 40 0
526 41 0
526 42 42
526 43 0
526 44 71
526 45 0
526 46 0
526 47 80
526 48 62
526 49 0
526 50 0
526 51 24
526 52 0
526 53 39
526 54 313
526 55 0
526 56 0
526 57 0
526 58 0
526 59 0
526 60 347
526 61 0
526 62 0
526 63 51
526 64 29
526 65 12
526 66 16
526 67 36
526 68 79
526 69 0
526 70 159
526 71 0
526 72 42
526 73 0
526 74 38
526 75 0
526 76 33
526 77 0
526 78 0
526 79 0
526 80 27
526 81 0
526 82 0
526 83 0
526 84 0
526 85 0
526 86 0
526 87 0
526 88 0
526 89 0
526 90 123
526 91 0
526 92 0
526 93 0
526 94 0
526 95 0
551 1 123
551 2 0
551 3 0
551 4 0
551 5 41
551 6 0
551 7 250
551 8 0
551 9 0
551 10 0
551 11 0
551 12 301
551 13 0
551 14 40
551 15 0
551 16 0
551 17 0
551 18 115
551 19 35
551 20 0
551 21 0
551 22 0
551 23 0
551 24 0
551 25 38
551 26 0
551 27 0
551 28 30
551 29 0
551 30 40
551 31 68
551 32 0
551 33 0
551 34 165
551 35 42
551 36 40
551 37 0
551 38 0
551 39 0
551 40 0
551 41 0
551 42 39
551 43 0
551 44 79
551 45 0
551 46 0
551 47 77
551 48 60
551 49 0
551 50 0
551 51 28
551 52 0
551 53 39
551 54 296
551 55 0
551 56 0
551 57 0
551 58 0
551 59 0
551 60 368
551 61 0
551 62 0
551 63 65
551 64 31
551 65 18
551 66 24
551 67 35
551 68 83
551 69 0
551 70 154
551 71 0
551 72 39
551 73 0
551 74 40
551 75 0
551 76 30
551 77 0
551 78 0
551 79 0
551 80 30
551 81 0
551 82 0
551 83 0
551 84 0
551 85 0
551 86 0
551 87 0
551 88 0
551 89 0
551 90 118
551 91 0
551 92 0
551 93 0
551 94 0
551 95 0
576 1 120
576 2 0
576 3 0
576 4 0
576 5 40
576 6 0
576 7 264
576 8 0
576 9 0
576 10 0
576 11 0
576 12 303
576 13 0
576 14 40
576 15 0
576 16 0
576 17 0
576 18 129
576 19 37
576 20 0
576 21 0
576 22 0
576 23 0
576 24 0
576 25 35
576 26 0
576 27 0
576 28 23
576 29 0
576 30 42
576 31 81
576 32 0
576 33 0
576 34 160
576 35 43
576 36 36
576 37 0
576 38 0
576 39 0
576 40 0
576 41 0
576 42 42
576 43 0
576 44 69
576 45 0
576 46 0
576 47 81
576 48 52
576 49 0
576 50 0
576 51 21
576 52 0
576 53 40
576 54 312
576 55 0
576 56 0
576 57 0
576 58 0
576 59 0
576 60 366
576 61 0
576 62 0
576 63 55
576 64 39
576 65 12
576 66 22
576 67 36
576 68 81
576 69 0
576 70 162
576 71 0
576 72 40
576 73 0
576 74 37
576 75 0
576 76 32
576 77 0
576 78 0
576 79 0
576 80 29
576 81 0
576 82 0
576 83 0
576 84 0
576 85 0
576 86 0
576 87 0
576 88 0
576 89 0
576 90 121
576 91 0
576 92 0
576 93 0
576 94 0
576 95 0
601 1 131
601 2 0
601 3 0
601 4 0
601 5 37
601 6 0
601 7 255
601 8 0
601 9 0
601 10 0
601 11 0
601 12 294
601 13 0
601 14 40
601 15 0
601 16 0
601 17 0
601 18 122
601 19 33
601 20 0
601 21 0
601 22 0
601 23 0
601 24 0
601 25 40
601 26 0
601 27 0
601 28 26
601 29 0
601 30 38
601 31 74
601 32 0
601 33 0
601 34 159
601 35 29
601 36 40
601 37 0
601 38 0
601 39 0
601 40 0
601 41 0
601 42 40
601 43 0
601 44 59
601 45 0
601 46 0
601 47 73
601 48 51
601 49 0
601 50 0
601 51 19
601 52 0
601 53 47
601 54 306
601 55 0
601 56 0
601 57 0
601 58 0
601 59 0
601 60 360
601 61 0
601 62 0
601 63 59
601 64 36
601 65 14
601 66 22
601 67 37
601 68 82
601 69 0
601 70 160
601 71 0
601 72 37
601 73 0
601 74 40
601 75 0
601 76 30
601 77 0
601 78 0
601 79 0
601 80 30
601 81 0
601 82 0
601 83 0
601 84 0
601 85 0
601 86 0
601 87 0
601 88 0
601 89 0
601 90 126
601 91 0
601 92 0
601 93 0
601 94 0
601 95 0
626 1 133
626 2 0
626 3 0
626 4 0
626 5 31
626 6 0
626 7 261
626 8 0
626 9 0
626 10 0
626 11 0
626 12 303
626 13 0
626 14 41
626 15 0
626 16 0
626 17 0
626 18 126
626 19 38
626 20 0
626 21 0
626 22 0
626 23 0
626 24 0
626 25 36
626 26 0
626 27 0
626 28 25
626 29 0
626 30 40
626 31 81
626 32 0
626 33 0
626 34 168
626 35 25
626 36 37
626 37 0
626 38 0
626 39 0
626 40 0
626 41 0
626 42 41
626 43 0
626 44 73
626 45 0
626 46 0
626 47 81
626 48 43
626 49 0
626 50 0
626 51 28
626 52 0
626 53 38
626 54 320
626 55 0
626 56 0
626 57 0
626 58 0
626 59 0
626 60 359
626 61 0
626 62 0
626 63 48
626 64 34
626 65 19
626 66 14
626 67 32
626 68 83
626 69 0
626 70 163
626 71 0
626 72 41
626 73 0
626 74 41
626 75 0
626 76 33
626 77 0
626 78 0
626 79 0
626 80 31
626 81 0
626 82 0
626 83 0
626 84 0
626 85 0
626 86 0
626 87 0
626 88 0
626 89 0
626 90 119
626 91 0
626 92 0
626 93 0
626 94 0
626 95 0
651 1 127
651 2 0
651 3 0
651 4 0
651 5 40
651 6 0
651 7 252
651 8 0
651 9 0
651 10 0
651 11 0
651 12 308
651 13 0
651 14 40
651 15 0
651 16 0
651 17 0
651 18 122
651 19 36
651 20 0
651 21 0
651 22 0
651 23 0
651 24 0
651 25 41
651 26 0
651 27 0
651 28 14
651 29 0
651 30 38
651 31 77
651 32 0
651 33 0
651 34 158
651 35 45
651 36 37
651 37 0
651 38 0
651 39 0
651 40 0
651 41 0
651 42 43
651 43 0
651 44 77
651 45 0
651 46 0
651 47 77
651 48 60
651 49 0
651 50 0
651 51 24
651 52 0
651 53 40
651 54 307
651 55 0
651 56 0
651 57 0
651 58 0
651 59 0
651 60 358
651 61 0
651 62 0
651 63 63
651 64 29
651 65 19
651 66 17
651 67 38
651 68 75
651 69 0
651 70 154
651 71 0
651 72 39
651 73 0
651 74 35
651 75 0
651 76 30
651 77 0
651 78 0
651 79 0
651 80 28
651 81 0
651 82 0
651 83 0
651 84 0
651 85 0
651 86 0
651 87 0
651 88 0
651 89 0
651 90 126
651 91 0
651 92 0
651 93 0
651 94 0
651 95 0
676 1 137
676 2 0
676 3 0
676 4 0
676 5 41
676 6 0
676 7 260
676 8 0
676 9 0
676 10 0
676 11 0
676 12 318
676 13 0
676 14 30
676 15 0
676 16 0
676 17 0
676 18 134
676 19 38
676 20 0
676 21 0
676 22 0
676 23 0
676 24 0
676 25 41
676 26 0
676 27 0
676 28 19
676 29 0
676 30 48
676 31 79
676 32 0
676 33 0
676 34 170
676 35 33
676 36 41
676 37 0
676 38 0
676 39 0
676 40 0
676 41 0
676 42 38
676 43 0
676 44 76
676 45 0
676 46 0
676 47 80
676 48 50
676 49 0
676 50 0
676 51 26
676 52 0
676 53 39
676 54 303
676 55 0
676 56 0
676 57 0
676 58 0
676 59 0
676 60 373
676 61 0
676 62 0
676 63 48
676 64 32
676 65 18
676 66 14
676 67 37
676 68 79
676 69 0
676 70 160
676 71 0
676 72 41
676 73 0
676 74 39
676 75 0
676 76 29
676 77 0
676 78 0
676 79 0
676 80 31
676 81 0
676 82 0
676 83 0
676 84 0
676 85 0
676 86 0
676 87 0
676 88 0
676 89 0
676 90 120
676 91 0
676 92 0
676 93 0
676 94 0
676 95 0
701 1 124
701 2 0
701 3 0
701 4 0
701 5 42
701 6 0
701 7 271
701 8 0
701 9 0
701 10 0
701 11 0
701 12 306
701 13 0
701 14 39
701 15 0
701 16 0
701 17 0
701 18 129
701 19 36
701 20 0
701 21 0
701 22 0
701 23 0
701 24 0
701 25 31
701 26 0
701 27 0
701 28 13
701 29 0
701 30 40
701 31 62
701 32 0
701 33 0
701 34 160
701 35 44
701 36 40
701 37 0
701 38 0
701 39 0
701 40 0
701 41 0
701 42 39
701 43 0
701 44 67
701 45 0
701 46 0
701 47 86
701 48 48
701 49 0
701 50 0
701 51 24
701 52 0
701 53 39
701 54 317
701 55 0
701 56 0
701 57 0
701 58 0
701 59 0
701 60 363
701 61 0
701 62 0
701 63 48
701 64 29
701 65 17
701 66 17
701 67 31
701 68 87
701 69 0
701 70 151
701 71 0
701 72 39
701 73 0
701 74 40
701 75 0
701 76 30
701 77 0
701 78 0
701 79 0
701 80 31
701 81 0
701 82 0
701 83 0
701 84 0
701 85 0
701 86 0
701 87 0
701 88 0
701 89 0
701 90 123
701 91 0
701 92 0
701 93 0
701 94 0
701 95 0
726 1 137
726 2 0
726 3 0
726 4 0
726 5 36
726 6 0
726 7 268
726 8 0
726 9 0
726 10 0
726 11 0
726 12 295
726 13 0
726 14 34
726 15 0
726 16 0
726 17 0
726 18 116
726 19 39
726 20 0
726 21 0
726 22 0
726 23 0
726 24 0
726 25 35
726 26 0
726 27 0
726 28 19
726 29 0
726 30 39
726 31 63
726 32 0
726 33 0
726 34 156
726 35 33
726 36 38
726 37 0
726 38 0
726 39 0
726 40 0
726 41 0
726 42 40
726 43 0
726 44 54
726 45 0
726 46 0
726 47 78
726 48 55
726 49 0
726 50 0
726 51 20
726 52 0
726 53 41
726 54 316
726 55 0
726 56 0
726 57 0
726 58 0
726 59 0
726 60 356
726 61 0
726 62 0
726 63 56
726 64 34
726 65 13
726 66 17
726 67 33
726 68 89
726 69 0
726 70 160
726 71 0
726 72 40
726 73 0
726 74 40
726 75 0
726 76 35
726 77 0
726 78 0
726 79 0
726 80 27
726 81 0
726 82 0
726 83 0
726 84 0
726 85 0
726 86 0
726 87 0
726 88 0
726 89 0
726 90 128
726 91 0
726 92 0
726 93 0
726 94 0
726 95 0
751 1 127
751 2 0
751 3 0
751 4 0
751 5 39
751 6 0
751 7 253
751 8 0
751 9 0
751 10 0
751 11 0
751 12 306
751 13 0
751 14 37
751 15 0
751 16 0
751 17 0
751 18 120
751 19 37
751 20 0
751 21 0
751 22 0
751 23 0
751 24 0
751 25 37
751 26 0
751 27 0
751 28 26
751 29 0
751 30 42
751 31 73
751 32 0
751 33 0
751 34 166
751 35 30
751 36 39
751 37 0
751 38 0
751 39 0
751 40 0
751 41 0
751 42 40
751 43 0
751 44 56
751 45 0
751 46 0
751 47 82
751 48 57
751 49 0
751 50 0
751 51 30
751 52 0
751 53 38
751 54 331
751 55 0
751 56 0
751 57 0
751 58 0
751 59 0
751 60 358
751 61 0
751 62 0
751 63 49
751 64 30
751 65 17
751 66 15
751 67 31
751 68 87
751 69 0
751 70 158
751 71 0
751 72 43
751 73 0
751 74 35
751 75 0
751 76 30
751 77 0
751 78 0
751 79 0
751 80 28
751 81 0
751 82 0
751 83 0
751 84 0
751 85 0
751 86 0
751 87 0
751 88 0
751 89 0
751 90 122
751 91 0
751 92 0
751 93 0
751 94 0
751 95 0
776 1 125
776 2 0
776 3 0
776 4 0
776 5 39
776 6 0
776 7 259
776 8 0
776 9 0
776 10 0
776 11 0
776 12 299
776 13 0
776 14 40
776 15 0
776 16 0
776 17 0
776 18 118
776 19 38
776 20 0
776 21 0
776 22 0
776 23 0
776 24 0
776 25 33
776 26 0
776 27 0
776 28 24
776 29 0
776 30 38
776 31 71
776 32 0
776 33 0
776 34 156
776 35 39
776 36 38
776 37 0
776 38 0
776 39 0
776 40 0
776 41 0
776 42 40
776 43 0
776 44 52
776 45 0
776 46 0
776 47 82
776 48 57
776 49 0
776 50 0
776 51 23
776 52 0
776 53 37
776 54 308
776 55 0
776 56 0
776 57 0
776 58 0
776 59 0
776 60 360
776 61 0
776 62 0
776 63 51
776 64 29
776 65 11
776 66 25
776 67 40
776 68 82
776 69 0
776 70 153
776 71 0
776 72 39
776 73 0
776 74 40
776 75 0
776 76 35
776 77 0
776 78 0
776 79 0
776 80 23
776 81 0
776 82 0
776 83 0
776 84 0
776 85 0
776 86 0
776 87 0
776 88 0
776 89 0
776 90 124
776 91 0
776 92 0
776 93 0
776 94 0
776 95 0
801 1 119
801 2 0
801 3 0
801 4 0
801 5 36
801 6 0
801 7 251
801 8 0
801 9 0
801 10 0
801 11 0
801 12 302
801 13 0
801 14 39
801 15 0
801 16 0
801 17 0
801 18 127
801 19 38
801 20 0
801 21 0
801 22 0
801 23 0
801 24 0
801 25 36
801 26 0
801 27 0
801 28 34
801 29 0
801 30 42
801 31 76
801 32 0
801 33 0
801 34 161
801 35 37
801 36 40
801 37 0
801 38 0
801 39 0
801 40 0
801 41 0
801 42 31
801 43 0
801 44 72
801 45 0
801 46 0
801 47 72
801 48 56
801 49 0
801 50 0
801 51 25
801 52 0
801 53 41
801 54 330
801 55 0
801 56 0
801 57 0
801 58 0
801 59 0
801 60 351
801 61 0
801 62 0
801 63 69
801 64 37
801 65 13
801 66 18
801 67 28
801 68 83
801 69 0
801 70 158
801 71 0
801 72 45
801 73 0
801 74 40
801 75 0
801 76 29
801 77 0
801 78 0
801 79 0
801 80 22
801 81 0
801 82 0
801 83 0
801 84 0
801 85 0
801 86 0
801 87 0
801 88 0
801 89 0
801 90 121
801 91 0
801 92 0
801 93 0
801 94 0
801 95 0
826 1 128
826 2 0
826 3 0
826 4 0
826 5 34
826 6 0
826 7 258
826 8 0
826 9 0
826 10 0
826 11 0
826 12 288
826 13 0
826 14 36
826 15 0
826 16 0
826 17 0
826 18 129
826 19 38
826 20 0
826 21 0
826 22 0
826 23 0
826 24 0
826 25 44
826 26 0
826 27 0
826 28 25
826 29 0
826 30 43
826 31 73
826 32 0
826 33 0
826 34 148
826 35 38
826 36 38
826 37 0
826 38 0
826 39 0
826 40 0
826 41 0
826 42 42
826 43 0
826 44 60
826 45 0
826 46 0
826 47 83
826 48 58
826 49 0
826 50 0
826 51 31
826 52 0
826 53 38
826 54 305
826 55 0
826 56 0
826 57 0
826 58 0
826 59 0
826 60 356
826 61 0
826 62 0
826 63 56
826 64 30
826 65 10
826 66 20
826 67 41
826 68 82
826 69 0
826 70 160
826 71 0
826 72 40
826 73 0
826 74 38
826 75 0
826 76 32
826 77 0
826 78 0
826 79 0
826 80 29
826 81 0
826 82 0
826 83 0
826 84 0
826 85 0
826 86 0
826 87 0
826 88 0
826 89 0
826 90 120
826 91 0
826 92 0
826 93 0
826 94 0
826 95 0
851 1 126
851 2 0
851 3 0
851 4 0
851 5 41
851 6 0
851 7 273
851 8 0
851 9 0
851 10 0
851 11 0
851 12 295
851 13 0
851 14 40
851 15 0
851 16 0
851 17 0
851 18 117
851 19 38
851 20 0
851 21 0
851 22 0
851 23 0
851 24 0
851 25 43
851 26 0
851 27 0
851 28 24
851 29 0
851 30 43
851 31 75
851 32 0
851 33 0
851 34 164
851 35 43
851 36 39
851 37 0
851 38 0
851 39 0
851 40 0
851 41 0
851 42 39
851 43 0
851 44 56
851 45 0
851 46 0
851 47 81
851 48 53
851 49 0
851 50 0
851 51 25
851 52 0
851 53 37
851 54 304
851 55 0
851 56 0
851 57 0
851 58 0
851 59 0
851 60 373
851 61 0
851 62 0
851 63 61
851 64 36
851 65 12
851 66 23
851 67 32
851 68 93
851 69 0
851 70 163
851 71 0
851 72 39
851 73 0
851 74 37
851 75 0
851 76 29
851 77 0
851 78 0
851 79 0
851 80 31
851 81 0
851 82 0
851 83 0
851 84 0
851 85 0
851 86 0
851 87 0
851 88 0
851 89 0
851 90 121
851 91 0
851 92 0
851 93 0
851 94 0
851 95 0
876 1 142
876 2 0
876 3 0
876 4 0
876 5 40
876 6 0
876 7 253
876 8 0
876 9 0
876 10 0
876 11 0
876 12 303
876 13 0
876 14 39
876 15 0
876 16 0
876 17 0
876 18 124
876 19 37
876 20 0
876 21 0
876 22 0
876 23 0
876 24 0
876 25 34
876 26 0
876 27 0
876 28 24
876 29 0
876 30 40
876 31 75
876 32 0
876 33 0
876 34 152
876 35 29
876 36 40
876 37 0
876 38 0
876 39 0
876 40 0
876 41 0
876 42 38
876 43 0
876 44 67
876 45 0
876 46 0
876 47 83
876 48 52
876 49 0
876 50 0
876 51 32
876 52 0
876 53 40
876 54 323
876 55 0
876 56 0
876 57 0
876 58 0
876 59 0
876 60 359
876 61 0
876 62 0
876 63 47
876 64 30
876 65 20
876 66 20
876 67 30
876 68 80
876 69 0
876 70 162
876 71 0
876 72 40
876 73 0
876 74 40
876 75 0
876 76 38
876 77 0
876 78 0
876 79 0
876 80 31
876 81 0
876 82 0
876 83 0
876 84 0
876 85 0
876 86 0
876 87 0
876 88 0
876 89 0
876 90 126
876 91 0
876 92 0
876 93 0
876 94 0
876 95 0
901 1 132
901 2 0
901 3 0
901 4 0
901 5 40
901 6 0
901 7 277
901 8 0
901 9 0
901 10 0
901 11 0
901 12 306
901 13 0
901 14 40
901 15 0
901 16 0
901 17 0
901 18 128
901 19 36
901 20 0
901 21 0
901 22 0
901 23 0
901 24 0
901 25 30
901 26 0
901 27 0
901 28 21
901 29 0
901 30 40
901 31 77
901 32 0
901 33 0
901 34 161
901 35 24
901 36 44
901 37 0
901 38 0
901 39 0
901 40 0
901 41 0
901 42 35
901 43 0
901 44 64
901 45 0
901 46 0
901 47 69
901 48 47
901 49 0
901 50 0
901 51 29
901 52 0
901 53 40
901 54 311
901 55 0
901 56 0
901 57 0
901 58 0
901 59 0
901 60 363
901 61 0
901 62 0
901 63 60
901 64 30
901 65 21
901 66 23
901 67 30
901 68 84
901 69 0
901 70 161
901 71 0
901 72 38
901 73 0
901 74 40
901 75 0
901 76 29
901 77 0
901 78 0
901 79 0
901 80 29
901 81 0
901 82 0
901 83 0
901 84 0
901 85 0
901 86 0
901 87 0
901 88 0
901 89 0
901 90 121
901 91 0
901 92 0
901 93 0
901 94 0
901 95 0
926 1 121
926 2 0
926 3 0
926 4 0
926 5 37
926 6 0
926 7 274
926 8 0
926 9 0
926 10 0
926 11 0
926 12 311
926 13 0
926 14 39
926 15 0
926 16 0
926 17 0
926 18 117
926 19 39
926 20 0
926 21 0
926 22 0
926 23 0
926 24 0
926 25 38
926 26 0
926 27 0
926 28 28
926 29 0
926 30 33
926 31 69
926 32 0
926 33 0
926 34 152
926 35 41
926 36 39
926 37 0
926 38 0
926 39 0
926 40 0
926 41 0
926 42 43
926 43 0
926 44 47
926 45 0
926 46 0
926 47 80
926 48 53
926 49 0
926 50 0
926 51 22
926 52 0
926 53 38
926 54 308
926 55 0
926 56 0
926 57 0
926 58 0
926 59 0
926 60 363
926 61 0
926 62 0
926 63 56
926 64 35
926 65 10
926 66 25
926 67 31
926 68 85
926 69 0
926 70 152
926 71 0
926 72 39
926 73 0
926 74 43
926 75 0
926 76 34
926 77 0
926 78 0
926 79 0
926 80 29
926 81 0
926 82 0
926 83 0
926 84 0
926 85 0
926 86 0
926 87 0
926 88 0
926 89 0
926 90 123
926 91 0
926 92 0
926 93 0
926 94 0
926 95 0
951 1 130
951 2 0
951 3 0
951 4 0
951 5 41
951 6 0
951 7 273
951 8 0
951 9 0
951 10 0
951 11 0
951 12 300
951 13 0
951 14 36
951 15 0
951 16 0
951 17 0
951 18 120
951 19 43
951 20 0
951 21 0
951 22 0
951 23 0
951 24 0
951 25 34
951 26 0
951 27 0
951 28 24
951 29 0
951 30 40
951 31 67
951 32 0
951 33 0
951 34 162
951 35 39
951 36 30
951 37 0
951 38 0
951 39 0
951 40 0
951 41 0
951 42 40
951 43 0
951 44 57
951 45 0
951 46 0
951 47 78
951 48 55
951 49 0
951 50 0
951 51 25
951 52 0
951 53 40
951 54 313
951 55 0
951 56 0
951 57 0
951 58 0
951 59 0
951 60 369
951 61 0
951 62 0
951 63 54
951 64 39
951 65 11
951 66 18
951 67 29
951 68 78
951 69 0
951 70 156
951 71 0
951 72 39
951 73 0
951 74 34
951 75 0
951 76 34
951 77 0
951 78 0
951 79 0
951 80 31
951 81 0
951 82 0
951 83 0
951 84 0
951 85 0
951 86 0
951 87 0
951 88 0
951 89 0
951 90 128
951 91 0
951 92 0
951 93 0
951 94 0
951 95 0
976 1 141
976 2 0
976 3 0
976 4 0
976 5 38
976 6 0
976 7 262
976 8 0
976 9 0
976 10 0
976 11 0
976 12 295
976 13 0
976 14 36
976 15 0
976 16 0
976 17 0
976 18 119
976 19 44
976 20 0
976 21 0
976 22 0
976 23 0
976 24 0
976 25 41
976 26 0
976 27 0
976 28 22
976 29 0
976 30 38
976 31 67
976 32 0
976 33 0
976 34 163
976 35 33
976 36 42
976 37 0
976 38 0
976 39 0
976 40 0
976 41 0
976 42 39
976 43 0
976 44 59
976 45 0
976 46 0
976 47 78
976 48 57
976 49 0
976 50 0
976 51 27
976 52 0
976 53 38
976 54 314
976 55 0
976 56 0
976 57 0
976 58 0
976 59 0
976 60 357
976 61 0
976 62 0
976 63 52
976 64 25
976 65 16
976 66 20
976 67 33
976 68 81
976 69 0
976 70 153
976 71 0
976 72 39
976 73 0
976 74 39
976 75 0
976 76 30
976 77 0
976 78 0
976 79 0
976 80 31
976 81 0
976 82 0
976 83 0
976 84 0
976 85 0
976 86 0
976 87 0
976 88 0
976 89 0
976 90 120
976 91 0
976 92 0
976 93 0
976 94 0
976 95 0
1001 1 128
1001 2 0
1001 3 0
1001 4 0
1001 5 40
1001 6 0
1001 7 271
1001 8 0
1001 9 0
1001 10 0
1001 11 0
1001 12 297
1001 13 0
1001 14 37
1001 15 0
1001 16 0
1001 17 0
1001 18 121
1001 19 38
1001 20 0
1001 21 0
1001 22 0
1001 23 0
1001 24 0
1001 25 41
1001 26 0
1001 27 0
1001 28 22
1001 29 0
1001 30 30
1001 31 74
1001 32 0
1001 33 0
1001 34 165
1001 35 45
1001 36 43
1001 37 0
1001 38 0
1001 39 0
1001 40 0
1001 41 0
1001 42 40
1001 43 0
1001 44 50
1001 45 0
1001 46 0
1001 47 77
1001 48 56
1001 49 0
1001 50 0
1001 51 24
1001 52 0
1001 53 37
1001 54 312
1001 55 0
1001 56 0
1001 57 0
1001 58 0
1001 59 0
1001 60 346
1001 61 0
1001 62 0
1001 63 57
1001 64 35
1001 65 18
1001 66 25
1001 67 38
1001 68 81
1001 69 0
1001 70 162
1001 71 0
1001 72 41
1001 73 0
1001 74 38
1001 75 0
1001 76 32
1001 77 0
1001 78 0
1001 79 0
1001 80 36
1001 81 0
1001 82 0
1001 83 0
1001 84 0
1001 85 0
1001 86 0
1001 87 0
1001 88 0
1001 89 0
1001 90 126
1001 91 0
1001 92 0
1001 93 0
1001 94 0
1001 95 0
1026 1 134
1026 2 0
1026 3 0
1026 4 0
1026 5 41
1026 6 0
1026 7 253
1026 8 0
1026 9 0
1026 10 0
1026 11 0
1026 12 304
1026 13 0
1026 14 31
1026 15 0
1026 16 0
1026 17 0
1026 18 120
1026 19 40
1026 20 0
1026 21 0
1026 22 0
1026 23 0
1026 24 0
1026 25 37
1026 26 0
1026 27 0
1026 28 16
1026 29 0
1026 30 34
1026 31 74
1026 32 0
1026 33 0
1026 34 162
1026 35 41
1026 36 41
1026 37 0
1026 38 0
1026 39 0
1026 40 0
1026 41 0
1026 42 36
1026 43 0
1026 44 75
1026 45 0
1026 46 0
1026 47 74
1026 48 58
1026 49 0
1026 50 0
1026 51 27
1026 52 0
1026 53 36
1026 54 308
1026 55 0
1026 56 0
1026 57 0
1026 58 0
1026 59 0
1026 60 353
1026 61 0
1026 62 0
1026 63 57
1026 64 32
1026 65 16
1026 66 20
1026 67 31
1026 68 99
1026 69 0
1026 70 157
1026 71 0
1026 72 39
1026 73 0
1026 74 40
1026 75 0
1026 76 38
1026 77 0
1026 78 0
1026 79 0
1026 80 29
1026 81 0
1026 82 0
1026 83 0
1026 84 0
1026 85 0
1026 86 0
1026 87 0
1026 88 0
1026 89 0
1026 90 119
1026 91 0
1026 92 0
1026 93 0
1026 94 0
1026 95 0
1051 1 126
1051 2 0
1051 3 0
1051 4 0
1051 5 40
1051 6 0
1051 7 261
1051 8 0
1051 9 0
1051 10 0
1051 11 0
1051 12 307
1051 13 0
1051 14 36
1051 15 0
1051 16 0
1051 17 0
1051 18 122
1051 19 38
1051 20 0
1051 21 0
1051 22 0
1051 23 0
1051 24 0
1051 25 41
1051 26 0
1051 27 0
1051 28 24
1051 29 0
1051 30 41
1051 31 71
1051 32 0
1051 33 0
1051 34 163
1051 35 46
1051 36 38
1051 37 0
1051 38 0
1051 39 0
1051 40 0
1051 41 0
1051 42 45
1051 43 0
1051 44 68
1051 45 0
1051 46 0
1051 47 81
1051 48 55
1051 49 0
1051 50 0
1051 51 29
1051 52 0
1051 53 34
1051 54 335
1051 55 0
1051 56 0
1051 57 0
1051 58 0
1051 59 0
1051 60 350
1051 61 0
1051 62 0
1051 63 33
1051 64 34
1051 65 12
1051 66 21
1051 67 33
1051 68 82
1051 69 0
1051 70 156
1051 71 0
1051 72 39
1051 73 0
1051 74 35
1051 75 0
1051 76 28
1051 77 0
1051 78 0
1051 79 0
1051 80 30
1051 81 0
1051 82 0
1051 83 0
1051 84 0
1051 85 0
1051 86 0
1051 87 0
1051 88 0
1051 89 0
1051 90 116
1051 91 0
1051 92 0
1051 93 0
1051 94 0
1051 95 0
1076 1 134
1076 2 0
1076 3 0
1076 4 0
1076 5 39
1076 6 0
1076 7 246
1076 8 0
1076 9 0
1076 10 0
1076 11 0
1076 12 301
1076 13 0
1076 14 38
1076 15 0
1076 16 0
1076 17 0
1076 18 124
1076 19 41
1076 20 0
1076 21 0
1076 22 0
1076 23 0
1076 24 0
1076 25 40
1076 26 0
1076 27 0
1076 28 28
1076 29 0
1076 30 39
1076 31 77
1076 32 0
1076 33 0
1076 34 158
1076 35 35
1076 36 39
1076 37 0
1076 38 0
1076 39 0
1076 40 0
1076 41 0
1076 42 40
1076 43 0
1076 44 59
1076 45 0
1076 46 0
1076 47 82
1076 48 53
1076 49 0
1076 50 0
1076 51 24
1076 52 0
1076 53 39
1076 54 338
1076 55 0
1076 56 0
1076 57 0
1076 58 0
1076 59 0
1076 60 370
1076 61 0
1076 62 0
1076 63 41
1076 64 40
1076 65 13
1076 66 25
1076 67 35
1076 68 78
1076 69 0
1076 70 154
1076 71 0
1076 72 38
1076 73 0
1076 74 39
1076 75 0
1076 76 30
1076 77 0
1076 78 0
1076 79 0
1076 80 33
1076 81 0
1076 82 0
1076 83 0
1076 84 0
1076 85 0
1076 86 0
1076 87 0
1076 88 0
1076 89 0
1076 90 119
1076 91 0
1076 92 0
1076 93 0
1076 94 0
1076 95 0
1101 1 145
1101 2 0
1101 3 0
1101 4 0
1101 5 40
1101 6 0
1101 7 257
1101 8 0
1101 9 0
1101 10 0
1101 11 0
1101 12 300
1101 13 0
1101 14 41
1101 15 0
1101 16 0
1101 17 0
1101 18 122
1101 19 31
1101 20 0
1101 21 0
1101 22 0
1101 23 0
1101 24 0
1101 25 38
1101 26 0
1101 27 0
1101 28 21
1101 29 0
1101 30 37
1101 31 69
1101 32 0
1101 33 0
1101 34 162
1101 35 21
1101 36 40
1101 37 0
1101 38 0
1101 39 0
1101 40 0
1101 41 0
1101 42 42
1101 43 0
1101 44 71
1101 45 0
1101 46 0
1101 47 91
1101 48 58
1101 49 0
1101 50 0
1101 51 24
1101 52 0
1101 53 39
1101 54 321
1101 55 0
1101 56 0
1101 57 0
1101 58 0
1101 59 0
1101 60 367
1101 61 0
1101 62 0
1101 63 49
1101 64 34
1101 65 22
1101 66 19
1101 67 34
1101 68 80
1101 69 0
1101 70 160
1101 71 0
1101 72 40
1101 73 0
1101 74 36
1101 75 0
1101 76 31
1101 77 0
1101 78 0
1101 79 0
1101 80 23
1101 81 0
1101 82 0
1101 83 0
1101 84 0
1101 85 0
1101 86 0
1101 87 0
1101 88 0
1101 89 0
1101 90 123
1101 91 0
1101 92 0
1101 93 0
1101 94 0
1101 95 0
1126 1 117
1126 2 0
1126 3 0
1126 4 0
1126 5 38
1126 6 0
1126 7 256
1126 8 0
1126 9 0
1126 10 0
1126 11 0
1126 12 305
1126 13 0
1126 14 39
1126 15 0
1126 16 0
1126 17 0
1126 18 124
1126 19 38
1126 20 0
1126 21 0
1126 22 0
1126 23 0
1126 24 0
1126 25 38
1126 26 0
1126 27 0
1126 28 22
1126 29 0
1126 30 38
1126 31 70
1126 32 0
1126 33 0
1126 34 160
1126 35 46
1126 36 37
1126 37 0
1126 38 0
1126 39 0
1126 40 0
1126 41 0
1126 42 38
1126 43 0
1126 44 55
1126 45 0
1126 46 0
1126 47 83
1126 48 60
1126 49 0
1126 50 0
1126 51 20
1126 52 0
1126 53 42
1126 54 305
1126 55 0
1126 56 0
1126 57 0
1126 58 0
1126 59 0
1126 60 354
1126 61 0
1126 62 0
1126 63 57
1126 64 32
1126 65 11
1126 66 22
1126 67 41
1126 68 71
1126 69 0
1126 70 156
1126 71 0
1126 72 38
1126 73 0
1126 74 40
1126 75 0
1126 76 32
1126 77 0
1126 78 0
1126 79 0
1126 80 29
1126 81 0
1126 82 0
1126 83 0
1126 84 0
1126 85 0
1126 86 0
1126 87 0
1126 88 0
1126 89 0
1126 90 115
1126 91 0
1126 92 0
1126 93 0
1126 94 0
1126 95 0
1151 1 129
1151 2 0
1151 3 0
1151 4 0
1151 5 39
1151 6 0
1151 7 254
1151 8 0
1151 9 0
1151 10 0
1151 11 0
1151 12 315
1151 13 0
1151 14 37
1151 15 0
1151 16 0
1151 17 0
1151 18 125
1151 19 39
1151 20 0
1151 21 0
1151 22 0
1151 23 0
1151 24 0
1151 25 39
1151 26 0
1151 27 0
1151 28 22
1151 29 0
1151 30 39
1151 31 93
1151 32 0
1151 33 0
1151 34 152
1151 35 41
1151 36 38
1151 37 0
1151 38 0
1151 39 0
1151 40 0
1151 41 0
1151 42 41
1151 43 0
1151 44 68
1151 45 0
1151 46 0
1151 47 80
1151 48 44
1151 49 0
1151 50 0
1151 51 17
1151 52 0
1151 53 40
1151 54 311
1151 55 0
1151 56 0
1151 57 0
1151 58 0
1151 59 0
1151 60 350
1151 61 0
1151 62 0
1151 63 54
1151 64 33
1151 65 19
1151 66 18
1151 67 33
1151 68 84
1151 69 0
1151 70 152
1151 71 0
1151 72 38
1151 73 0
1151 74 39
1151 75 0
1151 76 37
1151 77 0
1151 78 0
1151 79 0
1151 80 25
1151 81 0
1151 82 0
1151 83 0
1151 84 0
1151 85 0
1151 86 0
1151 87 0
1151 88 0
1151 89 0
1151 90 115
1151 91 0
1151 92 0
1151 93 0
1151 94 0
1151 95 0
1176 1 132
1176 2 0
1176 3 0
1176 4 0
1176 5 32
1176 6 0
1176 7 247
1176 8 0
1176 9 0
1176 10 0
1176 11 0
1176 12 306
1176 13 0
1176 14 41
1176 15 0
1176 16 0
1176 17 0
1176 18 122
1176 19 36
1176 20 0
1176 21 0
1176 22 0
1176 23 0
1176 24 0
1176 25 37
1176 26 0
1176 27 0
1176 28 20
1176 29 0
1176 30 40
1176 31 68
1176 32 0
1176 33 0
1176 34 163
1176 35 44
1176 36 40
1176 37 0
1176 38 0
1176 39 0
1176 40 0
1176 41 0
1176 42 40
1176 43 0
1176 44 63
1176 45 0
1176 46 0
1176 47 77
1176 48 52
1176 49 0
1176 50 0
1176 51 28
1176 52 0
1176 53 42
1176 54 303
1176 55 0
1176 56 0
1176 57 0
1176 58 0
1176 59 0
1176 60 350
1176 61 0
1176 62 0
1176 63 54
1176 64 29
1176 65 16
1176 66 22
1176 67 32
1176 68 82
1176 69 0
1176 70 154
1176 71 0
1176 72 40
1176 73 0
1176 74 39
1176 75 0
1176 76 31
1176 77 0
1176 78 0
1176 79 0
1176 80 25
1176 81 0
1176 82 0
1176 83 0
1176 84 0
1176 85 0
1176 86 0
1176 87 0
1176 88 0
1176 89 0
1176 90 120
1176 91 0
1176 92 0
1176 93 0
1176 94 0
1176 95 0
1201 1 140
1201 2 0
1201 3 0
1201 4 0
1201 5 39
1201 6 0
1201 7 263
1201 8 0
1201 9 0
1201 10 0
1201 11 0
1201 12 300
1201 13 0
1201 14 38
1201 15 0
1201 16 0
1201 17 0
1201 18 120
1201 19 40
1201 20 0
1201 21 0
1201 22 0
1201 23 0
1201 24 0
1201 25 34
1201 26 0
1201 27 0
1201 28 24
1201 29 0
1201 30 37
1201 31 72
1201 32 0
1201 33 0
1201 34 160
1201 35 28
1201 36 41
1201 37 0
1201 38 0
1201 39 0
1201 40 0
1201 41 0
1201 42 40
1201 43 0
1201 44 66
1201 45 0
1201 46 0
1201 47 76
1201 48 56
1201 49 0
1201 50 0
1201 51 24
1201 52 0
1201 53 41
1201 54 315
1201 55 0
1201 56 0
1201 57 0
1201 58 0
1201 59 0
1201 60 372
1201 61 0
1201 62 0
1201 63 48
1201 64 37
1201 65 16
1201 66 21
1201 67 32
1201 68 77
1201 69 0
1201 70 152
1201 71 0
1201 72 41
1201 73 0
1201 74 41
1201 75 0
1201 76 33
1201 77 0
1201 78 0
1201 79 0
1201 80 25
1201 81 0
1201 82 0
1201 83 0
1201 84 0
1201 85 0
1201 86 0
1201 87 0
1201 88 0
1201 89 0
1201 90 116
1201 91 0
1201 92 0
1201 93 0
1201 94 0
1201 95 0
1226 1 134
1226 2 0
1226 3 0
1226 4 0
1226 5 40
1226 6 0
1226 7 270
1226 8 0
1226 9 0
1226 10 0
1226 11 0
1226 12 313
1226 13 0
1226 14 41
1226 15 0
1226 16 0
1226 17 0
1226 18 127
1226 19 40
1226 20 0
1226 21 0
1226 22 0
1226 23 0
1226 24 0
1226 25 41
1226 26 0
1226 27 0
1226 28 18
1226 29 0
1226 30 37
1226 31 69
1226 32 0
1226 33 0
1226 34 154
1226 35 33
1226 36 41
1226 37 0
1226 38 0
1226 39 0
1226 40 0
1226 41 0
1226 42 39
1226 43 0
1226 44 56
1226 45 0
1226 46 0
1226 47 83
1226 48 58
1226 49 0
1226 50 0
1226 51 27
1226 52 0
1226 53 36
1226 54 322
1226 55 0
1226 56 0
1226 57 0
1226 58 0
1226 59 0
1226 60 354
1226 61 0
1226 62 0
1226 63 54
1226 64 31
1226 65 20
1226 66 20
1226 67 40
1226 68 80
1226 69 0
1226 70 155
1226 71 0
1226 72 39
1226 73 0
1226 74 37
1226 75 0
1226 76 30
1226 77 0
1226 78 0
1226 79 0
1226 80 28
1226 81 0
1226 82 0
1226 83 0
1226 84 0
1226 85 0
1226 86 0
1226 87 0
1226 88 0
1226 89 0
1226 90 123
1226 91 0
1226 92 0
1226 93 0
1226 94 0
1226 95 0
1251 1 131
1251 2 0
1251 3 0
1251 4 0
1251 5 37
1251 6 0
1251 7 263
1251 8 0
1251 9 0
1251 10 0
1251 11 0
1251 12 298
1251 13 0
1251 14 39
1251 15 0
1251 16 0
1251 17 0
1251 18 120
1251 19 41
1251 20 0
1251 21 0
1251 22 0
1251 23 0
1251 24 0
1251 25 38
1251 26 0
1251 27 0
1251 28 14
1251 29 0
1251 30 40
1251 31 74
1251 32 0
1251 33 0
1251 34 172
1251 35 36
1251 36 43
1251 37 0
1251 38 0
1251 39 0
1251 40 0
1251 41 0
1251 42 40
1251 43 0
1251 44 68
1251 45 0
1251 46 0
1251 47 78
1251 48 53
1251 49 0
1251 50 0
1251 51 25
1251 52 0
1251 53 41
1251 54 303
1251 55 0
1251 56 0
1251 57 0
1251 58 0
1251 59 0
1251 60 360
1251 61 0
1251 62 0
1251 63 57
1251 64 39
1251 65 15
1251 66 19
1251 67 31
1251 68 85
1251 69 0
1251 70 162
1251 71 0
1251 72 39
1251 73 0
1251 74 40
1251 75 0
1251 76 31
1251 77 0
1251 78 0
1251 79 0
1251 80 30
1251 81 0
1251 82 0
1251 83 0
1251 84 0
1251 85 0
1251 86 0
1251 87 0
1251 88 0
1251 89 0
1251 90 115
1251 91 0
1251 92 0
1251 93 0
1251 94 0
1251 95 0
1276 1 139
1276 2 0
1276 3 0
1276 4 0
1276 5 40
1276 6 0
1276 7 259
1276 8 0
1276 9 0
1276 10 0
1276 11 0
1276 12 302
1276 13 0
1276 14 42
1276 15 0
1276 16 0
1276 17 0
1276 18 123
1276 19 39
1276 20 0
1276 21 0
1276 22 0
1276 23 0
1276 24 0
1276 25 40
1276 26 0
1276 27 0
1276 28 20
1276 29 0
1276 30 39
1276 31 72
1276 32 0
1276 33 0
1276 34 163
1276 35 35
1276 36 43
1276 37 0
1276 38 0
1276 39 0
1276 40 0
1276 41 0
1276 42 42
1276 43 0
1276 44 66
1276 45 0
1276 46 0
1276 47 82
1276 48 49
1276 49 0
1276 50 0
1276 51 23
1276 52 0
1276 53 39
1276 54 311
1276 55 0
1276 56 0
1276 57 0
1276 58 0
1276 59 0
1276 60 368
1276 61 0
1276 62 0
1276 63 59
1276 64 29
1276 65 13
1276 66 19
1276 67 31
1276 68 80
1276 69 0
1276 70 142
1276 71 0
1276 72 38
1276 73 0
1276 74 43
1276 75 0
1276 76 37
1276 77 0
1276 78 0
1276 79 0
1276 80 32
1276 81 0
1276 82 0
1276 83 0
1276 84 0
1276 85 0
1276 86 0
1276 87 0
1276 88 0
1276 89 0
1276 90 117
1276 91 0
1276 92 0
1276 93 0
1276 94 0
1276 95 0
1301 1 125
1301 2 0
1301 3 0
1301 4 0
1301 5 39
1301 6 0
1301 7 251
1301 8 0
1301 9 0
1301 10 0
1301 11 0
1301 12 303
1301 13 0
1301 14 43
1301 15 0
1301 16 0
1301 17 0
1301 18 130
1301 19 39
1301 20 0
1301 21 0
1301 22 0
1301 23 0
1301 24 0
1301 25 31
1301 26 0
1301 27 0
1301 28 27
1301 29 0
1301 30 41
1301 31 78
1301 32 0
1301 33 0
1301 34 154
1301 35 43
1301 36 37
1301 37 0
1301 38 0
1301 39 0
1301 40 0
1301 41 0
1301 42 39
1301 43 0
1301 44 64
1301 45 0
1301 46 0
1301 47 80
1301 48 52
1301 49 0
1301 50 0
1301 51 30
1301 52 0
1301 53 35
1301 54 314
1301 55 0
1301 56 0
1301 57 0
1301 58 0
1301 59 0
1301 60 350
1301 61 0
1301 62 0
1301 63 44
1301 64 28
1301 65 12
1301 66 22
1301 67 31
1301 68 83
1301 69 0
1301 70 157
1301 71 0
1301 72 33
1301 73 0
1301 74 40
1301 75 0
1301 76 29
1301 77 0
1301 78 0
1301 79 0
1301 80 29
1301 81 0
1301 82 0
1301 83 0
1301 84 0
1301 85 0
1301 86 0
1301 87 0
1301 88 0
1301 89 0
1301 90 119
1301 91 0
1301 92 0
1301 93 0
1301 94 0
1301 95 0
1326 1 128
1326 2 0
1326 3 0
1326 4 0
1326 5 39
1326 6 0
1326 7 246
1326 8 0
1326 9 0
1326 10 0
1326 11 0
1326 12 297
1326 13 0
1326 14 39
1326 15 0
1326 16 0
1326 17 0
1326 18 122
1326 19 38
1326 20 0
1326 21 0
1326 22 0
1326 23 0
1326 24 0
1326 25 37
1326 26 0
1326 27 0
1326 28 30
1326 29 0
1326 30 39
1326 31 77
1326 32 0
1326 33 0
1326 34 155
1326 35 37
1326 36 39
1326 37 0
1326 38 0
1326 39 0
1326 40 0
1326 41 0
1326 42 41
1326 43 0
1326 44 67
1326 45 0
1326 46 0
1326 47 80
1326 48 51
1326 49 0
1326 50 0
1326 51 23
1326 52 0
1326 53 39
1326 54 305
1326 55 0
1326 56 0
1326 57 0
1326 58 0
1326 59 0
1326 60 352
1326 61 0
1326 62 0
1326 63 58
1326 64 36
1326 65 10
1326 66 18
1326 67 32
1326 68 85
1326 69 0
1326 70 156
1326 71 0
1326 72 40
1326 73 0
1326 74 40
1326 75 0
1326 76 40
1326 77 0
1326 78 0
1326 79 0
1326 80 21
1326 81 0
1326 82 0
1326 83 0
1326 84 0
1326 85 0
1326 86 0
1326 87 0
1326 88 0
1326 89 0
1326 90 113
1326 91 0
1326 92 0
1326 93 0
1326 94 0
1326 95 0
1351 1 144
1351 2 0
1351 3 0
1351 4 0
1351 5 40
1351 6 0
1351 7 255
1351 8 0
1351 9 0
1351 10 0
1351 11 0
1351 12 282
1351 13 0
1351 14 30
1351 15 0
1351 16 0
1351 17 0
1351 18 123
1351 19 37
1351 20 0
1351 21 0
1351 22 0
1351 23 0
1351 24 0
1351 25 40
1351 26 0
1351 27 0
1351 28 27
1351 29 0
1351 30 39
1351 31 71
1351 32 0
1351 33 0
1351 34 164
1351 35 22
1351 36 38
1351 37 0
1351 38 0
1351 39 0
1351 40 0
1351 41 0
1351 42 43
1351 43 0
1351 44 60
1351 45 0
1351 46 0
1351 47 82
1351 48 50
1351 49 0
1351 50 0
1351 51 32
1351 52 0
1351 53 41
1351 54 311
1351 55 0
1351 56 0
1351 57 0
1351 58 0
1351 59 0
1351 60 354
1351 61 0
1351 62 0
1351 63 58
1351 64 31
1351 65 10
1351 66 19
1351 67 31
1351 68 79
1351 69 0
1351 70 152
1351 71 0
1351 72 34
1351 73 0
1351 74 34
1351 75 0
1351 76 34
1351 77 0
1351 78 0
1351 79 0
1351 80 32
1351 81 0
1351 82 0
1351 83 0
1351 84 0
1351 85 0
1351 86 0
1351 87 0
1351 88 0
1351 89 0
1351 90 121
1351 91 0
1351 92 0
1351 93 0
1351 94 0
1351 95 0
1376 1 126
1376 2 0
1376 3 0
1376 4 0
1376 5 35
1376 6 0
1376 7 263
1376 8 0
1376 9 0
1376 10 0
1376 11 0
1376 12 294
1376 13 0
1376 14 30
1376 15 0
1376 16 0
1376 17 0
1376 18 122
1376 19 37
1376 20 0
1376 21 0
1376 22 0
1376 23 0
1376 24 0
1376 25 33
1376 26 0
1376 27 0
1376 28 29
1376 29 0
1376 30 41
1376 31 69
1376 32 0
1376 33 0
1376 34 161
1376 35 38
1376 36 41
1376 37 0
1376 38 0
1376 39 0
1376 40 0
1376 41 0
1376 42 38
1376 43 0
1376 44 51
1376 45 0
1376 46 0
1376 47 78
1376 48 53
1376 49 0
1376 50 0
1376 51 28
1376 52 0
1376 53 40
1376 54 319
1376 55 0
1376 56 0
1376 57 0
1376 58 0
1376 59 0
1376 60 364
1376 61 0
1376 62 0
1376 63 61
1376 64 33
1376 65 14
1376 66 24
1376 67 39
1376 68 91
1376 69 0
1376 70 150
1376 71 0
1376 72 38
1376 73 0
1376 74 41
1376 75 0
1376 76 30
1376 77 0
1376 78 0
1376 79 0
1376 80 34
1376 81 0
1376 82 0
1376 83 0
1376 84 0
1376 85 0
1376 86 0
1376 87 0
1376 88 0
1376 89 0
1376 90 117
1376 91 0
1376 92 0
1376 93 0
1376 94 0
1376 95 0
1401 1 137
1401 2 0
1401 3 0
1401 4 0
1401 5 40
1401 6 0
1401 7 253
1401 8 0
1401 9 0
1401 10 0
1401 11 0
1401 12 315
1401 13 0
1401 14 34
1401 15 0
1401 16 0
1401 17 0
1401 18 128
1401 19 39
1401 20 0
1401 21 0
1401 22 0
1401 23 0
1401 24 0
1401 25 41
1401 26 0
1401 27 0
1401 28 21
1401 29 0
1401 30 40
1401 31 74
1401 32 0
1401 33 0
1401 34 160
1401 35 29
1401 36 38
1401 37 0
1401 38 0
1401 39 0
1401 40 0
1401 41 0
1401 42 37
1401 43 0
1401 44 65
1401 45 0
1401 46 0
1401 47 80
1401 48 56
1401 49 0
1401 50 0
1401 51 26
1401 52 0
1401 53 39
1401 54 302
1401 55 0
1401 56 0
1401 57 0
1401 58 0
1401 59 0
1401 60 358
1401 61 0
1401 62 0
1401 63 62
1401 64 29
1401 65 11
1401 66 20
1401 67 34
1401 68 82
1401 69 0
1401 70 152
1401 71 0
1401 72 41
1401 73 0
1401 74 33
1401 75 0
1401 76 30
1401 77 0
1401 78 0
1401 79 0
1401 80 30
1401 81 0
1401 82 0
1401 83 0
1401 84 0
1401 85 0
1401 86 0
1401 87 0
1401 88 0
1401 89 0
1401 90 122
1401 91 0
1401 92 0
1401 93 0
1401 94 0
1401 95 0
1426 1 130
1426 2 0
1426 3 0
1426 4 0
1426 5 40
1426 6 0
1426 7 268
1426 8 0
1426 9 0
1426 10 0
1426 11 0
1426 12 299
1426 13 0
1426 14 43
1426 15 0
1426 16 0
1426 17 0
1426 18 126
1426 19 41
1426 20 0
1426 21 0
1426 22 0
1426 23 0
1426 24 0
1426 25 38
1426 26 0
1426 27 0
1426 28 17
1426 29 0
1426 30 41
1426 31 73
1426 32 0
1426 33 0
1426 34 161
1426 35 38
1426 36 41
1426 37 0
1426 38 0
1426 39 0
1426 40 0
1426 41 0
1426 42 38
1426 43 0
1426 44 57
1426 45 0
1426 46 0
1426 47 72
1426 48 56
1426 49 0
1426 50 0
1426 51 29
1426 52 0
1426 53 41
1426 54 311
1426 55 0
1426 56 0
1426 57 0
1426 58 0
1426 59 0
1426 60 367
1426 61 0
1426 62 0
1426 63 54
1426 64 30
1426 65 12
1426 66 27
1426 67 37
1426 68 85
1426 69 0
1426 70 161
1426 71 0
1426 72 41
1426 73 0
1426 74 40
1426 75 0
1426 76 28
1426 77 0
1426 78 0
1426 79 0
1426 80 30
1426 81 0
1426 82 0
1426 83 0
1426 84 0
1426 85 0
1426 86 0
1426 87 0
1426 88 0
1426 89 0
1426 90 123
1426 91 0
1426 92 0
1426 93 0
1426 94 0
1426 95 0
1451 1 137
1451 2 0
1451 3 0
1451 4 0
1451 5 40
1451 6 0
1451 7 256
1451 8 0
1451 9 0
1451 10 0
1451 11 0
1451 12 304
1451 13 0
1451 14 42
1451 15 0
1451 16 0
1451 17 0
1451 18 125
1451 19 34
1451 20 0
1451 21 0
1451 22 0
1451 23 0
1451 24 0
1451 25 35
1451 26 0
1451 27 0
1451 28 25
1451 29 0
1451 30 41
1451 31 68
1451 32 0
1451 33 0
1451 34 154
1451 35 37
1451 36 39
1451 37 0
1451 38 0
1451 39 0
1451 40 0
1451 41 0
1451 42 40
1451 43 0
1451 44 66
1451 45 0
1451 46 0
1451 47 78
1451 48 60
1451 49 0
1451 50 0
1451 51 22
1451 52 0
1451 53 41
1451 54 316
1451 55 0
1451 56 0
1451 57 0
1451 58 0
1451 59 0
1451 60 357
1451 61 0
1451 62 0
1451 63 45
1451 64 24
1451 65 14
1451 66 19
1451 67 34
1451 68 85
1451 69 0
1451 70 158
1451 71 0
1451 72 39
1451 73 0
1451 74 34
1451 75 0
1451 76 30
1451 77 0
1451 78 0
1451 79 0
1451 80 29
1451 81 0
1451 82 0
1451 83 0
1451 84 0
1451 85 0
1451 86 0
1451 87 0
1451 88 0
1451 89 0
1451 90 122
1451 91 0
1451 92 0
1451 93 0
1451 94 0
1451 95 0
1476 1 141
1476 2 0
1476 3 0
1476 4 0
1476 5 36
1476 6 0
1476 7 268
1476 8 0
1476 9 0
1476 10 0
1476 11 0
1476 12 289
1476 13 0
1476 14 39
1476 15 0
1476 16 0
1476 17 0
1476 18 120
1476 19 37
1476 20 0
1476 21 0
1476 22 0
1476 23 0
1476 24 0
1476 25 34
1476 26 0
1476 27 0
1476 28 19
1476 29 0
1476 30 40
1476 31 69
1476 32 0
1476 33 0
1476 34 161
1476 35 34
1476 36 41
1476 37 0
1476 38 0
1476 39 0
1476 40 0
1476 41 0
1476 42 41
1476 43 0
1476 44 75
1476 45 0
1476 46 0
1476 47 83
1476 48 57
1476 49 0
1476 50 0
1476 51 23
1476 52 0
1476 53 36
1476 54 303
1476 55 0
1476 56 0
1476 57 0
1476 58 0
1476 59 0
1476 60 354
1476 61 0
1476 62 0
1476 63 65
1476 64 30
1476 65 18
1476 66 17
1476 67 30
1476 68 79
1476 69 0
1476 70 154
1476 71 0
1476 72 38
1476 73 0
1476 74 39
1476 75 0
1476 76 30
1476 77 0
1476 78 0
1476 79 0
1476 80 26
1476 81 0
1476 82 0
1476 83 0
1476 84 0
1476 85 0
1476 86 0
1476 87 0
1476 88 0
1476 89 0
1476 90 115
1476 91 0
1476 92 0
1476 93 0
1476 94 0
1476 95 0
1501 1 124
1501 2 0
1501 3 0
1501 4 0
1501 5 40
1501 6 0
1501 7 246
1501 8 0
1501 9 0
1501 10 0
1501 11 0
1501 12 310
1501 13 0
1501 14 37
1501 15 0
1501 16 0
1501 17 0
1501 18 121
1501 19 34
1501 20 0
1501 21 0
1501 22 0
1501 23 0
1501 24 0
1501 25 40
1501 26 0
1501 27 0
1501 28 27
1501 29 0
1501 30 38
1501 31 70
1501 32 0
1501 33 0
1501 34 151
1501 35 45
1501 36 41
1501 37 0
1501 38 0
1501 39 0
1501 40 0
1501 41 0
1501 42 47
1501 43 0
1501 44 62
1501 45 0
1501 46 0
1501 47 80
1501 48 49
1501 49 0
1501 50 0
1501 51 31
1501 52 0
1501 53 38
1501 54 309
1501 55 0
1501 56 0
1501 57 0
1501 58 0
1501 59 0
1501 60 353
1501 61 0
1501 62 0
1501 63 57
1501 64 30
1501 65 11
1501 66 16
1501 67 32
1501 68 83
1501 69 0
1501 70 148
1501 71 0
1501 72 40
1501 73 0
1501 74 36
1501 75 0
1501 76 34
1501 77 0
1501 78 0
1501 79 0
1501 80 27
1501 81 0
1501 82 0
1501 83 0
1501 84 0
1501 85 0
1501 86 0
1501 87 0
1501 88 0
1501 89 0
1501 90 116
1501 91 0
1501 92 0
1501 93 0
1501 94 0
1501 95 0
1526 1 119
1526 2 0
1526 3 0
1526 4 0
1526 5 34
1526 6 0
1526 7 255
1526 8 0
1526 9 0
1526 10 0
1526 11 0
1526 12 303
1526 13 0
1526 14 41
1526 15 0
1526 16 0
1526 17 0
1526 18 117
1526 19 43
1526 20 0
1526 21 0
1526 22 0
1526 23 0
1526 24 0
1526 25 38
1526 26 0
1526 27 0
1526 28 33
1526 29 0
1526 30 34
1526 31 68
1526 32 0
1526 33 0
1526 34 159
1526 35 50
1526 36 37
1526 37 0
1526 38 0
1526 39 0
1526 40 0
1526 41 0
1526 42 38
1526 43 0
1526 44 57
1526 45 0
1526 46 0
1526 47 74
1526 48 60
1526 49 0
1526 50 0
1526 51 29
1526 52 0
1526 53 38
1526 54 315
1526 55 0
1526 56 0
1526 57 0
1526 58 0
1526 59 0
1526 60 350
1526 61 0
1526 62 0
1526 63 57
1526 64 31
1526 65 20
1526 66 20
1526 67 38
1526 68 83
1526 69 0
1526 70 157
1526 71 0
1526 72 40
1526 73 0
1526 74 41
1526 75 0
1526 76 30
1526 77 0
1526 78 0
1526 79 0
1526 80 31
1526 81 0
1526 82 0
1526 83 0
1526 84 0
1526 85 0
1526 86 0
1526 87 0
1526 88 0
1526 89 0
1526 90 121
1526 91 0
1526 92 0
1526 93 0
1526 94 0
1526 95 0
1551 1 138
1551 2 0
1551 3 0
1551 4 0
1551 5 40
1551 6 0
1551 7 256
1551 8 0
1551 9 0
1551 10 0
1551 11 0
1551 12 292
1551 13 0
1551 14 38
1551 15 0
1551 16 0
1551 17 0
1551 18 121
1551 19 39
1551 20 0
1551 21 0
1551 22 0
1551 23 0
1551 24 0
1551 25 45
1551 26 0
1551 27 0
1551 28 33
1551 29 0
1551 30 35
1551 31 73
1551 32 0
1551 33 0
1551 34 159
1551 35 38
1551 36 40
1551 37 0
1551 38 0
1551 39 0
1551 40 0
1551 41 0
1551 42 40
1551 43 0
1551 44 51
1551 45 0
1551 46 0
1551 47 78
1551 48 55
1551 49 0
1551 50 0
1551 51 30
1551 52 0
1551 53 39
1551 54 324
1551 55 0
1551 56 0
1551 57 0
1551 58 0
1551 59 0
1551 60 367
1551 61 0
1551 62 0
1551 63 52
1551 64 30
1551 65 10
1551 66 19
1551 67 32
1551 68 80
1551 69 0
1551 70 156
1551 71 0
1551 72 40
1551 73 0
1551 74 34
1551 75 0
1551 76 32
1551 77 0
1551 78 0
1551 79 0
1551 80 28
1551 81 0
1551 82 0
1551 83 0
1551 84 0
1551 85 0
1551 86 0
1551 87 0
1551 88 0
1551 89 0
1551 90 116
1551 91 0
1551 92 0
1551 93 0
1551 94 0
1551 95 0
1576 1 136
1576 2 0
1576 3 0
1576 4 0
1576 5 39
1576 6 0
1576 7 265
1576 8 0
1576 9 0
1576 10 0
1576 11 0
1576 12 289
1576 13 0
1576 14 37
1576 15 0
1576 16 0
1576 17 0
1576 18 115
1576 19 40
1576 20 0
1576 21 0
1576 22 0
1576 23 0
1576 24 0
1576 25 39
1576 26 0
1576 27 0
1576 28 26
1576 29 0
1576 30 41
1576 31 77
1576 32 0
1576 33 0
1576 34 162
1576 35 29
1576 36 48
1576 37 0
1576 38 0
1576 39 0
1576 40 0
1576 41 0
1576 42 44
1576 43 0
1576 44 58
1576 45 0
1576 46 0
1576 47 78
1576 48 58
1576 49 0
1576 50 0
1576 51 34
1576 52 0
1576 53 40
1576 54 314
1576 55 0
1576 56 0
1576 57 0
1576 58 0
1576 59 0
1576 60 360
1576 61 0
1576 62 0
1576 63 54
1576 64 32
1576 65 12
1576 66 22
1576 67 39
1576 68 80
1576 69 0
1576 70 159
1576 71 0
1576 72 41
1576 73 0
1576 74 41
1576 75 0
1576 76 31
1576 77 0
1576 78 0
1576 79 0
1576 80 31
1576 81 0
1576 82 0
1576 83 0
1576 84 0
1576 85 0
1576 86 0
1576 87 0
1576 88 0
1576 89 0
1576 90 133
1576 91 0
1576 92 0
1576 93 0
1576 94 0
1576 95 0
1601 1 134
1601 2 0
1601 3 0
1601 4 0
1601 5 40
1601 6 0
1601 7 269
1601 8 0
1601 9 0
1601 10 0
1601 11 0
1601 12 288
1601 13 0
1601 14 33
1601 15 0
1601 16 0
1601 17 0
1601 18 128
1601 19 45
1601 20 0
1601 21 0
1601 22 0
1601 23 0
1601 24 0
1601 25 35
1601 26 0
1601 27 0
1601 28 16
1601 29 0
1601 30 40
1601 31 65
1601 32 0
1601 33 0
1601 34 163
1601 35 33
1601 36 41
1601 37 0
1601 38 0
1601 39 0
1601 40 0
1601 41 0
1601 42 41
1601 43 0
1601 44 58
1601 45 0
1601 46 0
1601 47 80
1601 48 67
1601 49 0
1601 50 0
1601 51 39
1601 52 0
1601 53 40
1601 54 329
1601 55 0
1601 56 0
1601 57 0
1601 58 0
1601 59 0
1601 60 359
1601 61 0
1601 62 0
1601 63 51
1601 64 34
1601 65 15
1601 66 20
1601 67 30
1601 68 84
1601 69 0
1601 70 163
1601 71 0
1601 72 39
1601 73 0
1601 74 38
1601 75 0
1601 76 32
1601 77 0
1601 78 0
1601 79 0
1601 80 34
1601 81 0
1601 82 0
1601 83 0
1601 84 0
1601 85 0
1601 86 0
1601 87 0
1601 88 0
1601 89 0
1601 90 116
1601 91 0
1601 92 0
1601 93 0
1601 94 0
1601 95 0
1626 1 130
1626 2 0
1626 3 0
1626 4 0
1626 5 36
1626 6 0
1626 7 250
1626 8 0
1626 9 0
1626 10 0
1626 11 0
1626 12 282
1626 13 0
1626 14 40
1626 15 0
1626 16 0
1626 17 0
1626 18 117
1626 19 34
1626 20 0
1626 21 0
1626 22 0
1626 23 0
1626 24 0
1626 25 32
1626 26 0
1626 27 0
1626 28 30
1626 29 0
1626 30 40
1626 31 73
1626 32 0
1626 33 0
1626 34 154
1626 35 39
1626 36 40
1626 37 0
1626 38 0
1626 39 0
1626 40 0
1626 41 0
1626 42 40
1626 43 0
1626 44 49
1626 45 0
1626 46 0
1626 47 80
1626 48 52
1626 49 0
1626 50 0
1626 51 34
1626 52 0
1626 53 36
1626 54 312
1626 55 0
1626 56 0
1626 57 0
1626 58 0
1626 59 0
1626 60 361
1626 61 0
1626 62 0
1626 63 49
1626 64 32
1626 65 18
1626 66 28
1626 67 31
1626 68 85
1626 69 0
1626 70 160
1626 71 0
1626 72 36
1626 73 0
1626 74 36
1626 75 0
1626 76 35
1626 77 0
1626 78 0
1626 79 0
1626 80 22
1626 81 0
1626 82 0
1626 83 0
1626 84 0
1626 85 0
1626 86 0
1626 87 0
1626 88 0
1626 89 0
1626 90 123
1626 91 0
1626 92 0
1626 93 0
1626 94 0
1626 95 0
1651 1 131
1651 2 0
1651 3 0
1651 4 0
1651 5 34
1651 6 0
1651 7 259
1651 8 0
1651 9 0
1651 10 0
1651 11 0
1651 12 285
1651 13 0
1651 14 31
1651 15 0
1651 16 0
1651 17 0
1651 18 128
1651 19 40
1651 20 0
1651 21 0
1651 22 0
1651 23 0
1651 24 0
1651 25 29
1651 26 0
1651 27 0
1651 28 21
1651 29 0
1651 30 41
1651 31 82
1651 32 0
1651 33 0
1651 34 156
1651 35 34
1651 36 35
1651 37 0
1651 38 0
1651 39 0
1651 40 0
1651 41 0
1651 42 38
1651 43 0
1651 44 69
1651 45 0
1651 46 0
1651 47 79
1651 48 59
1651 49 0
1651 50 0
1651 51 31
1651 52 0
1651 53 33
1651 54 309
1651 55 0
1651 56 0
1651 57 0
1651 58 0
1651 59 0
1651 60 363
1651 61 0
1651 62 0
1651 63 62
1651 64 30
1651 65 15
1651 66 19
1651 67 30
1651 68 81
1651 69 0
1651 70 161
1651 71 0
1651 72 37
1651 73 0
1651 74 44
1651 75 0
1651 76 30
1651 77 0
1651 78 0
1651 79 0
1651 80 30
1651 81 0
1651 82 0
1651 83 0
1651 84 0
1651 85 0
1651 86 0
1651 87 0
1651 88 0
1651 89 0
1651 90 128
1651 91 0
1651 92 0
1651 93 0
1651 94 0
1651 95 0
1676 1 132
1676 2 0
1676 3 0
1676 4 0
1676 5 45
1676 6 0
1676 7 270
1676 8 0
1676 9 0
1676 10 0
1676 11 0
1676 12 297
1676 13 0
1676 14 39
1676 15 0
1676 16 0
1676 17 0
1676 18 132
1676 19 40
1676 20 0
1676 21 0
1676 22 0
1676 23 0
1676 24 0
1676 25 35
1676 26 0
1676 27 0
1676 28 33
1676 29 0
1676 30 41
1676 31 73
1676 32 0
1676 33 0
1676 34 152
1676 35 35
1676 36 41
1676 37 0
1676 38 0
1676 39 0
1676 40 0
1676 41 0
1676 42 40
1676 43 0
1676 44 53
1676 45 0
1676 46 0
1676 47 81
1676 48 57
1676 49 0
1676 50 0
1676 51 30
1676 52 0
1676 53 35
1676 54 306
1676 55 0
1676 56 0
1676 57 0
1676 58 0
1676 59 0
1676 60 359
1676 61 0
1676 62 0
1676 63 49
1676 64 34
1676 65 9
1676 66 22
1676 67 39
1676 68 80
1676 69 0
1676 70 163
1676 71 0
1676 72 39
1676 73 0
1676 74 41
1676 75 0
1676 76 32
1676 77 0
1676 78 0
1676 79 0
1676 80 34
1676 81 0
1676 82 0
1676 83 0
1676 84 0
1676 85 0
1676 86 0
1676 87 0
1676 88 0
1676 89 0
1676 90 118
1676 91 0
1676 92 0
1676 93 0
1676 94 0
1676 95 0
1701 1 123
1701 2 0
1701 3 0
1701 4 0
1701 5 39
1701 6 0
1701 7 263
1701 8 0
1701 9 0
1701 10 0
1701 11 0
1701 12 279
1701 13 0
1701 14 40
1701 15 0
1701 16 0
1701 17 0
1701 18 110
1701 19 40
1701 20 0
1701 21 0
1701 22 0
1701 23 0
1701 24 0
1701 25 34
1701 26 0
1701 27 0
1701 28 22
1701 29 0
1701 30 43
1701 31 70
1701 32 0
1701 33 0
1701 34 166
1701 35 40
1701 36 39
1701 37 0
1701 38 0
1701 39 0
1701 40 0
1701 41 0
1701 42 48
1701 43 0
1701 44 62
1701 45 0
1701 46 0
1701 47 85
1701 48 42
1701 49 0
1701 50 0
1701 51 30
1701 52 0
1701 53 38
1701 54 315
1701 55 0
1701 56 0
1701 57 0
1701 58 0
1701 59 0
1701 60 359
1701 61 0
1701 62 0
1701 63 42
1701 64 38
1701 65 19
1701 66 22
1701 67 40
1701 68 82
1701 69 0
1701 70 157
1701 71 0
1701 72 38
1701 73 0
1701 74 42
1701 75 0
1701 76 30
1701 77 0
1701 78 0
1701 79 0
1701 80 28
1701 81 0
1701 82 0
1701 83 0
1701 84 0
1701 85 0
1701 86 0
1701 87 0
1701 88 0
1701 89 0
1701 90 123
1701 91 0
1701 92 0
1701 93 0
1701 94 0
1701 95 0
1726 1 124
1726 2 0
1726 3 0
1726 4 0
1726 5 39
1726 6 0
1726 7 263
1726 8 0
1726 9 0
1726 10 0
1726 11 0
1726 12 288
1726 13 0
1726 14 31
1726 15 0
1726 16 0
1726 17 0
1726 18 127
1726 19 38
1726 20 0
1726 21 0
1726 22 0
1726 23 0
1726 24 0
1726 25 42
1726 26 0
1726 27 0
1726 28 26
1726 29 0
1726 30 37
1726 31 73
1726 32 0
1726 33 0
1726 34 140
1726 35 41
1726 36 38
1726 37 0
1726 38 0
1726 39 0
1726 40 0
1726 41 0
1726 42 40
1726 43 0
1726 44 65
1726 45 0
1726 46 0
1726 47 76
1726 48 48
1726 49 0
1726 50 0
1726 51 31
1726 52 0
1726 53 49
1726 54 329
1726 55 0
1726 56 0
1726 57 0
1726 58 0
1726 59 0
1726 60 358
1726 61 0
1726 62 0
1726 63 52
1726 64 30
1726 65 20
1726 66 13
1726 67 35
1726 68 87
1726 69 0
1726 70 152
1726 71 0
1726 72 35
1726 73 0
1726 74 41
1726 75 0
1726 76 30
1726 77 0
1726 78 0
1726 79 0
1726 80 18
1726 81 0
1726 82 0
1726 83 0
1726 84 0
1726 85 0
1726 86 0
1726 87 0
1726 88 0
1726 89 0
1726 90 122
1726 91 0
1726 92 0
1726 93 0
1726 94 0
1726 95 0
1751 1 125
1751 2 0
1751 3 0
1751 4 0
1751 5 40
1751 6 0
1751 7 266
1751 8 0
1751 9 0
1751 10 0
1751 11 0
1751 12 291
1751 13 0
1751 14 35
1751 15 0
1751 16 0
1751 17 0
1751 18 121
1751 19 37
1751 20 0
1751 21 0
1751 22 0
1751 23 0
1751 24 0
1751 25 39
1751 26 0
1751 27 0
1751 28 27
1751 29 0
1751 30 35
1751 31 74
1751 32 0
1751 33 0
1751 34 155
1751 35 47
1751 36 41
1751 37 0
1751 38 0
1751 39 0
1751 40 0
1751 41 0
1751 42 42
1751 43 0
1751 44 53
1751 45 0
1751 46 0
1751 47 83
1751 48 53
1751 49 0
1751 50 0
1751 51 28
1751 52 0
1751 53 42
1751 54 309
1751 55 0
1751 56 0
1751 57 0
1751 58 0
1751 59 0
1751 60 369
1751 61 0
1751 62 0
1751 63 56
1751 64 31
1751 65 16
1751 66 20
1751 67 35
1751 68 83
1751 69 0
1751 70 148
1751 71 0
1751 72 38
1751 73 0
1751 74 40
1751 75 0
1751 76 28
1751 77 0
1751 78 0
1751 79 0
1751 80 28
1751 81 0
1751 82 0
1751 83 0
1751 84 0
1751 85 0
1751 86 0
1751 87 0
1751 88 0
1751 89 0
1751 90 114
1751 91 0
1751 92 0
1751 93 0
1751 94 0
1751 95 0
1776 1 136
1776 2 0
1776 3 0
1776 4 0
1776 5 38
1776 6 0
1776 7 255
1776 8 0
1776 9 0
1776 10 0
1776 11 0
1776 12 287
1776 13 0
1776 14 36
1776 15 0
1776 16 0
1776 17 0
1776 18 126
1776 19 40
1776 20 0
1776 21 0
1776 22 0
1776 23 0
1776 24 0
1776 25 35
1776 26 0
1776 27 0
1776 28 30
1776 29 0
1776 30 38
1776 31 65
1776 32 0
1776 33 0
1776 34 170
1776 35 31
1776 36 40
1776 37 0
1776 38 0
1776 39 0
1776 40 0
1776 41 0
1776 42 39
1776 43 0
1776 44 59
1776 45 0
1776 46 0
1776 47 82
1776 48 62
1776 49 0
1776 50 0
1776 51 31
1776 52 0
1776 53 36
1776 54 327
1776 55 0
1776 56 0
1776 57 0
1776 58 0
1776 59 0
1776 60 372
1776 61 0
1776 62 0
1776 63 47
1776 64 33
1776 65 13
1776 66 25
1776 67 34
1776 68 76
1776 69 0
1776 70 153
1776 71 0
1776 72 38
1776 73 0
1776 74 41
1776 75 0
1776 76 31
1776 77 0
1776 78 0
1776 79 0
1776 80 30
1776 81 0
1776 82 0
1776 83 0
1776 84 0
1776 85 0
1776 86 0
1776 87 0
1776 88 0
1776 89 0
1776 90 119
1776 91 0
1776 92 0
1776 93 0
1776 94 0
1776 95 0
1801 1 131
1801 2 0
1801 3 0
1801 4 0
1801 5 42
1801 6 0
1801 7 246
1801 8 0
1801 9 0
1801 10 0
1801 11 0
1801 12 283
1801 13 0
1801 14 41
1801 15 0
1801 16 0
1801 17 0
1801 18 126
1801 19 33
1801 20 0
1801 21 0
1801 22 0
1801 23 0
1801 24 0
1801 25 37
1801 26 0
1801 27 0
1801 28 26
1801 29 0
1801 30 35
1801 31 80
1801 32 0
1801 33 0
1801 34 168
1801 35 32
1801 36 41
1801 37 0
1801 38 0
1801 39 0
1801 40 0
1801 41 0
1801 42 42
1801 43 0
1801 44 69
1801 45 0
1801 46 0
1801 47 76
1801 48 55
1801 49 0
1801 50 0
1801 51 34
1801 52 0
1801 53 37
1801 54 320
1801 55 0
1801 56 0
1801 57 0
1801 58 0
1801 59 0
1801 60 349
1801 61 0
1801 62 0
1801 63 65
1801 64 29
1801 65 13
1801 66 21
1801 67 37
1801 68 80
1801 69 0
1801 70 156
1801 71 0
1801 72 39
1801 73 0
1801 74 40
1801 75 0
1801 76 36
1801 77 0
1801 78 0
1801 79 0
1801 80 28
1801 81 0
1801 82 0
1801 83 0
1801 84 0
1801 85 0
1801 86 0
1801 87 0
1801 88 0
1801 89 0
1801 90 122
1801 91 0
1801 92 0
1801 93 0
1801 94 0
1801 95 0
1826 1 139
1826 2 0
1826 3 0
1826 4 0
1826 5 39
1826 6 0
1826 7 266
1826 8 0
1826 9 0
1826 10 0
1826 11 0
1826 12 288
1826 13 0
1826 14 40
1826 15 0
1826 16 0
1826 17 0
1826 18 134
1826 19 32
1826 20 0
1826 21 0
1826 22 0
1826 23 0
1826 24 0
1826 25 34
1826 26 0
1826 27 0
1826 28 24
1826 29 0
1826 30 40
1826 31 72
1826 32 0
1826 33 0
1826 34 160
1826 35 37
1826 36 49
1826 37 0
1826 38 0
1826 39 0
1826 40 0
1826 41 0
1826 42 41
1826 43 0
1826 44 69
1826 45 0
1826 46 0
1826 47 80
1826 48 52
1826 49 0
1826 50 0
1826 51 33
1826 52 0
1826 53 41
1826 54 309
1826 55 0
1826 56 0
1826 57 0
1826 58 0
1826 59 0
1826 60 350
1826 61 0
1826 62 0
1826 63 59
1826 64 31
1826 65 19
1826 66 12
1826 67 34
1826 68 69
1826 69 0
1826 70 149
1826 71 0
1826 72 40
1826 73 0
1826 74 41
1826 75 0
1826 76 28
1826 77 0
1826 78 0
1826 79 0
1826 80 28
1826 81 0
1826 82 0
1826 83 0
1826 84 0
1826 85 0
1826 86 0
1826 87 0
1826 88 0
1826 89 0
1826 90 121
1826 91 0
1826 92 0
1826 93 0
1826 94 0
1826 95 0
1851 1 136
1851 2 0
1851 3 0
1851 4 0
1851 5 40
1851 6 0
1851 7 254
1851 8 0
1851 9 0
1851 10 0
1851 11 0
1851 12 290
1851 13 0
1851 14 33
1851 15 0
1851 16 0
1851 17 0
1851 18 117
1851 19 37
1851 20 0
1851 21 0
1851 22 0
1851 23 0
1851 24 0
1851 25 39
1851 26 0
1851 27 0
1851 28 30
1851 29 0
1851 30 33
1851 31 77
1851 32 0
1851 33 0
1851 34 153
1851 35 25
1851 36 40
1851 37 0
1851 38 0
1851 39 0
1851 40 0
1851 41 0
1851 42 39
1851 43 0
1851 44 68
1851 45 0
1851 46 0
1851 47 78
1851 48 58
1851 49 0
1851 50 0
1851 51 33
1851 52 0
1851 53 40
1851 54 299
1851 55 0
1851 56 0
1851 57 0
1851 58 0
1851 59 0
1851 60 361
1851 61 0
1851 62 0
1851 63 56
1851 64 34
1851 65 12
1851 66 19
1851 67 40
1851 68 80
1851 69 0
1851 70 156
1851 71 0
1851 72 32
1851 73 0
1851 74 41
1851 75 0
1851 76 31
1851 77 0
1851 78 0
1851 79 0
1851 80 29
1851 81 0
1851 82 0
1851 83 0
1851 84 0
1851 85 0
1851 86 0
1851 87 0
1851 88 0
1851 89 0
1851 90 120
1851 91 0
1851 92 0
1851 93 0
1851 94 0
1851 95 0
1876 1 139
1876 2 0
1876 3 0
1876 4 0
1876 5 41
1876 6 0
1876 7 265
1876 8 0
1876 9 0
1876 10 0
1876 11 0
1876 12 291
1876 13 0
1876 14 36
1876 15 0
1876 16 0
1876 17 0
1876 18 119
1876 19 40
1876 20 0
1876 21 0
1876 22 0
1876 23 0
1876 24 0
1876 25 37
1876 26 0
1876 27 0
1876 28 23
1876 29 0
1876 30 38
1876 31 78
1876 32 0
1876 33 0
1876 34 164
1876 35 38
1876 36 39
1876 37 0
1876 38 0
1876 39 0
1876 40 0
1876 41 0
1876 42 33
1876 43 0
1876 44 54
1876 45 0
1876 46 0
1876 47 76
1876 48 51
1876 49 0
1876 50 0
1876 51 28
1876 52 0
1876 53 39
1876 54 331
1876 55 0
1876 56 0
1876 57 0
1876 58 0
1876 59 0
1876 60 370
1876 61 0
1876 62 0
1876 63 51
1876 64 29
1876 65 16
1876 66 22
1876 67 40
1876 68 76
1876 69 0
1876 70 150
1876 71 0
1876 72 33
1876 73 0
1876 74 44
1876 75 0
1876 76 30
1876 77 0
1876 78 0
1876 79 0
1876 80 18
1876 81 0
1876 82 0
1876 83 0
1876 84 0
1876 85 0
1876 86 0
1876 87 0
1876 88 0
1876 89 0
1876 90 121
1876 91 0
1876 92 0
1876 93 0
1876 94 0
1876 95 0
1901 1 130
1901 2 0
1901 3 0
1901 4 0
1901 5 42
1901 6 0
1901 7 262
1901 8 0
1901 9 0
1901 10 0
1901 11 0
1901 12 279
1901 13 0
1901 14 42
1901 15 0
1901 16 0
1901 17 0
1901 18 130
1901 19 37
1901 20 0
1901 21 0
1901 22 0
1901 23 0
1901 24 0
1901 25 27
1901 26 0
1901 27 0
1901 28 23
1901 29 0
1901 30 35
1901 31 75
1901 32 0
1901 33 0
1901 34 160
1901 35 39
1901 36 40
1901 37 0
1901 38 0
1901 39 0
1901 40 0
1901 41 0
1901 42 43
1901 43 0
1901 44 65
1901 45 0
1901 46 0
1901 47 79
1901 48 53
1901 49 0
1901 50 0
1901 51 30
1901 52 0
1901 53 44
1901 54 343
1901 55 0
1901 56 0
1901 57 0
1901 58 0
1901 59 0
1901 60 356
1901 61 0
1901 62 0
1901 63 53
1901 64 34
1901 65 12
1901 66 16
1901 67 32
1901 68 79
1901 69 0
1901 70 152
1901 71 0
1901 72 41
1901 73 0
1901 74 43
1901 75 0
1901 76 32
1901 77 0
1901 78 0
1901 79 0
1901 80 28
1901 81 0
1901 82 0
1901 83 0
1901 84 0
1901 85 0
1901 86 0
1901 87 0
1901 88 0
1901 89 0
1901 90 120
1901 91 0
1901 92 0
1901 93 0
1901 94 0
1901 95 0
1926 1 125
1926 2 0
1926 3 0
1926 4 0
1926 5 34
1926 6 0
1926 7 286
1926 8 0
1926 9 0
1926 10 0
1926 11 0
1926 12 289
1926 13 0
1926 14 39
1926 15 0
1926 16 0
1926 17 0
1926 18 121
1926 19 38
1926 20 0
1926 21 0
1926 22 0
1926 23 0
1926 24 0
1926 25 32
1926 26 0
1926 27 0
1926 28 21
1926 29 0
1926 30 39
1926 31 79
1926 32 0
1926 33 0
1926 34 160
1926 35 36
1926 36 40
1926 37 0
1926 38 0
1926 39 0
1926 40 0
1926 41 0
1926 42 39
1926 43 0
1926 44 46
1926 45 0
1926 46 0
1926 47 78
1926 48 55
1926 49 0
1926 50 0
1926 51 30
1926 52 0
1926 53 39
1926 54 323
1926 55 0
1926 56 0
1926 57 0
1926 58 0
1926 59 0
1926 60 357
1926 61 0
1926 62 0
1926 63 61
1926 64 33
1926 65 12
1926 66 18
1926 67 30
1926 68 83
1926 69 0
1926 70 159
1926 71 0
1926 72 38
1926 73 0
1926 74 36
1926 75 0
1926 76 32
1926 77 0
1926 78 0
1926 79 0
1926 80 30
1926 81 0
1926 82 0
1926 83 0
1926 84 0
1926 85 0
1926 86 0
1926 87 0
1926 88 0
1926 89 0
1926 90 122
1926 91 0
1926 92 0
1926 93 0
1926 94 0
1926 95 0
1951 1 136
1951 2 0
1951 3 0
1951 4 0
1951 5 47
1951 6 0
1951 7 249
1951 8 0
1951 9 0
1951 10 0
1951 11 0
1951 12 279
1951 13 0
1951 14 39
1951 15 0
1951 16 0
1951 17 0
1951 18 124
1951 19 40
1951 20 0
1951 21 0
1951 22 0
1951 23 0
1951 24 0
1951 25 33
1951 26 0
1951 27 0
1951 28 23
1951 29 0
1951 30 35
1951 31 63
1951 32 0
1951 33 0
1951 34 162
1951 35 28
1951 36 40
1951 37 0
1951 38 0
1951 39 0
1951 40 0
1951 41 0
1951 42 39
1951 43 0
1951 44 72
1951 45 0
1951 46 0
1951 47 85
1951 48 54
1951 49 0
1951 50 0
1951 51 33
1951 52 0
1951 53 41
1951 54 332
1951 55 0
1951 56 0
1951 57 0
1951 58 0
1951 59 0
1951 60 362
1951 61 0
1951 62 0
1951 63 51
1951 64 35
1951 65 10
1951 66 16
1951 67 42
1951 68 82
1951 69 0
1951 70 155
1951 71 0
1951 72 38
1951 73 0
1951 74 40
1951 75 0
1951 76 32
1951 77 0
1951 78 0
1951 79 0
1951 80 28
1951 81 0
1951 82 0
1951 83 0
1951 84 0
1951 85 0
1951 86 0
1951 87 0
1951 88 0
1951 89 0
1951 90 115
1951 91 0
1951 92 0
1951 93 0
1951 94 0
1951 95 0
1976 1 131
1976 2 0
1976 3 0
1976 4 0
1976 5 38
1976 6 0
1976 7 269
1976 8 0
1976 9 0
1976 10 0
1976 11 0
1976 12 278
1976 13 0
1976 14 43
1976 15 0
1976 16 0
1976 17 0
1976 18 118
1976 19 41
1976 20 0
1976 21 0
1976 22 0
1976 23 0
1976 24 0
1976 25 34
1976 26 0
1976 27 0
1976 28 28
1976 29 0
1976 30 38
1976 31 71
1976 32 0
1976 33 0
1976 34 155
1976 35 39
1976 36 33
1976 37 0
1976 38 0
1976 39 0
1976 40 0
1976 41 0
1976 42 39
1976 43 0
1976 44 57
1976 45 0
1976 46 0
1976 47 80
1976 48 56
1976 49 0
1976 50 0
1976 51 37
1976 52 0
1976 53 40
1976 54 316
1976 55 0
1976 56 0
1976 57 0
1976 58 0
1976 59 0
1976 60 360
1976 61 0
1976 62 0
1976 63 43
1976 64 34
1976 65 13
1976 66 16
1976 67 38
1976 68 84
1976 69 0
1976 70 165
1976 71 0
1976 72 39
1976 73 0
1976 74 40
1976 75 0
1976 76 36
1976 77 0
1976 78 0
1976 79 0
1976 80 30
1976 81 0
1976 82 0
1976 83 0
1976 84 0
1976 85 0
1976 86 0
1976 87 0
1976 88 0
1976 89 0
1976 90 122
1976 91 0
1976 92 0
1976 93 0
1976 94 0
1976 95 0
