1 4822
26 4558
51 4544
76 4510
101 4471
126 4506
151 4514
176 4481
201 4525
226 4485
251 4489
276 4528
301 4523
326 4507
351 4466
376 4543
401 4502
426 4510
451 4463
476 4466
501 4451
526 4558
551 4474
576 4487
601 4483
626 4481
651 4546
676 4490
701 4498
726 4475
751 4459
776 4510
801 4471
826 4464
851 4471
876 4457
901 4447
926 4493
951 4493
976 4491
1001 4505
1026 4483
1051 4453
1076 4442
1101 4502
1126 4495
1151 4471
1176 4489
1201 4423
1226 4449
1251 4447
1276 4447
1301 4409
1326 4469
1351 4485
1376 4438
1401 4449
1426 4491
1451 4487
1476 4432
1501 4452
1526 4502
1551 4396
1576 4443
1601 4536
1626 4453
1651 4453
1676 4423
1701 4474
1726 4434
1751 4405
1776 4523
1801 4448
1826 4437
1851 4439
1876 4432
1901 4485
1926 4485
1951 4481
1976 4468
