1 4944
26 4297
51 4490
76 4418
101 4417
126 4528
151 4460
176 4475
201 4517
226 4427
251 4474
276 4504
301 4488
326 4493
351 4479
376 4508
401 4580
426 4503
451 4484
476 4497
501 4496
526 4487
551 4476
576 4560
601 4528
626 4449
651 4440
676 4503
701 4501
726 4571
751 4541
776 4549
801 4456
826 4447
851 4482
876 4518
901 4429
926 4465
951 4485
976 4440
1001 4448
1026 4465
1051 4534
1076 4504
1101 4530
1126 4543
1151 4502
1176 4525
1201 4498
1226 4501
1251 4581
1276 4518
1301 4537
1326 4592
1351 4619
1376 4612
1401 4607
1426 4551
1451 4533
1476 4530
1501 4546
1526 4488
1551 4528
1576 4505
1601 4503
1626 4490
1651 4582
1676 4514
1701 4488
1726 4541
1751 4485
1776 4614
1801 4514
1826 4617
1851 4526
1876 4643
1901 4506
1926 4564
1951 4467
1976 4518
