1 4573
26 3312
51 3317
76 3305
101 3287
126 3268
151 3252
176 3289
201 3290
226 3298
251 3301
276 3330
301 3267
326 3306
351 3231
376 3284
401 3235
426 3323
451 3225
476 3252
501 3244
526 3256
551 3257
576 3270
601 3307
626 3273
651 3303
676 3272
701 3281
726 3240
751 3275
776 3281
801 3289
826 3265
851 3233
876 3259
901 3259
926 3282
951 3287
976 3244
1001 3255
1026 3258
1051 3252
1076 3258
1101 3267
1126 3237
1151 3250
1176 3279
1201 3291
1226 3275
1251 3253
1276 3284
1301 3256
1326 3266
1351 3245
1376 3245
1401 3242
1426 3322
1451 3262
1476 3325
1501 3293
1526 3283
1551 3290
1576 3233
1601 3297
1626 3258
1651 3268
1676 3244
1701 3233
1726 3282
1751 3294
1776 3286
1801 3243
1826 3321
1851 3255
1876 3286
1901 3345
1926 3220
1951 3243
1976 3242
