1 23
26 21
51 21
76 21
101 21
126 21
151 21
176 21
201 21
226 21
251 21
276 21
301 21
326 21
351 21
376 21
401 21
426 21
451 21
476 21
501 21
526 21
551 21
576 21
601 21
626 21
651 21
676 21
701 21
726 21
751 21
776 21
801 21
826 21
851 20
876 20
901 20
926 20
951 20
976 20
1001 20
1026 20
1051 20
1076 20
1101 20
1126 20
1151 20
1176 20
1201 20
1226 20
1251 20
1276 20
1301 20
1326 20
1351 20
1376 20
1401 20
1426 20
1451 20
1476 20
1501 20
1526 20
1551 20
1576 20
1601 20
1626 20
1651 20
1676 20
1701 20
1726 20
1751 20
1776 20
1801 20
1826 20
1851 20
1876 20
1901 20
1926 20
1951 20
1976 20
