1 47
26 28
51 18
76 15
101 12
126 12
151 12
176 11
201 10
226 10
251 10
276 10
301 10
326 10
351 10
376 10
401 10
426 10
451 10
476 10
501 10
526 10
551 9
576 9
601 7
626 6
651 6
676 6
701 6
726 6
751 6
776 6
801 6
826 6
851 6
876 6
901 6
926 6
951 6
976 6
1001 6
1026 6
1051 6
1076 6
1101 6
1126 6
1151 6
1176 6
1201 6
1226 6
1251 6
1276 6
1301 6
1326 6
1351 6
1376 6
1401 6
1426 6
1451 6
1476 6
1501 6
1526 6
1551 5
1576 5
1601 5
1626 5
1651 5
1676 5
1701 5
1726 5
1751 5
1776 5
1801 5
1826 5
1851 5
1876 5
1901 4
1926 4
1951 4
1976 4
