1 5580
26 4731
51 4652
76 4566
101 4611
126 4656
151 4552
176 4489
201 4385
226 4612
251 4608
276 4732
301 4684
326 4692
351 4663
376 4671
401 4498
426 4484
451 4537
476 4749
501 4825
526 4793
551 4656
576 4612
601 4675
626 4585
651 4653
676 4546
701 4558
726 4595
751 4557
776 4611
801 4677
826 4680
851 4658
876 4722
901 4755
926 4550
951 4722
976 4573
1001 4624
1026 4777
1051 4671
1076 4635
1101 4634
1126 4757
1151 4785
1176 4755
1201 4664
1226 4650
1251 4598
1276 4616
1301 4573
1326 4650
1351 4629
1376 4726
1401 4698
1426 4617
1451 4532
1476 4695
1501 4651
1526 4559
1551 4741
1576 4771
1601 4724
1626 4677
1651 4595
1676 4566
1701 4706
1726 4662
1751 4697
1776 4676
1801 4745
1826 4629
1851 4593
1876 4655
1901 4713
1926 4706
1951 4725
1976 4719
