1 52
26 41
51 49
76 53
101 61
126 57
151 57
176 60
201 61
226 62
251 65
276 62
301 61
326 65
351 69
376 66
401 65
426 66
451 66
476 65
501 64
526 66
551 65
576 64
601 66
626 68
651 69
676 69
701 65
726 69
751 67
776 68
801 66
826 67
851 67
876 68
901 63
926 66
951 65
976 64
1001 66
1026 62
1051 64
1076 63
1101 63
1126 69
1151 64
1176 59
1201 64
1226 63
1251 66
1276 62
1301 62
1326 62
1351 60
1376 64
1401 66
1426 64
1451 60
1476 59
1501 61
1526 62
1551 62
1576 60
1601 64
1626 61
1651 60
1676 62
1701 57
1726 57
1751 57
1776 56
1801 56
1826 60
1851 59
1876 59
1901 54
1926 59
1951 55
1976 53
