1 4315
26 1709
51 1627
76 1603
101 1609
126 1593
151 1562
176 1546
201 1533
226 1551
251 1555
276 1543
301 1534
326 1539
351 1540
376 1533
401 1538
426 1528
451 1542
476 1545
501 1567
526 1529
551 1540
576 1552
601 1522
626 1530
651 1506
676 1521
701 1555
726 1513
751 1541
776 1508
801 1560
826 1527
851 1556
876 1513
901 1461
926 1508
951 1555
976 1524
1001 1498
1026 1520
1051 1509
1076 1474
1101 1507
1126 1509
1151 1515
1176 1537
1201 1514
1226 1475
1251 1513
1276 1502
1301 1512
1326 1485
1351 1525
1376 1518
1401 1512
1426 1478
1451 1502
1476 1471
1501 1528
1526 1475
1551 1518
1576 1505
1601 1505
1626 1520
1651 1530
1676 1514
1701 1516
1726 1501
1751 1515
1776 1496
1801 1510
1826 1507
1851 1507
1876 1502
1901 1504
1926 1488
1951 1477
1976 1507
