1 41
26 32
51 30
76 29
101 29
126 29
151 29
176 29
201 29
226 29
251 28
276 28
301 26
326 24
351 24
376 24
401 24
426 24
451 24
476 24
501 24
526 24
551 24
576 24
601 24
626 24
651 24
676 24
701 24
726 24
751 24
776 24
801 24
826 24
851 24
876 23
901 23
926 23
951 23
976 23
1001 23
1026 22
1051 22
1076 22
1101 22
1126 22
1151 22
1176 22
1201 22
1226 22
1251 22
1276 22
1301 22
1326 22
1351 22
1376 22
1401 22
1426 22
1451 22
1476 22
1501 22
1526 22
1551 22
1576 22
1601 22
1626 22
1651 22
1676 22
1701 22
1726 22
1751 22
1776 22
1801 22
1826 22
1851 22
1876 22
1901 22
1926 22
1951 22
1976 22
