1 1 6
1 2 4
1 3 6
1 4 5
1 5 6
1 6 7
1 7 5
1 8 5
1 9 6
1 10 5
1 11 6
1 12 4
1 13 2
1 14 6
1 15 7
1 16 5
1 17 4
1 18 5
1 19 5
1 20 3
1 21 4
1 22 3
1 23 6
1 24 6
1 25 4
1 26 5
1 27 6
1 28 5
1 29 3
1 30 4
1 31 4
1 32 6
1 33 5
1 34 4
1 35 4
1 36 5
1 37 4
1 38 5
1 39 5
1 40 5
1 41 4
1 42 4
1 43 5
1 44 5
1 45 6
1 46 6
1 47 6
1 48 3
1 49 5
1 50 6
1 51 3
1 52 4
1 53 4
1 54 4
1 55 5
1 56 6
1 57 7
1 58 7
1 59 5
1 60 4
1 61 6
1 62 6
1 63 4
1 64 5
1 65 5
1 66 5
1 67 9
1 68 5
1 69 6
1 70 5
1 71 7
1 72 4
1 73 5
1 74 4
1 75 5
1 76 6
1 77 5
1 78 7
1 79 7
1 80 5
1 81 5
1 82 5
1 83 5
1 84 6
1 85 6
1 86 5
1 87 7
1 88 9
1 89 7
1 90 6
1 91 6
1 92 7
1 93 6
1 94 6
1 95 5
1 96 6
1 97 7
1 98 8
1 99 6
1 100 6
1 101 6
1 102 6
1 103 7
1 104 6
1 105 4
1 106 6
1 107 6
1 108 5
1 109 6
1 110 7
1 111 8
1 112 4
1 113 6
1 114 6
1 115 7
1 116 6
1 117 6
1 118 4
1 119 5
1 120 5
1 121 7
26 1 2
26 2 3
26 3 4
26 4 6
26 5 3
26 6 5
26 7 6
26 8 5
26 9 1
26 10 1
26 11 4
26 12 2
26 13 4
26 14 5
26 15 3
26 16 2
26 17 2
26 18 4
26 19 3
26 20 3
26 21 3
26 22 4
26 23 3
26 24 2
26 25 2
26 26 2
26 27 2
26 28 1
26 29 1
26 30 2
26 31 3
26 32 2
26 33 5
26 34 1
26 35 2
26 36 0
26 37 1
26 38 1
26 39 2
26 40 1
26 41 2
26 42 2
26 43 3
26 44 3
26 45 3
26 46 2
26 47 2
26 48 1
26 49 1
26 50 0
26 51 1
26 52 0
26 53 0
26 54 1
26 55 1
26 56 0
26 57 0
26 58 1
26 59 1
26 60 1
26 61 1
26 62 2
26 63 0
26 64 1
26 65 1
26 66 0
26 67 1
26 68 0
26 69 1
26 70 1
26 71 1
26 72 1
26 73 1
26 74 1
26 75 2
26 76 3
26 77 3
26 78 3
26 79 1
26 80 1
26 81 1
26 82 2
26 83 3
26 84 2
26 85 4
26 86 5
26 87 6
26 88 6
26 89 2
26 90 1
26 91 2
26 92 1
26 93 3
26 94 5
26 95 5
26 96 5
26 97 6
26 98 6
26 99 4
26 100 2
26 101 2
26 102 2
26 103 5
26 104 5
26 105 5
26 106 5
26 107 5
26 108 6
26 109 6
26 110 6
26 111 2
26 112 2
26 113 4
26 114 4
26 115 5
26 116 5
26 117 5
26 118 5
26 119 5
26 120 6
26 121 4
51 1 2
51 2 4
51 3 4
51 4 5
51 5 5
51 6 6
51 7 5
51 8 3
51 9 4
51 10 5
51 11 3
51 12 4
51 13 3
51 14 5
51 15 4
51 16 4
51 17 3
51 18 4
51 19 3
51 20 4
51 21 4
51 22 4
51 23 1
51 24 3
51 25 3
51 26 2
51 27 2
51 28 3
51 29 1
51 30 0
51 31 2
51 32 3
51 33 4
51 34 1
51 35 1
51 36 2
51 37 1
51 38 3
51 39 2
51 40 1
51 41 1
51 42 2
51 43 3
51 44 3
51 45 1
51 46 1
51 47 1
51 48 2
51 49 2
51 50 1
51 51 0
51 52 1
51 53 2
51 54 1
51 55 1
51 56 2
51 57 2
51 58 1
51 59 1
51 60 1
51 61 0
51 62 0
51 63 1
51 64 1
51 65 1
51 66 1
51 67 2
51 68 2
51 69 2
51 70 1
51 71 1
51 72 0
51 73 0
51 74 2
51 75 2
51 76 3
51 77 3
51 78 4
51 79 2
51 80 1
51 81 2
51 82 1
51 83 3
51 84 3
51 85 2
51 86 5
51 87 5
51 88 5
51 89 3
51 90 2
51 91 2
51 92 2
51 93 5
51 94 5
51 95 6
51 96 6
51 97 6
51 98 5
51 99 5
51 100 2
51 101 2
51 102 2
51 103 5
51 104 5
51 105 5
51 106 6
51 107 5
51 108 7
51 109 5
51 110 4
51 111 2
51 112 1
51 113 3
51 114 5
51 115 6
51 116 6
51 117 4
51 118 5
51 119 5
51 120 5
51 121 6
76 1 2
76 2 3
76 3 4
76 4 4
76 5 3
76 6 5
76 7 7
76 8 4
76 9 5
76 10 4
76 11 3
76 12 4
76 13 4
76 14 5
76 15 5
76 16 3
76 17 3
76 18 2
76 19 3
76 20 4
76 21 5
76 22 5
76 23 4
76 24 3
76 25 1
76 26 3
76 27 2
76 28 1
76 29 0
76 30 0
76 31 2
76 32 4
76 33 4
76 34 1
76 35 1
76 36 1
76 37 1
76 38 2
76 39 1
76 40 0
76 41 0
76 42 1
76 43 3
76 44 3
76 45 1
76 46 2
76 47 1
76 48 1
76 49 1
76 50 2
76 51 2
76 52 1
76 53 2
76 54 3
76 55 2
76 56 2
76 57 2
76 58 1
76 59 1
76 60 1
76 61 1
76 62 2
76 63 1
76 64 3
76 65 1
76 66 0
76 67 1
76 68 1
76 69 2
76 70 1
76 71 1
76 72 1
76 73 1
76 74 3
76 75 3
76 76 4
76 77 3
76 78 2
76 79 2
76 80 1
76 81 1
76 82 1
76 83 1
76 84 3
76 85 2
76 86 5
76 87 6
76 88 4
76 89 3
76 90 1
76 91 1
76 92 2
76 93 3
76 94 7
76 95 7
76 96 6
76 97 5
76 98 5
76 99 5
76 100 2
76 101 2
76 102 3
76 103 4
76 104 5
76 105 4
76 106 6
76 107 6
76 108 6
76 109 6
76 110 5
76 111 2
76 112 1
76 113 5
76 114 5
76 115 5
76 116 5
76 117 6
76 118 4
76 119 6
76 120 4
76 121 6
101 1 1
101 2 6
101 3 6
101 4 5
101 5 4
101 6 4
101 7 4
101 8 2
101 9 3
101 10 3
101 11 2
101 12 3
101 13 4
101 14 4
101 15 5
101 16 4
101 17 2
101 18 2
101 19 5
101 20 4
101 21 4
101 22 4
101 23 2
101 24 3
101 25 4
101 26 2
101 27 1
101 28 1
101 29 2
101 30 1
101 31 3
101 32 3
101 33 4
101 34 1
101 35 1
101 36 1
101 37 1
101 38 1
101 39 2
101 40 2
101 41 1
101 42 2
101 43 2
101 44 4
101 45 1
101 46 2
101 47 1
101 48 1
101 49 2
101 50 2
101 51 2
101 52 2
101 53 1
101 54 2
101 55 2
101 56 2
101 57 1
101 58 2
101 59 1
101 60 2
101 61 1
101 62 1
101 63 2
101 64 0
101 65 1
101 66 0
101 67 2
101 68 1
101 69 1
101 70 2
101 71 2
101 72 2
101 73 1
101 74 1
101 75 3
101 76 1
101 77 1
101 78 2
101 79 2
101 80 2
101 81 2
101 82 1
101 83 3
101 84 2
101 85 3
101 86 5
101 87 4
101 88 4
101 89 2
101 90 0
101 91 1
101 92 2
101 93 3
101 94 5
101 95 5
101 96 5
101 97 6
101 98 6
101 99 5
101 100 1
101 101 1
101 102 3
101 103 3
101 104 5
101 105 5
101 106 5
101 107 5
101 108 6
101 109 5
101 110 6
101 111 3
101 112 1
101 113 4
101 114 4
101 115 5
101 116 4
101 117 4
101 118 5
101 119 4
101 120 6
101 121 5
126 1 1
126 2 3
126 3 5
126 4 3
126 5 5
126 6 5
126 7 4
126 8 4
126 9 3
126 10 5
126 11 3
126 12 4
126 13 5
126 14 5
126 15 3
126 16 3
126 17 2
126 18 2
126 19 4
126 20 5
126 21 4
126 22 4
126 23 2
126 24 4
126 25 2
126 26 2
126 27 2
126 28 1
126 29 2
126 30 2
126 31 3
126 32 4
126 33 3
126 34 2
126 35 2
126 36 1
126 37 2
126 38 2
126 39 2
126 40 1
126 41 1
126 42 2
126 43 2
126 44 1
126 45 1
126 46 1
126 47 1
126 48 1
126 49 1
126 50 1
126 51 2
126 52 1
126 53 3
126 54 4
126 55 3
126 56 2
126 57 1
126 58 1
126 59 1
126 60 1
126 61 0
126 62 2
126 63 1
126 64 1
126 65 1
126 66 1
126 67 1
126 68 2
126 69 2
126 70 0
126 71 1
126 72 1
126 73 2
126 74 1
126 75 1
126 76 4
126 77 3
126 78 3
126 79 2
126 80 1
126 81 2
126 82 2
126 83 1
126 84 2
126 85 3
126 86 5
126 87 5
126 88 5
126 89 3
126 90 1
126 91 1
126 92 1
126 93 3
126 94 4
126 95 3
126 96 4
126 97 4
126 98 5
126 99 6
126 100 3
126 101 2
126 102 1
126 103 3
126 104 2
126 105 3
126 106 5
126 107 5
126 108 4
126 109 5
126 110 6
126 111 2
126 112 2
126 113 3
126 114 2
126 115 4
126 116 3
126 117 5
126 118 5
126 119 4
126 120 3
126 121 5
151 1 2
151 2 2
151 3 5
151 4 2
151 5 3
151 6 3
151 7 3
151 8 2
151 9 3
151 10 4
151 11 5
151 12 3
151 13 3
151 14 4
151 15 4
151 16 3
151 17 2
151 18 2
151 19 3
151 20 5
151 21 4
151 22 4
151 23 2
151 24 2
151 25 3
151 26 3
151 27 1
151 28 1
151 29 1
151 30 0
151 31 1
151 32 3
151 33 4
151 34 1
151 35 2
151 36 2
151 37 1
151 38 1
151 39 1
151 40 1
151 41 1
151 42 2
151 43 4
151 44 4
151 45 1
151 46 1
151 47 2
151 48 1
151 49 2
151 50 2
151 51 2
151 52 1
151 53 2
151 54 1
151 55 1
151 56 1
151 57 2
151 58 1
151 59 1
151 60 1
151 61 1
151 62 1
151 63 2
151 64 1
151 65 1
151 66 2
151 67 1
151 68 1
151 69 2
151 70 1
151 71 2
151 72 1
151 73 0
151 74 1
151 75 3
151 76 2
151 77 3
151 78 3
151 79 1
151 80 1
151 81 2
151 82 1
151 83 2
151 84 4
151 85 4
151 86 4
151 87 4
151 88 5
151 89 4
151 90 2
151 91 2
151 92 3
151 93 3
151 94 4
151 95 5
151 96 5
151 97 5
151 98 6
151 99 4
151 100 3
151 101 2
151 102 2
151 103 4
151 104 5
151 105 4
151 106 4
151 107 6
151 108 5
151 109 6
151 110 3
151 111 2
151 112 2
151 113 2
151 114 3
151 115 4
151 116 3
151 117 3
151 118 4
151 119 3
151 120 4
151 121 4
176 1 1
176 2 2
176 3 3
176 4 2
176 5 3
176 6 3
176 7 3
176 8 3
176 9 6
176 10 3
176 11 4
176 12 4
176 13 3
176 14 3
176 15 2
176 16 4
176 17 2
176 18 1
176 19 4
176 20 4
176 21 3
176 22 4
176 23 2
176 24 2
176 25 2
176 26 2
176 27 1
176 28 1
176 29 2
176 30 1
176 31 1
176 32 3
176 33 3
176 34 3
176 35 1
176 36 2
176 37 1
176 38 1
176 39 0
176 40 1
176 41 2
176 42 1
176 43 3
176 44 1
176 45 1
176 46 2
176 47 1
176 48 2
176 49 1
176 50 1
176 51 1
176 52 2
176 53 1
176 54 1
176 55 0
176 56 2
176 57 1
176 58 2
176 59 1
176 60 2
176 61 2
176 62 1
176 63 1
176 64 1
176 65 1
176 66 1
176 67 2
176 68 1
176 69 2
176 70 2
176 71 1
176 72 2
176 73 1
176 74 1
176 75 4
176 76 2
176 77 3
176 78 4
176 79 2
176 80 2
176 81 1
176 82 1
176 83 3
176 84 3
176 85 4
176 86 4
176 87 5
176 88 4
176 89 1
176 90 1
176 91 1
176 92 3
176 93 3
176 94 4
176 95 3
176 96 4
176 97 5
176 98 4
176 99 4
176 100 3
176 101 0
176 102 2
176 103 3
176 104 3
176 105 3
176 106 4
176 107 4
176 108 4
176 109 5
176 110 5
176 111 2
176 112 2
176 113 2
176 114 3
176 115 3
176 116 3
176 117 3
176 118 4
176 119 5
176 120 5
176 121 4
201 1 1
201 2 2
201 3 3
201 4 2
201 5 3
201 6 3
201 7 3
201 8 3
201 9 5
201 10 4
201 11 2
201 12 4
201 13 2
201 14 2
201 15 2
201 16 1
201 17 2
201 18 1
201 19 3
201 20 3
201 21 4
201 22 4
201 23 4
201 24 1
201 25 2
201 26 2
201 27 1
201 28 1
201 29 2
201 30 2
201 31 3
201 32 3
201 33 3
201 34 1
201 35 2
201 36 2
201 37 2
201 38 2
201 39 1
201 40 1
201 41 2
201 42 1
201 43 3
201 44 2
201 45 1
201 46 2
201 47 1
201 48 1
201 49 2
201 50 2
201 51 2
201 52 1
201 53 1
201 54 1
201 55 2
201 56 0
201 57 1
201 58 1
201 59 1
201 60 1
201 61 1
201 62 1
201 63 2
201 64 1
201 65 1
201 66 0
201 67 2
201 68 1
201 69 2
201 70 1
201 71 1
201 72 0
201 73 1
201 74 3
201 75 2
201 76 2
201 77 1
201 78 2
201 79 2
201 80 1
201 81 2
201 82 1
201 83 3
201 84 2
201 85 4
201 86 3
201 87 2
201 88 4
201 89 2
201 90 1
201 91 2
201 92 2
201 93 3
201 94 3
201 95 3
201 96 5
201 97 5
201 98 4
201 99 5
201 100 2
201 101 2
201 102 2
201 103 3
201 104 3
201 105 3
201 106 3
201 107 4
201 108 4
201 109 5
201 110 5
201 111 2
201 112 2
201 113 3
201 114 3
201 115 3
201 116 4
201 117 5
201 118 3
201 119 5
201 120 4
201 121 5
226 1 0
226 2 3
226 3 3
226 4 2
226 5 3
226 6 3
226 7 4
226 8 3
226 9 4
226 10 4
226 11 3
226 12 4
226 13 2
226 14 2
226 15 3
226 16 2
226 17 2
226 18 3
226 19 1
226 20 4
226 21 4
226 22 4
226 23 3
226 24 2
226 25 3
226 26 2
226 27 2
226 28 2
226 29 3
226 30 2
226 31 4
226 32 6
226 33 5
226 34 1
226 35 2
226 36 1
226 37 1
226 38 2
226 39 1
226 40 2
226 41 2
226 42 2
226 43 3
226 44 2
226 45 2
226 46 1
226 47 2
226 48 1
226 49 1
226 50 1
226 51 2
226 52 2
226 53 2
226 54 1
226 55 2
226 56 1
226 57 2
226 58 1
226 59 1
226 60 0
226 61 1
226 62 2
226 63 1
226 64 1
226 65 2
226 66 1
226 67 1
226 68 1
226 69 2
226 70 2
226 71 1
226 72 2
226 73 2
226 74 1
226 75 2
226 76 2
226 77 3
226 78 2
226 79 1
226 80 1
226 81 1
226 82 3
226 83 2
226 84 1
226 85 3
226 86 4
226 87 3
226 88 3
226 89 2
226 90 2
226 91 1
226 92 1
226 93 2
226 94 4
226 95 3
226 96 4
226 97 3
226 98 4
226 99 4
226 100 2
226 101 3
226 102 2
226 103 3
226 104 3
226 105 3
226 106 3
226 107 4
226 108 4
226 109 4
226 110 5
226 111 1
226 112 3
226 113 3
226 114 3
226 115 3
226 116 2
226 117 4
226 118 4
226 119 5
226 120 3
226 121 4
251 1 2
251 2 3
251 3 3
251 4 3
251 5 4
251 6 4
251 7 4
251 8 3
251 9 4
251 10 4
251 11 2
251 12 4
251 13 3
251 14 3
251 15 3
251 16 2
251 17 1
251 18 2
251 19 4
251 20 5
251 21 5
251 22 6
251 23 2
251 24 2
251 25 2
251 26 3
251 27 2
251 28 1
251 29 2
251 30 1
251 31 1
251 32 4
251 33 6
251 34 2
251 35 1
251 36 2
251 37 1
251 38 2
251 39 1
251 40 2
251 41 2
251 42 2
251 43 3
251 44 2
251 45 1
251 46 1
251 47 2
251 48 2
251 49 2
251 50 1
251 51 0
251 52 1
251 53 2
251 54 4
251 55 2
251 56 2
251 57 2
251 58 2
251 59 2
251 60 0
251 61 1
251 62 1
251 63 1
251 64 1
251 65 2
251 66 1
251 67 1
251 68 2
251 69 1
251 70 0
251 71 1
251 72 2
251 73 2
251 74 1
251 75 2
251 76 2
251 77 1
251 78 2
251 79 2
251 80 1
251 81 1
251 82 2
251 83 3
251 84 2
251 85 3
251 86 2
251 87 4
251 88 2
251 89 2
251 90 1
251 91 2
251 92 2
251 93 3
251 94 3
251 95 4
251 96 4
251 97 4
251 98 4
251 99 2
251 100 2
251 101 1
251 102 3
251 103 3
251 104 3
251 105 4
251 106 4
251 107 3
251 108 4
251 109 3
251 110 3
251 111 2
251 112 2
251 113 3
251 114 2
251 115 3
251 116 4
251 117 4
251 118 3
251 119 4
251 120 3
251 121 4
276 1 1
276 2 1
276 3 2
276 4 3
276 5 3
276 6 4
276 7 4
276 8 4
276 9 3
276 10 3
276 11 4
276 12 3
276 13 3
276 14 4
276 15 3
276 16 2
276 17 2
276 18 3
276 19 1
276 20 5
276 21 6
276 22 5
276 23 2
276 24 2
276 25 3
276 26 2
276 27 2
276 28 1
276 29 3
276 30 1
276 31 3
276 32 5
276 33 4
276 34 1
276 35 2
276 36 1
276 37 1
276 38 2
276 39 2
276 40 1
276 41 2
276 42 1
276 43 2
276 44 1
276 45 2
276 46 1
276 47 1
276 48 2
276 49 1
276 50 1
276 51 1
276 52 1
276 53 1
276 54 2
276 55 2
276 56 1
276 57 1
276 58 1
276 59 1
276 60 2
276 61 2
276 62 1
276 63 2
276 64 2
276 65 2
276 66 1
276 67 1
276 68 1
276 69 2
276 70 1
276 71 1
276 72 2
276 73 2
276 74 1
276 75 1
276 76 2
276 77 2
276 78 2
276 79 2
276 80 1
276 81 1
276 82 2
276 83 2
276 84 1
276 85 3
276 86 3
276 87 3
276 88 3
276 89 3
276 90 2
276 91 2
276 92 1
276 93 2
276 94 4
276 95 4
276 96 3
276 97 4
276 98 3
276 99 4
276 100 2
276 101 1
276 102 1
276 103 2
276 104 4
276 105 4
276 106 4
276 107 4
276 108 4
276 109 4
276 110 3
276 111 2
276 112 2
276 113 2
276 114 3
276 115 3
276 116 4
276 117 4
276 118 4
276 119 4
276 120 3
276 121 3
301 1 2
301 2 3
301 3 4
301 4 2
301 5 2
301 6 4
301 7 4
301 8 3
301 9 3
301 10 2
301 11 4
301 12 3
301 13 2
301 14 4
301 15 3
301 16 3
301 17 1
301 18 3
301 19 2
301 20 5
301 21 5
301 22 4
301 23 2
301 24 1
301 25 2
301 26 1
301 27 3
301 28 1
301 29 2
301 30 2
301 31 4
301 32 1
301 33 5
301 34 2
301 35 1
301 36 1
301 37 2
301 38 2
301 39 1
301 40 2
301 41 2
301 42 2
301 43 3
301 44 2
301 45 2
301 46 1
301 47 1
301 48 3
301 49 1
301 50 2
301 51 1
301 52 1
301 53 1
301 54 1
301 55 1
301 56 1
301 57 1
301 58 2
301 59 2
301 60 1
301 61 1
301 62 2
301 63 1
301 64 2
301 65 3
301 66 1
301 67 2
301 68 1
301 69 1
301 70 1
301 71 1
301 72 1
301 73 2
301 74 1
301 75 3
301 76 3
301 77 3
301 78 1
301 79 2
301 80 1
301 81 2
301 82 1
301 83 1
301 84 3
301 85 3
301 86 3
301 87 3
301 88 3
301 89 2
301 90 2
301 91 2
301 92 3
301 93 3
301 94 4
301 95 4
301 96 4
301 97 4
301 98 4
301 99 3
301 100 3
301 101 1
301 102 3
301 103 2
301 104 3
301 105 4
301 106 4
301 107 4
301 108 4
301 109 3
301 110 3
301 111 1
301 112 2
301 113 3
301 114 2
301 115 3
301 116 4
301 117 4
301 118 4
301 119 3
301 120 3
301 121 3
326 1 2
326 2 3
326 3 3
326 4 3
326 5 1
326 6 2
326 7 4
326 8 3
326 9 2
326 10 3
326 11 2
326 12 3
326 13 4
326 14 4
326 15 4
326 16 5
326 17 3
326 18 3
326 19 1
326 20 4
326 21 3
326 22 4
326 23 2
326 24 3
326 25 1
326 26 1
326 27 1
326 28 0
326 29 1
326 30 0
326 31 1
326 32 2
326 33 3
326 34 2
326 35 1
326 36 2
326 37 1
326 38 3
326 39 1
326 40 1
326 41 1
326 42 2
326 43 2
326 44 2
326 45 1
326 46 2
326 47 1
326 48 2
326 49 1
326 50 2
326 51 1
326 52 1
326 53 1
326 54 2
326 55 1
326 56 1
326 57 2
326 58 0
326 59 1
326 60 1
326 61 1
326 62 2
326 63 2
326 64 1
326 65 2
326 66 0
326 67 1
326 68 3
326 69 1
326 70 2
326 71 1
326 72 1
326 73 1
326 74 2
326 75 2
326 76 2
326 77 3
326 78 2
326 79 2
326 80 1
326 81 1
326 82 3
326 83 1
326 84 1
326 85 3
326 86 3
326 87 4
326 88 4
326 89 2
326 90 1
326 91 2
326 92 1
326 93 3
326 94 4
326 95 4
326 96 4
326 97 3
326 98 3
326 99 3
326 100 1
326 101 2
326 102 0
326 103 1
326 104 4
326 105 4
326 106 3
326 107 4
326 108 3
326 109 3
326 110 3
326 111 3
326 112 3
326 113 3
326 114 3
326 115 2
326 116 3
326 117 4
326 118 4
326 119 3
326 120 3
326 121 3
351 1 2
351 2 3
351 3 4
351 4 3
351 5 4
351 6 4
351 7 4
351 8 3
351 9 3
351 10 3
351 11 2
351 12 3
351 13 3
351 14 3
351 15 4
351 16 2
351 17 3
351 18 3
351 19 2
351 20 4
351 21 3
351 22 3
351 23 1
351 24 2
351 25 2
351 26 2
351 27 1
351 28 1
351 29 1
351 30 2
351 31 1
351 32 3
351 33 3
351 34 1
351 35 2
351 36 1
351 37 3
351 38 2
351 39 2
351 40 2
351 41 2
351 42 1
351 43 3
351 44 2
351 45 1
351 46 1
351 47 2
351 48 2
351 49 1
351 50 1
351 51 2
351 52 1
351 53 1
351 54 1
351 55 2
351 56 1
351 57 2
351 58 1
351 59 1
351 60 0
351 61 0
351 62 1
351 63 2
351 64 1
351 65 1
351 66 1
351 67 3
351 68 1
351 69 1
351 70 1
351 71 0
351 72 1
351 73 2
351 74 3
351 75 2
351 76 2
351 77 2
351 78 4
351 79 3
351 80 2
351 81 0
351 82 2
351 83 0
351 84 2
351 85 5
351 86 4
351 87 4
351 88 4
351 89 1
351 90 2
351 91 1
351 92 3
351 93 4
351 94 5
351 95 5
351 96 4
351 97 4
351 98 4
351 99 2
351 100 3
351 101 1
351 102 2
351 103 2
351 104 4
351 105 4
351 106 4
351 107 5
351 108 3
351 109 2
351 110 3
351 111 3
351 112 1
351 113 2
351 114 3
351 115 3
351 116 3
351 117 4
351 118 4
351 119 2
351 120 3
351 121 3
376 1 1
376 2 3
376 3 4
376 4 5
376 5 3
376 6 4
376 7 5
376 8 3
376 9 3
376 10 3
376 11 2
376 12 4
376 13 3
376 14 4
376 15 5
376 16 4
376 17 3
376 18 3
376 19 4
376 20 3
376 21 3
376 22 4
376 23 3
376 24 3
376 25 2
376 26 2
376 27 1
376 28 1
376 29 1
376 30 1
376 31 1
376 32 4
376 33 3
376 34 1
376 35 1
376 36 1
376 37 1
376 38 0
376 39 2
376 40 2
376 41 1
376 42 3
376 43 2
376 44 2
376 45 1
376 46 2
376 47 1
376 48 1
376 49 2
376 50 1
376 51 2
376 52 2
376 53 0
376 54 1
376 55 2
376 56 2
376 57 1
376 58 1
376 59 1
376 60 0
376 61 0
376 62 1
376 63 2
376 64 1
376 65 1
376 66 1
376 67 2
376 68 1
376 69 2
376 70 1
376 71 0
376 72 1
376 73 3
376 74 2
376 75 1
376 76 4
376 77 2
376 78 3
376 79 2
376 80 1
376 81 1
376 82 3
376 83 4
376 84 4
376 85 4
376 86 4
376 87 4
376 88 4
376 89 2
376 90 1
376 91 1
376 92 2
376 93 4
376 94 4
376 95 5
376 96 5
376 97 5
376 98 5
376 99 3
376 100 2
376 101 1
376 102 3
376 103 4
376 104 3
376 105 4
376 106 3
376 107 5
376 108 5
376 109 5
376 110 4
376 111 1
376 112 2
376 113 4
376 114 4
376 115 3
376 116 4
376 117 3
376 118 4
376 119 4
376 120 5
376 121 3
401 1 2
401 2 1
401 3 4
401 4 2
401 5 4
401 6 4
401 7 4
401 8 3
401 9 3
401 10 2
401 11 3
401 12 3
401 13 4
401 14 4
401 15 4
401 16 3
401 17 2
401 18 3
401 19 2
401 20 3
401 21 2
401 22 2
401 23 3
401 24 3
401 25 2
401 26 2
401 27 1
401 28 1
401 29 1
401 30 2
401 31 2
401 32 3
401 33 4
401 34 2
401 35 1
401 36 1
401 37 2
401 38 1
401 39 2
401 40 1
401 41 0
401 42 1
401 43 2
401 44 4
401 45 2
401 46 1
401 47 1
401 48 2
401 49 1
401 50 2
401 51 1
401 52 1
401 53 1
401 54 1
401 55 1
401 56 2
401 57 1
401 58 2
401 59 1
401 60 2
401 61 1
401 62 1
401 63 2
401 64 2
401 65 3
401 66 1
401 67 1
401 68 1
401 69 2
401 70 2
401 71 0
401 72 1
401 73 2
401 74 2
401 75 2
401 76 1
401 77 2
401 78 3
401 79 1
401 80 1
401 81 2
401 82 1
401 83 2
401 84 3
401 85 4
401 86 4
401 87 4
401 88 4
401 89 3
401 90 2
401 91 1
401 92 1
401 93 3
401 94 4
401 95 4
401 96 4
401 97 4
401 98 5
401 99 4
401 100 4
401 101 2
401 102 3
401 103 3
401 104 4
401 105 3
401 106 4
401 107 5
401 108 4
401 109 5
401 110 4
401 111 1
401 112 3
401 113 4
401 114 3
401 115 4
401 116 5
401 117 3
401 118 4
401 119 4
401 120 4
401 121 4
426 1 1
426 2 2
426 3 4
426 4 3
426 5 2
426 6 4
426 7 3
426 8 2
426 9 4
426 10 4
426 11 4
426 12 4
426 13 4
426 14 3
426 15 4
426 16 1
426 17 3
426 18 3
426 19 1
426 20 4
426 21 3
426 22 3
426 23 2
426 24 2
426 25 2
426 26 2
426 27 1
426 28 2
426 29 2
426 30 1
426 31 3
426 32 3
426 33 3
426 34 3
426 35 2
426 36 1
426 37 2
426 38 2
426 39 1
426 40 1
426 41 1
426 42 1
426 43 3
426 44 2
426 45 3
426 46 1
426 47 2
426 48 1
426 49 2
426 50 1
426 51 1
426 52 1
426 53 1
426 54 3
426 55 2
426 56 1
426 57 1
426 58 1
426 59 1
426 60 1
426 61 2
426 62 2
426 63 2
426 64 2
426 65 1
426 66 2
426 67 2
426 68 2
426 69 1
426 70 1
426 71 2
426 72 1
426 73 2
426 74 2
426 75 2
426 76 3
426 77 4
426 78 3
426 79 2
426 80 2
426 81 2
426 82 2
426 83 2
426 84 1
426 85 3
426 86 3
426 87 4
426 88 4
426 89 2
426 90 1
426 91 2
426 92 2
426 93 2
426 94 3
426 95 3
426 96 4
426 97 3
426 98 4
426 99 4
426 100 2
426 101 1
426 102 1
426 103 2
426 104 2
426 105 3
426 106 3
426 107 3
426 108 3
426 109 3
426 110 3
426 111 1
426 112 2
426 113 4
426 114 3
426 115 2
426 116 3
426 117 3
426 118 3
426 119 4
426 120 4
426 121 4
451 1 1
451 2 2
451 3 3
451 4 3
451 5 2
451 6 3
451 7 3
451 8 1
451 9 1
451 10 2
451 11 3
451 12 3
451 13 2
451 14 4
451 15 3
451 16 1
451 17 2
451 18 1
451 19 1
451 20 2
451 21 2
451 22 4
451 23 3
451 24 2
451 25 1
451 26 2
451 27 1
451 28 2
451 29 1
451 30 2
451 31 2
451 32 4
451 33 4
451 34 1
451 35 1
451 36 1
451 37 2
451 38 2
451 39 1
451 40 1
451 41 2
451 42 1
451 43 3
451 44 3
451 45 1
451 46 2
451 47 2
451 48 1
451 49 1
451 50 1
451 51 1
451 52 1
451 53 1
451 54 3
451 55 0
451 56 2
451 57 2
451 58 1
451 59 1
451 60 1
451 61 2
451 62 1
451 63 2
451 64 1
451 65 2
451 66 1
451 67 2
451 68 1
451 69 2
451 70 2
451 71 1
451 72 2
451 73 1
451 74 1
451 75 2
451 76 2
451 77 1
451 78 2
451 79 1
451 80 2
451 81 1
451 82 2
451 83 2
451 84 1
451 85 3
451 86 3
451 87 4
451 88 3
451 89 2
451 90 2
451 91 1
451 92 1
451 93 4
451 94 3
451 95 4
451 96 3
451 97 3
451 98 4
451 99 2
451 100 1
451 101 1
451 102 2
451 103 3
451 104 3
451 105 2
451 106 2
451 107 3
451 108 3
451 109 2
451 110 2
451 111 2
451 112 3
451 113 3
451 114 3
451 115 3
451 116 3
451 117 3
451 118 2
451 119 2
451 120 2
451 121 2
476 1 1
476 2 1
476 3 2
476 4 2
476 5 3
476 6 3
476 7 3
476 8 2
476 9 1
476 10 1
476 11 2
476 12 2
476 13 2
476 14 2
476 15 2
476 16 1
476 17 3
476 18 2
476 19 2
476 20 2
476 21 1
476 22 3
476 23 1
476 24 2
476 25 1
476 26 1
476 27 1
476 28 1
476 29 1
476 30 1
476 31 1
476 32 2
476 33 4
476 34 1
476 35 1
476 36 1
476 37 1
476 38 2
476 39 1
476 40 1
476 41 3
476 42 2
476 43 4
476 44 3
476 45 1
476 46 1
476 47 2
476 48 1
476 49 2
476 50 1
476 51 1
476 52 2
476 53 2
476 54 3
476 55 1
476 56 1
476 57 2
476 58 2
476 59 2
476 60 2
476 61 2
476 62 1
476 63 1
476 64 1
476 65 1
476 66 1
476 67 1
476 68 1
476 69 1
476 70 1
476 71 1
476 72 2
476 73 1
476 74 1
476 75 1
476 76 2
476 77 1
476 78 1
476 79 1
476 80 2
476 81 2
476 82 2
476 83 2
476 84 2
476 85 2
476 86 4
476 87 3
476 88 2
476 89 2
476 90 1
476 91 2
476 92 2
476 93 1
476 94 2
476 95 2
476 96 5
476 97 3
476 98 2
476 99 3
476 100 1
476 101 2
476 102 2
476 103 3
476 104 3
476 105 3
476 106 3
476 107 2
476 108 3
476 109 2
476 110 2
476 111 1
476 112 2
476 113 3
476 114 2
476 115 3
476 116 3
476 117 3
476 118 2
476 119 1
476 120 2
476 121 2
501 1 2
501 2 2
501 3 2
501 4 2
501 5 2
501 6 2
501 7 2
501 8 2
501 9 2
501 10 1
501 11 2
501 12 2
501 13 2
501 14 2
501 15 2
501 16 2
501 17 1
501 18 1
501 19 3
501 20 2
501 21 3
501 22 2
501 23 1
501 24 1
501 25 2
501 26 2
501 27 1
501 28 1
501 29 2
501 30 2
501 31 3
501 32 2
501 33 2
501 34 1
501 35 2
501 36 1
501 37 1
501 38 1
501 39 1
501 40 2
501 41 1
501 42 1
501 43 3
501 44 2
501 45 1
501 46 1
501 47 1
501 48 2
501 49 1
501 50 2
501 51 1
501 52 1
501 53 1
501 54 1
501 55 1
501 56 1
501 57 2
501 58 1
501 59 1
501 60 2
501 61 1
501 62 2
501 63 1
501 64 2
501 65 1
501 66 1
501 67 1
501 68 1
501 69 1
501 70 2
501 71 1
501 72 2
501 73 1
501 74 2
501 75 2
501 76 1
501 77 2
501 78 1
501 79 1
501 80 1
501 81 2
501 82 1
501 83 2
501 84 2
501 85 3
501 86 2
501 87 2
501 88 1
501 89 2
501 90 1
501 91 3
501 92 2
501 93 1
501 94 2
501 95 3
501 96 3
501 97 3
501 98 2
501 99 2
501 100 2
501 101 2
501 102 2
501 103 2
501 104 2
501 105 3
501 106 3
501 107 3
501 108 2
501 109 2
501 110 2
501 111 2
501 112 2
501 113 2
501 114 2
501 115 2
501 116 2
501 117 2
501 118 2
501 119 1
501 120 2
501 121 2
526 1 2
526 2 1
526 3 2
526 4 2
526 5 2
526 6 2
526 7 2
526 8 2
526 9 2
526 10 2
526 11 1
526 12 2
526 13 2
526 14 2
526 15 2
526 16 2
526 17 2
526 18 2
526 19 1
526 20 3
526 21 3
526 22 2
526 23 1
526 24 1
526 25 2
526 26 2
526 27 1
526 28 2
526 29 1
526 30 2
526 31 2
526 32 3
526 33 1
526 34 1
526 35 1
526 36 1
526 37 2
526 38 2
526 39 1
526 40 2
526 41 1
526 42 2
526 43 2
526 44 1
526 45 1
526 46 1
526 47 2
526 48 2
526 49 1
526 50 1
526 51 1
526 52 1
526 53 2
526 54 2
526 55 2
526 56 2
526 57 2
526 58 1
526 59 2
526 60 1
526 61 1
526 62 2
526 63 1
526 64 1
526 65 1
526 66 2
526 67 1
526 68 1
526 69 1
526 70 2
526 71 2
526 72 1
526 73 1
526 74 1
526 75 1
526 76 1
526 77 1
526 78 1
526 79 0
526 80 1
526 81 1
526 82 1
526 83 2
526 84 2
526 85 2
526 86 3
526 87 2
526 88 2
526 89 2
526 90 3
526 91 3
526 92 2
526 93 2
526 94 2
526 95 2
526 96 2
526 97 3
526 98 2
526 99 2
526 100 1
526 101 2
526 102 2
526 103 2
526 104 2
526 105 2
526 106 3
526 107 3
526 108 3
526 109 3
526 110 2
526 111 2
526 112 2
526 113 2
526 114 2
526 115 3
526 116 3
526 117 2
526 118 2
526 119 3
526 120 2
526 121 3
551 1 2
551 2 2
551 3 2
551 4 2
551 5 2
551 6 2
551 7 2
551 8 2
551 9 3
551 10 2
551 11 2
551 12 3
551 13 2
551 14 2
551 15 2
551 16 2
551 17 2
551 18 2
551 19 2
551 20 3
551 21 3
551 22 3
551 23 1
551 24 2
551 25 1
551 26 2
551 27 2
551 28 1
551 29 1
551 30 2
551 31 1
551 32 1
551 33 2
551 34 1
551 35 2
551 36 2
551 37 1
551 38 1
551 39 2
551 40 1
551 41 1
551 42 1
551 43 2
551 44 2
551 45 2
551 46 1
551 47 1
551 48 1
551 49 1
551 50 1
551 51 1
551 52 1
551 53 1
551 54 1
551 55 1
551 56 1
551 57 1
551 58 1
551 59 1
551 60 1
551 61 1
551 62 2
551 63 2
551 64 2
551 65 2
551 66 1
551 67 1
551 68 2
551 69 1
551 70 2
551 71 2
551 72 1
551 73 1
551 74 1
551 75 1
551 76 2
551 77 2
551 78 1
551 79 1
551 80 1
551 81 1
551 82 2
551 83 2
551 84 2
551 85 2
551 86 2
551 87 3
551 88 3
551 89 2
551 90 0
551 91 1
551 92 2
551 93 2
551 94 2
551 95 2
551 96 3
551 97 2
551 98 3
551 99 3
551 100 1
551 101 2
551 102 2
551 103 3
551 104 2
551 105 2
551 106 2
551 107 2
551 108 2
551 109 3
551 110 2
551 111 2
551 112 2
551 113 2
551 114 3
551 115 2
551 116 2
551 117 2
551 118 2
551 119 3
551 120 3
551 121 2
576 1 1
576 2 2
576 3 2
576 4 2
576 5 2
576 6 2
576 7 2
576 8 2
576 9 2
576 10 1
576 11 3
576 12 3
576 13 3
576 14 2
576 15 2
576 16 1
576 17 1
576 18 2
576 19 1
576 20 3
576 21 3
576 22 3
576 23 1
576 24 2
576 25 2
576 26 1
576 27 1
576 28 2
576 29 1
576 30 1
576 31 1
576 32 4
576 33 3
576 34 1
576 35 1
576 36 1
576 37 1
576 38 2
576 39 2
576 40 2
576 41 2
576 42 1
576 43 3
576 44 4
576 45 2
576 46 1
576 47 1
576 48 2
576 49 1
576 50 1
576 51 1
576 52 1
576 53 1
576 54 3
576 55 1
576 56 1
576 57 1
576 58 1
576 59 2
576 60 2
576 61 2
576 62 1
576 63 2
576 64 2
576 65 2
576 66 0
576 67 1
576 68 1
576 69 1
576 70 2
576 71 2
576 72 2
576 73 2
576 74 2
576 75 2
576 76 2
576 77 2
576 78 3
576 79 2
576 80 2
576 81 2
576 82 1
576 83 2
576 84 2
576 85 3
576 86 2
576 87 3
576 88 3
576 89 2
576 90 1
576 91 2
576 92 1
576 93 2
576 94 2
576 95 2
576 96 3
576 97 3
576 98 3
576 99 2
576 100 2
576 101 2
576 102 3
576 103 2
576 104 2
576 105 2
576 106 2
576 107 2
576 108 2
576 109 3
576 110 2
576 111 1
576 112 2
576 113 2
576 114 2
576 115 2
576 116 2
576 117 2
576 118 3
576 119 3
576 120 2
576 121 3
601 1 2
601 2 2
601 3 3
601 4 2
601 5 2
601 6 2
601 7 2
601 8 2
601 9 3
601 10 3
601 11 2
601 12 3
601 13 3
601 14 3
601 15 2
601 16 2
601 17 2
601 18 3
601 19 2
601 20 3
601 21 3
601 22 3
601 23 3
601 24 1
601 25 2
601 26 2
601 27 2
601 28 1
601 29 1
601 30 2
601 31 2
601 32 3
601 33 3
601 34 2
601 35 2
601 36 2
601 37 1
601 38 2
601 39 1
601 40 2
601 41 2
601 42 1
601 43 3
601 44 3
601 45 1
601 46 1
601 47 2
601 48 1
601 49 1
601 50 1
601 51 1
601 52 1
601 53 1
601 54 2
601 55 2
601 56 1
601 57 2
601 58 2
601 59 2
601 60 1
601 61 2
601 62 1
601 63 1
601 64 2
601 65 1
601 66 2
601 67 2
601 68 2
601 69 1
601 70 2
601 71 1
601 72 1
601 73 2
601 74 1
601 75 2
601 76 2
601 77 2
601 78 2
601 79 2
601 80 1
601 81 1
601 82 2
601 83 2
601 84 2
601 85 1
601 86 2
601 87 3
601 88 2
601 89 2
601 90 2
601 91 2
601 92 2
601 93 2
601 94 2
601 95 2
601 96 2
601 97 2
601 98 2
601 99 2
601 100 2
601 101 1
601 102 2
601 103 2
601 104 2
601 105 2
601 106 2
601 107 2
601 108 3
601 109 2
601 110 3
601 111 2
601 112 2
601 113 2
601 114 2
601 115 2
601 116 2
601 117 2
601 118 2
601 119 2
601 120 2
601 121 2
626 1 1
626 2 3
626 3 3
626 4 3
626 5 2
626 6 2
626 7 2
626 8 2
626 9 3
626 10 2
626 11 3
626 12 2
626 13 3
626 14 3
626 15 3
626 16 2
626 17 1
626 18 2
626 19 2
626 20 3
626 21 3
626 22 2
626 23 2
626 24 1
626 25 2
626 26 2
626 27 1
626 28 2
626 29 2
626 30 1
626 31 3
626 32 2
626 33 3
626 34 3
626 35 2
626 36 1
626 37 2
626 38 1
626 39 1
626 40 1
626 41 1
626 42 3
626 43 3
626 44 3
626 45 2
626 46 1
626 47 2
626 48 1
626 49 1
626 50 1
626 51 2
626 52 0
626 53 1
626 54 2
626 55 1
626 56 2
626 57 2
626 58 2
626 59 1
626 60 2
626 61 1
626 62 2
626 63 1
626 64 1
626 65 2
626 66 1
626 67 1
626 68 1
626 69 1
626 70 1
626 71 2
626 72 2
626 73 2
626 74 1
626 75 2
626 76 2
626 77 2
626 78 1
626 79 1
626 80 2
626 81 1
626 82 2
626 83 2
626 84 2
626 85 2
626 86 2
626 87 2
626 88 2
626 89 1
626 90 1
626 91 2
626 92 2
626 93 2
626 94 2
626 95 2
626 96 2
626 97 2
626 98 2
626 99 3
626 100 3
626 101 2
626 102 2
626 103 2
626 104 2
626 105 2
626 106 3
626 107 2
626 108 2
626 109 3
626 110 3
626 111 3
626 112 2
626 113 3
626 114 2
626 115 2
626 116 2
626 117 2
626 118 2
626 119 2
626 120 2
626 121 3
651 1 1
651 2 3
651 3 3
651 4 3
651 5 2
651 6 2
651 7 2
651 8 2
651 9 3
651 10 2
651 11 3
651 12 1
651 13 3
651 14 3
651 15 3
651 16 1
651 17 2
651 18 2
651 19 3
651 20 2
651 21 3
651 22 3
651 23 2
651 24 2
651 25 2
651 26 2
651 27 1
651 28 1
651 29 1
651 30 2
651 31 2
651 32 4
651 33 2
651 34 1
651 35 1
651 36 0
651 37 1
651 38 2
651 39 1
651 40 1
651 41 2
651 42 2
651 43 3
651 44 3
651 45 0
651 46 2
651 47 1
651 48 1
651 49 2
651 50 1
651 51 1
651 52 2
651 53 1
651 54 3
651 55 2
651 56 1
651 57 1
651 58 2
651 59 1
651 60 1
651 61 2
651 62 2
651 63 1
651 64 2
651 65 1
651 66 2
651 67 2
651 68 2
651 69 1
651 70 1
651 71 1
651 72 2
651 73 1
651 74 2
651 75 2
651 76 2
651 77 1
651 78 2
651 79 1
651 80 0
651 81 1
651 82 2
651 83 2
651 84 1
651 85 2
651 86 2
651 87 2
651 88 2
651 89 2
651 90 1
651 91 1
651 92 2
651 93 2
651 94 3
651 95 3
651 96 3
651 97 3
651 98 2
651 99 3
651 100 2
651 101 2
651 102 2
651 103 2
651 104 2
651 105 2
651 106 3
651 107 3
651 108 2
651 109 2
651 110 2
651 111 1
651 112 3
651 113 3
651 114 2
651 115 2
651 116 2
651 117 2
651 118 2
651 119 3
651 120 2
651 121 3
676 1 1
676 2 2
676 3 3
676 4 3
676 5 2
676 6 2
676 7 2
676 8 2
676 9 3
676 10 2
676 11 3
676 12 3
676 13 3
676 14 3
676 15 3
676 16 2
676 17 1
676 18 2
676 19 2
676 20 1
676 21 3
676 22 2
676 23 2
676 24 2
676 25 2
676 26 2
676 27 1
676 28 2
676 29 1
676 30 1
676 31 2
676 32 1
676 33 3
676 34 1
676 35 0
676 36 1
676 37 2
676 38 1
676 39 0
676 40 1
676 41 1
676 42 1
676 43 3
676 44 1
676 45 2
676 46 1
676 47 1
676 48 1
676 49 2
676 50 2
676 51 1
676 52 0
676 53 1
676 54 2
676 55 2
676 56 1
676 57 2
676 58 2
676 59 2
676 60 2
676 61 1
676 62 2
676 63 1
676 64 2
676 65 1
676 66 1
676 67 1
676 68 1
676 69 1
676 70 1
676 71 1
676 72 1
676 73 1
676 74 2
676 75 2
676 76 2
676 77 2
676 78 1
676 79 1
676 80 1
676 81 2
676 82 1
676 83 1
676 84 2
676 85 2
676 86 2
676 87 2
676 88 3
676 89 2
676 90 1
676 91 2
676 92 2
676 93 3
676 94 3
676 95 3
676 96 3
676 97 2
676 98 3
676 99 2
676 100 2
676 101 1
676 102 2
676 103 2
676 104 3
676 105 4
676 106 4
676 107 3
676 108 3
676 109 3
676 110 3
676 111 2
676 112 1
676 113 3
676 114 3
676 115 3
676 116 4
676 117 3
676 118 2
676 119 2
676 120 3
676 121 3
701 1 1
701 2 3
701 3 3
701 4 3
701 5 3
701 6 3
701 7 2
701 8 2
701 9 2
701 10 2
701 11 3
701 12 2
701 13 3
701 14 2
701 15 3
701 16 3
701 17 2
701 18 2
701 19 0
701 20 2
701 21 2
701 22 3
701 23 1
701 24 2
701 25 1
701 26 0
701 27 1
701 28 1
701 29 0
701 30 1
701 31 1
701 32 3
701 33 3
701 34 2
701 35 1
701 36 2
701 37 0
701 38 1
701 39 1
701 40 1
701 41 2
701 42 2
701 43 2
701 44 2
701 45 2
701 46 2
701 47 1
701 48 2
701 49 2
701 50 1
701 51 1
701 52 1
701 53 2
701 54 1
701 55 2
701 56 1
701 57 1
701 58 1
701 59 1
701 60 1
701 61 2
701 62 1
701 63 2
701 64 2
701 65 1
701 66 1
701 67 1
701 68 1
701 69 1
701 70 1
701 71 2
701 72 2
701 73 1
701 74 1
701 75 2
701 76 1
701 77 2
701 78 2
701 79 1
701 80 2
701 81 2
701 82 1
701 83 2
701 84 2
701 85 3
701 86 2
701 87 2
701 88 4
701 89 1
701 90 3
701 91 1
701 92 2
701 93 3
701 94 4
701 95 3
701 96 2
701 97 3
701 98 3
701 99 3
701 100 2
701 101 1
701 102 1
701 103 3
701 104 3
701 105 3
701 106 2
701 107 3
701 108 3
701 109 3
701 110 3
701 111 1
701 112 2
701 113 3
701 114 3
701 115 3
701 116 2
701 117 2
701 118 3
701 119 2
701 120 2
701 121 2
726 1 0
726 2 1
726 3 2
726 4 2
726 5 3
726 6 3
726 7 3
726 8 3
726 9 2
726 10 2
726 11 3
726 12 0
726 13 2
726 14 2
726 15 2
726 16 1
726 17 2
726 18 3
726 19 2
726 20 1
726 21 2
726 22 2
726 23 1
726 24 0
726 25 0
726 26 0
726 27 1
726 28 2
726 29 2
726 30 1
726 31 2
726 32 3
726 33 3
726 34 2
726 35 1
726 36 0
726 37 0
726 38 2
726 39 1
726 40 3
726 41 3
726 42 2
726 43 3
726 44 2
726 45 2
726 46 1
726 47 1
726 48 2
726 49 1
726 50 1
726 51 1
726 52 2
726 53 2
726 54 1
726 55 1
726 56 1
726 57 2
726 58 2
726 59 1
726 60 1
726 61 2
726 62 1
726 63 1
726 64 1
726 65 1
726 66 2
726 67 1
726 68 1
726 69 2
726 70 1
726 71 3
726 72 1
726 73 0
726 74 2
726 75 3
726 76 2
726 77 2
726 78 1
726 79 1
726 80 2
726 81 2
726 82 2
726 83 4
726 84 2
726 85 2
726 86 3
726 87 3
726 88 3
726 89 2
726 90 1
726 91 1
726 92 2
726 93 3
726 94 3
726 95 3
726 96 3
726 97 3
726 98 3
726 99 3
726 100 3
726 101 1
726 102 2
726 103 3
726 104 3
726 105 3
726 106 3
726 107 3
726 108 3
726 109 4
726 110 3
726 111 2
726 112 2
726 113 3
726 114 3
726 115 3
726 116 3
726 117 2
726 118 3
726 119 3
726 120 4
726 121 3
751 1 2
751 2 2
751 3 2
751 4 3
751 5 3
751 6 2
751 7 3
751 8 3
751 9 2
751 10 3
751 11 2
751 12 1
751 13 2
751 14 3
751 15 2
751 16 1
751 17 2
751 18 2
751 19 1
751 20 1
751 21 2
751 22 3
751 23 3
751 24 1
751 25 2
751 26 0
751 27 1
751 28 2
751 29 2
751 30 1
751 31 2
751 32 3
751 33 3
751 34 0
751 35 2
751 36 2
751 37 1
751 38 2
751 39 1
751 40 3
751 41 2
751 42 1
751 43 3
751 44 2
751 45 1
751 46 0
751 47 1
751 48 1
751 49 2
751 50 1
751 51 2
751 52 1
751 53 2
751 54 2
751 55 2
751 56 1
751 57 1
751 58 1
751 59 2
751 60 2
751 61 2
751 62 2
751 63 1
751 64 1
751 65 2
751 66 0
751 67 1
751 68 1
751 69 1
751 70 2
751 71 2
751 72 1
751 73 2
751 74 1
751 75 3
751 76 2
751 77 2
751 78 3
751 79 1
751 80 3
751 81 2
751 82 1
751 83 3
751 84 2
751 85 3
751 86 3
751 87 3
751 88 3
751 89 1
751 90 0
751 91 0
751 92 2
751 93 3
751 94 3
751 95 3
751 96 3
751 97 3
751 98 3
751 99 3
751 100 2
751 101 2
751 102 2
751 103 3
751 104 3
751 105 3
751 106 3
751 107 3
751 108 3
751 109 3
751 110 3
751 111 2
751 112 2
751 113 2
751 114 3
751 115 3
751 116 3
751 117 3
751 118 3
751 119 3
751 120 3
751 121 3
776 1 1
776 2 0
776 3 1
776 4 1
776 5 2
776 6 3
776 7 3
776 8 2
776 9 1
776 10 2
776 11 2
776 12 1
776 13 2
776 14 2
776 15 1
776 16 1
776 17 0
776 18 1
776 19 2
776 20 3
776 21 2
776 22 2
776 23 2
776 24 1
776 25 1
776 26 0
776 27 0
776 28 0
776 29 0
776 30 1
776 31 1
776 32 2
776 33 3
776 34 2
776 35 1
776 36 2
776 37 0
776 38 1
776 39 1
776 40 1
776 41 1
776 42 3
776 43 2
776 44 2
776 45 1
776 46 1
776 47 1
776 48 1
776 49 1
776 50 1
776 51 3
776 52 1
776 53 1
776 54 1
776 55 1
776 56 1
776 57 1
776 58 1
776 59 1
776 60 1
776 61 2
776 62 2
776 63 2
776 64 2
776 65 0
776 66 2
776 67 1
776 68 1
776 69 2
776 70 1
776 71 1
776 72 1
776 73 1
776 74 1
776 75 2
776 76 2
776 77 2
776 78 2
776 79 2
776 80 2
776 81 1
776 82 3
776 83 2
776 84 3
776 85 3
776 86 3
776 87 2
776 88 2
776 89 1
776 90 2
776 91 1
776 92 2
776 93 2
776 94 3
776 95 3
776 96 3
776 97 3
776 98 3
776 99 3
776 100 0
776 101 1
776 102 1
776 103 3
776 104 3
776 105 3
776 106 3
776 107 3
776 108 3
776 109 3
776 110 3
776 111 3
776 112 2
776 113 1
776 114 3
776 115 3
776 116 1
776 117 3
776 118 3
776 119 3
776 120 3
776 121 3
801 1 0
801 2 1
801 3 1
801 4 1
801 5 1
801 6 1
801 7 3
801 8 1
801 9 3
801 10 2
801 11 1
801 12 1
801 13 2
801 14 2
801 15 1
801 16 1
801 17 0
801 18 1
801 19 0
801 20 2
801 21 2
801 22 1
801 23 1
801 24 2
801 25 1
801 26 0
801 27 0
801 28 0
801 29 0
801 30 0
801 31 1
801 32 2
801 33 3
801 34 1
801 35 1
801 36 1
801 37 0
801 38 0
801 39 0
801 40 1
801 41 2
801 42 2
801 43 3
801 44 2
801 45 3
801 46 1
801 47 2
801 48 1
801 49 1
801 50 0
801 51 0
801 52 1
801 53 1
801 54 2
801 55 1
801 56 1
801 57 1
801 58 1
801 59 2
801 60 1
801 61 1
801 62 0
801 63 1
801 64 1
801 65 1
801 66 1
801 67 2
801 68 1
801 69 0
801 70 1
801 71 2
801 72 1
801 73 1
801 74 0
801 75 2
801 76 2
801 77 1
801 78 1
801 79 0
801 80 1
801 81 2
801 82 1
801 83 2
801 84 2
801 85 2
801 86 3
801 87 3
801 88 3
801 89 1
801 90 0
801 91 1
801 92 2
801 93 2
801 94 3
801 95 3
801 96 3
801 97 3
801 98 3
801 99 3
801 100 1
801 101 0
801 102 2
801 103 2
801 104 3
801 105 3
801 106 3
801 107 2
801 108 2
801 109 2
801 110 3
801 111 1
801 112 1
801 113 1
801 114 3
801 115 2
801 116 2
801 117 3
801 118 3
801 119 2
801 120 3
801 121 3
826 1 0
826 2 0
826 3 1
826 4 1
826 5 3
826 6 3
826 7 2
826 8 2
826 9 3
826 10 1
826 11 1
826 12 0
826 13 1
826 14 1
826 15 1
826 16 1
826 17 3
826 18 1
826 19 0
826 20 2
826 21 2
826 22 1
826 23 1
826 24 2
826 25 0
826 26 0
826 27 0
826 28 0
826 29 0
826 30 0
826 31 0
826 32 1
826 33 2
826 34 0
826 35 0
826 36 1
826 37 1
826 38 1
826 39 1
826 40 0
826 41 1
826 42 2
826 43 3
826 44 2
826 45 2
826 46 1
826 47 1
826 48 1
826 49 2
826 50 2
826 51 1
826 52 1
826 53 1
826 54 1
826 55 2
826 56 1
826 57 2
826 58 1
826 59 2
826 60 1
826 61 1
826 62 1
826 63 0
826 64 0
826 65 1
826 66 2
826 67 1
826 68 2
826 69 1
826 70 2
826 71 1
826 72 1
826 73 1
826 74 0
826 75 0
826 76 1
826 77 1
826 78 1
826 79 1
826 80 1
826 81 2
826 82 2
826 83 1
826 84 1
826 85 2
826 86 3
826 87 2
826 88 2
826 89 1
826 90 0
826 91 0
826 92 3
826 93 2
826 94 3
826 95 3
826 96 2
826 97 2
826 98 2
826 99 2
826 100 2
826 101 0
826 102 1
826 103 2
826 104 2
826 105 2
826 106 3
826 107 2
826 108 2
826 109 1
826 110 2
826 111 1
826 112 1
826 113 1
826 114 1
826 115 3
826 116 2
826 117 3
826 118 3
826 119 2
826 120 1
826 121 2
851 1 0
851 2 1
851 3 1
851 4 1
851 5 2
851 6 2
851 7 2
851 8 1
851 9 1
851 10 1
851 11 0
851 12 1
851 13 1
851 14 1
851 15 1
851 16 1
851 17 2
851 18 1
851 19 1
851 20 2
851 21 2
851 22 1
851 23 0
851 24 1
851 25 1
851 26 1
851 27 1
851 28 0
851 29 0
851 30 0
851 31 1
851 32 1
851 33 1
851 34 1
851 35 1
851 36 1
851 37 0
851 38 2
851 39 2
851 40 1
851 41 2
851 42 1
851 43 2
851 44 1
851 45 2
851 46 2
851 47 1
851 48 1
851 49 2
851 50 2
851 51 1
851 52 1
851 53 1
851 54 2
851 55 1
851 56 1
851 57 0
851 58 1
851 59 2
851 60 2
851 61 1
851 62 1
851 63 0
851 64 1
851 65 0
851 66 0
851 67 0
851 68 1
851 69 2
851 70 2
851 71 1
851 72 1
851 73 0
851 74 0
851 75 0
851 76 1
851 77 0
851 78 1
851 79 1
851 80 2
851 81 1
851 82 1
851 83 1
851 84 0
851 85 1
851 86 1
851 87 2
851 88 1
851 89 0
851 90 0
851 91 1
851 92 1
851 93 1
851 94 2
851 95 1
851 96 2
851 97 3
851 98 2
851 99 1
851 100 0
851 101 0
851 102 1
851 103 1
851 104 2
851 105 3
851 106 3
851 107 3
851 108 2
851 109 2
851 110 1
851 111 0
851 112 1
851 113 1
851 114 2
851 115 2
851 116 3
851 117 2
851 118 3
851 119 2
851 120 2
851 121 1
876 1 0
876 2 1
876 3 1
876 4 1
876 5 2
876 6 2
876 7 2
876 8 1
876 9 1
876 10 2
876 11 1
876 12 1
876 13 1
876 14 1
876 15 1
876 16 1
876 17 1
876 18 1
876 19 2
876 20 1
876 21 1
876 22 1
876 23 1
876 24 0
876 25 1
876 26 1
876 27 0
876 28 2
876 29 1
876 30 1
876 31 1
876 32 1
876 33 1
876 34 0
876 35 0
876 36 0
876 37 1
876 38 2
876 39 1
876 40 3
876 41 0
876 42 0
876 43 1
876 44 1
876 45 1
876 46 1
876 47 1
876 48 1
876 49 2
876 50 2
876 51 2
876 52 0
876 53 0
876 54 0
876 55 0
876 56 1
876 57 1
876 58 1
876 59 2
876 60 1
876 61 2
876 62 0
876 63 0
876 64 0
876 65 0
876 66 0
876 67 0
876 68 1
876 69 0
876 70 1
876 71 1
876 72 3
876 73 1
876 74 0
876 75 1
876 76 1
876 77 1
876 78 0
876 79 1
876 80 2
876 81 3
876 82 3
876 83 1
876 84 1
876 85 1
876 86 1
876 87 1
876 88 1
876 89 0
876 90 0
876 91 0
876 92 1
876 93 1
876 94 2
876 95 2
876 96 2
876 97 1
876 98 1
876 99 1
876 100 1
876 101 0
876 102 0
876 103 2
876 104 3
876 105 3
876 106 2
876 107 2
876 108 2
876 109 1
876 110 1
876 111 0
876 112 0
876 113 1
876 114 2
876 115 2
876 116 2
876 117 3
876 118 3
876 119 1
876 120 2
876 121 2
901 1 0
901 2 0
901 3 1
901 4 1
901 5 2
901 6 3
901 7 1
901 8 1
901 9 0
901 10 1
901 11 1
901 12 1
901 13 1
901 14 1
901 15 1
901 16 1
901 17 1
901 18 0
901 19 0
901 20 1
901 21 1
901 22 1
901 23 1
901 24 0
901 25 0
901 26 0
901 27 0
901 28 0
901 29 0
901 30 1
901 31 1
901 32 1
901 33 1
901 34 0
901 35 0
901 36 0
901 37 0
901 38 0
901 39 2
901 40 2
901 41 0
901 42 1
901 43 1
901 44 1
901 45 2
901 46 0
901 47 0
901 48 0
901 49 1
901 50 2
901 51 1
901 52 0
901 53 0
901 54 0
901 55 0
901 56 1
901 57 1
901 58 2
901 59 2
901 60 2
901 61 1
901 62 1
901 63 0
901 64 0
901 65 0
901 66 0
901 67 1
901 68 1
901 69 1
901 70 1
901 71 1
901 72 0
901 73 0
901 74 0
901 75 1
901 76 0
901 77 1
901 78 2
901 79 1
901 80 1
901 81 3
901 82 0
901 83 1
901 84 1
901 85 1
901 86 1
901 87 1
901 88 1
901 89 1
901 90 0
901 91 0
901 92 1
901 93 1
901 94 1
901 95 2
901 96 2
901 97 1
901 98 1
901 99 1
901 100 1
901 101 0
901 102 1
901 103 1
901 104 1
901 105 2
901 106 2
901 107 2
901 108 1
901 109 1
901 110 1
901 111 1
901 112 0
901 113 1
901 114 1
901 115 1
901 116 1
901 117 1
901 118 2
901 119 1
901 120 1
901 121 2
926 1 0
926 2 0
926 3 1
926 4 1
926 5 2
926 6 2
926 7 1
926 8 1
926 9 1
926 10 1
926 11 1
926 12 1
926 13 1
926 14 1
926 15 1
926 16 0
926 17 0
926 18 1
926 19 0
926 20 1
926 21 1
926 22 1
926 23 1
926 24 0
926 25 1
926 26 1
926 27 1
926 28 0
926 29 1
926 30 0
926 31 1
926 32 1
926 33 1
926 34 0
926 35 0
926 36 1
926 37 0
926 38 1
926 39 2
926 40 2
926 41 0
926 42 0
926 43 1
926 44 0
926 45 0
926 46 0
926 47 1
926 48 1
926 49 1
926 50 1
926 51 1
926 52 0
926 53 0
926 54 0
926 55 0
926 56 0
926 57 2
926 58 1
926 59 2
926 60 1
926 61 2
926 62 1
926 63 0
926 64 0
926 65 0
926 66 0
926 67 0
926 68 2
926 69 2
926 70 1
926 71 1
926 72 1
926 73 0
926 74 0
926 75 0
926 76 0
926 77 1
926 78 1
926 79 2
926 80 1
926 81 0
926 82 0
926 83 0
926 84 1
926 85 1
926 86 1
926 87 1
926 88 1
926 