1 4698
26 4057
51 4071
76 4060
101 4028
126 4012
151 4076
176 4080
201 4024
226 4105
251 4012
276 4061
301 4110
326 4056
351 4095
376 3992
401 4016
426 4030
451 4028
476 4039
501 4065
526 4031
551 4083
576 4064
601 4045
626 4013
651 4034
676 3983
701 4036
726 4091
751 4017
776 4031
801 3989
826 4049
851 4001
876 4105
901 4010
926 4002
951 4010
976 4000
1001 3990
1026 4050
1051 4008
1076 3947
1101 4007
1126 3978
1151 3937
1176 4010
1201 3993
1226 4017
1251 3959
1276 3977
1301 4050
1326 3958
1351 3958
1376 3972
1401 4030
1426 3978
1451 3958
1476 3965
1501 3989
1526 4009
1551 3998
1576 3979
1601 3977
1626 3956
1651 3955
1676 4028
1701 3957
1726 3929
1751 3989
1776 3991
1801 3945
1826 3959
1851 3916
1876 4007
1901 3993
1926 3959
1951 3961
1976 3987
