1 4889
26 4257
51 4379
76 4349
101 4386
126 4401
151 4439
176 4430
201 4434
226 4437
251 4535
276 4440
301 4435
326 4509
351 4461
376 4553
401 4463
426 4602
451 4506
476 4504
501 4492
526 4522
551 4524
576 4508
601 4467
626 4492
651 4488
676 4527
701 4523
726 4575
751 4494
776 4508
801 4526
826 4474
851 4546
876 4527
901 4570
926 4576
951 4538
976 4545
1001 4523
1026 4532
1051 4558
1076 4508
1101 4530
1126 4524
1151 4552
1176 4503
1201 4573
1226 4511
1251 4541
1276 4566
1301 4537
1326 4576
1351 4568
1376 4581
1401 4546
1426 4510
1451 4574
1476 4568
1501 4500
1526 4555
1551 4531
1576 4557
1601 4565
1626 4470
1651 4523
1676 4500
1701 4517
1726 4522
1751 4524
1776 4600
1801 4555
1826 4506
1851 4520
1876 4493
1901 4489
1926 4574
1951 4588
1976 4531
