1 4197
26 475
51 250
76 213
101 144
126 136
151 113
176 99
201 98
226 98
251 94
276 103
301 98
326 94
351 90
376 92
401 98
426 103
451 100
476 99
501 93
526 106
551 79
576 87
601 89
626 83
651 92
676 106
701 86
726 77
751 79
776 97
801 63
826 57
851 29
876 10
901 0
926 0
951 0
976 0
1001 0
1026 0
1051 0
1076 0
1101 0
1126 0
1151 0
1176 0
1201 0
1226 0
1251 0
1276 0
1301 0
1326 0
1351 0
1376 0
1401 0
1426 0
1451 0
1476 0
1501 0
1526 0
1551 0
1576 0
1601 0
1626 0
1651 0
1676 0
1701 0
1726 0
1751 0
1776 0
1801 0
1826 0
1851 0
1876 0
1901 0
1926 0
1951 0
1976 0
