1 4649
26 2573
51 2535
76 2503
101 2439
126 2484
151 2509
176 2405
201 2427
226 2401
251 2428
276 2376
301 2459
326 2440
351 2418
376 2438
401 2418
426 2429
451 2411
476 2437
501 2440
526 2391
551 2384
576 2426
601 2472
626 2380
651 2413
676 2422
701 2415
726 2394
751 2444
776 2463
801 2397
826 2447
851 2421
876 2419
901 2347
926 2455
951 2421
976 2407
1001 2379
1026 2380
1051 2416
1076 2398
1101 2427
1126 2385
1151 2409
1176 2413
1201 2399
1226 2385
1251 2407
1276 2399
1301 2387
1326 2415
1351 2341
1376 2356
1401 2458
1426 2366
1451 2383
1476 2416
1501 2423
1526 2370
1551 2405
1576 2377
1601 2344
1626 2367
1651 2409
1676 2418
1701 2426
1726 2386
1751 2367
1776 2403
1801 2410
1826 2442
1851 2371
1876 2441
1901 2424
1926 2398
1951 2366
1976 2391
