1 37
26 24
51 20
76 19
101 19
126 19
151 17
176 16
201 16
226 15
251 13
276 13
301 13
326 13
351 13
376 13
401 13
426 13
451 13
476 13
501 13
526 13
551 13
576 13
601 13
626 13
651 13
676 12
701 12
726 12
751 12
776 12
801 12
826 12
851 12
876 12
901 12
926 12
951 12
976 12
1001 12
1026 12
1051 12
1076 12
1101 12
1126 12
1151 12
1176 12
1201 12
1226 12
1251 12
1276 12
1301 12
1326 12
1351 12
1376 12
1401 12
1426 12
1451 12
1476 12
1501 12
1526 12
1551 12
1576 12
1601 11
1626 11
1651 11
1676 11
1701 11
1726 11
1751 11
1776 11
1801 11
1826 11
1851 11
1876 11
1901 11
1926 11
1951 11
1976 11
