1 90
26 87
51 89
76 90
101 92
126 94
151 92
176 91
201 89
226 92
251 94
276 93
301 91
326 90
351 87
376 89
401 92
426 85
451 94
476 90
501 91
526 92
551 92
576 89
601 88
626 90
651 90
676 89
701 90
726 90
751 87
776 89
801 91
826 91
851 87
876 92
901 91
926 88
951 93
976 92
1001 94
1026 95
1051 93
1076 94
1101 93
1126 92
1151 93
1176 88
1201 91
1226 91
1251 93
1276 91
1301 95
1326 90
1351 91
1376 94
1401 88
1426 92
1451 94
1476 90
1501 89
1526 91
1551 94
1576 91
1601 88
1626 93
1651 88
1676 89
1701 94
1726 91
1751 91
1776 92
1801 91
1826 90
1851 92
1876 90
1901 91
1926 87
1951 88
1976 91
