1 1 40
1 2 42
1 3 45
1 4 42
1 5 41
1 6 39
1 7 41
1 8 42
1 9 42
1 10 39
1 11 41
1 12 38
1 13 35
1 14 42
1 15 42
1 16 42
1 17 39
1 18 43
1 19 41
1 20 41
1 21 40
1 22 40
1 23 39
1 24 42
1 25 39
1 26 38
1 27 43
1 28 42
1 29 41
1 30 35
1 31 43
1 32 42
1 33 36
1 34 39
1 35 38
1 36 40
1 37 42
1 38 41
1 39 42
1 40 42
1 41 43
1 42 40
1 43 36
1 44 44
1 45 38
1 46 41
1 47 43
1 48 43
1 49 38
1 50 41
1 51 42
1 52 39
1 53 41
1 54 40
1 55 41
1 56 40
1 57 40
1 58 39
1 59 40
1 60 39
1 61 39
1 62 41
1 63 42
1 64 33
1 65 40
1 66 40
1 67 39
1 68 36
1 69 40
1 70 41
1 71 42
1 72 43
1 73 38
1 74 37
1 75 42
1 76 41
1 77 40
1 78 39
1 79 39
1 80 42
1 81 39
1 82 36
1 83 42
1 84 41
1 85 40
1 86 42
1 87 41
1 88 40
1 89 39
1 90 41
1 91 37
1 92 36
1 93 40
1 94 43
1 95 41
1 96 45
1 97 42
1 98 35
1 99 36
1 100 41
1 101 38
1 102 38
1 103 37
1 104 36
1 105 39
1 106 36
1 107 42
1 108 38
1 109 39
1 110 39
1 111 43
1 112 43
1 113 39
1 114 38
1 115 39
1 116 40
1 117 42
1 118 40
1 119 40
1 120 38
1 121 37
26 1 11
26 2 4
26 3 0
26 4 0
26 5 13
26 6 0
26 7 7
26 8 9
26 9 13
26 10 9
26 11 10
26 12 2
26 13 10
26 14 8
26 15 12
26 16 12
26 17 10
26 18 9
26 19 0
26 20 4
26 21 0
26 22 0
26 23 0
26 24 7
26 25 4
26 26 9
26 27 0
26 28 0
26 29 0
26 30 0
26 31 0
26 32 13
26 33 2
26 34 10
26 35 10
26 36 0
26 37 9
26 38 0
26 39 0
26 40 2
26 41 0
26 42 0
26 43 7
26 44 1
26 45 5
26 46 12
26 47 5
26 48 0
26 49 0
26 50 0
26 51 7
26 52 0
26 53 5
26 54 6
26 55 7
26 56 7
26 57 10
26 58 5
26 59 5
26 60 3
26 61 9
26 62 0
26 63 6
26 64 13
26 65 0
26 66 11
26 67 6
26 68 13
26 69 8
26 70 0
26 71 6
26 72 0
26 73 4
26 74 7
26 75 9
26 76 13
26 77 8
26 78 3
26 79 16
26 80 0
26 81 15
26 82 6
26 83 9
26 84 0
26 85 9
26 86 14
26 87 10
26 88 7
26 89 10
26 90 0
26 91 11
26 92 4
26 93 7
26 94 0
26 95 6
26 96 15
26 97 7
26 98 0
26 99 8
26 100 10
26 101 0
26 102 0
26 103 13
26 104 12
26 105 7
26 106 9
26 107 6
26 108 0
26 109 4
26 110 0
26 111 14
26 112 0
26 113 6
26 114 0
26 115 0
26 116 8
26 117 9
26 118 6
26 119 10
26 120 9
26 121 8
51 1 11
51 2 0
51 3 0
51 4 9
51 5 7
51 6 9
51 7 5
51 8 9
51 9 6
51 10 10
51 11 8
51 12 8
51 13 7
51 14 13
51 15 6
51 16 13
51 17 8
51 18 0
51 19 0
51 20 7
51 21 0
51 22 11
51 23 10
51 24 8
51 25 0
51 26 5
51 27 11
51 28 8
51 29 10
51 30 12
51 31 9
51 32 2
51 33 7
51 34 8
51 35 10
51 36 8
51 37 11
51 38 9
51 39 8
51 40 4
51 41 11
51 42 7
51 43 9
51 44 0
51 45 5
51 46 15
51 47 2
51 48 0
51 49 13
51 50 6
51 51 0
51 52 0
51 53 11
51 54 9
51 55 0
51 56 9
51 57 11
51 58 0
51 59 9
51 60 7
51 61 0
51 62 10
51 63 11
51 64 12
51 65 8
51 66 8
51 67 10
51 68 0
51 69 6
51 70 6
51 71 0
51 72 8
51 73 0
51 74 14
51 75 6
51 76 5
51 77 4
51 78 0
51 79 3
51 80 5
51 81 0
51 82 11
51 83 11
51 84 9
51 85 0
51 86 14
51 87 10
51 88 10
51 89 6
51 90 9
51 91 0
51 92 11
51 93 4
51 94 5
51 95 0
51 96 0
51 97 9
51 98 13
51 99 7
51 100 0
51 101 10
51 102 9
51 103 0
51 104 10
51 105 1
51 106 8
51 107 5
51 108 10
51 109 10
51 110 9
51 111 0
51 112 0
51 113 10
51 114 0
51 115 0
51 116 9
51 117 13
51 118 7
51 119 10
51 120 9
51 121 0
76 1 15
76 2 6
76 3 8
76 4 4
76 5 17
76 6 0
76 7 10
76 8 1
76 9 0
76 10 0
76 11 7
76 12 11
76 13 5
76 14 14
76 15 11
76 16 13
76 17 11
76 18 8
76 19 3
76 20 10
76 21 14
76 22 9
76 23 6
76 24 12
76 25 12
76 26 13
76 27 11
76 28 9
76 29 21
76 30 8
76 31 11
76 32 11
76 33 3
76 34 0
76 35 0
76 36 2
76 37 9
76 38 5
76 39 4
76 40 10
76 41 5
76 42 0
76 43 11
76 44 5
76 45 7
76 46 5
76 47 9
76 48 7
76 49 10
76 50 9
76 51 10
76 52 5
76 53 0
76 54 0
76 55 0
76 56 0
76 57 7
76 58 13
76 59 11
76 60 13
76 61 6
76 62 8
76 63 10
76 64 9
76 65 9
76 66 1
76 67 0
76 68 0
76 69 0
76 70 13
76 71 0
76 72 4
76 73 11
76 74 3
76 75 7
76 76 9
76 77 4
76 78 6
76 79 0
76 80 0
76 81 7
76 82 13
76 83 10
76 84 10
76 85 9
76 86 10
76 87 6
76 88 14
76 89 2
76 90 12
76 91 9
76 92 8
76 93 0
76 94 0
76 95 13
76 96 9
76 97 11
76 98 0
76 99 7
76 100 7
76 101 0
76 102 10
76 103 10
76 104 11
76 105 0
76 106 3
76 107 0
76 108 8
76 109 0
76 110 5
76 111 12
76 112 0
76 113 1
76 114 7
76 115 10
76 116 10
76 117 7
76 118 0
76 119 11
76 120 11
76 121 6
101 1 10
101 2 10
101 3 8
101 4 10
101 5 10
101 6 0
101 7 9
101 8 13
101 9 10
101 10 9
101 11 3
101 12 14
101 13 9
101 14 9
101 15 11
101 16 3
101 17 0
101 18 12
101 19 11
101 20 7
101 21 9
101 22 8
101 23 10
101 24 5
101 25 0
101 26 0
101 27 9
101 28 0
101 29 11
101 30 0
101 31 12
101 32 0
101 33 8
101 34 2
101 35 7
101 36 0
101 37 0
101 38 0
101 39 12
101 40 8
101 41 0
101 42 0
101 43 11
101 44 11
101 45 0
101 46 7
101 47 7
101 48 9
101 49 10
101 50 8
101 51 2
101 52 8
101 53 10
101 54 9
101 55 9
101 56 0
101 57 0
101 58 9
101 59 8
101 60 12
101 61 6
101 62 9
101 63 11
101 64 8
101 65 0
101 66 0
101 67 0
101 68 0
101 69 9
101 70 10
101 71 13
101 72 8
101 73 10
101 74 9
101 75 4
101 76 8
101 77 10
101 78 0
101 79 9
101 80 9
101 81 9
101 82 9
101 83 12
101 84 0
101 85 10
101 86 9
101 87 6
101 88 0
101 89 0
101 90 5
101 91 10
101 92 0
101 93 0
101 94 11
101 95 8
101 96 0
101 97 10
101 98 20
101 99 10
101 100 9
101 101 14
101 102 0
101 103 0
101 104 0
101 105 10
101 106 8
101 107 11
101 108 9
101 109 9
101 110 0
101 111 8
101 112 0
101 113 10
101 114 12
101 115 11
101 116 9
101 117 10
101 118 0
101 119 0
101 120 7
101 121 8
126 1 0
126 2 10
126 3 9
126 4 11
126 5 0
126 6 10
126 7 7
126 8 9
126 9 10
126 10 11
126 11 2
126 12 8
126 13 7
126 14 11
126 15 6
126 16 0
126 17 11
126 18 8
126 19 9
126 20 1
126 21 7
126 22 10
126 23 0
126 24 9
126 25 8
126 26 0
126 27 9
126 28 10
126 29 10
126 30 0
126 31 1
126 32 5
126 33 5
126 34 11
126 35 5
126 36 7
126 37 11
126 38 7
126 39 10
126 40 7
126 41 9
126 42 4
126 43 10
126 44 8
126 45 4
126 46 6
126 47 2
126 48 9
126 49 8
126 50 8
126 51 12
126 52 11
126 53 11
126 54 10
126 55 10
126 56 8
126 57 0
126 58 9
126 59 8
126 60 11
126 61 9
126 62 16
126 63 10
126 64 7
126 65 2
126 66 0
126 67 14
126 68 7
126 69 10
126 70 9
126 71 9
126 72 4
126 73 10
126 74 8
126 75 8
126 76 10
126 77 0
126 78 7
126 79 8
126 80 12
126 81 0
126 82 9
126 83 7
126 84 0
126 85 2
126 86 11
126 87 10
126 88 0
126 89 7
126 90 12
126 91 13
126 92 0
126 93 0
126 94 9
126 95 10
126 96 11
126 97 9
126 98 11
126 99 1
126 100 13
126 101 0
126 102 6
126 103 0
126 104 0
126 105 11
126 106 8
126 107 11
126 108 11
126 109 12
126 110 1
126 111 0
126 112 11
126 113 12
126 114 0
126 115 9
126 116 11
126 117 3
126 118 2
126 119 9
126 120 12
126 121 8
151 1 0
151 2 0
151 3 7
151 4 0
151 5 12
151 6 10
151 7 0
151 8 11
151 9 0
151 10 9
151 11 7
151 12 12
151 13 17
151 14 6
151 15 8
151 16 7
151 17 6
151 18 7
151 19 0
151 20 9
151 21 11
151 22 0
151 23 9
151 24 9
151 25 0
151 26 8
151 27 0
151 28 9
151 29 6
151 30 12
151 31 2
151 32 9
151 33 10
151 34 0
151 35 0
151 36 5
151 37 10
151 38 9
151 39 4
151 40 11
151 41 6
151 42 0
151 43 10
151 44 7
151 45 11
151 46 9
151 47 11
151 48 11
151 49 6
151 50 2
151 51 0
151 52 10
151 53 10
151 54 5
151 55 9
151 56 4
151 57 5
151 58 0
151 59 9
151 60 14
151 61 0
151 62 11
151 63 9
151 64 11
151 65 9
151 66 10
151 67 9
151 68 0
151 69 10
151 70 0
151 71 10
151 72 0
151 73 11
151 74 13
151 75 9
151 76 0
151 77 0
151 78 11
151 79 11
151 80 3
151 81 9
151 82 0
151 83 9
151 84 11
151 85 8
151 86 0
151 87 5
151 88 7
151 89 9
151 90 8
151 91 9
151 92 0
151 93 13
151 94 7
151 95 7
151 96 0
151 97 9
151 98 7
151 99 0
151 100 0
151 101 0
151 102 8
151 103 12
151 104 10
151 105 0
151 106 0
151 107 0
151 108 4
151 109 0
151 110 8
151 111 11
151 112 8
151 113 0
151 114 0
151 115 10
151 116 0
151 117 10
151 118 10
151 119 8
151 120 0
151 121 9
176 1 8
176 2 10
176 3 0
176 4 0
176 5 6
176 6 0
176 7 0
176 8 0
176 9 0
176 10 12
176 11 15
176 12 9
176 13 10
176 14 10
176 15 0
176 16 9
176 17 2
176 18 7
176 19 8
176 20 8
176 21 0
176 22 5
176 23 0
176 24 7
176 25 10
176 26 13
176 27 10
176 28 0
176 29 4
176 30 12
176 31 10
176 32 10
176 33 8
176 34 6
176 35 0
176 36 11
176 37 10
176 38 10
176 39 8
176 40 0
176 41 10
176 42 0
176 43 9
176 44 10
176 45 10
176 46 0
176 47 9
176 48 0
176 49 9
176 50 0
176 51 0
176 52 0
176 53 0
176 54 7
176 55 10
176 56 8
176 57 9
176 58 8
176 59 6
176 60 0
176 61 9
176 62 0
176 63 13
176 64 10
176 65 8
176 66 9
176 67 8
176 68 14
176 69 4
176 70 9
176 71 10
176 72 5
176 73 3
176 74 12
176 75 9
176 76 7
176 77 13
176 78 0
176 79 4
176 80 0
176 81 0
176 82 4
176 83 8
176 84 10
176 85 0
176 86 9
176 87 0
176 88 0
176 89 0
176 90 9
176 91 0
176 92 0
176 93 0
176 94 0
176 95 11
176 96 0
176 97 9
176 98 10
176 99 0
176 100 0
176 101 0
176 102 0
176 103 10
176 104 0
176 105 7
176 106 3
176 107 0
176 108 0
176 109 9
176 110 9
176 111 11
176 112 0
176 113 0
176 114 0
176 115 8
176 116 6
176 117 0
176 118 9
176 119 5
176 120 1
176 121 11
201 1 0
201 2 9
201 3 10
201 4 0
201 5 0
201 6 11
201 7 0
201 8 0
201 9 0
201 10 0
201 11 8
201 12 10
201 13 11
201 14 11
201 15 0
201 16 0
201 17 7
201 18 11
201 19 10
201 20 11
201 21 0
201 22 0
201 23 8
201 24 5
201 25 0
201 26 10
201 27 12
201 28 5
201 29 11
201 30 5
201 31 11
201 32 0
201 33 9
201 34 5
201 35 15
201 36 6
201 37 8
201 38 0
201 39 0
201 40 0
201 41 0
201 42 0
201 43 12
201 44 10
201 45 6
201 46 10
201 47 0
201 48 9
201 49 9
201 50 10
201 51 9
201 52 10
201 53 6
201 54 9
201 55 0
201 56 5
201 57 10
201 58 11
201 59 10
201 60 0
201 61 8
201 62 9
201 63 0
201 64 10
201 65 8
201 66 0
201 67 1
201 68 7
201 69 12
201 70 9
201 71 9
201 72 9
201 73 9
201 74 11
201 75 8
201 76 11
201 77 0
201 78 0
201 79 9
201 80 14
201 81 13
201 82 5
201 83 8
201 84 7
201 85 7
201 86 8
201 87 0
201 88 0
201 89 0
201 90 0
201 91 0
201 92 0
201 93 5
201 94 0
201 95 7
201 96 0
201 97 0
201 98 0
201 99 0
201 100 0
201 101 10
201 102 0
201 103 0
201 104 11
201 105 6
201 106 10
201 107 9
201 108 9
201 109 4
201 110 0
201 111 8
201 112 8
201 113 9
201 114 0
201 115 0
201 116 10
201 117 10
201 118 9
201 119 10
201 120 9
201 121 0
226 1 10
226 2 0
226 3 12
226 4 9
226 5 7
226 6 2
226 7 11
226 8 1
226 9 0
226 10 12
226 11 10
226 12 2
226 13 13
226 14 3
226 15 0
226 16 8
226 17 9
226 18 11
226 19 10
226 20 0
226 21 0
226 22 0
226 23 11
226 24 15
226 25 0
226 26 0
226 27 10
226 28 9
226 29 12
226 30 10
226 31 0
226 32 10
226 33 10
226 34 8
226 35 11
226 36 11
226 37 0
226 38 11
226 39 12
226 40 11
226 41 7
226 42 8
226 43 7
226 44 10
226 45 0
226 46 0
226 47 0
226 48 7
226 49 0
226 50 10
226 51 10
226 52 10
226 53 13
226 54 0
226 55 0
226 56 6
226 57 0
226 58 0
226 59 5
226 60 0
226 61 9
226 62 9
226 63 3
226 64 10
226 65 1
226 66 0
226 67 1
226 68 0
226 69 0
226 70 0
226 71 10
226 72 9
226 73 7
226 74 2
226 75 0
226 76 0
226 77 7
226 78 2
226 79 4
226 80 0
226 81 0
226 82 9
226 83 0
226 84 0
226 85 7
226 86 6
226 87 0
226 88 0
226 89 0
226 90 4
226 91 0
226 92 0
226 93 8
226 94 7
226 95 10
226 96 7
226 97 10
226 98 5
226 99 0
226 100 10
226 101 0
226 102 7
226 103 8
226 104 0
226 105 11
226 106 0
226 107 0
226 108 0
226 109 10
226 110 8
226 111 0
226 112 0
226 113 11
226 114 8
226 115 0
226 116 0
226 117 0
226 118 4
226 119 0
226 120 0
226 121 10
251 1 8
251 2 0
251 3 10
251 4 0
251 5 10
251 6 8
251 7 9
251 8 10
251 9 0
251 10 13
251 11 0
251 12 0
251 13 0
251 14 6
251 15 10
251 16 3
251 17 10
251 18 11
251 19 0
251 20 6
251 21 11
251 22 10
251 23 11
251 24 6
251 25 11
251 26 9
251 27 9
251 28 9
251 29 8
251 30 15
251 31 0
251 32 7
251 33 14
251 34 11
251 35 10
251 36 11
251 37 4
251 38 9
251 39 9
251 40 9
251 41 0
251 42 13
251 43 6
251 44 8
251 45 2
251 46 0
251 47 0
251 48 0
251 49 13
251 50 8
251 51 0
251 52 8
251 53 0
251 54 0
251 55 7
251 56 11
251 57 0
251 58 0
251 59 0
251 60 7
251 61 8
251 62 5
251 63 7
251 64 0
251 65 10
251 66 9
251 67 0
251 68 0
251 69 0
251 70 0
251 71 1
251 72 6
251 73 0
251 74 6
251 75 0
251 76 0
251 77 10
251 78 0
251 79 15
251 80 0
251 81 0
251 82 11
251 83 0
251 84 10
251 85 10
251 86 0
251 87 8
251 88 3
251 89 10
251 90 8
251 91 10
251 92 9
251 93 11
251 94 10
251 95 10
251 96 9
251 97 11
251 98 0
251 99 10
251 100 11
251 101 9
251 102 10
251 103 8
251 104 7
251 105 9
251 106 7
251 107 11
251 108 3
251 109 9
251 110 9
251 111 0
251 112 11
251 113 6
251 114 10
251 115 8
251 116 0
251 117 6
251 118 10
251 119 9
251 120 12
251 121 8
276 1 7
276 2 0
276 3 9
276 4 14
276 5 7
276 6 5
276 7 11
276 8 10
276 9 9
276 10 10
276 11 6
276 12 10
276 13 6
276 14 0
276 15 10
276 16 0
276 17 8
276 18 7
276 19 10
276 20 7
276 21 13
276 22 0
276 23 11
276 24 12
276 25 12
276 26 11
276 27 0
276 28 0
276 29 0
276 30 0
276 31 17
276 32 8
276 33 3
276 34 0
276 35 7
276 36 9
276 37 5
276 38 10
276 39 0
276 40 4
276 41 8
276 42 9
276 43 2
276 44 13
276 45 3
276 46 10
276 47 12
276 48 11
276 49 0
276 50 11
276 51 5
276 52 7
276 53 0
276 54 0
276 55 6
276 56 12
276 57 9
276 58 0
276 59 0
276 60 0
276 61 8
276 62 10
276 63 0
276 64 12
276 65 14
276 66 10
276 67 8
276 68 0
276 69 0
276 70 0
276 71 0
276 72 8
276 73 13
276 74 4
276 75 0
276 76 7
276 77 7
276 78 7
276 79 0
276 80 0
276 81 10
276 82 7
276 83 7
276 84 7
276 85 10
276 86 0
276 87 0
276 88 7
276 89 6
276 90 8
276 91 7
276 92 9
276 93 10
276 94 10
276 95 6
276 96 14
276 97 8
276 98 8
276 99 6
276 100 8
276 101 9
276 102 9
276 103 5
276 104 7
276 105 11
276 106 8
276 107 0
276 108 8
276 109 9
276 110 13
276 111 8
276 112 0
276 113 0
276 114 7
276 115 0
276 116 11
276 117 9
276 118 0
276 119 5
276 120 7
276 121 1
301 1 8
301 2 9
301 3 10
301 4 0
301 5 11
301 6 0
301 7 0
301 8 0
301 9 9
301 10 0
301 11 10
301 12 1
301 13 9
301 14 13
301 15 0
301 16 0
301 17 3
301 18 3
301 19 12
301 20 0
301 21 7
301 22 8
301 23 7
301 24 11
301 25 13
301 26 10
301 27 0
301 28 1
301 29 10
301 30 0
301 31 0
301 32 0
301 33 6
301 34 0
301 35 0
301 36 0
301 37 8
301 38 5
301 39 8
301 40 0
301 41 11
301 42 4
301 43 0
301 44 6
301 45 13
301 46 0
301 47 8
301 48 9
301 49 0
301 50 0
301 51 12
301 52 10
301 53 10
301 54 0
301 55 0
301 56 9
301 57 9
301 58 6
301 59 0
301 60 4
301 61 11
301 62 8
301 63 8
301 64 10
301 65 9
301 66 0
301 67 11
301 68 11
301 69 0
301 70 8
301 71 0
301 72 10
301 73 8
301 74 10
301 75 9
301 76 3
301 77 11
301 78 10
301 79 8
301 80 5
301 81 12
301 82 10
301 83 0
301 84 10
301 85 0
301 86 0
301 87 6
301 88 10
301 89 5
301 90 11
301 91 9
301 92 8
301 93 12
301 94 9
301 95 7
301 96 10
301 97 0
301 98 10
301 99 12
301 100 0
301 101 9
301 102 9
301 103 0
301 104 9
301 105 10
301 106 0
301 107 0
301 108 0
301 109 9
301 110 0
301 111 6
301 112 9
301 113 9
301 114 6
301 115 10
301 116 0
301 117 0
301 118 9
301 119 0
301 120 10
301 121 0
326 1 6
326 2 10
326 3 7
326 4 0
326 5 0
326 6 10
326 7 0
326 8 5
326 9 10
326 10 0
326 11 11
326 12 10
326 13 0
326 14 10
326 15 14
326 16 0
326 17 7
326 18 0
326 19 12
326 20 11
326 21 0
326 22 9
326 23 1
326 24 8
326 25 12
326 26 8
326 27 9
326 28 0
326 29 7
326 30 6
326 31 0
326 32 9
326 33 10
326 34 0
326 35 11
326 36 3
326 37 12
326 38 6
326 39 8
326 40 7
326 41 15
326 42 0
326 43 5
326 44 10
326 45 0
326 46 9
326 47 0
326 48 0
326 49 14
326 50 6
326 51 9
326 52 7
326 53 3
326 54 12
326 55 9
326 56 0
326 57 0
326 58 11
326 59 0
326 60 0
326 61 5
326 62 11
326 63 8
326 64 10
326 65 0
326 66 9
326 67 0
326 68 10
326 69 0
326 70 0
326 71 0
326 72 10
326 73 12
326 74 11
326 75 11
326 76 0
326 77 0
326 78 10
326 79 8
326 80 12
326 81 9
326 82 7
326 83 11
326 84 7
326 85 10
326 86 0
326 87 11
326 88 0
326 89 11
326 90 10
326 91 0
326 92 10
326 93 9
326 94 0
326 95 5
326 96 8
326 97 0
326 98 3
326 99 8
326 100 3
326 101 3
326 102 10
326 103 6
326 104 0
326 105 9
326 106 8
326 107 0
326 108 0
326 109 0
326 110 3
326 111 0
326 112 8
326 113 0
326 114 13
326 115 7
326 116 9
326 117 6
326 118 8
326 119 0
326 120 0
326 121 0
351 1 0
351 2 10
351 3 9
351 4 0
351 5 0
351 6 8
351 7 14
351 8 10
351 9 6
351 10 8
351 11 11
351 12 0
351 13 14
351 14 10
351 15 0
351 16 2
351 17 8
351 18 0
351 19 9
351 20 9
351 21 9
351 22 8
351 23 10
351 24 0
351 25 10
351 26 6
351 27 0
351 28 0
351 29 16
351 30 10
351 31 9
351 32 8
351 33 0
351 34 8
351 35 0
351 36 0
351 37 10
351 38 0
351 39 0
351 40 6
351 41 8
351 42 10
351 43 0
351 44 0
351 45 9
351 46 9
351 47 0
351 48 9
351 49 11
351 50 7
351 51 13
351 52 0
351 53 3
351 54 4
351 55 0
351 56 11
351 57 10
351 58 7
351 59 0
351 60 9
351 61 8
351 62 12
351 63 8
351 64 11
351 65 10
351 66 6
351 67 15
351 68 4
351 69 0
351 70 9
351 71 8
351 72 9
351 73 0
351 74 7
351 75 14
351 76 9
351 77 9
351 78 0
351 79 0
351 80 0
351 81 5
351 82 10
351 83 9
351 84 10
351 85 11
351 86 0
351 87 0
351 88 7
351 89 0
351 90 13
351 91 9
351 92 5
351 93 8
351 94 0
351 95 9
351 96 8
351 97 0
351 98 10
351 99 9
351 100 7
351 101 8
351 102 12
351 103 0
351 104 12
351 105 10
351 106 0
351 107 0
351 108 11
351 109 10
351 110 10
351 111 8
351 112 10
351 113 10
351 114 10
351 115 10
351 116 0
351 117 0
351 118 11
351 119 0
351 120 9
351 121 8
376 1 0
376 2 11
376 3 6
376 4 9
376 5 11
376 6 9
376 7 3
376 8 9
376 9 4
376 10 0
376 11 7
376 12 0
376 13 10
376 14 11
376 15 3
376 16 14
376 17 3
376 18 0
376 19 8
376 20 9
376 21 8
376 22 8
376 23 0
376 24 9
376 25 0
376 26 0
376 27 11
376 28 11
376 29 10
376 30 10
376 31 0
376 32 10
376 33 12
376 34 14
376 35 8
376 36 8
376 37 0
376 38 10
376 39 8
376 40 7
376 41 6
376 42 6
376 43 4
376 44 3
376 45 0
376 46 3
376 47 10
376 48 8
376 49 7
376 50 7
376 51 8
376 52 4
376 53 7
376 54 3
376 55 0
376 56 16
376 57 10
376 58 11
376 59 8
376 60 0
376 61 3
376 62 7
376 63 0
376 64 0
376 65 8
376 66 0
376 67 6
376 68 11
376 69 14
376 70 4
376 71 7
376 72 2
376 73 10
376 74 8
376 75 10
376 76 0
376 77 8
376 78 11
376 79 0
376 80 6
376 81 9
376 82 0
376 83 0
376 84 10
376 85 9
376 86 13
376 87 10
376 88 8
376 89 5
376 90 6
376 91 10
376 92 5
376 93 9
376 94 10
376 95 9
376 96 7
376 97 10
376 98 0
376 99 9
376 100 1
376 101 9
376 102 7
376 103 0
376 104 9
376 105 7
376 106 0
376 107 7
376 108 10
376 109 3
376 110 4
376 111 0
376 112 2
376 113 0
376 114 0
376 115 0
376 116 0
376 117 2
376 118 17
376 119 7
376 120 11
376 121 6
401 1 9
401 2 8
401 3 3
401 4 10
401 5 11
401 6 10
401 7 10
401 8 8
401 9 0
401 10 0
401 11 9
401 12 5
401 13 11
401 14 9
401 15 6
401 16 0
401 17 15
401 18 4
401 19 10
401 20 3
401 21 0
401 22 7
401 23 3
401 24 10
401 25 10
401 26 10
401 27 12
401 28 10
401 29 11
401 30 0
401 31 0
401 32 8
401 33 12
401 34 13
401 35 0
401 36 11
401 37 9
401 38 2
401 39 0
401 40 0
401 41 0
401 42 7
401 43 6
401 44 8
401 45 7
401 46 0
401 47 5
401 48 12
401 49 7
401 50 9
401 51 7
401 52 0
401 53 10
401 54 11
401 55 0
401 56 1
401 57 0
401 58 12
401 59 8
401 60 7
401 61 5
401 62 3
401 63 10
401 64 7
401 65 11
401 66 6
401 67 11
401 68 12
401 69 13
401 70 10
401 71 0
401 72 10
401 73 4
401 74 13
401 75 7
401 76 0
401 77 10
401 78 11
401 79 13
401 80 10
401 81 0
401 82 0
401 83 11
401 84 0
401 85 0
401 86 12
401 87 5
401 88 10
401 89 13
401 90 16
401 91 0
401 92 9
401 93 0
401 94 0
401 95 6
401 96 9
401 97 0
401 98 10
401 99 4
401 100 0
401 101 0
401 102 8
401 103 0
401 104 6
401 105 4
401 106 6
401 107 13
401 108 5
401 109 5
401 110 11
401 111 0
401 112 7
401 113 0
401 114 6
401 115 0
401 116 11
401 117 0
401 118 5
401 119 2
401 120 0
401 121 0
426 1 9
426 2 3
426 3 4
426 4 0
426 5 9
426 6 13
426 7 10
426 8 9
426 9 13
426 10 7
426 11 0
426 12 0
426 13 9
426 14 10
426 15 9
426 16 5
426 17 9
426 18 0
426 19 0
426 20 8
426 21 9
426 22 11
426 23 9
426 24 9
426 25 0
426 26 0
426 27 0
426 28 0
426 29 12
426 30 8
426 31 7
426 32 6
426 33 0
426 34 0
426 35 0
426 36 0
426 37 0
426 38 0
426 39 0
426 40 11
426 41 0
426 42 11
426 43 4
426 44 6
426 45 9
426 46 0
426 47 7
426 48 7
426 49 0
426 50 13
426 51 0
426 52 0
426 53 12
426 54 9
426 55 11
426 56 0
426 57 8
426 58 8
426 59 3
426 60 9
426 61 9
426 62 11
426 63 10
426 64 3
426 65 12
426 66 11
426 67 6
426 68 10
426 69 11
426 70 4
426 71 0
426 72 8
426 73 7
426 74 7
426 75 7
426 76 11
426 77 0
426 78 0
426 79 10
426 80 0
426 81 5
426 82 0
426 83 0
426 84 12
426 85 10
426 86 8
426 87 7
426 88 0
426 89 7
426 90 9
426 91 11
426 92 3
426 93 0
426 94 0
426 95 8
426 96 10
426 97 7
426 98 0
426 99 8
426 100 0
426 101 10
426 102 8
426 103 0
426 104 0
426 105 8
426 106 4
426 107 0
426 108 11
426 109 0
426 110 0
426 111 9
426 112 7
426 113 0
426 114 7
426 115 5
426 116 0
426 117 0
426 118 10
426 119 5
426 120 8
426 121 12
451 1 9
451 2 2
451 3 5
451 4 0
451 5 13
451 6 12
451 7 5
451 8 10
451 9 5
451 10 10
451 11 7
451 12 0
451 13 0
451 14 6
451 15 11
451 16 3
451 17 10
451 18 0
451 19 5
451 20 6
451 21 11
451 22 9
451 23 0
451 24 8
451 25 5
451 26 0
451 27 0
451 28 8
451 29 6
451 30 10
451 31 6
451 32 4
451 33 12
451 34 0
451 35 0
451 36 10
451 37 0
451 38 0
451 39 0
451 40 0
451 41 7
451 42 11
451 43 11
451 44 0
451 45 9
451 46 11
451 47 0
451 48 0
451 49 0
451 50 10
451 51 6
451 52 0
451 53 5
451 54 0
451 55 0
451 56 0
451 57 10
451 58 6
451 59 0
451 60 4
451 61 9
451 62 0
451 63 9
451 64 7
451 65 0
451 66 10
451 67 9
451 68 10
451 69 10
451 70 0
451 71 6
451 72 0
451 73 0
451 74 0
451 75 8
451 76 0
451 77 6
451 78 9
451 79 7
451 80 10
451 81 8
451 82 12
451 83 10
451 84 5
451 85 11
451 86 7
451 87 10
451 88 0
451 89 0
451 90 16
451 91 9
451 92 3
451 93 0
451 94 0
451 95 8
451 96 11
451 97 11
451 98 0
451 99 10
451 100 8
451 101 3
451 102 0
451 103 10
451 104 2
451 105 11
451 106 12
451 107 5
451 108 3
451 109 4
451 110 0
451 111 9
451 112 10
451 113 10
451 114 9
451 115 2
451 116 12
451 117 10
451 118 4
451 119 9
451 120 0
451 121 5
476 1 10
476 2 9
476 3 11
476 4 11
476 5 6
476 6 10
476 7 10
476 8 12
476 9 10
476 10 4
476 11 0
476 12 6
476 13 9
476 14 7
476 15 10
476 16 11
476 17 7
476 18 0
476 19 9
476 20 0
476 21 0
476 22 9
476 23 10
476 24 4
476 25 10
476 26 0
476 27 6
476 28 0
476 29 11
476 30 7
476 31 8
476 32 12
476 33 4
476 34 0
476 35 9
476 36 0
476 37 0
476 38 1
476 39 10
476 40 3
476 41 9
476 42 0
476 43 0
476 44 10
476 45 9
476 46 0
476 47 12
476 48 0
476 49 8
476 50 11
476 51 0
476 52 5
476 53 0
476 54 10
476 55 8
476 56 8
476 57 11
476 58 9
476 59 0
476 60 7
476 61 7
476 62 0
476 63 11
476 64 10
476 65 10
476 66 11
476 67 10
476 68 0
476 69 10
476 70 7
476 71 12
476 72 7
476 73 4
476 74 9
476 75 5
476 76 8
476 77 10
476 78 11
476 79 9
476 80 0
476 81 4
476 82 12
476 83 10
476 84 0
476 85 6
476 86 10
476 87 0
476 88 6
476 89 0
476 90 9
476 91 8
476 92 7
476 93 10
476 94 0
476 95 0
476 96 0
476 97 18
476 98 9
476 99 9
476 100 0
476 101 9
476 102 10
476 103 14
476 104 0
476 105 10
476 106 8
476 107 6
476 108 0
476 109 9
476 110 10
476 111 11
476 112 9
476 113 9
476 114 11
476 115 9
476 116 7
476 117 11
476 118 0
476 119 9
476 120 2
476 121 0
501 1 10
501 2 11
501 3 10
501 4 4
501 5 9
501 6 6
501 7 0
501 8 0
501 9 9
501 10 6
501 11 5
501 12 12
501 13 8
501 14 7
501 15 4
501 16 7
501 17 0
501 18 0
501 19 0
501 20 0
501 21 13
501 22 4
501 23 14
501 24 11
501 25 0
501 26 0
501 27 9
501 28 11
501 29 9
501 30 0
501 31 0
501 32 10
501 33 0
501 34 5
501 35 12
501 36 5
501 37 0
501 38 0
501 39 0
501 40 0
501 41 0
501 42 0
501 43 10
501 44 7
501 45 3
501 46 16
501 47 11
501 48 0
501 49 0
501 50 5
501 51 11
501 52 13
501 53 5
501 54 0
501 55 5
501 56 10
501 57 0
501 58 11
501 59 0
501 60 0
501 61 0
501 62 9
501 63 9
501 64 0
501 65 1
501 66 0
501 67 8
501 68 4
501 69 8
501 70 1
501 71 6
501 72 6
501 73 0
501 74 9
501 75 0
501 76 4
501 77 10
501 78 7
501 79 0
501 80 12
501 81 0
501 82 12
501 83 0
501 84 0
501 85 10
501 86 8
501 87 12
501 88 6
501 89 10
501 90 12
501 91 6
501 92 10
501 93 0
501 94 12
501 95 0
501 96 5
501 97 10
501 98 0
501 99 2
501 100 8
501 101 10
501 102 0
501 103 0
501 104 16
501 105 10
501 106 9
501 107 11
501 108 10
501 109 2
501 110 9
501 111 8
501 112 7
501 113 3
501 114 4
501 115 0
501 116 5
501 117 11
501 118 11
501 119 11
501 120 9
501 121 9
526 1 0
526 2 8
526 3 0
526 4 7
526 5 6
526 6 9
526 7 10
526 8 6
526 9 9
526 10 5
526 11 0
526 12 13
526 13 0
526 14 8
526 15 7
526 16 14
526 17 9
526 18 5
526 19 9
526 20 7
526 21 8
526 22 11
526 23 0
526 24 10
526 25 4
526 26 7
526 27 10
526 28 0
526 29 0
526 30 0
526 31 12
526 32 7
526 33 7
526 34 10
526 35 0
526 36 7
526 37 8
526 38 0
526 39 0
526 40 10
526 41 5
526 42 0
526 43 0
526 44 0
526 45 9
526 46 0
526 47 12
526 48 3
526 49 0
526 50 0
526 51 10
526 52 10
526 53 1
526 54 11
526 55 10
526 56 9
526 57 0
526 58 11
526 59 10
526 60 10
526 61 9
526 62 0
526 63 11
526 64 0
526 65 6
526 66 10
526 67 0
526 68 9
526 69 10
526 70 7
526 71 12
526 72 11
526 73 8
526 74 7
526 75 11
526 76 9
526 77 0
526 78 9
526 79 9
526 80 10
526 81 7
526 82 0
526 83 4
526 84 7
526 85 10
526 86 10
526 87 10
526 88 2
526 89 1
526 90 13
526 91 0
526 92 0
526 93 0
526 94 0
526 95 7
526 96 0
526 97 0
526 98 0
526 99 0
526 100 0
526 101 10
526 102 0
526 103 0
526 104 5
526 105 0
526 106 0
526 107 0
526 108 0
526 109 9
526 110 3
526 111 7
526 112 7
526 113 0
526 114 10
526 115 10
526 116 5
526 117 1
526 118 10
526 119 6
526 120 5
526 121 0
551 1 11
551 2 6
551 3 0
551 4 9
551 5 10
551 6 11
551 7 0
551 8 9
551 9 7
551 10 10
551 11 7
551 12 4
551 13 8
551 14 2
551 15 4
551 16 11
551 17 6
551 18 6
551 19 12
551 20 10
551 21 11
551 22 9
551 23 0
551 24 17
551 25 8
551 26 9
551 27 9
551 28 0
551 29 4
551 30 10
551 31 10
551 32 8
551 33 0
551 34 8
551 35 8
551 36 2
551 37 0
551 38 0
551 39 10
551 40 9
551 41 6
551 42 15
551 43 0
551 44 2
551 45 13
551 46 7
551 47 5
551 48 0
551 49 9
551 50 0
551 51 10
551 52 10
551 53 0
551 54 11
551 55 0
551 56 11
551 57 10
551 58 7
551 59 9
551 60 0
551 61 2
551 62 6
551 63 8
551 64 6
551 65 7
551 66 7
551 67 8
551 68 0
551 69 0
551 70 1
551 71 0
551 72 0
551 73 2
551 74 5
551 75 12
551 76 3
551 77 10
551 78 11
551 79 2
551 80 5
551 81 0
551 82 6
551 83 10
551 84 0
551 85 0
551 86 9
551 87 10
551 88 8
551 89 6
551 90 6
551 91 10
551 92 12
551 93 9
551 94 10
551 95 11
551 96 2
551 97 0
551 98 6
551 99 0
551 100 0
551 101 7
551 102 10
551 103 12
551 104 6
551 105 13
551 106 5
551 107 0
551 108 7
551 109 7
551 110 0
551 111 8
551 112 9
551 113 12
551 114 0
551 115 0
551 116 9
551 117 0
551 118 0
551 119 8
551 120 0
551 121 0
576 1 10
576 2 8
576 3 7
576 4 13
576 5 9
576 6 10
576 7 10
576 8 9
576 9 7
576 10 0
576 11 0
576 12 10
576 13 10
576 14 0
576 15 8
576 16 10
576 17 10
576 18 8
576 19 9
576 20 10
576 21 0
576 22 0
576 23 10
576 24 9
576 25 0
576 26 0
576 27 9
576 28 8
576 29 9
576 30 8
576 31 5
576 32 0
576 33 2
576 34 10
576 35 9
576 36 8
576 37 11
576 38 11
576 39 0
576 40 5
576 41 10
576 42 10
576 43 10
576 44 0
576 45 0
576 46 0
576 47 0
576 48 0
576 49 0
576 50 0
576 51 0
576 52 0
576 53 0
576 54 8
576 55 0
576 56 16
576 57 0
576 58 8
576 59 7
576 60 7
576 61 11
576 62 0
576 63 0
576 64 8
576 65 5
576 66 14
576 67 15
576 68 0
576 69 7
576 70 0
576 71 9
576 72 0
576 73 0
576 74 7
576 75 10
576 76 4
576 77 0
576 78 10
576 79 0
576 80 0
576 81 6
576 82 13
576 83 0
576 84 0
576 85 8
576 86 0
576 87 0
576 88 10
576 89 21
576 90 3
576 91 12
576 92 10
576 93 0
576 94 4
576 95 8
576 96 10
576 97 0
576 98 9
576 99 0
576 100 9
576 101 10
576 102 12
576 103 8
576 104 9
576 105 4
576 106 9
576 107 6
576 108 9
576 109 6
576 110 11
576 111 9
576 112 9
576 113 5
576 114 11
576 115 1
576 116 12
576 117 3
576 118 10
576 119 0
576 120 7
576 121 5
601 1 0
601 2 10
601 3 0
601 4 12
601 5 0
601 6 0
601 7 1
601 8 0
601 9 6
601 10 11
601 11 7
601 12 0
601 13 8
601 14 9
601 15 10
601 16 0
601 17 11
601 18 11
601 19 10
601 20 11
601 21 10
601 22 0
601 23 3
601 24 7
601 25 7
601 26 11
601 27 9
601 28 3
601 29 9
601 30 0
601 31 12
601 32 0
601 33 0
601 34 9
601 35 6
601 36 7
601 37 0
601 38 11
601 39 7
601 40 13
601 41 0
601 42 6
601 43 9
601 44 9
601 45 14
601 46 11
601 47 0
601 48 10
601 49 11
601 50 10
601 51 0
601 52 9
601 53 10
601 54 0
601 55 9
601 56 10
601 57 6
601 58 10
601 59 8
601 60 10
601 61 12
601 62 10
601 63 5
601 64 7
601 65 6
601 66 5
601 67 9
601 68 11
601 69 10
601 70 12
601 71 0
601 72 10
601 73 6
601 74 8
601 75 6
601 76 3
601 77 0
601 78 6
601 79 6
601 80 10
601 81 0
601 82 10
601 83 12
601 84 6
601 85 10
601 86 5
601 87 0
601 88 8
601 89 0
601 90 14
601 91 16
601 92 10
601 93 6
601 94 10
601 95 12
601 96 12
601 97 10
601 98 10
601 99 14
601 100 9
601 101 0
601 102 0
601 103 11
601 104 0
601 105 11
601 106 0
601 107 6
601 108 9
601 109 12
601 110 7
601 111 10
601 112 0
601 113 5
601 114 1
601 115 0
601 116 11
601 117 5
601 118 8
601 119 11
601 120 0
601 121 0
626 1 0
626 2 4
626 3 8
626 4 0
626 5 4
626 6 0
626 7 0
626 8 11
626 9 10
626 10 5
626 11 10
626 12 0
626 13 0
626 14 5
626 15 12
626 16 0
626 17 5
626 18 12
626 19 9
626 20 11
626 21 8
626 22 0
626 23 0
626 24 0
626 25 0
626 26 11
626 27 10
626 28 5
626 29 9
626 30 0
626 31 10
626 32 8
626 33 7
626 34 1
626 35 10
626 36 8
626 37 0
626 38 7
626 39 2
626 40 0
626 41 12
626 42 4
626 43 9
626 44 10
626 45 12
626 46 0
626 47 8
626 48 0
626 49 8
626 50 9
626 51 5
626 52 9
626 53 12
626 54 0
626 55 10
626 56 10
626 57 11
626 58 0
626 59 10
626 60 8
626 61 8
626 62 2
626 63 10
626 64 8
626 65 10
626 66 13
626 67 0
626 68 2
626 69 10
626 70 7
626 71 10
626 72 13
626 73 0
626 74 0
626 75 4
626 76 7
626 77 0
626 78 10
626 79 10
626 80 11
626 81 8
626 82 0
626 83 0
626 84 0
626 85 0
626 86 3
626 87 0
626 88 0
626 89 0
626 90 10
626 91 7
626 92 11
626 93 7
626 94 9
626 95 0
626 96 0
626 97 8
626 98 9
626 99 8
626 100 0
626 101 9
626 102 9
626 103 3
626 104 10
626 105 11
626 106 11
626 107 3
626 108 0
626 109 3
626 110 11
626 111 0
626 112 9
626 113 9
626 114 6
626 115 0
626 116 6
626 117 0
626 118 0
626 119 0
626 120 0
626 121 7
651 1 12
651 2 9
651 3 2
651 4 10
651 5 11
651 6 7
651 7 9
651 8 0
651 9 7
651 10 0
651 11 3
651 12 0
651 13 13
651 14 0
651 15 0
651 16 10
651 17 4
651 18 12
651 19 9
651 20 0
651 21 9
651 22 11
651 23 9
651 24 3
651 25 3
651 26 11
651 27 8
651 28 0
651 29 9
651 30 0
651 31 10
651 32 10
651 33 8
651 34 3
651 35 9
651 36 2
651 37 11
651 38 10
651 39 0
651 40 0
651 41 10
651 42 4
651 43 10
651 44 1
651 45 10
651 46 8
651 47 5
651 48 10
651 49 0
651 50 10
651 51 0
651 52 11
651 53 9
651 54 9
651 55 18
651 56 8
651 57 0
651 58 10
651 59 0
651 60 6
651 61 0
651 62 9
651 63 8
651 64 10
651 65 7
651 66 12
651 67 6
651 68 7
651 69 8
651 70 3
651 71 0
651 72 0
651 73 11
651 74 8
651 75 9
651 76 10
651 77 0
651 78 10
651 79 12
651 80 16
651 81 6
651 82 7
651 83 10
651 84 9
651 85 0
651 86 9
651 87 0
651 88 0
651 89 11
651 90 9
651 91 7
651 92 8
651 93 10
651 94 10
651 95 0
651 96 8
651 97 9
651 98 0
651 99 10
651 100 16
651 101 7
651 102 10
651 103 9
651 104 7
651 105 11
651 106 8
651 107 11
651 108 0
651 109 11
651 110 8
651 111 0
651 112 12
651 113 0
651 114 6
651 115 9
651 116 11
651 117 0
651 118 4
651 119 12
651 120 8
651 121 0
676 1 9
676 2 6
676 3 11
676 4 9
676 5 10
676 6 6
676 7 0
676 8 0
676 9 5
676 10 3
676 11 0
676 12 0
676 13 0
676 14 0
676 15 6
676 16 6
676 17 2
676 18 9
676 19 10
676 20 13
676 21 0
676 22 0
676 23 8
676 24 11
676 25 11
676 26 0
676 27 6
676 28 0
676 29 6
676 30 10
676 31 0
676 32 10
676 33 10
676 34 0
676 35 12
676 36 8
676 37 12
676 38 0
676 39 9
676 40 11
676 41 0
676 42 8
676 43 13
676 44 9
676 45 8
676 46 7
676 47 10
676 48 10
676 49 0
676 50 10
676 51 6
676 52 11
676 53 0
676 54 0
676 55 0
676 56 4
676 57 10
676 58 10
676 59 0
676 60 6
676 61 7
676 62 6
676 63 11
676 64 0
676 65 0
676 66 0
676 67 10
676 68 0
676 69 0
676 70 9
676 71 5
676 72 7
676 73 10
676 74 9
676 75 13
676 76 9
676 77 8
676 78 16
676 79 10
676 80 11
676 81 8
676 82 8
676 83 0
676 84 8
676 85 0
676 86 0
676 87 5
676 88 4
676 89 8
676 90 15
676 91 5
676 92 8
676 93 5
676 94 9
676 95 3
676 96 4
676 97 0
676 98 11
676 99 9
676 100 8
676 101 8
676 102 7
676 103 0
676 104 8
676 105 0
676 106 10
676 107 8
676 108 12
676 109 11
676 110 0
676 111 0
676 112 13
676 113 10
676 114 0
676 115 9
676 116 0
676 117 13
676 118 0
676 119 5
676 120 0
676 121 0
701 1 0
701 2 8
701 3 13
701 4 8
701 5 5
701 6 0
701 7 0
701 8 10
701 9 0
701 10 3
701 11 9
701 12 7
701 13 10
701 14 0
701 15 0
701 16 3
701 17 11
701 18 9
701 19 4
701 20 0
701 21 9
701 22 10
701 23 6
701 24 11
701 25 0
701 26 0
701 27 8
701 28 10
701 29 7
701 30 8
701 31 5
701 32 8
701 33 13
701 34 5
701 35 5
701 36 1
701 37 0
701 38 0
701 39 11
701 40 0
701 41 0
701 42 8
701 43 10
701 44 3
701 45 12
701 46 6
701 47 4
701 48 9
701 49 10
701 50 0
701 51 9
701 52 13
701 53 1
701 54 0
701 55 0
701 56 7
701 57 9
701 58 3
701 59 8
701 60 11
701 61 8
701 62 6
701 63 5
701 64 10
701 65 11
701 66 9
701 67 5
701 68 9
701 69 8
701 70 3
701 71 7
701 72 8
701 73 6
701 74 12
701 75 6
701 76 6
701 77 12
701 78 0
701 79 10
701 80 4
701 81 6
701 82 9
701 83 8
701 84 8
701 85 10
701 86 11
701 87 0
701 88 0
701 89 9
701 90 4
701 91 9
701 92 0
701 93 11
701 94 0
701 95 0
701 96 0
701 97 0
701 98 9
701 99 0
701 100 9
701 101 0
701 102 0
701 103 7
701 104 6
701 105 17
701 106 13
701 107 7
701 108 10
701 109 0
701 110 3
701 111 0
701 112 8
701 113 0
701 114 7
701 115 9
701 116 6
701 117 1
701 118 7
701 119 6
701 120 8
701 121 10
726 1 9
726 2 0
726 3 10
726 4 0
726 5 9
726 6 4
726 7 7
726 8 0
726 9 0
726 10 7
726 11 9
726 12 10
726 13 13
726 14 12
726 15 11
726 16 0
726 17 0
726 18 7
726 19 12
726 20 9
726 21 0
726 22 14
726 23 10
726 24 14
726 25 11
726 26 9
726 27 9
726 28 9
726 29 0
726 30 0
726 31 12
726 32 10
726 33 10
726 34 5
726 35 7
726 36 3
726 37 9
726 38 2
726 39 0
726 40 1
726 41 9
726 42 11
726 43 0
726 44 9
726 45 0
726 46 0
726 47 0
726 48 0
726 49 7
726 50 0
726 51 0
726 52 6
726 53 0
726 54 11
726 55 5
726 56 9
726 57 9
726 58 10
726 59 10
726 60 10
726 61 8
726 62 0
726 63 10
726 64 11
726 65 0
726 66 10
726 67 7
726 68 11
726 69 10
726 70 9
726 71 3
726 72 0
726 73 10
726 74 8
726 75 9
726 76 9
726 77 12
726 78 6
726 79 0
726 80 10
726 81 0
726 82 0
726 83 0
726 84 12
726 85 10
726 86 0
726 87 10
726 88 10
726 89 10
726 90 12
726 91 0
726 92 7
726 93 0
726 94 10
726 95 10
726 96 12
726 97 9
726 98 0
726 99 0
726 100 0
726 101 0
726 102 10
726 103 2
726 104 7
726 105 9
726 106 15
726 107 9
726 108 10
726 109 0
726 110 0
726 111 10
726 112 0
726 113 0
726 114 9
726 115 0
726 116 7
726 117 0
726 118 7
726 119 1
726 120 5
726 121 7
751 1 0
751 2 4
751 3 7
751 4 7
751 5 0
751 6 1
751 7 10
751 8 0
751 9 8
751 10 9
751 11 10
751 12 11
751 13 9
751 14 9
751 15 0
751 16 4
751 17 6
751 18 0
751 19 0
751 20 10
751 21 7
751 22 10
751 23 0
751 24 0
751 25 11
751 26 9
751 27 7
751 28 8
751 29 8
751 30 10
751 31 0
751 32 9
751 33 8
751 34 13
751 35 7
751 36 12
751 37 8
751 38 10
751 39 8
751 40 10
751 41 9
751 42 2
751 43 8
751 44 8
751 45 0
751 46 0
751 47 6
751 48 0
751 49 10
751 50 7
751 51 11
751 52 9
751 53 8
751 54 9
751 55 9
751 56 0
751 57 0
751 58 0
751 59 9
751 60 7
751 61 11
751 62 7
751 63 7
751 64 11
751 65 0
751 66 0
751 67 0
751 68 6
751 69 7
751 70 6
751 71 8
751 72 7
751 73 0
751 74 10
751 75 0
751 76 0
751 77 0
751 78 8
751 79 9
751 80 7
751 81 13
751 82 8
751 83 7
751 84 7
751 85 6
751 86 13
751 87 0
751 88 0
751 89 0
751 90 10
751 91 10
751 92 5
751 93 3
751 94 9
751 95 7
751 96 0
751 97 0
751 98 0
751 99 14
751 100 0
751 101 0
751 102 11
751 103 11
751 104 0
751 105 0
751 106 7
751 107 7
751 108 8
751 109 4
751 110 6
751 111 7
751 112 0
751 113 0
751 114 0
751 115 11
751 116 12
751 117 9
751 118 9
751 119 2
751 120 7
751 121 10
776 1 0
776 2 0
776 3 11
776 4 14
776 5 0
776 6 9
776 7 0
776 8 0
776 9 10
776 10 9
776 11 12
776 12 11
776 13 10
776 14 0
776 15 9
776 16 10
776 17 7
776 18 0
776 19 0
776 20 2
776 21 11
776 22 8
776 23 5
776 24 8
776 25 6
776 26 7
776 27 7
776 28 9
776 29 9
776 30 10
776 31 0
776 32 8
776 33 0
776 34 0
776 35 0
776 36 0
776 37 2
776 38 14
776 39 12
776 40 0
776 41 9
776 42 10
776 43 7
776 44 0
776 45 0
776 46 6
776 47 11
776 48 0
776 49 0
776 50 7
776 51 0
776 52 0
776 53 10
776 54 0
776 55 9
776 56 9
776 57 11
776 58 7
776 59 8
776 60 6
776 61 0
776 62 0
776 63 0
776 64 12
776 65 2
776 66 10
776 67 12
776 68 5
776 69 5
776 70 7
776 71 3
776 72 10
776 73 0
776 74 7
776 75 0
776 76 0
776 77 3
776 78 5
776 79 0
776 80 0
776 81 0
776 82 0
776 83 0
776 84 0
776 85 0
776 86 0
776 87 0
776 88 0
776 89 4
776 90 0
776 91 12
776 92 0
776 93 4
776 94 10
776 95 0
776 96 0
776 97 12
776 98 0
776 99 10
776 100 10
776 101 3
776 102 0
776 103 12
776 104 0
776 105 10
776 106 12
776 107 0
776 108 4
776 109 6
776 110 7
776 111 0
776 112 0
776 113 12
776 114 0
776 115 11
776 116 10
776 117 0
776 118 10
776 119 0
776 120 7
776 121 8
801 1 7
801 2 8
801 3 4
801 4 0
801 5 6
801 6 9
801 7 9
801 8 11
801 9 9
801 10 10
801 11 9
801 12 9
801 13 10
801 14 10
801 15 10
801 16 0
801 17 8
801 18 10
801 19 12
801 20 7
801 21 10
801 22 0
801 23 0
801 24 10
801 25 8
801 26 9
801 27 6
801 28 9
801 29 6
801 30 11
801 31 10
801 32 9
801 33 0
801 34 8
801 35 10
801 36 10
801 37 7
801 38 9
801 39 16
801 40 13
801 41 0
801 42 0
801 43 7
801 44 9
801 45 0
801 46 6
801 47 0
801 48 19
801 49 0
801 50 0
801 51 10
801 52 0
801 53 10
801 54 8
801 55 11
801 56 11
801 57 0
801 58 10
801 59 11
801 60 0
801 61 9
801 62 5
801 63 0
801 64 6
801 65 0
801 66 6
801 67 0
801 68 11
801 69 0
801 70 0
801 71 9
801 72 11
801 73 8
801 74 2
801 75 5
801 76 11
801 77 0
801 78 0
801 79 4
801 80 0
801 81 15
801 82 4
801 83 0
801 84 5
801 85 0
801 86 6
801 87 11
801 88 1
801 89 12
801 90 0
801 91 7
801 92 9
801 93 13
801 94 0
801 95 5
801 96 14
801 97 0
801 98 11
801 99 9
801 100 18
801 101 9
801 102 0
801 103 8
801 104 0
801 105 7
801 106 9
801 107 9
801 108 0
801 109 0
801 110 9
801 111 0
801 112 0
801 113 9
801 114 0
801 115 10
801 116 0
801 117 0
801 118 0
801 119 0
801 120 8
801 121 8
826 1 11
826 2 9
826 3 3
826 4 11
826 5 6
826 6 11
826 7 7
826 8 0
826 9 13
826 10 6
826 11 7
826 12 0
826 13 7
826 14 0
826 15 13
826 16 4
826 17 7
826 18 2
826 19 10
826 20 11
826 21 0
826 22 9
826 23 0
826 24 6
826 25 1
826 26 0
826 27 13
826 28 8
826 29 9
826 30 0
826 31 6
826 32 0
826 33 10
826 34 13
826 35 0
826 36 8
826 37 2
826 38 10
826 39 10
826 40 9
826 41 9
826 42 8
826 43 0
826 44 5
826 45 0
826 46 4
826 47 9
826 48 8
826 49 8
826 50 9
826 51 9
826 52 0
826 53 0
826 54 10
826 55 8
826 56 10
826 57 0
826 58 7
826 59 8
826 60 10
826 61 0
826 62 7
826 63 9
826 64 12
826 65 12
826 66 10
826 67 5
826 68 12
826 69 1
826 70 7
826 71 0
826 72 0
826 73 10
826 74 9
826 75 11
826 76 0
826 77 2
826 78 10
826 79 7
826 80 18
826 81 10
826 82 0
826 83 11
826 84 0
826 85 10
826 86 0
826 87 0
826 88 9
826 89 10
826 90 9
826 91 10
826 92 0
826 93 10
826 94 0
826 95 0
826 96 0
826 97 1
826 98 9
826 99 9
826 100 4
826 101 8
826 102 9
826 103 6
826 104 6
826 105 9
826 106 0
826 107 10
826 108 0
826 109 0
826 110 0
826 111 8
826 112 10
826 113 9
826 114 4
826 115 0
826 116 0
826 117 10
826 118 11
826 119 7
826 120 9
826 121 9
851 1 0
851 2 0
851 3 10
851 4 0
851 5 10
851 6 9
851 7 3
851 8 10
851 9 15
851 10 11
851 11 4
851 12 10
851 13 9
851 14 13
851 15 0
851 16 10
851 17 0
851 18 10
851 19 10
851 20 11
851 21 11
851 22 5
851 23 0
851 24 6
851 25 6
851 26 8
851 27 10
851 28 8
851 29 0
851 30 9
851 31 0
851 32 9
851 33 9
851 34 0
851 35 0
851 36 10
851 37 10
851 38 13
851 39 5
851 40 10
851 41 6
851 42 6
851 43 10
851 44 8
851 45 0
851 46 0
851 47 0
851 48 8
851 49 6
851 50 6
851 51 8
851 52 10
851 53 10
851 54 0
851 55 10
851 56 14
851 57 6
851 58 7
851 59 7
851 60 9
851 61 3
851 62 10
851 63 10
851 64 0
851 65 5
851 66 5
851 67 0
851 68 4
851 69 8
851 70 7
851 71 10
851 72 5
851 73 0
851 74 12
851 75 11
851 76 10
851 77 0
851 78 0
851 79 11
851 80 9
851 81 13
851 82 8
851 83 12
851 84 14
851 85 7
851 86 5
851 87 14
851 88 7
851 89 17
851 90 10
851 91 11
851 92 8
851 93 11
851 94 1
851 95 0
851 96 6
851 97 0
851 98 9
851 99 6
851 100 8
851 101 10
851 102 7
851 103 7
851 104 11
851 105 0
851 106 14
851 107 0
851 108 5
851 109 8
851 110 10
851 111 0
851 112 0
851 113 9
851 114 0
851 115 11
851 116 7
851 117 7
851 118 8
851 119 8
851 120 9
851 121 11
876 1 9
876 2 0
876 3 10
876 4 10
876 5 9
876 6 10
876 7 6
876 8 7
876 9 9
876 10 5
876 11 6
876 12 9
876 13 9
876 14 12
876 15 8
876 16 1
876 17 0
876 18 0
876 19 6
876 20 0
876 21 6
876 22 8
876 23 4
876 24 10
876 25 0
876 26 9
876 27 0
876 28 10
876 29 11
876 30 11
876 31 14
876 32 0
876 33 9
876 34 9
876 35 5
876 36 10
876 37 10
876 38 8
876 39 11
876 40 11
876 41 7
876 42 11
876 43 15
876 44 9
876 45 3
876 46 9
876 47 0
876 48 7
876 49 3
876 50 0
876 51 9
876 52 11
876 53 10
876 54 9
876 55 0
876 56 10
876 57 8
876 58 9
876 59 10
876 60 0
876 61 11
876 62 9
876 63 11
876 64 0
876 65 11
876 66 3
876 67 9
876 68 7
876 69 5
876 70 5
876 71 2
876 72 8
876 73 9
876 74 7
876 75 3
876 76 7
876 77 13
876 78 0
876 79 4
876 80 0
876 81 3
876 82 10
876 83 5
876 84 6
876 85 9
876 86 0
876 87 11
876 88 14
876 89 0
876 90 0
876 91 6
876 92 1
876 93 12
876 94 11
876 95 0
876 96 5
876 97 0
876 98 0
876 99 0
876 100 7
876 101 0
876 102 10
876 103 3
876 104 0
876 105 0
876 106 9
876 107 0
876 108 0
876 109 8
876 110 0
876 111 3
876 112 7
876 113 11
876 114 8
876 115 0
876 116 9
876 117 9
876 118 0
876 119 5
876 120 8
876 121 11
901 1 11
901 2 8
901 3 4
901 4 0
901 5 9
901 6 0
901 7 8
901 8 9
901 9 12
901 10 12
901 11 0
901 12 7
901 13 6
901 14 9
901 15 1
901 16 11
901 17 0
901 18 7
901 19 8
901 20 10
901 21 11
901 22 11
901 23 9
901 24 10
901 25 0
901 26 1
901 27 8
901 28 0
901 29 5
901 30 11
901 31 8
901 32 10
901 33 12
901 34 0
901 35 9
901 36 0
901 37 0
901 38 0
901 39 9
901 40 11
901 41 8
901 42 9
901 43 12
901 44 10
901 45 10
901 46 4
901 47 2
901 48 9
901 49 11
901 50 0
901 51 8
901 52 5
901 53 9
901 54 9
901 55 4
901 56 10
901 57 10
901 58 0
901 59 0
901 60 7
901 61 10
901 62 0
901 63 13
901 64 10
901 65 10
901 66 10
901 67 7
901 68 7
901 69 10
901 70 0
901 71 14
901 72 8
901 73 10
901 74 9
901 75 8
901 76 5
901 77 4
901 78 0
901 79 9
901 80 13
901 81 0
901 82 0
901 83 10
901 84 8
901 85 7
901 86 3
901 87 9
901 88 9
901 89 0
901 90 0
901 91 5
901 92 6
901 93 0
901 94 8
901 95 8
901 96 10
901 97 9
901 98 6
901 99 11
901 100 3
901 101 0
901 102 8
901 103 0
901 104 0
901 105 9
901 106 0
901 107 10
901 108 4
901 109 0
901 110 0
901 111 0
901 112 0
901 113 3
901 114 8
901 115 0
901 116 0
901 117 0
901 118 11
901 119 8
901 120 0
901 121 0
926 1 9
926 2 12
926 3 10
926 4 0
926 5 10
926 6 9
926 7 10
926 8 7
926 9 6
926 10 15
926 11 11
926 12 9
926 13 0
926 14 0
926 15 8
926 16 13
926 17 6
926 18 7
926 19 10
926 20 11
926 21 0
926 22 8
926 23 10
926 24 9
926 25 12
926 26 0
926 27 0
926 28 15
926 29 5
926 30 9
926 31 10
926 32 8
926 33 0
926 34 10
926 35 0
926 36 0
926 37 6
926 38 0
926 39 8
926 40 0
926 41 0
926 42 7
926 43 3
926 44 3
926 45 0
926 46 8
926 47 10
926 48 8
926 49 1
926 50 0
926 51 6
926 52 10
926 53 9
926 54 0
926 55 10
926 56 0
926 57 11
926 58 0
926 59 7
926 60 0
926 61 8
926 62 0
926 63 9
926 64 0
926 65 5
926 66 11
926 67 4
926 68 0
926 69 0
926 70 8
926 71 10
926 72 3
926 73 7
926 74 4
926 75 10
926 76 0
926 77 2
926 78 11
926 79 7
926 80 12
926 81 7
926 82 2
926 83 13
926 84 11
926 85 11
926 86 0
926 87 9
926 88 10
926 89 0
926 90 8
926 91 11
926 92 7
926 93 7
926 94 0
926 95 4
926 96 8
926 97 11
926 98 0
926 99 15
926 100 0
926 101 0
926 102 10
926 103 0
926 104 0
926 105 11
926 106 9
926 107 10
926 108 7
926 109 10
926 110 0
926 111 9
926 112 0
926 113 6
926 114 0
926 115 0
926 116 0
926 117 0
926 118 10
926 119 10
926 120 10
926 121 9
951 1 10
951 2 13
951 3 9
951 4 9
951 5 0
951 6 6
951 7 0
951 8 16
951 9 9
951 10 11
951 11 6
951 12 10
951 13 11
951 14 6
951 15 4
951 16 18
951 17 7
951 18 10
951 19 0
951 20 10
951 21 9
951 22 8
951 23 0
951 24 0
951 25 9
951 26 10
951 27 0
951 28 11
951 29 11
951 30 7
951 31 5
951 32 4
951 33 10
951 34 11
951 35 8
951 36 0
951 37 10
951 38 9
951 39 9
951 40 0
951 41 11
951 42 8
951 43 8
951 44 0
951 45 9
951 46 10
951 47 10
951 48 4
951 49 14
951 50 0
951 51 10
951 52 10
951 53 12
951 54 0
951 55 0
951 56 10
951 57 3
951 58 9
951 59 0
951 60 0
951 61 0
951 62 7
951 63 6
951 64 10
951 65 10
951 66 11
951 67 10
951 68 10
951 69 8
951 70 10
951 71 0
951 72 14
951 73 10
951 74 10
951 75 0
951 76 11
951 77 10
951 78 0
951 79 0
951 80 7
951 81 0
951 82 8
951 83 0
951 84 14
951 85 5
951 86 0
951 87 3
951 88 10
951 89 0
951 90 0
951 91 0
951 92 0
951 93 3
951 94 11
951 95 0
951 96 0
951 97 8
951 98 0
951 99 5
951 100 11
951 101 0
951 102 0
951 103 3
951 104 3
951 105 6
951 106 8
951 107 2
951 108 13
951 109 0
951 110 0
951 111 12
951 112 0
951 113 0
951 114 0
951 115 0
951 116 0
951 117 0
951 118 8
951 119 11
951 120 13
951 121 0
976 1 6
976 2 10
976 3 5
976 4 9
976 5 0
976 6 0
976 7 2
976 8 7
976 9 10
976 10 9
976 11 7
976 12 7
976 13 0
976 14 13
976 15 11
976 16 7
976 17 10
976 18 6
976 19 10
976 20 7
976 21 7
976 22 0
976 23 3
976 24 0
976 25 9
976 26 10
976 27 4
976 28 12
976 29 4
976 30 9
976 31 10
976 32 9
976 33 8
976 34 0
976 35 0
976 36 0
976 37 9
976 38 8
976 39 8
976 40 0
976 41 11
976 42 11
976 43 0
976 44 9
976 45 9
976 46 11
976 47 10
976 48 10
976 49 10
976 50 4
976 51 10
976 52 10
976 53 0
976 54 0
976 55 10
976 56 9
976 57 5
976 58 0
976 59 10
976 60 0
976 61 6
976 62 7
976 63 15
976 64 10
976 65 6
976 66 4
976 67 5
976 68 0
976 69 0
976 70 6
976 71 0
976 72 7
976 73 0
976 74 0
976 75 0
976 76 8
976 77 10
976 78 12
976 79 13
976 80 10
976 81 10
976 82 7
976 83 9
976 84 0
976 85 9
976 86 10
976 87 10
976 88 9
976 89 12
976 90 0
976 91 5
976 92 1
976 93 5
976 94 5
976 95 5
976 96 5
976 97 9
976 98 7
976 99 7
976 100 16
976 101 0
976 102 0
976 103 0
976 104 0
976 105 0
976 106 8
976 107 12
976 108 0
976 109 0
976 110 7
976 111 1
976 112 9
976 113 0
976 114 9
976 115 16
976 116 0
976 117 0
976 118 4
976 119 16
976 120 6
976 121 11
1001 1 4
1001 2 0
1001 3 0
1001 4 10
1001 5 0
1001 6 11
1001 7 0
1001 8 0
1001 9 7
1001 10 4
1001 11 5
1001 12 0
1001 13 0
1001 14 0
1001 15 14
1001 16 11
1001 17 7
1001 18 12
1001 19 0
1001 20 0
1001 21 10
1001 22 7
1001 23 0
1001 24 0
1001 25 9
1001 26 6
1001 27 10
1001 28 9
1001 29 6
1001 30 0
1001 31 0
1001 32 0
1001 33 0
1001 34 0
1001 35 10
1001 36 12
1001 37 10
1001 38 9
1001 39 8
1001 40 6
1001 41 0
1001 42 0
1001 43 0
1001 44 6
1001 45 11
1001 46 10
1001 47 0
1001 48 10
1001 49 4
1001 50 0
1001 51 4
1001 52 5
1001 53 0
1001 54 10
1001 55 9
1001 56 0
1001 57 12
1001 58 0
1001 59 10
1001 60 9
1001 61 0
1001 62 0
1001 63 0
1001 64 11
1001 65 9
1001 66 0
1001 67 11
1001 68 0
1001 69 9
1001 70 9
1001 71 6
1001 72 0
1001 73 0
1001 74 8
1001 75 10
1001 76 10
1001 77 4
1001 78 12
1001 79 11
1001 80 8
1001 81 10
1001 82 14
1001 83 0
1001 84 0
1001 85 6
1001 86 13
1001 87 2
1001 88 7
1001 89 8
1001 90 11
1001 91 0
1001 92 0
1001 93 9
1001 94 5
1001 95 0
1001 96 11
1001 97 0
1001 98 14
1001 99 9
1001 100 10
1001 101 11
1001 102 9
1001 103 5
1001 104 6
1001 105 0
1001 106 0
1001 107 2
1001 108 13
1001 109 12
1001 110 11
1001 111 12
1001 112 8
1001 113 3
1001 114 5
1001 115 11
1001 116 0
1001 117 7
1001 118 0
1001 119 13
1001 120 0
1001 121 10
1026 1 0
1026 2 10
1026 3 0
1026 4 11
1026 5 9
1026 6 8
1026 7 6
1026 8 0
1026 9 11
1026 10 5
1026 11 0
1026 12 0
1026 13 13
1026 14 8
1026 15 8
1026 16 10
1026 17 12
1026 18 4
1026 19 9
1026 20 6
1026 21 8
1026 22 10
1026 23 0
1026 24 9
1026 25 0
1026 26 10
1026 27 8
1026 28 0
1026 29 10
1026 30 8
1026 31 10
1026 32 10
1026 33 13
1026 34 0
1026 35 8
1026 36 0
1026 37 3
1026 38 11
1026 39 7
1026 40 9
1026 41 9
1026 42 8
1026 43 9
1026 44 13
1026 45 3
1026 46 0
1026 47 12
1026 48 7
1026 49 11
1026 50 10
1026 51 0
1026 52 0
1026 53 0
1026 54 9
1026 55 10
1026 56 8
1026 57 3
1026 58 10
1026 59 0
1026 60 6
1026 61 0
1026 62 11
1026 63 7
1026 64 13
1026 65 9
1026 66 0
1026 67 0
1026 68 8
1026 69 12
1026 70 0
1026 71 0
1026 72 0
1026 73 3
1026 74 4
1026 75 9
1026 76 6
1026 77 0
1026 78 10
1026 79 8
1026 80 10
1026 81 0
1026 82 10
1026 83 9
1026 84 6
1026 85 0
1026 86 9
1026 87 10
1026 88 4
1026 89 11
1026 90 7
1026 91 0
1026 92 0
1026 93 10
1026 94 10
1026 95 0
1026 96 0
1026 97 8
1026 98 6
1026 99 10
1026 100 2
1026 101 0
1026 102 9
1026 103 0
1026 104 7
1026 105 0
1026 106 0
1026 107 0
1026 108 10
1026 109 10
1026 110 0
1026 111 0
1026 112 0
1026 113 0
1026 114 0
1026 115 0
1026 116 0
1026 117 10
1026 118 10
1026 119 0
1026 120 0
1026 121 0
1051 1 0
1051 2 10
1051 3 11
1051 4 8
1051 5 14
1051 6 13
1051 7 3
1051 8 12
1051 9 0
1051 10 9
1051 11 3
1051 12 5
1051 13 0
1051 14 12
1051 15 8
1051 16 10
1051 17 9
1051 18 10
1051 19 10
1051 20 10
1051 21 8
1051 22 9
1051 23 8
1051 24 8
1051 25 9
1051 26 0
1051 27 12
1051 28 10
1051 29 8
1051 30 0
1051 31 8
1051 32 5
1051 33 13
1051 34 0
1051 35 7
1051 36 0
1051 37 9
1051 38 13
1051 39 7
1051 40 9
1051 41 11
1051 42 12
1051 43 10
1051 44 1
1051 45 12
1051 46 11
1051 47 5
1051 48 0
1051 49 5
1051 50 11
1051 51 8
1051 52 0
1051 53 7
1051 54 9
1051 55 10
1051 56 0
1051 57 10
1051 58 11
1051 59 10
1051 60 10
1051 61 12
1051 62 0
1051 63 10
1051 64 0
1051 65 8
1051 66 9
1051 67 3
1051 68 0
1051 69 11
1051 70 9
1051 71 8
1051 72 9
1051 73 10
1051 74 9
1051 75 0
1051 76 10
1051 77 9
1051 78 12
1051 79 8
1051 80 2
1051 81 9
1051 82 11
1051 83 2
1051 84 12
1051 85 8
1051 86 0
1051 87 9
1051 88 0
1051 89 9
1051 90 8
1051 91 0
1051 92 6
1051 93 0
1051 94 0
1051 95 11
1051 96 1
1051 97 0
1051 98 6
1051 99 13
1051 100 9
1051 101 0
1051 102 0
1051 103 8
1051 104 8
1051 105 9
1051 106 10
1051 107 0
1051 108 9
1051 109 7
1051 110 8
1051 111 11
1051 112 10
1051 113 12
1051 114 0
1051 115 0
1051 116 10
1051 117 10
1051 118 9
1051 119 0
1051 120 10
1051 121 0
1076 1 6
1076 2 11
1076 3 11
1076 4 10
1076 5 7
1076 6 11
1076 7 0
1076 8 7
1076 9 11
1076 10 8
1076 11 13
1076 12 11
1076 13 8
1076 14 10
1076 15 17
1076 16 9
1076 17 6
1076 18 1
1076 19 0
1076 20 10
1076 21 7
1076 22 10
1076 23 9
1076 24 0
1076 25 9
1076 26 5
1076 27 9
1076 28 6
1076 29 10
1076 30 2
1076 31 9
1076 32 0
1076 33 9
1076 34 8
1076 35 7
1076 36 0
1076 37 7
1076 38 4
1076 39 6
1076 40 11
1076 41 3
1076 42 10
1076 43 6
1076 44 9
1076 45 0
1076 46 8
1076 47 9
1076 48 10
1076 49 0
1076 50 0
1076 51 10
1076 52 0
1076 53 9
1076 54 9
1076 55 9
1076 56 4
1076 57 9
1076 58 11
1076 59 13
1076 60 10
1076 61 10
1076 62 11
1076 63 9
1076 64 0
1076 65 0
1076 66 11
1076 67 12
1076 68 6
1076 69 11
1076 70 10
1076 71 10
1076 72 7
1076 73 10
1076 74 12
1076 75 9
1076 76 10
1076 77 0
1076 78 0
1076 79 10
1076 80 10
1076 81 8
1076 82 0
1076 83 0
1076 84 0
1076 85 0
1076 86 7
1076 87 0
1076 88 0
1076 89 0
1076 90 0
1076 91 8
1076 92 7
1076 93 11
1076 94 0
1076 95 9
1076 96 0
1076 97 15
1076 98 4
1076 99 4
1076 100 6
1076 101 13
1076 102 8
1076 103 3
1076 104 0
1076 105 11
1076 106 12
1076 107 0
1076 108 12
1076 109 2
1076 110 0
1076 111 7
1076 112 3
1076 113 8
1076 114 7
1076 115 10
1076 116 9
1076 117 9
1076 118 9
1076 119 0
1076 120 0
1076 121 0
1101 1 0
1101 2 6
1101 3 10
1101 4 5
1101 5 6
1101 6 10
1101 7 8
1101 8 11
1101 9 9
1101 10 6
1101 11 9
1101 12 10
1101 13 10
1101 14 14
1101 15 9
1101 16 9
1101 17 8
1101 18 13
1101 19 0
1101 20 11
1101 21 8
1101 22 7
1101 23 0
1101 24 8
1101 25 0
1101 26 0
1101 27 0
1101 28 0
1101 29 10
1101 30 11
1101 31 12
1101 32 8
1101 33 0
1101 34 16
1101 35 7
1101 36 7
1101 37 0
1101 38 7
1101 39 0
1101 40 0
1101 41 11
1101 42 7
1101 43 12
1101 44 6
1101 45 6
1101 46 10
1101 47 12
1101 48 8
1101 49 9
1101 50 10
1101 51 0
1101 52 10
1101 53 0
1101 54 9
1101 55 0
1101 56 9
1101 57 11
1101 58 0
1101 59 0
1101 60 0
1101 61 0
1101 62 7
1101 63 12
1101 64 0
1101 65 12
1101 66 0
1101 67 3
1101 68 0
1101 69 4
1101 70 0
1101 71 0
1101 72 8
1101 73 10
1101 74 5
1101 75 5
1101 76 9
1101 77 15
1101 78 0
1101 79 0
1101 80 3
1101 81 0
1101 82 0
1101 83 13
1101 84 10
1101 85 14
1101 86 12
1101 87 4
1101 88 0
1101 89 0
1101 90 0
1101 91 10
1101 92 0
1101 93 0
1101 94 6
1101 95 8
1101 96 8
1101 97 12
1101 98 0
1101 99 4
1101 100 1
1101 101 0
1101 102 0
1101 103 0
1101 104 7
1101 105 0
1101 106 0
1101 107 9
1101 108 5
1101 109 10
1101 110 10
1101 111 0
1101 112 0
1101 113 0
1101 114 3
1101 115 11
1101 116 0
1101 117 8
1101 118 11
1101 119 7
1101 120 0
1101 121 0
1126 1 0
1126 2 0
1126 3 7
1126 4 11
1126 5 10
1126 6 0
1126 7 11
1126 8 12
1126 9 11
1126 10 0
1126 11 0
1126 12 0
1126 13 9
1126 14 0
1126 15 9
1126 16 9
1126 17 9
1126 18 10
1126 19 4
1126 20 6
1126 21 10
1126 22 11
1126 23 11
1126 24 9
1126 25 16
1126 26 9
1126 27 10
1126 28 11
1126 29 6
1126 30 10
1126 31 7
1126 32 6
1126 33 0
1126 34 11
1126 35 5
1126 36 10
1126 37 11
1126 38 9
1126 39 8
1126 40 3
1126 41 0
1126 42 10
1126 43 10
1126 44 0
1126 45 11
1126 46 6
1126 47 8
1126 48 14
1126 49 3
1126 50 4
1126 51 8
1126 52 7
1126 53 10
1126 54 0
1126 55 1
1126 56 6
1126 57 0
1126 58 10
1126 59 10
1126 60 4
1126 61 8
1126 62 10
1126 63 12
1126 64 10
1126 65 8
1126 66 8
1126 67 0
1126 68 0
1126 69 10
1126 70 10
1126 71 0
1126 72 9
1126 73 5
1126 74 4
1126 75 11
1126 76 7
1126 77 5
1126 78 0
1126 79 10
1126 80 0
1126 81 0
1126 82 12
1126 83 15
1126 84 9
1126 85 8
1126 86 0
1126 87 5
1126 88 10
1126 89 7
1126 90 9
1126 91 10
1126 92 14
1126 93 0
1126 94 0
1126 95 8
1126 96 0
1126 97 9
1126 98 6
1126 99 13
1126 100 7
1126 101 0
1126 102 10
1126 103 0
1126 104 3
1126 105 8
1126 106 0
1126 107 11
1126 108 3
1126 109 9
1126 110 0
1126 111 10
1126 112 0
1126 113 0
1126 114 9
1126 115 14
1126 116 0
1126 117 5
1126 118 10
1126 119 8
1126 120 9
1126 121 0
1151 1 0
1151 2 0
1151 3 10
1151 4 2
1151 5 2
1151 6 10
1151 7 0
1151 8 0
1151 9 5
1151 10 11
1151 11 7
1151 12 0
1151 13 0
1151 14 12
1151 15 5
1151 16 10
1151 17 11
1151 18 0
1151 19 0
1151 20 10
1151 21 3
1151 22 0
1151 23 10
1151 24 6
1151 25 10
1151 26 12
1151 27 9
1151 28 0
1151 29 0
1151 30 0
1151 31 0
1151 32 11
1151 33 0
1151 34 9
1151 35 9
1151 36 10
1151 37 14
1151 38 9
1151 39 0
1151 40 1
1151 41 8
1151 42 0
1151 43 0
1151 44 0
1151 45 0
1151 46 7
1151 47 11
1151 48 8
1151 49 0
1151 50 0
1151 51 10
1151 52 10
1151 53 10
1151 54 0
1151 55 0
1151 56 4
1151 57 0
1151 58 0
1151 59 0
1151 60 0
1151 61 0
1151 62 12
1151 63 2
1151 64 12
1151 65 0
1151 66 0
1151 67 9
1151 68 2
1151 69 0
1151 70 4
1151 71 0
1151 72 9
1151 73 9
1151 74 14
1151 75 11
1151 76 7
1151 77 7
1151 78 10
1151 79 0
1151 80 8
1151 81 10
1151 82 0
1151 83 10
1151 84 9
1151 85 9
1151 86 9
1151 87 12
1151 88 12
1151 89 8
1151 90 9
1151 91 11
1151 92 0
1151 93 17
1151 94 0
1151 95 6
1151 96 8
1151 97 0
1151 98 3
1151 99 3
1151 100 0
1151 101 0
1151 102 0
1151 103 7
1151 104 10
1151 105 15
1151 106 9
1151 107 11
1151 108 8
1151 109 0
1151 110 8
1151 111 11
1151 112 4
1151 113 0
1151 114 6
1151 115 16
1151 116 8
1151 117 0
1151 118 4
1151 119 0
1151 120 0
1151 121 7
1176 1 9
1176 2 10
1176 3 8
1176 4 0
1176 5 2
1176 6 0
1176 7 11
1176 8 0
1176 9 11
1176 10 10
1176 11 9
1176 12 6
1176 13 14
1176 14 0
1176 15 0
1176 16 10
1176 17 8
1176 18 0
1176 19 0
1176 20 6
1176 21 0
1176 22 8
1176 23 6
1176 24 10
1176 25 7
1176 26 4
1176 27 8
1176 28 9
1176 29 6
1176 30 12
1176 31 0
1176 32 9
1176 33 0
1176 34 0
1176 35 9
1176 36 12
1176 37 11
1176 38 0
1176 39 9
1176 40 10
1176 41 0
1176 42 10
1176 43 8
1176 44 0
1176 45 0
1176 46 7
1176 47 10
1176 48 0
1176 49 11
1176 50 6
1176 51 7
1176 52 0
1176 53 11
1176 54 9
1176 55 0
1176 56 6
1176 57 0
1176 58 9
1176 59 0
1176 60 0
1176 61 11
1176 62 0
1176 63 0
1176 64 7
1176 65 0
1176 66 12
1176 67 10
1176 68 0
1176 69 7
1176 70 10
1176 71 1
1176 72 9
1176 73 12
1176 74 8
1176 75 5
1176 76 10
1176 77 0
1176 78 0
1176 79 0
1176 80 12
1176 81 0
1176 82 11
1176 83 10
1176 84 7
1176 85 9
1176 86 11
1176 87 10
1176 88 0
1176 89 11
1176 90 0
1176 91 0
1176 92 9
1176 93 11
1176 94 9
1176 95 13
1176 96 15
1176 97 10
1176 98 8
1176 99 0
1176 100 11
1176 101 9
1176 102 0
1176 103 0
1176 104 9
1176 105 12
1176 106 11
1176 107 7
1176 108 8
1176 109 9
1176 110 0
1176 111 7
1176 112 4
1176 113 8
1176 114 0
1176 115 0
1176 116 0
1176 117 8
1176 118 6
1176 119 7
1176 120 12
1176 121 11
1201 1 8
1201 2 15
1201 3 5
1201 4 8
1201 5 9
1201 6 7
1201 7 0
1201 8 0
1201 9 0
1201 10 0
1201 11 14
1201 12 4
1201 13 10
1201 14 12
1201 15 11
1201 16 14
1201 17 0
1201 18 0
1201 19 0
1201 20 11
1201 21 0
1201 22 3
1201 23 12
1201 24 9
1201 25 9
1201 26 11
1201 27 0
1201 28 3
1201 29 7
1201 30 9
1201 31 9
1201 32 0
1201 33 11
1201 34 0
1201 35 12
1201 36 10
1201 37 11
1201 38 0
1201 39 10
1201 40 9
1201 41 7
1201 42 8
1201 43 10
1201 44 3
1201 45 9
1201 46 0
1201 47 0
1201 48 0
1201 49 7
1201 50 0
1201 51 11
1201 52 5
1201 53 5
1201 54 12
1201 55 9
1201 56 6
1201 57 0
1201 58 3
1201 59 10
1201 60 0
1201 61 0
1201 62 7
1201 63 10
1201 64 7
1201 65 12
1201 66 8
1201 67 9
1201 68 10
1201 69 8
1201 70 3
1201 71 0
1201 72 0
1201 73 0
1201 74 11
1201 75 11
1201 76 4
1201 77 7
1201 78 10
1201 79 8
1201 80 11
1201 81 4
1201 82 8
1201 83 10
1201 84 0
1201 85 0
1201 86 8
1201 87 0
1201 88 10
1201 89 8
1201 90 5
1201 91 0
1201 92 9
1201 93 11
1201 94 7
1201 95 13
1201 96 8
1201 97 7
1201 98 8
1201 99 10
1201 100 0
1201 101 9
1201 102 3
1201 103 0
1201 104 8
1201 105 0
1201 106 14
1201 107 10
1201 108 11
1201 109 10
1201 110 11
1201 111 0
1201 112 11
1201 113 9
1201 114 11
1201 115 0
1201 116 0
1201 117 0
1201 118 7
1201 119 8
1201 120 8
1201 121 8
1226 1 10
1226 2 10
1226 3 7
1226 4 10
1226 5 3
1226 6 3
1226 7 7
1226 8 1
1226 9 0
1226 10 9
1226 11 12
1226 12 3
1226 13 10
1226 14 5
1226 15 1
1226 16 6
1226 17 11
1226 18 0
1226 19 7
1226 20 9
1226 21 13
1226 22 2
1226 23 5
1226 24 0
1226 25 6
1226 26 12
1226 27 8
1226 28 2
1226 29 9
1226 30 0
1226 31 0
1226 32 0
1226 33 12
1226 34 2
1226 35 0
1226 36 8
1226 37 8
1226 38 8
1226 39 7
1226 40 8
1226 41 3
1226 42 11
1226 43 11
1226 44 0
1226 45 7
1226 46 10
1226 47 6
1226 48 7
1226 49 6
1226 50 0
1226 51 15
1226 52 11
1226 53 6
1226 54 9
1226 55 9
1226 56 7
1226 57 11
1226 58 5
1226 59 7
1226 60 9
1226 61 0
1226 62 0
1226 63 0
1226 64 0
1226 65 3
1226 66 6
1226 67 2
1226 68 3
1226 69 11
1226 70 3
1226 71 0
1226 72 0
1226 73 0
1226 74 0
1226 75 6
1226 76 8
1226 77 9
1226 78 10
1226 79 9
1226 80 9
1226 81 8
1226 82 2
1226 83 10
1226 84 7
1226 85 10
1226 86 0
1226 87 0
1226 88 9
1226 89 0
1226 90 2
1226 91 9
1226 92 0
1226 93 6
1226 94 0
1226 95 0
1226 96 9
1226 97 8
1226 98 11
1226 99 0
1226 100 0
1226 101 9
1226 102 9
1226 103 8
1226 104 13
1226 105 0
1226 106 10
1226 107 5
1226 108 6
1226 109 0
1226 110 9
1226 111 10
1226 112 0
1226 113 10
1226 114 9
1226 115 0
1226 116 11
1226 117 8
1226 118 10
1226 119 8
1226 120 6
1226 121 10
1251 1 9
1251 2 0
1251 3 10
1251 4 0
1251 5 10
1251 6 10
1251 7 0
1251 8 10
1251 9 4
1251 10 11
1251 11 5
1251 12 5
1251 13 5
1251 14 8
1251 15 6
1251 16 10
1251 17 0
1251 18 9
1251 19 13
1251 20 12
1251 21 0
1251 22 10
1251 23 10
1251 24 9
1251 25 8
1251 26 0
1251 27 10
1251 28 0
1251 29 9
1251 30 5
1251 31 11
1251 32 1
1251 33 6
1251 34 8
1251 35 9
1251 36 8
1251 37 0
1251 38 0
1251 39 9
1251 40 3
1251 41 2
1251 42 9
1251 43 9
1251 44 9
1251 45 11
1251 46 0
1251 47 3
1251 48 0
1251 49 9
1251 50 0
1251 51 0
1251 52 10
1251 53 12
1251 54 0
1251 55 0
1251 56 0
1251 57 12
1251 58 12
1251 59 0
1251 60 0
1251 61 0
1251 62 9
1251 63 13
1251 64 0
1251 65 9
1251 66 5
1251 67 10
1251 68 10
1251 69 0
1251 70 0
1251 71 0
1251 72 0
1251 73 7
1251 74 10
1251 75 0
1251 76 13
1251 77 9
1251 78 9
1251 79 9
1251 80 6
1251 81 0
1251 82 10
1251 83 7
1251 84 0
1251 85 9
1251 86 13
1251 87 8
1251 88 0
1251 89 11
1251 90 8
1251 91 10
1251 92 10
1251 93 0
1251 94 0
1251 95 10
1251 96 4
1251 97 9
1251 98 12
1251 99 9
1251 100 7
1251 101 2
1251 102 10
1251 103 12
1251 104 11
1251 105 0
1251 106 8
1251 107 5
1251 108 7
1251 109 6
1251 110 11
1251 111 0
1251 112 10
1251 113 0
1251 114 0
1251 115 0
1251 116 8
1251 117 9
1251 118 11
1251 119 6
1251 120 6
1251 121 0
1276 1 11
1276 2 9
1276 3 0
1276 4 10
1276 5 9
1276 6 0
1276 7 10
1276 8 0
1276 9 7
1276 10 12
1276 11 0
1276 12 4
1276 13 0
1276 14 4
1276 15 10
1276 16 0
1276 17 8
1276 18 10
1276 19 0
1276 20 0
1276 21 0
1276 22 8
1276 23 1
1276 24 8
1276 25 10
1276 26 6
1276 27 13
1276 28 4
1276 29 0
1276 30 0
1276 31 12
1276 32 0
1276 33 4
1276 34 5
1276 35 2
1276 36 14
1276 37 0
1276 38 10
1276 39 10
1276 40 0
1276 41 11
1276 42 10
1276 43 9
1276 44 8
1276 45 11
1276 46 6
1276 47 7
1276 48 14
1276 49 9
1276 50 7
1276 51 9
1276 52 0
1276 53 7
1276 54 0
1276 55 11
1276 56 4
1276 57 8
1276 58 9
1276 59 6
1276 60 8
1276 61 9
1276 62 11
1276 63 8
1276 64 12
1276 65 0
1276 66 0
1276 67 4
1276 68 8
1276 69 0
1276 70 6
1276 71 0
1276 72 0
1276 73 8
1276 74 0
1276 75 0
1276 76 0
1276 77 7
1276 78 8
1276 79 4
1276 80 8
1276 81 10
1276 82 0
1276 83 0
1276 84 0
1276 85 9
1276 86 9
1276 87 11
1276 88 11
1276 89 13
1276 90 6
1276 91 4
1276 92 0
1276 93 0
1276 94 0
1276 95 9
1276 96 0
1276 97 12
1276 98 10
1276 99 8
1276 100 13
1276 101 10
1276 102 10
1276 103 10
1276 104 0
1276 105 10
1276 106 9
1276 107 6
1276 108 0
1276 109 11
1276 110 8
1276 111 6
1276 112 10
1276 113 3
1276 114 0
1276 115 4
1276 116 8
1276 117 0
1276 118 0
1276 119 14
1276 120 11
1276 121 3
1301 1 16
1301 2 12
1301 3 0
1301 4 3
1301 5 0
1301 6 10
1301 7 7
1301 8 0
1301 9 4
1301 10 11
1301 11 11
1301 12 10
1301 13 6
1301 14 3
1301 15 10
1301 16 11
1301 17 14
1301 18 2
1301 19 10
1301 20 0
1301 21 6
1301 22 0
1301 23 0
1301 24 6
1301 25 1
1301 26 7
1301 27 0
1301 28 0
1301 29 11
1301 30 10
1301 31 0
1301 32 10
1301 33 10
1301 34 11
1301 35 0
1301 36 0
1301 37 9
1301 38 7
1301 39 11
1301 40 0
1301 41 0
1301 42 0
1301 43 0
1301 44 0
1301 45 16
1301 46 4
1301 47 9
1301 48 0
1301 49 0
1301 50 7
1301 51 8
1301 52 0
1301 53 0
1301 54 6
1301 55 11
1301 56 0
1301 57 0
1301 58 0
1301 59 0
1301 60 7
1301 61 0
1301 62 7
1301 63 0
1301 64 9
1301 65 9
1301 66 0
1301 67 8
1301 68 0
1301 69 8
1301 70 0
1301 71 0
1301 72 0
1301 73 0
1301 74 9
1301 75 5
1301 76 10
1301 77 9
1301 78 10
1301 79 10
1301 80 8
1301 81 0
1301 82 0
1301 83 0
1301 84 0
1301 85 10
1301 86 9
1301 87 10
1301 88 0
1301 89 8
1301 90 9
1301 91 10
1301 92 2
1301 93 3
1301 94 0
1301 95 0
1301 96 0
1301 97 10
1301 98 0
1301 99 8
1301 100 12
1301 101 7
1301 102 3
1301 103 2
1301 104 9
1301 105 5
1301 106 10
1301 107 7
1301 108 0
1301 109 7
1301 110 9
1301 111 10
1301 112 4
1301 113 8
1301 114 8
1301 115 0
1301 116 6
1301 117 12
1301 118 1
1301 119 0
1301 120 0
1301 121 7
1326 1 13
1326 2 10
1326 3 0
1326 4 8
1326 5 10
1326 6 0
1326 7 7
1326 8 9
1326 9 10
1326 10 10
1326 11 10
1326 12 4
1326 13 0
1326 14 10
1326 15 10
1326 16 0
1326 17 11
1326 18 0
1326 19 10
1326 20 8
1326 21 0
1326 22 10
1326 23 0
1326 24 7
1326 25 10
1326 26 6
1326 27 0
1326 28 0
1326 29 3
1326 30 9
1326 31 11
1326 32 7
1326 33 0
1326 34 0
1326 35 5
1326 36 9
1326 37 8
1326 38 4
1326 39 0
1326 40 5
1326 41 2
1326 42 0
1326 43 4
1326 44 0
1326 45 7
1326 46 8
1326 47 0
1326 48 10
1326 49 11
1326 50 0
1326 51 9
1326 52 10
1326 53 9
1326 54 13
1326 55 11
1326 56 0
1326 57 9
1326 58 9
1326 59 0
1326 60 0
1326 61 7
1326 62 0
1326 63 0
1326 64 10
1326 65 8
1326 66 12
1326 67 11
1326 68 0
1326 69 0
1326 70 7
1326 71 0
1326 72 8
1326 73 0
1326 74 3
1326 75 0
1326 76 11
1326 77 6
1326 78 0
1326 79 11
1326 80 8
1326 81 9
1326 82 4
1326 83 5
1326 84 0
1326 85 10
1326 86 7
1326 87 2
1326 88 0
1326 89 0
1326 90 8
1326 91 8
1326 92 7
1326 93 6
1326 94 4
1326 95 0
1326 96 0
1326 97 10
1326 98 0
1326 99 0
1326 100 0
1326 101 2
1326 102 10
1326 103 0
1326 104 10
1326 105 10
1326 106 0
1326 107 11
1326 108 0
1326 109 8
1326 110 13
1326 111 0
1326 112 11
1326 113 0
1326 114 0
1326 115 2
1326 116 3
1326 117 0
1326 118 13
1326 119 0
1326 120 5
1326 121 11
1351 1 10
1351 2 2
1351 3 10
1351 4 3
1351 5 7
1351 6 0
1351 7 9
1351 8 9
1351 9 9
1351 10 0
1351 11 1
1351 12 0
1351 13 10
1351 14 5
1351 15 8
1351 16 8
1351 17 0
1351 18 11
1351 19 7
1351 20 0
1351 21 8
1351 22 8
1351 23 3
1351 24 8
1351 25 0
1351 26 8
1351 27 0
1351 28 0
1351 29 10
1351 30 0
1351 31 6
1351 32 6
1351 33 0
1351 34 0
1351 35 10
1351 36 0
1351 37 0
1351 38 9
1351 39 8
1351 40 0
1351 41 9
1351 42 0
1351 43 10
1351 44 10
1351 45 10
1351 46 0
1351 47 0
1351 48 14
1351 49 0
1351 50 0
1351 51 9
1351 52 5
1351 53 10
1351 54 5
1351 55 0
1351 56 3
1351 57 0
1351 58 0
1351 59 0
1351 60 0
1351 61 0
1351 62 11
1351 63 0
1351 64 6
1351 65 15
1351 66 11
1351 67 0
1351 68 0
1351 69 7
1351 70 3
1351 71 0
1351 72 10
1351 73 10
1351 74 11
1351 75 6
1351 76 0
1351 77 6
1351 78 14
1351 79 9
1351 80 9
1351 81 8
1351 82 0
1351 83 10
1351 84 9
1351 85 10
1351 86 0
1351 87 9
1351 88 10
1351 89 9
1351 90 13
1351 91 0
1351 92 12
1351 93 9
1351 94 5
1351 95 6
1351 96 0
1351 97 0
1351 98 0
1351 99 9
1351 100 9
1351 101 10
1351 102 0
1351 103 9
1351 104 10
1351 105 9
1351 106 10
1351 107 0
1351 108 10
1351 109 9
1351 110 11
1351 111 10
1351 112 0
1351 113 9
1351 114 8
1351 115 11
1351 116 10
1351 117 0
1351 118 11
1351 119 0
1351 120 8
1351 121 12
1376 1 5
1376 2 5
1376 3 12
1376 4 0
1376 5 13
1376 6 9
1376 7 8
1376 8 10
1376 9 8
1376 10 11
1376 11 2
1376 12 0
1376 13 0
1376 14 7
1376 15 8
1376 16 8
1376 17 0
1376 18 9
1376 19 12
1376 20 0
1376 21 7
1376 22 0
1376 23 5
1376 24 0
1376 25 0
1376 26 8
1376 27 11
1376 28 9
1376 29 13
1376 30 9
1376 31 1
1376 32 11
1376 33 1
1376 34 0
1376 35 0
1376 36 10
1376 37 8
1376 38 11
1376 39 6
1376 40 10
1376 41 9
1376 42 8
1376 43 0
1376 44 4
1376 45 10
1376 46 5
1376 47 10
1376 48 8
1376 49 4
1376 50 6
1376 51 7
1376 52 13
1376 53 7
1376 54 5
1376 55 0
1376 56 0
1376 57 0
1376 58 0
1376 59 10
1376 60 15
1376 61 0
1376 62 9
1376 63 8
1376 64 0
1376 65 10
1376 66 9
1376 67 12
1376 68 0
1376 69 14
1376 70 0
1376 71 0
1376 72 13
1376 73 8
1376 74 8
1376 75 5
1376 76 0
1376 77 12
1376 78 11
1376 79 2
1376 80 0
1376 81 5
1376 82 8
1376 83 0
1376 84 7
1376 85 7
1376 86 0
1376 87 7
1376 88 0
1376 89 4
1376 90 0
1376 91 0
1376 92 6
1376 93 9
1376 94 3
1376 95 10
1376 96 0
1376 97 9
1376 98 0
1376 99 10
1376 100 7
1376 101 14
1376 102 10
1376 103 0
1376 104 9
1376 105 0
1376 106 4
1376 107 9
1376 108 0
1376 109 7
1376 110 8
1376 111 0
1376 112 9
1376 113 12
1376 114 10
1376 115 13
1376 116 0
1376 117 0
1376 118 1
1376 119 10
1376 120 3
1376 121 6
1401 1 1
1401 2 7
1401 3 0
1401 4 8
1401 5 12
1401 6 9
1401 7 12
1401 8 13
1401 9 8
1401 10 10
1401 11 0
1401 12 0
1401 13 0
1401 14 7
1401 15 9
1401 16 8
1401 17 0
1401 18 10
1401 19 8
1401 20 11
1401 21 3
1401 22 11
1401 23 8
1401 24 0
1401 25 12
1401 26 10
1401 27 0
1401 28 11
1401 29 0
1401 30 4
1401 31 6
1401 32 0
1401 33 0
1401 34 0
1401 35 9
1401 36 8
1401 37 11
1401 38 7
1401 39 10
1401 40 10
1401 41 0
1401 42 0
1401 43 0
1401 44 0
1401 45 0
1401 46 12
1401 47 0
1401 48 0
1401 49 12
1401 50 11
1401 51 12
1401 52 0
1401 53 1
1401 54 5
1401 55 0
1401 56 0
1401 57 0
1401 58 11
1401 59 0
1401 60 8
1401 61 0
1401 62 0
1401 63 0
1401 64 0
1401 65 0
1401 66 9
1401 67 7
1401 68 10
1401 69 7
1401 70 12
1401 71 3
1401 72 10
1401 73 8
1401 74 0
1401 75 0
1401 76 9
1401 77 9
1401 78 7
1401 79 8
1401 80 9
1401 81 10
1401 82 0
1401 83 7
1401 84 0
1401 85 6
1401 86 10
1401 87 10
1401 88 14
1401 89 5
1401 90 0
1401 91 9
1401 92 9
1401 93 7
1401 94 12
1401 95 0
1401 96 12
1401 97 6
1401 98 12
1401 99 12
1401 100 10
1401 101 8
1401 102 0
1401 103 11
1401 104 3
1401 105 8
1401 106 12
1401 107 0
1401 108 5
1401 109 9
1401 110 6
1401 111 9
1401 112 9
1401 113 9
1401 114 9
1401 115 5
1401 116 0
1401 117 0
1401 118 0
1401 119 10
1401 120 12
1401 121 8
1426 1 0
1426 2 10
1426 3 0
1426 4 0
1426 5 10
1426 6 0
1426 7 8
1426 8 6
1426 9 0
1426 10 0
1426 11 9
1426 12 0
1426 13 0
1426 14 8
1426 15 13
1426 16 2
1426 17 0
1426 18 12
1426 19 10
1426 20 11
1426 21 0
1426 22 6
1426 23 0
1426 24 2
1426 25 6
1426 26 0
1426 27 10
1426 28 0
1426 29 6
1426 30 3
1426 31 8
1426 32 0
1426 33 7
1426 34 10
1426 35 13
1426 36 0
1426 37 6
1426 38 0
1426 39 8
1426 40 0
1426 41 0
1426 42 0
1426 43 0
1426 44 10
1426 45 6
1426 46 9
1426 47 0
1426 48 0
1426 49 7
1426 50 6
1426 51 13
1426 52 0
1426 53 6
1426 54 10
1426 55 6
1426 56 0
1426 57 8
1426 58 4
1426 59 9
1426 60 10
1426 61 0
1426 62 9
1426 63 6
1426 64 0
1426 65 10
1426 66 0
1426 67 0
1426 68 10
1426 69 10
1426 70 9
1426 71 10
1426 72 8
1426 73 10
1426 74 10
1426 75 2
1426 76 10
1426 77 8
1426 78 0
1426 79 11
1426 80 8
1426 81 10
1426 82 10
1426 83 11
1426 84 0
1426 85 0
1426 86 11
1426 87 0
1426 88 0
1426 89 9
1426 90 4
1426 91 8
1426 92 0
1426 93 1
1426 94 8
1426 95 0
1426 96 9
1426 97 8
1426 98 13
1426 99 5
1426 100 10
1426 101 9
1426 102 0
1426 103 3
1426 104 10
1426 105 10
1426 106 11
1426 107 0
1426 108 10
1426 109 10
1426 110 0
1426 111 10
1426 112 10
1426 113 9
1426 114 10
1426 115 8
1426 116 0
1426 117 0
1426 118 12
1426 119 0
1426 120 0
1426 121 6
1451 1 13
1451 2 10
1451 3 6
1451 4 4
1451 5 0
1451 6 0
1451 7 11
1451 8 13
1451 9 12
1451 10 0
1451 11 6
1451 12 12
1451 13 0
1451 14 5
1451 15 2
1451 16 10
1451 17 9
1451 18 7
1451 19 8
1451 20 11
1451 21 9
1451 22 0
1451 23 9
1451 24 8
1451 25 0
1451 26 12
1451 27 10
1451 28 4
1451 29 0
1451 30 0
1451 31 8
1451 32 9
1451 33 8
1451 34 8
1451 35 10
1451 36 9
1451 37 11
1451 38 7
1451 39 0
1451 40 0
1451 41 9
1451 42 0
1451 43 9
1451 44 10
1451 45 11
1451 46 12
1451 47 4
1451 48 0
1451 49 8
1451 50 13
1451 51 9
1451 52 8
1451 53 11
1451 54 10
1451 55 11
1451 56 10
1451 57 13
1451 58 10
1451 59 8
1451 60 8
1451 61 11
1451 62 10
1451 63 12
1451 64 10
1451 65 7
1451 66 14
1451 67 8
1451 68 11
1451 69 0
1451 70 0
1451 71 0
1451 72 0
1451 73 0
1451 74 7
1451 75 0
1451 76 11
1451 77 0
1451 78 0
1451 79 0
1451 80 9
1451 81 10
1451 82 9
1451 83 13
1451 84 6
1451 85 5
1451 86 10
1451 87 9
1451 88 0
1451 89 11
1451 90 0
1451 91 0
1451 92 0
1451 93 0
1451 94 10
1451 95 12
1451 96 9
1451 97 7
1451 98 11
1451 99 10
1451 100 11
1451 101 9
1451 102 0
1451 103 9
1451 104 7
1451 105 9
1451 106 0
1451 107 9
1451 108 8
1451 109 12
1451 110 0
1451 111 8
1451 112 7
1451 113 1
1451 114 0
1451 115 1
1451 116 3
1451 117 0
1451 118 11
1451 119 10
1451 120 0
1451 121 8
1476 1 14
1476 2 5
1476 3 9
1476 4 0
1476 5 3
1476 6 4
1476 7 4
1476 8 0
1476 9 11
1476 10 11
1476 11 0
1476 12 0
1476 13 17
1476 14 8
1476 15 7
1476 16 0
1476 17 0
1476 18 9
1476 19 0
1476 20 11
1476 21 7
1476 22 12
1476 23 11
1476 24 10
1476 25 12
1476 26 3
1476 27 0
1476 28 9
1476 29 9
1476 30 0
1476 31 14
1476 32 5
1476 33 0
1476 34 6
1476 35 0
1476 36 9
1476 37 11
1476 38 6
1476 39 0
1476 40 13
1476 41 9
1476 42 6
1476 43 0
1476 44 0
1476 45 9
1476 46 2
1476 47 11
1476 48 0
1476 49 7
1476 50 11
1476 51 9
1476 52 10
1476 53 8
1476 54 7
1476 55 13
1476 56 11
1476 57 11
1476 58 14
1476 59 7
1476 60 7
1476 61 0
1476 62 12
1476 63 5
1476 64 4
1476 65 9
1476 66 12
1476 67 0
1476 68 13
1476 69 0
1476 70 5
1476 71 8
1476 72 10
1476 73 9
1476 74 0
1476 75 2
1476 76 0
1476 77 12
1476 78 8
1476 79 6
1476 80 0
1476 81 10
1476 82 6
1476 83 14
1476 84 10
1476 85 5
1476 86 0
1476 87 10
1476 88 0
1476 89 0
1476 90 0
1476 91 0
1476 92 8
1476 93 3
1476 94 11
1476 95 0
1476 96 11
1476 97 0
1476 98 0
1476 99 10
1476 100 11
1476 101 0
1476 102 9
1476 103 4
1476 104 8
1476 105 0
1476 106 0
1476 107 0
1476 108 0
1476 109 11
1476 110 8
1476 111 0
1476 112 8
1476 113 0
1476 114 0
1476 115 0
1476 116 0
1476 117 0
1476 118 0
1476 119 0
1476 120 10
1476 121 10
1501 1 10
1501 2 6
1501 3 0
1501 4 11
1501 5 0
1501 6 11
1501 7 0
1501 8 0
1501 9 8
1501 10 0
1501 11 10
1501 12 0
1501 13 10
1501 14 0
1501 15 12
1501 16 0
1501 17 0
1501 18 10
1501 19 12
1501 20 7
1501 21 11
1501 22 0
1501 23 0
1501 24 10
1501 25 11
1501 26 10
1501 27 8
1501 28 10
1501 29 0
1501 30 0
1501 31 10
1501 32 4
1501 33 0
1501 34 0
1501 35 10
1501 36 9
1501 37 7
1501 38 3
1501 39 10
1501 40 8
1501 41 6
1501 42 10
1501 43 9
1501 44 7
1501 45 9
1501 46 16
1501 47 11
1501 48 10
1501 49 11
1501 50 9
1501 51 10
1501 52 8
1501 53 10
1501 54 0
1501 55 0
1501 56 0
1501 57 12
1501 58 10
1501 59 0
1501 60 8
1501 61 0
1501 62 0
1501 63 0
1501 64 8
1501 65 0
1501 66 0
1501 67 10
1501 68 7
1501 69 6
1501 70 8
1501 71 8
1501 72 0
1501 73 0
1501 74 0
1501 75 0
1501 76 3
1501 77 9
1501 78 10
1501 79 0
1501 80 0
1501 81 13
1501 82 9
1501 83 0
1501 84 6
1501 85 13
1501 86 0
1501 87 8
1501 88 0
1501 89 10
1501 90 10
1501 91 10
1501 92 0
1501 93 9
1501 94 0
1501 95 0
1501 96 0
1501 97 7
1501 98 0
1501 99 6
1501 100 14
1501 101 9
1501 102 11
1501 103 7
1501 104 11
1501 105 0
1501 106 0
1501 107 0
1501 108 4
1501 109 9
1501 110 10
1501 111 14
1501 112 0
1501 113 5
1501 114 0
1501 115 7
1501 116 10
1501 117 11
1501 118 0
1501 119 11
1501 120 9
1501 121 0
1526 1 8
1526 2 0
1526 3 6
1526 4 10
1526 5 10
1526 6 10
1526 7 7
1526 8 9
1526 9 10
1526 10 11
1526 11 0
1526 12 11
1526 13 2
1526 14 10
1526 15 12
1526 16 11
1526 17 7
1526 18 5
1526 19 12
1526 20 11
1526 21 9
1526 22 0
1526 23 8
1526 24 5
1526 25 7
1526 26 4
1526 27 11
1526 28 8
1526 29 0
1526 30 0
1526 31 6
1526 32 8
1526 33 0
1526 34 0
1526 35 8
1526 36 9
1526 37 6
1526 38 0
1526 39 8
1526 40 9
1526 41 9
1526 42 4
1526 43 0
1526 44 0
1526 45 0
1526 46 10
1526 47 10
1526 48 9
1526 49 12
1526 50 9
1526 51 12
1526 52 0
1526 53 13
1526 54 7
1526 55 7
1526 56 15
1526 57 11
1526 58 0
1526 59 7
1526 60 7
1526 61 4
1526 62 0
1526 63 0
1526 64 0
1526 65 11
1526 66 9
1526 67 10
1526 68 7
1526 69 16
1526 70 10
1526 71 9
1526 72 9
1526 73 13
1526 74 8
1526 75 0
1526 76 0
1526 77 10
1526 78 5
1526 79 4
1526 80 0
1526 81 4
1526 82 9
1526 83 11
1526 84 11
1526 85 11
1526 86 0
1526 87 6
1526 88 0
1526 89 2
1526 90 7
1526 91 3
1526 92 0
1526 93 0
1526 94 0
1526 95 7
1526 96 11
1526 97 0
1526 98 2
1526 99 0
1526 100 0
1526 101 0
1526 102 7
1526 103 12
1526 104 5
1526 105 0
1526 106 14
1526 107 9
1526 108 0
1526 109 8
1526 110 7
1526 111 0
1526 112 0
1526 113 10
1526 114 10
1526 115 5
1526 116 7
1526 117 9
1526 118 0
1526 119 0
1526 120 9
1526 121 0
1551 1 9
1551 2 8
1551 3 10
1551 4 10
1551 5 1
1551 6 11
1551 7 9
1551 8 5
1551 9 12
1551 10 8
1551 11 10
1551 12 0
1551 13 9
1551 14 0
1551 15 9
1551 16 0
1551 17 9
1551 18 10
1551 19 0
1551 20 8
1551 21 10
1551 22 0
1551 23 0
1551 24 0
1551 25 5
1551 26 10
1551 27 0
1551 28 10
1551 29 14
1551 30 0
1551 31 6
1551 32 0
1551 33 9
1551 34 7
1551 35 0
1551 36 9
1551 37 0
1551 38 0
1551 39 12
1551 40 9
1551 41 10
1551 42 0
1551 43 0
1551 44 0
1551 45 10
1551 46 6
1551 47 10
1551 48 6
1551 49 6
1551 50 12
1551 51 12
1551 52 10
1551 53 10
1551 54 0
1551 55 7
1551 56 15
1551 57 10
1551 58 10
1551 59 0
1551 60 0
1551 61 11
1551 62 5
1551 63 6
1551 64 0
1551 65 0
1551 66 11
1551 67 11
1551 68 8
1551 69 0
1551 70 9
1551 71 0
1551 72 13
1551 73 9
1551 74 0
1551 75 0
1551 76 11
1551 77 7
1551 78 0
1551 79 9
1551 80 11
1551 81 9
1551 82 10
1551 83 9
1551 84 13
1551 85 0
1551 86 10
1551 87 0
1551 88 0
1551 89 11
1551 90 11
1551 91 8
1551 92 10
1551 93 12
1551 94 0
1551 95 0
1551 96 9
1551 97 0
1551 98 5
1551 99 10
1551 100 0
1551 101 11
1551 102 9
1551 103 9
1551 104 8
1551 105 0
1551 106 0
1551 107 10
1551 108 10
1551 109 20
1551 110 0
1551 111 10
1551 112 12
1551 113 11
1551 114 9
1551 115 0
1551 116 7
1551 117 8
1551 118 9
1551 119 0
1551 120 13
1551 121 10
1576 1 0
1576 2 20
1576 3 8
1576 4 14
1576 5 11
1576 6 6
1576 7 11
1576 8 13
1576 9 0
1576 10 9
1576 11 4
1576 12 4
1576 13 11
1576 14 9
1576 15 13
1576 16 0
1576 17 0
1576 18 7
1576 19 9
1576 20 7
1576 21 0
1576 22 2
1576 23 5
1576 24 10
1576 25 3
1576 26 0
1576 27 0
1576 28 11
1576 29 5
1576 30 0
1576 31 6
1576 32 11
1576 33 9
1576 34 0
1576 35 12
1576 36 4
1576 37 0
1576 38 0
1576 39 10
1576 40 5
1576 41 0
1576 42 7
1576 43 2
1576 44 5
1576 45 0
1576 46 2
1576 47 7
1576 48 9
1576 49 15
1576 50 8
1576 51 0
1576 52 15
1576 53 11
1576 54 0
1576 55 11
1576 56 12
1576 57 6
1576 58 11
1576 59 11
1576 60 10
1576 61 13
1576 62 0
1576 63 0
1576 64 10
1576 65 11
1576 66 0
1576 67 3
1576 68 10
1576 69 10
1576 70 6
1576 71 5
1576 72 8
1576 73 7
1576 74 11
1576 75 0
1576 76 8
1576 77 0
1576 78 10
1576 79 10
1576 80 0
1576 81 0
1576 82 4
1576 83 7
1576 84 1
1576 85 9
1576 86 8
1576 87 10
1576 88 11
1576 89 11
1576 90 10
1576 91 0
1576 92 7
1576 93 10
1576 94 9
1576 95 9
1576 96 0
1576 97 0
1576 98 0
1576 99 6
1576 100 9
1576 101 16
1576 102 2
1576 103 6
1576 104 0
1576 105 9
1576 106 7
1576 107 7
1576 108 10
1576 109 0
1576 110 0
1576 111 10
1576 112 0
1576 113 10
1576 114 0
1576 115 13
1576 116 0
1576 117 0
1576 118 6
1576 119 0
1576 120 0
1576 121 9
1601 1 15
1601 2 0
1601 3 0
1601 4 0
1601 5 0
1601 6 8
1601 7 0
1601 8 12
1601 9 0
1601 10 10
1601 11 8
1601 12 8
1601 13 1
1601 14 0
1601 15 8
1601 16 9
1601 17 10
1601 18 0
1601 19 8
1601 20 12
1601 21 7
1601 22 7
1601 23 12
1601 24 9
1601 25 9
1601 26 10
1601 27 8
1601 28 9
1601 29 9
1601 30 10
1601 31 0
1601 32 10
1601 33 4
1601 34 0
1601 35 9
1601 36 0
1601 37 0
1601 38 0
1601 39 14
1601 40 9
1601 41 0
1601 42 0
1601 43 9
1601 44 7
1601 45 7
1601 46 0
1601 47 0
1601 48 8
1601 49 13
1601 50 5
1601 51 0
1601 52 9
1601 53 6
1601 54 10
1601 55 0
1601 56 10
1601 57 9
1601 58 0
1601 59 9
1601 60 0
1601 61 10
1601 62 0
1601 63 0
1601 64 9
1601 65 11
1601 66 10
1601 67 8
1601 68 8
1601 69 4
1601 70 0
1601 71 10
1601 72 8
1601 73 11
1601 74 9
1601 75 10
1601 76 11
1601 77 11
1601 78 4
1601 79 11
1601 80 0
1601 81 10
1601 82 0
1601 83 2
1601 84 1
1601 85 12
1601 86 0
1601 87 6
1601 88 9
1601 89 5
1601 90 9
1601 91 0
1601 92 11
1601 93 0
1601 94 0
1601 95 7
1601 96 0
1601 97 8
1601 98 0
1601 99 0
1601 100 8
1601 101 10
1601 102 6
1601 103 9
1601 104 9
1601 105 10
1601 106 11
1601 107 10
1601 108 0
1601 109 0
1601 110 7
1601 111 0
1601 112 0
1601 113 0
1601 114 0
1601 115 10
1601 116 0
1601 117 9
1601 118 4
1601 119 0
1601 120 10
1601 121 0
1626 1 13
1626 2 2
1626 3 14
1626 4 0
1626 5 0
1626 6 10
1626 7 10
1626 8 0
1626 9 0
1626 10 8
1626 11 9
1626 12 0
1626 13 1
1626 14 8
1626 15 11
1626 16 10
1626 17 0
1626 18 10
1626 19 8
1626 20 10
1626 21 0
1626 22 10
1626 23 8
1626 24 9
1626 25 7
1626 26 5
1626 27 12
1626 28 0
1626 29 3
1626 30 11
1626 31 0
1626 32 8
1626 33 0
1626 34 12
1626 35 6
1626 36 10
1626 37 14
1626 38 9
1626 39 10
1626 40 10
1626 41 10
1626 42 0
1626 43 0
1626 44 9
1626 45 11
1626 46 10
1626 47 9
1626 48 8
1626 49 0
1626 50 0
1626 51 0
1626 52 10
1626 53 7
1626 54 9
1626 55 0
1626 56 7
1626 57 0
1626 58 12
1626 59 7
1626 60 0
1626 61 7
1626 62 6
1626 63 14
1626 64 10
1626 65 11
1626 66 12
1626 67 9
1626 68 0
1626 69 0
1626 70 8
1626 71 9
1626 72 11
1626 73 7
1626 74 7
1626 75 2
1626 76 9
1626 77 13
1626 78 10
1626 79 8
1626 80 10
1626 81 0
1626 82 8
1626 83 0
1626 84 0
1626 85 11
1626 86 7
1626 87 11
1626 88 8
1626 89 10
1626 90 11
1626 91 9
1626 92 0
1626 93 0
1626 94 0
1626 95 0
1626 96 11
1626 97 8
1626 98 10
1626 99 7
1626 100 7
1626 101 0
1626 102 5
1626 103 12
1626 104 0
1626 105 0
1626 106 6
1626 107 6
1626 108 0
1626 109 8
1626 110 0
1626 111 0
1626 112 9
1626 113 9
1626 114 6
1626 115 0
1626 116 11
1626 117 10
1626 118 1
1626 119 0
1626 120 10
1626 121 13
1651 1 0
1651 2 11
1651 3 7
1651 4 6
1651 5 9
1651 6 9
1651 7 0
1651 8 13
1651 9 12
1651 10 11
1651 11 4
1651 12 8
1651 13 8
1651 14 11
1651 15 4
1651 16 0
1651 17 0
1651 18 2
1651 19 8
1651 20 3
1651 21 3
1651 22 0
1651 23 12
1651 24 6
1651 25 0
1651 26 0
1651 27 6
1651 28 0
1651 29 0
1651 30 12
1651 31 0
1651 32 0
1651 33 9
1651 34 9
1651 35 11
1651 36 4
1651 37 8
1651 38 10
1651 39 0
1651 40 0
1651 41 0
1651 42 0
1651 43 7
1651 44 10
1651 45 6
1651 46 9
1651 47 6
1651 48 8
1651 49 0
1651 50 0
1651 51 8
1651 52 11
1651 53 12
1651 54 8
1651 55 10
1651 56 11
1651 57 0
1651 58 10
1651 59 11
1651 60 0
1651 61 0
1651 62 6
1651 63 12
1651 64 1
1651 65 11
1651 66 5
1651 67 9
1651 68 11
1651 69 12
1651 70 0
1651 71 0
1651 72 4
1651 73 9
1651 74 10
1651 75 8
1651 76 5
1651 77 3
1651 78 12
1651 79 5
1651 80 11
1651 81 13
1651 82 10
1651 83 7
1651 84 7
1651 85 10
1651 86 10
1651 87 9
1651 88 13
1651 89 12
1651 90 11
1651 91 10
1651 92 11
1651 93 9
1651 94 1
1651 95 2
1651 96 0
1651 97 4
1651 98 0
1651 99 0
1651 100 8
1651 101 11
1651 102 0
1651 103 0
1651 104 0
1651 105 10
1651 106 5
1651 107 10
1651 108 10
1651 109 6
1651 110 0
1651 111 10
1651 112 10
1651 113 7
1651 114 0
1651 115 7
1651 116 8
1651 117 11
1651 118 5
1651 119 11
1651 120 8
1651 121 3
1676 1 8
1676 2 10
1676 3 9
1676 4 0
1676 5 13
1676 6 0
1676 7 8
1676 8 10
1676 9 0
1676 10 9
1676 11 10
1676 12 11
1676 13 7
1676 14 0
1676 15 0
1676 16 0
1676 17 11
1676 18 0
1676 19 4
1676 20 8
1676 21 0
1676 22 20
1676 23 9
1676 24 7
1676 25 11
1676 26 4
1676 27 0
1676 28 0
1676 29 10
1676 30 5
1676 31 9
1676 32 7
1676 33 8
1676 34 10
1676 35 8
1676 36 2
1676 37 10
1676 38 10
1676 39 0
1676 40 10
1676 41 8
1676 42 0
1676 43 0
1676 44 10
1676 45 0
1676 46 9
1676 47 9
1676 48 9
1676 49 11
1676 50 0
1676 51 6
1676 52 0
1676 53 4
1676 54 3
1676 55 0
1676 56 7
1676 57 14
1676 58 9
1676 59 4
1676 60 9
1676 61 11
1676 62 0
1676 63 9
1676 64 7
1676 65 9
1676 66 0
1676 67 9
1676 68 9
1676 69 10
1676 70 15
1676 71 0
1676 72 7
1676 73 0
1676 74 0
1676 75 9
1676 76 10
1676 77 6
1676 78 9
1676 79 9
1676 80 9
1676 81 6
1676 82 12
1676 83 11
1676 84 7
1676 85 4
1676 86 11
1676 87 10
1676 88 10
1676 89 8
1676 90 0
1676 91 12
1676 92 6
1676 93 0
1676 94 0
1676 95 0
1676 96 11
1676 97 3
1676 98 8
1676 99 9
1676 100 8
1676 101 0
1676 102 0
1676 103 13
1676 104 10
1676 105 8
1676 106 3
1676 107 9
1676 108 0
1676 109 4
1676 110 0
1676 111 5
1676 112 10
1676 113 3
1676 114 0
1676 115 0
1676 116 0
1676 117 11
1676 118 9
1676 119 10
1676 120 4
1676 121 11
1701 1 0
1701 2 13
1701 3 10
1701 4 0
1701 5 10
1701 6 6
1701 7 6
1701 8 0
1701 9 0
1701 10 6
1701 11 0
1701 12 7
1701 13 1
1701 14 5
1701 15 7
1701 16 0
1701 17 8
1701 18 9
1701 19 10
1701 20 0
1701 21 0
1701 22 0
1701 23 7
1701 24 9
1701 25 0
1701 26 0
1701 27 0
1701 28 14
1701 29 8
1701 30 4
1701 31 0
1701 32 8
1701 33 0
1701 34 8
1701 35 0
1701 36 0
1701 37 0
1701 38 8
1701 39 9
1701 40 10
1701 41 5
1701 42 0
1701 43 0
1701 44 2
1701 45 9
1701 46 6
1701 47 5
1701 48 0
1701 49 0
1701 50 9
1701 51 7
1701 52 0
1701 53 9
1701 54 8
1701 55 0
1701 56 8
1701 57 10
1701 58 10
1701 59 0
1701 60 4
1701 61 9
1701 62 8
1701 63 10
1701 64 12
1701 65 13
1701 66 12
1701 67 0
1701 68 4
1701 69 0
1701 70 11
1701 71 5
1701 72 12
1701 73 6
1701 74 9
1701 75 10
1701 76 9
1701 77 10
1701 78 11
1701 79 10
1701 80 6
1701 81 0
1701 82 8
1701 83 9
1701 84 0
1701 85 11
1701 86 9
1701 87 7
1701 88 9
1701 89 8
1701 90 10
1701 91 0
1701 92 0
1701 93 10
1701 94 2
1701 95 9
1701 96 0
1701 97 11
1701 98 6
1701 99 14
1701 100 8
1701 101 0
1701 102 2
1701 103 13
1701 104 7
1701 105 4
1701 106 0
1701 107 9
1701 108 0
1701 109 9
1701 110 0
1701 111 0
1701 112 11
1701 113 10
1701 114 0
1701 115 7
1701 116 11
1701 117 0
1701 118 9
1701 119 13
1701 120 4
1701 121 12
1726 1 10
1726 2 10
1726 3 0
1726 4 7
1726 5 7
1726 6 8
1726 7 0
1726 8 5
1726 9 10
1726 10 8
1726 11 12
1726 12 10
1726 13 5
1726 14 11
1726 15 19
1726 16 0
1726 17 7
1726 18 7
1726 19 13
1726 20 3
1726 21 0
1726 22 6
1726 23 11
1726 24 9
1726 25 5
1726 26 5
1726 27 9
1726 28 11
1726 29 5
1726 30 0
1726 31 0
1726 32 0
1726 33 0
1726 34 8
1726 35 0
1726 36 4
1726 37 9
1726 38 10
1726 39 7
1726 40 0
1726 41 12
1726 42 8
1726 43 7
1726 44 3
1726 45 12
1726 46 1
1726 47 7
1726 48 7
1726 49 11
1726 50 0
1726 51 0
1726 52 9
1726 53 7
1726 54 4
1726 55 0
1726 56 10
1726 57 10
1726 58 0
1726 59 10
1726 60 0
1726 61 4
1726 62 12
1726 63 10
1726 64 10
1726 65 4
1726 66 5
1726 67 0
1726 68 0
1726 69 0
1726 70 10
1726 71 8
1726 72 9
1726 73 11
1726 74 9
1726 75 8
1726 76 10
1726 77 7
1726 78 10
1726 79 11
1726 80 13
1726 81 9
1726 82 11
1726 83 12
1726 84 7
1726 85 0
1726 86 11
1726 87 9
1726 88 5
1726 89 9
1726 90 7
1726 91 0
1726 92 0
1726 93 7
1726 94 12
1726 95 0
1726 96 9
1726 97 11
1726 98 10
1726 99 8
1726 100 10
1726 101 0
1726 102 0
1726 103 8
1726 104 0
1726 105 8
1726 106 4
1726 107 9
1726 108 5
1726 109 7
1726 110 10
1726 111 9
1726 112 0
1726 113 9
1726 114 9
1726 115 0
1726 116 4
1726 117 10
1726 118 9
1726 119 11
1726 120 11
1726 121 0
1751 1 9
1751 2 10
1751 3 7
1751 4 12
1751 5 11
1751 6 9
1751 7 9
1751 8 0
1751 9 10
1751 10 8
1751 11 0
1751 12 8
1751 13 9
1751 14 0
1751 15 0
1751 16 0
1751 17 7
1751 18 5
1751 19 12
1751 20 11
1751 21 11
1751 22 0
1751 23 10
1751 24 7
1751 25 8
1751 26 0
1751 27 0
1751 28 3
1751 29 8
1751 30 11
1751 31 10
1751 32 0
1751 33 0
1751 34 0
1751 35 10
1751 36 10
1751 37 8
1751 38 8
1751 39 0
1751 40 0
1751 41 7
1751 42 7
1751 43 11
1751 44 12
1751 45 9
1751 46 0
1751 47 4
1751 48 8
1751 49 9
1751 50 11
1751 51 9
1751 52 9
1751 53 0
1751 54 0
1751 55 3
1751 56 2
1751 57 10
1751 58 8
1751 59 0
1751 60 4
1751 61 7
1751 62 4
1751 63 0
1751 64 3
1751 65 0
1751 66 3
1751 67 0
1751 68 0
1751 69 0
1751 70 0
1751 71 9
1751 72 9
1751 73 0
1751 74 8
1751 75 0
1751 76 0
1751 77 12
1751 78 8
1751 79 10
1751 80 0
1751 81 11
1751 82 7
1751 83 9
1751 84 0
1751 85 0
1751 86 0
1751 87 11
1751 88 10
1751 89 10
1751 90 11
1751 91 8
1751 92 0
1751 93 0
1751 94 0
1751 95 0
1751 96 9
1751 97 0
1751 98 10
1751 99 9
1751 100 4
1751 101 0
1751 102 1
1751 103 10
1751 104 7
1751 105 10
1751 106 8
1751 107 10
1751 108 11
1751 109 8
1751 110 7
1751 111 0
1751 112 0
1751 113 3
1751 114 7
1751 115 2
1751 116 10
1751 117 5
1751 118 4
1751 119 18
1751 120 8
1751 121 11
1776 1 0
1776 2 11
1776 3 8
1776 4 9
1776 5 7
1776 6 0
1776 7 9
1776 8 0
1776 9 9
1776 10 11
1776 11 0
1776 12 7
1776 13 10
1776 14 7
1776 15 0
1776 16 11
1776 17 8
1776 18 9
1776 19 0
1776 20 11
1776 21 3
1776 22 11
1776 23 11
1776 24 5
1776 25 11
1776 26 9
1776 27 9
1776 28 0
1776 29 0
1776 30 11
1776 31 6
1776 32 9
1776 33 7
1776 34 0
1776 35 9
1776 36 0
1776 37 0
1776 38 0
1776 39 0
1776 40 1
1776 41 0
1776 42 0
1776 43 0
1776 44 7
1776 45 0
1776 46 12
1776 47 3
1776 48 10
1776 49 7
1776 50 10
1776 51 0
1776 52 4
1776 53 0
1776 54 0
1776 55 10
1776 56 0
1776 57 0
1776 58 4
1776 59 3
1776 60 15
1776 61 10
1776 62 9
1776 63 12
1776 64 8
1776 65 0
1776 66 8
1776 67 0
1776 68 0
1776 69 0
1776 70 11
1776 71 0
1776 72 10
1776 73 0
1776 74 8
1776 75 3
1776 76 0
1776 77 0
1776 78 7
1776 79 0
1776 80 7
1776 81 0
1776 82 0
1776 83 0
1776 84 10
1776 85 0
1776 86 10
1776 87 9
1776 88 0
1776 89 11
1776 90 0
1776 91 10
1776 92 7
1776 93 6
1776 94 10
1776 95 0
1776 96 10
1776 97 8
1776 98 0
1776 99 0
1776 100 0
1776 101 13
1776 102 10
1776 103 11
1776 104 10
1776 105 10
1776 106 0
1776 107 12
1776 108 7
1776 109 6
1776 110 0
1776 111 0
1776 112 9
1776 113 6
1776 114 9
1776 115 8
1776 116 0
1776 117 10
1776 118 1
1776 119 0
1776 120 0
1776 121 10
1801 1 5
1801 2 9
1801 3 0
1801 4 7
1801 5 8
1801 6 0
1801 7 0
1801 8 2
1801 9 3
1801 10 0
1801 11 10
1801 12 10
1801 13 7
1801 14 11
1801 15 2
1801 16 1
1801 17 0
1801 18 5
1801 19 0
1801 20 10
1801 21 10
1801 22 6
1801 23 11
1801 24 6
1801 25 10
1801 26 0
1801 27 0
1801 28 11
1801 29 0
1801 30 11
1801 31 0
1801 32 10
1801 33 8
1801 34 0
1801 35 11
1801 36 9
1801 37 0
1801 38 3
1801 39 10
1801 40 2
1801 41 5
1801 42 10
1801 43 0
1801 44 5
1801 45 0
1801 46 10
1801 47 7
1801 48 8
1801 49 10
1801 50 9
1801 51 7
1801 52 9
1801 53 1
1801 54 0
1801 55 0
1801 56 9
1801 57 0
1801 58 12
1801 59 0
1801 60 0
1801 61 0
1801 62 10
1801 63 10
1801 64 10
1801 65 11
1801 66 9
1801 67 8
1801 68 8
1801 69 9
1801 70 7
1801 71 0
1801 72 5
1801 73 9
1801 74 11
1801 75 16
1801 76 11
1801 77 6
1801 78 0
1801 79 11
1801 80 7
1801 81 6
1801 82 2
1801 83 8
1801 84 10
1801 85 9
1801 86 7
1801 87 0
1801 88 7
1801 89 0
1801 90 6
1801 91 5
1801 92 10
1801 93 10
1801 94 0
1801 95 0
1801 96 0
1801 97 7
1801 98 11
1801 99 0
1801 100 11
1801 101 7
1801 102 0
1801 103 9
1801 104 10
1801 105 0
1801 106 9
1801 107 10
1801 108 0
1801 109 9
1801 110 0
1801 111 0
1801 112 10
1801 113 9
1801 114 3
1801 115 0
1801 116 7
1801 117 9
1801 118 12
1801 119 8
1801 120 0
1801 121 0
1826 1 7
1826 2 9
1826 3 0
1826 4 8
1826 5 0
1826 6 10
1826 7 0
1826 8 0
1826 9 11
1826 10 10
1826 11 10
1826 12 11
1826 13 7
1826 14 2
1826 15 0
1826 16 12
1826 17 0
1826 18 0
1826 19 9
1826 20 0
1826 21 6
1826 22 11
1826 23 10
1826 24 9
1826 25 10
1826 26 1
1826 27 0
1826 28 0
1826 29 10
1826 30 9
1826 31 12
1826 32 10
1826 33 10
1826 34 5
1826 35 0
1826 36 10
1826 37 0
1826 38 3
1826 39 10
1826 40 0
1826 41 9
1826 42 10
1826 43 8
1826 44 8
1826 45 0
1826 46 3
1826 47 8
1826 48 10
1826 49 13
1826 50 6
1826 51 12
1826 52 8
1826 53 0
1826 54 9
1826 55 11
1826 56 10
1826 57 7
1826 58 7
1826 59 10
1826 60 7
1826 61 0
1826 62 7
1826 63 7
1826 64 8
1826 65 4
1826 66 11
1826 67 0
1826 68 8
1826 69 7
1826 70 2
1826 71 11
1826 72 8
1826 73 0
1826 74 9
1826 75 0
1826 76 8
1826 77 4
1826 78 3
1826 79 9
1826 80 9
1826 81 3
1826 82 0
1826 83 12
1826 84 16
1826 85 8
1826 86 9
1826 87 0
1826 88 12
1826 89 8
1826 90 13
1826 91 10
1826 92 10
1826 93 3
1826 94 0
1826 95 9
1826 96 0
1826 97 11
1826 98 10
1826 99 10
1826 100 11
1826 101 16
1826 102 0
1826 103 0
1826 104 0
1826 105 10
1826 106 9
1826 107 8
1826 108 10
1826 109 10
1826 110 0
1826 111 9
1826 112 0
1826 113 0
1826 114 0
1826 115 0
1826 116 12
1826 117 9
1826 118 0
1826 119 8
1826 120 14
1826 121 9
1851 1 5
1851 2 10
1851 3 12
1851 4 11
1851 5 3
1851 6 9
1851 7 0
1851 8 4
1851 9 0
1851 10 5
1851 11 0
1851 12 0
1851 13 10
1851 14 0
1851 15 3
1851 16 9
1851 17 6
1851 18 0
1851 19 7
1851 20 8
1851 21 10
1851 22 9
1851 23 0
1851 24 0
1851 25 8
1851 26 0
1851 27 0
1851 28 1
1851 29 10
1851 30 9
1851 31 0
1851 32 10
1851 33 8
1851 34 13
1851 35 10
1851 36 9
1851 37 12
1851 38 4
1851 39 6
1851 40 6
1851 41 0
1851 42 0
1851 43 9
1851 44 0
1851 45 0
1851 46 8
1851 47 4
1851 48 10
1851 49 11
1851 50 9
1851 51 0
1851 52 12
1851 53 0
1851 54 10
1851 55 15
1851 56 10
1851 57 8
1851 58 0
1851 59 8
1851 60 9
1851 61 6
1851 62 9
1851 63 8
1851 64 0
1851 65 7
1851 66 0
1851 67 5
1851 68 9
1851 69 8
1851 70 0
1851 71 13
1851 72 0
1851 73 0
1851 74 0
1851 75 11
1851 76 0
1851 77 0
1851 78 6
1851 79 10
1851 80 0
1851 81 5
1851 82 10
1851 83 6
1851 84 9
1851 85 5
1851 86 11
1851 87 0
1851 88 0
1851 89 0
1851 90 12
1851 91 3
1851 92 0
1851 93 0
1851 94 5
1851 95 9
1851 96 9
1851 97 12
1851 98 12
1851 99 10
1851 100 10
1851 101 9
1851 102 10
1851 103 8
1851 104 9
1851 105 0
1851 106 9
1851 107 0
1851 108 6
1851 109 16
1851 110 11
1851 111 7
1851 112 10
1851 113 14
1851 114 8
1851 115 11
1851 116 10
1851 117 11
1851 118 10
1851 119 2
1851 120 8
1851 121 0
1876 1 6
1876 2 7
1876 3 10
1876 4 9
1876 5 8
1876 6 0
1876 7 0
1876 8 7
1876 9 2
1876 10 11
1876 11 2
1876 12 11
1876 13 10
1876 14 6
1876 15 10
1876 16 0
1876 17 0
1876 18 0
1876 19 0
1876 20 9
1876 21 11
1876 22 0
1876 23 7
1876 24 0
1876 25 11
1876 26 0
1876 27 10
1876 28 0
1876 29 7
1876 30 10
1876 31 10
1876 32 6
1876 33 0
1876 34 6
1876 35 7
1876 36 12
1876 37 0
1876 38 0
1876 39 9
1876 40 8
1876 41 2
1876 42 5
1876 43 10
1876 44 11
1876 45 0
1876 46 7
1876 47 12
1876 48 9
1876 49 8
1876 50 0
1876 51 9
1876 52 10
1876 53 4
1876 54 7
1876 55 9
1876 56 10
1876 57 10
1876 58 0
1876 59 7
1876 60 10
1876 61 0
1876 62 0
1876 63 10
1876 64 7
1876 65 0
1876 66 13
1876 67 11
1876 68 9
1876 69 7
1876 70 5
1876 71 10
1876 72 14
1876 73 9
1876 74 12
1876 75 9
1876 76 0
1876 77 10
1876 78 11
1876 79 0
1876 80 11
1876 81 6
1876 82 10
1876 83 5
1876 84 8
1876 85 11
1876 86 3
1876 87 3
1876 88 0
1876 89 6
1876 90 15
1876 91 0
1876 92 11
1876 93 10
1876 94 12
1876 95 10
1876 96 0
1876 97 13
1876 98 0
1876 99 10
1876 100 10
1876 101 0
1876 102 0
1876 103 5
1876 104 1
1876 105 0
1876 106 10
1876 107 0
1876 108 0
1876 109 0
1876 110 6
1876 111 11
1876 112 0
1876 113 17
1876 114 8
1876 115 7
1876 116 6
1876 117 0
1876 118 8
1876 119 0
1876 120 11
1876 121 0
1901 1 12
1901 2 10
1901 3 7
1901 4 0
1901 5 9
1901 6 7
1901 7 10
1901 8 9
1901 9 9
1901 10 0
1901 11 1
1901 12 8
1901 13 4
1901 14 8
1901 15 14
1901 16 6
1901 17 6
1901 18 3
1901 19 9
1901 20 8
1901 21 0
1901 22 0
1901 23 4
1901 24 12
1901 25 0
1901 26 8
1901 27 9
1901 28 0
1901 29 0
1901 30 8
1901 31 7
1901 32 10
1901 33 3
1901 34 8
1901 35 10
1901 36 7
1901 37 0
1901 38 0
1901 39 11
1901 40 6
1901 41 10
1901 42 0
1901 43 13
1901 44 11
1901 45 1
1901 46 9
1901 47 10
1901 48 8
1901 49 0
1901 50 7
1901 51 10
1901 52 3
1901 53 8
1901 54 2
1901 55 11
1901 56 6
1901 57 8
1901 58 10
1901 59 7
1901 60 8
1901 61 7
1901 62 10
1901 63 3
1901 64 9
1901 65 12
1901 66 14
1901 67 3
1901 68 10
1901 69 7
1901 70 10
1901 71 8
1901 72 11
1901 73 9
1901 74 11
1901 75 8
1901 76 11
1901 77 0
1901 78 5
1901 79 6
1901 80 0
1901 81 5
1901 82 0
1901 83 7
1901 84 10
1901 85 4
1901 86 0
1901 87 10
1901 88 3
1901 89 0
1901 90 0
1901 91 5
1901 92 8
1901 93 10
1901 94 9
1901 95 9
1901 96 0
1901 97 0
1901 98 0
1901 99 0
1901 100 0
1901 101 0
1901 102 0
1901 103 0
1901 104 0
1901 105 8
1901 106 0
1901 107 9
1901 108 7
1901 109 0
1901 110 8
1901 111 10
1901 112 3
1901 113 0
1901 114 9
1901 115 6
1901 116 9
1901 117 0
1901 118 10
1901 119 10
1901 120 0
1901 121 13
1926 1 5
1926 2 9
1926 3 10
1926 4 0
1926 5 9
1926 6 7
1926 7 10
1926 8 7
1926 9 0
1926 10 12
1926 11 0
1926 12 9
1926 13 8
1926 14 15
1926 15 3
1926 16 8
1926 17 10
1926 18 0
1926 19 11
1926 20 8
1926 21 7
1926 22 12
1926 23 7
1926 24 10
1926 25 0
1926 26 11
1926 27 0
1926 28 0
1926 29 5
1926 30 0
1926 31 12
1926 32 9
1926 33 8
1926 34 11
1926 35 13
1926 36 12
1926 37 9
1926 38 0
1926 39 11
1926 40 5
1926 41 10
1926 42 11
1926 43 3
1926 44 8
1926 45 0
1926 46 13
1926 47 6
1926 48 10
1926 49 9
1926 50 0
1926 51 0
1926 52 9
1926 53 8
1926 54 10
1926 55 0
1926 56 8
1926 57 0
1926 58 0
1926 59 0
1926 60 15
1926 61 12
1926 62 10
1926 63 0
1926 64 10
1926 65 0
1926 66 9
1926 67 0
1926 68 10
1926 69 0
1926 70 7
1926 71 14
1926 72 0
1926 73 8
1926 74 9
1926 75 8
1926 76 13
1926 77 0
1926 78 10
1926 79 0
1926 80 0
1926 81 0
1926 82 0
1926 83 7
1926 84 0
1926 85 8
1926 86 11
1926 87 10
1926 88 9
1926 89 0
1926 90 7
1926 91 0
1926 92 0
1926 93 8
1926 94 10
1926 95 2
1926 96 6
1926 97 4
1926 98 6
1926 99 0
1926 100 4
1926 101 10
1926 102 0
1926 103 0
1926 104 11
1926 105 0
1926 106 9
1926 107 0
1926 108 12
1926 109 10
1926 110 6
1926 111 7
1926 112 9
1926 113 0
1926 114 0
1926 115 1
1926 116 10
1926 117 0
1926 118 3
1926 119 0
1926 120 11
1926 121 0
1951 1 9
1951 2 14
1951 3 0
1951 4 9
1951 5 0
1951 6 1
1951 7 4
1951 8 10
1951 9 8
1951 10 13
1951 11 11
1951 12 10
1951 13 10
1951 14 10
1951 15 8
1951 16 9
1951 17 0
1951 18 0
1951 19 10
1951 20 9
1951 21 4
1951 22 9
1951 23 10
1951 24 8
1951 25 0
1951 26 2
1951 27 0
1951 28 5
1951 29 0
1951 30 0
1951 31 11
1951 32 11
1951 33 0
1951 34 1
1951 35 8
1951 36 11
1951 37 11
1951 38 10
1951 39 4
1951 40 0
1951 41 10
1951 42 10
1951 43 2
1951 44 10
1951 45 9
1951 46 0
1951 47 11
1951 48 9
1951 49 9
1951 50 8
1951 51 11
1951 52 0
1951 53 14
1951 54 11
1951 55 9
1951 56 6
1951 57 0
1951 58 11
1951 59 6
1951 60 8
1951 61 10
1951 62 12
1951 63 7
1951 64 0
1951 65 0
1951 66 0
1951 67 9
1951 68 9
1951 69 12
1951 70 11
1951 71 3
1951 72 0
1951 73 0
1951 74 10
1951 75 7
1951 76 16
1951 77 9
1951 78 11
1951 79 0
1951 80 10
1951 81 4
1951 82 0
1951 83 11
1951 84 10
1951 85 0
1951 86 0
1951 87 0
1951 88 0
1951 89 10
1951 90 0
1951 91 0
1951 92 11
1951 93 11
1951 94 0
1951 95 6
1951 96 10
1951 97 0
1951 98 7
1951 99 8
1951 100 5
1951 101 0
1951 102 10
1951 103 1
1951 104 6
1951 105 0
1951 106 6
1951 107 10
1951 108 4
1951 109 9
1951 110 10
1951 111 0
1951 112 5
1951 113 8
1951 114 9
1951 115 0
1951 116 8
1951 117 9
1951 118 10
1951 119 3
1951 120 3
1951 121 1
1976 1 5
1976 2 13
1976 3 0
1976 4 16
1976 5 11
1976 6 6
1976 7 7
1976 8 6
1976 9 0
1976 10 10
1976 11 10
1976 12 7
1976 13 0
1976 14 10
1976 15 12
1976 16 7
1976 17 7
1976 18 9
1976 19 9
1976 20 0
1976 21 12
1976 22 13
1976 23 0
1976 24 11
1976 25 8
1976 26 15
1976 27 11
1976 28 10
1976 29 0
1976 30 7
1976 31 1
1976 32 0
1976 33 0
1976 34 8
1976 35 15
1976 36 9
1976 37 0
1976 38 0
1976 39 5
1976 40 4
1976 41 7
1976 42 6
1976 43 11
1976 44 0
1976 45 9
1976 46 7
1976 47 10
1976 48 9
1976 49 10
1976 50 0
1976 51 0
1976 52 10
1976 53 1
1976 54 8
1976 55 7
1976 56 0
1976 57 9
1976 58 13
1976 59 13
1976 60 0
1976 61 2
1976 62 10
1976 63 0
1976 64 4
1976 65 3
1976 66 6
1976 67 10
1976 68 7
1976 69 0
1976 70 8
1976 71 9
1976 72 0
1976 73 4
1976 74 7
1976 75 9
1976 76 13
1976 77 10
1976 78 10
1976 79 7
1976 80 0
1976 81 0
1976 82 8
1976 83 8
1976 84 5
1976 85 13
1976 86 0
1976 87 0
1976 88 7
1976 89 8
1976 90 9
1976 91 0
1976 92 0
1976 93 6
1976 94 10
1976 95 0
1976 96 8
1976 97 0
1976 98 10
1976 99 7
1976 100 0
1976 101 0
1976 102 8
1976 103 0
1976 104 0
1976 105 0
1976 106 9
1976 107 8
1976 108 9
1976 109 0
1976 110 0
1976 111 0
1976 112 8
1976 113 10
1976 114 3
1976 115 5
1976 116 0
1976 117 13
1976 118 6
1976 119 15
1976 120 0
1976 121 0
