1 4265
26 1955
51 2185
76 2378
101 2412
126 2538
151 2530
176 2566
201 2527
226 2516
251 2458
276 2539
301 2531
326 2548
351 2463
376 2494
401 2590
426 2524
451 2520
476 2523
501 2544
526 2529
551 2573
576 2553
601 2564
626 2571
651 2544
676 2534
701 2601
726 2561
751 2557
776 2602
801 2599
826 2561
851 2562
876 2569
901 2588
926 2624
951 2667
976 2638
1001 2557
1026 2588
1051 2575
1076 2649
1101 2626
1126 2653
1151 2623
1176 2658
1201 2616
1226 2627
1251 2664
1276 2671
1301 2638
1326 2561
1351 2618
1376 2640
1401 2687
1426 2703
1451 2645
1476 2623
1501 2725
1526 2695
1551 2735
1576 2687
1601 2716
1626 2693
1651 2678
1676 2707
1701 2713
1726 2625
1751 2692
1776 2656
1801 2579
1826 2625
1851 2602
1876 2549
1901 2648
1926 2615
1951 2627
1976 2674
