1 4018
26 341
51 198
76 166
101 129
126 127
151 126
176 115
201 130
226 118
251 113
276 104
301 107
326 90
351 114
376 102
401 99
426 86
451 102
476 98
501 96
526 97
551 87
576 88
601 96
626 83
651 93
676 72
701 72
726 92
751 82
776 77
801 80
826 90
851 87
876 70
901 68
926 67
951 72
976 68
1001 78
1026 80
1051 70
1076 70
1101 57
1126 59
1151 61
1176 74
1201 70
1226 69
1251 65
1276 74
1301 67
1326 74
1351 67
1376 66
1401 66
1426 72
1451 67
1476 82
1501 71
1526 70
1551 61
1576 65
1601 64
1626 71
1651 67
1676 64
1701 62
1726 59
1751 82
1776 79
1801 89
1826 68
1851 59
1876 55
1901 71
1926 71
1951 60
1976 64
