1 50
26 55
51 58
76 62
101 58
126 66
151 64
176 66
201 61
226 67
251 62
276 61
301 65
326 67
351 62
376 67
401 65
426 66
451 62
476 69
501 69
526 65
551 65
576 65
601 68
626 65
651 64
676 64
701 66
726 67
751 66
776 66
801 64
826 67
851 68
876 68
901 67
926 67
951 71
976 69
1001 68
1026 67
1051 61
1076 67
1101 69
1126 66
1151 64
1176 68
1201 64
1226 67
1251 67
1276 62
1301 61
1326 66
1351 65
1376 61
1401 68
1426 63
1451 62
1476 66
1501 62
1526 66
1551 65
1576 70
1601 67
1626 65
1651 60
1676 70
1701 67
1726 65
1751 66
1776 67
1801 62
1826 58
1851 63
1876 63
1901 64
1926 61
1951 61
1976 61
