1 1 37
1 2 39
1 3 37
1 4 39
1 5 35
1 6 40
1 7 36
1 8 38
1 9 34
1 10 38
1 11 40
1 12 34
1 13 36
1 14 37
1 15 41
1 16 43
1 17 32
1 18 42
1 19 40
1 20 38
1 21 33
1 22 43
1 23 38
1 24 37
1 25 28
1 26 35
1 27 35
1 28 35
1 29 40
1 30 38
1 31 35
1 32 40
1 33 33
1 34 41
1 35 42
1 36 37
1 37 41
1 38 35
1 39 40
1 40 39
1 41 36
1 42 34
1 43 35
1 44 37
1 45 38
1 46 37
1 47 39
1 48 37
1 49 39
1 50 34
1 51 36
1 52 40
1 53 37
1 54 41
1 55 34
1 56 41
1 57 42
1 58 38
1 59 42
1 60 35
1 61 40
1 62 41
1 63 26
1 64 39
1 65 31
1 66 39
1 67 42
1 68 43
1 69 46
1 70 36
1 71 37
1 72 32
1 73 38
1 74 29
1 75 42
1 76 36
1 77 39
1 78 31
1 79 34
1 80 41
1 81 41
1 82 41
1 83 32
1 84 40
1 85 38
1 86 41
1 87 33
1 88 37
1 89 37
1 90 41
1 91 38
1 92 39
1 93 34
1 94 38
1 95 35
1 96 37
1 97 36
1 98 37
1 99 37
1 100 37
1 101 42
1 102 40
1 103 41
1 104 39
1 105 37
1 106 45
1 107 41
1 108 33
1 109 40
1 110 39
1 111 29
1 112 36
1 113 33
1 114 33
1 115 32
1 116 35
1 117 38
1 118 34
1 119 40
1 120 38
1 121 42
26 1 12
26 2 3
26 3 7
26 4 0
26 5 6
26 6 12
26 7 19
26 8 15
26 9 11
26 10 12
26 11 39
26 12 15
26 13 0
26 14 10
26 15 42
26 16 36
26 17 18
26 18 38
26 19 41
26 20 12
26 21 15
26 22 40
26 23 10
26 24 9
26 25 9
26 26 10
26 27 8
26 28 11
26 29 20
26 30 40
26 31 9
26 32 10
26 33 12
26 34 41
26 35 36
26 36 12
26 37 40
26 38 12
26 39 10
26 40 37
26 41 19
26 42 17
26 43 0
26 44 16
26 45 9
26 46 12
26 47 9
26 48 9
26 49 33
26 50 12
26 51 14
26 52 37
26 53 13
26 54 32
26 55 12
26 56 41
26 57 37
26 58 9
26 59 34
26 60 12
26 61 39
26 62 41
26 63 13
26 64 39
26 65 12
26 66 5
26 67 39
26 68 41
26 69 39
26 70 14
26 71 13
26 72 13
26 73 8
26 74 18
26 75 41
26 76 12
26 77 38
26 78 10
26 79 11
26 80 10
26 81 45
26 82 42
26 83 12
26 84 10
26 85 40
26 86 41
26 87 11
26 88 11
26 89 12
26 90 39
26 91 18
26 92 12
26 93 18
26 94 11
26 95 10
26 96 15
26 97 6
26 98 23
26 99 10
26 100 12
26 101 40
26 102 15
26 103 40
26 104 19
26 105 18
26 106 40
26 107 41
26 108 18
26 109 39
26 110 20
26 111 14
26 112 11
26 113 9
26 114 11
26 115 11
26 116 7
26 117 44
26 118 18
26 119 34
26 120 17
26 121 40
51 1 13
51 2 8
51 3 6
51 4 10
51 5 14
51 6 11
51 7 16
51 8 16
51 9 7
51 10 13
51 11 42
51 12 15
51 13 5
51 14 9
51 15 41
51 16 40
51 17 10
51 18 40
51 19 40
51 20 15
51 21 13
51 22 42
51 23 12
51 24 11
51 25 9
51 26 14
51 27 10
51 28 11
51 29 15
51 30 40
51 31 9
51 32 11
51 33 6
51 34 40
51 35 40
51 36 10
51 37 35
51 38 10
51 39 11
51 40 40
51 41 11
51 42 3
51 43 9
51 44 10
51 45 18
51 46 13
51 47 8
51 48 9
51 49 38
51 50 17
51 51 13
51 52 39
51 53 13
51 54 38
51 55 16
51 56 36
51 57 39
51 58 19
51 59 37
51 60 19
51 61 41
51 62 39
51 63 13
51 64 40
51 65 13
51 66 10
51 67 40
51 68 43
51 69 41
51 70 21
51 71 10
51 72 18
51 73 20
51 74 21
51 75 40
51 76 10
51 77 38
51 78 12
51 79 10
51 80 12
51 81 38
51 82 39
51 83 13
51 84 13
51 85 35
51 86 39
51 87 10
51 88 8
51 89 12
51 90 38
51 91 11
51 92 19
51 93 10
51 94 7
51 95 12
51 96 20
51 97 12
51 98 19
51 99 10
51 100 10
51 101 44
51 102 11
51 103 40
51 104 10
51 105 14
51 106 38
51 107 38
51 108 9
51 109 37
51 110 13
51 111 10
51 112 15
51 113 18
51 114 10
51 115 9
51 116 11
51 117 40
51 118 18
51 119 34
51 120 18
51 121 39
76 1 11
76 2 12
76 3 9
76 4 13
76 5 11
76 6 8
76 7 8
76 8 14
76 9 11
76 10 7
76 11 41
76 12 12
76 13 9
76 14 12
76 15 40
76 16 39
76 17 11
76 18 37
76 19 39
76 20 10
76 21 13
76 22 40
76 23 14
76 24 11
76 25 6
76 26 5
76 27 9
76 28 11
76 29 17
76 30 40
76 31 9
76 32 10
76 33 10
76 34 40
76 35 41
76 36 12
76 37 40
76 38 8
76 39 14
76 40 39
76 41 9
76 42 12
76 43 10
76 44 18
76 45 10
76 46 10
76 47 7
76 48 15
76 49 39
76 50 16
76 51 31
76 52 39
76 53 19
76 54 41
76 55 15
76 56 40
76 57 44
76 58 17
76 59 39
76 60 21
76 61 41
76 62 41
76 63 20
76 64 37
76 65 9
76 66 11
76 67 43
76 68 42
76 69 41
76 70 20
76 71 10
76 72 11
76 73 16
76 74 16
76 75 44
76 76 12
76 77 40
76 78 11
76 79 8
76 80 17
76 81 40
76 82 42
76 83 10
76 84 11
76 85 40
76 86 40
76 87 12
76 88 11
76 89 12
76 90 39
76 91 9
76 92 13
76 93 16
76 94 7
76 95 4
76 96 16
76 97 0
76 98 17
76 99 8
76 100 12
76 101 40
76 102 10
76 103 35
76 104 19
76 105 11
76 106 36
76 107 38
76 108 18
76 109 41
76 110 9
76 111 10
76 112 9
76 113 8
76 114 11
76 115 9
76 116 9
76 117 40
76 118 13
76 119 39
76 120 9
76 121 39
101 1 10
101 2 11
101 3 9
101 4 14
101 5 9
101 6 9
101 7 15
101 8 11
101 9 12
101 10 17
101 11 41
101 12 11
101 13 11
101 14 8
101 15 40
101 16 39
101 17 10
101 18 37
101 19 41
101 20 10
101 21 13
101 22 43
101 23 11
101 24 20
101 25 11
101 26 11
101 27 11
101 28 9
101 29 16
101 30 37
101 31 8
101 32 11
101 33 16
101 34 42
101 35 39
101 36 12
101 37 39
101 38 12
101 39 11
101 40 39
101 41 12
101 42 8
101 43 13
101 44 9
101 45 11
101 46 9
101 47 11
101 48 10
101 49 36
101 50 14
101 51 16
101 52 39
101 53 20
101 54 40
101 55 9
101 56 42
101 57 39
101 58 17
101 59 42
101 60 20
101 61 38
101 62 40
101 63 20
101 64 42
101 65 17
101 66 10
101 67 40
101 68 40
101 69 40
101 70 23
101 71 8
101 72 11
101 73 18
101 74 13
101 75 39
101 76 13
101 77 41
101 78 11
101 79 10
101 80 10
101 81 37
101 82 39
101 83 13
101 84 15
101 85 38
101 86 40
101 87 12
101 88 7
101 89 10
101 90 39
101 91 10
101 92 14
101 93 8
101 94 11
101 95 8
101 96 14
101 97 11
101 98 18
101 99 10
101 100 10
101 101 38
101 102 7
101 103 42
101 104 11
101 105 5
101 106 41
101 107 43
101 108 19
101 109 39
101 110 12
101 111 11
101 112 8
101 113 10
101 114 10
101 115 14
101 116 12
101 117 43
101 118 8
101 119 38
101 120 11
101 121 39
126 1 15
126 2 10
126 3 12
126 4 12
126 5 11
126 6 11
126 7 13
126 8 9
126 9 13
126 10 10
126 11 41
126 12 8
126 13 0
126 14 11
126 15 37
126 16 39
126 17 12
126 18 36
126 19 39
126 20 13
126 21 14
126 22 35
126 23 11
126 24 12
126 25 8
126 26 7
126 27 10
126 28 9
126 29 18
126 30 36
126 31 10
126 32 7
126 33 15
126 34 42
126 35 44
126 36 9
126 37 38
126 38 9
126 39 10
126 40 39
126 41 10
126 42 10
126 43 9
126 44 10
126 45 17
126 46 7
126 47 3
126 48 8
126 49 38
126 50 10
126 51 20
126 52 39
126 53 13
126 54 39
126 55 4
126 56 36
126 57 38
126 58 17
126 59 42
126 60 18
126 61 40
126 62 37
126 63 19
126 64 41
126 65 10
126 66 11
126 67 39
126 68 39
126 69 38
126 70 19
126 71 8
126 72 12
126 73 9
126 74 17
126 75 43
126 76 10
126 77 37
126 78 4
126 79 16
126 80 16
126 81 38
126 82 40
126 83 11
126 84 14
126 85 37
126 86 42
126 87 10
126 88 11
126 89 10
126 90 36
126 91 11
126 92 10
126 93 11
126 94 8
126 95 11
126 96 14
126 97 12
126 98 17
126 99 5
126 100 11
126 101 41
126 102 14
126 103 36
126 104 17
126 105 10
126 106 42
126 107 39
126 108 20
126 109 42
126 110 13
126 111 14
126 112 15
126 113 10
126 114 14
126 115 12
126 116 8
126 117 39
126 118 17
126 119 39
126 120 14
126 121 40
151 1 8
151 2 7
151 3 7
151 4 11
151 5 10
151 6 11
151 7 11
151 8 9
151 9 11
151 10 13
151 11 38
151 12 15
151 13 10
151 14 14
151 15 38
151 16 40
151 17 11
151 18 41
151 19 40
151 20 11
151 21 10
151 22 38
151 23 10
151 24 6
151 25 13
151 26 7
151 27 9
151 28 11
151 29 14
151 30 40
151 31 7
151 32 8
151 33 10
151 34 42
151 35 39
151 36 14
151 37 39
151 38 10
151 39 13
151 40 37
151 41 19
151 42 10
151 43 11
151 44 10
151 45 11
151 46 9
151 47 13
151 48 11
151 49 38
151 50 14
151 51 18
151 52 39
151 53 17
151 54 37
151 55 9
151 56 42
151 57 40
151 58 9
151 59 37
151 60 15
151 61 44
151 62 41
151 63 13
151 64 41
151 65 13
151 66 8
151 67 40
151 68 41
151 69 40
151 70 11
151 71 13
151 72 9
151 73 12
151 74 14
151 75 41
151 76 13
151 77 41
151 78 12
151 79 12
151 80 7
151 81 40
151 82 39
151 83 10
151 84 12
151 85 42
151 86 39
151 87 8
151 88 9
151 89 12
151 90 40
151 91 20
151 92 17
151 93 11
151 94 11
151 95 13
151 96 10
151 97 11
151 98 10
151 99 8
151 100 10
151 101 39
151 102 12
151 103 37
151 104 9
151 105 17
151 106 40
151 107 38
151 108 12
151 109 40
151 110 13
151 111 13
151 112 12
151 113 9
151 114 10
151 115 5
151 116 16
151 117 39
151 118 20
151 119 37
151 120 20
151 121 40
176 1 9
176 2 11
176 3 11
176 4 9
176 5 11
176 6 10
176 7 9
176 8 9
176 9 13
176 10 15
176 11 40
176 12 17
176 13 6
176 14 9
176 15 38
176 16 42
176 17 18
176 18 38
176 19 40
176 20 9
176 21 12
176 22 41
176 23 9
176 24 11
176 25 10
176 26 10
176 27 9
176 28 10
176 29 12
176 30 39
176 31 9
176 32 10
176 33 12
176 34 39
176 35 40
176 36 9
176 37 41
176 38 10
176 39 11
176 40 39
176 41 17
176 42 8
176 43 7
176 44 8
176 45 11
176 46 10
176 47 10
176 48 11
176 49 40
176 50 11
176 51 20
176 52 38
176 53 20
176 54 41
176 55 10
176 56 40
176 57 42
176 58 10
176 59 37
176 60 10
176 61 41
176 62 37
176 63 15
176 64 39
176 65 10
176 66 19
176 67 41
176 68 40
176 69 40
176 70 17
176 71 13
176 72 11
176 73 14
176 74 15
176 75 41
176 76 10
176 77 38
176 78 8
176 79 9
176 80 12
176 81 41
176 82 38
176 83 12
176 84 8
176 85 38
176 86 40
176 87 17
176 88 9
176 89 10
176 90 41
176 91 13
176 92 18
176 93 8
176 94 5
176 95 12
176 96 9
176 97 10
176 98 11
176 99 11
176 100 9
176 101 41
176 102 12
176 103 36
176 104 11
176 105 9
176 106 39
176 107 39
176 108 17
176 109 36
176 110 9
176 111 10
176 112 14
176 113 11
176 114 11
176 115 7
176 116 12
176 117 32
176 118 14
176 119 40
176 120 17
176 121 39
201 1 19
201 2 9
201 3 12
201 4 6
201 5 10
201 6 10
201 7 15
201 8 10
201 9 11
201 10 12
201 11 40
201 12 11
201 13 12
201 14 7
201 15 37
201 16 40
201 17 16
201 18 36
201 19 40
201 20 9
201 21 13
201 22 41
201 23 8
201 24 5
201 25 3
201 26 13
201 27 10
201 28 8
201 29 17
201 30 39
201 31 6
201 32 12
201 33 8
201 34 38
201 35 35
201 36 14
201 37 38
201 38 10
201 39 12
201 40 39
201 41 13
201 42 12
201 43 11
201 44 18
201 45 13
201 46 16
201 47 7
201 48 14
201 49 36
201 50 16
201 51 18
201 52 40
201 53 17
201 54 37
201 55 10
201 56 42
201 57 41
201 58 15
201 59 39
201 60 22
201 61 38
201 62 39
201 63 10
201 64 37
201 65 10
201 66 10
201 67 40
201 68 39
201 69 39
201 70 17
201 71 10
201 72 13
201 73 14
201 74 13
201 75 39
201 76 12
201 77 42
201 78 11
201 79 17
201 80 18
201 81 41
201 82 41
201 83 10
201 84 10
201 85 40
201 86 39
201 87 20
201 88 10
201 89 10
201 90 41
201 91 13
201 92 13
201 93 8
201 94 9
201 95 10
201 96 17
201 97 9
201 98 10
201 99 3
201 100 9
201 101 37
201 102 10
201 103 40
201 104 14
201 105 11
201 106 40
201 107 42
201 108 14
201 109 33
201 110 10
201 111 12
201 112 18
201 113 10
201 114 11
201 115 11
201 116 10
201 117 41
201 118 15
201 119 39
201 120 12
201 121 37
226 1 10
226 2 10
226 3 11
226 4 10
226 5 12
226 6 3
226 7 11
226 8 10
226 9 10
226 10 10
226 11 44
226 12 11
226 13 10
226 14 14
226 15 38
226 16 40
226 17 18
226 18 41
226 19 40
226 20 10
226 21 12
226 22 39
226 23 7
226 24 9
226 25 7
226 26 16
226 27 11
226 28 8
226 29 25
226 30 40
226 31 8
226 32 5
226 33 8
226 34 37
226 35 41
226 36 11
226 37 39
226 38 15
226 39 8
226 40 44
226 41 13
226 42 6
226 43 13
226 44 13
226 45 14
226 46 7
226 47 11
226 48 28
226 49 37
226 50 10
226 51 21
226 52 38
226 53 15
226 54 41
226 55 13
226 56 38
226 57 39
226 58 11
226 59 40
226 60 13
226 61 39
226 62 39
226 63 20
226 64 41
226 65 10
226 66 10
226 67 41
226 68 40
226 69 41
226 70 17
226 71 10
226 72 16
226 73 12
226 74 19
226 75 43
226 76 10
226 77 40
226 78 11
226 79 10
226 80 10
226 81 39
226 82 42
226 83 14
226 84 20
226 85 40
226 86 40
226 87 16
226 88 9
226 89 9
226 90 40
226 91 13
226 92 12
226 93 10
226 94 9
226 95 8
226 96 18
226 97 11
226 98 10
226 99 7
226 100 13
226 101 38
226 102 16
226 103 41
226 104 11
226 105 9
226 106 39
226 107 40
226 108 20
226 109 38
226 110 9
226 111 11
226 112 10
226 113 10
226 114 14
226 115 12
226 116 10
226 117 39
226 118 17
226 119 40
226 120 10
226 121 40
251 1 12
251 2 7
251 3 10
251 4 11
251 5 10
251 6 12
251 7 10
251 8 12
251 9 14
251 10 11
251 11 34
251 12 10
251 13 4
251 14 10
251 15 39
251 16 39
251 17 14
251 18 41
251 19 41
251 20 11
251 21 11
251 22 41
251 23 11
251 24 14
251 25 9
251 26 11
251 27 10
251 28 8
251 29 11
251 30 41
251 31 11
251 32 12
251 33 18
251 34 41
251 35 40
251 36 13
251 37 36
251 38 9
251 39 8
251 40 38
251 41 20
251 42 11
251 43 12
251 44 11
251 45 21
251 46 12
251 47 9
251 48 12
251 49 37
251 50 10
251 51 13
251 52 35
251 53 17
251 54 41
251 55 10
251 56 40
251 57 37
251 58 9
251 59 39
251 60 10
251 61 40
251 62 39
251 63 11
251 64 41
251 65 8
251 66 12
251 67 39
251 68 40
251 69 38
251 70 11
251 71 12
251 72 11
251 73 9
251 74 12
251 75 40
251 76 11
251 77 38
251 78 13
251 79 11
251 80 15
251 81 38
251 82 40
251 83 14
251 84 10
251 85 36
251 86 41
251 87 10
251 88 13
251 89 16
251 90 41
251 91 9
251 92 12
251 93 15
251 94 5
251 95 10
251 96 17
251 97 10
251 98 12
251 99 13
251 100 11
251 101 38
251 102 7
251 103 40
251 104 9
251 105 17
251 106 40
251 107 42
251 108 19
251 109 38
251 110 14
251 111 10
251 112 10
251 113 4
251 114 8
251 115 13
251 116 10
251 117 40
251 118 17
251 119 40
251 120 11
251 121 41
276 1 9
276 2 12
276 3 7
276 4 13
276 5 9
276 6 9
276 7 12
276 8 14
276 9 10
276 10 11
276 11 42
276 12 11
276 13 10
276 14 9
276 15 40
276 16 39
276 17 15
276 18 42
276 19 40
276 20 10
276 21 16
276 22 42
276 23 10
276 24 6
276 25 0
276 26 11
276 27 7
276 28 7
276 29 16
276 30 41
276 31 20
276 32 9
276 33 10
276 34 40
276 35 40
276 36 11
276 37 41
276 38 6
276 39 20
276 40 37
276 41 18
276 42 9
276 43 11
276 44 10
276 45 10
276 46 7
276 47 11
276 48 8
276 49 39
276 50 16
276 51 10
276 52 40
276 53 14
276 54 42
276 55 12
276 56 39
276 57 41
276 58 6
276 59 40
276 60 14
276 61 39
276 62 37
276 63 11
276 64 41
276 65 7
276 66 8
276 67 41
276 68 38
276 69 37
276 70 17
276 71 13
276 72 11
276 73 14
276 74 17
276 75 39
276 76 9
276 77 35
276 78 8
276 79 11
276 80 14
276 81 38
276 82 41
276 83 15
276 84 9
276 85 38
276 86 41
276 87 14
276 88 8
276 89 10
276 90 41
276 91 0
276 92 20
276 93 8
276 94 9
276 95 10
276 96 13
276 97 16
276 98 12
276 99 14
276 100 9
276 101 40
276 102 10
276 103 37
276 104 10
276 105 18
276 106 40
276 107 37
276 108 16
276 109 37
276 110 13
276 111 10
276 112 12
276 113 11
276 114 14
276 115 4
276 116 11
276 117 40
276 118 13
276 119 39
276 120 18
276 121 40
301 1 9
301 2 11
301 3 9
301 4 10
301 5 10
301 6 13
301 7 10
301 8 16
301 9 11
301 10 10
301 11 39
301 12 12
301 13 12
301 14 7
301 15 40
301 16 40
301 17 11
301 18 40
301 19 39
301 20 14
301 21 15
301 22 39
301 23 7
301 24 9
301 25 0
301 26 10
301 27 10
301 28 4
301 29 10
301 30 39
301 31 10
301 32 10
301 33 0
301 34 39
301 35 42
301 36 9
301 37 40
301 38 14
301 39 11
301 40 37
301 41 11
301 42 11
301 43 7
301 44 11
301 45 4
301 46 16
301 47 5
301 48 15
301 49 39
301 50 18
301 51 24
301 52 40
301 53 11
301 54 37
301 55 10
301 56 39
301 57 40
301 58 6
301 59 40
301 60 13
301 61 39
301 62 40
301 63 9
301 64 35
301 65 10
301 66 10
301 67 42
301 68 39
301 69 44
301 70 18
301 71 13
301 72 15
301 73 12
301 74 12
301 75 41
301 76 8
301 77 41
301 78 7
301 79 14
301 80 11
301 81 42
301 82 38
301 83 12
301 84 14
301 85 40
301 86 39
301 87 3
301 88 0
301 89 8
301 90 41
301 91 10
301 92 14
301 93 11
301 94 10
301 95 13
301 96 20
301 97 8
301 98 10
301 99 10
301 100 9
301 101 41
301 102 9
301 103 33
301 104 10
301 105 10
301 106 40
301 107 40
301 108 16
301 109 36
301 110 16
301 111 9
301 112 12
301 113 9
301 114 9
301 115 9
301 116 10
301 117 39
301 118 10
301 119 40
301 120 15
301 121 41
326 1 11
326 2 10
326 3 11
326 4 12
326 5 9
326 6 10
326 7 11
326 8 15
326 9 12
326 10 11
326 11 39
326 12 13
326 13 8
326 14 11
326 15 40
326 16 40
326 17 5
326 18 39
326 19 38
326 20 10
326 21 12
326 22 40
326 23 8
326 24 10
326 25 0
326 26 13
326 27 6
326 28 5
326 29 18
326 30 40
326 31 9
326 32 10
326 33 9
326 34 40
326 35 39
326 36 9
326 37 39
326 38 16
326 39 13
326 40 40
326 41 17
326 42 11
326 43 9
326 44 3
326 45 8
326 46 12
326 47 7
326 48 11
326 49 41
326 50 15
326 51 11
326 52 42
326 53 19
326 54 41
326 55 11
326 56 38
326 57 41
326 58 7
326 59 35
326 60 13
326 61 39
326 62 39
326 63 13
326 64 41
326 65 5
326 66 7
326 67 38
326 68 40
326 69 38
326 70 14
326 71 9
326 72 10
326 73 12
326 74 14
326 75 36
326 76 10
326 77 35
326 78 9
326 79 11
326 80 9
326 81 40
326 82 40
326 83 8
326 84 10
326 85 40
326 86 40
326 87 9
326 88 6
326 89 10
326 90 41
326 91 8
326 92 11
326 93 12
326 94 8
326 95 9
326 96 15
326 97 8
326 98 8
326 99 6
326 100 10
326 101 39
326 102 10
326 103 38
326 104 9
326 105 9
326 106 41
326 107 41
326 108 10
326 109 38
326 110 13
326 111 9
326 112 8
326 113 10
326 114 11
326 115 10
326 116 10
326 117 41
326 118 17
326 119 35
326 120 17
326 121 39
351 1 10
351 2 8
351 3 9
351 4 13
351 5 9
351 6 7
351 7 11
351 8 8
351 9 13
351 10 11
351 11 43
351 12 8
351 13 8
351 14 11
351 15 39
351 16 41
351 17 12
351 18 40
351 19 40
351 20 10
351 21 10
351 22 36
351 23 1
351 24 4
351 25 5
351 26 10
351 27 11
351 28 0
351 29 18
351 30 40
351 31 10
351 32 1
351 33 13
351 34 40
351 35 43
351 36 10
351 37 41
351 38 11
351 39 10
351 40 40
351 41 11
351 42 0
351 43 9
351 44 4
351 45 0
351 46 3
351 47 8
351 48 10
351 49 37
351 50 11
351 51 17
351 52 39
351 53 10
351 54 39
351 55 9
351 56 40
351 57 40
351 58 9
351 59 40
351 60 10
351 61 39
351 62 39
351 63 8
351 64 41
351 65 10
351 66 10
351 67 40
351 68 39
351 69 40
351 70 11
351 71 6
351 72 10
351 73 8
351 74 9
351 75 42
351 76 8
351 77 40
351 78 9
351 79 19
351 80 17
351 81 36
351 82 43
351 83 9
351 84 8
351 85 43
351 86 41
351 87 10
351 88 7
351 89 9
351 90 41
351 91 9
351 92 4
351 93 10
351 94 0
351 95 11
351 96 13
351 97 10
351 98 14
351 99 7
351 100 10
351 101 39
351 102 11
351 103 37
351 104 6
351 105 11
351 106 41
351 107 39
351 108 18
351 109 40
351 110 10
351 111 8
351 112 13
351 113 5
351 114 12
351 115 8
351 116 0
351 117 41
351 118 16
351 119 40
351 120 16
351 121 38
376 1 12
376 2 14
376 3 10
376 4 12
376 5 13
376 6 9
376 7 13
376 8 10
376 9 11
376 10 12
376 11 40
376 12 9
376 13 10
376 14 6
376 15 36
376 16 36
376 17 11
376 18 39
376 19 40
376 20 8
376 21 9
376 22 40
376 23 9
376 24 13
376 25 0
376 26 11
376 27 5
376 28 10
376 29 15
376 30 41
376 31 10
376 32 10
376 33 7
376 34 41
376 35 40
376 36 14
376 37 40
376 38 10
376 39 14
376 40 38
376 41 17
376 42 3
376 43 6
376 44 8
376 45 5
376 46 0
376 47 9
376 48 7
376 49 40
376 50 12
376 51 11
376 52 39
376 53 2
376 54 35
376 55 9
376 56 41
376 57 38
376 58 15
376 59 39
376 60 10
376 61 40
376 62 39
376 63 11
376 64 38
376 65 5
376 66 0
376 67 38
376 68 39
376 69 38
376 70 11
376 71 0
376 72 11
376 73 5
376 74 11
376 75 38
376 76 10
376 77 39
376 78 10
376 79 15
376 80 6
376 81 44
376 82 41
376 83 0
376 84 7
376 85 40
376 86 39
376 87 9
376 88 8
376 89 10
376 90 39
376 91 3
376 92 14
376 93 4
376 94 10
376 95 9
376 96 18
376 97 9
376 98 8
376 99 7
376 100 13
376 101 40
376 102 14
376 103 41
376 104 0
376 105 9
376 106 41
376 107 42
376 108 18
376 109 38
376 110 16
376 111 8
376 112 10
376 113 10
376 114 14
376 115 0
376 116 10
376 117 41
376 118 13
376 119 42
376 120 10
376 121 39
401 1 12
401 2 10
401 3 10
401 4 17
401 5 9
401 6 8
401 7 12
401 8 12
401 9 10
401 10 11
401 11 38
401 12 7
401 13 9
401 14 12
401 15 37
401 16 40
401 17 9
401 18 37
401 19 40
401 20 10
401 21 10
401 22 40
401 23 6
401 24 0
401 25 0
401 26 10
401 27 9
401 28 10
401 29 19
401 30 37
401 31 9
401 32 3
401 33 9
401 34 43
401 35 40
401 36 8
401 37 40
401 38 11
401 39 10
401 40 42
401 41 10
401 42 0
401 43 0
401 44 4
401 45 0
401 46 4
401 47 6
401 48 5
401 49 39
401 50 9
401 51 13
401 52 37
401 53 10
401 54 40
401 55 0
401 56 39
401 57 43
401 58 11
401 59 38
401 60 9
401 61 38
401 62 41
401 63 11
401 64 39
401 65 6
401 66 7
401 67 40
401 68 40
401 69 40
401 70 9
401 71 0
401 72 10
401 73 14
401 74 10
401 75 36
401 76 11
401 77 36
401 78 4
401 79 11
401 80 2
401 81 39
401 82 40
401 83 7
401 84 7
401 85 38
401 86 40
401 87 5
401 88 7
401 89 9
401 90 40
401 91 13
401 92 7
401 93 10
401 94 8
401 95 11
401 96 10
401 97 10
401 98 8
401 99 7
401 100 8
401 101 39
401 102 14
401 103 36
401 104 11
401 105 15
401 106 38
401 107 42
401 108 21
401 109 39
401 110 11
401 111 13
401 112 9
401 113 9
401 114 13
401 115 7
401 116 9
401 117 42
401 118 15
401 119 37
401 120 9
401 121 35
426 1 19
426 2 10
426 3 10
426 4 10
426 5 2
426 6 0
426 7 8
426 8 6
426 9 13
426 10 9
426 11 42
426 12 5
426 13 6
426 14 8
426 15 40
426 16 40
426 17 0
426 18 40
426 19 41
426 20 6
426 21 1
426 22 37
426 23 8
426 24 9
426 25 6
426 26 12
426 27 11
426 28 10
426 29 0
426 30 40
426 31 0
426 32 10
426 33 9
426 34 32
426 35 38
426 36 11
426 37 39
426 38 12
426 39 6
426 40 40
426 41 12
426 42 9
426 43 0
426 44 4
426 45 0
426 46 4
426 47 4
426 48 11
426 49 41
426 50 10
426 51 12
426 52 40
426 53 12
426 54 38
426 55 9
426 56 38
426 57 41
426 58 13
426 59 39
426 60 14
426 61 40
426 62 41
426 63 15
426 64 40
426 65 0
426 66 12
426 67 39
426 68 39
426 69 40
426 70 11
426 71 1
426 72 7
426 73 12
426 74 8
426 75 38
426 76 4
426 77 39
426 78 11
426 79 9
426 80 12
426 81 37
426 82 38
426 83 2
426 84 11
426 85 41
426 86 42
426 87 6
426 88 2
426 89 13
426 90 42
426 91 10
426 92 12
426 93 2
426 94 0
426 95 6
426 96 14
426 97 11
426 98 10
426 99 8
426 100 10
426 101 40
426 102 15
426 103 42
426 104 9
426 105 6
426 106 39
426 107 39
426 108 20
426 109 41
426 110 11
426 111 5
426 112 14
426 113 12
426 114 9
426 115 5
426 116 2
426 117 39
426 118 11
426 119 39
426 120 16
426 121 37
451 1 16
451 2 5
451 3 9
451 4 12
451 5 12
451 6 10
451 7 5
451 8 6
451 9 8
451 10 11
451 11 41
451 12 14
451 13 0
451 14 0
451 15 39
451 16 40
451 17 11
451 18 41
451 19 39
451 20 1
451 21 0
451 22 39
451 23 11
451 24 0
451 25 7
451 26 21
451 27 7
451 28 4
451 29 6
451 30 40
451 31 0
451 32 0
451 33 6
451 34 43
451 35 40
451 36 11
451 37 43
451 38 9
451 39 7
451 40 36
451 41 5
451 42 0
451 43 7
451 44 0
451 45 1
451 46 9
451 47 8
451 48 11
451 49 39
451 50 17
451 51 6
451 52 38
451 53 10
451 54 40
451 55 10
451 56 39
451 57 40
451 58 7
451 59 40
451 60 12
451 61 40
451 62 41
451 63 12
451 64 39
451 65 0
451 66 10
451 67 40
451 68 39
451 69 40
451 70 13
451 71 7
451 72 11
451 73 8
451 74 7
451 75 44
451 76 10
451 77 41
451 78 6
451 79 11
451 80 9
451 81 39
451 82 36
451 83 10
451 84 10
451 85 40
451 86 38
451 87 10
451 88 9
451 89 8
451 90 42
451 91 10
451 92 14
451 93 0
451 94 0
451 95 9
451 96 14
451 97 10
451 98 10
451 99 3
451 100 10
451 101 44
451 102 18
451 103 41
451 104 10
451 105 12
451 106 39
451 107 39
451 108 14
451 109 41
451 110 11
451 111 14
451 112 13
451 113 8
451 114 8
451 115 7
451 116 2
451 117 36
451 118 15
451 119 39
451 120 17
451 121 39
476 1 9
476 2 0
476 3 13
476 4 10
476 5 13
476 6 7
476 7 5
476 8 4
476 9 8
476 10 10
476 11 39
476 12 9
476 13 6
476 14 10
476 15 40
476 16 40
476 17 13
476 18 40
476 19 41
476 20 6
476 21 8
476 22 39
476 23 7
476 24 0
476 25 9
476 26 11
476 27 10
476 28 0
476 29 10
476 30 37
476 31 3
476 32 11
476 33 11
476 34 40
476 35 37
476 36 6
476 37 38
476 38 12
476 39 7
476 40 37
476 41 12
476 42 4
476 43 0
476 44 7
476 45 7
476 46 8
476 47 3
476 48 10
476 49 39
476 50 12
476 51 14
476 52 40
476 53 14
476 54 37
476 55 1
476 56 40
476 57 40
476 58 0
476 59 37
476 60 15
476 61 39
476 62 40
476 63 10
476 64 39
476 65 1
476 66 11
476 67 41
476 68 40
476 69 40
476 70 10
476 71 0
476 72 3
476 73 0
476 74 0
476 75 39
476 76 9
476 77 39
476 78 10
476 79 10
476 80 10
476 81 42
476 82 41
476 83 0
476 84 0
476 85 40
476 86 38
476 87 3
476 88 1
476 89 12
476 90 40
476 91 12
476 92 11
476 93 10
476 94 1
476 95 2
476 96 2
476 97 4
476 98 7
476 99 0
476 100 10
476 101 41
476 102 13
476 103 42
476 104 12
476 105 10
476 106 39
476 107 39
476 108 13
476 109 39
476 110 12
476 111 11
476 112 7
476 113 7
476 114 16
476 115 8
476 116 0
476 117 39
476 118 9
476 119 35
476 120 14
476 121 41
501 1 9
501 2 0
501 3 0
501 4 11
501 5 4
501 6 0
501 7 1
501 8 0
501 9 7
501 10 10
501 11 39
501 12 6
501 13 0
501 14 8
501 15 40
501 16 41
501 17 9
501 18 38
501 19 33
501 20 4
501 21 0
501 22 39
501 23 0
501 24 5
501 25 0
501 26 13
501 27 11
501 28 0
501 29 0
501 30 40
501 31 5
501 32 1
501 33 2
501 34 40
501 35 40
501 36 0
501 37 38
501 38 7
501 39 4
501 40 40
501 41 11
501 42 0
501 43 6
501 44 6
501 45 8
501 46 1
501 47 0
501 48 12
501 49 43
501 50 16
501 51 14
501 52 40
501 53 10
501 54 39
501 55 0
501 56 38
501 57 40
501 58 17
501 59 40
501 60 20
501 61 39
501 62 41
501 63 11
501 64 37
501 65 10
501 66 8
501 67 40
501 68 41
501 69 40
501 70 14
501 71 1
501 72 0
501 73 0
501 74 0
501 75 41
501 76 10
501 77 33
501 78 7
501 79 6
501 80 8
501 81 40
501 82 42
501 83 0
501 84 0
501 85 41
501 86 39
501 87 0
501 88 0
501 89 12
501 90 38
501 91 11
501 92 14
501 93 2
501 94 0
501 95 10
501 96 0
501 97 6
501 98 12
501 99 0
501 100 9
501 101 38
501 102 12
501 103 38
501 104 13
501 105 2
501 106 38
501 107 39
501 108 11
501 109 40
501 110 16
501 111 9
501 112 2
501 113 0
501 114 9
501 115 5
501 116 5
501 117 42
501 118 11
501 119 40
501 120 11
501 121 40
526 1 9
526 2 0
526 3 4
526 4 4
526 5 3
526 6 5
526 7 9
526 8 1
526 9 7
526 10 0
526 11 41
526 12 7
526 13 0
526 14 6
526 15 37
526 16 40
526 17 8
526 18 43
526 19 39
526 20 4
526 21 4
526 22 40
526 23 6
526 24 0
526 25 0
526 26 11
526 27 0
526 28 0
526 29 6
526 30 40
526 31 0
526 32 1
526 33 11
526 34 38
526 35 40
526 36 8
526 37 40
526 38 11
526 39 0
526 40 37
526 41 10
526 42 0
526 43 0
526 44 0
526 45 0
526 46 0
526 47 4
526 48 7
526 49 43
526 50 10
526 51 12
526 52 37
526 53 3
526 54 40
526 55 8
526 56 39
526 57 38
526 58 9
526 59 40
526 60 12
526 61 39
526 62 43
526 63 10
526 64 41
526 65 12
526 66 9
526 67 41
526 68 40
526 69 39
526 70 7
526 71 3
526 72 6
526 73 0
526 74 11
526 75 38
526 76 0
526 77 40
526 78 8
526 79 4
526 80 0
526 81 40
526 82 38
526 83 0
526 84 1
526 85 41
526 86 39
526 87 0
526 88 1
526 89 9
526 90 41
526 91 8
526 92 10
526 93 0
526 94 0
526 95 0
526 96 7
526 97 8
526 98 11
526 99 7
526 100 6
526 101 39
526 102 11
526 103 43
526 104 9
526 105 0
526 106 34
526 107 40
526 108 14
526 109 42
526 110 15
526 111 8
526 112 6
526 113 0
526 114 8
526 115 0
526 116 2
526 117 40
526 118 8
526 119 39
526 120 14
526 121 38
551 1 8
551 2 0
551 3 0
551 4 0
551 5 0
551 6 0
551 7 0
551 8 0
551 9 8
551 10 8
551 11 41
551 12 8
551 13 3
551 14 10
551 15 37
551 16 40
551 17 9
551 18 39
551 19 38
551 20 0
551 21 10
551 22 40
551 23 7
551 24 0
551 25 0
551 26 3
551 27 6
551 28 0
551 29 12
551 30 38
551 31 0
551 32 6
551 33 14
551 34 37
551 35 38
551 36 0
551 37 39
551 38 10
551 39 0
551 40 41
551 41 0
551 42 0
551 43 2
551 44 6
551 45 11
551 46 9
551 47 6
551 48 8
551 49 41
551 50 5
551 51 4
551 52 39
551 53 12
551 54 38
551 55 0
551 56 36
551 57 40
551 58 4
551 59 40
551 60 6
551 61 40
551 62 40
551 63 8
551 64 39
551 65 0
551 66 3
551 67 43
551 68 39
551 69 40
551 70 6
551 71 7
551 72 0
551 73 0
551 74 10
551 75 40
551 76 9
551 77 39
551 78 9
551 79 5
551 80 5
551 81 40
551 82 37
551 83 10
551 84 0
551 85 40
551 86 39
551 87 10
551 88 2
551 89 7
551 90 37
551 91 11
551 92 11
551 93 0
551 94 0
551 95 0
551 96 10
551 97 10
551 98 12
551 99 8
551 100 8
551 101 40
551 102 10
551 103 40
551 104 6
551 105 1
551 106 40
551 107 39
551 108 10
551 109 38
551 110 10
551 111 6
551 112 4
551 113 0
551 114 7
551 115 0
551 116 2
551 117 42
551 118 10
551 119 39
551 120 8
551 121 40
576 1 5
576 2 5
576 3 0
576 4 3
576 5 0
576 6 0
576 7 8
576 8 0
576 9 0
576 10 0
576 11 41
576 12 1
576 13 1
576 14 0
576 15 39
576 16 38
576 17 3
576 18 41
576 19 42
576 20 0
576 21 5
576 22 37
576 23 9
576 24 8
576 25 0
576 26 0
576 27 0
576 28 0
576 29 11
576 30 39
576 31 0
576 32 0
576 33 0
576 34 40
576 35 40
576 36 1
576 37 42
576 38 8
576 39 5
576 40 32
576 41 9
576 42 4
576 43 0
576 44 0
576 45 0
576 46 1
576 47 10
576 48 10
576 49 37
576 50 9
576 51 0
576 52 40
576 53 0
576 54 40
576 55 0
576 56 41
576 57 40
576 58 8
576 59 37
576 60 10
576 61 37
576 62 38
576 63 3
576 64 37
576 65 0
576 66 9
576 67 43
576 68 41
576 69 31
576 70 5
576 71 0
576 72 0
576 73 0
576 74 17
576 75 40
576 76 0
576 77 39
576 78 1
576 79 0
576 80 0
576 81 40
576 82 38
576 83 0
576 84 5
576 85 40
576 86 39
576 87 0
576 88 0
576 89 8
576 90 40
576 91 2
576 92 9
576 93 0
576 94 0
576 95 0
576 96 2
576 97 1
576 98 10
576 99 0
576 100 0
576 101 39
576 102 6
576 103 40
576 104 8
576 105 0
576 106 36
576 107 40
576 108 12
576 109 40
576 110 13
576 111 1
576 112 7
576 113 2
576 114 10
576 115 1
576 116 0
576 117 37
576 118 2
576 119 40
576 120 10
576 121 37
601 1 7
601 2 0
601 3 0
601 4 0
601 5 0
601 6 0
601 7 0
601 8 0
601 9 0
601 10 9
601 11 40
601 12 0
601 13 0
601 14 0
601 15 41
601 16 40
601 17 1
601 18 37
601 19 39
601 20 0
601 21 0
601 22 40
601 23 0
601 24 4
601 25 0
601 26 0
601 27 0
601 28 0
601 29 0
601 30 40
601 31 2
601 32 0
601 33 2
601 34 39
601 35 37
601 36 0
601 37 38
601 38 10
601 39 6
601 40 42
601 41 10
601 42 0
601 43 1
601 44 0
601 45 0
601 46 7
601 47 0
601 48 0
601 49 38
601 50 5
601 51 0
601 52 39
601 53 7
601 54 41
601 55 7
601 56 41
601 57 38
601 58 12
601 59 39
601 60 6
601 61 41
601 62 40
601 63 10
601 64 39
601 65 0
601 66 0
601 67 39
601 68 40
601 69 42
601 70 5
601 71 2
601 72 0
601 73 1
601 74 6
601 75 37
601 76 7
601 77 40
601 78 9
601 79 5
601 80 7
601 81 39
601 82 38
601 83 0
601 84 0
601 85 37
601 86 39
601 87 9
601 88 0
601 89 0
601 90 35
601 91 5
601 92 9
601 93 8
601 94 6
601 95 9
601 96 13
601 97 10
601 98 14
601 99 10
601 100 0
601 101 38
601 102 8
601 103 40
601 104 10
601 105 0
601 106 38
601 107 38
601 108 12
601 109 42
601 110 12
601 111 10
601 112 0
601 113 0
601 114 10
601 115 0
601 116 0
601 117 41
601 118 2
601 119 40
601 120 10
601 121 38
626 1 0
626 2 2
626 3 0
626 4 7
626 5 3
626 6 0
626 7 0
626 8 0
626 9 1
626 10 0
626 11 41
626 12 0
626 13 0
626 14 11
626 15 40
626 16 40
626 17 0
626 18 39
626 19 42
626 20 3
626 21 1
626 22 39
626 23 6
626 24 8
626 25 8
626 26 12
626 27 2
626 28 0
626 29 0
626 30 39
626 31 0
626 32 0
626 33 8
626 34 42
626 35 33
626 36 4
626 37 40
626 38 10
626 39 8
626 40 41
626 41 8
626 42 0
626 43 0
626 44 0
626 45 4
626 46 8
626 47 9
626 48 12
626 49 40
626 50 10
626 51 4
626 52 38
626 53 5
626 54 40
626 55 0
626 56 40
626 57 40
626 58 0
626 59 39
626 60 11
626 61 42
626 62 39
626 63 12
626 64 39
626 65 10
626 66 2
626 67 40
626 68 40
626 69 40
626 70 7
626 71 3
626 72 0
626 73 0
626 74 0
626 75 40
626 76 6
626 77 39
626 78 0
626 79 0
626 80 10
626 81 39
626 82 38
626 83 0
626 84 0
626 85 39
626 86 40
626 87 4
626 88 0
626 89 0
626 90 39
626 91 0
626 92 7
626 93 10
626 94 0
626 95 0
626 96 11
626 97 0
626 98 11
626 99 0
626 100 9
626 101 38
626 102 7
626 103 41
626 104 7
626 105 6
626 106 40
626 107 40
626 108 17
626 109 33
626 110 9
626 111 0
626 112 6
626 113 2
626 114 7
626 115 2
626 116 10
626 117 42
626 118 11
626 119 40
626 120 14
626 121 39
651 1 6
651 2 0
651 3 1
651 4 5
651 5 10
651 6 0
651 7 0
651 8 0
651 9 0
651 10 0
651 11 39
651 12 0
651 13 0
651 14 4
651 15 38
651 16 37
651 17 0
651 18 42
651 19 36
651 20 4
651 21 0
651 22 39
651 23 0
651 24 0
651 25 2
651 26 5
651 27 7
651 28 0
651 29 2
651 30 39
651 31 5
651 32 0
651 33 1
651 34 37
651 35 38
651 36 0
651 37 38
651 38 11
651 39 0
651 40 38
651 41 0
651 42 2
651 43 2
651 44 6
651 45 0
651 46 1
651 47 1
651 48 15
651 49 40
651 50 7
651 51 7
651 52 40
651 53 10
651 54 41
651 55 0
651 56 37
651 57 39
651 58 7
651 59 43
651 60 6
651 61 40
651 62 40
651 63 11
651 64 44
651 65 10
651 66 11
651 67 37
651 68 42
651 69 44
651 70 0
651 71 0
651 72 0
651 73 0
651 74 4
651 75 40
651 76 6
651 77 40
651 78 0
651 79 0
651 80 0
651 81 40
651 82 37
651 83 0
651 84 0
651 85 38
651 86 41
651 87 6
651 88 0
651 89 0
651 90 39
651 91 0
651 92 11
651 93 0
651 94 0
651 95 3
651 96 2
651 97 3
651 98 10
651 99 0
651 100 6
651 101 39
651 102 14
651 103 39
651 104 10
651 105 5
651 106 40
651 107 38
651 108 11
651 109 40
651 110 12
651 111 0
651 112 2
651 113 0
651 114 10
651 115 0
651 116 4
651 117 39
651 118 9
651 119 41
651 120 5
651 121 41
676 1 1
676 2 0
676 3 0
676 4 0
676 5 5
676 6 0
676 7 11
676 8 0
676 9 0
676 10 10
676 11 40
676 12 0
676 13 0
676 14 0
676 15 36
676 16 40
676 17 2
676 18 39
676 19 40
676 20 5
676 21 8
676 22 39
676 23 0
676 24 0
676 25 4
676 26 8
676 27 2
676 28 1
676 29 7
676 30 38
676 31 0
676 32 0
676 33 1
676 34 39
676 35 34
676 36 0
676 37 42
676 38 9
676 39 3
676 40 40
676 41 7
676 42 0
676 43 0
676 44 0
676 45 0
676 46 7
676 47 3
676 48 8
676 49 38
676 50 9
676 51 7
676 52 39
676 53 9
676 54 33
676 55 0
676 56 37
676 57 33
676 58 5
676 59 40
676 60 9
676 61 39
676 62 39
676 63 0
676 64 36
676 65 4
676 66 8
676 67 40
676 68 40
676 69 40
676 70 14
676 71 0
676 72 0
676 73 3
676 74 9
676 75 39
676 76 3
676 77 40
676 78 0
676 79 0
676 80 0
676 81 38
676 82 36
676 83 0
676 84 8
676 85 38
676 86 35
676 87 0
676 88 0
676 89 0
676 90 38
676 91 0
676 92 10
676 93 0
676 94 0
676 95 8
676 96 9
676 97 5
676 98 9
676 99 0
676 100 0
676 101 36
676 102 9
676 103 39
676 104 4
676 105 8
676 106 39
676 107 38
676 108 9
676 109 35
676 110 5
676 111 0
676 112 0
676 113 0
676 114 10
676 115 0
676 116 2
676 117 37
676 118 10
676 119 40
676 120 10
676 121 41
701 1 2
701 2 0
701 3 0
701 4 0
701 5 0
701 6 0
701 7 7
701 8 1
701 9 0
701 10 0
701 11 38
701 12 2
701 13 0
701 14 8
701 15 39
701 16 41
701 17 0
701 18 38
701 19 40
701 20 0
701 21 6
701 22 40
701 23 0
701 24 11
701 25 0
701 26 0
701 27 0
701 28 0
701 29 0
701 30 35
701 31 0
701 32 2
701 33 0
701 34 38
701 35 40
701 36 3
701 37 38
701 38 7
701 39 6
701 40 40
701 41 9
701 42 0
701 43 0
701 44 0
701 45 0
701 46 10
701 47 0
701 48 8
701 49 39
701 50 1
701 51 7
701 52 42
701 53 10
701 54 37
701 55 8
701 56 38
701 57 43
701 58 0
701 59 39
701 60 11
701 61 39
701 62 38
701 63 4
701 64 38
701 65 0
701 66 8
701 67 41
701 68 38
701 69 38
701 70 8
701 71 0
701 72 0
701 73 3
701 74 6
701 75 41
701 76 10
701 77 34
701 78 0
701 79 6
701 80 8
701 81 39
701 82 41
701 83 0
701 84 8
701 85 39
701 86 40
701 87 4
701 88 6
701 89 0
701 90 43
701 91 0
701 92 0
701 93 0
701 94 0
701 95 6
701 96 3
701 97 0
701 98 10
701 99 0
701 100 0
701 101 40
701 102 11
701 103 36
701 104 0
701 105 6
701 106 42
701 107 41
701 108 20
701 109 40
701 110 11
701 111 0
701 112 1
701 113 6
701 114 0
701 115 0
701 116 0
701 117 37
701 118 9
701 119 43
701 120 13
701 121 38
726 1 2
726 2 0
726 3 0
726 4 0
726 5 0
726 6 11
726 7 4
726 8 0
726 9 0
726 10 0
726 11 37
726 12 0
726 13 0
726 14 0
726 15 43
726 16 39
726 17 8
726 18 36
726 19 40
726 20 0
726 21 0
726 22 42
726 23 0
726 24 0
726 25 0
726 26 0
726 27 0
726 28 0
726 29 4
726 30 40
726 31 0
726 32 0
726 33 3
726 34 36
726 35 41
726 36 0
726 37 36
726 38 0
726 39 5
726 40 42
726 41 9
726 42 0
726 43 0
726 44 0
726 45 11
726 46 0
726 47 0
726 48 0
726 49 41
726 50 8
726 51 11
726 52 40
726 53 4
726 54 37
726 55 0
726 56 39
726 57 37
726 58 10
726 59 38
726 60 4
726 61 40
726 62 39
726 63 15
726 64 37
726 65 0
726 66 0
726 67 40
726 68 45
726 69 40
726 70 8
726 71 2
726 72 0
726 73 6
726 74 14
726 75 39
726 76 1
726 77 40
726 78 3
726 79 0
726 80 0
726 81 42
726 82 39
726 83 0
726 84 0
726 85 39
726 86 39
726 87 6
726 88 0
726 89 0
726 90 41
726 91 0
726 92 3
726 93 0
726 94 0
726 95 1
726 96 13
726 97 8
726 98 3
726 99 0
726 100 5
726 101 36
726 102 9
726 103 38
726 104 0
726 105 1
726 106 41
726 107 38
726 108 10
726 109 39
726 110 9
726 111 2
726 112 0
726 113 0
726 114 6
726 115 4
726 116 1
726 117 40
726 118 8
726 119 39
726 120 9
726 121 41
751 1 0
751 2 0
751 3 0
751 4 0
751 5 0
751 6 0
751 7 9
751 8 8
751 9 0
751 10 0
751 11 37
751 12 0
751 13 0
751 14 0
751 15 37
751 16 38
751 17 8
751 18 39
751 19 40
751 20 0
751 21 0
751 22 38
751 23 9
751 24 7
751 25 0
751 26 3
751 27 0
751 28 11
751 29 0
751 30 39
751 31 0
751 32 5
751 33 5
751 34 33
751 35 35
751 36 8
751 37 34
751 38 0
751 39 0
751 40 39
751 41 10
751 42 5
751 43 4
751 44 2
751 45 0
751 46 0
751 47 0
751 48 9
751 49 34
751 50 2
751 51 5
751 52 42
751 53 9
751 54 39
751 55 6
751 56 40
751 57 43
751 58 0
751 59 36
751 60 11
751 61 34
751 62 41
751 63 5
751 64 39
751 65 7
751 66 0
751 67 40
751 68 34
751 69 40
751 70 5
751 71 10
751 72 0
751 73 0
751 74 0
751 75 38
751 76 0
751 77 36
751 78 0
751 79 0
751 80 4
751 81 40
751 82 40
751 83 0
751 84 0
751 85 39
751 86 38
751 87 0
751 88 0
751 89 6
751 90 42
751 91 11
751 92 0
751 93 2
751 94 0
751 95 11
751 96 12
751 97 3
751 98 6
751 99 0
751 100 5
751 101 32
751 102 2
751 103 38
751 104 0
751 105 4
751 106 38
751 107 41
751 108 12
751 109 40
751 110 0
751 111 2
751 112 1
751 113 1
751 114 5
751 115 0
751 116 0
751 117 40
751 118 6
751 119 36
751 120 2
751 121 40
776 1 0
776 2 0
776 3 0
776 4 3
776 5 0
776 6 0
776 7 0
776 8 10
776 9 3
776 10 10
776 11 36
776 12 10
776 13 0
776 14 11
776 15 39
776 16 34
776 17 8
776 18 40
776 19 39
776 20 0
776 21 0
776 22 38
776 23 0
776 24 10
776 25 0
776 26 0
776 27 0
776 28 0
776 29 0
776 30 39
776 31 7
776 32 0
776 33 0
776 34 41
776 35 39
776 36 7
776 37 40
776 38 11
776 39 5
776 40 38
776 41 5
776 42 0
776 43 0
776 44 0
776 45 2
776 46 3
776 47 0
776 48 5
776 49 38
776 50 4
776 51 6
776 52 40
776 53 5
776 54 39
776 55 9
776 56 40
776 57 42
776 58 5
776 59 38
776 60 0
776 61 38
776 62 38
776 63 2
776 64 36
776 65 6
776 66 8
776 67 41
776 68 39
776 69 36
776 70 6
776 71 0
776 72 0
776 73 0
776 74 11
776 75 38
776 76 3
776 77 35
776 78 1
776 79 0
776 80 9
776 81 37
776 82 32
776 83 0
776 84 5
776 85 36
776 86 41
776 87 0
776 88 1
776 89 0
776 90 40
776 91 7
776 92 0
776 93 1
776 94 0
776 95 0
776 96 7
776 97 7
776 98 0
776 99 0
776 100 0
776 101 40
776 102 7
776 103 38
776 104 1
776 105 9
776 106 40
776 107 38
776 108 10
776 109 38
776 110 0
776 111 0
776 112 0
776 113 0
776 114 8
776 115 0
776 116 0
776 117 39
776 118 0
776 119 37
776 120 2
776 121 42
801 1 4
801 2 0
801 3 0
801 4 0
801 5 4
801 6 0
801 7 0
801 8 2
801 9 0
801 10 0
801 11 40
801 12 0
801 13 3
801 14 9
801 15 38
801 16 41
801 17 0
801 18 41
801 19 41
801 20 0
801 21 4
801 22 39
801 23 0
801 24 0
801 25 0
801 26 0
801 27 2
801 28 0
801 29 0
801 30 41
801 31 0
801 32 0
801 33 0
801 34 41
801 35 35
801 36 5
801 37 41
801 38 0
801 39 2
801 40 40
801 41 1
801 42 0
801 43 0
801 44 0
801 45 2
801 46 7
801 47 0
801 48 4
801 49 39
801 50 13
801 51 9
801 52 38
801 53 0
801 54 41
801 55 1
801 56 39
801 57 40
801 58 8
801 59 40
801 60 0
801 61 40
801 62 38
801 63 9
801 64 43
801 65 8
801 66 9
801 67 40
801 68 38
801 69 36
801 70 3
801 71 5
801 72 0
801 73 0
801 74 9
801 75 36
801 76 9
801 77 37
801 78 10
801 79 11
801 80 4
801 81 40
801 82 40
801 83 3
801 84 0
801 85 38
801 86 37
801 87 0
801 88 0
801 89 0
801 90 39
801 91 8
801 92 8
801 93 0
801 94 0
801 95 0
801 96 0
801 97 6
801 98 9
801 99 0
801 100 0
801 101 39
801 102 4
801 103 30
801 104 7
801 105 0
801 106 35
801 107 39
801 108 3
801 109 36
801 110 2
801 111 0
801 112 4
801 113 0
801 114 0
801 115 0
801 116 0
801 117 40
801 118 11
801 119 37
801 120 10
801 121 42
826 1 9
826 2 0
826 3 0
826 4 0
826 5 1
826 6 0
826 7 1
826 8 0
826 9 0
826 10 7
826 11 40
826 12 2
826 13 0
826 14 0
826 15 36
826 16 40
826 17 7
826 18 37
826 19 40
826 20 8
826 21 3
826 22 41
826 23 3
826 24 0
826 25 0
826 26 10
826 27 0
826 28 0
826 29 0
826 30 41
826 31 0
826 32 0
826 33 2
826 34 41
826 35 40
826 36 1
826 37 39
826 38 2
826 39 9
826 40 40
826 41 3
826 42 0
826 43 0
826 44 0
826 45 0
826 46 6
826 47 0
826 48 10
826 49 39
826 50 5
826 51 3
826 52 42
826 53 2
826 54 40
826 55 0
826 56 39
826 57 39
826 58 0
826 59 41
826 60 5
826 61 39
826 62 38
826 63 6
826 64 38
826 65 8
826 66 1
826 67 39
826 68 41
826 69 40
826 70 0
826 71 8
826 72 5
826 73 0
826 74 10
826 75 41
826 76 2
826 77 42
826 78 0
826 79 0
826 80 10
826 81 32
826 82 37
826 83 6
826 84 2
826 85 40
826 86 36
826 87 10
826 88 2
826 89 8
826 90 40
826 91 0
826 92 0
826 93 6
826 94 0
826 95 3
826 96 9
826 97 0
826 98 0
826 99 0
826 100 12
826 101 41
826 102 6
826 103 41
826 104 0
826 105 13
826 106 39
826 107 37
826 108 0
826 109 40
826 110 9
826 111 0
826 112 1
826 113 0
826 114 4
826 115 0
826 116 0
826 117 40
826 118 11
826 119 37
826 120 0
826 121 44
851 1 0
851 2 0
851 3 0
851 4 7
851 5 0
851 6 0
851 7 9
851 8 0
851 9 0
851 10 0
851 11 42
851 12 0
851 13 0
851 14 0
851 15 42
851 16 40
851 17 9
851 18 41
851 19 44
851 20 0
851 21 0
851 22 34
851 23 0
851 24 0
851 25 0
851 26 6
851 27 4
851 28 0
851 29 0
851 30 36
851 31 8
851 32 0
851 33 0
851 34 40
851 35 38
851 36 10
851 37 36
851 38 0
851 39 0
851 40 40
851 41 5
851 42 4
851 43 0
851 44 0
851 45 0
851 46 5
851 47 0
851 48 8
851 49 39
851 50 5
851 51 7
851 52 40
851 53 6
851 54 40
851 55 0
851 56 37
851 57 40
851 58 0
851 59 41
851 60 1
851 61 37
851 62 39
851 63 4
851 64 36
851 65 0
851 66 11
851 67 35
851 68 39
851 69 39
851 70 0
851 71 0
851 72 0
851 73 5
851 74 0
851 75 39
851 76 1
851 77 39
851 78 0
851 79 0
851 80 0
851 81 40
851 82 40
851 83 0
851 84 7
851 85 38
851 86 39
851 87 0
851 88 0
851 89 4
851 90 40
851 91 3
851 92 0
851 93 9
851 94 0
851 95 2
851 96 0
851 97 6
851 98 0
851 99 0
851 100 0
851 101 40
851 102 6
851 103 40
851 104 0
851 105 0
851 106 40
851 107 39
851 108 14
851 109 36
851 110 0
851 111 0
851 112 4
851 113 0
851 114 0
851 115 0
851 116 0
851 117 41
851 118 14
851 119 40
851 120 10
851 121 40
876 1 1
876 2 5
876 3 0
876 4 0
876 5 2
876 6 0
876 7 7
876 8 0
876 9 0
876 10 0
876 11 36
876 12 2
876 13 0
876 14 0
876 15 40
876 16 38
876 17 3
876 18 40
876 19 40
876 20 0
876 21 5
876 22 36
876 23 0
876 24 0
876 25 0
876 26 0
876 27 11
876 28 0
876 29 9
876 30 38
876 31 0
876 32 0
876 33 0
876 34 37
876 35 38
876 36 5
876 37 42
876 38 7
876 39 0
876 40 34
876 41 5
876 42 0
876 43 0
876 44 0
876 45 12
876 46 0
876 47 10
876 48 9
876 49 41
876 50 4
876 51 3
876 52 39
876 53 11
876 54 39
876 55 0
876 56 40
876 57 40
876 58 6
876 59 36
876 60 10
876 61 40
876 62 42
876 63 2
876 64 41
876 65 9
876 66 1
876 67 40
876 68 39
876 69 40
876 70 4
876 71 0
876 72 0
876 73 0
876 74 10
876 75 41
876 76 11
876 77 40
876 78 10
876 79 0
876 80 12
876 81 42
876 82 38
876 83 0
876 84 3
876 85 32
876 86 42
876 87 2
876 88 0
876 89 0
876 90 38
876 91 1
876 92 0
876 93 4
876 94 0
876 95 12
876 96 13
876 97 2
876 98 0
876 99 0
876 100 4
876 101 40
876 102 0
876 103 39
876 104 0
876 105 8
876 106 41
876 107 42
876 108 10
876 109 39
876 110 6
876 111 0
876 112 6
876 113 0
876 114 0
876 115 0
876 116 10
876 117 36
876 118 0
876 119 40
876 120 0
876 121 39
901 1 0
901 2 0
901 3 0
901 4 0
901 5 0
901 6 0
901 7 0
901 8 10
901 9 0
901 10 0
901 11 41
901 12 0
901 13 0
901 14 0
901 15 35
901 16 39
901 17 3
901 18 38
901 19 39
901 20 4
901 21 0
901 22 40
901 23 3
901 24 0
901 25 2
901 26 8
901 27 0
901 28 0
901 29 0
901 30 41
901 31 0
901 32 0
901 33 0
901 34 36
901 35 39
901 36 8
901 37 40
901 38 0
901 39 5
901 40 40
901 41 10
901 42 0
901 43 0
901 44 3
901 45 9
901 46 10
901 47 1
901 48 9
901 49 41
901 50 11
901 51 0
901 52 40
901 53 10
901 54 42
901 55 5
901 56 40
901 57 38
901 58 0
901 59 41
901 60 1
901 61 35
901 62 41
901 63 4
901 64 38
901 65 11
901 66 7
901 67 41
901 68 41
901 69 41
901 70 3
901 71 7
901 72 7
901 73 0
901 74 7
901 75 40
901 76 0
901 77 37
901 78 0
901 79 9
901 80 3
901 81 39
901 82 40
901 83 0
901 84 0
901 85 40
901 86 39
901 87 0
901 88 0
901 89 0
901 90 40
901 91 2
901 92 0
901 93 0
901 94 3
901 95 8
901 96 6
901 97 0
901 98 7
901 99 0
901 100 0
901 101 37
901 102 11
901 103 41
901 104 0
901 105 0
901 106 37
901 107 37
901 108 0
901 109 40
901 110 6
901 111 0
901 112 0
901 113 0
901 114 0
901 115 0
901 116 0
901 117 39
901 118 12
901 119 40
901 120 6
901 121 37
926 1 0
926 2 0
926 3 0
926 4 0
926 5 6
926 6 0
926 7 5
926 8 0
926 9 2
926 10 10
926 11 40
926 12 0
926 13 0
926 14 2
926 15 40
926 16 40
926 17 0
926 18 41
926 19 34
926 20 0
926 21 0
926 22 41
926 23 0
926 24 1
926 25 0
926 26 0
926 27 0
926 28 0
926 29 4
926 30 40
926 31 0
926 32 0
926 33 0
926 34 38
926 35 40
926 36 4
926 37 40
926 38 0
926 39 0
926 40 41
926 41 1
926 42 0
926 43 0
926 44 0
926 45 3
926 46 0
926 47 0
926 48 2
926 49 38
926 50 7
926 51 13
926 52 38
926 53 9
926 54 38
926 55 0
926 56 38
926 57 39
926 58 2
926 59 40
926 60 10
926 61 39
926 62 39
926 63 5
926 64 40
926 65 5
926 66 3
926 67 40
926 68 38
926 69 39
926 70 2
926 71 7
926 72 9
926 73 0
926 74 2
926 75 39
926 76 7
926 77 39
926 78 3
926 79 1
926 80 7
926 81 37
926 82 40
926 83 6
926 84 0
926 85 39
926 86 38
926 87 0
926 88 7
926 89 10
926 90 41
926 91 5
926 92 7
926 93 0
926 94 0
926 95 10
926 96 9
926 97 0
926 98 2
926 99 2
926 100 2
926 101 39
926 102 5
926 103 39
926 104 1
926 105 4
926 106 38
926 107 40
926 108 7
926 109 41
926 110 0
926 111 0
926 112 5
926 113 0
926 114 0
926 115 0
926 116 3
926 117 39
926 118 9
926 119 38
926 120 7
926 121 41
951 1 8
951 2 0
951 3 0
951 4 0
951 5 0
951 6 0
951 7 2
951 8 10
951 9 0
951 10 0
951 11 36
951 12 0
951 13 0
951 14 0
951 15 39
951 16 37
951 17 2
951 18 36
951 19 36
951 20 0
951 21 0
951 22 37
951 23 8
951 24 3
951 25 10
951 26 0
951 27 7
951 28 11
951 29 10
951 30 41
951 31 0
951 32 7
951 33 0
951 34 38
951 35 39
951 36 9
951 37 37
951 38 0
951 39 1
951 40 40
951 41 14
951 42 0
951 43 0
951 44 8
951 45 0
951 46 0
951 47 0
951 48 0
951 49 40
951 50 8
951 51 5
951 52 42
951 53 9
951 54 42
951 55 0
951 56 40
951 57 36
951 58 12
951 59 40
951 60 2
951 61 38
951 62 38
951 63 9
951 64 34
951 65 11
951 66 4
951 67 43
951 68 42
951 69 38
951 70 10
951 71 0
951 72 0
951 73 0
951 74 6
951 75 38
951 76 0
951 77 40
951 78 2
951 79 6
951 80 0
951 81 40
951 82 41
951 83 0
951 84 0
951 85 40
951 86 41
951 87 6
951 88 4
951 89 1
951 90 41
951 91 0
951 92 4
951 93 5
951 94 0
951 95 0
951 96 0
951 97 0
951 98 1
951 99 0
951 100 8
951 101 42
951 102 0
951 103 38
951 104 6
951 105 0
951 106 44
951 107 39
951 108 8
951 109 40
951 110 0
951 111 0
951 112 3
951 113 0
951 114 2
951 115 0
951 116 0
951 117 39
951 118 0
951 119 40
951 120 4
951 121 37
976 1 7
976 2 0
976 3 9
976 4 0
976 5 10
976 6 10
976 7 10
976 8 0
976 9 0
976 10 0
976 11 39
976 12 0
976 13 0
976 14 0
976 15 37
976 16 40
976 17 2
976 18 39
976 19 40
976 20 7
976 21 0
976 22 40
976 23 0
976 24 10
976 25 0
976 26 4
976 27 4
976 28 8
976 29 4
976 30 40
976 31 0
976 32 0
976 33 9
976 34 40
976 35 40
976 36 0
976 37 41
976 38 2
976 39 1
976 40 39
976 41 0
976 42 0
976 43 0
976 44 0
976 45 2
976 46 0
976 47 0
976 48 0
976 49 38
976 50 5
976 51 10
976 52 40
976 53 10
976 54 38
976 55 0
976 56 40
976 57 42
976 58 4
976 59 40
976 60 7
976 61 39
976 62 43
976 63 10
976 64 40
976 65 10
976 66 0
976 67 44
976 68 42
976 69 40
976 70 0
976 71 9
976 72 0
976 73 9
976 74 10
976 75 41
976 76 0
976 77 41
976 78 1
976 79 0
976 80 0
976 81 37
976 82 39
976 83 5
976 84 2
976 85 38
976 86 41
976 87 4
976 88 0
976 89 0
976 90 42
976 91 2
976 92 0
976 93 0
976 94 3
976 95 3
976 96 0
976 97 0
976 98 5
976 99 0
976 100 0
976 101 39
976 102 4
976 103 40
976 104 0
976 105 6
976 106 41
976 107 40
976 108 6
976 109 38
976 110 0
976 111 2
976 112 2
976 113 0
976 114 1
976 115 3
976 116 7
976 117 37
976 118 12
976 119 41
976 120 4
976 121 39
1001 1 2
1001 2 0
1001 3 0
1001 4 0
1001 5 0
1001 6 3
1001 7 4
1001 8 9
1001 9 0
1001 10 0
1001 11 42
1001 12 0
1001 13 0
1001 14 0
1001 15 43
1001 16 39
1001 17 2
1001 18 40
1001 19 39
1001 20 0
1001 21 0
1001 22 37
1001 23 0
1001 24 0
1001 25 0
1001 26 7
1001 27 0
1001 28 1
1001 29 9
1001 30 38
1001 31 0
1001 32 0
1001 33 0
1001 34 43
1001 35 41
1001 36 2
1001 37 37
1001 38 4
1001 39 0
1001 40 39
1001 41 2
1001 42 0
1001 43 6
1001 44 3
1001 45 6
1001 46 8
1001 47 0
1001 48 4
1001 49 40
1001 50 7
1001 51 1
1001 52 36
1001 53 0
1001 54 41
1001 55 0
1001 56 38
1001 57 40
1001 58 4
1001 59 38
1001 60 0
1001 61 40
1001 62 41
1001 63 9
1001 64 39
1001 65 1
1001 66 5
1001 67 39
1001 68 35
1001 69 41
1001 70 0
1001 71 0
1001 72 0
1001 73 0
1001 74 8
1001 75 41
1001 76 0
1001 77 41
1001 78 0
1001 79 10
1001 80 5
1001 81 40
1001 82 40
1001 83 0
1001 84 0
1001 85 41
1001 86 37
1001 87 0
1001 88 0
1001 89 5
1001 90 37
1001 91 1
1001 92 7
1001 93 0
1001 94 0
1001 95 6
1001 96 1
1001 97 3
1001 98 0
1001 99 0
1001 100 1
1001 101 35
1001 102 0
1001 103 37
1001 104 0
1001 105 6
1001 106 38
1001 107 41
1001 108 8
1001 109 40
1001 110 4
1001 111 10
1001 112 2
1001 113 0
1001 114 0
1001 115 0
1001 116 10
1001 117 38
1001 118 5
1001 119 36
1001 120 0
1001 121 37
1026 1 0
1026 2 0
1026 3 0
1026 4 0
1026 5 0
1026 6 8
1026 7 5
1026 8 1
1026 9 0
1026 10 0
1026 11 37
1026 12 6
1026 13 0
1026 14 7
1026 15 41
1026 16 40
1026 17 9
1026 18 39
1026 19 40
1026 20 7
1026 21 0
1026 22 37
1026 23 0
1026 24 0
1026 25 0
1026 26 9
1026 27 8
1026 28 0
1026 29 11
1026 30 39
1026 31 7
1026 32 4
1026 33 5
1026 34 39
1026 35 39
1026 36 8
1026 37 37
1026 38 10
1026 39 11
1026 40 36
1026 41 0
1026 42 2
1026 43 6
1026 44 2
1026 45 10
1026 46 3
1026 47 6
1026 48 14
1026 49 42
1026 50 8
1026 51 5
1026 52 40
1026 53 11
1026 54 40
1026 55 5
1026 56 40
1026 57 37
1026 58 5
1026 59 39
1026 60 7
1026 61 36
1026 62 38
1026 63 8
1026 64 41
1026 65 13
1026 66 0
1026 67 39
1026 68 39
1026 69 37
1026 70 6
1026 71 1
1026 72 0
1026 73 0
1026 74 11
1026 75 38
1026 76 11
1026 77 40
1026 78 4
1026 79 0
1026 80 5
1026 81 41
1026 82 36
1026 83 0
1026 84 0
1026 85 40
1026 86 37
1026 87 1
1026 88 0
1026 89 9
1026 90 40
1026 91 2
1026 92 0
1026 93 0
1026 94 0
1026 95 0
1026 96 1
1026 97 7
1026 98 5
1026 99 1
1026 100 2
1026 101 38
1026 102 4
1026 103 41
1026 104 0
1026 105 9
1026 106 39
1026 107 42
1026 108 2
1026 109 40
1026 110 2
1026 111 0
1026 112 0
1026 113 0
1026 114 0
1026 115 8
1026 116 0
1026 117 40
1026 118 0
1026 119 37
1026 120 0
1026 121 42
1051 1 0
1051 2 0
1051 3 0
1051 4 0
1051 5 0
1051 6 5
1051 7 12
1051 8 0
1051 9 2
1051 10 0
1051 11 43
1051 12 0
1051 13 0
1051 14 0
1051 15 39
1051 16 39
1051 17 7
1051 18 39
1051 19 37
1051 20 4
1051 21 1
1051 22 41
1051 23 2
1051 24 0
1051 25 0
1051 26 0
1051 27 6
1051 28 0
1051 29 12
1051 30 40
1051 31 0
1051 32 0
1051 33 4
1051 34 39
1051 35 35
1051 36 0
1051 37 41
1051 38 1
1051 39 0
1051 40 39
1051 41 10
1051 42 0
1051 43 3
1051 44 1
1051 45 7
1051 46 7
1051 47 0
1051 48 9
1051 49 38
1051 50 2
1051 51 10
1051 52 39
1051 53 0
1051 54 42
1051 55 3
1051 56 40
1051 57 40
1051 58 6
1051 59 39
1051 60 10
1051 61 38
1051 62 40
1051 63 0
1051 64 42
1051 65 0
1051 66 1
1051 67 39
1051 68 38
1051 69 42
1051 70 2
1051 71 0
1051 72 1
1051 73 4
1051 74 12
1051 75 37
1051 76 1
1051 77 40
1051 78 1
1051 79 5
1051 80 2
1051 81 40
1051 82 41
1051 83 2
1051 84 2
1051 85 42
1051 86 35
1051 87 1
1051 88 11
1051 89 0
1051 90 39
1051 91 10
1051 92 0
1051 93 0
1051 94 0
1051 95 0
1051 96 6
1051 97 1
1051 98 7
1051 99 0
1051 100 0
1051 101 36
1051 102 0
1051 103 42
1051 104 0
1051 105 10
1051 106 37
1051 107 40
1051 108 5
1051 109 40
1051 110 0
1051 111 0
1051 112 1
1051 113 0
1051 114 0
1051 115 0
1051 116 0
1051 117 41
1051 118 6
1051 119 41
1051 120 0
1051 121 39
1076 1 2
1076 2 0
1076 3 0
1076 4 0
1076 5 2
1076 6 0
1076 7 8
1076 8 0
1076 9 3
1076 10 0
1076 11 40
1076 12 0
1076 13 4
1076 14 7
1076 15 43
1076 16 39
1076 17 0
1076 18 40
1076 19 39
1076 20 2
1076 21 0
1076 22 39
1076 23 2
1076 24 0
1076 25 0
1076 26 6
1076 27 0
1076 28 0
1076 29 1
1076 30 40
1076 31 4
1076 32 4
1076 33 4
1076 34 38
1076 35 38
1076 36 9
1076 37 39
1076 38 2
1076 39 2
1076 40 37
1076 41 0
1076 42 3
1076 43 9
1076 44 0
1076 45 8
1076 46 0
1076 47 0
1076 48 2
1076 49 40
1076 50 5
1076 51 6
1076 52 41
1076 53 8
1076 54 38
1076 55 0
1076 56 38
1076 57 40
1076 58 10
1076 59 34
1076 60 1
1076 61 39
1076 62 38
1076 63 2
1076 64 41
1076 65 0
1076 66 4
1076 67 44
1076 68 39
1076 69 39
1076 70 6
1076 71 0
1076 72 0
1076 73 5
1076 74 4
1076 75 40
1076 76 7
1076 77 38
1076 78 4
1076 79 6
1076 80 6
1076 81 41
1076 82 35
1076 83 5
1076 84 0
1076 85 37
1076 86 40
1076 87 5
1076 88 0
1076 89 10
1076 90 39
1076 91 9
1076 92 8
1076 93 1
1076 94 3
1076 95 6
1076 96 0
1076 97 0
1076 98 5
1076 99 3
1076 100 2
1076 101 41
1076 102 0
1076 103 37
1076 104 0
1076 105 0
1076 106 40
1076 107 40
1076 108 1
1076 109 41
1076 110 6
1076 111 2
1076 112 2
1076 113 0
1076 114 0
1076 115 0
1076 116 0
1076 117 40
1076 118 8
1076 119 39
1076 120 0
1076 121 41
1101 1 0
1101 2 0
1101 3 0
1101 4 0
1101 5 7
1101 6 9
1101 7 0
1101 8 0
1101 9 9
1101 10 0
1101 11 40
1101 12 5
1101 13 7
1101 14 5
1101 15 41
1101 16 38
1101 17 7
1101 18 38
1101 19 41
1101 20 10
1101 21 0
1101 22 39
1101 23 0
1101 24 0
1101 25 0
1101 26 6
1101 27 0
1101 28 0
1101 29 10
1101 30 37
1101 31 0
1101 32 3
1101 33 4
1101 34 41
1101 35 35
1101 36 8
1101 37 36
1101 38 8
1101 39 3
1101 40 40
1101 41 9
1101 42 0
1101 43 4
1101 44 6
1101 45 3
1101 46 0
1101 47 8
1101 48 0
1101 49 37
1101 50 8
1101 51 9
1101 52 40
1101 53 10
1101 54 39
1101 55 0
1101 56 39
1101 57 40
1101 58 14
1101 59 40
1101 60 7
1101 61 38
1101 62 40
1101 63 0
1101 64 41
1101 65 1
1101 66 0
1101 67 38
1101 68 36
1101 69 40
1101 70 0
1101 71 0
1101 72 0
1101 73 0
1101 74 0
1101 75 40
1101 76 4
1101 77 36
1101 78 0
1101 79 0
1101 80 13
1101 81 41
1101 82 40
1101 83 0
1101 84 0
1101 85 40
1101 86 39
1101 87 0
1101 88 0
1101 89 3
1101 90 41
1101 91 0
1101 92 0
1101 93 0
1101 94 0
1101 95 0
1101 96 4
1101 97 11
1101 98 0
1101 99 0
1101 100 2
1101 101 40
1101 102 0
1101 103 37
1101 104 0
1101 105 2
1101 106 37
1101 107 39
1101 108 6
1101 109 40
1101 110 0
1101 111 0
1101 112 8
1101 113 0
1101 114 0
1101 115 0
1101 116 7
1101 117 37
1101 118 0
1101 119 36
1101 120 0
1101 121 38
1126 1 0
1126 2 0
1126 3 0
1126 4 9
1126 5 0
1126 6 0
1126 7 1
1126 8 0
1126 9 0
1126 10 2
1126 11 40
1126 12 4
1126 13 0
1126 14 0
1126 15 38
1126 16 33
1126 17 10
1126 18 38
1126 19 40
1126 20 0
1126 21 0
1126 22 41
1126 23 0
1126 24 0
1126 25 0
1126 26 11
1126 27 4
1126 28 8
1126 29 9
1126 30 37
1126 31 0
1126 32 0
1126 33 13
1126 34 44
1126 35 39
1126 36 8
1126 37 37
1126 38 8
1126 39 4
1126 40 38
1126 41 6
1126 42 0
1126 43 0
1126 44 0
1126 45 6
1126 46 0
1126 47 0
1126 48 4
1126 49 38
1126 50 0
1126 51 10
1126 52 38
1126 53 0
1126 54 40
1126 55 0
1126 56 41
1126 57 38
1126 58 9
1126 59 39
1126 60 14
1126 61 41
1126 62 38
1126 63 4
1126 64 38
1126 65 0
1126 66 6
1126 67 40
1126 68 39
1126 69 40
1126 70 12
1126 71 4
1126 72 0
1126 73 0
1126 74 0
1126 75 38
1126 76 8
1126 77 40
1126 78 0
1126 79 0
1126 80 7
1126 81 39
1126 82 41
1126 83 3
1126 84 4
1126 85 40
1126 86 38
1126 87 9
1126 88 0
1126 89 1
1126 90 40
1126 91 0
1126 92 8
1126 93 6
1126 94 2
1126 95 8
1126 96 7
1126 97 8
1126 98 5
1126 99 5
1126 100 0
1126 101 39
1126 102 10
1126 103 35
1126 104 0
1126 105 8
1126 106 39
1126 107 41
1126 108 0
1126 109 31
1126 110 10
1126 111 7
1126 112 0
1126 113 0
1126 114 5
1126 115 0
1126 116 1
1126 117 34
1126 118 11
1126 119 40
1126 120 0
1126 121 39
1151 1 4
1151 2 0
1151 3 0
1151 4 0
1151 5 0
1151 6 0
1151 7 5
1151 8 0
1151 9 0
1151 10 0
1151 11 37
1151 12 0
1151 13 0
1151 14 5
1151 15 40
1151 16 40
1151 17 3
1151 18 40
1151 19 41
1151 20 5
1151 21 2
1151 22 37
1151 23 0
1151 24 0
1151 25 0
1151 26 7
1151 27 0
1151 28 0
1151 29 9
1151 30 40
1151 31 0
1151 32 0
1151 33 0
1151 34 39
1151 35 39
1151 36 9
1151 37 42
1151 38 9
1151 39 5
1151 40 40
1151 41 7
1151 42 0
1151 43 0
1151 44 3
1151 45 3
1151 46 0
1151 47 8
1151 48 3
1151 49 38
1151 50 3
1151 51 8
1151 52 40
1151 53 7
1151 54 36
1151 55 5
1151 56 40
1151 57 41
1151 58 0
1151 59 38
1151 60 0
1151 61 40
1151 62 40
1151 63 8
1151 64 39
1151 65 0
1151 66 8
1151 67 42
1151 68 39
1151 69 36
1151 70 1
1151 71 0
1151 72 0
1151 73 0
1151 74 6
1151 75 39
1151 76 2
1151 77 40
1151 78 0
1151 79 7
1151 80 0
1151 81 36
1151 82 40
1151 83 0
1151 84 0
1151 85 40
1151 86 40
1151 87 0
1151 88 0
1151 89 0
1151 90 40
1151 91 2
1151 92 3
1151 93 7
1151 94 0
1151 95 0
1151 96 5
1151 97 0
1151 98 0
1151 99 0
1151 100 5
1151 101 40
1151 102 9
1151 103 37
1151 104 2
1151 105 0
1151 106 38
1151 107 40
1151 108 0
1151 109 41
1151 110 5
1151 111 0
1151 112 0
1151 113 0
1151 114 0
1151 115 0
1151 116 0
1151 117 39
1151 118 9
1151 119 36
1151 120 7
1151 121 37
1176 1 6
1176 2 0
1176 3 0
1176 4 6
1176 5 0
1176 6 0
1176 7 5
1176 8 0
1176 9 0
1176 10 0
1176 11 40
1176 12 10
1176 13 0
1176 14 0
1176 15 39
1176 16 41
1176 17 10
1176 18 40
1176 19 38
1176 20 0
1176 21 0
1176 22 36
1176 23 0
1176 24 0
1176 25 0
1176 26 0
1176 27 4
1176 28 0
1176 29 0
1176 30 40
1176 31 0
1176 32 0
1176 33 0
1176 34 37
1176 35 40
1176 36 0
1176 37 38
1176 38 1
1176 39 0
1176 40 39
1176 41 2
1176 42 0
1176 43 0
1176 44 0
1176 45 9
1176 46 0
1176 47 0
1176 48 0
1176 49 38
1176 50 1
1176 51 9
1176 52 40
1176 53 5
1176 54 38
1176 55 4
1176 56 39
1176 57 35
1176 58 8
1176 59 42
1176 60 7
1176 61 37
1176 62 39
1176 63 10
1176 64 39
1176 65 9
1176 66 10
1176 67 40
1176 68 42
1176 69 37
1176 70 7
1176 71 0
1176 72 0
1176 73 0
1176 74 0
1176 75 40
1176 76 9
1176 77 39
1176 78 5
1176 79 0
1176 80 4
1176 81 39
1176 82 40
1176 83 9
1176 84 13
1176 85 40
1176 86 38
1176 87 0
1176 88 4
1176 89 10
1176 90 39
1176 91 0
1176 92 3
1176 93 0
1176 94 0
1176 95 0
1176 96 3
1176 97 0
1176 98 0
1176 99 0
1176 100 0
1176 101 38
1176 102 2
1176 103 39
1176 104 0
1176 105 9
1176 106 42
1176 107 40
1176 108 11
1176 109 40
1176 110 8
1176 111 2
1176 112 0
1176 113 0
1176 114 0
1176 115 0
1176 116 3
1176 117 39
1176 118 0
1176 119 40
1176 120 7
1176 121 37
1201 1 6
1201 2 0
1201 3 0
1201 4 1
1201 5 0
1201 6 0
1201 7 14
1201 8 0
1201 9 0
1201 10 6
1201 11 39
1201 12 1
1201 13 0
1201 14 0
1201 15 41
1201 16 36
1201 17 8
1201 18 42
1201 19 40
1201 20 10
1201 21 2
1201 22 41
1201 23 8
1201 24 0
1201 25 0
1201 26 0
1201 27 7
1201 28 0
1201 29 10
1201 30 39
1201 31 4
1201 32 0
1201 33 0
1201 34 39
1201 35 42
1201 36 9
1201 37 37
1201 38 6
1201 39 0
1201 40 39
1201 41 9
1201 42 0
1201 43 0
1201 44 0
1201 45 0
1201 46 1
1201 47 0
1201 48 0
1201 49 37
1201 50 0
1201 51 7
1201 52 35
1201 53 5
1201 54 39
1201 55 0
1201 56 37
1201 57 39
1201 58 10
1201 59 38
1201 60 9
1201 61 40
1201 62 37
1201 63 10
1201 64 38
1201 65 0
1201 66 0
1201 67 38
1201 68 42
1201 69 40
1201 70 7
1201 71 8
1201 72 4
1201 73 0
1201 74 9
1201 75 38
1201 76 5
1201 77 41
1201 78 0
1201 79 0
1201 80 5
1201 81 39
1201 82 42
1201 83 0
1201 84 0
1201 85 40
1201 86 39
1201 87 11
1201 88 0
1201 89 0
1201 90 41
1201 91 0
1201 92 0
1201 93 0
1201 94 0
1201 95 0
1201 96 0
1201 97 0
1201 98 6
1201 99 1
1201 100 0
1201 101 35
1201 102 0
1201 103 40
1201 104 0
1201 105 6
1201 106 43
1201 107 41
1201 108 4
1201 109 41
1201 110 7
1201 111 0
1201 112 0
1201 113 0
1201 114 0
1201 115 0
1201 116 0
1201 117 40
1201 118 1
1201 119 37
1201 120 7
1201 121 39
1226 1 0
1226 2 0
1226 3 0
1226 4 5
1226 5 10
1226 6 0
1226 7 0
1226 8 8
1226 9 0
1226 10 6
1226 11 38
1226 12 8
1226 13 0
1226 14 0
1226 15 37
1226 16 40
1226 17 7
1226 18 35
1226 19 40
1226 20 0
1226 21 6
1226 22 38
1226 23 0
1226 24 6
1226 25 0
1226 26 10
1226 27 3
1226 28 0
1226 29 4
1226 30 39
1226 31 0
1226 32 0
1226 33 0
1226 34 37
1226 35 39
1226 36 0
1226 37 38
1226 38 0
1226 39 0
1226 40 41
1226 41 0
1226 42 2
1226 43 0
1226 44 6
1226 45 0
1226 46 5
1226 47 0
1226 48 10
1226 49 37
1226 50 4
1226 51 10
1226 52 41
1226 53 0
1226 54 31
1226 55 3
1226 56 40
1226 57 39
1226 58 0
1226 59 39
1226 60 9
1226 61 37
1226 62 41
1226 63 9
1226 64 39
1226 65 0
1226 66 0
1226 67 40
1226 68 42
1226 69 40
1226 70 0
1226 71 5
1226 72 0
1226 73 4
1226 74 1
1226 75 38
1226 76 0
1226 77 42
1226 78 0
1226 79 0
1226 80 0
1226 81 40
1226 82 38
1226 83 0
1226 84 2
1226 85 39
1226 86 40
1226 87 0
1226 88 0
1226 89 4
1226 90 38
1226 91 0
1226 92 10
1226 93 0
1226 94 0
1226 95 2
1226 96 4
1226 97 5
1226 98 0
1226 99 0
1226 100 0
1226 101 40
1226 102 7
1226 103 33
1226 104 0
1226 105 0
1226 106 42
1226 107 39
1226 108 9
1226 109 39
1226 110 7
1226 111 0
1226 112 0
1226 113 0
1226 114 0
1226 115 0
1226 116 9
1226 117 36
1226 118 0
1226 119 41
1226 120 10
1226 121 36
1251 1 0
1251 2 0
1251 3 0
1251 4 12
1251 5 2
1251 6 0
1251 7 0
1251 8 3
1251 9 0
1251 10 0
1251 11 36
1251 12 2
1251 13 0
1251 14 4
1251 15 40
1251 16 38
1251 17 0
1251 18 39
1251 19 39
1251 20 0
1251 21 1
1251 22 41
1251 23 0
1251 24 0
1251 25 0
1251 26 0
1251 27 0
1251 28 0
1251 29 2
1251 30 39
1251 31 1
1251 32 0
1251 33 0
1251 34 39
1251 35 41
1251 36 0
1251 37 40
1251 38 3
1251 39 8
1251 40 41
1251 41 14
1251 42 0
1251 43 0
1251 44 0
1251 45 16
1251 46 0
1251 47 0
1251 48 7
1251 49 40
1251 50 8
1251 51 4
1251 52 41
1251 53 10
1251 54 38
1251 55 0
1251 56 38
1251 57 40
1251 58 8
1251 59 38
1251 60 1
1251 61 34
1251 62 41
1251 63 1
1251 64 40
1251 65 3
1251 66 6
1251 67 37
1251 68 41
1251 69 38
1251 70 7
1251 71 0
1251 72 4
1251 73 8
1251 74 11
1251 75 37
1251 76 8
1251 77 34
1251 78 10
1251 79 7
1251 80 0
1251 81 41
1251 82 41
1251 83 0
1251 84 0
1251 85 38
1251 86 36
1251 87 0
1251 88 0
1251 89 0
1251 90 41
1251 91 0
1251 92 0
1251 93 6
1251 94 0
1251 95 8
1251 96 7
1251 97 3
1251 98 11
1251 99 0
1251 100 0
1251 101 39
1251 102 8
1251 103 41
1251 104 1
1251 105 0
1251 106 41
1251 107 38
1251 108 4
1251 109 39
1251 110 0
1251 111 12
1251 112 0
1251 113 0
1251 114 0
1251 115 4
1251 116 3
1251 117 39
1251 118 1
1251 119 40
1251 120 10
1251 121 40
1276 1 0
1276 2 0
1276 3 0
1276 4 7
1276 5 0
1276 6 0
1276 7 6
1276 8 2
1276 9 0
1276 10 0
1276 11 39
1276 12 0
1276 13 9
1276 14 2
1276 15 40
1276 16 39
1276 17 0
1276 18 37
1276 19 39
1276 20 0
1276 21 0
1276 22 37
1276 23 0
1276 24 0
1276 25 0
1276 26 0
1276 27 9
1276 28 0
1276 29 10
1276 30 38
1276 31 2
1276 32 0
1276 33 0
1276 34 37
1276 35 34
1276 36 0
1276 37 40
1276 38 10
1276 39 0
1276 40 36
1276 41 4
1276 42 0
1276 43 3
1276 44 0
1276 45 4
1276 46 1
1276 47 0
1276 48 0
1276 49 36
1276 50 0
1276 51 9
1276 52 39
1276 53 9
1276 54 40
1276 55 7
1276 56 41
1276 57 41
1276 58 0
1276 59 40
1276 60 15
1276 61 39
1276 62 40
1276 63 8
1276 64 37
1276 65 10
1276 66 10
1276 67 40
1276 68 39
1276 69 41
1276 70 9
1276 71 0
1276 72 0
1276 73 0
1276 74 12
1276 75 44
1276 76 7
1276 77 40
1276 78 1
1276 79 6
1276 80 6
1276 81 39
1276 82 35
1276 83 0
1276 84 6
1276 85 39
1276 86 37
1276 87 4
1276 88 0
1276 89 0
1276 90 42
1276 91 3
1276 92 0
1276 93 0
1276 94 0
1276 95 6
1276 96 8
1276 97 9
1276 98 0
1276 99 0
1276 100 0
1276 101 33
1276 102 4
1276 103 34
1276 104 9
1276 105 9
1276 106 39
1276 107 39
1276 108 3
1276 109 38
1276 110 0
1276 111 0
1276 112 7
1276 113 0
1276 114 0
1276 115 5
1276 116 0
1276 117 40
1276 118 4
1276 119 41
1276 120 0
1276 121 42
1301 1 9
1301 2 0
1301 3 0
1301 4 0
1301 5 2
1301 6 0
1301 7 4
1301 8 0
1301 9 6
1301 10 0
1301 11 39
1301 12 0
1301 13 0
1301 14 4
1301 15 39
1301 16 40
1301 17 0
1301 18 42
1301 19 39
1301 20 1
1301 21 6
1301 22 39
1301 23 0
1301 24 3
1301 25 0
1301 26 10
1301 27 0
1301 28 0
1301 29 9
1301 30 37
1301 31 0
1301 32 0
1301 33 0
1301 34 41
1301 35 40
1301 36 4
1301 37 39
1301 38 0
1301 39 0
1301 40 41
1301 41 11
1301 42 0
1301 43 0
1301 44 4
1301 45 8
1301 46 3
1301 47 0
1301 48 3
1301 49 36
1301 50 0
1301 51 0
1301 52 40
1301 53 10
1301 54 40
1301 55 8
1301 56 40
1301 57 40
1301 58 3
1301 59 32
1301 60 7
1301 61 37
1301 62 39
1301 63 8
1301 64 38
1301 65 6
1301 66 0
1301 67 38
1301 68 37
1301 69 37
1301 70 3
1301 71 0
1301 72 0
1301 73 0
1301 74 3
1301 75 40
1301 76 7
1301 77 40
1301 78 8
1301 79 7
1301 80 10
1301 81 34
1301 82 40
1301 83 0
1301 84 0
1301 85 41
1301 86 40
1301 87 6
1301 88 5
1301 89 8
1301 90 41
1301 91 2
1301 92 1
1301 93 0
1301 94 0
1301 95 1
1301 96 3
1301 97 0
1301 98 0
1301 99 0
1301 100 8
1301 101 38
1301 102 4
1301 103 37
1301 104 11
1301 105 4
1301 106 39
1301 107 40
1301 108 14
1301 109 39
1301 110 1
1301 111 1
1301 112 6
1301 113 0
1301 114 5
1301 115 0
1301 116 10
1301 117 39
1301 118 7
1301 119 42
1301 120 10
1301 121 37
1326 1 10
1326 2 0
1326 3 0
1326 4 2
1326 5 0
1326 6 0
1326 7 0
1326 8 5
1326 9 3
1326 10 7
1326 11 44
1326 12 1
1326 13 0
1326 14 11
1326 15 40
1326 16 40
1326 17 8
1326 18 40
1326 19 35
1326 20 4
1326 21 0
1326 22 38
1326 23 0
1326 24 0
1326 25 0
1326 26 0
1326 27 0
1326 28 3
1326 29 6
1326 30 41
1326 31 0
1326 32 0
1326 33 0
1326 34 39
1326 35 37
1326 36 0
1326 37 37
1326 38 8
1326 39 0
1326 40 40
1326 41 6
1326 42 0
1326 43 7
1326 44 0
1326 45 12
1326 46 0
1326 47 4
1326 48 9
1326 49 40
1326 50 7
1326 51 8
1326 52 40
1326 53 0
1326 54 39
1326 55 0
1326 56 44
1326 57 42
1326 58 10
1326 59 39
1326 60 11
1326 61 39
1326 62 40
1326 63 14
1326 64 40
1326 65 10
1326 66 0
1326 67 39
1326 68 40
1326 69 40
1326 70 3
1326 71 8
1326 72 2
1326 73 8
1326 74 2
1326 75 43
1326 76 3
1326 77 39
1326 78 0
1326 79 0
1326 80 0
1326 81 40
1326 82 38
1326 83 0
1326 84 0
1326 85 39
1326 86 40
1326 87 0
1326 88 2
1326 89 1
1326 90 40
1326 91 9
1326 92 2
1326 93 9
1326 94 5
1326 95 10
1326 96 6
1326 97 0
1326 98 8
1326 99 0
1326 100 11
1326 101 37
1326 102 1
1326 103 42
1326 104 0
1326 105 0
1326 106 39
1326 107 34
1326 108 6
1326 109 40
1326 110 6
1326 111 9
1326 112 0
1326 113 0
1326 114 2
1326 115 0
1326 116 0
1326 117 40
1326 118 7
1326 119 40
1326 120 9
1326 121 38
1351 1 4
1351 2 0
1351 3 0
1351 4 0
1351 5 0
1351 6 5
1351 7 7
1351 8 1
1351 9 3
1351 10 0
1351 11 40
1351 12 1
1351 13 0
1351 14 0
1351 15 40
1351 16 41
1351 17 4
1351 18 35
1351 19 42
1351 20 12
1351 21 7
1351 22 40
1351 23 4
1351 24 5
1351 25 0
1351 26 0
1351 27 0
1351 28 9
1351 29 5
1351 30 38
1351 31 0
1351 32 0
1351 33 0
1351 34 41
1351 35 39
1351 36 8
1351 37 37
1351 38 0
1351 39 0
1351 40 38
1351 41 6
1351 42 0
1351 43 1
1351 44 0
1351 45 6
1351 46 0
1351 47 0
1351 48 1
1351 49 36
1351 50 10
1351 51 6
1351 52 36
1351 53 4
1351 54 34
1351 55 0
1351 56 38
1351 57 40
1351 58 0
1351 59 38
1351 60 10
1351 61 38
1351 62 40
1351 63 10
1351 64 36
1351 65 0
1351 66 6
1351 67 40
1351 68 41
1351 69 34
1351 70 0
1351 71 0
1351 72 0
1351 73 0
1351 74 0
1351 75 42
1351 76 0
1351 77 41
1351 78 0
1351 79 0
1351 80 0
1351 81 38
1351 82 36
1351 83 5
1351 84 0
1351 85 40
1351 86 40
1351 87 4
1351 88 0
1351 89 0
1351 90 38
1351 91 0
1351 92 0
1351 93 0
1351 94 0
1351 95 0
1351 96 4
1351 97 8
1351 98 0
1351 99 0
1351 100 0
1351 101 41
1351 102 0
1351 103 37
1351 104 2
1351 105 11
1351 106 40
1351 107 37
1351 108 8
1351 109 39
1351 110 6
1351 111 0
1351 112 3
1351 113 0
1351 114 5
1351 115 0
1351 116 0
1351 117 37
1351 118 12
1351 119 39
1351 120 0
1351 121 30
1376 1 0
1376 2 6
1376 3 0
1376 4 6
1376 5 0
1376 6 0
1376 7 8
1376 8 3
1376 9 0
1376 10 0
1376 11 38
1376 12 11
1376 13 0
1376 14 0
1376 15 39
1376 16 40
1376 17 0
1376 18 41
1376 19 41
1376 20 9
1376 21 1
1376 22 37
1376 23 1
1376 24 5
1376 25 0
1376 26 0
1376 27 0
1376 28 0
1376 29 9
1376 30 38
1376 31 0
1376 32 0
1376 33 0
1376 34 38
1376 35 37
1376 36 3
1376 37 40
1376 38 0
1376 39 0
1376 40 39
1376 41 8
1376 42 7
1376 43 8
1376 44 5
1376 45 0
1376 46 10
1376 47 2
1376 48 7
1376 49 39
1376 50 0
1376 51 0
1376 52 40
1376 53 0
1376 54 41
1376 55 0
1376 56 40
1376 57 40
1376 58 4
1376 59 37
1376 60 0
1376 61 40
1376 62 38
1376 63 12
1376 64 40
1376 65 9
1376 66 1
1376 67 43
1376 68 41
1376 69 39
1376 70 7
1376 71 9
1376 72 3
1376 73 8
1376 74 3
1376 75 42
1376 76 10
1376 77 39
1376 78 7
1376 79 2
1376 80 2
1376 81 35
1376 82 41
1376 83 9
1376 84 5
1376 85 41
1376 86 40
1376 87 0
1376 88 0
1376 89 2
1376 90 41
1376 91 0
1376 92 0
1376 93 8
1376 94 0
1376 95 0
1376 96 0
1376 97 0
1376 98 10
1376 99 0
1376 100 0
1376 101 40
1376 102 7
1376 103 37
1376 104 0
1376 105 9
1376 106 42
1376 107 39
1376 108 11
1376 109 39
1376 110 13
1376 111 0
1376 112 1
1376 113 0
1376 114 0
1376 115 0
1376 116 0
1376 117 40
1376 118 10
1376 119 38
1376 120 11
1376 121 40
1401 1 7
1401 2 0
1401 3 0
1401 4 3
1401 5 7
1401 6 8
1401 7 0
1401 8 0
1401 9 2
1401 10 0
1401 11 40
1401 12 1
1401 13 0
1401 14 9
1401 15 35
1401 16 38
1401 17 1
1401 18 39
1401 19 40
1401 20 1
1401 21 0
1401 22 38
1401 23 9
1401 24 4
1401 25 0
1401 26 3
1401 27 0
1401 28 0
1401 29 0
1401 30 38
1401 31 0
1401 32 0
1401 33 0
1401 34 39
1401 35 39
1401 36 0
1401 37 41
1401 38 9
1401 39 0
1401 40 39
1401 41 0
1401 42 0
1401 43 0
1401 44 5
1401 45 0
1401 46 0
1401 47 0
1401 48 0
1401 49 36
1401 50 12
1401 51 10
1401 52 38
1401 53 0
1401 54 40
1401 55 8
1401 56 39
1401 57 41
1401 58 5
1401 59 40
1401 60 5
1401 61 41
1401 62 42
1401 63 0
1401 64 40
1401 65 0
1401 66 2
1401 67 35
1401 68 42
1401 69 33
1401 70 0
1401 71 0
1401 72 0
1401 73 7
1401 74 5
1401 75 40
1401 76 0
1401 77 40
1401 78 0
1401 79 12
1401 80 1
1401 81 41
1401 82 43
1401 83 6
1401 84 0
1401 85 35
1401 86 41
1401 87 0
1401 88 9
1401 89 0
1401 90 39
1401 91 0
1401 92 3
1401 93 12
1401 94 1
1401 95 4
1401 96 0
1401 97 0
1401 98 8
1401 99 0
1401 100 2
1401 101 40
1401 102 10
1401 103 40
1401 104 1
1401 105 0
1401 106 40
1401 107 40
1401 108 3
1401 109 40
1401 110 6
1401 111 9
1401 112 0
1401 113 0
1401 114 6
1401 115 3
1401 116 0
1401 117 39
1401 118 5
1401 119 40
1401 120 0
1401 121 37
1426 1 0
1426 2 0
1426 3 0
1426 4 6
1426 5 0
1426 6 11
1426 7 5
1426 8 0
1426 9 5
1426 10 0
1426 11 37
1426 12 4
1426 13 0
1426 14 5
1426 15 35
1426 16 40
1426 17 0
1426 18 39
1426 19 38
1426 20 1
1426 21 3
1426 22 40
1426 23 0
1426 24 0
1426 25 0
1426 26 0
1426 27 1
1426 28 0
1426 29 7
1426 30 34
1426 31 0
1426 32 0
1426 33 2
1426 34 37
1426 35 38
1426 36 10
1426 37 40
1426 38 5
1426 39 0
1426 40 42
1426 41 9
1426 42 7
1426 43 9
1426 44 8
1426 45 3
1426 46 5
1426 47 0
1426 48 7
1426 49 39
1426 50 0
1426 51 0
1426 52 39
1426 53 8
1426 54 38
1426 55 8
1426 56 39
1426 57 39
1426 58 10
1426 59 37
1426 60 1
1426 61 38
1426 62 35
1426 63 2
1426 64 46
1426 65 0
1426 66 0
1426 67 32
1426 68 41
1426 69 38
1426 70 1
1426 71 0
1426 72 0
1426 73 1
1426 74 5
1426 75 39
1426 76 7
1426 77 37
1426 78 6
1426 79 1
1426 80 3
1426 81 37
1426 82 40
1426 83 0
1426 84 0
1426 85 43
1426 86 39
1426 87 3
1426 88 0
1426 89 2
1426 90 40
1426 91 1
1426 92 7
1426 93 0
1426 94 0
1426 95 0
1426 96 1
1426 97 5
1426 98 5
1426 99 0
1426 100 0
1426 101 32
1426 102 10
1426 103 39
1426 104 0
1426 105 0
1426 106 40
1426 107 37
1426 108 6
1426 109 35
1426 110 2
1426 111 9
1426 112 0
1426 113 0
1426 114 0
1426 115 0
1426 116 8
1426 117 38
1426 118 6
1426 119 42
1426 120 10
1426 121 40
1451 1 0
1451 2 0
1451 3 0
1451 4 7
1451 5 5
1451 6 1
1451 7 8
1451 8 0
1451 9 0
1451 10 0
1451 11 41
1451 12 0
1451 13 0
1451 14 0
1451 15 40
1451 16 40
1451 17 1
1451 18 39
1451 19 41
1451 20 1
1451 21 0
1451 22 37
1451 23 3
1451 24 0
1451 25 0
1451 26 3
1451 27 0
1451 28 0
1451 29 0
1451 30 38
1451 31 0
1451 32 0
1451 33 0
1451 34 36
1451 35 39
1451 36 0
1451 37 38
1451 38 3
1451 39 0
1451 40 34
1451 41 4
1451 42 0
1451 43 6
1451 44 0
1451 45 10
1451 46 4
1451 47 3
1451 48 0
1451 49 42
1451 50 1
1451 51 2
1451 52 36
1451 53 11
1451 54 38
1451 55 7
1451 56 42
1451 57 39
1451 58 8
1451 59 41
1451 60 12
1451 61 41
1451 62 39
1451 63 0
1451 64 40
1451 65 7
1451 66 9
1451 67 39
1451 68 45
1451 69 39
1451 70 2
1451 71 11
1451 72 6
1451 73 3
1451 74 6
1451 75 42
1451 76 4
1451 77 40
1451 78 0
1451 79 9
1451 80 0
1451 81 39
1451 82 39
1451 83 9
1451 84 0
1451 85 42
1451 86 38
1451 87 0
1451 88 0
1451 89 1
1451 90 39
1451 91 12
1451 92 10
1451 93 0
1451 94 2
1451 95 9
1451 96 10
1451 97 0
1451 98 6
1451 99 0
1451 100 0
1451 101 36
1451 102 1
1451 103 39
1451 104 3
1451 105 0
1451 106 40
1451 107 44
1451 108 1
1451 109 40
1451 110 0
1451 111 0
1451 112 5
1451 113 8
1451 114 3
1451 115 0
1451 116 0
1451 117 40
1451 118 11
1451 119 41
1451 120 0
1451 121 40
1476 1 0
1476 2 0
1476 3 0
1476 4 5
1476 5 0
1476 6 0
1476 7 3
1476 8 0
1476 9 0
1476 10 5
1476 11 41
1476 12 7
1476 13 0
1476 14 0
1476 15 33
1476 16 40
1476 17 0
1476 18 40
1476 19 39
1476 20 5
1476 21 0
1476 22 35
1476 23 0
1476 24 5
1476 25 0
1476 26 7
1476 27 2
1476 28 0
1476 29 5
1476 30 37
1476 31 1
1476 32 0
1476 33 4
1476 34 38
1476 35 39
1476 36 10
1476 37 39
1476 38 10
1476 39 8
1476 40 40
1476 41 2
1476 42 3
1476 43 6
1476 44 0
1476 45 0
1476 46 3
1476 47 2
1476 48 9
1476 49 40
1476 50 0
1476 51 0
1476 52 39
1476 53 4
1476 54 38
1476 55 2
1476 56 40
1476 57 41
1476 58 6
1476 59 42
1476 60 0
1476 61 37
1476 62 34
1476 63 6
1476 64 38
1476 65 3
1476 66 7
1476 67 41
1476 68 42
1476 69 40
1476 70 0
1476 71 0
1476 72 0
1476 73 0
1476 74 7
1476 75 38
1476 76 7
1476 77 40
1476 78 0
1476 79 1
1476 80 8
1476 81 39
1476 82 42
1476 83 1
1476 84 0
1476 85 39
1476 86 35
1476 87 5
1476 88 0
1476 89 9
1476 90 42
1476 91 5
1476 92 0
1476 93 0
1476 94 0
1476 95 0
1476 96 3
1476 97 0
1476 98 0
1476 99 0
1476 100 1
1476 101 42
1476 102 8
1476 103 40
1476 104 0
1476 105 4
1476 106 39
1476 107 38
1476 108 4
1476 109 36
1476 110 2
1476 111 5
1476 112 2
1476 113 0
1476 114 0
1476 115 0
1476 116 8
1476 117 38
1476 118 8
1476 119 40
1476 120 3
1476 121 42
1501 1 1
1501 2 0
1501 3 0
1501 4 0
1501 5 0
1501 6 1
1501 7 0
1501 8 0
1501 9 0
1501 10 0
1501 11 39
1501 12 0
1501 13 8
1501 14 0
1501 15 39
1501 16 42
1501 17 0
1501 18 39
1501 19 39
1501 20 0
1501 21 0
1501 22 41
1501 23 0
1501 24 8
1501 25 0
1501 26 4
1501 27 0
1501 28 0
1501 29 0
1501 30 39
1501 31 0
1501 32 0
1501 33 5
1501 34 40
1501 35 34
1501 36 0
1501 37 39
1501 38 0
1501 39 0
1501 40 38
1501 41 10
1501 42 0
1501 43 0
1501 44 0
1501 45 0
1501 46 3
1501 47 0
1501 48 11
1501 49 41
1501 50 0
1501 51 2
1501 52 39
1501 53 1
1501 54 40
1501 55 4
1501 56 40
1501 57 41
1501 58 5
1501 59 39
1501 60 9
1501 61 37
1501 62 40
1501 63 7
1501 64 42
1501 65 1
1501 66 9
1501 67 43
1501 68 40
1501 69 41
1501 70 9
1501 71 0
1501 72 9
1501 73 0
1501 74 11
1501 75 40
1501 76 0
1501 77 35
1501 78 10
1501 79 0
1501 80 8
1501 81 38
1501 82 36
1501 83 0
1501 84 0
1501 85 41
1501 86 41
1501 87 0
1501 88 0
1501 89 3
1501 90 41
1501 91 0
1501 92 4
1501 93 2
1501 94 0
1501 95 0
1501 96 0
1501 97 0
1501 98 0
1501 99 0
1501 100 0
1501 101 41
1501 102 0
1501 103 39
1501 104 0
1501 105 5
1501 106 41
1501 107 40
1501 108 0
1501 109 38
1501 110 0
1501 111 9
1501 112 0
1501 113 0
1501 114 0
1501 115 6
1501 116 5
1501 117 40
1501 118 5
1501 119 39
1501 120 8
1501 121 39
1526 1 5
1526 2 0
1526 3 0
1526 4 0
1526 5 0
1526 6 7
1526 7 0
1526 8 5
1526 9 7
1526 10 0
1526 11 40
1526 12 9
1526 13 0
1526 14 0
1526 15 38
1526 16 40
1526 17 0
1526 18 39
1526 19 38
1526 20 0
1526 21 1
1526 22 40
1526 23 0
1526 24 0
1526 25 2
1526 26 6
1526 27 7
1526 28 9
1526 29 5
1526 30 39
1526 31 4
1526 32 0
1526 33 0
1526 34 37
1526 35 36
1526 36 7
1526 37 38
1526 38 0
1526 39 5
1526 40 39
1526 41 3
1526 42 0
1526 43 3
1526 44 0
1526 45 0
1526 46 6
1526 47 0
1526 48 7
1526 49 42
1526 50 0
1526 51 4
1526 52 38
1526 53 16
1526 54 39
1526 55 7
1526 56 40
1526 57 40
1526 58 8
1526 59 38
1526 60 10
1526 61 37
1526 62 39
1526 63 3
1526 64 38
1526 65 1
1526 66 4
1526 67 39
1526 68 41
1526 69 41
1526 70 0
1526 71 6
1526 72 0
1526 73 0
1526 74 13
1526 75 40
1526 76 7
1526 77 38
1526 78 5
1526 79 12
1526 80 4
1526 81 40
1526 82 37
1526 83 10
1526 84 0
1526 85 41
1526 86 41
1526 87 4
1526 88 8
1526 89 2
1526 90 36
1526 91 3
1526 92 1
1526 93 9
1526 94 0
1526 95 0
1526 96 0
1526 97 2
1526 98 0
1526 99 6
1526 100 11
1526 101 37
1526 102 0
1526 103 35
1526 104 0
1526 105 0
1526 106 39
1526 107 39
1526 108 8
1526 109 40
1526 110 0
1526 111 0
1526 112 0
1526 113 0
1526 114 0
1526 115 0
1526 116 11
1526 117 42
1526 118 8
1526 119 32
1526 120 4
1526 121 36
1551 1 1
1551 2 0
1551 3 0
1551 4 0
1551 5 0
1551 6 0
1551 7 0
1551 8 7
1551 9 0
1551 10 10
1551 11 40
1551 12 0
1551 13 0
1551 14 0
1551 15 40
1551 16 40
1551 17 3
1551 18 37
1551 19 38
1551 20 0
1551 21 1
1551 22 42
1551 23 3
1551 24 0
1551 25 0
1551 26 12
1551 27 0
1551 28 0
1551 29 6
1551 30 39
1551 31 0
1551 32 0
1551 33 0
1551 34 40
1551 35 37
1551 36 0
1551 37 40
1551 38 0
1551 39 3
1551 40 39
1551 41 9
1551 42 2
1551 43 8
1551 44 0
1551 45 7
1551 46 0
1551 47 0
1551 48 4
1551 49 39
1551 50 0
1551 51 9
1551 52 40
1551 53 9
1551 54 38
1551 55 5
1551 56 36
1551 57 39
1551 58 0
1551 59 40
1551 60 1
1551 61 41
1551 62 38
1551 63 12
1551 64 39
1551 65 10
1551 66 0
1551 67 38
1551 68 42
1551 69 38
1551 70 5
1551 71 0
1551 72 0
1551 73 9
1551 74 6
1551 75 43
1551 76 11
1551 77 34
1551 78 6
1551 79 5
1551 80 10
1551 81 39
1551 82 41
1551 83 0
1551 84 1
1551 85 40
1551 86 37
1551 87 0
1551 88 0
1551 89 4
1551 90 39
1551 91 1
1551 92 0
1551 93 4
1551 94 0
1551 95 2
1551 96 8
1551 97 0
1551 98 0
1551 99 0
1551 100 8
1551 101 41
1551 102 0
1551 103 39
1551 104 0
1551 105 0
1551 106 40
1551 107 38
1551 108 9
1551 109 39
1551 110 2
1551 111 0
1551 112 0
1551 113 0
1551 114 0
1551 115 0
1551 116 0
1551 117 39
1551 118 8
1551 119 31
1551 120 4
1551 121 38
1576 1 0
1576 2 0
1576 3 0
1576 4 0
1576 5 0
1576 6 0
1576 7 0
1576 8 0
1576 9 0
1576 10 0
1576 11 38
1576 12 0
1576 13 0
1576 14 0
1576 15 33
1576 16 37
1576 17 5
1576 18 37
1576 19 41
1576 20 0
1576 21 3
1576 22 41
1576 23 1
1576 24 0
1576 25 0
1576 26 0
1576 27 0
1576 28 0
1576 29 5
1576 30 41
1576 31 10
1576 32 0
1576 33 0
1576 34 40
1576 35 34
1576 36 5
1576 37 37
1576 38 8
1576 39 4
1576 40 39
1576 41 12
1576 42 0
1576 43 0
1576 44 0
1576 45 1
1576 46 8
1576 47 0
1576 48 9
1576 49 40
1576 50 6
1576 51 4
1576 52 40
1576 53 7
1576 54 39
1576 55 7
1576 56 40
1576 57 40
1576 58 9
1576 59 41
1576 60 11
1576 61 43
1576 62 41
1576 63 5
1576 64 41
1576 65 0
1576 66 10
1576 67 43
1576 68 41
1576 69 38
1576 70 3
1576 71 7
1576 72 9
1576 73 0
1576 74 0
1576 75 40
1576 76 3
1576 77 39
1576 78 0
1576 79 6
1576 80 5
1576 81 41
1576 82 38
1576 83 4
1576 84 6
1576 85 41
1576 86 35
1576 87 2
1576 88 7
1576 89 0
1576 90 36
1576 91 0
1576 92 5
1576 93 0
1576 94 0
1576 95 0
1576 96 4
1576 97 0
1576 98 7
1576 99 0
1576 100 9
1576 101 42
1576 102 3
1576 103 37
1576 104 0
1576 105 6
1576 106 42
1576 107 37
1576 108 4
1576 109 39
1576 110 5
1576 111 0
1576 112 0
1576 113 0
1576 114 0
1576 115 0
1576 116 9
1576 117 41
1576 118 9
1576 119 35
1576 120 7
1576 121 40
1601 1 10
1601 2 0
1601 3 0
1601 4 0
1601 5 0
1601 6 0
1601 7 0
1601 8 0
1601 9 9
1601 10 10
1601 11 42
1601 12 1
1601 13 2
1601 14 9
1601 15 40
1601 16 40
1601 17 3
1601 18 37
1601 19 40
1601 20 11
1601 21 0
1601 22 35
1601 23 2
1601 24 0
1601 25 0
1601 26 0
1601 27 7
1601 28 0
1601 29 0
1601 30 34
1601 31 0
1601 32 0
1601 33 3
1601 34 39
1601 35 41
1601 36 9
1601 37 39
1601 38 7
1601 39 2
1601 40 39
1601 41 3
1601 42 2
1601 43 9
1601 44 9
1601 45 2
1601 46 9
1601 47 1
1601 48 9
1601 49 42
1601 50 6
1601 51 1
1601 52 40
1601 53 4
1601 54 39
1601 55 3
1601 56 40
1601 57 40
1601 58 7
1601 59 40
1601 60 9
1601 61 38
1601 62 40
1601 63 6
1601 64 32
1601 65 4
1601 66 6
1601 67 42
1601 68 39
1601 69 41
1601 70 6
1601 71 3
1601 72 11
1601 73 0
1601 74 2
1601 75 34
1601 76 0
1601 77 41
1601 78 0
1601 79 0
1601 80 0
1601 81 41
1601 82 38
1601 83 7
1601 84 1
1601 85 42
1601 86 41
1601 87 0
1601 88 0
1601 89 9
1601 90 41
1601 91 0
1601 92 11
1601 93 0
1601 94 0
1601 95 5
1601 96 1
1601 97 0
1601 98 0
1601 99 0
1601 100 0
1601 101 38
1601 102 7
1601 103 41
1601 104 0
1601 105 0
1601 106 41
1601 107 40
1601 108 4
1601 109 39
1601 110 9
1601 111 10
1601 112 0
1601 113 0
1601 114 1
1601 115 0
1601 116 7
1601 117 41
1601 118 5
1601 119 37
1601 120 8
1601 121 38
1626 1 0
1626 2 0
1626 3 0
1626 4 0
1626 5 6
1626 6 0
1626 7 0
1626 8 1
1626 9 0
1626 10 0
1626 11 43
1626 12 3
1626 13 0
1626 14 0
1626 15 37
1626 16 37
1626 17 2
1626 18 42
1626 19 42
1626 20 0
1626 21 0
1626 22 39
1626 23 0
1626 24 0
1626 25 0
1626 26 1
1626 27 5
1626 28 0
1626 29 6
1626 30 41
1626 31 0
1626 32 0
1626 33 0
1626 34 38
1626 35 40
1626 36 10
1626 37 37
1626 38 8
1626 39 3
1626 40 39
1626 41 9
1626 42 0
1626 43 0
1626 44 0
1626 45 9
1626 46 0
1626 47 0
1626 48 6
1626 49 37
1626 50 0
1626 51 9
1626 52 39
1626 53 8
1626 54 40
1626 55 0
1626 56 43
1626 57 42
1626 58 6
1626 59 37
1626 60 8
1626 61 40
1626 62 41
1626 63 4
1626 64 41
1626 65 11
1626 66 9
1626 67 41
1626 68 39
1626 69 32
1626 70 5
1626 71 4
1626 72 0
1626 73 0
1626 74 4
1626 75 39
1626 76 2
1626 77 39
1626 78 8
1626 79 1
1626 80 3
1626 81 39
1626 82 40
1626 83 4
1626 84 0
1626 85 38
1626 86 42
1626 87 0
1626 88 1
1626 89 9
1626 90 42
1626 91 0
1626 92 5
1626 93 2
1626 94 0
1626 95 0
1626 96 2
1626 97 0
1626 98 5
1626 99 0
1626 100 6
1626 101 40
1626 102 6
1626 103 40
1626 104 0
1626 105 2
1626 106 42
1626 107 39
1626 108 1
1626 109 40
1626 110 0
1626 111 2
1626 112 2
1626 113 0
1626 114 0
1626 115 0
1626 116 3
1626 117 40
1626 118 4
1626 119 40
1626 120 9
1626 121 42
1651 1 0
1651 2 0
1651 3 0
1651 4 0
1651 5 0
1651 6 0
1651 7 5
1651 8 0
1651 9 4
1651 10 9
1651 11 40
1651 12 0
1651 13 0
1651 14 0
1651 15 37
1651 16 41
1651 17 0
1651 18 41
1651 19 37
1651 20 5
1651 21 10
1651 22 40
1651 23 11
1651 24 0
1651 25 0
1651 26 0
1651 27 4
1651 28 0
1651 29 0
1651 30 35
1651 31 0
1651 32 0
1651 33 4
1651 34 40
1651 35 41
1651 36 3
1651 37 40
1651 38 9
1651 39 2
1651 40 36
1651 41 10
1651 42 0
1651 43 0
1651 44 0
1651 45 7
1651 46 10
1651 47 0
1651 48 11
1651 49 39
1651 50 10
1651 51 10
1651 52 37
1651 53 4
1651 54 38
1651 55 0
1651 56 30
1651 57 42
1651 58 0
1651 59 40
1651 60 10
1651 61 37
1651 62 40
1651 63 5
1651 64 41
1651 65 2
1651 66 5
1651 67 40
1651 68 37
1651 69 41
1651 70 14
1651 71 0
1651 72 6
1651 73 0
1651 74 1
1651 75 42
1651 76 7
1651 77 39
1651 78 13
1651 79 4
1651 80 4
1651 81 40
1651 82 41
1651 83 0
1651 84 0
1651 85 38
1651 86 39
1651 87 1
1651 88 0
1651 89 0
1651 90 37
1651 91 0
1651 92 7
1651 93 0
1651 94 0
1651 95 1
1651 96 1
1651 97 10
1651 98 0
1651 99 0
1651 100 8
1651 101 40
1651 102 7
1651 103 40
1651 104 0
1651 105 9
1651 106 39
1651 107 43
1651 108 12
1651 109 37
1651 110 5
1651 111 0
1651 112 0
1651 113 0
1651 114 4
1651 115 0
1651 116 0
1651 117 39
1651 118 8
1651 119 42
1651 120 5
1651 121 38
1676 1 8
1676 2 0
1676 3 0
1676 4 0
1676 5 10
1676 6 5
1676 7 4
1676 8 0
1676 9 7
1676 10 4
1676 11 36
1676 12 2
1676 13 0
1676 14 0
1676 15 38
1676 16 40
1676 17 0
1676 18 40
1676 19 38
1676 20 0
1676 21 0
1676 22 39
1676 23 7
1676 24 0
1676 25 0
1676 26 0
1676 27 7
1676 28 0
1676 29 10
1676 30 38
1676 31 3
1676 32 0
1676 33 4
1676 34 39
1676 35 40
1676 36 0
1676 37 40
1676 38 4
1676 39 0
1676 40 40
1676 41 4
1676 42 0
1676 43 0
1676 44 0
1676 45 13
1676 46 10
1676 47 0
1676 48 10
1676 49 40
1676 50 2
1676 51 1
1676 52 39
1676 53 0
1676 54 40
1676 55 6
1676 56 41
1676 57 40
1676 58 9
1676 59 36
1676 60 0
1676 61 41
1676 62 39
1676 63 10
1676 64 39
1676 65 8
1676 66 10
1676 67 40
1676 68 40
1676 69 43
1676 70 3
1676 71 0
1676 72 0
1676 73 0
1676 74 7
1676 75 39
1676 76 11
1676 77 41
1676 78 9
1676 79 5
1676 80 2
1676 81 39
1676 82 38
1676 83 10
1676 84 0
1676 85 38
1676 86 39
1676 87 0
1676 88 0
1676 89 8
1676 90 40
1676 91 8
1676 92 9
1676 93 3
1676 94 3
1676 95 0
1676 96 0
1676 97 0
1676 98 10
1676 99 0
1676 100 2
1676 101 41
1676 102 4
1676 103 33
1676 104 9
1676 105 3
1676 106 40
1676 107 41
1676 108 1
1676 109 38
1676 110 0
1676 111 0
1676 112 0
1676 113 0
1676 114 0
1676 115 0
1676 116 0
1676 117 39
1676 118 2
1676 119 40
1676 120 7
1676 121 36
1701 1 0
1701 2 0
1701 3 0
1701 4 0
1701 5 10
1701 6 1
1701 7 0
1701 8 6
1701 9 0
1701 10 5
1701 11 42
1701 12 7
1701 13 0
1701 14 0
1701 15 38
1701 16 39
1701 17 1
1701 18 38
1701 19 39
1701 20 0
1701 21 0
1701 22 38
1701 23 0
1701 24 5
1701 25 0
1701 26 0
1701 27 0
1701 28 0
1701 29 12
1701 30 34
1701 31 0
1701 32 0
1701 33 0
1701 34 35
1701 35 37
1701 36 1
1701 37 41
1701 38 2
1701 39 0
1701 40 40
1701 41 8
1701 42 0
1701 43 3
1701 44 0
1701 45 0
1701 46 10
1701 47 0
1701 48 0
1701 49 39
1701 50 0
1701 51 0
1701 52 39
1701 53 11
1701 54 40
1701 55 0
1701 56 38
1701 57 39
1701 58 0
1701 59 40
1701 60 7
1701 61 43
1701 62 41
1701 63 13
1701 64 41
1701 65 9
1701 66 0
1701 67 36
1701 68 39
1701 69 38
1701 70 0
1701 71 0
1701 72 3
1701 73 0
1701 74 0
1701 75 40
1701 76 0
1701 77 32
1701 78 10
1701 79 11
1701 80 0
1701 81 39
1701 82 36
1701 83 6
1701 84 0
1701 85 38
1701 86 39
1701 87 0
1701 88 0
1701 89 2
1701 90 42
1701 91 6
1701 92 0
1701 93 0
1701 94 0
1701 95 9
1701 96 9
1701 97 0
1701 98 0
1701 99 0
1701 100 0
1701 101 37
1701 102 0
1701 103 39
1701 104 8
1701 105 6
1701 106 38
1701 107 38
1701 108 11
1701 109 37
1701 110 0
1701 111 6
1701 112 0
1701 113 0
1701 114 8
1701 115 4
1701 116 0
1701 117 41
1701 118 14
1701 119 37
1701 120 6
1701 121 37
1726 1 0
1726 2 4
1726 3 0
1726 4 0
1726 5 5
1726 6 0
1726 7 0
1726 8 3
1726 9 13
1726 10 10
1726 11 41
1726 12 1
1726 13 0
1726 14 0
1726 15 41
1726 16 39
1726 17 2
1726 18 42
1726 19 36
1726 20 1
1726 21 0
1726 22 38
1726 23 0
1726 24 0
1726 25 0
1726 26 8
1726 27 0
1726 28 0
1726 29 8
1726 30 39
1726 31 7
1726 32 0
1726 33 0
1726 34 39
1726 35 41
1726 36 0
1726 37 40
1726 38 0
1726 39 9
1726 40 41
1726 41 9
1726 42 0
1726 43 4
1726 44 3
1726 45 9
1726 46 3
1726 47 0
1726 48 6
1726 49 40
1726 50 8
1726 51 0
1726 52 39
1726 53 2
1726 54 41
1726 55 0
1726 56 43
1726 57 39
1726 58 6
1726 59 41
1726 60 6
1726 61 37
1726 62 42
1726 63 7
1726 64 40
1726 65 0
1726 66 3
1726 67 38
1726 68 41
1726 69 42
1726 70 7
1726 71 1
1726 72 0
1726 73 0
1726 74 0
1726 75 36
1726 76 0
1726 77 42
1726 78 0
1726 79 3
1726 80 10
1726 81 39
1726 82 41
1726 83 0
1726 84 0
1726 85 40
1726 86 38
1726 87 8
1726 88 0
1726 89 0
1726 90 39
1726 91 0
1726 92 7
1726 93 0
1726 94 0
1726 95 11
1726 96 3
1726 97 5
1726 98 4
1726 99 0
1726 100 3
1726 101 40
1726 102 5
1726 103 34
1726 104 0
1726 105 0
1726 106 39
1726 107 39
1726 108 8
1726 109 38
1726 110 11
1726 111 7
1726 112 3
1726 113 0
1726 114 0
1726 115 0
1726 116 0
1726 117 40
1726 118 11
1726 119 34
1726 120 9
1726 121 40
1751 1 0
1751 2 0
1751 3 0
1751 4 3
1751 5 0
1751 6 0
1751 7 0
1751 8 7
1751 9 4
1751 10 4
1751 11 39
1751 12 0
1751 13 0
1751 14 0
1751 15 40
1751 16 40
1751 17 6
1751 18 39
1751 19 40
1751 20 0
1751 21 6
1751 22 39
1751 23 6
1751 24 6
1751 25 0
1751 26 0
1751 27 5
1751 28 6
1751 29 8
1751 30 36
1751 31 4
1751 32 0
1751 33 3
1751 34 39
1751 35 39
1751 36 0
1751 37 37
1751 38 9
1751 39 0
1751 40 40
1751 41 11
1751 42 5
1751 43 1
1751 44 0
1751 45 0
1751 46 0
1751 47 0
1751 48 1
1751 49 41
1751 50 7
1751 51 0
1751 52 40
1751 53 0
1751 54 37
1751 55 0
1751 56 40
1751 57 35
1751 58 15
1751 59 39
1751 60 5
1751 61 46
1751 62 43
1751 63 9
1751 64 32
1751 65 0
1751 66 5
1751 67 40
1751 68 40
1751 69 36
1751 70 6
1751 71 0
1751 72 1
1751 73 0
1751 74 0
1751 75 39
1751 76 4
1751 77 40
1751 78 8
1751 79 0
1751 80 5
1751 81 39
1751 82 39
1751 83 1
1751 84 2
1751 85 40
1751 86 37
1751 87 0
1751 88 9
1751 89 7
1751 90 39
1751 91 0
1751 92 19
1751 93 6
1751 94 0
1751 95 0
1751 96 5
1751 97 0
1751 98 1
1751 99 0
1751 100 3
1751 101 37
1751 102 0
1751 103 37
1751 104 0
1751 105 4
1751 106 40
1751 107 42
1751 108 9
1751 109 41
1751 110 0
1751 111 10
1751 112 0
1751 113 0
1751 114 0
1751 115 0
1751 116 0
1751 117 39
1751 118 10
1751 119 42
1751 120 10
1751 121 40
1776 1 0
1776 2 0
1776 3 0
1776 4 0
1776 5 0
1776 6 0
1776 7 1
1776 8 6
1776 9 0
1776 10 11
1776 11 38
1776 12 0
1776 13 0
1776 14 0
1776 15 39
1776 16 38
1776 17 3
1776 18 41
1776 19 39
1776 20 3
1776 21 0
1776 22 32
1776 23 0
1776 24 0
1776 25 0
1776 26 1
1776 27 9
1776 28 0
1776 29 4
1776 30 38
1776 31 1
1776 32 2
1776 33 10
1776 34 39
1776 35 38
1776 36 9
1776 37 39
1776 38 0
1776 39 0
1776 40 38
1776 41 5
1776 42 0
1776 43 0
1776 44 0
1776 45 0
1776 46 10
1776 47 0
1776 48 6
1776 49 38
1776 50 8
1776 51 11
1776 52 40
1776 53 3
1776 54 41
1776 55 3
1776 56 40
1776 57 40
1776 58 8
1776 59 40
1776 60 11
1776 61 38
1776 62 39
1776 63 2
1776 64 39
1776 65 9
1776 66 10
1776 67 42
1776 68 40
1776 69 39
1776 70 3
1776 71 0
1776 72 5
1776 73 1
1776 74 0
1776 75 40
1776 76 2
1776 77 42
1776 78 7
1776 79 5
1776 80 5
1776 81 37
1776 82 37
1776 83 0
1776 84 0
1776 85 34
1776 86 40
1776 87 5
1776 88 0
1776 89 7
1776 90 38
1776 91 0
1776 92 6
1776 93 0
1776 94 0
1776 95 0
1776 96 0
1776 97 0
1776 98 0
1776 99 0
1776 100 10
1776 101 42
1776 102 7
1776 103 39
1776 104 3
1776 105 0
1776 106 39
1776 107 36
1776 108 8
1776 109 37
1776 110 0
1776 111 2
1776 112 8
1776 113 0
1776 114 0
1776 115 0
1776 116 0
1776 117 39
1776 118 0
1776 119 35
1776 120 9
1776 121 41
1801 1 0
1801 2 0
1801 3 0
1801 4 0
1801 5 0
1801 6 0
1801 7 7
1801 8 8
1801 9 8
1801 10 1
1801 11 40
1801 12 3
1801 13 2
1801 14 3
1801 15 40
1801 16 40
1801 17 0
1801 18 33
1801 19 40
1801 20 10
1801 21 2
1801 22 38
1801 23 0
1801 24 0
1801 25 0
1801 26 0
1801 27 5
1801 28 0
1801 29 9
1801 30 38
1801 31 0
1801 32 0
1801 33 0
1801 34 38
1801 35 42
1801 36 0
1801 37 38
1801 38 9
1801 39 0
1801 40 36
1801 41 12
1801 42 0
1801 43 0
1801 44 0
1801 45 0
1801 46 0
1801 47 0
1801 48 7
1801 49 38
1801 50 10
1801 51 3
1801 52 34
1801 53 0
1801 54 35
1801 55 0
1801 56 40
1801 57 43
1801 58 1
1801 59 40
1801 60 0
1801 61 40
1801 62 39
1801 63 0
1801 64 40
1801 65 0
1801 66 0
1801 67 37
1801 68 40
1801 69 39
1801 70 5
1801 71 6
1801 72 6
1801 73 0
1801 74 0
1801 75 39
1801 76 11
1801 77 38
1801 78 3
1801 79 4
1801 80 11
1801 81 42
1801 82 41
1801 83 7
1801 84 0
1801 85 38
1801 86 37
1801 87 0
1801 88 0
1801 89 4
1801 90 40
1801 91 9
1801 92 0
1801 93 0
1801 94 3
1801 95 0
1801 96 5
1801 97 8
1801 98 8
1801 99 0
1801 100 0
1801 101 37
1801 102 9
1801 103 39
1801 104 0
1801 105 8
1801 106 40
1801 107 38
1801 108 2
1801 109 43
1801 110 0
1801 111 6
1801 112 0
1801 113 0
1801 114 1
1801 115 0
1801 116 7
1801 117 39
1801 118 7
1801 119 39
1801 120 9
1801 121 39
1826 1 6
1826 2 0
1826 3 0
1826 4 0
1826 5 0
1826 6 5
1826 7 9
1826 8 6
1826 9 0
1826 10 0
1826 11 39
1826 12 0
1826 13 0
1826 14 4
1826 15 37
1826 16 35
1826 17 11
1826 18 30
1826 19 42
1826 20 0
1826 21 0
1826 22 38
1826 23 6
1826 24 0
1826 25 0
1826 26 0
1826 27 5
1826 28 0
1826 29 7
1826 30 40
1826 31 0
1826 32 0
1826 33 0
1826 34 40
1826 35 39
1826 36 2
1826 37 40
1826 38 14
1826 39 10
1826 40 40
1826 41 6
1826 42 6
1826 43 0
1826 44 6
1826 45 4
1826 46 10
1826 47 0
1826 48 3
1826 49 40
1826 50 0
1826 51 7
1826 52 35
1826 53 0
1826 54 38
1826 55 7
1826 56 42
1826 57 41
1826 58 0
1826 59 34
1826 60 11
1826 61 40
1826 62 40
1826 63 0
1826 64 38
1826 65 0
1826 66 3
1826 67 39
1826 68 38
1826 69 38
1826 70 9
1826 71 7
1826 72 6
1826 73 7
1826 74 0
1826 75 42
1826 76 0
1826 77 37
1826 78 0
1826 79 16
1826 80 9
1826 81 37
1826 82 40
1826 83 12
1826 84 2
1826 85 41
1826 86 39
1826 87 1
1826 88 0
1826 89 0
1826 90 39
1826 91 6
1826 92 0
1826 93 0
1826 94 4
1826 95 0
1826 96 4
1826 97 8
1826 98 8
1826 99 0
1826 100 2
1826 101 39
1826 102 0
1826 103 38
1826 104 0
1826 105 2
1826 106 38
1826 107 37
1826 108 5
1826 109 41
1826 110 0
1826 111 1
1826 112 0
1826 113 0
1826 114 2
1826 115 0
1826 116 0
1826 117 43
1826 118 3
1826 119 33
1826 120 0
1826 121 35
1851 1 5
1851 2 0
1851 3 0
1851 4 0
1851 5 6
1851 6 0
1851 7 10
1851 8 0
1851 9 0
1851 10 4
1851 11 38
1851 12 2
1851 13 0
1851 14 0
1851 15 40
1851 16 40
1851 17 7
1851 18 36
1851 19 38
1851 20 10
1851 21 0
1851 22 39
1851 23 0
1851 24 11
1851 25 0
1851 26 0
1851 27 0
1851 28 0
1851 29 15
1851 30 40
1851 31 7
1851 32 0
1851 33 0
1851 34 39
1851 35 38
1851 36 0
1851 37 40
1851 38 9
1851 39 0
1851 40 40
1851 41 0
1851 42 0
1851 43 9
1851 44 0
1851 45 6
1851 46 5
1851 47 1
1851 48 10
1851 49 39
1851 50 1
1851 51 9
1851 52 40
1851 53 9
1851 54 42
1851 55 0
1851 56 40
1851 57 39
1851 58 0
1851 59 38
1851 60 2
1851 61 39
1851 62 42
1851 63 3
1851 64 38
1851 65 4
1851 66 8
1851 67 40
1851 68 44
1851 69 37
1851 70 3
1851 71 0
1851 72 3
1851 73 5
1851 74 7
1851 75 38
1851 76 0
1851 77 40
1851 78 6
1851 79 14
1851 80 8
1851 81 41
1851 82 41
1851 83 1
1851 84 3
1851 85 40
1851 86 41
1851 87 3
1851 88 0
1851 89 0
1851 90 42
1851 91 0
1851 92 8
1851 93 0
1851 94 0
1851 95 0
1851 96 0
1851 97 7
1851 98 0
1851 99 0
1851 100 3
1851 101 41
1851 102 0
1851 103 37
1851 104 0
1851 105 5
1851 106 39
1851 107 41
1851 108 0
1851 109 41
1851 110 0
1851 111 7
1851 112 0
1851 113 0
1851 114 1
1851 115 0
1851 116 3
1851 117 36
1851 118 0
1851 119 33
1851 120 10
1851 121 37
1876 1 0
1876 2 0
1876 3 0
1876 4 0
1876 5 6
1876 6 6
1876 7 2
1876 8 6
1876 9 0
1876 10 0
1876 11 40
1876 12 0
1876 13 0
1876 14 0
1876 15 40
1876 16 41
1876 17 0
1876 18 39
1876 19 38
1876 20 10
1876 21 0
1876 22 40
1876 23 2
1876 24 0
1876 25 0
1876 26 5
1876 27 0
1876 28 0
1876 29 11
1876 30 40
1876 31 0
1876 32 0
1876 33 0
1876 34 39
1876 35 33
1876 36 0
1876 37 34
1876 38 5
1876 39 0
1876 40 37
1876 41 0
1876 42 0
1876 43 0
1876 44 9
1876 45 2
1876 46 0
1876 47 0
1876 48 10
1876 49 39
1876 50 11
1876 51 0
1876 52 39
1876 53 0
1876 54 42
1876 55 3
1876 56 41
1876 57 38
1876 58 6
1876 59 35
1876 60 13
1876 61 36
1876 62 40
1876 63 0
1876 64 39
1876 65 7
1876 66 0
1876 67 37
1876 68 41
1876 69 39
1876 70 2
1876 71 10
1876 72 2
1876 73 4
1876 74 0
1876 75 33
1876 76 6
1876 77 37
1876 78 10
1876 79 7
1876 80 0
1876 81 40
1876 82 40
1876 83 0
1876 84 0
1876 85 39
1876 86 41
1876 87 0
1876 88 2
1876 89 5
1876 90 38
1876 91 0
1876 92 0
1876 93 9
1876 94 0
1876 95 4
1876 96 0
1876 97 0
1876 98 1
1876 99 0
1876 100 6
1876 101 35
1876 102 0
1876 103 34
1876 104 0
1876 105 1
1876 106 40
1876 107 39
1876 108 0
1876 109 35
1876 110 5
1876 111 4
1876 112 0
1876 113 0
1876 114 0
1876 115 0
1876 116 10
1876 117 41
1876 118 11
1876 119 41
1876 120 12
1876 121 39
1901 1 6
1901 2 1
1901 3 0
1901 4 0
1901 5 8
1901 6 5
1901 7 7
1901 8 0
1901 9 0
1901 10 1
1901 11 40
1901 12 0
1901 13 3
1901 14 6
1901 15 38
1901 16 39
1901 17 10
1901 18 40
1901 19 38
1901 20 10
1901 21 0
1901 22 42
1901 23 0
1901 24 5
1901 25 0
1901 26 0
1901 27 6
1901 28 7
1901 29 5
1901 30 36
1901 31 0
1901 32 0
1901 33 0
1901 34 40
1901 35 41
1901 36 5
1901 37 38
1901 38 0
1901 39 0
1901 40 38
1901 41 1
1901 42 6
1901 43 0
1901 44 0
1901 45 9
1901 46 9
1901 47 0
1901 48 0
1901 49 40
1901 50 0
1901 51 4
1901 52 34
1901 53 10
1901 54 35
1901 55 0
1901 56 42
1901 57 41
1901 58 3
1901 59 41
1901 60 10
1901 61 40
1901 62 41
1901 63 10
1901 64 39
1901 65 1
1901 66 7
1901 67 40
1901 68 41
1901 69 38
1901 70 0
1901 71 8
1901 72 0
1901 73 0
1901 74 15
1901 75 41
1901 76 0
1901 77 42
1901 78 0
1901 79 10
1901 80 2
1901 81 35
1901 82 40
1901 83 7
1901 84 5
1901 85 39
1901 86 42
1901 87 0
1901 88 0
1901 89 0
1901 90 38
1901 91 0
1901 92 13
1901 93 0
1901 94 0
1901 95 0
1901 96 0
1901 97 11
1901 98 0
1901 99 0
1901 100 10
1901 101 41
1901 102 0
1901 103 39
1901 104 0
1901 105 0
1901 106 39
1901 107 32
1901 108 9
1901 109 36
1901 110 0
1901 111 0
1901 112 4
1901 113 0
1901 114 3
1901 115 0
1901 116 0
1901 117 40
1901 118 5
1901 119 41
1901 120 14
1901 121 37
1926 1 5
1926 2 0
1926 3 0
1926 4 10
1926 5 8
1926 6 0
1926 7 0
1926 8 0
1926 9 2
1926 10 0
1926 11 37
1926 12 10
1926 13 0
1926 14 1
1926 15 37
1926 16 40
1926 17 3
1926 18 40
1926 19 40
1926 20 1
1926 21 0
1926 22 38
1926 23 4
1926 24 6
1926 25 0
1926 26 12
1926 27 0
1926 28 0
1926 29 5
1926 30 42
1926 31 0
1926 32 0
1926 33 0
1926 34 41
1926 35 40
1926 36 5
1926 37 39
1926 38 1
1926 39 2
1926 40 42
1926 41 8
1926 42 0
1926 43 0
1926 44 0
1926 45 0
1926 46 8
1926 47 0
1926 48 0
1926 49 41
1926 50 11
1926 51 6
1926 52 39
1926 53 11
1926 54 39
1926 55 0
1926 56 40
1926 57 40
1926 58 0
1926 59 41
1926 60 9
1926 61 37
1926 62 33
1926 63 8
1926 64 36
1926 65 4
1926 66 9
1926 67 39
1926 68 39
1926 69 40
1926 70 7
1926 71 4
1926 72 2
1926 73 2
1926 74 8
1926 75 40
1926 76 10
1926 77 39
1926 78 0
1926 79 5
1926 80 3
1926 81 40
1926 82 39
1926 83 6
1926 84 0
1926 85 35
1926 86 40
1926 87 1
1926 88 4
1926 89 0
1926 90 39
1926 91 0
1926 92 7
1926 93 0
1926 94 2
1926 95 6
1926 96 8
1926 97 0
1926 98 3
1926 99 0
1926 100 3
1926 101 38
1926 102 1
1926 103 38
1926 104 1
1926 105 8
1926 106 41
1926 107 39
1926 108 20
1926 109 40
1926 110 12
1926 111 2
1926 112 0
1926 113 8
1926 114 9
1926 115 7
1926 116 0
1926 117 39
1926 118 9
1926 119 39
1926 120 4
1926 121 39
1951 1 5
1951 2 0
1951 3 0
1951 4 9
1951 5 10
1951 6 0
1951 7 0
1951 8 0
1951 9 2
1951 10 6
1951 11 39
1951 12 0
1951 13 10
1951 14 3
1951 15 40
1951 16 39
1951 17 9
1951 18 40
1951 19 36
1951 20 6
1951 21 0
1951 22 41
1951 23 6
1951 24 0
1951 25 0
1951 26 2
1951 27 0
1951 28 2
1951 29 8
1951 30 38
1951 31 3
1951 32 0
1951 33 5
1951 34 38
1951 35 41
1951 36 0
1951 37 40
1951 38 2
1951 39 4
1951 40 40
1951 41 3
1951 42 0
1951 43 0
1951 44 7
1951 45 8
1951 46 6
1951 47 0
1951 48 2
1951 49 40
1951 50 4
1951 51 5
1951 52 40
1951 53 3
1951 54 33
1951 55 7
1951 56 39
1951 57 40
1951 58 0
1951 59 40
1951 60 10
1951 61 39
1951 62 37
1951 63 5
1951 64 41
1951 65 12
1951 66 8
1951 67 41
1951 68 36
1951 69 42
1951 70 9
1951 71 0
1951 72 3
1951 73 0
1951 74 11
1951 75 39
1951 76 10
1951 77 40
1951 78 0
1951 79 0
1951 80 3
1951 81 38
1951 82 39
1951 83 3
1951 84 1
1951 85 42
1951 86 41
1951 87 0
1951 88 0
1951 89 0
1951 90 40
1951 91 0
1951 92 3
1951 93 0
1951 94 0
1951 95 0
1951 96 0
1951 97 1
1951 98 0
1951 99 0
1951 100 4
1951 101 39
1951 102 5
1951 103 40
1951 104 2
1951 105 11
1951 106 35
1951 107 40
1951 108 1
1951 109 40
1951 110 5
1951 111 0
1951 112 0
1951 113 0
1951 114 10
1951 115 7
1951 116 0
1951 117 36
1951 118 10
1951 119 38
1951 120 10
1951 121 40
1976 1 0
1976 2 0
1976 3 0
1976 4 0
1976 5 0
1976 6 0
1976 7 2
1976 8 0
1976 9 3
1976 10 3
1976 11 40
1976 12 0
1976 13 0
1976 14 1
1976 15 39
1976 16 42
1976 17 0
1976 18 36
1976 19 40
1976 20 0
1976 21 0
1976 22 39
1976 23 5
1976 24 5
1976 25 1
1976 26 5
1976 27 6
1976 28 0
1976 29 0
1976 30 40
1976 31 8
1976 32 0
1976 33 0
1976 34 39
1976 35 40
1976 36 0
1976 37 36
1976 38 0
1976 39 0
1976 40 40
1976 41 4
1976 42 0
1976 43 1
1976 44 1
1976 45 4
1976 46 0
1976 47 0
1976 48 1
1976 49 40
1976 50 7
1976 51 6
1976 52 39
1976 53 11
1976 54 40
1976 55 0
1976 56 40
1976 57 36
1976 58 3
1976 59 39
1976 60 3
1976 61 40
1976 62 40
1976 63 13
1976 64 40
1976 65 0
1976 66 3
1976 67 39
1976 68 39
1976 69 42
1976 70 9
1976 71 4
1976 72 2
1976 73 1
1976 74 3
1976 75 32
1976 76 1
1976 77 38
1976 78 0
1976 79 7
1976 80 9
1976 81 40
1976 82 40
1976 83 0
1976 84 0
1976 85 38
1976 86 36
1976 87 3
1976 88 0
1976 89 0
1976 90 41
1976 91 0
1976 92 0
1976 93 0
1976 94 0
1976 95 0
1976 96 3
1976 97 0
1976 98 10
1976 99 0
1976 100 5
1976 101 38
1976 102 12
1976 103 38
1976 104 0
1976 105 5
1976 106 43
1976 107 38
1976 108 1
1976 109 42
1976 110 8
1976 111 1
1976 112 6
1976 113 0
1976 114 0
1976 115 5
1976 116 0
1976 117 38
1976 118 6
1976 119 41
1976 120 0
1976 121 35
