1 89
26 87
51 87
76 85
101 91
126 86
151 85
176 86
201 80
226 87
251 88
276 80
301 85
326 83
351 81
376 86
401 83
426 85
451 83
476 90
501 84
526 81
551 82
576 85
601 87
626 83
651 86
676 83
701 83
726 87
751 84
776 85
801 83
826 86
851 82
876 85
901 85
926 85
951 82
976 88
1001 83
1026 81
1051 88
1076 78
1101 84
1126 83
1151 87
1176 88
1201 86
1226 81
1251 85
1276 91
1301 82
1326 84
1351 82
1376 82
1401 87
1426 84
1451 84
1476 82
1501 87
1526 83
1551 85
1576 87
1601 85
1626 79
1651 85
1676 87
1701 80
1726 84
1751 84
1776 89
1801 85
1826 88
1851 86
1876 85
1901 84
1926 83
1951 88
1976 85
