1 1 30
1 2 31
1 3 40
1 4 40
1 5 41
1 6 39
1 7 38
1 8 37
1 9 27
1 10 29
1 11 30
1 12 47
1 13 31
1 14 40
1 15 45
1 16 41
1 17 35
1 18 34
1 19 40
1 20 29
1 21 35
1 22 25
1 23 40
1 24 33
1 25 30
1 26 30
1 27 52
1 28 34
1 29 29
1 30 35
1 31 26
1 32 32
1 33 28
1 34 30
1 35 50
1 36 35
1 37 27
1 38 40
1 39 40
1 40 33
1 41 21
1 42 28
1 43 30
1 44 25
1 45 33
1 46 27
1 47 30
1 48 32
1 49 32
1 50 30
1 51 36
1 52 39
1 53 28
1 54 32
1 55 25
1 56 24
1 57 28
1 58 32
1 59 39
1 60 31
1 61 34
1 62 31
1 63 42
1 64 34
1 65 33
1 66 30
1 67 37
1 68 31
1 69 39
1 70 37
1 71 30
1 72 36
1 73 32
1 74 41
1 75 35
1 76 25
1 77 33
1 78 32
1 79 29
1 80 40
1 81 35
1 82 34
1 83 30
1 84 37
1 85 41
1 86 30
1 87 42
1 88 29
1 89 40
1 90 40
1 91 33
1 92 39
1 93 42
1 94 24
1 95 40
1 96 33
1 97 37
1 98 36
1 99 31
1 100 32
1 101 29
1 102 34
1 103 39
1 104 28
1 105 32
1 106 29
1 107 32
1 108 29
1 109 37
1 110 38
1 111 44
1 112 41
1 113 37
1 114 29
1 115 21
1 116 36
1 117 37
1 118 39
1 119 32
1 120 40
1 121 39
26 1 32
26 2 38
26 3 30
26 4 36
26 5 39
26 6 41
26 7 40
26 8 35
26 9 0
26 10 0
26 11 0
26 12 41
26 13 38
26 14 26
26 15 42
26 16 47
26 17 41
26 18 38
26 19 34
26 20 0
26 21 0
26 22 0
26 23 39
26 24 32
26 25 30
26 26 0
26 27 47
26 28 39
26 29 28
26 30 35
26 31 0
26 32 0
26 33 0
26 34 34
26 35 40
26 36 30
26 37 0
26 38 33
26 39 40
26 40 24
26 41 19
26 42 36
26 43 0
26 44 12
26 45 10
26 46 0
26 47 20
26 48 32
26 49 32
26 50 31
26 51 38
26 52 38
26 53 40
26 54 0
26 55 0
26 56 0
26 57 0
26 58 36
26 59 37
26 60 33
26 61 32
26 62 28
26 63 40
26 64 34
26 65 37
26 66 31
26 67 0
26 68 0
26 69 34
26 70 30
26 71 35
26 72 31
26 73 39
26 74 41
26 75 39
26 76 29
26 77 40
26 78 0
26 79 0
26 80 0
26 81 40
26 82 36
26 83 26
26 84 31
26 85 34
26 86 33
26 87 42
26 88 26
26 89 40
26 90 39
26 91 30
26 92 40
26 93 29
26 94 0
26 95 37
26 96 33
26 97 35
26 98 40
26 99 0
26 100 30
26 101 31
26 102 30
26 103 32
26 104 34
26 105 0
26 106 27
26 107 30
26 108 31
26 109 40
26 110 39
26 111 44
26 112 43
26 113 33
26 114 36
26 115 29
26 116 0
26 117 30
26 118 31
26 119 36
26 120 41
26 121 30
51 1 32
51 2 41
51 3 35
51 4 38
51 5 47
51 6 40
51 7 37
51 8 39
51 9 0
51 10 0
51 11 0
51 12 40
51 13 40
51 14 37
51 15 40
51 16 39
51 17 39
51 18 32
51 19 31
51 20 0
51 21 0
51 22 0
51 23 33
51 24 32
51 25 29
51 26 0
51 27 46
51 28 36
51 29 27
51 30 30
51 31 0
51 32 0
51 33 0
51 34 40
51 35 40
51 36 38
51 37 0
51 38 38
51 39 42
51 40 27
51 41 20
51 42 29
51 43 0
51 44 0
51 45 0
51 46 0
51 47 29
51 48 34
51 49 38
51 50 29
51 51 34
51 52 42
51 53 36
51 54 0
51 55 0
51 56 0
51 57 0
51 58 37
51 59 38
51 60 41
51 61 39
51 62 40
51 63 40
51 64 36
51 65 42
51 66 34
51 67 0
51 68 0
51 69 34
51 70 29
51 71 31
51 72 29
51 73 36
51 74 32
51 75 40
51 76 31
51 77 40
51 78 0
51 79 0
51 80 0
51 81 30
51 82 41
51 83 25
51 84 38
51 85 33
51 86 40
51 87 49
51 88 30
51 89 41
51 90 40
51 91 34
51 92 31
51 93 39
51 94 0
51 95 35
51 96 30
51 97 33
51 98 34
51 99 0
51 100 31
51 101 32
51 102 28
51 103 36
51 104 32
51 105 0
51 106 31
51 107 31
51 108 30
51 109 39
51 110 37
51 111 51
51 112 39
51 113 30
51 114 36
51 115 26
51 116 0
51 117 39
51 118 37
51 119 39
51 120 40
51 121 41
76 1 30
76 2 36
76 3 34
76 4 31
76 5 44
76 6 34
76 7 41
76 8 46
76 9 0
76 10 0
76 11 0
76 12 47
76 13 37
76 14 29
76 15 34
76 16 43
76 17 32
76 18 28
76 19 27
76 20 0
76 21 0
76 22 0
76 23 40
76 24 29
76 25 31
76 26 0
76 27 48
76 28 37
76 29 24
76 30 33
76 31 0
76 32 0
76 33 0
76 34 33
76 35 39
76 36 35
76 37 0
76 38 39
76 39 45
76 40 31
76 41 17
76 42 37
76 43 0
76 44 0
76 45 0
76 46 0
76 47 27
76 48 40
76 49 30
76 50 41
76 51 32
76 52 41
76 53 36
76 54 0
76 55 0
76 56 0
76 57 0
76 58 37
76 59 37
76 60 40
76 61 37
76 62 35
76 63 51
76 64 40
76 65 32
76 66 33
76 67 0
76 68 0
76 69 31
76 70 33
76 71 30
76 72 40
76 73 28
76 74 37
76 75 39
76 76 28
76 77 31
76 78 0
76 79 0
76 80 0
76 81 32
76 82 38
76 83 31
76 84 40
76 85 37
76 86 33
76 87 40
76 88 29
76 89 41
76 90 41
76 91 30
76 92 37
76 93 40
76 94 0
76 95 37
76 96 32
76 97 33
76 98 41
76 99 0
76 100 29
76 101 30
76 102 30
76 103 38
76 104 34
76 105 0
76 106 31
76 107 34
76 108 40
76 109 40
76 110 39
76 111 50
76 112 45
76 113 35
76 114 38
76 115 20
76 116 0
76 117 39
76 118 36
76 119 42
76 120 28
76 121 32
101 1 30
101 2 41
101 3 32
101 4 35
101 5 48
101 6 31
101 7 39
101 8 37
101 9 0
101 10 0
101 11 0
101 12 46
101 13 36
101 14 41
101 15 36
101 16 44
101 17 31
101 18 41
101 19 37
101 20 0
101 21 0
101 22 0
101 23 36
101 24 29
101 25 31
101 26 0
101 27 47
101 28 39
101 29 29
101 30 35
101 31 0
101 32 0
101 33 0
101 34 38
101 35 41
101 36 39
101 37 0
101 38 31
101 39 46
101 40 30
101 41 20
101 42 31
101 43 0
101 44 0
101 45 0
101 46 0
101 47 31
101 48 37
101 49 35
101 50 38
101 51 32
101 52 41
101 53 36
101 54 0
101 55 0
101 56 0
101 57 0
101 58 36
101 59 39
101 60 34
101 61 37
101 62 40
101 63 39
101 64 34
101 65 39
101 66 32
101 67 0
101 68 0
101 69 35
101 70 27
101 71 31
101 72 35
101 73 29
101 74 38
101 75 31
101 76 30
101 77 41
101 78 0
101 79 0
101 80 0
101 81 34
101 82 39
101 83 27
101 84 30
101 85 38
101 86 36
101 87 36
101 88 31
101 89 37
101 90 39
101 91 30
101 92 40
101 93 39
101 94 0
101 95 41
101 96 30
101 97 40
101 98 41
101 99 0
101 100 30
101 101 31
101 102 30
101 103 37
101 104 40
101 105 0
101 106 36
101 107 27
101 108 30
101 109 39
101 110 37
101 111 50
101 112 47
101 113 29
101 114 29
101 115 27
101 116 0
101 117 34
101 118 35
101 119 40
101 120 37
101 121 34
126 1 31
126 2 32
126 3 39
126 4 36
126 5 43
126 6 34
126 7 40
126 8 40
126 9 0
126 10 0
126 11 0
126 12 40
126 13 33
126 14 43
126 15 34
126 16 45
126 17 37
126 18 27
126 19 35
126 20 0
126 21 0
126 22 0
126 23 37
126 24 36
126 25 30
126 26 0
126 27 51
126 28 41
126 29 23
126 30 28
126 31 0
126 32 0
126 33 0
126 34 38
126 35 48
126 36 32
126 37 0
126 38 31
126 39 38
126 40 24
126 41 18
126 42 30
126 43 0
126 44 0
126 45 0
126 46 0
126 47 32
126 48 39
126 49 35
126 50 30
126 51 33
126 52 43
126 53 34
126 54 0
126 55 0
126 56 0
126 57 0
126 58 37
126 59 38
126 60 35
126 61 30
126 62 35
126 63 36
126 64 41
126 65 37
126 66 25
126 67 0
126 68 0
126 69 41
126 70 31
126 71 34
126 72 39
126 73 41
126 74 37
126 75 39
126 76 30
126 77 36
126 78 0
126 79 0
126 80 0
126 81 32
126 82 40
126 83 32
126 84 34
126 85 35
126 86 37
126 87 40
126 88 29
126 89 42
126 90 41
126 91 31
126 92 40
126 93 40
126 94 0
126 95 40
126 96 37
126 97 31
126 98 37
126 99 0
126 100 29
126 101 30
126 102 31
126 103 39
126 104 35
126 105 0
126 106 30
126 107 32
126 108 37
126 109 38
126 110 41
126 111 47
126 112 42
126 113 36
126 114 29
126 115 28
126 116 0
126 117 37
126 118 40
126 119 38
126 120 37
126 121 37
151 1 31
151 2 39
151 3 39
151 4 38
151 5 40
151 6 35
151 7 35
151 8 39
151 9 0
151 10 0
151 11 0
151 12 38
151 13 39
151 14 36
151 15 32
151 16 47
151 17 37
151 18 41
151 19 30
151 20 0
151 21 0
151 22 0
151 23 33
151 24 32
151 25 30
151 26 0
151 27 49
151 28 42
151 29 19
151 30 30
151 31 0
151 32 0
151 33 0
151 34 39
151 35 40
151 36 30
151 37 0
151 38 34
151 39 40
151 40 30
151 41 23
151 42 28
151 43 0
151 44 0
151 45 0
151 46 0
151 47 32
151 48 30
151 49 36
151 50 34
151 51 32
151 52 39
151 53 40
151 54 0
151 55 0
151 56 0
151 57 0
151 58 29
151 59 41
151 60 36
151 61 32
151 62 31
151 63 48
151 64 32
151 65 34
151 66 31
151 67 0
151 68 0
151 69 33
151 70 36
151 71 31
151 72 36
151 73 30
151 74 30
151 75 35
151 76 27
151 77 34
151 78 0
151 79 0
151 80 0
151 81 34
151 82 37
151 83 25
151 84 36
151 85 33
151 86 30
151 87 45
151 88 27
151 89 33
151 90 39
151 91 29
151 92 41
151 93 40
151 94 0
151 95 36
151 96 33
151 97 40
151 98 31
151 99 0
151 100 28
151 101 32
151 102 28
151 103 33
151 104 38
151 105 0
151 106 34
151 107 31
151 108 28
151 109 39
151 110 36
151 111 53
151 112 44
151 113 30
151 114 33
151 115 30
151 116 0
151 117 38
151 118 41
151 119 39
151 120 43
151 121 40
176 1 34
176 2 40
176 3 33
176 4 35
176 5 42
176 6 42
176 7 36
176 8 44
176 9 0
176 10 0
176 11 0
176 12 45
176 13 28
176 14 38
176 15 38
176 16 45
176 17 36
176 18 40
176 19 31
176 20 0
176 21 0
176 22 0
176 23 40
176 24 40
176 25 34
176 26 0
176 27 49
176 28 31
176 29 37
176 30 37
176 31 0
176 32 0
176 33 0
176 34 33
176 35 42
176 36 28
176 37 0
176 38 36
176 39 41
176 40 28
176 41 22
176 42 26
176 43 0
176 44 0
176 45 0
176 46 0
176 47 33
176 48 37
176 49 31
176 50 37
176 51 36
176 52 41
176 53 33
176 54 0
176 55 0
176 56 0
176 57 0
176 58 25
176 59 40
176 60 30
176 61 40
176 62 38
176 63 43
176 64 39
176 65 40
176 66 30
176 67 0
176 68 0
176 69 41
176 70 34
176 71 31
176 72 35
176 73 35
176 74 36
176 75 38
176 76 30
176 77 36
176 78 0
176 79 0
176 80 0
176 81 39
176 82 39
176 83 33
176 84 40
176 85 42
176 86 37
176 87 41
176 88 31
176 89 33
176 90 34
176 91 31
176 92 43
176 93 38
176 94 0
176 95 38
176 96 34
176 97 37
176 98 33
176 99 0
176 100 28
176 101 39
176 102 30
176 103 37
176 104 31
176 105 0
176 106 40
176 107 40
176 108 35
176 109 40
176 110 30
176 111 42
176 112 35
176 113 32
176 114 28
176 115 23
176 116 0
176 117 36
176 118 34
176 119 38
176 120 37
176 121 35
201 1 30
201 2 35
201 3 39
201 4 30
201 5 43
201 6 34
201 7 40
201 8 40
201 9 0
201 10 0
201 11 0
201 12 39
201 13 39
201 14 35
201 15 36
201 16 42
201 17 37
201 18 32
201 19 32
201 20 0
201 21 0
201 22 0
201 23 38
201 24 38
201 25 30
201 26 0
201 27 43
201 28 31
201 29 25
201 30 29
201 31 0
201 32 0
201 33 0
201 34 31
201 35 40
201 36 36
201 37 0
201 38 34
201 39 43
201 40 31
201 41 26
201 42 26
201 43 0
201 44 0
201 45 0
201 46 0
201 47 31
201 48 27
201 49 34
201 50 30
201 51 34
201 52 30
201 53 30
201 54 0
201 55 0
201 56 0
201 57 0
201 58 39
201 59 34
201 60 33
201 61 31
201 62 32
201 63 40
201 64 34
201 65 35
201 66 34
201 67 0
201 68 0
201 69 30
201 70 30
201 71 35
201 72 40
201 73 29
201 74 36
201 75 38
201 76 31
201 77 39
201 78 0
201 79 0
201 80 0
201 81 32
201 82 38
201 83 26
201 84 31
201 85 38
201 86 37
201 87 42
201 88 30
201 89 43
201 90 46
201 91 30
201 92 33
201 93 40
201 94 0
201 95 37
201 96 31
201 97 39
201 98 40
201 99 0
201 100 29
201 101 34
201 102 35
201 103 40
201 104 35
201 105 0
201 106 31
201 107 34
201 108 33
201 109 40
201 110 44
201 111 53
201 112 41
201 113 32
201 114 33
201 115 27
201 116 0
201 117 42
201 118 33
201 119 32
201 120 42
201 121 32
226 1 30
226 2 38
226 3 35
226 4 28
226 5 41
226 6 35
226 7 30
226 8 37
226 9 0
226 10 0
226 11 0
226 12 42
226 13 38
226 14 37
226 15 38
226 16 45
226 17 33
226 18 30
226 19 32
226 20 0
226 21 0
226 22 0
226 23 38
226 24 33
226 25 30
226 26 0
226 27 42
226 28 34
226 29 30
226 30 30
226 31 0
226 32 0
226 33 0
226 34 40
226 35 41
226 36 33
226 37 0
226 38 40
226 39 40
226 40 26
226 41 22
226 42 26
226 43 0
226 44 0
226 45 0
226 46 0
226 47 32
226 48 31
226 49 31
226 50 31
226 51 33
226 52 30
226 53 36
226 54 0
226 55 0
226 56 0
226 57 0
226 58 31
226 59 30
226 60 35
226 61 28
226 62 38
226 63 39
226 64 32
226 65 40
226 66 38
226 67 0
226 68 0
226 69 41
226 70 36
226 71 36
226 72 37
226 73 33
226 74 32
226 75 39
226 76 36
226 77 36
226 78 0
226 79 0
226 80 0
226 81 30
226 82 39
226 83 27
226 84 40
226 85 39
226 86 39
226 87 40
226 88 32
226 89 34
226 90 40
226 91 30
226 92 38
226 93 30
226 94 0
226 95 40
226 96 27
226 97 31
226 98 39
226 99 0
226 100 31
226 101 36
226 102 30
226 103 33
226 104 32
226 105 0
226 106 34
226 107 30
226 108 34
226 109 34
226 110 39
226 111 47
226 112 41
226 113 28
226 114 36
226 115 24
226 116 0
226 117 39
226 118 41
226 119 41
226 120 39
226 121 33
251 1 37
251 2 41
251 3 33
251 4 30
251 5 47
251 6 33
251 7 38
251 8 30
251 9 0
251 10 0
251 11 0
251 12 47
251 13 38
251 14 33
251 15 39
251 16 42
251 17 35
251 18 38
251 19 39
251 20 0
251 21 0
251 22 0
251 23 39
251 24 31
251 25 32
251 26 0
251 27 40
251 28 40
251 29 29
251 30 30
251 31 0
251 32 0
251 33 0
251 34 39
251 35 42
251 36 33
251 37 0
251 38 41
251 39 47
251 40 30
251 41 24
251 42 33
251 43 0
251 44 0
251 45 0
251 46 0
251 47 30
251 48 31
251 49 36
251 50 33
251 51 33
251 52 37
251 53 31
251 54 0
251 55 0
251 56 0
251 57 0
251 58 30
251 59 32
251 60 35
251 61 28
251 62 34
251 63 34
251 64 31
251 65 39
251 66 32
251 67 0
251 68 0
251 69 32
251 70 41
251 71 31
251 72 30
251 73 37
251 74 29
251 75 37
251 76 34
251 77 40
251 78 0
251 79 0
251 80 0
251 81 39
251 82 35
251 83 30
251 84 34
251 85 37
251 86 38
251 87 39
251 88 30
251 89 39
251 90 37
251 91 29
251 92 33
251 93 39
251 94 0
251 95 39
251 96 33
251 97 30
251 98 35
251 99 0
251 100 28
251 101 29
251 102 29
251 103 30
251 104 30
251 105 0
251 106 33
251 107 35
251 108 40
251 109 42
251 110 33
251 111 50
251 112 43
251 113 30
251 114 35
251 115 26
251 116 0
251 117 42
251 118 38
251 119 39
251 120 38
251 121 31
276 1 30
276 2 39
276 3 40
276 4 35
276 5 40
276 6 36
276 7 39
276 8 38
276 9 0
276 10 0
276 11 0
276 12 48
276 13 35
276 14 34
276 15 37
276 16 48
276 17 35
276 18 34
276 19 30
276 20 0
276 21 0
276 22 0
276 23 39
276 24 31
276 25 29
276 26 0
276 27 44
276 28 40
276 29 33
276 30 35
276 31 0
276 32 0
276 33 0
276 34 34
276 35 42
276 36 30
276 37 0
276 38 40
276 39 46
276 40 30
276 41 20
276 42 30
276 43 0
276 44 0
276 45 0
276 46 0
276 47 32
276 48 39
276 49 38
276 50 39
276 51 36
276 52 36
276 53 37
276 54 0
276 55 0
276 56 0
276 57 0
276 58 37
276 59 40
276 60 33
276 61 35
276 62 43
276 63 36
276 64 36
276 65 39
276 66 26
276 67 0
276 68 0
276 69 38
276 70 34
276 71 32
276 72 32
276 73 28
276 74 37
276 75 40
276 76 34
276 77 44
276 78 0
276 79 0
276 80 0
276 81 39
276 82 40
276 83 30
276 84 42
276 85 39
276 86 42
276 87 45
276 88 38
276 89 40
276 90 39
276 91 33
276 92 40
276 93 29
276 94 0
276 95 38
276 96 29
276 97 31
276 98 38
276 99 0
276 100 28
276 101 30
276 102 36
276 103 30
276 104 31
276 105 0
276 106 32
276 107 33
276 108 30
276 109 30
276 110 38
276 111 48
276 112 40
276 113 35
276 114 32
276 115 32
276 116 0
276 117 38
276 118 40
276 119 36
276 120 43
276 121 31
301 1 33
301 2 31
301 3 37
301 4 32
301 5 38
301 6 36
301 7 37
301 8 40
301 9 0
301 10 0
301 11 0
301 12 41
301 13 31
301 14 39
301 15 36
301 16 44
301 17 41
301 18 40
301 19 30
301 20 0
301 21 0
301 22 0
301 23 32
301 24 30
301 25 26
301 26 0
301 27 40
301 28 40
301 29 29
301 30 33
301 31 0
301 32 0
301 33 0
301 34 39
301 35 40
301 36 31
301 37 0
301 38 33
301 39 48
301 40 30
301 41 20
301 42 30
301 43 0
301 44 0
301 45 0
301 46 0
301 47 37
301 48 29
301 49 41
301 50 36
301 51 39
301 52 35
301 53 40
301 54 0
301 55 0
301 56 0
301 57 0
301 58 31
301 59 40
301 60 31
301 61 34
301 62 32
301 63 39
301 64 34
301 65 41
301 66 31
301 67 0
301 68 0
301 69 32
301 70 38
301 71 35
301 72 34
301 73 31
301 74 31
301 75 29
301 76 29
301 77 36
301 78 0
301 79 0
301 80 0
301 81 39
301 82 34
301 83 28
301 84 39
301 85 32
301 86 37
301 87 49
301 88 30
301 89 36
301 90 40
301 91 32
301 92 37
301 93 32
301 94 0
301 95 34
301 96 31
301 97 35
301 98 39
301 99 0
301 100 33
301 101 39
301 102 31
301 103 33
301 104 31
301 105 0
301 106 29
301 107 33
301 108 30
301 109 38
301 110 37
301 111 50
301 112 43
301 113 33
301 114 38
301 115 22
301 116 0
301 117 33
301 118 30
301 119 32
301 120 43
301 121 35
326 1 29
326 2 37
326 3 38
326 4 30
326 5 45
326 6 35
326 7 39
326 8 36
326 9 0
326 10 0
326 11 0
326 12 37
326 13 35
326 14 29
326 15 29
326 16 41
326 17 38
326 18 29
326 19 39
326 20 0
326 21 0
326 22 0
326 23 40
326 24 31
326 25 30
326 26 0
326 27 52
326 28 40
326 29 28
326 30 35
326 31 0
326 32 0
326 33 0
326 34 39
326 35 38
326 36 38
326 37 0
326 38 36
326 39 46
326 40 28
326 41 17
326 42 30
326 43 0
326 44 0
326 45 0
326 46 0
326 47 30
326 48 30
326 49 30
326 50 34
326 51 39
326 52 38
326 53 38
326 54 0
326 55 0
326 56 0
326 57 0
326 58 34
326 59 39
326 60 33
326 61 29
326 62 30
326 63 40
326 64 40
326 65 38
326 66 36
326 67 0
326 68 0
326 69 40
326 70 32
326 71 40
326 72 36
326 73 33
326 74 34
326 75 40
326 76 28
326 77 34
326 78 0
326 79 0
326 80 0
326 81 36
326 82 40
326 83 32
326 84 40
326 85 38
326 86 39
326 87 40
326 88 30
326 89 38
326 90 45
326 91 31
326 92 41
326 93 30
326 94 0
326 95 35
326 96 30
326 97 33
326 98 39
326 99 0
326 100 31
326 101 33
326 102 36
326 103 32
326 104 36
326 105 0
326 106 37
326 107 36
326 108 29
326 109 27
326 110 31
326 111 45
326 112 40
326 113 36
326 114 33
326 115 30
326 116 0
326 117 40
326 118 39
326 119 42
326 120 36
326 121 40
351 1 28
351 2 38
351 3 40
351 4 32
351 5 42
351 6 39
351 7 38
351 8 37
351 9 0
351 10 0
351 11 0
351 12 43
351 13 30
351 14 35
351 15 40
351 16 41
351 17 29
351 18 40
351 19 41
351 20 0
351 21 0
351 22 0
351 23 36
351 24 33
351 25 32
351 26 0
351 27 45
351 28 38
351 29 28
351 30 30
351 31 0
351 32 0
351 33 0
351 34 38
351 35 45
351 36 31
351 37 0
351 38 40
351 39 45
351 40 31
351 41 22
351 42 30
351 43 0
351 44 0
351 45 0
351 46 0
351 47 28
351 48 38
351 49 31
351 50 34
351 51 40
351 52 35
351 53 38
351 54 0
351 55 0
351 56 0
351 57 0
351 58 39
351 59 38
351 60 32
351 61 29
351 62 32
351 63 39
351 64 36
351 65 36
351 66 29
351 67 0
351 68 0
351 69 39
351 70 30
351 71 33
351 72 36
351 73 30
351 74 39
351 75 38
351 76 33
351 77 33
351 78 0
351 79 0
351 80 0
351 81 37
351 82 33
351 83 32
351 84 40
351 85 40
351 86 33
351 87 41
351 88 31
351 89 34
351 90 35
351 91 32
351 92 35
351 93 40
351 94 0
351 95 33
351 96 26
351 97 34
351 98 31
351 99 0
351 100 29
351 101 37
351 102 29
351 103 37
351 104 34
351 105 0
351 106 25
351 107 35
351 108 39
351 109 30
351 110 40
351 111 47
351 112 39
351 113 36
351 114 35
351 115 28
351 116 0
351 117 37
351 118 40
351 119 35
351 120 32
351 121 27
376 1 31
376 2 34
376 3 30
376 4 31
376 5 49
376 6 40
376 7 27
376 8 39
376 9 0
376 10 0
376 11 0
376 12 46
376 13 38
376 14 37
376 15 39
376 16 41
376 17 37
376 18 36
376 19 32
376 20 0
376 21 0
376 22 0
376 23 37
376 24 33
376 25 27
376 26 0
376 27 47
376 28 35
376 29 29
376 30 38
376 31 0
376 32 0
376 33 0
376 34 38
376 35 40
376 36 37
376 37 0
376 38 40
376 39 44
376 40 31
376 41 24
376 42 21
376 43 0
376 44 0
376 45 0
376 46 0
376 47 30
376 48 38
376 49 39
376 50 33
376 51 35
376 52 41
376 53 38
376 54 0
376 55 0
376 56 0
376 57 0
376 58 39
376 59 40
376 60 30
376 61 29
376 62 31
376 63 37
376 64 33
376 65 41
376 66 31
376 67 0
376 68 0
376 69 37
376 70 31
376 71 41
376 72 38
376 73 32
376 74 41
376 75 41
376 76 35
376 77 39
376 78 0
376 79 0
376 80 0
376 81 37
376 82 32
376 83 31
376 84 37
376 85 37
376 86 29
376 87 41
376 88 32
376 89 43
376 90 39
376 91 32
376 92 40
376 93 34
376 94 0
376 95 36
376 96 29
376 97 31
376 98 39
376 99 0
376 100 27
376 101 37
376 102 29
376 103 30
376 104 36
376 105 0
376 106 39
376 107 29
376 108 31
376 109 40
376 110 36
376 111 47
376 112 40
376 113 36
376 114 35
376 115 26
376 116 0
376 117 41
376 118 37
376 119 36
376 120 36
376 121 33
401 1 32
401 2 39
401 3 38
401 4 33
401 5 42
401 6 38
401 7 32
401 8 38
401 9 0
401 10 0
401 11 0
401 12 50
401 13 37
401 14 30
401 15 38
401 16 41
401 17 38
401 18 39
401 19 37
401 20 0
401 21 0
401 22 0
401 23 40
401 24 28
401 25 30
401 26 0
401 27 52
401 28 33
401 29 27
401 30 31
401 31 0
401 32 0
401 33 0
401 34 43
401 35 40
401 36 32
401 37 0
401 38 37
401 39 40
401 40 29
401 41 20
401 42 29
401 43 0
401 44 0
401 45 0
401 46 0
401 47 31
401 48 34
401 49 26
401 50 27
401 51 39
401 52 38
401 53 36
401 54 0
401 55 0
401 56 0
401 57 0
401 58 37
401 59 39
401 60 39
401 61 41
401 62 40
401 63 42
401 64 32
401 65 34
401 66 30
401 67 0
401 68 0
401 69 34
401 70 33
401 71 37
401 72 29
401 73 33
401 74 38
401 75 35
401 76 32
401 77 33
401 78 0
401 79 0
401 80 0
401 81 40
401 82 30
401 83 31
401 84 37
401 85 40
401 86 34
401 87 41
401 88 32
401 89 36
401 90 45
401 91 34
401 92 36
401 93 37
401 94 0
401 95 39
401 96 32
401 97 33
401 98 40
401 99 0
401 100 28
401 101 33
401 102 37
401 103 30
401 104 30
401 105 0
401 106 29
401 107 32
401 108 40
401 109 35
401 110 31
401 111 49
401 112 40
401 113 38
401 114 38
401 115 24
401 116 0
401 117 40
401 118 36
401 119 40
401 120 36
401 121 36
426 1 30
426 2 39
426 3 31
426 4 30
426 5 41
426 6 30
426 7 39
426 8 37
426 9 0
426 10 0
426 11 0
426 12 38
426 13 37
426 14 33
426 15 34
426 16 40
426 17 36
426 18 39
426 19 32
426 20 0
426 21 0
426 22 0
426 23 36
426 24 36
426 25 31
426 26 0
426 27 49
426 28 39
426 29 30
426 30 30
426 31 0
426 32 0
426 33 0
426 34 37
426 35 42
426 36 30
426 37 0
426 38 39
426 39 48
426 40 30
426 41 19
426 42 29
426 43 0
426 44 0
426 45 0
426 46 0
426 47 30
426 48 27
426 49 32
426 50 30
426 51 32
426 52 38
426 53 31
426 54 0
426 55 0
426 56 0
426 57 0
426 58 31
426 59 40
426 60 36
426 61 38
426 62 39
426 63 37
426 64 38
426 65 39
426 66 31
426 67 0
426 68 0
426 69 29
426 70 30
426 71 34
426 72 38
426 73 32
426 74 31
426 75 32
426 76 30
426 77 37
426 78 0
426 79 0
426 80 0
426 81 36
426 82 30
426 83 26
426 84 34
426 85 34
426 86 36
426 87 45
426 88 31
426 89 41
426 90 37
426 91 32
426 92 29
426 93 37
426 94 0
426 95 40
426 96 34
426 97 34
426 98 38
426 99 0
426 100 32
426 101 32
426 102 30
426 103 30
426 104 38
426 105 0
426 106 34
426 107 29
426 108 30
426 109 37
426 110 29
426 111 49
426 112 40
426 113 39
426 114 32
426 115 25
426 116 0
426 117 33
426 118 42
426 119 36
426 120 42
426 121 30
451 1 30
451 2 30
451 3 40
451 4 37
451 5 50
451 6 41
451 7 41
451 8 31
451 9 0
451 10 0
451 11 0
451 12 40
451 13 34
451 14 33
451 15 33
451 16 49
451 17 40
451 18 33
451 19 33
451 20 0
451 21 0
451 22 0
451 23 37
451 24 30
451 25 30
451 26 0
451 27 50
451 28 36
451 29 28
451 30 30
451 31 0
451 32 0
451 33 0
451 34 39
451 35 44
451 36 29
451 37 0
451 38 37
451 39 41
451 40 30
451 41 22
451 42 29
451 43 0
451 44 0
451 45 0
451 46 0
451 47 29
451 48 28
451 49 32
451 50 29
451 51 35
451 52 41
451 53 34
451 54 0
451 55 0
451 56 0
451 57 0
451 58 32
451 59 41
451 60 36
451 61 32
451 62 39
451 63 38
451 64 31
451 65 40
451 66 28
451 67 0
451 68 0
451 69 37
451 70 40
451 71 31
451 72 35
451 73 31
451 74 40
451 75 40
451 76 29
451 77 40
451 78 0
451 79 0
451 80 0
451 81 40
451 82 40
451 83 28
451 84 37
451 85 40
451 86 38
451 87 40
451 88 30
451 89 39
451 90 38
451 91 27
451 92 35
451 93 37
451 94 0
451 95 39
451 96 30
451 97 35
451 98 41
451 99 0
451 100 28
451 101 35
451 102 29
451 103 27
451 104 40
451 105 0
451 106 38
451 107 30
451 108 33
451 109 39
451 110 38
451 111 49
451 112 39
451 113 34
451 114 30
451 115 19
451 116 0
451 117 38
451 118 36
451 119 38
451 120 41
451 121 41
476 1 34
476 2 30
476 3 37
476 4 30
476 5 50
476 6 40
476 7 40
476 8 38
476 9 0
476 10 0
476 11 0
476 12 45
476 13 35
476 14 30
476 15 32
476 16 42
476 17 40
476 18 37
476 19 34
476 20 0
476 21 0
476 22 0
476 23 38
476 24 39
476 25 28
476 26 0
476 27 42
476 28 36
476 29 27
476 30 32
476 31 0
476 32 0
476 33 0
476 34 37
476 35 45
476 36 30
476 37 0
476 38 33
476 39 42
476 40 29
476 41 27
476 42 32
476 43 0
476 44 0
476 45 0
476 46 0
476 47 29
476 48 29
476 49 36
476 50 31
476 51 31
476 52 40
476 53 40
476 54 0
476 55 0
476 56 0
476 57 0
476 58 39
476 59 36
476 60 31
476 61 36
476 62 31
476 63 39
476 64 32
476 65 41
476 66 30
476 67 0
476 68 0
476 69 37
476 70 30
476 71 33
476 72 40
476 73 29
476 74 33
476 75 38
476 76 25
476 77 40
476 78 0
476 79 0
476 80 0
476 81 32
476 82 36
476 83 31
476 84 37
476 85 31
476 86 38
476 87 39
476 88 31
476 89 34
476 90 39
476 91 31
476 92 39
476 93 37
476 94 0
476 95 36
476 96 34
476 97 35
476 98 33
476 99 0
476 100 30
476 101 33
476 102 38
476 103 29
476 104 36
476 105 0
476 106 32
476 107 33
476 108 30
476 109 35
476 110 38
476 111 49
476 112 37
476 113 31
476 114 32
476 115 24
476 116 0
476 117 32
476 118 37
476 119 40
476 120 41
476 121 31
501 1 31
501 2 46
501 3 38
501 4 33
501 5 46
501 6 34
501 7 33
501 8 36
501 9 0
501 10 0
501 11 0
501 12 45
501 13 40
501 14 38
501 15 38
501 16 39
501 17 33
501 18 37
501 19 32
501 20 0
501 21 0
501 22 0
501 23 41
501 24 29
501 25 31
501 26 0
501 27 44
501 28 37
501 29 35
501 30 29
501 31 0
501 32 0
501 33 0
501 34 38
501 35 41
501 36 33
501 37 0
501 38 37
501 39 40
501 40 31
501 41 19
501 42 25
501 43 0
501 44 0
501 45 0
501 46 0
501 47 32
501 48 35
501 49 32
501 50 35
501 51 37
501 52 38
501 53 40
501 54 0
501 55 0
501 56 0
501 57 0
501 58 30
501 59 40
501 60 34
501 61 36
501 62 40
501 63 40
501 64 39
501 65 38
501 66 29
501 67 0
501 68 0
501 69 34
501 70 32
501 71 41
501 72 39
501 73 34
501 74 40
501 75 33
501 76 34
501 77 33
501 78 0
501 79 0
501 80 0
501 81 43
501 82 37
501 83 30
501 84 42
501 85 39
501 86 37
501 87 41
501 88 28
501 89 40
501 90 42
501 91 30
501 92 31
501 93 39
501 94 0
501 95 30
501 96 31
501 97 36
501 98 36
501 99 0
501 100 33
501 101 30
501 102 31
501 103 30
501 104 33
501 105 0
501 106 31
501 107 32
501 108 35
501 109 38
501 110 33
501 111 42
501 112 40
501 113 30
501 114 34
501 115 28
501 116 0
501 117 40
501 118 40
501 119 40
501 120 41
501 121 35
526 1 35
526 2 32
526 3 35
526 4 34
526 5 42
526 6 39
526 7 30
526 8 41
526 9 0
526 10 0
526 11 0
526 12 42
526 13 29
526 14 34
526 15 35
526 16 39
526 17 37
526 18 37
526 19 31
526 20 0
526 21 0
526 22 0
526 23 42
526 24 37
526 25 32
526 26 0
526 27 50
526 28 39
526 29 30
526 30 36
526 31 0
526 32 0
526 33 0
526 34 35
526 35 48
526 36 39
526 37 0
526 38 30
526 39 39
526 40 30
526 41 19
526 42 29
526 43 0
526 44 0
526 45 0
526 46 0
526 47 28
526 48 32
526 49 38
526 50 35
526 51 32
526 52 39
526 53 38
526 54 0
526 55 0
526 56 0
526 57 0
526 58 32
526 59 40
526 60 40
526 61 30
526 62 39
526 63 33
526 64 38
526 65 33
526 66 27
526 67 0
526 68 0
526 69 40
526 70 34
526 71 32
526 72 41
526 73 32
526 74 32
526 75 38
526 76 28
526 77 40
526 78 0
526 79 0
526 80 0
526 81 38
526 82 34
526 83 29
526 84 34
526 85 33
526 86 35
526 87 48
526 88 25
526 89 37
526 90 40
526 91 40
526 92 34
526 93 38
526 94 0
526 95 32
526 96 28
526 97 33
526 98 34
526 99 0
526 100 31
526 101 28
526 102 27
526 103 30
526 104 34
526 105 0
526 106 33
526 107 31
526 108 32
526 109 40
526 110 41
526 111 49
526 112 40
526 113 37
526 114 37
526 115 25
526 116 0
526 117 38
526 118 37
526 119 38
526 120 30
526 121 31
551 1 31
551 2 36
551 3 41
551 4 29
551 5 39
551 6 33
551 7 33
551 8 39
551 9 0
551 10 0
551 11 0
551 12 38
551 13 37
551 14 41
551 15 40
551 16 40
551 17 33
551 18 38
551 19 32
551 20 0
551 21 0
551 22 0
551 23 40
551 24 34
551 25 23
551 26 0
551 27 48
551 28 33
551 29 30
551 30 31
551 31 0
551 32 0
551 33 0
551 34 36
551 35 40
551 36 38
551 37 0
551 38 40
551 39 43
551 40 30
551 41 20
551 42 30
551 43 0
551 44 0
551 45 0
551 46 0
551 47 24
551 48 34
551 49 31
551 50 30
551 51 33
551 52 40
551 53 32
551 54 0
551 55 0
551 56 0
551 57 0
551 58 31
551 59 41
551 60 40
551 61 38
551 62 33
551 63 33
551 64 42
551 65 34
551 66 26
551 67 0
551 68 0
551 69 34
551 70 33
551 71 30
551 72 40
551 73 36
551 74 40
551 75 32
551 76 28
551 77 40
551 78 0
551 79 0
551 80 0
551 81 39
551 82 37
551 83 28
551 84 40
551 85 38
551 86 31
551 87 40
551 88 26
551 89 37
551 90 41
551 91 28
551 92 34
551 93 31
551 94 0
551 95 39
551 96 33
551 97 33
551 98 37
551 99 0
551 100 30
551 101 30
551 102 28
551 103 27
551 104 36
551 105 0
551 106 29
551 107 31
551 108 32
551 109 38
551 110 31
551 111 47
551 112 38
551 113 37
551 114 36
551 115 30
551 116 0
551 117 38
551 118 39
551 119 34
551 120 32
551 121 35
576 1 32
576 2 30
576 3 32
576 4 30
576 5 43
576 6 30
576 7 41
576 8 41
576 9 0
576 10 0
576 11 0
576 12 45
576 13 34
576 14 33
576 15 33
576 16 40
576 17 39
576 18 32
576 19 34
576 20 0
576 21 0
576 22 0
576 23 33
576 24 32
576 25 23
576 26 0
576 27 48
576 28 37
576 29 29
576 30 29
576 31 0
576 32 0
576 33 0
576 34 37
576 35 43
576 36 40
576 37 0
576 38 32
576 39 38
576 40 30
576 41 26
576 42 29
576 43 0
576 44 0
576 45 0
576 46 0
576 47 27
576 48 29
576 49 32
576 50 32
576 51 38
576 52 37
576 53 37
576 54 0
576 55 0
576 56 0
576 57 0
576 58 38
576 59 39
576 60 38
576 61 30
576 62 41
576 63 40
576 64 36
576 65 33
576 66 31
576 67 0
576 68 0
576 69 30
576 70 32
576 71 34
576 72 40
576 73 28
576 74 39
576 75 39
576 76 30
576 77 40
576 78 0
576 79 0
576 80 0
576 81 38
576 82 37
576 83 31
576 84 40
576 85 36
576 86 36
576 87 40
576 88 23
576 89 40
576 90 43
576 91 28
576 92 35
576 93 33
576 94 0
576 95 37
576 96 29
576 97 40
576 98 35
576 99 0
576 100 33
576 101 30
576 102 28
576 103 30
576 104 32
576 105 0
576 106 39
576 107 39
576 108 39
576 109 39
576 110 37
576 111 40
576 112 35
576 113 34
576 114 30
576 115 30
576 116 0
576 117 41
576 118 39
576 119 40
576 120 33
576 121 40
601 1 27
601 2 35
601 3 34
601 4 30
601 5 43
601 6 40
601 7 38
601 8 40
601 9 0
601 10 0
601 11 0
601 12 39
601 13 33
601 14 38
601 15 38
601 16 47
601 17 36
601 18 37
601 19 37
601 20 0
601 21 0
601 22 0
601 23 42
601 24 31
601 25 26
601 26 0
601 27 47
601 28 40
601 29 31
601 30 36
601 31 0
601 32 0
601 33 0
601 34 32
601 35 48
601 36 39
601 37 0
601 38 35
601 39 47
601 40 32
601 41 19
601 42 28
601 43 0
601 44 0
601 45 0
601 46 0
601 47 30
601 48 34
601 49 39
601 50 29
601 51 33
601 52 43
601 53 35
601 54 0
601 55 0
601 56 0
601 57 0
601 58 34
601 59 40
601 60 34
601 61 33
601 62 38
601 63 35
601 64 32
601 65 39
601 66 29
601 67 0
601 68 0
601 69 39
601 70 33
601 71 31
601 72 33
601 73 30
601 74 40
601 75 41
601 76 28
601 77 41
601 78 0
601 79 0
601 80 0
601 81 40
601 82 33
601 83 28
601 84 41
601 85 29
601 86 34
601 87 38
601 88 30
601 89 37
601 90 40
601 91 31
601 92 38
601 93 41
601 94 0
601 95 39
601 96 31
601 97 41
601 98 43
601 99 0
601 100 30
601 101 30
601 102 31
601 103 31
601 104 32
601 105 0
601 106 30
601 107 31
601 108 32
601 109 39
601 110 37
601 111 49
601 112 40
601 113 31
601 114 29
601 115 24
601 116 0
601 117 36
601 118 41
601 119 35
601 120 31
601 121 40
626 1 32
626 2 39
626 3 38
626 4 34
626 5 50
626 6 33
626 7 36
626 8 32
626 9 0
626 10 0
626 11 0
626 12 48
626 13 39
626 14 37
626 15 37
626 16 44
626 17 33
626 18 36
626 19 41
626 20 0
626 21 0
626 22 0
626 23 36
626 24 35
626 25 29
626 26 0
626 27 40
626 28 39
626 29 26
626 30 35
626 31 0
626 32 0
626 33 0
626 34 29
626 35 40
626 36 34
626 37 0
626 38 35
626 39 40
626 40 27
626 41 23
626 42 27
626 43 0
626 44 0
626 45 0
626 46 0
626 47 27
626 48 30
626 49 33
626 50 35
626 51 39
626 52 41
626 53 35
626 54 0
626 55 0
626 56 0
626 57 0
626 58 36
626 59 38
626 60 40
626 61 33
626 62 35
626 63 44
626 64 41
626 65 39
626 66 36
626 67 0
626 68 0
626 69 35
626 70 38
626 71 29
626 72 39
626 73 23
626 74 39
626 75 28
626 76 27
626 77 35
626 78 0
626 79 0
626 80 0
626 81 41
626 82 42
626 83 33
626 84 37
626 85 40
626 86 34
626 87 41
626 88 25
626 89 39
626 90 39
626 91 25
626 92 41
626 93 32
626 94 0
626 95 34
626 96 38
626 97 38
626 98 42
626 99 0
626 100 27
626 101 33
626 102 30
626 103 28
626 104 29
626 105 0
626 106 32
626 107 27
626 108 30
626 109 42
626 110 36
626 111 49
626 112 31
626 113 33
626 114 31
626 115 22
626 116 0
626 117 38
626 118 37
626 119 37
626 120 28
626 121 35
651 1 31
651 2 32
651 3 33
651 4 29
651 5 41
651 6 35
651 7 41
651 8 37
651 9 0
651 10 0
651 11 0
651 12 41
651 13 29
651 14 33
651 15 36
651 16 41
651 17 41
651 18 30
651 19 33
651 20 0
651 21 0
651 22 0
651 23 32
651 24 30
651 25 28
651 26 0
651 27 51
651 28 32
651 29 27
651 30 30
651 31 0
651 32 0
651 33 0
651 34 30
651 35 50
651 36 36
651 37 0
651 38 40
651 39 35
651 40 29
651 41 21
651 42 30
651 43 0
651 44 0
651 45 0
651 46 0
651 47 35
651 48 36
651 49 33
651 50 30
651 51 32
651 52 40
651 53 39
651 54 0
651 55 0
651 56 0
651 57 0
651 58 36
651 59 39
651 60 43
651 61 35
651 62 36
651 63 38
651 64 33
651 65 38
651 66 32
651 67 0
651 68 0
651 69 34
651 70 39
651 71 39
651 72 36
651 73 34
651 74 36
651 75 31
651 76 30
651 77 40
651 78 0
651 79 0
651 80 0
651 81 37
651 82 30
651 83 29
651 84 39
651 85 37
651 86 45
651 87 45
651 88 24
651 89 38
651 90 40
651 91 30
651 92 30
651 93 37
651 94 0
651 95 36
651 96 34
651 97 32
651 98 37
651 99 0
651 100 31
651 101 32
651 102 32
651 103 29
651 104 35
651 105 0
651 106 41
651 107 34
651 108 39
651 109 37
651 110 34
651 111 39
651 112 38
651 113 35
651 114 33
651 115 30
651 116 0
651 117 37
651 118 40
651 119 34
651 120 30
651 121 38
676 1 35
676 2 39
676 3 33
676 4 36
676 5 40
676 6 35
676 7 33
676 8 30
676 9 0
676 10 0
676 11 0
676 12 41
676 13 32
676 14 36
676 15 28
676 16 40
676 17 34
676 18 38
676 19 33
676 20 0
676 21 0
676 22 0
676 23 37
676 24 35
676 25 32
676 26 0
676 27 42
676 28 38
676 29 26
676 30 29
676 31 0
676 32 0
676 33 0
676 34 36
676 35 41
676 36 31
676 37 0
676 38 40
676 39 40
676 40 29
676 41 20
676 42 31
676 43 0
676 44 0
676 45 0
676 46 0
676 47 29
676 48 32
676 49 35
676 50 40
676 51 41
676 52 36
676 53 44
676 54 0
676 55 0
676 56 0
676 57 0
676 58 38
676 59 39
676 60 32
676 61 38
676 62 33
676 63 39
676 64 32
676 65 40
676 66 30
676 67 0
676 68 0
676 69 31
676 70 30
676 71 27
676 72 36
676 73 32
676 74 30
676 75 31
676 76 29
676 77 36
676 78 0
676 79 0
676 80 0
676 81 36
676 82 41
676 83 32
676 84 40
676 85 39
676 86 36
676 87 42
676 88 31
676 89 38
676 90 39
676 91 31
676 92 41
676 93 34
676 94 0
676 95 38
676 96 32
676 97 40
676 98 40
676 99 0
676 100 33
676 101 39
676 102 28
676 103 28
676 104 32
676 105 0
676 106 31
676 107 34
676 108 30
676 109 39
676 110 32
676 111 38
676 112 36
676 113 40
676 114 42
676 115 30
676 116 0
676 117 31
676 118 39
676 119 39
676 120 31
676 121 37
701 1 33
701 2 40
701 3 32
701 4 29
701 5 43
701 6 39
701 7 40
701 8 35
701 9 0
701 10 0
701 11 0
701 12 48
701 13 40
701 14 39
701 15 31
701 16 39
701 17 36
701 18 38
701 19 34
701 20 0
701 21 0
701 22 0
701 23 37
701 24 39
701 25 32
701 26 0
701 27 47
701 28 39
701 29 31
701 30 34
701 31 0
701 32 0
701 33 0
701 34 34
701 35 40
701 36 30
701 37 0
701 38 33
701 39 38
701 40 29
701 41 27
701 42 29
701 43 0
701 44 0
701 45 0
701 46 0
701 47 34
701 48 32
701 49 29
701 50 35
701 51 37
701 52 38
701 53 33
701 54 0
701 55 0
701 56 0
701 57 0
701 58 29
701 59 39
701 60 39
701 61 34
701 62 33
701 63 36
701 64 36
701 65 38
701 66 32
701 67 0
701 68 0
701 69 31
701 70 30
701 71 33
701 72 40
701 73 41
701 74 35
701 75 35
701 76 31
701 77 31
701 78 0
701 79 0
701 80 0
701 81 45
701 82 30
701 83 29
701 84 31
701 85 33
701 86 40
701 87 47
701 88 31
701 89 31
701 90 43
701 91 31
701 92 39
701 93 34
701 94 0
701 95 44
701 96 30
701 97 38
701 98 31
701 99 0
701 100 25
701 101 32
701 102 32
701 103 31
701 104 29
701 105 0
701 106 30
701 107 30
701 108 33
701 109 42
701 110 36
701 111 48
701 112 41
701 113 36
701 114 38
701 115 25
701 116 0
701 117 42
701 118 35
701 119 37
701 120 32
701 121 35
726 1 28
726 2 40
726 3 42
726 4 32
726 5 47
726 6 34
726 7 39
726 8 38
726 9 0
726 10 0
726 11 0
726 12 42
726 13 30
726 14 38
726 15 33
726 16 41
726 17 36
726 18 36
726 19 30
726 20 0
726 21 0
726 22 0
726 23 40
726 24 33
726 25 29
726 26 0
726 27 44
726 28 37
726 29 22
726 30 34
726 31 0
726 32 0
726 33 0
726 34 40
726 35 42
726 36 39
726 37 0
726 38 38
726 39 35
726 40 31
726 41 22
726 42 28
726 43 0
726 44 0
726 45 0
726 46 0
726 47 26
726 48 31
726 49 40
726 50 29
726 51 35
726 52 41
726 53 39
726 54 0
726 55 0
726 56 0
726 57 0
726 58 31
726 59 35
726 60 39
726 61 32
726 62 34
726 63 30
726 64 38
726 65 38
726 66 30
726 67 0
726 68 0
726 69 38
726 70 30
726 71 30
726 72 31
726 73 37
726 74 34
726 75 35
726 76 26
726 77 31
726 78 0
726 79 0
726 80 0
726 81 31
726 82 37
726 83 32
726 84 40
726 85 36
726 86 30
726 87 45
726 88 27
726 89 40
726 90 38
726 91 30
726 92 35
726 93 31
726 94 0
726 95 31
726 96 30
726 97 37
726 98 38
726 99 0
726 100 28
726 101 35
726 102 31
726 103 25
726 104 40
726 105 0
726 106 35
726 107 31
726 108 40
726 109 33
726 110 42
726 111 52
726 112 37
726 113 33
726 114 30
726 115 29
726 116 0
726 117 39
726 118 31
726 119 41
726 120 31
726 121 34
751 1 38
751 2 31
751 3 37
751 4 31
751 5 41
751 6 40
751 7 33
751 8 38
751 9 0
751 10 0
751 11 0
751 12 40
751 13 33
751 14 35
751 15 39
751 16 41
751 17 33
751 18 38
751 19 38
751 20 0
751 21 0
751 22 0
751 23 37
751 24 29
751 25 30
751 26 0
751 27 48
751 28 34
751 29 29
751 30 40
751 31 0
751 32 0
751 33 0
751 34 28
751 35 46
751 36 32
751 37 0
751 38 39
751 39 33
751 40 26
751 41 22
751 42 28
751 43 0
751 44 0
751 45 0
751 46 0
751 47 35
751 48 30
751 49 34
751 50 30
751 51 30
751 52 37
751 53 41
751 54 0
751 55 0
751 56 0
751 57 0
751 58 36
751 59 32
751 60 39
751 61 37
751 62 41
751 63 40
751 64 32
751 65 38
751 66 31
751 67 0
751 68 0
751 69 32
751 70 33
751 71 31
751 72 31
751 73 36
751 74 35
751 75 29
751 76 27
751 77 38
751 78 0
751 79 0
751 80 0
751 81 31
751 82 34
751 83 26
751 84 40
751 85 40
751 86 33
751 87 44
751 88 26
751 89 40
751 90 43
751 91 24
751 92 39
751 93 35
751 94 0
751 95 40
751 96 29
751 97 32
751 98 38
751 99 0
751 100 29
751 101 32
751 102 31
751 103 29
751 104 32
751 105 0
751 106 31
751 107 36
751 108 33
751 109 37
751 110 28
751 111 50
751 112 40
751 113 36
751 114 37
751 115 29
751 116 0
751 117 39
751 118 37
751 119 42
751 120 36
751 121 34
776 1 29
776 2 39
776 3 33
776 4 33
776 5 50
776 6 30
776 7 29
776 8 34
776 9 0
776 10 0
776 11 0
776 12 42
776 13 41
776 14 31
776 15 38
776 16 46
776 17 32
776 18 29
776 19 34
776 20 0
776 21 0
776 22 0
776 23 35
776 24 34
776 25 30
776 26 0
776 27 48
776 28 37
776 29 32
776 30 29
776 31 0
776 32 0
776 33 0
776 34 39
776 35 41
776 36 38
776 37 0
776 38 38
776 39 32
776 40 31
776 41 19
776 42 30
776 43 0
776 44 0
776 45 0
776 46 0
776 47 30
776 48 29
776 49 35
776 50 38
776 51 36
776 52 37
776 53 33
776 54 0
776 55 0
776 56 0
776 57 0
776 58 31
776 59 40
776 60 34
776 61 31
776 62 30
776 63 41
776 64 40
776 65 40
776 66 30
776 67 0
776 68 0
776 69 38
776 70 31
776 71 31
776 72 31
776 73 37
776 74 36
776 75 38
776 76 31
776 77 32
776 78 0
776 79 0
776 80 0
776 81 27
776 82 31
776 83 35
776 84 40
776 85 38
776 86 46
776 87 40
776 88 30
776 89 38
776 90 41
776 91 30
776 92 34
776 93 35
776 94 0
776 95 37
776 96 34
776 97 36
776 98 41
776 99 0
776 100 23
776 101 34
776 102 34
776 103 35
776 104 34
776 105 0
776 106 32
776 107 30
776 108 37
776 109 39
776 110 33
776 111 40
776 112 39
776 113 32
776 114 31
776 115 29
776 116 0
776 117 33
776 118 38
776 119 32
776 120 32
776 121 31
801 1 30
801 2 33
801 3 39
801 4 34
801 5 44
801 6 40
801 7 29
801 8 32
801 9 0
801 10 0
801 11 0
801 12 42
801 13 33
801 14 33
801 15 34
801 16 40
801 17 31
801 18 38
801 19 35
801 20 0
801 21 0
801 22 0
801 23 31
801 24 30
801 25 31
801 26 0
801 27 43
801 28 30
801 29 29
801 30 31
801 31 0
801 32 0
801 33 0
801 34 31
801 35 40
801 36 30
801 37 0
801 38 31
801 39 33
801 40 28
801 41 18
801 42 32
801 43 0
801 44 0
801 45 0
801 46 0
801 47 24
801 48 30
801 49 31
801 50 29
801 51 37
801 52 37
801 53 35
801 54 0
801 55 0
801 56 0
801 57 0
801 58 32
801 59 36
801 60 38
801 61 34
801 62 35
801 63 42
801 64 30
801 65 36
801 66 28
801 67 0
801 68 0
801 69 35
801 70 35
801 71 38
801 72 34
801 73 35
801 74 31
801 75 35
801 76 28
801 77 32
801 78 0
801 79 0
801 80 0
801 81 26
801 82 33
801 83 31
801 84 39
801 85 40
801 86 37
801 87 42
801 88 29
801 89 37
801 90 41
801 91 29
801 92 36
801 93 34
801 94 0
801 95 40
801 96 38
801 97 38
801 98 40
801 99 0
801 100 29
801 101 29
801 102 31
801 103 32
801 104 37
801 105 0
801 106 33
801 107 30
801 108 34
801 109 38
801 110 32
801 111 50
801 112 41
801 113 32
801 114 32
801 115 29
801 116 0
801 117 40
801 118 41
801 119 35
801 120 29
801 121 44
826 1 31
826 2 32
826 3 36
826 4 33
826 5 40
826 6 35
826 7 37
826 8 36
826 9 0
826 10 0
826 11 0
826 12 43
826 13 39
826 14 30
826 15 36
826 16 43
826 17 32
826 18 42
826 19 33
826 20 0
826 21 0
826 22 0
826 23 32
826 24 33
826 25 33
826 26 0
826 27 46
826 28 42
826 29 27
826 30 31
826 31 0
826 32 0
826 33 0
826 34 30
826 35 41
826 36 31
826 37 0
826 38 35
826 39 35
826 40 32
826 41 29
826 42 28
826 43 0
826 44 0
826 45 0
826 46 0
826 47 31
826 48 31
826 49 31
826 50 30
826 51 39
826 52 37
826 53 34
826 54 0
826 55 0
826 56 0
826 57 0
826 58 37
826 59 34
826 60 35
826 61 30
826 62 35
826 63 33
826 64 37
826 65 33
826 66 24
826 67 0
826 68 0
826 69 33
826 70 34
826 71 40
826 72 38
826 73 34
826 74 33
826 75 39
826 76 32
826 77 39
826 78 0
826 79 0
826 80 0
826 81 36
826 82 34
826 83 29
826 84 38
826 85 38
826 86 40
826 87 43
826 88 30
826 89 40
826 90 47
826 91 30
826 92 39
826 93 30
826 94 0
826 95 37
826 96 33
826 97 34
826 98 31
826 99 0
826 100 30
826 101 32
826 102 31
826 103 27
826 104 30
826 105 0
826 106 32
826 107 29
826 108 29
826 109 37
826 110 38
826 111 45
826 112 39
826 113 38
826 114 37
826 115 23
826 116 0
826 117 40
826 118 35
826 119 39
826 120 32
826 121 37
851 1 31
851 2 34
851 3 33
851 4 32
851 5 39
851 6 42
851 7 38
851 8 32
851 9 0
851 10 0
851 11 0
851 12 48
851 13 36
851 14 34
851 15 34
851 16 39
851 17 32
851 18 41
851 19 33
851 20 0
851 21 0
851 22 0
851 23 39
851 24 33
851 25 30
851 26 0
851 27 51
851 28 39
851 29 30
851 30 29
851 31 0
851 32 0
851 33 0
851 34 27
851 35 46
851 36 32
851 37 0
851 38 36
851 39 38
851 40 31
851 41 18
851 42 29
851 43 0
851 44 0
851 45 0
851 46 0
851 47 32
851 48 30
851 49 33
851 50 37
851 51 35
851 52 34
851 53 41
851 54 0
851 55 0
851 56 0
851 57 0
851 58 31
851 59 39
851 60 36
851 61 36
851 62 33
851 63 30
851 64 32
851 65 42
851 66 29
851 67 0
851 68 0
851 69 37
851 70 29
851 71 38
851 72 38
851 73 38
851 74 32
851 75 39
851 76 26
851 77 38
851 78 0
851 79 0
851 80 0
851 81 40
851 82 29
851 83 29
851 84 39
851 85 33
851 86 38
851 87 39
851 88 34
851 89 38
851 90 42
851 91 30
851 92 39
851 93 35
851 94 0
851 95 40
851 96 33
851 97 40
851 98 38
851 99 0
851 100 31
851 101 30
851 102 30
851 103 31
851 104 33
851 105 0
851 106 35
851 107 33
851 108 34
851 109 31
851 110 32
851 111 52
851 112 35
851 113 32
851 114 33
851 115 30
851 116 0
851 117 40
851 118 34
851 119 31
851 120 30
851 121 37
876 1 30
876 2 31
876 3 38
876 4 35
876 5 47
876 6 34
876 7 29
876 8 33
876 9 0
876 10 0
876 11 0
876 12 42
876 13 38
876 14 40
876 15 38
876 16 43
876 17 38
876 18 38
876 19 33
876 20 0
876 21 0
876 22 0
876 23 40
876 24 32
876 25 28
876 26 0
876 27 49
876 28 31
876 29 29
876 30 31
876 31 0
876 32 0
876 33 0
876 34 30
876 35 46
876 36 34
876 37 0
876 38 31
876 39 31
876 40 29
876 41 20
876 42 27
876 43 0
876 44 0
876 45 0
876 46 0
876 47 30
876 48 30
876 49 33
876 50 36
876 51 32
876 52 36
876 53 41
876 54 0
876 55 0
876 56 0
876 57 0
876 58 40
876 59 38
876 60 38
876 61 40
876 62 37
876 63 35
876 64 33
876 65 38
876 66 33
876 67 0
876 68 0
876 69 35
876 70 29
876 71 30
876 72 33
876 73 33
876 74 35
876 75 31
876 76 30
876 77 40
876 78 0
876 79 0
876 80 0
876 81 35
876 82 40
876 83 30
876 84 37
876 85 39
876 86 38
876 87 40
876 88 32
876 89 33
876 90 40
876 91 29
876 92 41
876 93 39
876 94 0
876 95 39
876 96 39
876 97 46
876 98 39
876 99 0
876 100 26
876 101 32
876 102 22
876 103 39
876 104 40
876 105 0
876 106 29
876 107 31
876 108 40
876 109 31
876 110 40
876 111 47
876 112 38
876 113 38
876 114 30
876 115 30
876 116 0
876 117 40
876 118 34
876 119 36
876 120 29
876 121 38
901 1 32
901 2 39
901 3 30
901 4 30
901 5 41
901 6 35
901 7 39
901 8 40
901 9 0
901 10 0
901 11 0
901 12 42
901 13 37
901 14 42
901 15 39
901 16 40
901 17 33
901 18 43
901 19 35
901 20 0
901 21 0
901 22 0
901 23 35
901 24 38
901 25 24
901 26 0
901 27 45
901 28 38
901 29 30
901 30 30
901 31 0
901 32 0
901 33 0
901 34 34
901 35 42
901 36 34
901 37 0
901 38 38
901 39 37
901 40 26
901 41 19
901 42 33
901 43 0
901 44 0
901 45 0
901 46 0
901 47 30
901 48 32
901 49 39
901 50 34
901 51 40
901 52 35
901 53 35
901 54 0
901 55 0
901 56 0
901 57 0
901 58 29
901 59 40
901 60 39
901 61 40
901 62 40
901 63 33
901 64 35
901 65 27
901 66 31
901 67 0
901 68 0
901 69 40
901 70 32
901 71 32
901 72 36
901 73 30
901 74 37
901 75 38
901 76 30
901 77 38
901 78 0
901 79 0
901 80 0
901 81 38
901 82 30
901 83 31
901 84 41
901 85 34
901 86 40
901 87 46
901 88 28
901 89 37
901 90 42
901 91 39
901 92 40
901 93 37
901 94 0
901 95 40
901 96 38
901 97 45
901 98 39
901 99 0
901 100 26
901 101 31
901 102 26
901 103 31
901 104 32
901 105 0
901 106 33
901 107 32
901 108 33
901 109 35
901 110 37
901 111 52
901 112 40
901 113 35
901 114 28
901 115 22
901 116 0
901 117 37
901 118 40
901 119 35
901 120 31
901 121 40
926 1 33
926 2 32
926 3 38
926 4 39
926 5 43
926 6 33
926 7 39
926 8 43
926 9 0
926 10 0
926 11 0
926 12 45
926 13 36
926 14 30
926 15 35
926 16 44
926 17 37
926 18 36
926 19 37
926 20 0
926 21 0
926 22 0
926 23 36
926 24 33
926 25 30
926 26 0
926 27 42
926 28 35
926 29 30
926 30 31
926 31 0
926 32 0
926 33 0
926 34 36
926 35 42
926 36 33
926 37 0
926 38 38
926 39 38
926 40 32
926 41 23
926 42 24
926 43 0
926 44 0
926 45 0
926 46 0
926 47 32
926 48 30
926 49 33
926 50 39
926 51 42
926 52 41
926 53 37
926 54 0
926 55 0
926 56 0
926 57 0
926 58 40
926 59 39
926 60 40
926 61 30
926 62 35
926 63 38
926 64 32
926 65 24
926 66 29
926 67 0
926 68 0
926 69 37
926 70 30
926 71 37
926 72 32
926 73 31
926 74 38
926 75 41
926 76 31
926 77 40
926 78 0
926 79 0
926 80 0
926 81 38
926 82 37
926 83 29
926 84 40
926 85 35
926 86 39
926 87 40
926 88 30
926 89 39
926 90 39
926 91 34
926 92 32
926 93 37
926 94 0
926 95 32
926 96 27
926 97 38
926 98 36
926 99 0
926 100 27
926 101 40
926 102 31
926 103 31
926 104 40
926 105 0
926 106 28
926 107 36
926 108 32
926 109 30
926 110 34
926 111 50
926 112 40
926 113 33
926 114 35
926 115 23
926 116 0
926 117 30
926 118 40
926 119 42
926 120 35
926 121 38
951 1 35
951 2 31
951 3 39
951 4 32
951 5 36
951 6 40
951 7 34
951 8 38
951 9 0
951 10 0
951 11 0
951 12 42
951 13 37
951 14 31
951 15 40
951 16 39
951 17 38
951 18 33
951 19 30
951 20 0
951 21 0
951 22 0
951 23 34
951 24 28
951 25 29
951 26 0
951 27 40
951 28 38
951 29 30
951 30 34
951 31 0
951 32 0
951 33 0
951 34 30
951 35 39
951 36 35
951 37 0
951 38 32
951 39 35
951 40 31
951 41 17
951 42 31
951 43 0
951 44 0
951 45 0
951 46 0
951 47 29
951 48 30
951 49 33
951 50 35
951 51 35
951 52 33
951 53 41
951 54 0
951 55 0
951 56 0
951 57 0
951 58 37
951 59 35
951 60 31
951 61 34
951 62 40
951 63 40
951 64 41
951 65 30
951 66 28
951 67 0
951 68 0
951 69 39
951 70 30
951 71 30
951 72 36
951 73 30
951 74 31
951 75 36
951 76 30
951 77 39
951 78 0
951 79 0
951 80 0
951 81 33
951 82 44
951 83 32
951 84 44
951 85 39
951 86 40
951 87 41
951 88 30
951 89 39
951 90 38
951 91 24
951 92 36
951 93 31
951 94 0
951 95 40
951 96 34
951 97 37
951 98 30
951 99 0
951 100 29
951 101 38
951 102 35
951 103 28
951 104 31
951 105 0
951 106 39
951 107 36
951 108 36
951 109 38
951 110 36
951 111 47
951 112 39
951 113 40
951 114 31
951 115 27
951 116 0
951 117 38
951 118 38
951 119 40
951 120 30
951 121 34
976 1 30
976 2 32
976 3 31
976 4 29
976 5 41
976 6 40
976 7 37
976 8 31
976 9 0
976 10 0
976 11 0
976 12 40
976 13 32
976 14 33
976 15 40
976 16 41
976 17 34
976 18 34
976 19 36
976 20 0
976 21 0
976 22 0
976 23 35
976 24 37
976 25 30
976 26 0
976 27 43
976 28 39
976 29 28
976 30 33
976 31 0
976 32 0
976 33 0
976 34 30
976 35 40
976 36 38
976 37 0
976 38 31
976 39 35
976 40 29
976 41 16
976 42 31
976 43 0
976 44 0
976 45 0
976 46 0
976 47 34
976 48 30
976 49 39
976 50 35
976 51 37
976 52 36
976 53 35
976 54 0
976 55 0
976 56 0
976 57 0
976 58 30
976 59 41
976 60 39
976 61 33
976 62 41
976 63 38
976 64 40
976 65 25
976 66 30
976 67 0
976 68 0
976 69 42
976 70 36
976 71 30
976 72 34
976 73 28
976 74 43
976 75 39
976 76 31
976 77 39
976 78 0
976 79 0
976 80 0
976 81 31
976 82 31
976 83 21
976 84 38
976 85 37
976 86 39
976 87 47
976 88 26
976 89 40
976 90 38
976 91 35
976 92 41
976 93 38
976 94 0
976 95 41
976 96 26
976 97 33
976 98 35
976 99 0
976 100 29
976 101 38
976 102 31
976 103 31
976 104 34
976 105 0
976 106 30
976 107 29
976 108 33
976 109 41
976 110 35
976 111 43
976 112 38
976 113 36
976 114 40
976 115 29
976 116 0
976 117 38
976 118 40
976 119 37
976 120 28
976 121 32
1001 1 33
1001 2 40
1001 3 40
1001 4 29
1001 5 42
1001 6 38
1001 7 39
1001 8 39
1001 9 0
1001 10 0
1001 11 0
1001 12 40
1001 13 40
1001 14 38
1001 15 37
1001 16 39
1001 17 39
1001 18 39
1001 19 36
1001 20 0
1001 21 0
1001 22 0
1001 23 36
1001 24 32
1001 25 30
1001 26 0
1001 27 47
1001 28 34
1001 29 30
1001 30 32
1001 31 0
1001 32 0
1001 33 0
1001 34 31
1001 35 47
1001 36 29
1001 37 0
1001 38 38
1001 39 36
1001 40 31
1001 41 19
1001 42 29
1001 43 0
1001 44 0
1001 45 0
1001 46 0
1001 47 32
1001 48 31
1001 49 35
1001 50 35
1001 51 40
1001 52 38
1001 53 33
1001 54 0
1001 55 0
1001 56 0
1001 57 0
1001 58 39
1001 59 40
1001 60 31
1001 61 30
1001 62 40
1001 63 31
1001 64 37
1001 65 28
1001 66 30
1001 67 0
1001 68 0
1001 69 29
1001 70 30
1001 71 32
1001 72 36
1001 73 31
1001 74 34
1001 75 40
1001 76 34
1001 77 39
1001 78 0
1001 79 0
1001 80 0
1001 81 37
1001 82 31
1001 83 30
1001 84 41
1001 85 33
1001 86 39
1001 87 50
1001 88 30
1001 89 39
1001 90 39
1001 91 37
1001 92 33
1001 93 33
1001 94 0
1001 95 40
1001 96 37
1001 97 39
1001 98 30
1001 99 0
1001 100 35
1001 101 35
1001 102 33
1001 103 28
1001 104 28
1001 105 0
1001 106 30
1001 107 34
1001 108 30
1001 109 36
1001 110 35
1001 111 48
1001 112 39
1001 113 36
1001 114 30
1001 115 31
1001 116 0
1001 117 35
1001 118 40
1001 119 36
1001 120 34
1001 121 29
1026 1 30
1026 2 36
1026 3 30
1026 4 35
1026 5 46
1026 6 36
1026 7 36
1026 8 37
1026 9 0
1026 10 0
1026 11 0
1026 12 50
1026 13 31
1026 14 37
1026 15 37
1026 16 48
1026 17 37
1026 18 35
1026 19 32
1026 20 0
1026 21 0
1026 22 0
1026 23 44
1026 24 32
1026 25 26
1026 26 0
1026 27 46
1026 28 40
1026 29 29
1026 30 30
1026 31 0
1026 32 0
1026 33 0
1026 34 39
1026 35 40
1026 36 34
1026 37 0
1026 38 39
1026 39 39
1026 40 28
1026 41 20
1026 42 24
1026 43 0
1026 44 0
1026 45 0
1026 46 0
1026 47 28
1026 48 32
1026 49 36
1026 50 34
1026 51 38
1026 52 30
1026 53 33
1026 54 0
1026 55 0
1026 56 0
1026 57 0
1026 58 37
1026 59 40
1026 60 41
1026 61 26
1026 62 38
1026 63 40
1026 64 33
1026 65 19
1026 66 34
1026 67 0
1026 68 0
1026 69 34
1026 70 36
1026 71 36
1026 72 37
1026 73 39
1026 74 41
1026 75 36
1026 76 24
1026 77 40
1026 78 0
1026 79 0
1026 80 0
1026 81 43
1026 82 38
1026 83 29
1026 84 40
1026 85 40
1026 86 38
1026 87 44
1026 88 30
1026 89 30
1026 90 40
1026 91 22
1026 92 34
1026 93 37
1026 94 0
1026 95 39
1026 96 32
1026 97 35
1026 98 33
1026 99 0
1026 100 30
1026 101 44
1026 102 33
1026 103 28
1026 104 35
1026 105 0
1026 106 34
1026 107 36
1026 108 31
1026 109 38
1026 110 37
1026 111 45
1026 112 40
1026 113 35
1026 114 32
1026 115 20
1026 116 0
1026 117 39
1026 118 35
1026 119 40
1026 120 31
1026 121 26
1051 1 35
1051 2 37
1051 3 34
1051 4 37
1051 5 39
1051 6 40
1051 7 30
1051 8 40
1051 9 0
1051 10 0
1051 11 0
1051 12 46
1051 13 36
1051 14 35
1051 15 36
1051 16 42
1051 17 30
1051 18 39
1051 19 30
1051 20 0
1051 21 0
1051 22 0
1051 23 39
1051 24 30
1051 25 29
1051 26 0
1051 27 43
1051 28 29
1051 29 29
1051 30 38
1051 31 0
1051 32 0
1051 33 0
1051 34 32
1051 35 41
1051 36 37
1051 37 0
1051 38 31
1051 39 39
1051 40 26
1051 41 22
1051 42 28
1051 43 0
1051 44 0
1051 45 0
1051 46 0
1051 47 29
1051 48 29
1051 49 34
1051 50 39
1051 51 38
1051 52 34
1051 53 40
1051 54 0
1051 55 0
1051 56 0
1051 57 0
1051 58 40
1051 59 36
1051 60 39
1051 61 39
1051 62 37
1051 63 30
1051 64 40
1051 65 27
1051 66 30
1051 67 0
1051 68 0
1051 69 40
1051 70 30
1051 71 32
1051 72 41
1051 73 30
1051 74 36
1051 75 38
1051 76 30
1051 77 36
1051 78 0
1051 79 0
1051 80 0
1051 81 31
1051 82 36
1051 83 30
1051 84 35
1051 85 38
1051 86 40
1051 87 42
1051 88 32
1051 89 36
1051 90 40
1051 91 29
1051 92 31
1051 93 35
1051 94 0
1051 95 35
1051 96 32
1051 97 37
1051 98 39
1051 99 0
1051 100 30
1051 101 32
1051 102 30
1051 103 32
1051 104 30
1051 105 0
1051 106 29
1051 107 38
1051 108 36
1051 109 33
1051 110 40
1051 111 45
1051 112 35
1051 113 37
1051 114 37
1051 115 26
1051 116 0
1051 117 40
1051 118 29
1051 119 42
1051 120 30
1051 121 34
1076 1 31
1076 2 38
1076 3 37
1076 4 31
1076 5 41
1076 6 35
1076 7 32
1076 8 33
1076 9 0
1076 10 0
1076 11 0
1076 12 39
1076 13 30
1076 14 38
1076 15 31
1076 16 43
1076 17 30
1076 18 39
1076 19 34
1076 20 0
1076 21 0
1076 22 0
1076 23 34
1076 24 33
1076 25 29
1076 26 0
1076 27 44
1076 28 31
1076 29 29
1076 30 29
1076 31 0
1076 32 0
1076 33 0
1076 34 40
1076 35 49
1076 36 31
1076 37 0
1076 38 37
1076 39 36
1076 40 31
1076 41 20
1076 42 30
1076 43 0
1076 44 0
1076 45 0
1076 46 0
1076 47 30
1076 48 31
1076 49 39
1076 50 34
1076 51 39
1076 52 38
1076 53 36
1076 54 0
1076 55 0
1076 56 0
1076 57 0
1076 58 34
1076 59 42
1076 60 34
1076 61 39
1076 62 41
1076 63 37
1076 64 38
1076 65 28
1076 66 33
1076 67 0
1076 68 0
1076 69 31
1076 70 29
1076 71 36
1076 72 38
1076 73 31
1076 74 41
1076 75 31
1076 76 25
1076 77 40
1076 78 0
1076 79 0
1076 80 0
1076 81 37
1076 82 35
1076 83 31
1076 84 40
1076 85 29
1076 86 37
1076 87 43
1076 88 31
1076 89 38
1076 90 40
1076 91 41
1076 92 39
1076 93 31
1076 94 0
1076 95 41
1076 96 30
1076 97 31
1076 98 35
1076 99 0
1076 100 32
1076 101 31
1076 102 30
1076 103 32
1076 104 35
1076 105 0
1076 106 40
1076 107 34
1076 108 32
1076 109 39
1076 110 30
1076 111 43
1076 112 44
1076 113 30
1076 114 33
1076 115 27
1076 116 0
1076 117 37
1076 118 40
1076 119 36
1076 120 30
1076 121 36
1101 1 29
1101 2 40
1101 3 39
1101 4 31
1101 5 36
1101 6 32
1101 7 36
1101 8 40
1101 9 0
1101 10 0
1101 11 0
1101 12 39
1101 13 38
1101 14 31
1101 15 30
1101 16 42
1101 17 36
1101 18 32
1101 19 33
1101 20 0
1101 21 0
1101 22 0
1101 23 35
1101 24 30
1101 25 27
1101 26 0
1101 27 39
1101 28 38
1101 29 24
1101 30 31
1101 31 0
1101 32 0
1101 33 0
1101 34 37
1101 35 39
1101 36 36
1101 37 0
1101 38 40
1101 39 30
1101 40 30
1101 41 20
1101 42 30
1101 43 0
1101 44 0
1101 45 0
1101 46 0
1101 47 30
1101 48 40
1101 49 36
1101 50 33
1101 51 30
1101 52 40
1101 53 36
1101 54 0
1101 55 0
1101 56 0
1101 57 0
1101 58 30
1101 59 40
1101 60 30
1101 61 38
1101 62 38
1101 63 40
1101 64 32
1101 65 30
1101 66 28
1101 67 0
1101 68 0
1101 69 29
1101 70 34
1101 71 33
1101 72 36
1101 73 35
1101 74 30
1101 75 34
1101 76 30
1101 77 37
1101 78 0
1101 79 0
1101 80 0
1101 81 42
1101 82 41
1101 83 26
1101 84 39
1101 85 39
1101 86 32
1101 87 41
1101 88 28
1101 89 38
1101 90 41
1101 91 31
1101 92 34
1101 93 34
1101 94 0
1101 95 40
1101 96 35
1101 97 35
1101 98 39
1101 99 0
1101 100 29
1101 101 32
1101 102 30
1101 103 39
1101 104 32
1101 105 0
1101 106 36
1101 107 32
1101 108 32
1101 109 37
1101 110 32
1101 111 50
1101 112 36
1101 113 36
1101 114 34
1101 115 26
1101 116 0
1101 117 35
1101 118 38
1101 119 31
1101 120 33
1101 121 38
1126 1 29
1126 2 37
1126 3 35
1126 4 33
1126 5 38
1126 6 33
1126 7 37
1126 8 36
1126 9 0
1126 10 0
1126 11 0
1126 12 47
1126 13 37
1126 14 30
1126 15 42
1126 16 40
1126 17 38
1126 18 31
1126 19 33
1126 20 0
1126 21 0
1126 22 0
1126 23 30
1126 24 30
1126 25 32
1126 26 0
1126 27 48
1126 28 33
1126 29 28
1126 30 36
1126 31 0
1126 32 0
1126 33 0
1126 34 36
1126 35 40
1126 36 40
1126 37 0
1126 38 40
1126 39 35
1126 40 29
1126 41 21
1126 42 22
1126 43 0
1126 44 0
1126 45 0
1126 46 0
1126 47 31
1126 48 35
1126 49 31
1126 50 27
1126 51 38
1126 52 39
1126 53 40
1126 54 0
1126 55 0
1126 56 0
1126 57 0
1126 58 34
1126 59 38
1126 60 40
1126 61 37
1126 62 31
1126 63 41
1126 64 40
1126 65 28
1126 66 28
1126 67 0
1126 68 0
1126 69 37
1126 70 30
1126 71 29
1126 72 40
1126 73 35
1126 74 31
1126 75 35
1126 76 32
1126 77 39
1126 78 0
1126 79 0
1126 80 0
1126 81 37
1126 82 40
1126 83 32
1126 84 36
1126 85 39
1126 86 35
1126 87 39
1126 88 23
1126 89 31
1126 90 40
1126 91 27
1126 92 33
1126 93 37
1126 94 0
1126 95 38
1126 96 31
1126 97 44
1126 98 33
1126 99 0
1126 100 31
1126 101 34
1126 102 31
1126 103 33
1126 104 31
1126 105 0
1126 106 31
1126 107 30
1126 108 32
1126 109 40
1126 110 40
1126 111 46
1126 112 40
1126 113 39
1126 114 30
1126 115 30
1126 116 0
1126 117 35
1126 118 38
1126 119 37
1126 120 39
1126 121 38
1151 1 30
1151 2 38
1151 3 32
1151 4 31
1151 5 41
1151 6 32
1151 7 30
1151 8 39
1151 9 0
1151 10 0
1151 11 0
1151 12 48
1151 13 33
1151 14 31
1151 15 34
1151 16 42
1151 17 30
1151 18 34
1151 19 35
1151 20 0
1151 21 0
1151 22 0
1151 23 39
1151 24 32
1151 25 28
1151 26 0
1151 27 41
1151 28 28
1151 29 30
1151 30 31
1151 31 0
1151 32 0
1151 33 0
1151 34 36
1151 35 41
1151 36 37
1151 37 0
1151 38 38
1151 39 36
1151 40 31
1151 41 16
1151 42 33
1151 43 0
1151 44 0
1151 45 0
1151 46 0
1151 47 30
1151 48 28
1151 49 35
1151 50 32
1151 51 38
1151 52 38
1151 53 31
1151 54 0
1151 55 0
1151 56 0
1151 57 0
1151 58 27
1151 59 37
1151 60 40
1151 61 30
1151 62 30
1151 63 40
1151 64 41
1151 65 28
1151 66 31
1151 67 0
1151 68 0
1151 69 31
1151 70 34
1151 71 38
1151 72 39
1151 73 30
1151 74 36
1151 75 28
1151 76 29
1151 77 39
1151 78 0
1151 79 0
1151 80 0
1151 81 40
1151 82 37
1151 83 28
1151 84 40
1151 85 42
1151 86 31
1151 87 43
1151 88 35
1151 89 32
1151 90 41
1151 91 30
1151 92 40
1151 93 33
1151 94 0
1151 95 34
1151 96 33
1151 97 39
1151 98 37
1151 99 0
1151 100 30
1151 101 34
1151 102 29
1151 103 28
1151 104 31
1151 105 0
1151 106 30
1151 107 30
1151 108 29
1151 109 34
1151 110 31
1151 111 42
1151 112 36
1151 113 33
1151 114 38
1151 115 24
1151 116 0
1151 117 34
1151 118 30
1151 119 38
1151 120 36
1151 121 38
1176 1 32
1176 2 38
1176 3 41
1176 4 33
1176 5 37
1176 6 30
1176 7 39
1176 8 40
1176 9 0
1176 10 0
1176 11 0
1176 12 46
1176 13 41
1176 14 37
1176 15 36
1176 16 38
1176 17 34
1176 18 36
1176 19 32
1176 20 0
1176 21 0
1176 22 0
1176 23 33
1176 24 34
1176 25 30
1176 26 0
1176 27 46
1176 28 41
1176 29 30
1176 30 37
1176 31 0
1176 32 0
1176 33 0
1176 34 37
1176 35 40
1176 36 31
1176 37 0
1176 38 34
1176 39 39
1176 40 29
1176 41 20
1176 42 30
1176 43 0
1176 44 0
1176 45 0
1176 46 0
1176 47 30
1176 48 35
1176 49 31
1176 50 30
1176 51 30
1176 52 36
1176 53 39
1176 54 0
1176 55 0
1176 56 0
1176 57 0
1176 58 40
1176 59 39
1176 60 30
1176 61 30
1176 62 37
1176 63 32
1176 64 38
1176 65 30
1176 66 30
1176 67 0
1176 68 0
1176 69 28
1176 70 37
1176 71 37
1176 72 37
1176 73 25
1176 74 36
1176 75 38
1176 76 31
1176 77 41
1176 78 0
1176 79 0
1176 80 0
1176 81 35
1176 82 34
1176 83 26
1176 84 37
1176 85 40
1176 86 37
1176 87 43
1176 88 30
1176 89 35
1176 90 37
1176 91 35
1176 92 34
1176 93 30
1176 94 0
1176 95 39
1176 96 35
1176 97 39
1176 98 39
1176 99 0
1176 100 28
1176 101 36
1176 102 31
1176 103 21
1176 104 33
1176 105 0
1176 106 38
1176 107 32
1176 108 37
1176 109 42
1176 110 37
1176 111 46
1176 112 39
1176 113 32
1176 114 40
1176 115 27
1176 116 0
1176 117 38
1176 118 33
1176 119 39
1176 120 28
1176 121 40
1201 1 37
1201 2 30
1201 3 38
1201 4 30
1201 5 50
1201 6 42
1201 7 44
1201 8 39
1201 9 0
1201 10 0
1201 11 0
1201 12 40
1201 13 40
1201 14 31
1201 15 38
1201 16 43
1201 17 29
1201 18 31
1201 19 30
1201 20 0
1201 21 0
1201 22 0
1201 23 33
1201 24 36
1201 25 30
1201 26 0
1201 27 50
1201 28 36
1201 29 35
1201 30 31
1201 31 0
1201 32 0
1201 33 0
1201 34 28
1201 35 47
1201 36 35
1201 37 0
1201 38 40
1201 39 37
1201 40 30
1201 41 20
1201 42 29
1201 43 0
1201 44 0
1201 45 0
1201 46 0
1201 47 32
1201 48 31
1201 49 29
1201 50 40
1201 51 34
1201 52 41
1201 53 33
1201 54 0
1201 55 0
1201 56 0
1201 57 0
1201 58 40
1201 59 40
1201 60 36
1201 61 41
1201 62 33
1201 63 33
1201 64 30
1201 65 25
1201 66 35
1201 67 0
1201 68 0
1201 69 36
1201 70 32
1201 71 32
1201 72 30
1201 73 33
1201 74 40
1201 75 41
1201 76 24
1201 77 36
1201 78 0
1201 79 0
1201 80 0
1201 81 39
1201 82 40
1201 83 29
1201 84 33
1201 85 39
1201 86 35
1201 87 40
1201 88 30
1201 89 33
1201 90 41
1201 91 31
1201 92 36
1201 93 30
1201 94 0
1201 95 40
1201 96 40
1201 97 38
1201 98 47
1201 99 0
1201 100 27
1201 101 35
1201 102 28
1201 103 35
1201 104 31
1201 105 0
1201 106 35
1201 107 37
1201 108 37
1201 109 40
1201 110 38
1201 111 51
1201 112 35
1201 113 36
1201 114 32
1201 115 29
1201 116 0
1201 117 40
1201 118 39
1201 119 37
1201 120 29
1201 121 32
1226 1 33
1226 2 40
1226 3 36
1226 4 38
1226 5 46
1226 6 34
1226 7 33
1226 8 39
1226 9 0
1226 10 0
1226 11 0
1226 12 40
1226 13 33
1226 14 38
1226 15 40
1226 16 41
1226 17 38
1226 18 39
1226 19 34
1226 20 0
1226 21 0
1226 22 0
1226 23 42
1226 24 31
1226 25 30
1226 26 0
1226 27 41
1226 28 35
1226 29 33
1226 30 30
1226 31 0
1226 32 0
1226 33 0
1226 34 37
1226 35 40
1226 36 31
1226 37 0
1226 38 31
1226 39 35
1226 40 32
1226 41 20
1226 42 28
1226 43 0
1226 44 0
1226 45 0
1226 46 0
1226 47 32
1226 48 36
1226 49 37
1226 50 33
1226 51 38
1226 52 30
1226 53 33
1226 54 0
1226 55 0
1226 56 0
1226 57 0
1226 58 39
1226 59 41
1226 60 32
1226 61 36
1226 62 31
1226 63 36
1226 64 38
1226 65 29
1226 66 32
1226 67 0
1226 68 0
1226 69 36
1226 70 28
1226 71 31
1226 72 36
1226 73 41
1226 74 37
1226 75 36
1226 76 30
1226 77 36
1226 78 0
1226 79 0
1226 80 0
1226 81 36
1226 82 38
1226 83 26
1226 84 33
1226 85 36
1226 86 34
1226 87 44
1226 88 27
1226 89 41
1226 90 35
1226 91 33
1226 92 37
1226 93 39
1226 94 0
1226 95 38
1226 96 30
1226 97 31
1226 98 30
1226 99 0
1226 100 31
1226 101 39
1226 102 32
1226 103 30
1226 104 30
1226 105 0
1226 106 34
1226 107 32
1226 108 35
1226 109 36
1226 110 34
1226 111 44
1226 112 43
1226 113 40
1226 114 36
1226 115 21
1226 116 0
1226 117 38
1226 118 44
1226 119 41
1226 120 32
1226 121 31
1251 1 39
1251 2 37
1251 3 36
1251 4 30
1251 5 39
1251 6 40
1251 7 34
1251 8 38
1251 9 0
1251 10 0
1251 11 0
1251 12 49
1251 13 40
1251 14 43
1251 15 41
1251 16 45
1251 17 38
1251 18 35
1251 19 31
1251 20 0
1251 21 0
1251 22 0
1251 23 41
1251 24 39
1251 25 30
1251 26 0
1251 27 49
1251 28 37
1251 29 24
1251 30 31
1251 31 0
1251 32 0
1251 33 0
1251 34 32
1251 35 47
1251 36 34
1251 37 0
1251 38 44
1251 39 38
1251 40 31
1251 41 18
1251 42 26
1251 43 0
1251 44 0
1251 45 0
1251 46 0
1251 47 26
1251 48 35
1251 49 36
1251 50 31
1251 51 36
1251 52 36
1251 53 41
1251 54 0
1251 55 0
1251 56 0
1251 57 0
1251 58 30
1251 59 40
1251 60 40
1251 61 38
1251 62 28
1251 63 28
1251 64 38
1251 65 30
1251 66 28
1251 67 0
1251 68 0
1251 69 33
1251 70 39
1251 71 31
1251 72 39
1251 73 29
1251 74 37
1251 75 34
1251 76 29
1251 77 39
1251 78 0
1251 79 0
1251 80 0
1251 81 40
1251 82 35
1251 83 30
1251 84 34
1251 85 40
1251 86 34
1251 87 41
1251 88 30
1251 89 40
1251 90 42
1251 91 30
1251 92 30
1251 93 32
1251 94 0
1251 95 34
1251 96 29
1251 97 39
1251 98 35
1251 99 0
1251 100 32
1251 101 41
1251 102 32
1251 103 32
1251 104 33
1251 105 0
1251 106 28
1251 107 28
1251 108 31
1251 109 41
1251 110 36
1251 111 39
1251 112 39
1251 113 35
1251 114 35
1251 115 20
1251 116 0
1251 117 32
1251 118 43
1251 119 39
1251 120 35
1251 121 41
1276 1 32
1276 2 39
1276 3 41
1276 4 33
1276 5 41
1276 6 35
1276 7 41
1276 8 38
1276 9 0
1276 10 0
1276 11 0
1276 12 49
1276 13 33
1276 14 35
1276 15 40
1276 16 43
1276 17 34
1276 18 40
1276 19 30
1276 20 0
1276 21 0
1276 22 0
1276 23 35
1276 24 32
1276 25 31
1276 26 0
1276 27 39
1276 28 30
1276 29 28
1276 30 32
1276 31 0
1276 32 0
1276 33 0
1276 34 35
1276 35 44
1276 36 30
1276 37 0
1276 38 30
1276 39 34
1276 40 36
1276 41 24
1276 42 31
1276 43 0
1276 44 0
1276 45 0
1276 46 0
1276 47 26
1276 48 30
1276 49 34
1276 50 29
1276 51 36
1276 52 40
1276 53 30
1276 54 0
1276 55 0
1276 56 0
1276 57 0
1276 58 31
1276 59 37
1276 60 35
1276 61 33
1276 62 37
1276 63 38
1276 64 36
1276 65 31
1276 66 38
1276 67 0
1276 68 0
1276 69 36
1276 70 31
1276 71 39
1276 72 35
1276 73 30
1276 74 36
1276 75 30
1276 76 37
1276 77 37
1276 78 0
1276 79 0
1276 80 0
1276 81 40
1276 82 36
1276 83 27
1276 84 40
1276 85 38
1276 86 41
1276 87 50
1276 88 31
1276 89 41
1276 90 39
1276 91 25
1276 92 34
1276 93 33
1276 94 0
1276 95 42
1276 96 32
1276 97 32
1276 98 39
1276 99 0
1276 100 35
1276 101 35
1276 102 29
1276 103 35
1276 104 33
1276 105 0
1276 106 30
1276 107 30
1276 108 26
1276 109 31
1276 110 39
1276 111 49
1276 112 39
1276 113 34
1276 114 31
1276 115 29
1276 116 0
1276 117 34
1276 118 37
1276 119 40
1276 120 36
1276 121 31
1301 1 30
1301 2 32
1301 3 31
1301 4 31
1301 5 37
1301 6 32
1301 7 35
1301 8 33
1301 9 0
1301 10 0
1301 11 0
1301 12 41
1301 13 39
1301 14 33
1301 15 39
1301 16 41
1301 17 35
1301 18 35
1301 19 30
1301 20 0
1301 21 0
1301 22 0
1301 23 30
1301 24 26
1301 25 30
1301 26 0
1301 27 43
1301 28 38
1301 29 28
1301 30 33
1301 31 0
1301 32 0
1301 33 0
1301 34 37
1301 35 43
1301 36 31
1301 37 0
1301 38 36
1301 39 39
1301 40 29
1301 41 19
1301 42 25
1301 43 0
1301 44 0
1301 45 0
1301 46 0
1301 47 18
1301 48 31
1301 49 41
1301 50 30
1301 51 33
1301 52 34
1301 53 38
1301 54 0
1301 55 0
1301 56 0
1301 57 0
1301 58 32
1301 59 40
1301 60 35
1301 61 35
1301 62 37
1301 63 39
1301 64 38
1301 65 32
1301 66 32
1301 67 0
1301 68 0
1301 69 36
1301 70 38
1301 71 34
1301 72 36
1301 73 32
1301 74 40
1301 75 42
1301 76 36
1301 77 36
1301 78 0
1301 79 0
1301 80 0
1301 81 37
1301 82 38
1301 83 29
1301 84 37
1301 85 39
1301 86 30
1301 87 41
1301 88 30
1301 89 38
1301 90 40
1301 91 31
1301 92 41
1301 93 39
1301 94 0
1301 95 41
1301 96 33
1301 97 31
1301 98 31
1301 99 0
1301 100 30
1301 101 30
1301 102 30
1301 103 28
1301 104 25
1301 105 0
1301 106 37
1301 107 28
1301 108 40
1301 109 37
1301 110 38
1301 111 49
1301 112 41
1301 113 40
1301 114 30
1301 115 20
1301 116 0
1301 117 39
1301 118 36
1301 119 40
1301 120 30
1301 121 36
1326 1 31
1326 2 31
1326 3 34
1326 4 29
1326 5 45
1326 6 40
1326 7 38
1326 8 38
1326 9 0
1326 10 0
1326 11 0
1326 12 47
1326 13 38
1326 14 30
1326 15 40
1326 16 47
1326 17 39
1326 18 34
1326 19 34
1326 20 0
1326 21 0
1326 22 0
1326 23 37
1326 24 30
1326 25 30
1326 26 0
1326 27 39
1326 28 30
1326 29 31
1326 30 31
1326 31 0
1326 32 0
1326 33 0
1326 34 40
1326 35 39
1326 36 33
1326 37 0
1326 38 35
1326 39 40
1326 40 29
1326 41 21
1326 42 30
1326 43 0
1326 44 0
1326 45 0
1326 46 0
1326 47 29
1326 48 31
1326 49 32
1326 50 38
1326 51 38
1326 52 40
1326 53 29
1326 54 0
1326 55 0
1326 56 0
1326 57 0
1326 58 42
1326 59 40
1326 60 38
1326 61 28
1326 62 36
1326 63 36
1326 64 36
1326 65 25
1326 66 31
1326 67 0
1326 68 0
1326 69 38
1326 70 29
1326 71 37
1326 72 44
1326 73 32
1326 74 31
1326 75 34
1326 76 29
1326 77 41
1326 78 0
1326 79 0
1326 80 0
1326 81 41
1326 82 36
1326 83 31
1326 84 30
1326 85 34
1326 86 34
1326 87 41
1326 88 30
1326 89 31
1326 90 44
1326 91 30
1326 92 40
1326 93 36
1326 94 0
1326 95 37
1326 96 40
1326 97 30
1326 98 30
1326 99 0
1326 100 31
1326 101 33
1326 102 36
1326 103 32
1326 104 35
1326 105 0
1326 106 39
1326 107 29
1326 108 30
1326 109 33
1326 110 33
1326 111 43
1326 112 39
1326 113 32
1326 114 31
1326 115 22
1326 116 0
1326 117 31
1326 118 39
1326 119 40
1326 120 30
1326 121 35
1351 1 32
1351 2 32
1351 3 34
1351 4 34
1351 5 45
1351 6 38
1351 7 36
1351 8 41
1351 9 0
1351 10 0
1351 11 0
1351 12 44
1351 13 38
1351 14 38
1351 15 39
1351 16 45
1351 17 37
1351 18 38
1351 19 37
1351 20 0
1351 21 0
1351 22 0
1351 23 32
1351 24 32
1351 25 24
1351 26 0
1351 27 50
1351 28 41
1351 29 32
1351 30 33
1351 31 0
1351 32 0
1351 33 0
1351 34 32
1351 35 38
1351 36 34
1351 37 0
1351 38 37
1351 39 40
1351 40 23
1351 41 21
1351 42 21
1351 43 0
1351 44 0
1351 45 0
1351 46 0
1351 47 29
1351 48 29
1351 49 37
1351 50 30
1351 51 32
1351 52 38
1351 53 38
1351 54 0
1351 55 0
1351 56 0
1351 57 0
1351 58 32
1351 59 41
1351 60 38
1351 61 33
1351 62 35
1351 63 40
1351 64 33
1351 65 26
1351 66 33
1351 67 0
1351 68 0
1351 69 35
1351 70 39
1351 71 35
1351 72 40
1351 73 28
1351 74 37
1351 75 36
1351 76 35
1351 77 35
1351 78 0
1351 79 0
1351 80 0
1351 81 30
1351 82 39
1351 83 28
1351 84 41
1351 85 31
1351 86 35
1351 87 43
1351 88 32
1351 89 36
1351 90 40
1351 91 30
1351 92 40
1351 93 40
1351 94 0
1351 95 40
1351 96 32
1351 97 43
1351 98 39
1351 99 0
1351 100 29
1351 101 33
1351 102 31
1351 103 31
1351 104 32
1351 105 0
1351 106 37
1351 107 31
1351 108 37
1351 109 39
1351 110 34
1351 111 48
1351 112 40
1351 113 36
1351 114 34
1351 115 24
1351 116 0
1351 117 41
1351 118 37
1351 119 36
1351 120 31
1351 121 40
1376 1 35
1376 2 41
1376 3 40
1376 4 33
1376 5 46
1376 6 33
1376 7 39
1376 8 40
1376 9 0
1376 10 0
1376 11 0
1376 12 40
1376 13 37
1376 14 36
1376 15 36
1376 16 40
1376 17 36
1376 18 30
1376 19 31
1376 20 0
1376 21 0
1376 22 0
1376 23 39
1376 24 41
1376 25 24
1376 26 0
1376 27 45
1376 28 39
1376 29 27
1376 30 36
1376 31 0
1376 32 0
1376 33 0
1376 34 36
1376 35 49
1376 36 34
1376 37 0
1376 38 39
1376 39 39
1376 40 30
1376 41 29
1376 42 29
1376 43 0
1376 44 0
1376 45 0
1376 46 0
1376 47 31
1376 48 39
1376 49 30
1376 50 39
1376 51 39
1376 52 39
1376 53 41
1376 54 0
1376 55 0
1376 56 0
1376 57 0
1376 58 31
1376 59 38
1376 60 38
1376 61 33
1376 62 35
1376 63 33
1376 64 34
1376 65 28
1376 66 26
1376 67 0
1376 68 0
1376 69 38
1376 70 31
1376 71 39
1376 72 37
1376 73 31
1376 74 36
1376 75 42
1376 76 29
1376 77 40
1376 78 0
1376 79 0
1376 80 0
1376 81 46
1376 82 37
1376 83 27
1376 84 40
1376 85 34
1376 86 35
1376 87 40
1376 88 31
1376 89 39
1376 90 39
1376 91 34
1376 92 39
1376 93 39
1376 94 0
1376 95 39
1376 96 30
1376 97 38
1376 98 35
1376 99 0
1376 100 29
1376 101 27
1376 102 32
1376 103 31
1376 104 31
1376 105 0
1376 106 37
1376 107 37
1376 108 32
1376 109 38
1376 110 40
1376 111 50
1376 112 39
1376 113 40
1376 114 30
1376 115 23
1376 116 0
1376 117 33
1376 118 42
1376 119 34
1376 120 30
1376 121 35
1401 1 34
1401 2 41
1401 3 39
1401 4 31
1401 5 41
1401 6 28
1401 7 32
1401 8 40
1401 9 0
1401 10 0
1401 11 0
1401 12 40
1401 13 33
1401 14 38
1401 15 39
1401 16 50
1401 17 29
1401 18 34
1401 19 41
1401 20 0
1401 21 0
1401 22 0
1401 23 32
1401 24 36
1401 25 31
1401 26 0
1401 27 47
1401 28 37
1401 29 38
1401 30 33
1401 31 0
1401 32 0
1401 33 0
1401 34 37
1401 35 39
1401 36 38
1401 37 0
1401 38 31
1401 39 39
1401 40 30
1401 41 27
1401 42 29
1401 43 0
1401 44 0
1401 45 0
1401 46 0
1401 47 30
1401 48 31
1401 49 40
1401 50 33
1401 51 36
1401 52 40
1401 53 39
1401 54 0
1401 55 0
1401 56 0
1401 57 0
1401 58 30
1401 59 39
1401 60 37
1401 61 35
1401 62 30
1401 63 30
1401 64 36
1401 65 29
1401 66 32
1401 67 0
1401 68 0
1401 69 34
1401 70 33
1401 71 32
1401 72 37
1401 73 36
1401 74 31
1401 75 42
1401 76 29
1401 77 30
1401 78 0
1401 79 0
1401 80 0
1401 81 39
1401 82 40
1401 83 25
1401 84 35
1401 85 40
1401 86 38
1401 87 41
1401 88 31
1401 89 36
1401 90 38
1401 91 31
1401 92 37
1401 93 37
1401 94 0
1401 95 35
1401 96 33
1401 97 30
1401 98 39
1401 99 0
1401 100 27
1401 101 32
1401 102 36
1401 103 33
1401 104 32
1401 105 0
1401 106 30
1401 107 35
1401 108 38
1401 109 41
1401 110 34
1401 111 46
1401 112 35
1401 113 39
1401 114 37
1401 115 29
1401 116 0
1401 117 39
1401 118 38
1401 119 32
1401 120 38
1401 121 32
1426 1 29
1426 2 32
1426 3 40
1426 4 43
1426 5 39
1426 6 36
1426 7 31
1426 8 40
1426 9 0
1426 10 0
1426 11 0
1426 12 45
1426 13 35
1426 14 33
1426 15 38
1426 16 45
1426 17 35
1426 18 37
1426 19 31
1426 20 0
1426 21 0
1426 22 0
1426 23 41
1426 24 31
1426 25 29
1426 26 0
1426 27 41
1426 28 37
1426 29 29
1426 30 27
1426 31 0
1426 32 0
1426 33 0
1426 34 31
1426 35 39
1426 36 30
1426 37 0
1426 38 34
1426 39 39
1426 40 31
1426 41 20
1426 42 32
1426 43 0
1426 44 0
1426 45 0
1426 46 0
1426 47 27
1426 48 30
1426 49 36
1426 50 36
1426 51 39
1426 52 38
1426 53 29
1426 54 0
1426 55 0
1426 56 0
1426 57 0
1426 58 34
1426 59 40
1426 60 38
1426 61 31
1426 62 34
1426 63 41
1426 64 30
1426 65 26
1426 66 33
1426 67 0
1426 68 0
1426 69 42
1426 70 39
1426 71 33
1426 72 38
1426 73 41
1426 74 40
1426 75 39
1426 76 30
1426 77 33
1426 78 0
1426 79 0
1426 80 0
1426 81 36
1426 82 37
1426 83 30
1426 84 40
1426 85 40
1426 86 36
1426 87 38
1426 88 32
1426 89 38
1426 90 40
1426 91 33
1426 92 36
1426 93 40
1426 94 0
1426 95 37
1426 96 32
1426 97 37
1426 98 35
1426 99 0
1426 100 27
1426 101 34
1426 102 26
1426 103 28
1426 104 28
1426 105 0
1426 106 41
1426 107 31
1426 108 30
1426 109 40
1426 110 41
1426 111 51
1426 112 38
1426 113 36
1426 114 30
1426 115 27
1426 116 0
1426 117 36
1426 118 34
1426 119 38
1426 120 29
1426 121 33
1451 1 30
1451 2 33
1451 3 43
1451 4 32
1451 5 41
1451 6 30
1451 7 35
1451 8 38
1451 9 0
1451 10 0
1451 11 0
1451 12 42
1451 13 37
1451 14 34
1451 15 35
1451 16 42
1451 17 37
1451 18 32
1451 19 36
1451 20 0
1451 21 0
1451 22 0
1451 23 31
1451 24 38
1451 25 28
1451 26 0
1451 27 48
1451 28 39
1451 29 26
1451 30 28
1451 31 0
1451 32 0
1451 33 0
1451 34 35
1451 35 46
1451 36 35
1451 37 0
1451 38 33
1451 39 31
1451 40 30
1451 41 21
1451 42 29
1451 43 0
1451 44 0
1451 45 0
1451 46 0
1451 47 30
1451 48 41
1451 49 32
1451 50 33
1451 51 32
1451 52 40
1451 53 39
1451 54 0
1451 55 0
1451 56 0
1451 57 0
1451 58 33
1451 59 38
1451 60 31
1451 61 41
1451 62 32
1451 63 36
1451 64 43
1451 65 29
1451 66 28
1451 67 0
1451 68 0
1451 69 39
1451 70 37
1451 71 28
1451 72 31
1451 73 36
1451 74 39
1451 75 33
1451 76 33
1451 77 35
1451 78 0
1451 79 0
1451 80 0
1451 81 39
1451 82 35
1451 83 30
1451 84 32
1451 85 40
1451 86 36
1451 87 42
1451 88 32
1451 89 38
1451 90 39
1451 91 34
1451 92 31
1451 93 39
1451 94 0
1451 95 33
1451 96 30
1451 97 32
1451 98 32
1451 99 0
1451 100 29
1451 101 30
1451 102 31
1451 103 30
1451 104 31
1451 105 0
1451 106 32
1451 107 33
1451 108 32
1451 109 40
1451 110 40
1451 111 48
1451 112 37
1451 113 36
1451 114 35
1451 115 30
1451 116 0
1451 117 37
1451 118 38
1451 119 37
1451 120 34
1451 121 41
1476 1 32
1476 2 42
1476 3 33
1476 4 36
1476 5 45
1476 6 34
1476 7 40
1476 8 39
1476 9 0
1476 10 0
1476 11 0
1476 12 42
1476 13 35
1476 14 34
1476 15 40
1476 16 43
1476 17 31
1476 18 40
1476 19 35
1476 20 0
1476 21 0
1476 22 0
1476 23 38
1476 24 36
1476 25 31
1476 26 0
1476 27 39
1476 28 31
1476 29 29
1476 30 32
1476 31 0
1476 32 0
1476 33 0
1476 34 40
1476 35 39
1476 36 30
1476 37 0
1476 38 37
1476 39 32
1476 40 29
1476 41 22
1476 42 27
1476 43 0
1476 44 0
1476 45 0
1476 46 0
1476 47 31
1476 48 39
1476 49 38
1476 50 31
1476 51 40
1476 52 40
1476 53 38
1476 54 0
1476 55 0
1476 56 0
1476 57 0
1476 58 35
1476 59 42
1476 60 32
1476 61 47
1476 62 36
1476 63 34
1476 64 35
1476 65 31
1476 66 33
1476 67 0
1476 68 0
1476 69 37
1476 70 33
1476 71 32
1476 72 31
1476 73 29
1476 74 39
1476 75 30
1476 76 32
1476 77 38
1476 78 0
1476 79 0
1476 80 0
1476 81 36
1476 82 39
1476 83 26
1476 84 39
1476 85 33
1476 86 37
1476 87 47
1476 88 25
1476 89 39
1476 90 39
1476 91 32
1476 92 40
1476 93 39
1476 94 0
1476 95 39
1476 96 40
1476 97 33
1476 98 37
1476 99 0
1476 100 31
1476 101 32
1476 102 27
1476 103 29
1476 104 31
1476 105 0
1476 106 36
1476 107 32
1476 108 31
1476 109 30
1476 110 34
1476 111 38
1476 112 38
1476 113 31
1476 114 39
1476 115 20
1476 116 0
1476 117 39
1476 118 41
1476 119 36
1476 120 31
1476 121 38
1501 1 30
1501 2 32
1501 3 31
1501 4 36
1501 5 40
1501 6 39
1501 7 35
1501 8 40
1501 9 0
1501 10 0
1501 11 0
1501 12 48
1501 13 40
1501 14 32
1501 15 41
1501 16 44
1501 17 42
1501 18 39
1501 19 33
1501 20 0
1501 21 0
1501 22 0
1501 23 37
1501 24 33
1501 25 31
1501 26 0
1501 27 46
1501 28 38
1501 29 31
1501 30 40
1501 31 0
1501 32 0
1501 33 0
1501 34 38
1501 35 40
1501 36 34
1501 37 0
1501 38 32
1501 39 29
1501 40 25
1501 41 16
1501 42 28
1501 43 0
1501 44 0
1501 45 0
1501 46 0
1501 47 25
1501 48 31
1501 49 30
1501 50 30
1501 51 40
1501 52 41
1501 53 30
1501 54 0
1501 55 0
1501 56 0
1501 57 0
1501 58 41
1501 59 35
1501 60 31
1501 61 28
1501 62 33
1501 63 41
1501 64 30
1501 65 29
1501 66 32
1501 67 0
1501 68 0
1501 69 32
1501 70 34
1501 71 28
1501 72 39
1501 73 34
1501 74 39
1501 75 46
1501 76 28
1501 77 40
1501 78 0
1501 79 0
1501 80 0
1501 81 39
1501 82 39
1501 83 33
1501 84 39
1501 85 37
1501 86 36
1501 87 42
1501 88 29
1501 89 40
1501 90 37
1501 91 36
1501 92 31
1501 93 35
1501 94 0
1501 95 36
1501 96 29
1501 97 34
1501 98 38
1501 99 0
1501 100 31
1501 101 32
1501 102 32
1501 103 30
1501 104 34
1501 105 0
1501 106 31
1501 107 29
1501 108 33
1501 109 28
1501 110 33
1501 111 49
1501 112 39
1501 113 40
1501 114 32
1501 115 22
1501 116 0
1501 117 43
1501 118 38
1501 119 31
1501 120 31
1501 121 33
1526 1 35
1526 2 38
1526 3 40
1526 4 33
1526 5 40
1526 6 32
1526 7 36
1526 8 41
1526 9 0
1526 10 0
1526 11 0
1526 12 42
1526 13 33
1526 14 34
1526 15 35
1526 16 40
1526 17 40
1526 18 35
1526 19 36
1526 20 0
1526 21 0
1526 22 0
1526 23 40
1526 24 32
1526 25 31
1526 26 0
1526 27 41
1526 28 39
1526 29 30
1526 30 30
1526 31 0
1526 32 0
1526 33 0
1526 34 39
1526 35 41
1526 36 30
1526 37 0
1526 38 40
1526 39 32
1526 40 26
1526 41 22
1526 42 28
1526 43 0
1526 44 0
1526 45 0
1526 46 0
1526 47 29
1526 48 37
1526 49 33
1526 50 31
1526 51 33
1526 52 38
1526 53 35
1526 54 0
1526 55 0
1526 56 0
1526 57 0
1526 58 33
1526 59 35
1526 60 38
1526 61 40
1526 62 35
1526 63 33
1526 64 36
1526 65 26
1526 66 30
1526 67 0
1526 68 0
1526 69 39
1526 70 29
1526 71 32
1526 72 35
1526 73 29
1526 74 33
1526 75 37
1526 76 28
1526 77 34
1526 78 0
1526 79 0
1526 80 0
1526 81 38
1526 82 34
1526 83 30
1526 84 42
1526 85 41
1526 86 40
1526 87 39
1526 88 35
1526 89 40
1526 90 40
1526 91 32
1526 92 33
1526 93 40
1526 94 0
1526 95 35
1526 96 30
1526 97 35
1526 98 30
1526 99 0
1526 100 20
1526 101 32
1526 102 30
1526 103 28
1526 104 37
1526 105 0
1526 106 41
1526 107 31
1526 108 32
1526 109 41
1526 110 34
1526 111 44
1526 112 38
1526 113 32
1526 114 37
1526 115 27
1526 116 0
1526 117 32
1526 118 39
1526 119 35
1526 120 32
1526 121 31
1551 1 32
1551 2 34
1551 3 36
1551 4 39
1551 5 45
1551 6 36
1551 7 38
1551 8 36
1551 9 0
1551 10 0
1551 11 0
1551 12 40
1551 13 39
1551 14 35
1551 15 39
1551 16 41
1551 17 32
1551 18 39
1551 19 36
1551 20 0
1551 21 0
1551 22 0
1551 23 41
1551 24 33
1551 25 31
1551 26 0
1551 27 45
1551 28 39
1551 29 26
1551 30 30
1551 31 0
1551 32 0
1551 33 0
1551 34 38
1551 35 42
1551 36 35
1551 37 0
1551 38 35
1551 39 33
1551 40 35
1551 41 25
1551 42 30
1551 43 0
1551 44 0
1551 45 0
1551 46 0
1551 47 36
1551 48 35
1551 49 31
1551 50 34
1551 51 40
1551 52 39
1551 53 39
1551 54 0
1551 55 0
1551 56 0
1551 57 0
1551 58 29
1551 59 39
1551 60 29
1551 61 40
1551 62 37
1551 63 34
1551 64 40
1551 65 28
1551 66 31
1551 67 0
1551 68 0
1551 69 34
1551 70 32
1551 71 38
1551 72 32
1551 73 29
1551 74 33
1551 75 39
1551 76 23
1551 77 32
1551 78 0
1551 79 0
1551 80 0
1551 81 36
1551 82 37
1551 83 33
1551 84 29
1551 85 35
1551 86 34
1551 87 44
1551 88 28
1551 89 33
1551 90 41
1551 91 32
1551 92 30
1551 93 40
1551 94 0
1551 95 39
1551 96 30
1551 97 37
1551 98 34
1551 99 0
1551 100 27
1551 101 38
1551 102 28
1551 103 28
1551 104 29
1551 105 0
1551 106 28
1551 107 31
1551 108 38
1551 109 37
1551 110 30
1551 111 49
1551 112 35
1551 113 42
1551 114 31
1551 115 32
1551 116 0
1551 117 33
1551 118 40
1551 119 36
1551 120 35
1551 121 30
1576 1 34
1576 2 31
1576 3 36
1576 4 37
1576 5 40
1576 6 38
1576 7 39
1576 8 37
1576 9 0
1576 10 0
1576 11 0
1576 12 40
1576 13 39
1576 14 30
1576 15 38
1576 16 45
1576 17 33
1576 18 31
1576 19 33
1576 20 0
1576 21 0
1576 22 0
1576 23 33
1576 24 28
1576 25 30
1576 26 0
1576 27 51
1576 28 30
1576 29 27
1576 30 34
1576 31 0
1576 32 0
1576 33 0
1576 34 34
1576 35 39
1576 36 44
1576 37 0
1576 38 35
1576 39 38
1576 40 30
1576 41 21
1576 42 29
1576 43 0
1576 44 0
1576 45 0
1576 46 0
1576 47 30
1576 48 32
1576 49 33
1576 50 34
1576 51 41
1576 52 39
1576 53 29
1576 54 0
1576 55 0
1576 56 0
1576 57 0
1576 58 34
1576 59 37
1576 60 31
1576 61 34
1576 62 35
1576 63 39
1576 64 40
1576 65 28
1576 66 28
1576 67 0
1576 68 0
1576 69 34
1576 70 27
1576 71 33
1576 72 39
1576 73 29
1576 74 38
1576 75 32
1576 76 32
1576 77 36
1576 78 0
1576 79 0
1576 80 0
1576 81 38
1576 82 37
1576 83 33
1576 84 33
1576 85 31
1576 86 40
1576 87 41
1576 88 18
1576 89 36
1576 90 40
1576 91 41
1576 92 37
1576 93 40
1576 94 0
1576 95 38
1576 96 28
1576 97 32
1576 98 30
1576 99 0
1576 100 30
1576 101 38
1576 102 34
1576 103 29
1576 104 30
1576 105 0
1576 106 38
1576 107 34
1576 108 33
1576 109 41
1576 110 34
1576 111 48
1576 112 31
1576 113 37
1576 114 29
1576 115 28
1576 116 0
1576 117 40
1576 118 41
1576 119 39
1576 120 28
1576 121 35
1601 1 32
1601 2 34
1601 3 38
1601 4 39
1601 5 41
1601 6 39
1601 7 37
1601 8 34
1601 9 0
1601 10 0
1601 11 0
1601 12 42
1601 13 31
1601 14 36
1601 15 40
1601 16 48
1601 17 38
1601 18 31
1601 19 34
1601 20 0
1601 21 0
1601 22 0
1601 23 39
1601 24 34
1601 25 29
1601 26 0
1601 27 47
1601 28 35
1601 29 26
1601 30 28
1601 31 0
1601 32 0
1601 33 0
1601 34 35
1601 35 45
1601 36 35
1601 37 0
1601 38 33
1601 39 34
1601 40 30
1601 41 19
1601 42 28
1601 43 0
1601 44 0
1601 45 0
1601 46 0
1601 47 27
1601 48 35
1601 49 29
1601 50 33
1601 51 32
1601 52 39
1601 53 38
1601 54 0
1601 55 0
1601 56 0
1601 57 0
1601 58 31
1601 59 41
1601 60 35
1601 61 34
1601 62 37
1601 63 33
1601 64 40
1601 65 31
1601 66 30
1601 67 0
1601 68 0
1601 69 37
1601 70 36
1601 71 34
1601 72 32
1601 73 31
1601 74 36
1601 75 34
1601 76 26
1601 77 32
1601 78 0
1601 79 0
1601 80 0
1601 81 40
1601 82 32
1601 83 29
1601 84 36
1601 85 40
1601 86 41
1601 87 41
1601 88 24
1601 89 38
1601 90 43
1601 91 27
1601 92 40
1601 93 37
1601 94 0
1601 95 38
1601 96 33
1601 97 30
1601 98 35
1601 99 0
1601 100 29
1601 101 33
1601 102 28
1601 103 33
1601 104 27
1601 105 0
1601 106 34
1601 107 27
1601 108 31
1601 109 32
1601 110 29
1601 111 40
1601 112 40
1601 113 33
1601 114 36
1601 115 28
1601 116 0
1601 117 38
1601 118 42
1601 119 36
1601 120 27
1601 121 31
1626 1 28
1626 2 36
1626 3 30
1626 4 40
1626 5 46
1626 6 39
1626 7 39
1626 8 40
1626 9 0
1626 10 0
1626 11 0
1626 12 41
1626 13 43
1626 14 37
1626 15 37
1626 16 43
1626 17 36
1626 18 33
1626 19 34
1626 20 0
1626 21 0
1626 22 0
1626 23 39
1626 24 30
1626 25 24
1626 26 0
1626 27 47
1626 28 32
1626 29 29
1626 30 34
1626 31 0
1626 32 0
1626 33 0
1626 34 31
1626 35 43
1626 36 30
1626 37 0
1626 38 37
1626 39 35
1626 40 30
1626 41 20
1626 42 27
1626 43 0
1626 44 0
1626 45 0
1626 46 0
1626 47 31
1626 48 35
1626 49 32
1626 50 34
1626 51 41
1626 52 38
1626 53 39
1626 54 0
1626 55 0
1626 56 0
1626 57 0
1626 58 39
1626 59 42
1626 60 32
1626 61 30
1626 62 39
1626 63 37
1626 64 34
1626 65 30
1626 66 26
1626 67 0
1626 68 0
1626 69 31
1626 70 31
1626 71 30
1626 72 38
1626 73 36
1626 74 29
1626 75 41
1626 76 30
1626 77 38
1626 78 0
1626 79 0
1626 80 0
1626 81 39
1626 82 32
1626 83 35
1626 84 42
1626 85 38
1626 86 36
1626 87 45
1626 88 26
1626 89 35
1626 90 42
1626 91 32
1626 92 31
1626 93 31
1626 94 0
1626 95 34
1626 96 30
1626 97 34
1626 98 32
1626 99 0
1626 100 28
1626 101 33
1626 102 33
1626 103 32
1626 104 37
1626 105 0
1626 106 32
1626 107 30
1626 108 30
1626 109 35
1626 110 40
1626 111 46
1626 112 38
1626 113 28
1626 114 35
1626 115 25
1626 116 0
1626 117 34
1626 118 39
1626 119 36
1626 120 39
1626 121 31
1651 1 34
1651 2 32
1651 3 41
1651 4 34
1651 5 39
1651 6 30
1651 7 40
1651 8 40
1651 9 0
1651 10 0
1651 11 0
1651 12 44
1651 13 39
1651 14 28
1651 15 39
1651 16 42
1651 17 35
1651 18 39
1651 19 32
1651 20 0
1651 21 0
1651 22 0
1651 23 30
1651 24 32
1651 25 31
1651 26 0
1651 27 43
1651 28 34
1651 29 29
1651 30 33
1651 31 0
1651 32 0
1651 33 0
1651 34 36
1651 35 41
1651 36 36
1651 37 0
1651 38 36
1651 39 32
1651 40 27
1651 41 14
1651 42 28
1651 43 0
1651 44 0
1651 45 0
1651 46 0
1651 47 32
1651 48 31
1651 49 36
1651 50 32
1651 51 30
1651 52 36
1651 53 37
1651 54 0
1651 55 0
1651 56 0
1651 57 0
1651 58 33
1651 59 40
1651 60 42
1651 61 39
1651 62 39
1651 63 34
1651 64 36
1651 65 29
1651 66 31
1651 67 0
1651 68 0
1651 69 40
1651 70 41
1651 71 32
1651 72 38
1651 73 39
1651 74 31
1651 75 30
1651 76 30
1651 77 42
1651 78 0
1651 79 0
1651 80 0
1651 81 41
1651 82 32
1651 83 27
1651 84 40
1651 85 37
1651 86 30
1651 87 41
1651 88 28
1651 89 39
1651 90 41
1651 91 28
1651 92 31
1651 93 35
1651 94 0
1651 95 38
1651 96 31
1651 97 36
1651 98 40
1651 99 0
1651 100 30
1651 101 30
1651 102 32
1651 103 31
1651 104 30
1651 105 0
1651 106 29
1651 107 32
1651 108 39
1651 109 34
1651 110 39
1651 111 47
1651 112 39
1651 113 39
1651 114 30
1651 115 31
1651 116 0
1651 117 38
1651 118 34
1651 119 43
1651 120 30
1651 121 34
1676 1 30
1676 2 40
1676 3 33
1676 4 30
1676 5 37
1676 6 39
1676 7 41
1676 8 41
1676 9 0
1676 10 0
1676 11 0
1676 12 44
1676 13 42
1676 14 30
1676 15 34
1676 16 45
1676 17 32
1676 18 35
1676 19 33
1676 20 0
1676 21 0
1676 22 0
1676 23 34
1676 24 30
1676 25 30
1676 26 0
1676 27 49
1676 28 36
1676 29 28
1676 30 33
1676 31 0
1676 32 0
1676 33 0
1676 34 32
1676 35 42
1676 36 33
1676 37 0
1676 38 33
1676 39 36
1676 40 20
1676 41 26
1676 42 26
1676 43 0
1676 44 0
1676 45 0
1676 46 0
1676 47 30
1676 48 30
1676 49 30
1676 50 30
1676 51 30
1676 52 43
1676 53 31
1676 54 0
1676 55 0
1676 56 0
1676 57 0
1676 58 31
1676 59 39
1676 60 34
1676 61 36
1676 62 35
1676 63 40
1676 64 38
1676 65 20
1676 66 27
1676 67 0
1676 68 0
1676 69 40
1676 70 31
1676 71 27
1676 72 34
1676 73 32
1676 74 38
1676 75 42
1676 76 24
1676 77 37
1676 78 0
1676 79 0
1676 80 0
1676 81 30
1676 82 35
1676 83 28
1676 84 37
1676 85 30
1676 86 33
1676 87 49
1676 88 30
1676 89 40
1676 90 40
1676 91 35
1676 92 37
1676 93 34
1676 94 0
1676 95 44
1676 96 31
1676 97 36
1676 98 31
1676 99 0
1676 100 25
1676 101 31
1676 102 32
1676 103 30
1676 104 32
1676 105 0
1676 106 33
1676 107 30
1676 108 34
1676 109 31
1676 110 38
1676 111 47
1676 112 39
1676 113 36
1676 114 36
1676 115 31
1676 116 0
1676 117 40
1676 118 41
1676 119 34
1676 120 28
1676 121 34
1701 1 32
1701 2 32
1701 3 36
1701 4 30
1701 5 46
1701 6 36
1701 7 31
1701 8 31
1701 9 0
1701 10 0
1701 11 0
1701 12 40
1701 13 36
1701 14 30
1701 15 35
1701 16 46
1701 17 37
1701 18 31
1701 19 35
1701 20 0
1701 21 0
1701 22 0
1701 23 38
1701 24 35
1701 25 27
1701 26 0
1701 27 43
1701 28 40
1701 29 29
1701 30 34
1701 31 0
1701 32 0
1701 33 0
1701 34 33
1701 35 40
1701 36 30
1701 37 0
1701 38 36
1701 39 40
1701 40 30
1701 41 22
1701 42 22
1701 43 0
1701 44 0
1701 45 0
1701 46 0
1701 47 27
1701 48 30
1701 49 35
1701 50 31
1701 51 33
1701 52 33
1701 53 36
1701 54 0
1701 55 0
1701 56 0
1701 57 0
1701 58 40
1701 59 44
1701 60 31
1701 61 30
1701 62 30
1701 63 35
1701 64 37
1701 65 24
1701 66 30
1701 67 0
1701 68 0
1701 69 39
1701 70 29
1701 71 32
1701 72 37
1701 73 36
1701 74 38
1701 75 39
1701 76 27
1701 77 31
1701 78 0
1701 79 0
1701 80 0
1701 81 32
1701 82 41
1701 83 33
1701 84 38
1701 85 31
1701 86 38
1701 87 40
1701 88 33
1701 89 40
1701 90 39
1701 91 35
1701 92 38
1701 93 37
1701 94 0
1701 95 36
1701 96 30
1701 97 34
1701 98 35
1701 99 0
1701 100 29
1701 101 37
1701 102 29
1701 103 32
1701 104 33
1701 105 0
1701 106 31
1701 107 30
1701 108 33
1701 109 41
1701 110 35
1701 111 44
1701 112 36
1701 113 38
1701 114 31
1701 115 30
1701 116 0
1701 117 34
1701 118 31
1701 119 42
1701 120 31
1701 121 31
1726 1 31
1726 2 36
1726 3 40
1726 4 32
1726 5 44
1726 6 35
1726 7 28
1726 8 44
1726 9 0
1726 10 0
1726 11 0
1726 12 39
1726 13 31
1726 14 33
1726 15 30
1726 16 41
1726 17 31
1726 18 31
1726 19 31
1726 20 0
1726 21 0
1726 22 0
1726 23 39
1726 24 40
1726 25 29
1726 26 0
1726 27 45
1726 28 32
1726 29 32
1726 30 34
1726 31 0
1726 32 0
1726 33 0
1726 34 41
1726 35 38
1726 36 31
1726 37 0
1726 38 40
1726 39 39
1726 40 31
1726 41 21
1726 42 27
1726 43 0
1726 44 0
1726 45 0
1726 46 0
1726 47 28
1726 48 39
1726 49 29
1726 50 38
1726 51 32
1726 52 38
1726 53 34
1726 54 0
1726 55 0
1726 56 0
1726 57 0
1726 58 32
1726 59 40
1726 60 40
1726 61 34
1726 62 34
1726 63 43
1726 64 38
1726 65 29
1726 66 30
1726 67 0
1726 68 0
1726 69 34
1726 70 32
1726 71 35
1726 72 40
1726 73 38
1726 74 41
1726 75 38
1726 76 32
1726 77 39
1726 78 0
1726 79 0
1726 80 0
1726 81 39
1726 82 34
1726 83 30
1726 84 39
1726 85 41
1726 86 37
1726 87 40
1726 88 23
1726 89 37
1726 90 40
1726 91 25
1726 92 38
1726 93 41
1726 94 0
1726 95 34
1726 96 30
1726 97 32
1726 98 32
1726 99 0
1726 100 29
1726 101 31
1726 102 30
1726 103 30
1726 104 33
1726 105 0
1726 106 30
1726 107 31
1726 108 30
1726 109 39
1726 110 39
1726 111 47
1726 112 38
1726 113 39
1726 114 36
1726 115 22
1726 116 0
1726 117 38
1726 118 38
1726 119 37
1726 120 32
1726 121 34
1751 1 30
1751 2 34
1751 3 39
1751 4 32
1751 5 43
1751 6 39
1751 7 31
1751 8 40
1751 9 0
1751 10 0
1751 11 0
1751 12 50
1751 13 34
1751 14 36
1751 15 33
1751 16 41
1751 17 39
1751 18 37
1751 19 30
1751 20 0
1751 21 0
1751 22 0
1751 23 44
1751 24 29
1751 25 30
1751 26 0
1751 27 46
1751 28 34
1751 29 29
1751 30 32
1751 31 0
1751 32 0
1751 33 0
1751 34 39
1751 35 39
1751 36 31
1751 37 0
1751 38 41
1751 39 33
1751 40 29
1751 41 20
1751 42 29
1751 43 0
1751 44 0
1751 45 0
1751 46 0
1751 47 27
1751 48 34
1751 49 33
1751 50 30
1751 51 31
1751 52 38
1751 53 34
1751 54 0
1751 55 0
1751 56 0
1751 57 0
1751 58 33
1751 59 38
1751 60 36
1751 61 37
1751 62 37
1751 63 34
1751 64 39
1751 65 24
1751 66 28
1751 67 0
1751 68 0
1751 69 29
1751 70 31
1751 71 30
1751 72 32
1751 73 29
1751 74 35
1751 75 40
1751 76 30
1751 77 32
1751 78 0
1751 79 0
1751 80 0
1751 81 40
1751 82 35
1751 83 33
1751 84 36
1751 85 37
1751 86 37
1751 87 43
1751 88 28
1751 89 49
1751 90 43
1751 91 31
1751 92 34
1751 93 37
1751 94 0
1751 95 36
1751 96 35
1751 97 35
1751 98 30
1751 99 0
1751 100 27
1751 101 38
1751 102 31
1751 103 30
1751 104 31
1751 105 0
1751 106 30
1751 107 40
1751 108 28
1751 109 34
1751 110 39
1751 111 49
1751 112 40
1751 113 32
1751 114 30
1751 115 26
1751 116 0
1751 117 35
1751 118 39
1751 119 37
1751 120 31
1751 121 40
1776 1 31
1776 2 40
1776 3 36
1776 4 34
1776 5 42
1776 6 41
1776 7 40
1776 8 39
1776 9 0
1776 10 0
1776 11 0
1776 12 41
1776 13 40
1776 14 30
1776 15 31
1776 16 39
1776 17 35
1776 18 36
1776 19 36
1776 20 0
1776 21 0
1776 22 0
1776 23 39
1776 24 33
1776 25 26
1776 26 0
1776 27 52
1776 28 29
1776 29 25
1776 30 30
1776 31 0
1776 32 0
1776 33 0
1776 34 40
1776 35 44
1776 36 30
1776 37 0
1776 38 36
1776 39 30
1776 40 31
1776 41 22
1776 42 32
1776 43 0
1776 44 0
1776 45 0
1776 46 0
1776 47 28
1776 48 31
1776 49 33
1776 50 31
1776 51 40
1776 52 40
1776 53 35
1776 54 0
1776 55 0
1776 56 0
1776 57 0
1776 58 33
1776 59 39
1776 60 37
1776 61 32
1776 62 34
1776 63 33
1776 64 29
1776 65 32
1776 66 34
1776 67 0
1776 68 0
1776 69 35
1776 70 37
1776 71 33
1776 72 30
1776 73 31
1776 74 31
1776 75 36
1776 76 29
1776 77 40
1776 78 0
1776 79 0
1776 80 0
1776 81 40
1776 82 36
1776 83 24
1776 84 43
1776 85 39
1776 86 32
1776 87 39
1776 88 31
1776 89 36
1776 90 40
1776 91 32
1776 92 34
1776 93 29
1776 94 0
1776 95 36
1776 96 31
1776 97 38
1776 98 33
1776 99 0
1776 100 25
1776 101 32
1776 102 33
1776 103 38
1776 104 31
1776 105 0
1776 106 33
1776 107 36
1776 108 31
1776 109 37
1776 110 33
1776 111 47
1776 112 41
1776 113 33
1776 114 30
1776 115 27
1776 116 0
1776 117 41
1776 118 37
1776 119 33
1776 120 28
1776 121 39
1801 1 32
1801 2 40
1801 3 40
1801 4 34
1801 5 48
1801 6 30
1801 7 30
1801 8 39
1801 9 0
1801 10 0
1801 11 0
1801 12 40
1801 13 32
1801 14 27
1801 15 39
1801 16 42
1801 17 42
1801 18 39
1801 19 33
1801 20 0
1801 21 0
1801 22 0
1801 23 38
1801 24 29
1801 25 30
1801 26 0
1801 27 43
1801 28 39
1801 29 30
1801 30 30
1801 31 0
1801 32 0
1801 33 0
1801 34 44
1801 35 42
1801 36 35
1801 37 0
1801 38 30
1801 39 31
1801 40 29
1801 41 20
1801 42 28
1801 43 0
1801 44 0
1801 45 0
1801 46 0
1801 47 30
1801 48 29
1801 49 29
1801 50 31
1801 51 31
1801 52 39
1801 53 36
1801 54 0
1801 55 0
1801 56 0
1801 57 0
1801 58 40
1801 59 39
1801 60 41
1801 61 30
1801 62 35
1801 63 35
1801 64 33
1801 65 30
1801 66 28
1801 67 0
1801 68 0
1801 69 36
1801 70 28
1801 71 38
1801 72 32
1801 73 29
1801 74 31
1801 75 40
1801 76 29
1801 77 42
1801 78 0
1801 79 0
1801 80 0
1801 81 41
1801 82 31
1801 83 21
1801 84 39
1801 85 39
1801 86 32
1801 87 43
1801 88 28
1801 89 40
1801 90 40
1801 91 34
1801 92 34
1801 93 38
1801 94 0
1801 95 30
1801 96 28
1801 97 39
1801 98 36
1801 99 0
1801 100 24
1801 101 33
1801 102 25
1801 103 29
1801 104 34
1801 105 0
1801 106 33
1801 107 33
1801 108 38
1801 109 30
1801 110 39
1801 111 50
1801 112 36
1801 113 38
1801 114 35
1801 115 27
1801 116 0
1801 117 32
1801 118 33
1801 119 35
1801 120 31
1801 121 32
1826 1 35
1826 2 34
1826 3 35
1826 4 32
1826 5 42
1826 6 30
1826 7 39
1826 8 39
1826 9 0
1826 10 0
1826 11 0
1826 12 41
1826 13 40
1826 14 37
1826 15 35
1826 16 39
1826 17 31
1826 18 37
1826 19 32
1826 20 0
1826 21 0
1826 22 0
1826 23 40
1826 24 38
1826 25 29
1826 26 0
1826 27 52
1826 28 39
1826 29 30
1826 30 40
1826 31 0
1826 32 0
1826 33 0
1826 34 32
1826 35 39
1826 36 30
1826 37 0
1826 38 37
1826 39 35
1826 40 30
1826 41 19
1826 42 31
1826 43 0
1826 44 0
1826 45 0
1826 46 0
1826 47 30
1826 48 31
1826 49 37
1826 50 39
1826 51 39
1826 52 37
1826 53 39
1826 54 0
1826 55 0
1826 56 0
1826 57 0
1826 58 33
1826 59 41
1826 60 33
1826 61 34
1826 62 41
1826 63 35
1826 64 33
1826 65 29
1826 66 29
1826 67 0
1826 68 0
1826 69 38
1826 70 31
1826 71 30
1826 72 37
1826 73 32
1826 74 37
1826 75 36
1826 76 25
1826 77 38
1826 78 0
1826 79 0
1826 80 0
1826 81 40
1826 82 30
1826 83 29
1826 84 39
1826 85 38
1826 86 40
1826 87 50
1826 88 32
1826 89 34
1826 90 40
1826 91 30
1826 92 31
1826 93 36
1826 94 0
1826 95 31
1826 96 29
1826 97 30
1826 98 38
1826 99 0
1826 100 26
1826 101 35
1826 102 27
1826 103 29
1826 104 39
1826 105 0
1826 106 36
1826 107 36
1826 108 31
1826 109 33
1826 110 38
1826 111 49
1826 112 35
1826 113 36
1826 114 32
1826 115 28
1826 116 0
1826 117 34
1826 118 42
1826 119 37
1826 120 30
1826 121 34
1851 1 39
1851 2 33
1851 3 40
1851 4 29
1851 5 45
1851 6 34
1851 7 37
1851 8 39
1851 9 0
1851 10 0
1851 11 0
1851 12 39
1851 13 31
1851 14 38
1851 15 38
1851 16 48
1851 17 42
1851 18 41
1851 19 32
1851 20 0
1851 21 0
1851 22 0
1851 23 38
1851 24 27
1851 25 27
1851 26 0
1851 27 48
1851 28 32
1851 29 27
1851 30 38
1851 31 0
1851 32 0
1851 33 0
1851 34 34
1851 35 38
1851 36 31
1851 37 0
1851 38 37
1851 39 44
1851 40 31
1851 41 23
1851 42 29
1851 43 0
1851 44 0
1851 45 0
1851 46 0
1851 47 30
1851 48 33
1851 49 32
1851 50 30
1851 51 40
1851 52 34
1851 53 39
1851 54 0
1851 55 0
1851 56 0
1851 57 0
1851 58 32
1851 59 40
1851 60 34
1851 61 30
1851 62 40
1851 63 41
1851 64 31
1851 65 29
1851 66 29
1851 67 0
1851 68 0
1851 69 37
1851 70 31
1851 71 34
1851 72 38
1851 73 35
1851 74 40
1851 75 41
1851 76 33
1851 77 39
1851 78 0
1851 79 0
1851 80 0
1851 81 31
1851 82 37
1851 83 27
1851 84 35
1851 85 35
1851 86 37
1851 87 42
1851 88 30
1851 89 39
1851 90 38
1851 91 31
1851 92 39
1851 93 34
1851 94 0
1851 95 41
1851 96 29
1851 97 32
1851 98 31
1851 99 0
1851 100 28
1851 101 31
1851 102 31
1851 103 26
1851 104 40
1851 105 0
1851 106 37
1851 107 30
1851 108 35
1851 109 40
1851 110 30
1851 111 42
1851 112 38
1851 113 32
1851 114 34
1851 115 27
1851 116 0
1851 117 37
1851 118 40
1851 119 39
1851 120 26
1851 121 37
1876 1 33
1876 2 39
1876 3 34
1876 4 36
1876 5 44
1876 6 39
1876 7 32
1876 8 34
1876 9 0
1876 10 0
1876 11 0
1876 12 43
1876 13 38
1876 14 34
1876 15 36
1876 16 40
1876 17 37
1876 18 29
1876 19 39
1876 20 0
1876 21 0
1876 22 0
1876 23 39
1876 24 30
1876 25 28
1876 26 0
1876 27 49
1876 28 29
1876 29 24
1876 30 31
1876 31 0
1876 32 0
1876 33 0
1876 34 38
1876 35 41
1876 36 32
1876 37 0
1876 38 39
1876 39 40
1876 40 26
1876 41 21
1876 42 30
1876 43 0
1876 44 0
1876 45 0
1876 46 0
1876 47 28
1876 48 38
1876 49 36
1876 50 35
1876 51 39
1876 52 36
1876 53 43
1876 54 0
1876 55 0
1876 56 0
1876 57 0
1876 58 32
1876 59 42
1876 60 40
1876 61 31
1876 62 37
1876 63 34
1876 64 37
1876 65 25
1876 66 30
1876 67 0
1876 68 0
1876 69 40
1876 70 32
1876 71 32
1876 72 32
1876 73 39
1876 74 39
1876 75 35
1876 76 26
1876 77 40
1876 78 0
1876 79 0
1876 80 0
1876 81 39
1876 82 40
1876 83 27
1876 84 45
1876 85 35
1876 86 39
1876 87 40
1876 88 30
1876 89 35
1876 90 40
1876 91 35
1876 92 39
1876 93 38
1876 94 0
1876 95 29
1876 96 39
1876 97 31
1876 98 40
1876 99 0
1876 100 24
1876 101 31
1876 102 28
1876 103 33
1876 104 29
1876 105 0
1876 106 34
1876 107 35
1876 108 37
1876 109 39
1876 110 32
1876 111 44
1876 112 42
1876 113 40
1876 114 32
1876 115 22
1876 116 0
1876 117 38
1876 118 40
1876 119 41
1876 120 30
1876 121 35
1901 1 36
1901 2 36
1901 3 32
1901 4 30
1901 5 44
1901 6 34
1901 7 41
1901 8 31
1901 9 0
1901 10 0
1901 11 0
1901 12 41
1901 13 39
1901 14 34
1901 15 34
1901 16 42
1901 17 35
1901 18 40
1901 19 29
1901 20 0
1901 21 0
1901 22 0
1901 23 31
1901 24 28
1901 25 30
1901 26 0
1901 27 45
1901 28 38
1901 29 28
1901 30 38
1901 31 0
1901 32 0
1901 33 0
1901 34 38
1901 35 40
1901 36 37
1901 37 0
1901 38 40
1901 39 39
1901 40 29
1901 41 21
1901 42 26
1901 43 0
1901 44 0
1901 45 0
1901 46 0
1901 47 29
1901 48 31
1901 49 42
1901 50 32
1901 51 41
1901 52 40
1901 53 42
1901 54 0
1901 55 0
1901 56 0
1901 57 0
1901 58 28
1901 59 41
1901 60 31
1901 61 32
1901 62 37
1901 63 39
1901 64 36
1901 65 27
1901 66 30
1901 67 0
1901 68 0
1901 69 34
1901 70 36
1901 71 30
1901 72 39
1901 73 31
1901 74 31
1901 75 41
1901 76 29
1901 77 37
1901 78 0
1901 79 0
1901 80 0
1901 81 27
1901 82 34
1901 83 29
1901 84 40
1901 85 29
1901 86 37
1901 87 50
1901 88 28
1901 89 43
1901 90 40
1901 91 34
1901 92 33
1901 93 39
1901 94 0
1901 95 33
1901 96 29
1901 97 38
1901 98 38
1901 99 0
1901 100 25
1901 101 39
1901 102 28
1901 103 31
1901 104 29
1901 105 0
1901 106 33
1901 107 33
1901 108 34
1901 109 41
1901 110 31
1901 111 50
1901 112 39
1901 113 39
1901 114 38
1901 115 22
1901 116 0
1901 117 40
1901 118 39
1901 119 40
1901 120 34
1901 121 37
1926 1 29
1926 2 31
1926 3 35
1926 4 32
1926 5 43
1926 6 40
1926 7 31
1926 8 41
1926 9 0
1926 10 0
1926 11 0
1926 12 46
1926 13 39
1926 14 30
1926 15 30
1926 16 43
1926 17 34
1926 18 40
1926 19 30
1926 20 0
1926 21 0
1926 22 0
1926 23 30
1926 24 31
1926 25 31
1926 26 0
1926 27 45
1926 28 40
1926 29 27
1926 30 25
1926 31 0
1926 32 0
1926 33 0
1926 34 30
1926 35 40
1926 36 34
1926 37 0
1926 38 30
1926 39 39
1926 40 27
1926 41 28
1926 42 29
1926 43 0
1926 44 0
1926 45 0
1926 46 0
1926 47 32
1926 48 30
1926 49 37
1926 50 30
1926 51 36
1926 52 32
1926 53 37
1926 54 0
1926 55 0
1926 56 0
1926 57 0
1926 58 33
1926 59 39
1926 60 37
1926 61 37
1926 62 37
1926 63 41
1926 64 34
1926 65 28
1926 66 26
1926 67 0
1926 68 0
1926 69 30
1926 70 33
1926 71 34
1926 72 39
1926 73 32
1926 74 40
1926 75 38
1926 76 29
1926 77 35
1926 78 0
1926 79 0
1926 80 0
1926 81 42
1926 82 31
1926 83 30
1926 84 38
1926 85 39
1926 86 40
1926 87 45
1926 88 32
1926 89 33
1926 90 42
1926 91 36
1926 92 37
1926 93 34
1926 94 0
1926 95 39
1926 96 34
1926 97 31
1926 98 33
1926 99 0
1926 100 30
1926 101 31
1926 102 31
1926 103 27
1926 104 31
1926 105 0
1926 106 33
1926 107 34
1926 108 35
1926 109 41
1926 110 37
1926 111 46
1926 112 35
1926 113 33
1926 114 30
1926 115 30
1926 116 0
1926 117 39
1926 118 43
1926 119 35
1926 120 30
1926 121 35
1951 1 29
1951 2 39
1951 3 39
1951 4 25
1951 5 50
1951 6 35
1951 7 39
1951 8 33
1951 9 0
1951 10 0
1951 11 0
1951 12 51
1951 13 35
1951 14 31
1951 15 39
1951 16 42
1951 17 42
1951 18 35
1951 19 35
1951 20 0
1951 21 0
1951 22 0
1951 23 45
1951 24 32
1951 25 28
1951 26 0
1951 27 50
1951 28 46
1951 29 29
1951 30 35
1951 31 0
1951 32 0
1951 33 0
1951 34 39
1951 35 42
1951 36 34
1951 37 0
1951 38 41
1951 39 37
1951 40 30
1951 41 18
1951 42 28
1951 43 0
1951 44 0
1951 45 0
1951 46 0
1951 47 29
1951 48 30
1951 49 34
1951 50 37
1951 51 38
1951 52 32
1951 53 37
1951 54 0
1951 55 0
1951 56 0
1951 57 0
1951 58 39
1951 59 42
1951 60 36
1951 61 40
1951 62 35
1951 63 28
1951 64 37
1951 65 29
1951 66 30
1951 67 0
1951 68 0
1951 69 33
1951 70 35
1951 71 36
1951 72 41
1951 73 30
1951 74 28
1951 75 41
1951 76 30
1951 77 30
1951 78 0
1951 79 0
1951 80 0
1951 81 37
1951 82 42
1951 83 31
1951 84 40
1951 85 36
1951 86 39
1951 87 40
1951 88 28
1951 89 37
1951 90 42
1951 91 30
1951 92 34
1951 93 33
1951 94 0
1951 95 39
1951 96 30
1951 97 39
1951 98 32
1951 99 0
1951 100 27
1951 101 35
1951 102 28
1951 103 31
1951 104 30
1951 105 0
1951 106 36
1951 107 36
1951 108 30
1951 109 40
1951 110 33
1951 111 47
1951 112 41
1951 113 33
1951 114 31
1951 115 28
1951 116 0
1951 117 40
1951 118 38
1951 119 39
1951 120 30
1951 121 36
1976 1 25
1976 2 37
1976 3 39
1976 4 30
1976 5 39
1976 6 37
1976 7 34
1976 8 36
1976 9 0
1976 10 0
1976 11 0
1976 12 44
1976 13 40
1976 14 27
1976 15 39
1976 16 44
1976 17 37
1976 18 40
1976 19 38
1976 20 0
1976 21 0
1976 22 0
1976 23 34
1976 24 36
1976 25 29
1976 26 0
1976 27 45
1976 28 36
1976 29 30
1976 30 32
1976 31 0
1976 32 0
1976 33 0
1976 34 38
1976 35 41
1976 36 35
1976 37 0
1976 38 36
1976 39 41
1976 40 30
1976 41 23
1976 42 32
1976 43 0
1976 44 0
1976 45 0
1976 46 0
1976 47 32
1976 48 30
1976 49 33
1976 50 39
1976 51 38
1976 52 39
1976 53 33
1976 54 0
1976 55 0
1976 56 0
1976 57 0
1976 58 32
1976 59 41
1976 60 40
1976 61 32
1976 62 33
1976 63 37
1976 64 33
1976 65 26
1976 66 33
1976 67 0
1976 68 0
1976 69 39
1976 70 37
1976 71 30
1976 72 32
1976 73 31
1976 74 29
1976 75 40
1976 76 29
1976 77 37
1976 78 0
1976 79 0
1976 80 0
1976 81 34
1976 82 33
1976 83 25
1976 84 43
1976 85 36
1976 86 29
1976 87 45
1976 88 31
1976 89 37
1976 90 37
1976 91 36
1976 92 43
1976 93 39
1976 94 0
1976 95 38
1976 96 32
1976 97 40
1976 98 32
1976 99 0
1976 100 30
1976 101 29
1976 102 31
1976 103 33
1976 104 35
1976 105 0
1976 106 34
1976 107 27
1976 108 31
1976 109 41
1976 110 37
1976 111 48
1976 112 35
1976 113 39
1976 114 40
1976 115 27
1976 116 0
1976 117 36
1976 118 35
1976 119 38
1976 120 27
1976 121 36
