1 3880
26 2294
51 2307
76 2329
101 2306
126 2284
151 2250
176 2271
201 2229
226 2243
251 2279
276 2325
301 2273
326 2252
351 2271
376 2298
401 2232
426 2254
451 2271
476 2219
501 2241
526 2261
551 2251
576 2256
601 2286
626 2248
651 2281
676 2252
701 2285
726 2254
751 2250
776 2267
801 2293
826 2273
851 2251
876 2284
901 2242
926 2282
951 2285
976 2236
1001 2251
1026 2271
1051 2236
1076 2296
1101 2261
1126 2311
1151 2249
1176 2266
1201 2244
1226 2237
1251 2259
1276 2256
1301 2277
1326 2279
1351 2215
1376 2323
1401 2322
1426 2249
1451 2264
1476 2289
1501 2213
1526 2277
1551 2273
1576 2261
1601 2238
1626 2244
1651 2282
1676 2243
1701 2267
1726 2271
1751 2282
1776 2234
1801 2284
1826 2289
1851 2303
1876 2300
1901 2270
1926 2287
1951 2244
1976 2295
