1 4682
26 3611
51 3684
76 3744
101 3750
126 3775
151 3950
176 3932
201 3985
226 4006
251 4065
276 4101
301 4156
326 4054
351 4105
376 4084
401 4135
426 4025
451 4112
476 4105
501 4084
526 4033
551 4164
576 4098
601 4078
626 4147
651 4141
676 4139
701 4150
726 4145
751 4103
776 4170
801 4134
826 4137
851 4135
876 4137
901 4181
926 4165
951 4129
976 4150
1001 4180
1026 4132
1051 4194
1076 4212
1101 4084
1126 4102
1151 4210
1176 4245
1201 4146
1226 4173
1251 4203
1276 4198
1301 4177
1326 4231
1351 4208
1376 4235
1401 4160
1426 4228
1451 4154
1476 4210
1501 4181
1526 4191
1551 4203
1576 4222
1601 4175
1626 4181
1651 4281
1676 4162
1701 4242
1726 4213
1751 4228
1776 4205
1801 4192
1826 4182
1851 4186
1876 4192
1901 4198
1926 4232
1951 4191
1976 4211
