1 5628
26 3920
51 3843
76 3912
101 3915
126 3975
151 3870
176 3852
201 3922
226 3868
251 4060
276 3977
301 4018
326 4065
351 4031
376 3980
401 3921
426 3929
451 3998
476 4020
501 4014
526 4078
551 4083
576 4054
601 3972
626 4079
651 4087
676 4000
701 4010
726 3982
751 4085
776 4118
801 3978
826 4027
851 4000
876 4108
901 4117
926 4078
951 3996
976 4006
1001 4060
1026 3950
1051 4022
1076 4032
1101 4084
1126 4035
1151 4045
1176 4067
1201 4021
1226 4067
1251 4112
1276 4032
1301 4051
1326 4021
1351 4049
1376 4032
1401 4031
1426 4076
1451 4080
1476 4132
1501 3982
1526 3982
1551 4096
1576 4077
1601 4081
1626 4073
1651 4093
1676 3982
1701 4061
1726 4047
1751 3968
1776 3995
1801 4089
1826 4088
1851 4071
1876 4060
1901 4085
1926 4064
1951 4008
1976 4031
