1 4288
26 1375
51 1309
76 1295
101 1271
126 1282
151 1268
176 1288
201 1272
226 1291
251 1247
276 1257
301 1243
326 1203
351 1218
376 1285
401 1254
426 1272
451 1230
476 1270
501 1240
526 1265
551 1264
576 1245
601 1279
626 1237
651 1220
676 1232
701 1280
726 1260
751 1267
776 1228
801 1256
826 1249
851 1271
876 1280
901 1272
926 1248
951 1232
976 1267
1001 1221
1026 1253
1051 1245
1076 1232
1101 1253
1126 1214
1151 1246
1176 1237
1201 1245
1226 1258
1251 1280
1276 1246
1301 1246
1326 1255
1351 1216
1376 1259
1401 1235
1426 1280
1451 1226
1476 1218
1501 1242
1526 1210
1551 1232
1576 1299
1601 1277
1626 1262
1651 1232
1676 1233
1701 1231
1726 1239
1751 1228
1776 1231
1801 1245
1826 1246
1851 1188
1876 1261
1901 1243
1926 1221
1951 1240
1976 1240
