1 1 44
1 2 37
1 3 43
1 4 40
1 5 41
1 6 40
1 7 40
1 8 41
1 9 41
1 10 39
1 11 39
1 12 39
1 13 43
1 14 43
1 15 41
1 16 43
1 17 45
1 18 42
1 19 40
1 20 34
1 21 31
1 22 39
1 23 42
1 24 39
1 25 42
1 26 37
1 27 38
1 28 41
1 29 44
1 30 43
1 31 34
1 32 36
1 33 28
1 34 40
1 35 40
1 36 43
1 37 37
1 38 46
1 39 42
1 40 42
1 41 40
1 42 40
1 43 39
1 44 33
1 45 32
1 46 32
1 47 46
1 48 43
1 49 41
1 50 39
1 51 40
1 52 44
1 53 43
1 54 35
1 55 34
1 56 33
1 57 38
1 58 40
1 59 39
1 60 40
1 61 40
1 62 40
1 63 39
1 64 43
1 65 35
1 66 40
1 67 39
1 68 39
1 69 44
1 70 46
1 71 45
1 72 42
1 73 39
1 74 37
1 75 33
1 76 37
1 77 37
1 78 35
1 79 35
1 80 36
1 81 45
1 82 40
1 83 43
1 84 40
1 85 39
1 86 37
1 87 37
1 88 32
1 89 38
1 90 35
1 91 41
1 92 44
1 93 42
1 94 39
1 95 41
1 96 41
1 97 40
1 98 38
1 99 36
1 100 37
1 101 36
1 102 44
1 103 46
1 104 43
1 105 42
1 106 42
1 107 42
1 108 41
1 109 39
1 110 45
1 111 32
1 112 37
1 113 45
1 114 42
1 115 43
1 116 34
1 117 43
1 118 39
1 119 43
1 120 37
1 121 39
26 1 41
26 2 41
26 3 42
26 4 39
26 5 43
26 6 40
26 7 45
26 8 41
26 9 11
26 10 5
26 11 8
26 12 41
26 13 45
26 14 37
26 15 41
26 16 47
26 17 43
26 18 43
26 19 43
26 20 0
26 21 0
26 22 4
26 23 46
26 24 45
26 25 40
26 26 14
26 27 40
26 28 40
26 29 42
26 30 39
26 31 10
26 32 0
26 33 12
26 34 40
26 35 39
26 36 39
26 37 18
26 38 44
26 39 40
26 40 40
26 41 40
26 42 43
26 43 0
26 44 9
26 45 0
26 46 8
26 47 39
26 48 43
26 49 41
26 50 43
26 51 43
26 52 41
26 53 41
26 54 0
26 55 0
26 56 0
26 57 9
26 58 45
26 59 39
26 60 36
26 61 42
26 62 42
26 63 41
26 64 40
26 65 0
26 66 0
26 67 0
26 68 0
26 69 42
26 70 42
26 71 42
26 72 42
26 73 11
26 74 0
26 75 9
26 76 0
26 77 0
26 78 0
26 79 1
26 80 10
26 81 45
26 82 41
26 83 39
26 84 9
26 85 4
26 86 0
26 87 0
26 88 0
26 89 0
26 90 11
26 91 39
26 92 44
26 93 41
26 94 14
26 95 40
26 96 38
26 97 41
26 98 10
26 99 9
26 100 6
26 101 5
26 102 41
26 103 43
26 104 40
26 105 9
26 106 41
26 107 42
26 108 41
26 109 40
26 110 42
26 111 5
26 112 17
26 113 41
26 114 40
26 115 40
26 116 0
26 117 46
26 118 42
26 119 42
26 120 42
26 121 42
51 1 40
51 2 46
51 3 45
51 4 41
51 5 43
51 6 40
51 7 41
51 8 40
51 9 10
51 10 2
51 11 15
51 12 41
51 13 43
51 14 43
51 15 41
51 16 40
51 17 43
51 18 38
51 19 40
51 20 8
51 21 9
51 22 1
51 23 41
51 24 42
51 25 35
51 26 24
51 27 45
51 28 44
51 29 41
51 30 44
51 31 3
51 32 0
51 33 9
51 34 41
51 35 42
51 36 40
51 37 20
51 38 43
51 39 48
51 40 48
51 41 41
51 42 39
51 43 0
51 44 0
51 45 0
51 46 9
51 47 37
51 48 43
51 49 45
51 50 42
51 51 45
51 52 41
51 53 39
51 54 16
51 55 0
51 56 0
51 57 4
51 58 41
51 59 40
51 60 42
51 61 39
51 62 41
51 63 44
51 64 43
51 65 3
51 66 0
51 67 0
51 68 6
51 69 40
51 70 40
51 71 40
51 72 41
51 73 12
51 74 0
51 75 5
51 76 0
51 77 0
51 78 0
51 79 8
51 80 8
51 81 45
51 82 39
51 83 40
51 84 13
51 85 9
51 86 3
51 87 0
51 88 0
51 89 0
51 90 6
51 91 40
51 92 43
51 93 39
51 94 9
51 95 40
51 96 44
51 97 45
51 98 11
51 99 0
51 100 6
51 101 1
51 102 40
51 103 40
51 104 42
51 105 18
51 106 41
51 107 40
51 108 41
51 109 40
51 110 42
51 111 9
51 112 13
51 113 43
51 114 42
51 115 42
51 116 20
51 117 40
51 118 44
51 119 42
51 120 42
51 121 41
76 1 40
76 2 42
76 3 45
76 4 39
76 5 43
76 6 42
76 7 41
76 8 42
76 9 16
76 10 10
76 11 17
76 12 45
76 13 45
76 14 39
76 15 42
76 16 41
76 17 45
76 18 42
76 19 39
76 20 8
76 21 0
76 22 6
76 23 39
76 24 41
76 25 45
76 26 11
76 27 42
76 28 44
76 29 42
76 30 41
76 31 4
76 32 0
76 33 2
76 34 45
76 35 40
76 36 40
76 37 20
76 38 45
76 39 40
76 40 41
76 41 43
76 42 44
76 43 0
76 44 0
76 45 14
76 46 9
76 47 41
76 48 41
76 49 39
76 50 40
76 51 41
76 52 42
76 53 42
76 54 0
76 55 0
76 56 0
76 57 0
76 58 40
76 59 42
76 60 39
76 61 41
76 62 40
76 63 40
76 64 39
76 65 0
76 66 0
76 67 0
76 68 8
76 69 39
76 70 41
76 71 41
76 72 39
76 73 10
76 74 0
76 75 0
76 76 0
76 77 0
76 78 0
76 79 0
76 80 10
76 81 37
76 82 43
76 83 41
76 84 10
76 85 2
76 86 12
76 87 0
76 88 0
76 89 13
76 90 1
76 91 41
76 92 39
76 93 43
76 94 7
76 95 41
76 96 41
76 97 40
76 98 11
76 99 0
76 100 10
76 101 11
76 102 44
76 103 41
76 104 41
76 105 9
76 106 43
76 107 40
76 108 43
76 109 40
76 110 39
76 111 2
76 112 10
76 113 42
76 114 46
76 115 43
76 116 20
76 117 39
76 118 40
76 119 39
76 120 40
76 121 36
101 1 42
101 2 41
101 3 43
101 4 40
101 5 41
101 6 41
101 7 41
101 8 42
101 9 11
101 10 7
101 11 10
101 12 39
101 13 42
101 14 44
101 15 41
101 16 40
101 17 43
101 18 43
101 19 40
101 20 10
101 21 10
101 22 14
101 23 41
101 24 41
101 25 42
101 26 0
101 27 40
101 28 44
101 29 40
101 30 40
101 31 1
101 32 0
101 33 4
101 34 37
101 35 40
101 36 42
101 37 19
101 38 39
101 39 40
101 40 44
101 41 43
101 42 43
101 43 9
101 44 2
101 45 12
101 46 15
101 47 41
101 48 41
101 49 41
101 50 40
101 51 35
101 52 40
101 53 39
101 54 7
101 55 2
101 56 0
101 57 6
101 58 40
101 59 40
101 60 41
101 61 40
101 62 44
101 63 43
101 64 39
101 65 9
101 66 0
101 67 0
101 68 0
101 69 38
101 70 42
101 71 40
101 72 41
101 73 7
101 74 9
101 75 0
101 76 0
101 77 0
101 78 0
101 79 0
101 80 17
101 81 40
101 82 40
101 83 43
101 84 8
101 85 6
101 86 0
101 87 0
101 88 0
101 89 0
101 90 7
101 91 42
101 92 42
101 93 40
101 94 10
101 95 40
101 96 39
101 97 43
101 98 13
101 99 6
101 100 15
101 101 9
101 102 43
101 103 43
101 104 40
101 105 13
101 106 38
101 107 42
101 108 38
101 109 41
101 110 39
101 111 1
101 112 11
101 113 45
101 114 43
101 115 43
101 116 19
101 117 42
101 118 41
101 119 42
101 120 39
101 121 40
126 1 40
126 2 41
126 3 43
126 4 42
126 5 42
126 6 39
126 7 41
126 8 39
126 9 11
126 10 14
126 11 3
126 12 40
126 13 43
126 14 41
126 15 42
126 16 42
126 17 40
126 18 42
126 19 40
126 20 0
126 21 0
126 22 1
126 23 39
126 24 41
126 25 42
126 26 7
126 27 43
126 28 41
126 29 38
126 30 41
126 31 0
126 32 0
126 33 0
126 34 37
126 35 41
126 36 39
126 37 11
126 38 41
126 39 43
126 40 40
126 41 40
126 42 38
126 43 0
126 44 13
126 45 2
126 46 11
126 47 43
126 48 43
126 49 39
126 50 40
126 51 41
126 52 40
126 53 42
126 54 0
126 55 0
126 56 0
126 57 10
126 58 41
126 59 43
126 60 41
126 61 43
126 62 41
126 63 40
126 64 40
126 65 0
126 66 3
126 67 0
126 68 7
126 69 42
126 70 39
126 71 41
126 72 41
126 73 2
126 74 0
126 75 8
126 76 0
126 77 1
126 78 0
126 79 0
126 80 9
126 81 40
126 82 43
126 83 37
126 84 9
126 85 7
126 86 0
126 87 0
126 88 0
126 89 0
126 90 10
126 91 39
126 92 40
126 93 40
126 94 13
126 95 41
126 96 40
126 97 38
126 98 1
126 99 10
126 100 12
126 101 0
126 102 41
126 103 41
126 104 43
126 105 10
126 106 39
126 107 39
126 108 40
126 109 43
126 110 39
126 111 4
126 112 17
126 113 41
126 114 41
126 115 39
126 116 9
126 117 40
126 118 42
126 119 38
126 120 40
126 121 44
151 1 43
151 2 42
151 3 46
151 4 44
151 5 43
151 6 39
151 7 41
151 8 43
151 9 6
151 10 0
151 11 9
151 12 42
151 13 42
151 14 42
151 15 42
151 16 39
151 17 44
151 18 44
151 19 38
151 20 0
151 21 0
151 22 0
151 23 40
151 24 41
151 25 42
151 26 13
151 27 40
151 28 42
151 29 43
151 30 42
151 31 9
151 32 2
151 33 0
151 34 41
151 35 39
151 36 39
151 37 19
151 38 38
151 39 38
151 40 40
151 41 39
151 42 40
151 43 11
151 44 11
151 45 4
151 46 5
151 47 42
151 48 41
151 49 41
151 50 42
151 51 43
151 52 40
151 53 43
151 54 4
151 55 0
151 56 0
151 57 8
151 58 40
151 59 40
151 60 37
151 61 42
151 62 41
151 63 39
151 64 40
151 65 10
151 66 0
151 67 0
151 68 1
151 69 45
151 70 42
151 71 40
151 72 40
151 73 10
151 74 0
151 75 0
151 76 0
151 77 0
151 78 0
151 79 0
151 80 11
151 81 41
151 82 40
151 83 38
151 84 8
151 85 6
151 86 0
151 87 0
151 88 0
151 89 1
151 90 11
151 91 40
151 92 44
151 93 41
151 94 12
151 95 38
151 96 37
151 97 42
151 98 10
151 99 0
151 100 9
151 101 7
151 102 38
151 103 45
151 104 40
151 105 8
151 106 42
151 107 39
151 108 41
151 109 43
151 110 42
151 111 10
151 112 11
151 113 43
151 114 40
151 115 42
151 116 12
151 117 42
151 118 40
151 119 40
151 120 40
151 121 39
176 1 40
176 2 43
176 3 42
176 4 40
176 5 40
176 6 42
176 7 41
176 8 41
176 9 10
176 10 0
176 11 8
176 12 44
176 13 41
176 14 42
176 15 40
176 16 45
176 17 43
176 18 41
176 19 43
176 20 13
176 21 0
176 22 7
176 23 39
176 24 40
176 25 42
176 26 12
176 27 40
176 28 45
176 29 40
176 30 39
176 31 11
176 32 0
176 33 4
176 34 39
176 35 40
176 36 42
176 37 24
176 38 42
176 39 40
176 40 42
176 41 41
176 42 37
176 43 5
176 44 0
176 45 4
176 46 8
176 47 38
176 48 42
176 49 44
176 50 43
176 51 38
176 52 39
176 53 45
176 54 6
176 55 9
176 56 0
176 57 4
176 58 39
176 59 39
176 60 43
176 61 41
176 62 41
176 63 41
176 64 41
176 65 0
176 66 0
176 67 1
176 68 3
176 69 39
176 70 40
176 71 46
176 72 42
176 73 17
176 74 18
176 75 0
176 76 0
176 77 0
176 78 0
176 79 0
176 80 13
176 81 41
176 82 41
176 83 43
176 84 0
176 85 6
176 86 8
176 87 1
176 88 0
176 89 0
176 90 11
176 91 39
176 92 42
176 93 41
176 94 15
176 95 40
176 96 40
176 97 40
176 98 12
176 99 10
176 100 0
176 101 1
176 102 44
176 103 43
176 104 43
176 105 4
176 106 40
176 107 40
176 108 38
176 109 42
176 110 40
176 111 7
176 112 10
176 113 41
176 114 39
176 115 40
176 116 13
176 117 41
176 118 42
176 119 38
176 120 37
176 121 42
201 1 43
201 2 42
201 3 42
201 4 42
201 5 41
201 6 41
201 7 41
201 8 37
201 9 5
201 10 4
201 11 8
201 12 42
201 13 41
201 14 40
201 15 38
201 16 41
201 17 42
201 18 39
201 19 40
201 20 13
201 21 0
201 22 6
201 23 43
201 24 43
201 25 44
201 26 10
201 27 42
201 28 41
201 29 42
201 30 41
201 31 1
201 32 0
201 33 5
201 34 43
201 35 42
201 36 37
201 37 9
201 38 37
201 39 41
201 40 40
201 41 40
201 42 39
201 43 0
201 44 8
201 45 4
201 46 5
201 47 40
201 48 40
201 49 40
201 50 37
201 51 43
201 52 42
201 53 41
201 54 9
201 55 2
201 56 0
201 57 0
201 58 41
201 59 43
201 60 40
201 61 42
201 62 41
201 63 40
201 64 39
201 65 8
201 66 0
201 67 0
201 68 0
201 69 42
201 70 43
201 71 42
201 72 40
201 73 11
201 74 7
201 75 1
201 76 0
201 77 0
201 78 0
201 79 0
201 80 9
201 81 41
201 82 38
201 83 39
201 84 6
201 85 6
201 86 2
201 87 1
201 88 0
201 89 0
201 90 0
201 91 40
201 92 43
201 93 42
201 94 3
201 95 39
201 96 40
201 97 40
201 98 11
201 99 12
201 100 1
201 101 0
201 102 40
201 103 44
201 104 41
201 105 6
201 106 40
201 107 41
201 108 40
201 109 41
201 110 40
201 111 14
201 112 9
201 113 43
201 114 45
201 115 42
201 116 14
201 117 43
201 118 43
201 119 40
201 120 40
201 121 39
226 1 43
226 2 42
226 3 41
226 4 41
226 5 40
226 6 42
226 7 45
226 8 41
226 9 8
226 10 1
226 11 8
226 12 41
226 13 41
226 14 40
226 15 42
226 16 46
226 17 44
226 18 43
226 19 44
226 20 11
226 21 7
226 22 11
226 23 42
226 24 35
226 25 42
226 26 6
226 27 45
226 28 39
226 29 42
226 30 42
226 31 11
226 32 0
226 33 0
226 34 43
226 35 37
226 36 38
226 37 15
226 38 37
226 39 39
226 40 41
226 41 45
226 42 41
226 43 0
226 44 0
226 45 0
226 46 4
226 47 42
226 48 41
226 49 40
226 50 39
226 51 44
226 52 44
226 53 42
226 54 0
226 55 0
226 56 0
226 57 11
226 58 40
226 59 39
226 60 42
226 61 42
226 62 43
226 63 39
226 64 38
226 65 0
226 66 0
226 67 0
226 68 8
226 69 40
226 70 41
226 71 41
226 72 41
226 73 0
226 74 5
226 75 0
226 76 0
226 77 0
226 78 0
226 79 0
226 80 13
226 81 42
226 82 40
226 83 41
226 84 0
226 85 11
226 86 5
226 87 0
226 88 0
226 89 0
226 90 0
226 91 42
226 92 42
226 93 47
226 94 8
226 95 39
226 96 40
226 97 37
226 98 11
226 99 0
226 100 1
226 101 1
226 102 43
226 103 39
226 104 46
226 105 11
226 106 42
226 107 42
226 108 42
226 109 41
226 110 39
226 111 9
226 112 4
226 113 40
226 114 42
226 115 44
226 116 5
226 117 45
226 118 47
226 119 40
226 120 42
226 121 43
251 1 41
251 2 39
251 3 42
251 4 41
251 5 41
251 6 42
251 7 43
251 8 41
251 9 13
251 10 0
251 11 9
251 12 41
251 13 42
251 14 41
251 15 40
251 16 42
251 17 43
251 18 42
251 19 43
251 20 2
251 21 0
251 22 6
251 23 39
251 24 36
251 25 44
251 26 8
251 27 43
251 28 41
251 29 39
251 30 42
251 31 11
251 32 1
251 33 7
251 34 42
251 35 42
251 36 36
251 37 11
251 38 41
251 39 40
251 40 46
251 41 41
251 42 41
251 43 0
251 44 0
251 45 7
251 46 8
251 47 38
251 48 44
251 49 44
251 50 43
251 51 45
251 52 43
251 53 43
251 54 0
251 55 0
251 56 0
251 57 0
251 58 43
251 59 41
251 60 40
251 61 39
251 62 40
251 63 40
251 64 45
251 65 0
251 66 0
251 67 0
251 68 7
251 69 44
251 70 42
251 71 43
251 72 42
251 73 11
251 74 9
251 75 0
251 76 0
251 77 0
251 78 0
251 79 0
251 80 12
251 81 42
251 82 41
251 83 41
251 84 10
251 85 14
251 86 3
251 87 0
251 88 0
251 89 0
251 90 12
251 91 41
251 92 42
251 93 39
251 94 5
251 95 41
251 96 41
251 97 42
251 98 3
251 99 10
251 100 1
251 101 12
251 102 42
251 103 41
251 104 37
251 105 9
251 106 41
251 107 40
251 108 40
251 109 40
251 110 40
251 111 0
251 112 7
251 113 42
251 114 43
251 115 42
251 116 8
251 117 39
251 118 40
251 119 42
251 120 42
251 121 41
276 1 42
276 2 39
276 3 42
276 4 39
276 5 41
276 6 42
276 7 43
276 8 43
276 9 16
276 10 0
276 11 15
276 12 40
276 13 43
276 14 42
276 15 39
276 16 44
276 17 38
276 18 41
276 19 40
276 20 0
276 21 0
276 22 2
276 23 43
276 24 40
276 25 42
276 26 18
276 27 42
276 28 42
276 29 41
276 30 40
276 31 6
276 32 0
276 33 0
276 34 40
276 35 41
276 36 40
276 37 9
276 38 40
276 39 42
276 40 40
276 41 42
276 42 42
276 43 1
276 44 1
276 45 6
276 46 5
276 47 39
276 48 39
276 49 42
276 50 45
276 51 42
276 52 39
276 53 42
276 54 4
276 55 0
276 56 0
276 57 0
276 58 42
276 59 39
276 60 45
276 61 46
276 62 41
276 63 41
276 64 39
276 65 7
276 66 0
276 67 0
276 68 0
276 69 39
276 70 40
276 71 39
276 72 40
276 73 5
276 74 9
276 75 6
276 76 0
276 77 0
276 78 0
276 79 0
276 80 4
276 81 44
276 82 45
276 83 37
276 84 7
276 85 4
276 86 11
276 87 0
276 88 0
276 89 0
276 90 9
276 91 41
276 92 40
276 93 42
276 94 9
276 95 40
276 96 45
276 97 43
276 98 10
276 99 3
276 100 0
276 101 4
276 102 43
276 103 43
276 104 41
276 105 8
276 106 41
276 107 42
276 108 41
276 109 42
276 110 41
276 111 11
276 112 6
276 113 40
276 114 40
276 115 41
276 116 11
276 117 39
276 118 39
276 119 42
276 120 35
276 121 43
301 1 38
301 2 41
301 3 40
301 4 40
301 5 44
301 6 43
301 7 39
301 8 41
301 9 12
301 10 0
301 11 6
301 12 37
301 13 39
301 14 44
301 15 40
301 16 45
301 17 44
301 18 43
301 19 41
301 20 0
301 21 0
301 22 10
301 23 44
301 24 45
301 25 39
301 26 10
301 27 40
301 28 41
301 29 44
301 30 44
301 31 10
301 32 0
301 33 0
301 34 45
301 35 39
301 36 38
301 37 7
301 38 40
301 39 43
301 40 43
301 41 43
301 42 40
301 43 0
301 44 0
301 45 1
301 46 7
301 47 40
301 48 42
301 49 43
301 50 39
301 51 44
301 52 41
301 53 37
301 54 0
301 55 0
301 56 0
301 57 12
301 58 42
301 59 42
301 60 39
301 61 43
301 62 44
301 63 45
301 64 39
301 65 10
301 66 0
301 67 0
301 68 2
301 69 43
301 70 44
301 71 41
301 72 41
301 73 12
301 74 1
301 75 0
301 76 0
301 77 0
301 78 0
301 79 0
301 80 12
301 81 43
301 82 40
301 83 43
301 84 10
301 85 5
301 86 7
301 87 0
301 88 0
301 89 0
301 90 0
301 91 36
301 92 40
301 93 38
301 94 10
301 95 40
301 96 41
301 97 45
301 98 13
301 99 9
301 100 8
301 101 9
301 102 39
301 103 41
301 104 40
301 105 11
301 106 41
301 107 43
301 108 40
301 109 40
301 110 42
301 111 9
301 112 9
301 113 40
301 114 40
301 115 40
301 116 15
301 117 43
301 118 41
301 119 42
301 120 40
301 121 40
326 1 41
326 2 40
326 3 42
326 4 39
326 5 44
326 6 42
326 7 40
326 8 38
326 9 0
326 10 9
326 11 10
326 12 41
326 13 41
326 14 39
326 15 40
326 16 46
326 17 46
326 18 43
326 19 41
326 20 7
326 21 0
326 22 0
326 23 42
326 24 44
326 25 38
326 26 26
326 27 44
326 28 41
326 29 42
326 30 43
326 31 8
326 32 0
326 33 0
326 34 41
326 35 41
326 36 41
326 37 19
326 38 44
326 39 43
326 40 40
326 41 44
326 42 40
326 43 5
326 44 2
326 45 0
326 46 6
326 47 41
326 48 41
326 49 40
326 50 41
326 51 43
326 52 43
326 53 41
326 54 0
326 55 0
326 56 0
326 57 4
326 58 40
326 59 43
326 60 40
326 61 38
326 62 38
326 63 44
326 64 40
326 65 11
326 66 0
326 67 0
326 68 0
326 69 39
326 70 42
326 71 42
326 72 42
326 73 9
326 74 0
326 75 0
326 76 0
326 77 0
326 78 0
326 79 0
326 80 10
326 81 38
326 82 44
326 83 42
326 84 0
326 85 2
326 86 0
326 87 6
326 88 0
326 89 0
326 90 0
326 91 39
326 92 39
326 93 39
326 94 9
326 95 40
326 96 38
326 97 40
326 98 11
326 99 0
326 100 0
326 101 8
326 102 44
326 103 43
326 104 40
326 105 11
326 106 43
326 107 43
326 108 44
326 109 40
326 110 41
326 111 13
326 112 9
326 113 40
326 114 40
326 115 42
326 116 10
326 117 39
326 118 42
326 119 39
326 120 39
326 121 41
351 1 46
351 2 40
351 3 41
351 4 40
351 5 39
351 6 40
351 7 41
351 8 43
351 9 0
351 10 4
351 11 10
351 12 40
351 13 39
351 14 41
351 15 42
351 16 43
351 17 42
351 18 41
351 19 41
351 20 0
351 21 0
351 22 0
351 23 39
351 24 43
351 25 41
351 26 17
351 27 40
351 28 43
351 29 39
351 30 41
351 31 9
351 32 2
351 33 0
351 34 42
351 35 44
351 36 42
351 37 10
351 38 40
351 39 40
351 40 41
351 41 44
351 42 42
351 43 0
351 44 1
351 45 0
351 46 0
351 47 43
351 48 41
351 49 45
351 50 44
351 51 40
351 52 42
351 53 45
351 54 0
351 55 0
351 56 0
351 57 1
351 58 40
351 59 44
351 60 42
351 61 39
351 62 39
351 63 40
351 64 39
351 65 4
351 66 0
351 67 0
351 68 0
351 69 36
351 70 40
351 71 42
351 72 42
351 73 8
351 74 9
351 75 0
351 76 9
351 77 0
351 78 0
351 79 0
351 80 9
351 81 40
351 82 48
351 83 41
351 84 9
351 85 3
351 86 15
351 87 0
351 88 0
351 89 0
351 90 0
351 91 41
351 92 40
351 93 41
351 94 10
351 95 46
351 96 42
351 97 44
351 98 6
351 99 3
351 100 3
351 101 2
351 102 40
351 103 42
351 104 39
351 105 2
351 106 41
351 107 37
351 108 41
351 109 43
351 110 40
351 111 11
351 112 12
351 113 43
351 114 47
351 115 44
351 116 10
351 117 43
351 118 39
351 119 40
351 120 40
351 121 42
376 1 45
376 2 44
376 3 40
376 4 42
376 5 41
376 6 38
376 7 37
376 8 42
376 9 6
376 10 2
376 11 1
376 12 43
376 13 42
376 14 44
376 15 41
376 16 43
376 17 44
376 18 42
376 19 39
376 20 5
376 21 5
376 22 2
376 23 44
376 24 43
376 25 40
376 26 12
376 27 40
376 28 44
376 29 42
376 30 42
376 31 0
376 32 0
376 33 5
376 34 39
376 35 42
376 36 39
376 37 15
376 38 41
376 39 43
376 40 42
376 41 44
376 42 43
376 43 6
376 44 9
376 45 0
376 46 1
376 47 41
376 48 41
376 49 40
376 50 40
376 51 41
376 52 45
376 53 41
376 54 10
376 55 0
376 56 0
376 57 0
376 58 40
376 59 41
376 60 42
376 61 40
376 62 40
376 63 40
376 64 41
376 65 0
376 66 0
376 67 3
376 68 3
376 69 39
376 70 40
376 71 47
376 72 43
376 73 5
376 74 0
376 75 0
376 76 0
376 77 0
376 78 0
376 79 0
376 80 11
376 81 44
376 82 46
376 83 42
376 84 11
376 85 7
376 86 6
376 87 0
376 88 0
376 89 0
376 90 2
376 91 42
376 92 41
376 93 40
376 94 14
376 95 39
376 96 41
376 97 40
376 98 11
376 99 0
376 100 0
376 101 0
376 102 45
376 103 43
376 104 38
376 105 3
376 106 42
376 107 42
376 108 42
376 109 41
376 110 41
376 111 0
376 112 5
376 113 40
376 114 40
376 115 40
376 116 6
376 117 42
376 118 41
376 119 42
376 120 43
376 121 39
401 1 37
401 2 41
401 3 41
401 4 41
401 5 42
401 6 40
401 7 41
401 8 40
401 9 4
401 10 7
401 11 0
401 12 39
401 13 42
401 14 44
401 15 43
401 16 41
401 17 42
401 18 42
401 19 40
401 20 0
401 21 0
401 22 4
401 23 40
401 24 41
401 25 41
401 26 21
401 27 44
401 28 45
401 29 42
401 30 42
401 31 4
401 32 0
401 33 0
401 34 39
401 35 40
401 36 43
401 37 16
401 38 42
401 39 41
401 40 45
401 41 41
401 42 41
401 43 0
401 44 0
401 45 0
401 46 9
401 47 43
401 48 44
401 49 41
401 50 43
401 51 45
401 52 44
401 53 40
401 54 0
401 55 0
401 56 0
401 57 9
401 58 39
401 59 40
401 60 42
401 61 41
401 62 43
401 63 33
401 64 43
401 65 3
401 66 0
401 67 0
401 68 0
401 69 41
401 70 44
401 71 43
401 72 38
401 73 3
401 74 8
401 75 10
401 76 0
401 77 0
401 78 0
401 79 0
401 80 20
401 81 43
401 82 45
401 83 42
401 84 1
401 85 8
401 86 0
401 87 0
401 88 0
401 89 0
401 90 6
401 91 40
401 92 43
401 93 42
401 94 11
401 95 40
401 96 44
401 97 42
401 98 9
401 99 0
401 100 5
401 101 0
401 102 39
401 103 45
401 104 43
401 105 6
401 106 42
401 107 41
401 108 41
401 109 41
401 110 37
401 111 11
401 112 6
401 113 41
401 114 40
401 115 43
401 116 13
401 117 40
401 118 40
401 119 43
401 120 40
401 121 37
426 1 37
426 2 44
426 3 40
426 4 42
426 5 38
426 6 41
426 7 44
426 8 41
426 9 0
426 10 0
426 11 8
426 12 40
426 13 43
426 14 41
426 15 43
426 16 42
426 17 39
426 18 41
426 19 40
426 20 0
426 21 3
426 22 5
426 23 41
426 24 43
426 25 44
426 26 7
426 27 40
426 28 45
426 29 43
426 30 40
426 31 14
426 32 0
426 33 0
426 34 42
426 35 38
426 36 40
426 37 13
426 38 42
426 39 44
426 40 41
426 41 41
426 42 40
426 43 0
426 44 0
426 45 0
426 46 8
426 47 43
426 48 41
426 49 44
426 50 46
426 51 40
426 52 39
426 53 37
426 54 0
426 55 0
426 56 2
426 57 8
426 58 43
426 59 40
426 60 42
426 61 42
426 62 42
426 63 44
426 64 41
426 65 2
426 66 0
426 67 0
426 68 0
426 69 36
426 70 45
426 71 42
426 72 44
426 73 15
426 74 0
426 75 0
426 76 0
426 77 0
426 78 0
426 79 0
426 80 11
426 81 41
426 82 40
426 83 40
426 84 9
426 85 2
426 86 9
426 87 2
426 88 0
426 89 0
426 90 3
426 91 45
426 92 41
426 93 42
426 94 9
426 95 43
426 96 40
426 97 41
426 98 11
426 99 0
426 100 7
426 101 0
426 102 40
426 103 41
426 104 40
426 105 10
426 106 42
426 107 45
426 108 44
426 109 40
426 110 42
426 111 12
426 112 11
426 113 41
426 114 41
426 115 43
426 116 11
426 117 44
426 118 42
426 119 40
426 120 40
426 121 40
451 1 39
451 2 40
451 3 44
451 4 45
451 5 40
451 6 41
451 7 42
451 8 39
451 9 11
451 10 7
451 11 8
451 12 42
451 13 48
451 14 45
451 15 42
451 16 43
451 17 43
451 18 40
451 19 41
451 20 0
451 21 0
451 22 7
451 23 40
451 24 41
451 25 44
451 26 10
451 27 41
451 28 41
451 29 39
451 30 44
451 31 0
451 32 0
451 33 10
451 34 40
451 35 40
451 36 40
451 37 9
451 38 42
451 39 39
451 40 38
451 41 41
451 42 41
451 43 8
451 44 2
451 45 0
451 46 6
451 47 41
451 48 45
451 49 40
451 50 45
451 51 47
451 52 42
451 53 39
451 54 0
451 55 0
451 56 0
451 57 0
451 58 44
451 59 40
451 60 39
451 61 38
451 62 40
451 63 41
451 64 41
451 65 0
451 66 0
451 67 0
451 68 0
451 69 38
451 70 41
451 71 43
451 72 45
451 73 0
451 74 0
451 75 0
451 76 0
451 77 0
451 78 0
451 79 0
451 80 14
451 81 43
451 82 41
451 83 39
451 84 8
451 85 0
451 86 4
451 87 0
451 88 0
451 89 0
451 90 9
451 91 42
451 92 38
451 93 39
451 94 11
451 95 42
451 96 41
451 97 40
451 98 0
451 99 0
451 100 1
451 101 0
451 102 40
451 103 43
451 104 41
451 105 11
451 106 42
451 107 43
451 108 45
451 109 36
451 110 40
451 111 4
451 112 2
451 113 40
451 114 41
451 115 44
451 116 9
451 117 42
451 118 40
451 119 41
451 120 38
451 121 39
476 1 41
476 2 42
476 3 44
476 4 43
476 5 41
476 6 40
476 7 40
476 8 43
476 9 8
476 10 10
476 11 9
476 12 41
476 13 40
476 14 45
476 15 43
476 16 40
476 17 41
476 18 42
476 19 40
476 20 6
476 21 0
476 22 5
476 23 42
476 24 43
476 25 42
476 26 16
476 27 43
476 28 43
476 29 43
476 30 38
476 31 10
476 32 4
476 33 1
476 34 41
476 35 41
476 36 42
476 37 6
476 38 42
476 39 40
476 40 42
476 41 39
476 42 41
476 43 1
476 44 0
476 45 2
476 46 3
476 47 42
476 48 38
476 49 40
476 50 39
476 51 43
476 52 43
476 53 39
476 54 0
476 55 0
476 56 0
476 57 2
476 58 42
476 59 40
476 60 43
476 61 41
476 62 44
476 63 42
476 64 40
476 65 5
476 66 0
476 67 0
476 68 11
476 69 41
476 70 41
476 71 44
476 72 42
476 73 5
476 74 0
476 75 0
476 76 0
476 77 0
476 78 0
476 79 0
476 80 10
476 81 42
476 82 42
476 83 45
476 84 2
476 85 0
476 86 8
476 87 0
476 88 0
476 89 0
476 90 10
476 91 39
476 92 39
476 93 42
476 94 10
476 95 39
476 96 40
476 97 39
476 98 9
476 99 0
476 100 2
476 101 0
476 102 44
476 103 39
476 104 45
476 105 8
476 106 39
476 107 36
476 108 41
476 109 44
476 110 40
476 111 8
476 112 10
476 113 42
476 114 41
476 115 38
476 116 7
476 117 41
476 118 43
476 119 42
476 120 37
476 121 42
501 1 41
501 2 41
501 3 41
501 4 42
501 5 42
501 6 39
501 7 45
501 8 43
501 9 15
501 10 5
501 11 1
501 12 40
501 13 42
501 14 40
501 15 41
501 16 42
501 17 41
501 18 46
501 19 40
501 20 6
501 21 0
501 22 3
501 23 37
501 24 44
501 25 44
501 26 18
501 27 39
501 28 43
501 29 42
501 30 42
501 31 0
501 32 0
501 33 3
501 34 39
501 35 41
501 36 42
501 37 11
501 38 45
501 39 43
501 40 41
501 41 43
501 42 39
501 43 0
501 44 3
501 45 3
501 46 8
501 47 41
501 48 41
501 49 45
501 50 40
501 51 42
501 52 41
501 53 42
501 54 10
501 55 0
501 56 9
501 57 6
501 58 41
501 59 43
501 60 40
501 61 43
501 62 39
501 63 42
501 64 42
501 65 0
501 66 0
501 67 0
501 68 8
501 69 43
501 70 40
501 71 43
501 72 41
501 73 0
501 74 11
501 75 0
501 76 0
501 77 0
501 78 0
501 79 0
501 80 12
501 81 38
501 82 42
501 83 41
501 84 4
501 85 4
501 86 0
501 87 0
501 88 0
501 89 0
501 90 2
501 91 42
501 92 41
501 93 40
501 94 9
501 95 38
501 96 43
501 97 40
501 98 3
501 99 0
501 100 0
501 101 6
501 102 40
501 103 43
501 104 42
501 105 11
501 106 39
501 107 42
501 108 41
501 109 39
501 110 39
501 111 14
501 112 2
501 113 42
501 114 40
501 115 36
501 116 9
501 117 41
501 118 39
501 119 42
501 120 43
501 121 38
526 1 40
526 2 40
526 3 42
526 4 42
526 5 39
526 6 41
526 7 42
526 8 41
526 9 0
526 10 3
526 11 7
526 12 43
526 13 45
526 14 44
526 15 43
526 16 41
526 17 43
526 18 40
526 19 40
526 20 0
526 21 0
526 22 0
526 23 41
526 24 43
526 25 45
526 26 9
526 27 42
526 28 40
526 29 42
526 30 40
526 31 5
526 32 0
526 33 8
526 34 41
526 35 41
526 36 41
526 37 11
526 38 43
526 39 41
526 40 41
526 41 45
526 42 39
526 43 2
526 44 8
526 45 0
526 46 7
526 47 39
526 48 42
526 49 43
526 50 44
526 51 42
526 52 43
526 53 42
526 54 0
526 55 0
526 56 0
526 57 0
526 58 40
526 59 40
526 60 43
526 61 40
526 62 41
526 63 43
526 64 39
526 65 13
526 66 0
526 67 0
526 68 0
526 69 37
526 70 42
526 71 38
526 72 43
526 73 14
526 74 0
526 75 6
526 76 0
526 77 0
526 78 0
526 79 0
526 80 10
526 81 44
526 82 39
526 83 39
526 84 3
526 85 0
526 86 0
526 87 1
526 88 0
526 89 0
526 90 10
526 91 41
526 92 46
526 93 41
526 94 8
526 95 38
526 96 44
526 97 44
526 98 8
526 99 0
526 100 9
526 101 13
526 102 44
526 103 42
526 104 45
526 105 15
526 106 40
526 107 44
526 108 47
526 109 40
526 110 42
526 111 6
526 112 19
526 113 41
526 114 40
526 115 41
526 116 12
526 117 41
526 118 41
526 119 44
526 120 42
526 121 39
551 1 40
551 2 40
551 3 40
551 4 44
551 5 40
551 6 42
551 7 40
551 8 42
551 9 0
551 10 10
551 11 7
551 12 38
551 13 42
551 14 44
551 15 43
551 16 41
551 17 39
551 18 44
551 19 39
551 20 4
551 21 0
551 22 5
551 23 40
551 24 39
551 25 41
551 26 13
551 27 40
551 28 44
551 29 42
551 30 41
551 31 0
551 32 7
551 33 2
551 34 37
551 35 43
551 36 40
551 37 18
551 38 40
551 39 39
551 40 39
551 41 41
551 42 37
551 43 8
551 44 3
551 45 0
551 46 10
551 47 41
551 48 37
551 49 42
551 50 40
551 51 43
551 52 40
551 53 39
551 54 0
551 55 0
551 56 0
551 57 12
551 58 42
551 59 41
551 60 40
551 61 38
551 62 41
551 63 39
551 64 40
551 65 2
551 66 0
551 67 0
551 68 0
551 69 40
551 70 40
551 71 42
551 72 41
551 73 7
551 74 2
551 75 0
551 76 1
551 77 0
551 78 0
551 79 0
551 80 15
551 81 40
551 82 41
551 83 39
551 84 10
551 85 9
551 86 8
551 87 0
551 88 0
551 89 0
551 90 9
551 91 40
551 92 42
551 93 40
551 94 9
551 95 42
551 96 40
551 97 40
551 98 11
551 99 1
551 100 4
551 101 14
551 102 44
551 103 41
551 104 40
551 105 9
551 106 40
551 107 43
551 108 41
551 109 43
551 110 41
551 111 0
551 112 9
551 113 40
551 114 40
551 115 40
551 116 9
551 117 40
551 118 42
551 119 41
551 120 39
551 121 38
576 1 41
576 2 45
576 3 42
576 4 42
576 5 42
576 6 42
576 7 40
576 8 42
576 9 11
576 10 2
576 11 16
576 12 43
576 13 47
576 14 39
576 15 45
576 16 43
576 17 38
576 18 45
576 19 44
576 20 0
576 21 0
576 22 5
576 23 42
576 24 44
576 25 42
576 26 15
576 27 43
576 28 41
576 29 44
576 30 41
576 31 4
576 32 0
576 33 12
576 34 40
576 35 41
576 36 41
576 37 16
576 38 41
576 39 36
576 40 40
576 41 38
576 42 39
576 43 0
576 44 7
576 45 0
576 46 1
576 47 37
576 48 38
576 49 42
576 50 39
576 51 42
576 52 41
576 53 42
576 54 2
576 55 0
576 56 0
576 57 2
576 58 40
576 59 42
576 60 43
576 61 42
576 62 38
576 63 42
576 64 39
576 65 0
576 66 0
576 67 0
576 68 1
576 69 40
576 70 44
576 71 39
576 72 42
576 73 7
576 74 0
576 75 0
576 76 0
576 77 0
576 78 0
576 79 0
576 80 17
576 81 41
576 82 40
576 83 40
576 84 12
576 85 6
576 86 0
576 87 0
576 88 0
576 89 0
576 90 0
576 91 41
576 92 43
576 93 40
576 94 14
576 95 46
576 96 43
576 97 39
576 98 18
576 99 0
576 100 0
576 101 0
576 102 44
576 103 41
576 104 42
576 105 10
576 106 40
576 107 38
576 108 41
576 109 39
576 110 34
576 111 7
576 112 0
576 113 44
576 114 44
576 115 38
576 116 11
576 117 38
576 118 41
576 119 39
576 120 40
576 121 39
601 1 42
601 2 39
601 3 39
601 4 45
601 5 42
601 6 42
601 7 40
601 8 41
601 9 9
601 10 0
601 11 0
601 12 43
601 13 42
601 14 42
601 15 42
601 16 42
601 17 45
601 18 40
601 19 41
601 20 0
601 21 0
601 22 5
601 23 40
601 24 38
601 25 42
601 26 11
601 27 39
601 28 44
601 29 44
601 30 41
601 31 10
601 32 0
601 33 9
601 34 43
601 35 39
601 36 41
601 37 11
601 38 39
601 39 40
601 40 43
601 41 41
601 42 42
601 43 0
601 44 0
601 45 0
601 46 17
601 47 41
601 48 42
601 49 39
601 50 43
601 51 44
601 52 44
601 53 39
601 54 3
601 55 0
601 56 0
601 57 0
601 58 41
601 59 40
601 60 41
601 61 39
601 62 40
601 63 39
601 64 41
601 65 1
601 66 0
601 67 0
601 68 10
601 69 40
601 70 37
601 71 38
601 72 44
601 73 3
601 74 0
601 75 0
601 76 0
601 77 0
601 78 0
601 79 7
601 80 7
601 81 41
601 82 40
601 83 41
601 84 10
601 85 3
601 86 0
601 87 0
601 88 0
601 89 1
601 90 5
601 91 42
601 92 41
601 93 40
601 94 14
601 95 40
601 96 45
601 97 40
601 98 5
601 99 10
601 100 0
601 101 6
601 102 41
601 103 41
601 104 41
601 105 11
601 106 44
601 107 47
601 108 41
601 109 40
601 110 39
601 111 9
601 112 12
601 113 39
601 114 40
601 115 38
601 116 16
601 117 40
601 118 41
601 119 42
601 120 39
601 121 40
626 1 39
626 2 42
626 3 40
626 4 44
626 5 38
626 6 37
626 7 43
626 8 43
626 9 0
626 10 1
626 11 8
626 12 43
626 13 43
626 14 41
626 15 46
626 16 46
626 17 39
626 18 41
626 19 45
626 20 3
626 21 0
626 22 0
626 23 41
626 24 41
626 25 35
626 26 13
626 27 44
626 28 42
626 29 39
626 30 40
626 31 11
626 32 0
626 33 2
626 34 39
626 35 43
626 36 41
626 37 7
626 38 39
626 39 42
626 40 43
626 41 41
626 42 40
626 43 0
626 44 0
626 45 1
626 46 0
626 47 40
626 48 44
626 49 37
626 50 42
626 51 38
626 52 36
626 53 40
626 54 0
626 55 0
626 56 0
626 57 4
626 58 41
626 59 41
626 60 40
626 61 42
626 62 40
626 63 41
626 64 39
626 65 0
626 66 0
626 67 0
626 68 8
626 69 40
626 70 39
626 71 41
626 72 43
626 73 5
626 74 0
626 75 2
626 76 0
626 77 0
626 78 0
626 79 0
626 80 10
626 81 39
626 82 41
626 83 42
626 84 0
626 85 4
626 86 10
626 87 2
626 88 0
626 89 0
626 90 4
626 91 42
626 92 43
626 93 39
626 94 7
626 95 40
626 96 42
626 97 45
626 98 4
626 99 0
626 100 0
626 101 5
626 102 37
626 103 41
626 104 42
626 105 12
626 106 44
626 107 41
626 108 40
626 109 42
626 110 41
626 111 2
626 112 2
626 113 41
626 114 44
626 115 42
626 116 10
626 117 45
626 118 43
626 119 44
626 120 42
626 121 41
651 1 41
651 2 38
651 3 40
651 4 38
651 5 42
651 6 40
651 7 45
651 8 39
651 9 0
651 10 1
651 11 7
651 12 41
651 13 40
651 14 42
651 15 43
651 16 42
651 17 44
651 18 44
651 19 39
651 20 6
651 21 0
651 22 0
651 23 41
651 24 40
651 25 41
651 26 7
651 27 42
651 28 44
651 29 40
651 30 42
651 31 8
651 32 0
651 33 1
651 34 41
651 35 38
651 36 39
651 37 11
651 38 41
651 39 43
651 40 42
651 41 39
651 42 40
651 43 1
651 44 8
651 45 8
651 46 9
651 47 39
651 48 41
651 49 43
651 50 44
651 51 41
651 52 40
651 53 44
651 54 0
651 55 0
651 56 0
651 57 2
651 58 40
651 59 42
651 60 45
651 61 41
651 62 43
651 63 40
651 64 39
651 65 7
651 66 0
651 67 0
651 68 2
651 69 42
651 70 41
651 71 39
651 72 41
651 73 9
651 74 2
651 75 0
651 76 0
651 77 0
651 78 0
651 79 0
651 80 11
651 81 42
651 82 42
651 83 40
651 84 3
651 85 0
651 86 3
651 87 0
651 88 0
651 89 0
651 90 11
651 91 42
651 92 41
651 93 41
651 94 11
651 95 39
651 96 44
651 97 40
651 98 14
651 99 6
651 100 8
651 101 8
651 102 44
651 103 41
651 104 39
651 105 5
651 106 40
651 107 43
651 108 40
651 109 42
651 110 39
651 111 12
651 112 9
651 113 41
651 114 39
651 115 40
651 116 16
651 117 45
651 118 42
651 119 42
651 120 42
651 121 39
676 1 42
676 2 38
676 3 41
676 4 41
676 5 41
676 6 42
676 7 42
676 8 41
676 9 5
676 10 0
676 11 7
676 12 43
676 13 47
676 14 45
676 15 41
676 16 41
676 17 36
676 18 42
676 19 39
676 20 8
676 21 0
676 22 0
676 23 42
676 24 42
676 25 39
676 26 14
676 27 40
676 28 43
676 29 43
676 30 40
676 31 3
676 32 0
676 33 0
676 34 39
676 35 42
676 36 43
676 37 15
676 38 40
676 39 41
676 40 41
676 41 38
676 42 43
676 43 0
676 44 0
676 45 7
676 46 0
676 47 41
676 48 41
676 49 41
676 50 40
676 51 42
676 52 39
676 53 41
676 54 0
676 55 0
676 56 0
676 57 0
676 58 37
676 59 39
676 60 44
676 61 42
676 62 43
676 63 40
676 64 40
676 65 2
676 66 0
676 67 0
676 68 0
676 69 39
676 70 41
676 71 40
676 72 44
676 73 9
676 74 0
676 75 5
676 76 2
676 77 0
676 78 0
676 79 4
676 80 20
676 81 44
676 82 43
676 83 40
676 84 10
676 85 9
676 86 0
676 87 0
676 88 0
676 89 0
676 90 10
676 91 42
676 92 40
676 93 39
676 94 10
676 95 38
676 96 42
676 97 44
676 98 1
676 99 0
676 100 0
676 101 8
676 102 44
676 103 39
676 104 40
676 105 9
676 106 40
676 107 42
676 108 39
676 109 40
676 110 40
676 111 10
676 112 8
676 113 40
676 114 43
676 115 43
676 116 10
676 117 39
676 118 42
676 119 40
676 120 40
676 121 39
701 1 41
701 2 41
701 3 43
701 4 43
701 5 42
701 6 39
701 7 41
701 8 40
701 9 13
701 10 0
701 11 0
701 12 40
701 13 41
701 14 41
701 15 40
701 16 40
701 17 43
701 18 48
701 19 42
701 20 7
701 21 0
701 22 1
701 23 38
701 24 42
701 25 40
701 26 22
701 27 39
701 28 43
701 29 43
701 30 45
701 31 0
701 32 8
701 33 4
701 34 41
701 35 43
701 36 42
701 37 8
701 38 42
701 39 40
701 40 41
701 41 41
701 42 40
701 43 2
701 44 0
701 45 8
701 46 2
701 47 39
701 48 42
701 49 44
701 50 44
701 51 41
701 52 41
701 53 39
701 54 0
701 55 0
701 56 0
701 57 5
701 58 40
701 59 43
701 60 45
701 61 40
701 62 41
701 63 42
701 64 43
701 65 0
701 66 0
701 67 0
701 68 3
701 69 38
701 70 42
701 71 39
701 72 41
701 73 4
701 74 0
701 75 1
701 76 0
701 77 0
701 78 0
701 79 0
701 80 9
701 81 42
701 82 44
701 83 36
701 84 0
701 85 6
701 86 3
701 87 0
701 88 0
701 89 2
701 90 0
701 91 40
701 92 42
701 93 41
701 94 10
701 95 40
701 96 39
701 97 41
701 98 14
701 99 1
701 100 10
701 101 9
701 102 38
701 103 40
701 104 40
701 105 15
701 106 41
701 107 41
701 108 42
701 109 41
701 110 38
701 111 8
701 112 7
701 113 40
701 114 40
701 115 40
701 116 9
701 117 43
701 118 39
701 119 44
701 120 40
701 121 41
726 1 39
726 2 41
726 3 44
726 4 44
726 5 42
726 6 42
726 7 40
726 8 41
726 9 4
726 10 0
726 11 0
726 12 43
726 13 43
726 14 41
726 15 44
726 16 42
726 17 43
726 18 43
726 19 41
726 20 0
726 21 0
726 22 2
726 23 41
726 24 42
726 25 42
726 26 10
726 27 41
726 28 39
726 29 39
726 30 42
726 31 15
726 32 0
726 33 0
726 34 40
726 35 41
726 36 44
726 37 11
726 38 41
726 39 43
726 40 41
726 41 44
726 42 40
726 43 0
726 44 5
726 45 7
726 46 5
726 47 44
726 48 42
726 49 43
726 50 44
726 51 47
726 52 42
726 53 41
726 54 0
726 55 0
726 56 0
726 57 6
726 58 40
726 59 40
726 60 41
726 61 42
726 62 42
726 63 41
726 64 41
726 65 0
726 66 0
726 67 0
726 68 0
726 69 43
726 70 42
726 71 41
726 72 41
726 73 3
726 74 6
726 75 0
726 76 0
726 77 0
726 78 0
726 79 0
726 80 7
726 81 38
726 82 42
726 83 38
726 84 0
726 85 10
726 86 6
726 87 0
726 88 0
726 89 0
726 90 0
726 91 46
726 92 40
726 93 40
726 94 4
726 95 41
726 96 41
726 97 43
726 98 11
726 99 2
726 100 0
726 101 6
726 102 41
726 103 42
726 104 39
726 105 9
726 106 38
726 107 38
726 108 44
726 109 42
726 110 42
726 111 10
726 112 5
726 113 43
726 114 44
726 115 43
726 116 15
726 117 40
726 118 44
726 119 41
726 120 41
726 121 41
751 1 43
751 2 44
751 3 45
751 4 40
751 5 43
751 6 40
751 7 41
751 8 42
751 9 10
751 10 0
751 11 6
751 12 40
751 13 43
751 14 45
751 15 43
751 16 44
751 17 44
751 18 45
751 19 43
751 20 0
751 21 0
751 22 0
751 23 43
751 24 43
751 25 41
751 26 17
751 27 44
751 28 45
751 29 40
751 30 40
751 31 11
751 32 0
751 33 7
751 34 43
751 35 43
751 36 42
751 37 8
751 38 40
751 39 41
751 40 43
751 41 41
751 42 43
751 43 0
751 44 2
751 45 6
751 46 7
751 47 40
751 48 41
751 49 41
751 50 43
751 51 42
751 52 42
751 53 40
751 54 9
751 55 0
751 56 0
751 57 0
751 58 39
751 59 41
751 60 40
751 61 39
751 62 39
751 63 39
751 64 39
751 65 0
751 66 0
751 67 0
751 68 3
751 69 40
751 70 42
751 71 43
751 72 42
751 73 8
751 74 0
751 75 0
751 76 0
751 77 0
751 78 0
751 79 1
751 80 15
751 81 41
751 82 43
751 83 45
751 84 16
751 85 1
751 86 4
751 87 7
751 88 0
751 89 0
751 90 0
751 91 40
751 92 44
751 93 42
751 94 5
751 95 39
751 96 37
751 97 39
751 98 14
751 99 3
751 100 3
751 101 13
751 102 43
751 103 42
751 104 43
751 105 0
751 106 39
751 107 41
751 108 40
751 109 38
751 110 40
751 111 10
751 112 5
751 113 44
751 114 42
751 115 41
751 116 10
751 117 38
751 118 43
751 119 43
751 120 37
751 121 35
776 1 38
776 2 43
776 3 41
776 4 43
776 5 45
776 6 40
776 7 38
776 8 42
776 9 6
776 10 0
776 11 7
776 12 44
776 13 44
776 14 44
776 15 44
776 16 43
776 17 40
776 18 42
776 19 41
776 20 0
776 21 0
776 22 7
776 23 39
776 24 41
776 25 45
776 26 14
776 27 39
776 28 41
776 29 41
776 30 38
776 31 3
776 32 0
776 33 9
776 34 40
776 35 39
776 36 39
776 37 10
776 38 38
776 39 38
776 40 40
776 41 41
776 42 43
776 43 0
776 44 4
776 45 0
776 46 1
776 47 41
776 48 42
776 49 46
776 50 40
776 51 42
776 52 42
776 53 40
776 54 0
776 55 0
776 56 0
776 57 0
776 58 34
776 59 40
776 60 43
776 61 41
776 62 39
776 63 36
776 64 45
776 65 1
776 66 0
776 67 0
776 68 0
776 69 37
776 70 41
776 71 42
776 72 41
776 73 12
776 74 4
776 75 9
776 76 0
776 77 0
776 78 0
776 79 0
776 80 10
776 81 38
776 82 41
776 83 42
776 84 9
776 85 2
776 86 0
776 87 0
776 88 0
776 89 1
776 90 9
776 91 39
776 92 42
776 93 40
776 94 10
776 95 40
776 96 41
776 97 43
776 98 2
776 99 0
776 100 9
776 101 5
776 102 45
776 103 48
776 104 40
776 105 0
776 106 38
776 107 42
776 108 43
776 109 44
776 110 40
776 111 2
776 112 3
776 113 40
776 114 41
776 115 39
776 116 1
776 117 40
776 118 45
776 119 43
776 120 41
776 121 40
801 1 41
801 2 43
801 3 41
801 4 44
801 5 40
801 6 46
801 7 39
801 8 43
801 9 8
801 10 0
801 11 11
801 12 40
801 13 40
801 14 40
801 15 42
801 16 41
801 17 40
801 18 43
801 19 40
801 20 0
801 21 0
801 22 13
801 23 42
801 24 41
801 25 40
801 26 16
801 27 41
801 28 40
801 29 43
801 30 40
801 31 12
801 32 0
801 33 5
801 34 43
801 35 40
801 36 40
801 37 10
801 38 40
801 39 42
801 40 45
801 41 42
801 42 42
801 43 0
801 44 0
801 45 0
801 46 0
801 47 42
801 48 40
801 49 41
801 50 42
801 51 43
801 52 41
801 53 40
801 54 1
801 55 0
801 56 0
801 57 5
801 58 42
801 59 42
801 60 41
801 61 42
801 62 44
801 63 40
801 64 38
801 65 0
801 66 0
801 67 0
801 68 8
801 69 39
801 70 44
801 71 45
801 72 41
801 73 10
801 74 7
801 75 0
801 76 0
801 77 0
801 78 0
801 79 0
801 80 19
801 81 38
801 82 42
801 83 43
801 84 3
801 85 0
801 86 3
801 87 0
801 88 0
801 89 0
801 90 6
801 91 45
801 92 41
801 93 41
801 94 12
801 95 44
801 96 44
801 97 40
801 98 2
801 99 6
801 100 1
801 101 7
801 102 44
801 103 42
801 104 37
801 105 9
801 106 40
801 107 40
801 108 43
801 109 42
801 110 39
801 111 0
801 112 6
801 113 38
801 114 42
801 115 41
801 116 11
801 117 38
801 118 40
801 119 42
801 120 41
801 121 42
826 1 36
826 2 40
826 3 41
826 4 42
826 5 41
826 6 39
826 7 40
826 8 44
826 9 2
826 10 0
826 11 10
826 12 39
826 13 39
826 14 41
826 15 44
826 16 41
826 17 41
826 18 45
826 19 41
826 20 5
826 21 0
826 22 0
826 23 45
826 24 41
826 25 42
826 26 18
826 27 42
826 28 42
826 29 42
826 30 43
826 31 9
826 32 0
826 33 0
826 34 42
826 35 39
826 36 40
826 37 10
826 38 41
826 39 40
826 40 44
826 41 42
826 42 39
826 43 7
826 44 2
826 45 0
826 46 16
826 47 41
826 48 41
826 49 42
826 50 43
826 51 44
826 52 42
826 53 41
826 54 0
826 55 0
826 56 0
826 57 0
826 58 41
826 59 44
826 60 42
826 61 42
826 62 43
826 63 45
826 64 44
826 65 5
826 66 0
826 67 0
826 68 0
826 69 43
826 70 42
826 71 44
826 72 38
826 73 8
826 74 0
826 75 0
826 76 0
826 77 0
826 78 0
826 79 0
826 80 11
826 81 46
826 82 44
826 83 40
826 84 14
826 85 0
826 86 4
826 87 0
826 88 0
826 89 0
826 90 7
826 91 42
826 92 45
826 93 42
826 94 6
826 95 43
826 96 44
826 97 45
826 98 4
826 99 10
826 100 0
826 101 9
826 102 39
826 103 44
826 104 43
826 105 11
826 106 42
826 107 40
826 108 41
826 109 42
826 110 40
826 111 3
826 112 11
826 113 40
826 114 42
826 115 44
826 116 16
826 117 40
826 118 43
826 119 44
826 120 42
826 121 41
851 1 38
851 2 40
851 3 43
851 4 41
851 5 40
851 6 38
851 7 37
851 8 42
851 9 8
851 10 0
851 11 1
851 12 39
851 13 44
851 14 43
851 15 39
851 16 41
851 17 39
851 18 40
851 19 45
851 20 6
851 21 0
851 22 2
851 23 40
851 24 41
851 25 39
851 26 14
851 27 46
851 28 41
851 29 39
851 30 39
851 31 9
851 32 0
851 33 12
851 34 40
851 35 42
851 36 40
851 37 10
851 38 40
851 39 42
851 40 42
851 41 41
851 42 41
851 43 0
851 44 8
851 45 0
851 46 10
851 47 37
851 48 41
851 49 39
851 50 42
851 51 41
851 52 42
851 53 41
851 54 0
851 55 0
851 56 0
851 57 7
851 58 43
851 59 42
851 60 43
851 61 40
851 62 41
851 63 42
851 64 44
851 65 1
851 66 0
851 67 0
851 68 20
851 69 38
851 70 45
851 71 40
851 72 43
851 73 16
851 74 9
851 75 0
851 76 0
851 77 0
851 78 0
851 79 0
851 80 16
851 81 43
851 82 40
851 83 38
851 84 10
851 85 11
851 86 0
851 87 0
851 88 0
851 89 1
851 90 5
851 91 43
851 92 45
851 93 42
851 94 15
851 95 40
851 96 42
851 97 42
851 98 0
851 99 11
851 100 0
851 101 0
851 102 40
851 103 42
851 104 38
851 105 5
851 106 42
851 107 40
851 108 42
851 109 40
851 110 40
851 111 9
851 112 10
851 113 41
851 114 42
851 115 40
851 116 9
851 117 38
851 118 40
851 119 41
851 120 41
851 121 41
876 1 41
876 2 41
876 3 41
876 4 44
876 5 41
876 6 41
876 7 45
876 8 42
876 9 7
876 10 12
876 11 6
876 12 39
876 13 41
876 14 43
876 15 40
876 16 40
876 17 42
876 18 42
876 19 40
876 20 0
876 21 0
876 22 0
876 23 40
876 24 41
876 25 41
876 26 20
876 27 42
876 28 39
876 29 44
876 30 36
876 31 0
876 32 11
876 33 2
876 34 41
876 35 46
876 36 44
876 37 32
876 38 41
876 39 40
876 40 43
876 41 42
876 42 41
876 43 0
876 44 9
876 45 2
876 46 7
876 47 42
876 48 43
876 49 43
876 50 43
876 51 43
876 52 45
876 53 40
876 54 0
876 55 0
876 56 0
876 57 0
876 58 41
876 59 45
876 60 44
876 61 40
876 62 40
876 63 41
876 64 41
876 65 2
876 66 0
876 67 0
876 68 0
876 69 40
876 70 41
876 71 42
876 72 37
876 73 10
876 74 6
876 75 0
876 76 0
876 77 0
876 78 0
876 79 0
876 80 3
876 81 43
876 82 40
876 83 41
876 84 0
876 85 0
876 86 0
876 87 0
876 88 0
876 89 0
876 90 4
876 91 39
876 92 42
876 93 40
876 94 10
876 95 39
876 96 41
876 97 44
876 98 5
876 99 0
876 100 9
876 101 3
876 102 40
876 103 44
876 104 41
876 105 11
876 106 39
876 107 40
876 108 45
876 109 41
876 110 39
876 111 10
876 112 7
876 113 43
876 114 39
876 115 36
876 116 10
876 117 41
876 118 40
876 119 40
876 120 41
876 121 36
901 1 42
901 2 41
901 3 42
901 4 41
901 5 41
901 6 45
901 7 43
901 8 40
901 9 13
901 10 8
901 11 3
901 12 42
901 13 41
901 14 42
901 15 43
901 16 39
901 17 40
901 18 43
901 19 43
901 20 4
901 21 0
901 22 9
901 23 44
901 24 41
901 25 40
901 26 12
901 27 40
901 28 40
901 29 42
901 30 42
901 31 1
901 32 0
901 33 1
901 34 39
901 35 40
901 36 41
901 37 13
901 38 42
901 39 41
901 40 43
901 41 39
901 42 41
901 43 0
901 44 0
901 45 1
901 46 19
901 47 41
901 48 37
901 49 43
901 50 43
901 51 48
901 52 43
901 53 41
901 54 0
901 55 0
901 56 0
901 57 9
901 58 43
901 59 41
901 60 41
901 61 42
901 62 42
901 63 40
901 64 45
901 65 0
901 66 0
901 67 0
901 68 8
901 69 40
901 70 45
901 71 42
901 72 42
901 73 11
901 74 3
901 75 0
901 76 0
901 77 0
901 78 0
901 79 0
901 80 9
901 81 41
901 82 44
901 83 39
901 84 7
901 85 10
901 86 0
901 87 6
901 88 1
901 89 0
901 90 10
901 91 39
901 92 36
901 93 43
901 94 9
901 95 43
901 96 42
901 97 39
901 98 13
901 99 5
901 100 7
901 101 2
901 102 39
901 103 41
901 104 38
901 105 0
901 106 41
901 107 44
901 108 39
901 109 45
901 110 40
901 111 9
901 112 8
901 113 41
901 114 41
901 115 40
901 116 15
901 117 41
901 118 41
901 119 46
901 120 41
901 121 43
926 1 39
926 2 39
926 3 39
926 4 41
926 5 38
926 6 42
926 7 41
926 8 46
926 9 18
926 10 0
926 11 5
926 12 40
926 13 42
926 14 39
926 15 40
926 16 39
926 17 45
926 18 39
926 19 42
926 20 1
926 21 0
926 22 0
926 23 39
926 24 42
926 25 45
926 26 15
926 27 45
926 28 45
926 29 41
926 30 40
926 31 9
926 32 0
926 33 0
926 34 39
926 35 45
926 36 38
926 37 13
926 38 44
926 39 40
926 40 39
926 41 39
926 42 43
926 43 0
926 44 13
926 45 6
926 46 10
926 47 40
926 48 41
926 49 43
926 50 40
926 51 39
926 52 42
926 53 39
926 54 3
926 55 0
926 56 0
926 57 10
926 58 44
926 59 44
926 60 42
926 61 40
926 62 41
926 63 39
926 64 43
926 65 9
926 66 0
926 67 0
926 68 2
926 69 41
926 70 39
926 71 39
926 72 37
926 73 0
926 74 0
926 75 2
926 76 0
926 77 0
926 78 0
926 79 3
926 80 14
926 81 44
926 82 43
926 83 40
926 84 7
926 85 6
926 86 0
926 87 0
926 88 0
926 89 0
926 90 0
926 91 41
926 92 40
926 93 40
926 94 14
926 95 42
926 96 40
926 97 41
926 98 8
926 99 4
926 100 5
926 101 2
926 102 41
926 103 43
926 104 40
926 105 10
926 106 42
926 107 42
926 108 41
926 109 42
926 110 38
926 111 12
926 112 5
926 113 40
926 114 42
926 115 40
926 116 17
926 117 40
926 118 39
926 119 42
926 120 43
926 121 41
951 1 41
951 2 38
951 3 41
951 4 47
951 5 42
951 6 42
951 7 41
951 8 44
951 9 9
951 10 5
951 11 5
951 12 39
951 13 39
951 14 41
951 15 44
951 16 42
951 17 42
951 18 41
951 19 40
951 20 5
951 21 2
951 22 0
951 23 44
951 24 45
951 25 41
951 26 8
951 27 40
951 28 42
951 29 39
951 30 44
951 31 3
951 32 10
951 33 0
951 34 42
951 35 42
951 36 42
951 37 12
951 38 41
951 39 41
951 40 42
951 41 42
951 42 41
951 43 0
951 44 2
951 45 0
951 46 10
951 47 38
951 48 42
951 49 40
951 50 38
951 51 42
951 52 46
951 53 39
951 54 0
951 55 0
951 56 0
951 57 1
951 58 40
951 59 41
951 60 43
951 61 39
951 62 42
951 63 41
951 64 40
951 65 0
951 66 0
951 67 0
951 68 2
951 69 43
951 70 48
951 71 42
951 72 41
951 73 8
951 74 7
951 75 0
951 76 0
951 77 0
951 78 0
951 79 0
951 80 4
951 81 40
951 82 42
951 83 45
951 84 14
951 85 5
951 86 4
951 87 0
951 88 0
951 89 0
951 90 0
951 91 41
951 92 46
951 93 40
951 94 27
951 95 40
951 96 38
951 97 44
951 98 7
951 99 2
951 100 0
951 101 11
951 102 43
951 103 40
951 104 43
951 105 10
951 106 42
951 107 41
951 108 40
951 109 44
951 110 41
951 111 0
951 112 8
951 113 42
951 114 40
951 115 40
951 116 19
951 117 43
951 118 41
951 119 42
951 120 42
951 121 37
976 1 40
976 2 40
976 3 42
976 4 42
976 5 39
976 6 43
976 7 43
976 8 39
976 9 2
976 10 1
976 11 0
976 12 44
976 13 41
976 14 40
976 15 43
976 16 44
976 17 42
976 18 40
976 19 42
976 20 9
976 21 0
976 22 9
976 23 38
976 24 43
976 25 43
976 26 8
976 27 43
976 28 40
976 29 40
976 30 42
976 31 3
976 32 0
976 33 9
976 34 36
976 35 40
976 36 37
976 37 15
976 38 45
976 39 42
976 40 39
976 41 41
976 42 42
976 43 0
976 44 0
976 45 0
976 46 5
976 47 43
976 48 39
976 49 41
976 50 37
976 51 45
976 52 40
976 53 41
976 54 2
976 55 0
976 56 0
976 57 4
976 58 40
976 59 44
976 60 43
976 61 43
976 62 39
976 63 43
976 64 40
976 65 0
976 66 0
976 67 0
976 68 1
976 69 40
976 70 44
976 71 45
976 72 41
976 73 2
976 74 0
976 75 0
976 76 0
976 77 0
976 78 0
976 79 0
976 80 8
976 81 41
976 82 39
976 83 37
976 84 6
976 85 3
976 86 7
976 87 0
976 88 0
976 89 0
976 90 0
976 91 41
976 92 41
976 93 41
976 94 8
976 95 38
976 96 40
976 97 41
976 98 4
976 99 8
976 100 0
976 101 6
976 102 42
976 103 45
976 104 43
976 105 9
976 106 41
976 107 42
976 108 38
976 109 40
976 110 44
976 111 9
976 112 11
976 113 40
976 114 42
976 115 40
976 116 6
976 117 44
976 118 42
976 119 45
976 120 40
976 121 37
1001 1 43
1001 2 44
1001 3 43
1001 4 39
1001 5 39
1001 6 39
1001 7 44
1001 8 40
1001 9 10
1001 10 13
1001 11 11
1001 12 43
1001 13 41
1001 14 45
1001 15 41
1001 16 41
1001 17 42
1001 18 42
1001 19 41
1001 20 0
1001 21 0
1001 22 0
1001 23 42
1001 24 39
1001 25 42
1001 26 12
1001 27 43
1001 28 40
1001 29 45
1001 30 42
1001 31 7
1001 32 0
1001 33 0
1001 34 40
1001 35 40
1001 36 43
1001 37 9
1001 38 41
1001 39 45
1001 40 42
1001 41 42
1001 42 44
1001 43 0
1001 44 0
1001 45 1
1001 46 10
1001 47 41
1001 48 43
1001 49 40
1001 50 41
1001 51 39
1001 52 45
1001 53 42
1001 54 11
1001 55 0
1001 56 4
1001 57 11
1001 58 40
1001 59 40
1001 60 42
1001 61 41
1001 62 40
1001 63 41
1001 64 40
1001 65 1
1001 66 0
1001 67 0
1001 68 5
1001 69 41
1001 70 41
1001 71 40
1001 72 42
1001 73 7
1001 74 0
1001 75 0
1001 76 0
1001 77 0
1001 78 0
1001 79 0
1001 80 9
1001 81 40
1001 82 41
1001 83 38
1001 84 0
1001 85 0
1001 86 1
1001 87 0
1001 88 1
1001 89 0
1001 90 2
1001 91 41
1001 92 41
1001 93 37
1001 94 15
1001 95 40
1001 96 38
1001 97 42
1001 98 11
1001 99 2
1001 100 9
1001 101 10
1001 102 42
1001 103 40
1001 104 40
1001 105 4
1001 106 42
1001 107 44
1001 108 40
1001 109 46
1001 110 36
1001 111 7
1001 112 10
1001 113 41
1001 114 42
1001 115 37
1001 116 13
1001 117 40
1001 118 44
1001 119 42
1001 120 41
1001 121 40
1026 1 42
1026 2 37
1026 3 42
1026 4 41
1026 5 40
1026 6 49
1026 7 40
1026 8 40
1026 9 16
1026 10 7
1026 11 4
1026 12 41
1026 13 40
1026 14 45
1026 15 39
1026 16 46
1026 17 42
1026 18 43
1026 19 42
1026 20 8
1026 21 0
1026 22 0
1026 23 39
1026 24 43
1026 25 42
1026 26 0
1026 27 45
1026 28 42
1026 29 44
1026 30 42
1026 31 10
1026 32 0
1026 33 4
1026 34 39
1026 35 41
1026 36 40
1026 37 28
1026 38 42
1026 39 43
1026 40 39
1026 41 41
1026 42 41
1026 43 0
1026 44 9
1026 45 0
1026 46 9
1026 47 42
1026 48 42
1026 49 42
1026 50 42
1026 51 44
1026 52 41
1026 53 40
1026 54 0
1026 55 0
1026 56 0
1026 57 8
1026 58 43
1026 59 40
1026 60 43
1026 61 42
1026 62 40
1026 63 40
1026 64 41
1026 65 7
1026 66 0
1026 67 0
1026 68 9
1026 69 41
1026 70 40
1026 71 39
1026 72 41
1026 73 8
1026 74 10
1026 75 0
1026 76 0
1026 77 0
1026 78 0
1026 79 0
1026 80 16
1026 81 42
1026 82 40
1026 83 41
1026 84 8
1026 85 7
1026 86 0
1026 87 0
1026 88 0
1026 89 0
1026 90 4
1026 91 42
1026 92 44
1026 93 40
1026 94 3
1026 95 39
1026 96 40
1026 97 41
1026 98 9
1026 99 0
1026 100 0
1026 101 6
1026 102 40
1026 103 42
1026 104 40
1026 105 14
1026 106 41
1026 107 40
1026 108 41
1026 109 39
1026 110 39
1026 111 3
1026 112 6
1026 113 36
1026 114 44
1026 115 42
1026 116 9
1026 117 42
1026 118 39
1026 119 43
1026 120 41
1026 121 33
1051 1 43
1051 2 44
1051 3 41
1051 4 45
1051 5 40
1051 6 41
1051 7 45
1051 8 44
1051 9 12
1051 10 0
1051 11 0
1051 12 40
1051 13 39
1051 14 41
1051 15 41
1051 16 41
1051 17 47
1051 18 45
1051 19 44
1051 20 5
1051 21 0
1051 22 5
1051 23 40
1051 24 46
1051 25 41
1051 26 17
1051 27 39
1051 28 46
1051 29 44
1051 30 43
1051 31 9
1051 32 1
1051 33 0
1051 34 41
1051 35 43
1051 36 42
1051 37 11
1051 38 41
1051 39 46
1051 40 41
1051 41 41
1051 42 41
1051 43 0
1051 44 5
1051 45 0
1051 46 9
1051 47 41
1051 48 43
1051 49 41
1051 50 42
1051 51 41
1051 52 39
1051 53 41
1051 54 0
1051 55 0
1051 56 0
1051 57 2
1051 58 40
1051 59 40
1051 60 41
1051 61 39
1051 62 42
1051 63 40
1051 64 41
1051 65 0
1051 66 0
1051 67 0
1051 68 0
1051 69 37
1051 70 42
1051 71 40
1051 72 41
1051 73 0
1051 74 5
1051 75 4
1051 76 0
1051 77 0
1051 78 0
1051 79 0
1051 80 7
1051 81 39
1051 82 42
1051 83 42
1051 84 10
1051 85 11
1051 86 10
1051 87 5
1051 88 0
1051 89 0
1051 90 7
1051 91 35
1051 92 42
1051 93 43
1051 94 10
1051 95 40
1051 96 41
1051 97 41
1051 98 9
1051 99 3
1051 100 2
1051 101 0
1051 102 40
1051 103 41
1051 104 40
1051 105 8
1051 106 44
1051 107 43
1051 108 39
1051 109 40
1051 110 41
1051 111 7
1051 112 10
1051 113 41
1051 114 42
1051 115 40
1051 116 11
1051 117 44
1051 118 44
1051 119 40
1051 120 39
1051 121 40
1076 1 39
1076 2 44
1076 3 39
1076 4 39
1076 5 39
1076 6 41
1076 7 44
1076 8 40
1076 9 8
1076 10 3
1076 11 12
1076 12 41
1076 13 43
1076 14 44
1076 15 40
1076 16 40
1076 17 40
1076 18 40
1076 19 40
1076 20 7
1076 21 0
1076 22 7
1076 23 41
1076 24 41
1076 25 38
1076 26 9
1076 27 45
1076 28 45
1076 29 41
1076 30 41
1076 31 0
1076 32 0
1076 33 3
1076 34 40
1076 35 40
1076 36 40
1076 37 6
1076 38 40
1076 39 41
1076 40 41
1076 41 45
1076 42 41
1076 43 0
1076 44 0
1076 45 5
1076 46 4
1076 47 41
1076 48 38
1076 49 37
1076 50 41
1076 51 39
1076 52 41
1076 53 40
1076 54 0
1076 55 0
1076 56 0
1076 57 4
1076 58 41
1076 59 44
1076 60 42
1076 61 43
1076 62 41
1076 63 42
1076 64 44
1076 65 12
1076 66 0
1076 67 0
1076 68 2
1076 69 42
1076 70 39
1076 71 38
1076 72 40
1076 73 10
1076 74 11
1076 75 2
1076 76 0
1076 77 0
1076 78 0
1076 79 0
1076 80 14
1076 81 42
1076 82 43
1076 83 41
1076 84 4
1076 85 0
1076 86 10
1076 87 0
1076 88 0
1076 89 6
1076 90 9
1076 91 38
1076 92 42
1076 93 41
1076 94 15
1076 95 39
1076 96 41
1076 97 39
1076 98 6
1076 99 11
1076 100 0
1076 101 5
1076 102 40
1076 103 41
1076 104 42
1076 105 16
1076 106 42
1076 107 40
1076 108 42
1076 109 42
1076 110 41
1076 111 9
1076 112 10
1076 113 44
1076 114 40
1076 115 39
1076 116 12
1076 117 39
1076 118 41
1076 119 42
1076 120 43
1076 121 40
1101 1 42
1101 2 40
1101 3 42
1101 4 46
1101 5 43
1101 6 44
1101 7 41
1101 8 42
1101 9 12
1101 10 9
1101 11 7
1101 12 41
1101 13 42
1101 14 39
1101 15 39
1101 16 41
1101 17 42
1101 18 40
1101 19 42
1101 20 0
1101 21 0
1101 22 2
1101 23 46
1101 24 43
1101 25 40
1101 26 10
1101 27 43
1101 28 44
1101 29 41
1101 30 40
1101 31 5
1101 32 0
1101 33 0
1101 34 42
1101 35 40
1101 36 39
1101 37 7
1101 38 42
1101 39 41
1101 40 42
1101 41 42
1101 42 39
1101 43 0
1101 44 0
1101 45 11
1101 46 13
1101 47 44
1101 48 43
1101 49 41
1101 50 43
1101 51 40
1101 52 40
1101 53 44
1101 54 15
1101 55 0
1101 56 0
1101 57 11
1101 58 40
1101 59 44
1101 60 41
1101 61 45
1101 62 39
1101 63 40
1101 64 40
1101 65 4
1101 66 0
1101 67 0
1101 68 0
1101 69 40
1101 70 44
1101 71 42
1101 72 42
1101 73 15
1101 74 6
1101 75 0
1101 76 0
1101 77 0
1101 78 0
1101 79 0
1101 80 1
1101 81 42
1101 82 44
1101 83 38
1101 84 1
1101 85 0
1101 86 2
1101 87 0
1101 88 1
1101 89 0
1101 90 11
1101 91 39
1101 92 41
1101 93 43
1101 94 10
1101 95 41
1101 96 40
1101 97 41
1101 98 3
1101 99 3
1101 100 0
1101 101 10
1101 102 38
1101 103 39
1101 104 40
1101 105 5
1101 106 41
1101 107 42
1101 108 40
1101 109 39
1101 110 40
1101 111 16
1101 112 10
1101 113 42
1101 114 44
1101 115 42
1101 116 13
1101 117 40
1101 118 38
1101 119 39
1101 120 39
1101 121 40
1126 1 42
1126 2 42
1126 3 39
1126 4 41
1126 5 40
1126 6 46
1126 7 44
1126 8 43
1126 9 9
1126 10 0
1126 11 5
1126 12 43
1126 13 41
1126 14 41
1126 15 43
1126 16 43
1126 17 39
1126 18 41
1126 19 39
1126 20 0
1126 21 0
1126 22 7
1126 23 43
1126 24 41
1126 25 42
1126 26 14
1126 27 43
1126 28 40
1126 29 40
1126 30 40
1126 31 10
1126 32 0
1126 33 6
1126 34 35
1126 35 42
1126 36 39
1126 37 9
1126 38 41
1126 39 35
1126 40 40
1126 41 42
1126 42 43
1126 43 5
1126 44 0
1126 45 1
1126 46 0
1126 47 40
1126 48 40
1126 49 41
1126 50 40
1126 51 42
1126 52 43
1126 53 40
1126 54 8
1126 55 0
1126 56 0
1126 57 0
1126 58 40
1126 59 42
1126 60 40
1126 61 42
1126 62 41
1126 63 43
1126 64 40
1126 65 0
1126 66 0
1126 67 0
1126 68 0
1126 69 39
1126 70 44
1126 71 41
1126 72 40
1126 73 9
1126 74 10
1126 75 0
1126 76 0
1126 77 0
1126 78 0
1126 79 1
1126 80 15
1126 81 40
1126 82 42
1126 83 42
1126 84 8
1126 85 6
1126 86 0
1126 87 0
1126 88 0
1126 89 0
1126 90 4
1126 91 41
1126 92 42
1126 93 42
1126 94 7
1126 95 41
1126 96 42
1126 97 42
1126 98 6
1126 99 0
1126 100 0
1126 101 0
1126 102 42
1126 103 40
1126 104 40
1126 105 15
1126 106 40
1126 107 37
1126 108 36
1126 109 42
1126 110 40
1126 111 17
1126 112 8
1126 113 40
1126 114 43
1126 115 36
1126 116 16
1126 117 43
1126 118 38
1126 119 40
1126 120 43
1126 121 40
1151 1 40
1151 2 41
1151 3 41
1151 4 43
1151 5 42
1151 6 41
1151 7 40
1151 8 42
1151 9 0
1151 10 3
1151 11 0
1151 12 42
1151 13 40
1151 14 38
1151 15 38
1151 16 41
1151 17 41
1151 18 44
1151 19 41
1151 20 10
1151 21 0
1151 22 2
1151 23 40
1151 24 39
1151 25 41
1151 26 11
1151 27 40
1151 28 41
1151 29 42
1151 30 39
1151 31 10
1151 32 0
1151 33 0
1151 34 42
1151 35 43
1151 36 45
1151 37 15
1151 38 41
1151 39 40
1151 40 43
1151 41 35
1151 42 40
1151 43 8
1151 44 0
1151 45 3
1151 46 11
1151 47 41
1151 48 39
1151 49 40
1151 50 44
1151 51 45
1151 52 41
1151 53 41
1151 54 9
1151 55 0
1151 56 0
1151 57 6
1151 58 41
1151 59 41
1151 60 45
1151 61 40
1151 62 38
1151 63 43
1151 64 40
1151 65 5
1151 66 0
1151 67 0
1151 68 1
1151 69 41
1151 70 41
1151 71 44
1151 72 40
1151 73 9
1151 74 3
1151 75 0
1151 76 0
1151 77 0
1151 78 0
1151 79 0
1151 80 2
1151 81 47
1151 82 42
1151 83 45
1151 84 15
1151 85 1
1151 86 0
1151 87 0
1151 88 0
1151 89 0
1151 90 8
1151 91 41
1151 92 42
1151 93 44
1151 94 14
1151 95 37
1151 96 38
1151 97 42
1151 98 0
1151 99 0
1151 100 0
1151 101 1
1151 102 40
1151 103 41
1151 104 40
1151 105 7
1151 106 39
1151 107 41
1151 108 38
1151 109 39
1151 110 39
1151 111 4
1151 112 7
1151 113 40
1151 114 42
1151 115 41
1151 116 11
1151 117 40
1151 118 40
1151 119 42
1151 120 41
1151 121 43
1176 1 40
1176 2 42
1176 3 46
1176 4 42
1176 5 40
1176 6 37
1176 7 45
1176 8 43
1176 9 4
1176 10 0
1176 11 1
1176 12 41
1176 13 38
1176 14 43
1176 15 41
1176 16 40
1176 17 41
1176 18 41
1176 19 43
1176 20 9
1176 21 0
1176 22 0
1176 23 40
1176 24 42
1176 25 41
1176 26 14
1176 27 41
1176 28 42
1176 29 43
1176 30 41
1176 31 10
1176 32 4
1176 33 0
1176 34 41
1176 35 41
1176 36 42
1176 37 9
1176 38 40
1176 39 43
1176 40 43
1176 41 40
1176 42 41
1176 43 0
1176 44 5
1176 45 0
1176 46 13
1176 47 42
1176 48 40
1176 49 43
1176 50 46
1176 51 44
1176 52 40
1176 53 39
1176 54 9
1176 55 0
1176 56 0
1176 57 11
1176 58 38
1176 59 42
1176 60 40
1176 61 44
1176 62 42
1176 63 37
1176 64 40
1176 65 0
1176 66 0
1176 67 0
1176 68 2
1176 69 39
1176 70 45
1176 71 42
1176 72 42
1176 73 10
1176 74 0
1176 75 1
1176 76 0
1176 77 0
1176 78 0
1176 79 0
1176 80 11
1176 81 41
1176 82 42
1176 83 40
1176 84 0
1176 85 10
1176 86 11
1176 87 0
1176 88 0
1176 89 0
1176 90 4
1176 91 39
1176 92 40
1176 93 39
1176 94 10
1176 95 43
1176 96 38
1176 97 43
1176 98 0
1176 99 0
1176 100 8
1176 101 10
1176 102 43
1176 103 38
1176 104 41
1176 105 6
1176 106 41
1176 107 45
1176 108 40
1176 109 42
1176 110 41
1176 111 20
1176 112 6
1176 113 40
1176 114 41
1176 115 43
1176 116 10
1176 117 42
1176 118 42
1176 119 43
1176 120 40
1176 121 41
1201 1 41
1201 2 39
1201 3 40
1201 4 46
1201 5 44
1201 6 40
1201 7 44
1201 8 36
1201 9 12
1201 10 1
1201 11 4
1201 12 40
1201 13 41
1201 14 40
1201 15 41
1201 16 45
1201 17 42
1201 18 41
1201 19 38
1201 20 6
1201 21 1
1201 22 7
1201 23 40
1201 24 38
1201 25 42
1201 26 7
1201 27 41
1201 28 41
1201 29 45
1201 30 41
1201 31 7
1201 32 0
1201 33 7
1201 34 39
1201 35 40
1201 36 41
1201 37 12
1201 38 45
1201 39 41
1201 40 43
1201 41 38
1201 42 38
1201 43 0
1201 44 2
1201 45 4
1201 46 4
1201 47 41
1201 48 42
1201 49 42
1201 50 39
1201 51 41
1201 52 42
1201 53 41
1201 54 9
1201 55 0
1201 56 0
1201 57 8
1201 58 44
1201 59 41
1201 60 44
1201 61 41
1201 62 41
1201 63 41
1201 64 39
1201 65 10
1201 66 0
1201 67 0
1201 68 8
1201 69 39
1201 70 42
1201 71 44
1201 72 42
1201 73 8
1201 74 0
1201 75 11
1201 76 0
1201 77 0
1201 78 0
1201 79 0
1201 80 1
1201 81 39
1201 82 44
1201 83 42
1201 84 8
1201 85 1
1201 86 0
1201 87 0
1201 88 0
1201 89 0
1201 90 10
1201 91 42
1201 92 45
1201 93 42
1201 94 6
1201 95 39
1201 96 42
1201 97 40
1201 98 6
1201 99 0
1201 100 0
1201 101 10
1201 102 39
1201 103 44
1201 104 39
1201 105 13
1201 106 42
1201 107 44
1201 108 40
1201 109 40
1201 110 39
1201 111 8
1201 112 7
1201 113 40
1201 114 42
1201 115 41
1201 116 10
1201 117 40
1201 118 40
1201 119 42
1201 120 40
1201 121 37
1226 1 38
1226 2 40
1226 3 42
1226 4 45
1226 5 42
1226 6 42
1226 7 41
1226 8 41
1226 9 11
1226 10 7
1226 11 6
1226 12 43
1226 13 43
1226 14 42
1226 15 39
1226 16 39
1226 17 43
1226 18 43
1226 19 44
1226 20 3
1226 21 0
1226 22 5
1226 23 39
1226 24 43
1226 25 38
1226 26 19
1226 27 41
1226 28 47
1226 29 42
1226 30 45
1226 31 10
1226 32 0
1226 33 9
1226 34 41
1226 35 40
1226 36 42
1226 37 7
1226 38 38
1226 39 44
1226 40 42
1226 41 39
1226 42 42
1226 43 0
1226 44 3
1226 45 0
1226 46 1
1226 47 44
1226 48 41
1226 49 42
1226 50 41
1226 51 40
1226 52 41
1226 53 41
1226 54 0
1226 55 0
1226 56 0
1226 57 0
1226 58 38
1226 59 40
1226 60 43
1226 61 39
1226 62 40
1226 63 39
1226 64 41
1226 65 0
1226 66 0
1226 67 0
1226 68 2
1226 69 44
1226 70 38
1226 71 40
1226 72 41
1226 73 9
1226 74 2
1226 75 1
1226 76 0
1226 77 0
1226 78 0
1226 79 0
1226 80 5
1226 81 44
1226 82 41
1226 83 41
1226 84 10
1226 85 7
1226 86 5
1226 87 0
1226 88 0
1226 89 0
1226 90 0
1226 91 40
1226 92 39
1226 93 41
1226 94 10
1226 95 46
1226 96 44
1226 97 40
1226 98 0
1226 99 0
1226 100 8
1226 101 9
1226 102 38
1226 103 39
1226 104 44
1226 105 9
1226 106 43
1226 107 38
1226 108 42
1226 109 43
1226 110 42
1226 111 8
1226 112 5
1226 113 42
1226 114 39
1226 115 41
1226 116 10
1226 117 44
1226 118 43
1226 119 41
1226 120 40
1226 121 37
1251 1 41
1251 2 40
1251 3 40
1251 4 41
1251 5 39
1251 6 41
1251 7 39
1251 8 40
1251 9 10
1251 10 0
1251 11 0
1251 12 40
1251 13 40
1251 14 42
1251 15 41
1251 16 40
1251 17 42
1251 18 38
1251 19 40
1251 20 0
1251 21 0
1251 22 0
1251 23 41
1251 24 42
1251 25 41
1251 26 3
1251 27 42
1251 28 38
1251 29 41
1251 30 42
1251 31 7
1251 32 0
1251 33 0
1251 34 36
1251 35 40
1251 36 40
1251 37 11
1251 38 42
1251 39 38
1251 40 41
1251 41 41
1251 42 39
1251 43 7
1251 44 7
1251 45 0
1251 46 0
1251 47 45
1251 48 41
1251 49 41
1251 50 42
1251 51 40
1251 52 38
1251 53 40
1251 54 0
1251 55 0
1251 56 0
1251 57 3
1251 58 42
1251 59 46
1251 60 39
1251 61 39
1251 62 42
1251 63 42
1251 64 42
1251 65 2
1251 66 0
1251 67 0
1251 68 0
1251 69 37
1251 70 39
1251 71 42
1251 72 42
1251 73 9
1251 74 0
1251 75 0
1251 76 0
1251 77 0
1251 78 0
1251 79 0
1251 80 7
1251 81 42
1251 82 43
1251 83 43
1251 84 0
1251 85 2
1251 86 0
1251 87 0
1251 88 0
1251 89 0
1251 90 10
1251 91 40
1251 92 42
1251 93 43
1251 94 3
1251 95 40
1251 96 39
1251 97 38
1251 98 11
1251 99 7
1251 100 10
1251 101 0
1251 102 40
1251 103 41
1251 104 39
1251 105 9
1251 106 41
1251 107 42
1251 108 38
1251 109 43
1251 110 41
1251 111 11
1251 112 2
1251 113 39
1251 114 42
1251 115 40
1251 116 14
1251 117 44
1251 118 43
1251 119 41
1251 120 40
1251 121 35
1276 1 39
1276 2 41
1276 3 40
1276 4 42
1276 5 41
1276 6 43
1276 7 43
1276 8 44
1276 9 7
1276 10 5
1276 11 9
1276 12 44
1276 13 47
1276 14 45
1276 15 45
1276 16 37
1276 17 45
1276 18 46
1276 19 38
1276 20 7
1276 21 4
1276 22 0
1276 23 41
1276 24 43
1276 25 42
1276 26 15
1276 27 42
1276 28 38
1276 29 43
1276 30 43
1276 31 9
1276 32 0
1276 33 0
1276 34 36
1276 35 39
1276 36 41
1276 37 18
1276 38 44
1276 39 45
1276 40 44
1276 41 39
1276 42 43
1276 43 0
1276 44 0
1276 45 0
1276 46 19
1276 47 41
1276 48 40
1276 49 42
1276 50 42
1276 51 37
1276 52 41
1276 53 41
1276 54 0
1276 55 0
1276 56 0
1276 57 2
1276 58 43
1276 59 39
1276 60 41
1276 61 43
1276 62 42
1276 63 37
1276 64 42
1276 65 8
1276 66 0
1276 67 0
1276 68 0
1276 69 40
1276 70 42
1276 71 44
1276 72 42
1276 73 8
1276 74 0
1276 75 7
1276 76 0
1276 77 0
1276 78 0
1276 79 0
1276 80 10
1276 81 40
1276 82 42
1276 83 42
1276 84 13
1276 85 10
1276 86 1
1276 87 0
1276 88 0
1276 89 0
1276 90 0
1276 91 42
1276 92 42
1276 93 42
1276 94 10
1276 95 41
1276 96 40
1276 97 45
1276 98 10
1276 99 0
1276 100 0
1276 101 2
1276 102 41
1276 103 47
1276 104 42
1276 105 11
1276 106 41
1276 107 39
1276 108 41
1276 109 40
1276 110 42
1276 111 10
1276 112 10
1276 113 40
1276 114 43
1276 115 40
1276 116 5
1276 117 44
1276 118 45
1276 119 41
1276 120 39
1276 121 40
1301 1 43
1301 2 43
1301 3 46
1301 4 43
1301 5 44
1301 6 40
1301 7 40
1301 8 43
1301 9 7
1301 10 0
1301 11 2
1301 12 43
1301 13 40
1301 14 40
1301 15 39
1301 16 43
1301 17 43
1301 18 43
1301 19 42
1301 20 9
1301 21 0
1301 22 8
1301 23 45
1301 24 43
1301 25 42
1301 26 9
1301 27 39
1301 28 44
1301 29 41
1301 30 45
1301 31 10
1301 32 0
1301 33 4
1301 34 42
1301 35 42
1301 36 38
1301 37 18
1301 38 40
1301 39 39
1301 40 44
1301 41 35
1301 42 40
1301 43 0
1301 44 0
1301 45 1
1301 46 8
1301 47 42
1301 48 43
1301 49 43
1301 50 43
1301 51 46
1301 52 41
1301 53 38
1301 54 0
1301 55 0
1301 56 0
1301 57 5
1301 58 41
1301 59 43
1301 60 41
1301 61 44
1301 62 41
1301 63 42
1301 64 44
1301 65 0
1301 66 0
1301 67 0
1301 68 5
1301 69 39
1301 70 41
1301 71 40
1301 72 41
1301 73 17
1301 74 0
1301 75 0
1301 76 0
1301 77 0
1301 78 0
1301 79 0
1301 80 8
1301 81 39
1301 82 43
1301 83 43
1301 84 7
1301 85 9
1301 86 0
1301 87 0
1301 88 0
1301 89 0
1301 90 9
1301 91 47
1301 92 40
1301 93 40
1301 94 4
1301 95 42
1301 96 42
1301 97 39
1301 98 9
1301 99 0
1301 100 4
1301 101 2
1301 102 45
1301 103 44
1301 104 41
1301 105 10
1301 106 42
1301 107 43
1301 108 42
1301 109 39
1301 110 41
1301 111 11
1301 112 8
1301 113 40
1301 114 41
1301 115 44
1301 116 8
1301 117 41
1301 118 41
1301 119 43
1301 120 42
1301 121 39
1326 1 42
1326 2 44
1326 3 43
1326 4 41
1326 5 42
1326 6 43
1326 7 39
1326 8 40
1326 9 3
1326 10 0
1326 11 6
1326 12 40
1326 13 40
1326 14 42
1326 15 43
1326 16 42
1326 17 42
1326 18 44
1326 19 40
1326 20 6
1326 21 0
1326 22 9
1326 23 43
1326 24 40
1326 25 42
1326 26 11
1326 27 41
1326 28 42
1326 29 42
1326 30 39
1326 31 14
1326 32 0
1326 33 8
1326 34 40
1326 35 40
1326 36 44
1326 37 10
1326 38 40
1326 39 43
1326 40 41
1326 41 40
1326 42 40
1326 43 4
1326 44 4
1326 45 5
1326 46 12
1326 47 44
1326 48 40
1326 49 42
1326 50 40
1326 51 41
1326 52 40
1326 53 43
1326 54 10
1326 55 0
1326 56 0
1326 57 0
1326 58 40
1326 59 42
1326 60 42
1326 61 40
1326 62 40
1326 63 39
1326 64 40
1326 65 9
1326 66 0
1326 67 0
1326 68 0
1326 69 43
1326 70 43
1326 71 40
1326 72 42
1326 73 17
1326 74 6
1326 75 4
1326 76 0
1326 77 0
1326 78 0
1326 79 0
1326 80 11
1326 81 41
1326 82 41
1326 83 40
1326 84 11
1326 85 2
1326 86 1
1326 87 0
1326 88 0
1326 89 0
1326 90 13
1326 91 42
1326 92 40
1326 93 41
1326 94 6
1326 95 40
1326 96 39
1326 97 39
1326 98 9
1326 99 3
1326 100 4
1326 101 9
1326 102 43
1326 103 41
1326 104 39
1326 105 9
1326 106 44
1326 107 45
1326 108 40
1326 109 41
1326 110 41
1326 111 9
1326 112 11
1326 113 40
1326 114 41
1326 115 43
1326 116 9
1326 117 41
1326 118 46
1326 119 40
1326 120 42
1326 121 40
1351 1 41
1351 2 39
1351 3 43
1351 4 40
1351 5 40
1351 6 39
1351 7 40
1351 8 41
1351 9 10
1351 10 0
1351 11 0
1351 12 39
1351 13 40
1351 14 44
1351 15 43
1351 16 42
1351 17 43
1351 18 45
1351 19 40
1351 20 0
1351 21 0
1351 22 0
1351 23 40
1351 24 39
1351 25 39
1351 26 8
1351 27 44
1351 28 40
1351 29 44
1351 30 43
1351 31 10
1351 32 5
1351 33 0
1351 34 39
1351 35 41
1351 36 41
1351 37 7
1351 38 38
1351 39 39
1351 40 36
1351 41 40
1351 42 39
1351 43 1
1351 44 1
1351 45 10
1351 46 8
1351 47 38
1351 48 36
1351 49 43
1351 50 42
1351 51 42
1351 52 43
1351 53 39
1351 54 1
1351 55 0
1351 56 0
1351 57 0
1351 58 37
1351 59 45
1351 60 42
1351 61 42
1351 62 39
1351 63 41
1351 64 41
1351 65 0
1351 66 0
1351 67 0
1351 68 10
1351 69 41
1351 70 41
1351 71 43
1351 72 39
1351 73 2
1351 74 1
1351 75 11
1351 76 0
1351 77 0
1351 78 0
1351 79 0
1351 80 15
1351 81 44
1351 82 40
1351 83 39
1351 84 11
1351 85 1
1351 86 0
1351 87 0
1351 88 0
1351 89 0
1351 90 0
1351 91 44
1351 92 41
1351 93 41
1351 94 13
1351 95 44
1351 96 41
1351 97 39
1351 98 10
1351 99 0
1351 100 0
1351 101 10
1351 102 41
1351 103 42
1351 104 42
1351 105 0
1351 106 42
1351 107 42
1351 108 42
1351 109 36
1351 110 37
1351 111 9
1351 112 11
1351 113 40
1351 114 42
1351 115 38
1351 116 11
1351 117 45
1351 118 39
1351 119 42
1351 120 40
1351 121 38
1376 1 43
1376 2 40
1376 3 40
1376 4 39
1376 5 44
1376 6 42
1376 7 41
1376 8 40
1376 9 8
1376 10 0
1376 11 0
1376 12 41
1376 13 42
1376 14 45
1376 15 43
1376 16 41
1376 17 42
1376 18 42
1376 19 45
1376 20 4
1376 21 0
1376 22 3
1376 23 42
1376 24 45
1376 25 41
1376 26 17
1376 27 40
1376 28 41
1376 29 40
1376 30 42
1376 31 11
1376 32 0
1376 33 10
1376 34 40
1376 35 40
1376 36 40
1376 37 12
1376 38 42
1376 39 40
1376 40 45
1376 41 45
1376 42 44
1376 43 4
1376 44 3
1376 45 0
1376 46 9
1376 47 44
1376 48 43
1376 49 40
1376 50 43
1376 51 44
1376 52 40
1376 53 40
1376 54 0
1376 55 0
1376 56 0
1376 57 7
1376 58 42
1376 59 41
1376 60 40
1376 61 44
1376 62 41
1376 63 41
1376 64 39
1376 65 5
1376 66 0
1376 67 0
1376 68 8
1376 69 43
1376 70 42
1376 71 44
1376 72 45
1376 73 19
1376 74 0
1376 75 2
1376 76 0
1376 77 0
1376 78 0
1376 79 1
1376 80 20
1376 81 42
1376 82 42
1376 83 40
1376 84 7
1376 85 0
1376 86 5
1376 87 0
1376 88 0
1376 89 0
1376 90 0
1376 91 43
1376 92 44
1376 93 42
1376 94 12
1376 95 40
1376 96 38
1376 97 39
1376 98 10
1376 99 0
1376 100 5
1376 101 7
1376 102 42
1376 103 41
1376 104 39
1376 105 9
1376 106 40
1376 107 41
1376 108 43
1376 109 41
1376 110 40
1376 111 5
1376 112 7
1376 113 40
1376 114 41
1376 115 42
1376 116 10
1376 117 36
1376 118 43
1376 119 43
1376 120 37
1376 121 41
1401 1 44
1401 2 43
1401 3 42
1401 4 42
1401 5 41
1401 6 39
1401 7 44
1401 8 39
1401 9 3
1401 10 4
1401 11 0
1401 12 46
1401 13 43
1401 14 40
1401 15 40
1401 16 44
1401 17 38
1401 18 42
1401 19 40
1401 20 0
1401 21 0
1401 22 0
1401 23 42
1401 24 41
1401 25 43
1401 26 10
1401 27 41
1401 28 45
1401 29 40
1401 30 42
1401 31 9
1401 32 0
1401 33 10
1401 34 37
1401 35 41
1401 36 39
1401 37 12
1401 38 42
1401 39 45
1401 40 44
1401 41 37
1401 42 41
1401 43 3
1401 44 2
1401 45 3
1401 46 8
1401 47 43
1401 48 42
1401 49 44
1401 50 43
1401 51 43
1401 52 46
1401 53 41
1401 54 3
1401 55 0
1401 56 0
1401 57 12
1401 58 41
1401 59 41
1401 60 40
1401 61 43
1401 62 46
1401 63 41
1401 64 40
1401 65 9
1401 66 0
1401 67 0
1401 68 0
1401 69 40
1401 70 42
1401 71 39
1401 72 43
1401 73 12
1401 74 4
1401 75 0
1401 76 0
1401 77 0
1401 78 0
1401 79 0
1401 80 5
1401 81 43
1401 82 43
1401 83 45
1401 84 3
1401 85 0
1401 86 2
1401 87 0
1401 88 0
1401 89 0
1401 90 0
1401 91 41
1401 92 41
1401 93 40
1401 94 1
1401 95 42
1401 96 41
1401 97 43
1401 98 9
1401 99 16
1401 100 7
1401 101 0
1401 102 38
1401 103 41
1401 104 41
1401 105 13
1401 106 42
1401 107 42
1401 108 41
1401 109 42
1401 110 41
1401 111 0
1401 112 7
1401 113 39
1401 114 40
1401 115 43
1401 116 16
1401 117 39
1401 118 41
1401 119 44
1401 120 43
1401 121 39
1426 1 44
1426 2 44
1426 3 43
1426 4 45
1426 5 41
1426 6 36
1426 7 42
1426 8 45
1426 9 1
1426 10 0
1426 11 8
1426 12 39
1426 13 43
1426 14 43
1426 15 43
1426 16 44
1426 17 44
1426 18 38
1426 19 39
1426 20 6
1426 21 0
1426 22 0
1426 23 41
1426 24 42
1426 25 46
1426 26 12
1426 27 41
1426 28 44
1426 29 43
1426 30 40
1426 31 11
1426 32 2
1426 33 9
1426 34 42
1426 35 39
1426 36 38
1426 37 12
1426 38 38
1426 39 40
1426 40 42
1426 41 41
1426 42 40
1426 43 2
1426 44 3
1426 45 0
1426 46 0
1426 47 42
1426 48 39
1426 49 41
1426 50 40
1426 51 41
1426 52 39
1426 53 35
1426 54 0
1426 55 2
1426 56 0
1426 57 9
1426 58 40
1426 59 40
1426 60 42
1426 61 38
1426 62 41
1426 63 41
1426 64 44
1426 65 4
1426 66 0
1426 67 0
1426 68 0
1426 69 42
1426 70 44
1426 71 45
1426 72 38
1426 73 12
1426 74 7
1426 75 8
1426 76 0
1426 77 0
1426 78 0
1426 79 0
1426 80 2
1426 81 41
1426 82 40
1426 83 40
1426 84 10
1426 85 10
1426 86 1
1426 87 0
1426 88 2
1426 89 0
1426 90 8
1426 91 38
1426 92 42
1426 93 39
1426 94 14
1426 95 42
1426 96 42
1426 97 43
1426 98 2
1426 99 11
1426 100 5
1426 101 7
1426 102 43
1426 103 39
1426 104 40
1426 105 9
1426 106 40
1426 107 41
1426 108 41
1426 109 43
1426 110 43
1426 111 13
1426 112 1
1426 113 40
1426 114 42
1426 115 42
1426 116 15
1426 117 42
1426 118 40
1426 119 40
1426 120 44
1426 121 39
1451 1 38
1451 2 40
1451 3 40
1451 4 43
1451 5 44
1451 6 41
1451 7 43
1451 8 42
1451 9 6
1451 10 9
1451 11 0
1451 12 42
1451 13 43
1451 14 42
1451 15 41
1451 16 41
1451 17 43
1451 18 44
1451 19 44
1451 20 5
1451 21 0
1451 22 4
1451 23 43
1451 24 45
1451 25 43
1451 26 6
1451 27 43
1451 28 42
1451 29 42
1451 30 41
1451 31 9
1451 32 0
1451 33 0
1451 34 40
1451 35 42
1451 36 41
1451 37 8
1451 38 42
1451 39 41
1451 40 43
1451 41 45
1451 42 40
1451 43 1
1451 44 8
1451 45 10
1451 46 7
1451 47 42
1451 48 38
1451 49 43
1451 50 40
1451 51 39
1451 52 40
1451 53 42
1451 54 3
1451 55 0
1451 56 0
1451 57 2
1451 58 41
1451 59 43
1451 60 42
1451 61 43
1451 62 42
1451 63 42
1451 64 39
1451 65 0
1451 66 0
1451 67 0
1451 68 7
1451 69 44
1451 70 44
1451 71 42
1451 72 40
1451 73 3
1451 74 8
1451 75 0
1451 76 0
1451 77 0
1451 78 0
1451 79 0
1451 80 10
1451 81 45
1451 82 45
1451 83 40
1451 84 0
1451 85 0
1451 86 0
1451 87 0
1451 88 0
1451 89 0
1451 90 2
1451 91 43
1451 92 45
1451 93 43
1451 94 6
1451 95 40
1451 96 43
1451 97 41
1451 98 9
1451 99 1
1451 100 7
1451 101 10
1451 102 40
1451 103 43
1451 104 43
1451 105 1
1451 106 42
1451 107 40
1451 108 44
1451 109 42
1451 110 41
1451 111 3
1451 112 10
1451 113 42
1451 114 44
1451 115 40
1451 116 13
1451 117 41
1451 118 37
1451 119 41
1451 120 42
1451 121 40
1476 1 40
1476 2 43
1476 3 43
1476 4 42
1476 5 43
1476 6 44
1476 7 42
1476 8 41
1476 9 6
1476 10 0
1476 11 7
1476 12 40
1476 13 45
1476 14 41
1476 15 42
1476 16 42
1476 17 43
1476 18 45
1476 19 46
1476 20 3
1476 21 0
1476 22 8
1476 23 42
1476 24 42
1476 25 38
1476 26 18
1476 27 41
1476 28 41
1476 29 42
1476 30 41
1476 31 11
1476 32 0
1476 33 2
1476 34 42
1476 35 41
1476 36 36
1476 37 17
1476 38 38
1476 39 41
1476 40 40
1476 41 46
1476 42 44
1476 43 9
1476 44 0
1476 45 4
1476 46 3
1476 47 41
1476 48 41
1476 49 40
1476 50 44
1476 51 42
1476 52 40
1476 53 39
1476 54 9
1476 55 0
1476 56 0
1476 57 5
1476 58 42
1476 59 45
1476 60 41
1476 61 40
1476 62 42
1476 63 42
1476 64 42
1476 65 7
1476 66 0
1476 67 0
1476 68 0
1476 69 39
1476 70 41
1476 71 42
1476 72 41
1476 73 7
1476 74 9
1476 75 3
1476 76 0
1476 77 0
1476 78 0
1476 79 0
1476 80 10
1476 81 41
1476 82 38
1476 83 38
1476 84 10
1476 85 4
1476 86 1
1476 87 0
1476 88 0
1476 89 0
1476 90 0
1476 91 41
1476 92 42
1476 93 38
1476 94 7
1476 95 42
1476 96 39
1476 97 39
1476 98 0
1476 99 0
1476 100 2
1476 101 7
1476 102 44
1476 103 45
1476 104 40
1476 105 3
1476 106 45
1476 107 43
1476 108 44
1476 109 42
1476 110 43
1476 111 9
1476 112 1
1476 113 38
1476 114 44
1476 115 45
1476 116 10
1476 117 40
1476 118 42
1476 119 45
1476 120 40
1476 121 42
1501 1 43
1501 2 42
1501 3 41
1501 4 43
1501 5 39
1501 6 38
1501 7 42
1501 8 42
1501 9 6
1501 10 4
1501 11 11
1501 12 39
1501 13 42
1501 14 39
1501 15 41
1501 16 41
1501 17 42
1501 18 39
1501 19 40
1501 20 9
1501 21 0
1501 22 6
1501 23 41
1501 24 43
1501 25 42
1501 26 13
1501 27 41
1501 28 45
1501 29 43
1501 30 41
1501 31 10
1501 32 0
1501 33 10
1501 34 42
1501 35 41
1501 36 41
1501 37 9
1501 38 42
1501 39 41
1501 40 45
1501 41 41
1501 42 40
1501 43 3
1501 44 2
1501 45 5
1501 46 9
1501 47 43
1501 48 42
1501 49 42
1501 50 43
1501 51 41
1501 52 43
1501 53 40
1501 54 6
1501 55 0
1501 56 0
1501 57 8
1501 58 43
1501 59 41
1501 60 42
1501 61 41
1501 62 39
1501 63 43
1501 64 41
1501 65 0
1501 66 0
1501 67 0
1501 68 0
1501 69 40
1501 70 41
1501 71 40
1501 72 43
1501 73 10
1501 74 4
1501 75 0
1501 76 0
1501 77 0
1501 78 0
1501 79 0
1501 80 16
1501 81 43
1501 82 41
1501 83 39
1501 84 10
1501 85 5
1501 86 10
1501 87 0
1501 88 5
1501 89 0
1501 90 3
1501 91 42
1501 92 39
1501 93 41
1501 94 16
1501 95 40
1501 96 39
1501 97 40
1501 98 9
1501 99 0
1501 100 2
1501 101 10
1501 102 39
1501 103 41
1501 104 42
1501 105 13
1501 106 42
1501 107 41
1501 108 46
1501 109 44
1501 110 39
1501 111 10
1501 112 11
1501 113 40
1501 114 40
1501 115 41
1501 116 11
1501 117 44
1501 118 43
1501 119 41
1501 120 42
1501 121 38
1526 1 39
1526 2 43
1526 3 41
1526 4 43
1526 5 43
1526 6 44
1526 7 40
1526 8 41
1526 9 13
1526 10 2
1526 11 10
1526 12 41
1526 13 46
1526 14 38
1526 15 41
1526 16 41
1526 17 40
1526 18 43
1526 19 40
1526 20 1
1526 21 1
1526 22 1
1526 23 41
1526 24 41
1526 25 40
1526 26 14
1526 27 40
1526 28 42
1526 29 43
1526 30 42
1526 31 10
1526 32 2
1526 33 6
1526 34 41
1526 35 40
1526 36 41
1526 37 5
1526 38 40
1526 39 40
1526 40 40
1526 41 42
1526 42 40
1526 43 0
1526 44 0
1526 45 10
1526 46 0
1526 47 38
1526 48 40
1526 49 41
1526 50 40
1526 51 41
1526 52 42
1526 53 44
1526 54 4
1526 55 0
1526 56 0
1526 57 9
1526 58 40
1526 59 42
1526 60 38
1526 61 38
1526 62 43
1526 63 42
1526 64 40
1526 65 4
1526 66 0
1526 67 0
1526 68 5
1526 69 39
1526 70 41
1526 71 41
1526 72 40
1526 73 10
1526 74 6
1526 75 6
1526 76 0
1526 77 0
1526 78 0
1526 79 0
1526 80 5
1526 81 39
1526 82 43
1526 83 41
1526 84 5
1526 85 5
1526 86 6
1526 87 0
1526 88 0
1526 89 0
1526 90 7
1526 91 41
1526 92 39
1526 93 40
1526 94 13
1526 95 41
1526 96 37
1526 97 44
1526 98 11
1526 99 0
1526 100 3
1526 101 0
1526 102 39
1526 103 38
1526 104 41
1526 105 5
1526 106 42
1526 107 41
1526 108 41
1526 109 39
1526 110 39
1526 111 10
1526 112 5
1526 113 40
1526 114 43
1526 115 39
1526 116 10
1526 117 43
1526 118 42
1526 119 40
1526 120 41
1526 121 41
1551 1 39
1551 2 38
1551 3 38
1551 4 41
1551 5 39
1551 6 41
1551 7 42
1551 8 39
1551 9 17
1551 10 0
1551 11 13
1551 12 39
1551 13 42
1551 14 41
1551 15 41
1551 16 40
1551 17 43
1551 18 41
1551 19 40
1551 20 7
1551 21 0
1551 22 9
1551 23 44
1551 24 41
1551 25 45
1551 26 7
1551 27 39
1551 28 46
1551 29 45
1551 30 43
1551 31 14
1551 32 0
1551 33 1
1551 34 40
1551 35 43
1551 36 40
1551 37 9
1551 38 41
1551 39 40
1551 40 41
1551 41 41
1551 42 40
1551 43 0
1551 44 0
1551 45 9
1551 46 8
1551 47 41
1551 48 46
1551 49 40
1551 50 40
1551 51 43
1551 52 42
1551 53 43
1551 54 12
1551 55 2
1551 56 0
1551 57 6
1551 58 39
1551 59 41
1551 60 41
1551 61 43
1551 62 43
1551 63 36
1551 64 41
1551 65 0
1551 66 9
1551 67 0
1551 68 0
1551 69 41
1551 70 39
1551 71 42
1551 72 42
1551 73 8
1551 74 0
1551 75 3
1551 76 0
1551 77 0
1551 78 0
1551 79 0
1551 80 11
1551 81 41
1551 82 42
1551 83 36
1551 84 0
1551 85 10
1551 86 4
1551 87 0
1551 88 0
1551 89 0
1551 90 0
1551 91 41
1551 92 43
1551 93 42
1551 94 17
1551 95 42
1551 96 41
1551 97 40
1551 98 0
1551 99 4
1551 100 9
1551 101 2
1551 102 40
1551 103 41
1551 104 39
1551 105 10
1551 106 39
1551 107 41
1551 108 41
1551 109 41
1551 110 43
1551 111 7
1551 112 10
1551 113 40
1551 114 40
1551 115 39
1551 116 20
1551 117 41
1551 118 44
1551 119 38
1551 120 37
1551 121 42
1576 1 40
1576 2 40
1576 3 39
1576 4 40
1576 5 39
1576 6 40
1576 7 40
1576 8 45
1576 9 9
1576 10 9
1576 11 4
1576 12 42
1576 13 40
1576 14 39
1576 15 41
1576 16 41
1576 17 42
1576 18 41
1576 19 39
1576 20 4
1576 21 0
1576 22 0
1576 23 43
1576 24 39
1576 25 38
1576 26 3
1576 27 42
1576 28 44
1576 29 41
1576 30 43
1576 31 10
1576 32 0
1576 33 1
1576 34 42
1576 35 40
1576 36 41
1576 37 5
1576 38 41
1576 39 41
1576 40 43
1576 41 42
1576 42 41
1576 43 0
1576 44 0
1576 45 0
1576 46 9
1576 47 42
1576 48 36
1576 49 40
1576 50 41
1576 51 39
1576 52 39
1576 53 39
1576 54 0
1576 55 0
1576 56 0
1576 57 0
1576 58 41
1576 59 36
1576 60 41
1576 61 37
1576 62 43
1576 63 40
1576 64 39
1576 65 0
1576 66 0
1576 67 2
1576 68 8
1576 69 41
1576 70 41
1576 71 45
1576 72 40
1576 73 11
1576 74 6
1576 75 0
1576 76 0
1576 77 0
1576 78 0
1576 79 0
1576 80 12
1576 81 42
1576 82 45
1576 83 39
1576 84 6
1576 85 0
1576 86 2
1576 87 0
1576 88 1
1576 89 0
1576 90 0
1576 91 40
1576 92 40
1576 93 41
1576 94 14
1576 95 41
1576 96 45
1576 97 42
1576 98 3
1576 99 2
1576 100 1
1576 101 9
1576 102 44
1576 103 43
1576 104 42
1576 105 5
1576 106 42
1576 107 42
1576 108 40
1576 109 40
1576 110 40
1576 111 7
1576 112 5
1576 113 43
1576 114 39
1576 115 39
1576 116 14
1576 117 38
1576 118 42
1576 119 40
1576 120 42
1576 121 40
1601 1 39
1601 2 41
1601 3 43
1601 4 44
1601 5 44
1601 6 41
1601 7 41
1601 8 39
1601 9 11
1601 10 0
1601 11 6
1601 12 43
1601 13 43
1601 14 43
1601 15 43
1601 16 43
1601 17 41
1601 18 43
1601 19 39
1601 20 0
1601 21 0
1601 22 0
1601 23 37
1601 24 44
1601 25 40
1601 26 9
1601 27 41
1601 28 40
1601 29 45
1601 30 40
1601 31 5
1601 32 0
1601 33 1
1601 34 36
1601 35 37
1601 36 37
1601 37 10
1601 38 40
1601 39 44
1601 40 46
1601 41 42
1601 42 38
1601 43 0
1601 44 0
1601 45 2
1601 46 11
1601 47 40
1601 48 41
1601 49 40
1601 50 41
1601 51 47
1601 52 40
1601 53 43
1601 54 10
1601 55 0
1601 56 0
1601 57 9
1601 58 42
1601 59 46
1601 60 46
1601 61 38
1601 62 41
1601 63 44
1601 64 43
1601 65 4
1601 66 0
1601 67 0
1601 68 3
1601 69 40
1601 70 42
1601 71 43
1601 72 42
1601 73 2
1601 74 4
1601 75 10
1601 76 0
1601 77 0
1601 78 0
1601 79 0
1601 80 0
1601 81 43
1601 82 41
1601 83 39
1601 84 5
1601 85 8
1601 86 2
1601 87 0
1601 88 0
1601 89 0
1601 90 6
1601 91 41
1601 92 42
1601 93 44
1601 94 6
1601 95 39
1601 96 42
1601 97 39
1601 98 15
1601 99 4
1601 100 4
1601 101 10
1601 102 37
1601 103 40
1601 104 43
1601 105 15
1601 106 43
1601 107 38
1601 108 43
1601 109 39
1601 110 39
1601 111 0
1601 112 13
1601 113 38
1601 114 41
1601 115 42
1601 116 10
1601 117 41
1601 118 43
1601 119 37
1601 120 39
1601 121 42
1626 1 41
1626 2 40
1626 3 42
1626 4 39
1626 5 46
1626 6 43
1626 7 40
1626 8 43
1626 9 11
1626 10 1
1626 11 11
1626 12 41
1626 13 40
1626 14 45
1626 15 41
1626 16 42
1626 17 41
1626 18 40
1626 19 42
1626 20 0
1626 21 0
1626 22 0
1626 23 44
1626 24 45
1626 25 42
1626 26 8
1626 27 43
1626 28 37
1626 29 41
1626 30 39
1626 31 9
1626 32 0
1626 33 7
1626 34 41
1626 35 42
1626 36 41
1626 37 10
1626 38 40
1626 39 44
1626 40 40
1626 41 41
1626 42 43
1626 43 0
1626 44 11
1626 45 0
1626 46 0
1626 47 43
1626 48 39
1626 49 43
1626 50 42
1626 51 43
1626 52 43
1626 53 38
1626 54 0
1626 55 0
1626 56 1
1626 57 10
1626 58 40
1626 59 39
1626 60 42
1626 61 42
1626 62 40
1626 63 38
1626 64 40
1626 65 10
1626 66 0
1626 67 0
1626 68 0
1626 69 40
1626 70 46
1626 71 41
1626 72 40
1626 73 8
1626 74 0
1626 75 7
1626 76 0
1626 77 0
1626 78 0
1626 79 0
1626 80 9
1626 81 41
1626 82 40
1626 83 42
1626 84 11
1626 85 8
1626 86 0
1626 87 0
1626 88 0
1626 89 0
1626 90 0
1626 91 41
1626 92 43
1626 93 44
1626 94 18
1626 95 42
1626 96 41
1626 97 43
1626 98 10
1626 99 0
1626 100 10
1626 101 10
1626 102 44
1626 103 40
1626 104 44
1626 105 9
1626 106 40
1626 107 42
1626 108 46
1626 109 46
1626 110 41
1626 111 9
1626 112 12
1626 113 43
1626 114 40
1626 115 38
1626 116 15
1626 117 40
1626 118 42
1626 119 39
1626 120 43
1626 121 40
1651 1 36
1651 2 40
1651 3 42
1651 4 43
1651 5 43
1651 6 40
1651 7 41
1651 8 43
1651 9 10
1651 10 2
1651 11 10
1651 12 43
1651 13 40
1651 14 44
1651 15 41
1651 16 40
1651 17 40
1651 18 42
1651 19 43
1651 20 10
1651 21 0
1651 22 11
1651 23 42
1651 24 46
1651 25 45
1651 26 7
1651 27 41
1651 28 42
1651 29 44
1651 30 45
1651 31 8
1651 32 0
1651 33 6
1651 34 40
1651 35 39
1651 36 44
1651 37 12
1651 38 39
1651 39 45
1651 40 45
1651 41 46
1651 42 44
1651 43 5
1651 44 0
1651 45 0
1651 46 13
1651 47 44
1651 48 41
1651 49 42
1651 50 46
1651 51 43
1651 52 44
1651 53 43
1651 54 5
1651 55 0
1651 56 0
1651 57 10
1651 58 40
1651 59 45
1651 60 41
1651 61 44
1651 62 39
1651 63 42
1651 64 40
1651 65 2
1651 66 0
1651 67 0
1651 68 11
1651 69 42
1651 70 40
1651 71 37
1651 72 40
1651 73 17
1651 74 0
1651 75 0
1651 76 10
1651 77 0
1651 78 0
1651 79 1
1651 80 14
1651 81 41
1651 82 41
1651 83 40
1651 84 3
1651 85 0
1651 86 7
1651 87 0
1651 88 0
1651 89 0
1651 90 0
1651 91 41
1651 92 39
1651 93 41
1651 94 9
1651 95 41
1651 96 40
1651 97 44
1651 98 10
1651 99 1
1651 100 0
1651 101 10
1651 102 43
1651 103 42
1651 104 41
1651 105 9
1651 106 41
1651 107 45
1651 108 41
1651 109 40
1651 110 39
1651 111 4
1651 112 5
1651 113 41
1651 114 40
1651 115 41
1651 116 5
1651 117 39
1651 118 43
1651 119 38
1651 120 44
1651 121 39
1676 1 39
1676 2 43
1676 3 41
1676 4 41
1676 5 40
1676 6 44
1676 7 44
1676 8 42
1676 9 4
1676 10 13
1676 11 0
1676 12 42
1676 13 41
1676 14 39
1676 15 44
1676 16 43
1676 17 41
1676 18 38
1676 19 40
1676 20 7
1676 21 0
1676 22 12
1676 23 40
1676 24 40
1676 25 38
1676 26 13
1676 27 41
1676 28 41
1676 29 45
1676 30 42
1676 31 18
1676 32 0
1676 33 6
1676 34 38
1676 35 41
1676 36 42
1676 37 15
1676 38 39
1676 39 39
1676 40 40
1676 41 42
1676 42 41
1676 43 0
1676 44 13
1676 45 7
1676 46 7
1676 47 34
1676 48 40
1676 49 43
1676 50 40
1676 51 44
1676 52 40
1676 53 40
1676 54 1
1676 55 0
1676 56 0
1676 57 8
1676 58 39
1676 59 41
1676 60 41
1676 61 42
1676 62 43
1676 63 38
1676 64 38
1676 65 0
1676 66 0
1676 67 0
1676 68 0
1676 69 39
1676 70 42
1676 71 43
1676 72 44
1676 73 6
1676 74 9
1676 75 0
1676 76 0
1676 77 0
1676 78 0
1676 79 0
1676 80 10
1676 81 40
1676 82 41
1676 83 40
1676 84 3
1676 85 0
1676 86 2
1676 87 0
1676 88 0
1676 89 0
1676 90 7
1676 91 40
1676 92 42
1676 93 41
1676 94 11
1676 95 45
1676 96 40
1676 97 39
1676 98 4
1676 99 0
1676 100 0
1676 101 0
1676 102 41
1676 103 43
1676 104 38
1676 105 4
1676 106 42
1676 107 43
1676 108 39
1676 109 40
1676 110 40
1676 111 3
1676 112 10
1676 113 40
1676 114 42
1676 115 40
1676 116 10
1676 117 43
1676 118 42
1676 119 43
1676 120 42
1676 121 40
1701 1 39
1701 2 43
1701 3 40
1701 4 40
1701 5 47
1701 6 42
1701 7 42
1701 8 44
1701 9 10
1701 10 3
1701 11 0
1701 12 42
1701 13 41
1701 14 42
1701 15 41
1701 16 44
1701 17 41
1701 18 41
1701 19 42
1701 20 1
1701 21 0
1701 22 9
1701 23 41
1701 24 44
1701 25 43
1701 26 17
1701 27 45
1701 28 38
1701 29 38
1701 30 41
1701 31 9
1701 32 0
1701 33 9
1701 34 43
1701 35 37
1701 36 41
1701 37 11
1701 38 39
1701 39 42
1701 40 41
1701 41 43
1701 42 41
1701 43 0
1701 44 4
1701 45 7
1701 46 10
1701 47 40
1701 48 40
1701 49 40
1701 50 40
1701 51 45
1701 52 40
1701 53 42
1701 54 0
1701 55 0
1701 56 0
1701 57 10
1701 58 42
1701 59 40
1701 60 40
1701 61 42
1701 62 42
1701 63 40
1701 64 35
1701 65 0
1701 66 0
1701 67 0
1701 68 9
1701 69 42
1701 70 40
1701 71 45
1701 72 42
1701 73 10
1701 74 1
1701 75 10
1701 76 0
1701 77 0
1701 78 0
1701 79 0
1701 80 4
1701 81 43
1701 82 43
1701 83 39
1701 84 2
1701 85 0
1701 86 0
1701 87 0
1701 88 0
1701 89 0
1701 90 8
1701 91 41
1701 92 47
1701 93 43
1701 94 2
1701 95 42
1701 96 43
1701 97 37
1701 98 9
1701 99 0
1701 100 0
1701 101 1
1701 102 43
1701 103 40
1701 104 40
1701 105 12
1701 106 40
1701 107 43
1701 108 43
1701 109 40
1701 110 41
1701 111 14
1701 112 9
1701 113 42
1701 114 43
1701 115 40
1701 116 16
1701 117 44
1701 118 42
1701 119 40
1701 120 43
1701 121 41
1726 1 39
1726 2 40
1726 3 44
1726 4 46
1726 5 46
1726 6 44
1726 7 46
1726 8 41
1726 9 13
1726 10 7
1726 11 11
1726 12 42
1726 13 40
1726 14 40
1726 15 44
1726 16 43
1726 17 48
1726 18 43
1726 19 40
1726 20 10
1726 21 0
1726 22 15
1726 23 42
1726 24 44
1726 25 39
1726 26 10
1726 27 39
1726 28 44
1726 29 44
1726 30 40
1726 31 5
1726 32 0
1726 33 0
1726 34 37
1726 35 44
1726 36 40
1726 37 10
1726 38 40
1726 39 41
1726 40 43
1726 41 39
1726 42 37
1726 43 3
1726 44 0
1726 45 5
1726 46 4
1726 47 39
1726 48 41
1726 49 40
1726 50 41
1726 51 40
1726 52 42
1726 53 41
1726 54 8
1726 55 0
1726 56 0
1726 57 0
1726 58 40
1726 59 39
1726 60 44
1726 61 41
1726 62 38
1726 63 41
1726 64 42
1726 65 3
1726 66 0
1726 67 0
1726 68 0
1726 69 42
1726 70 41
1726 71 39
1726 72 42
1726 73 9
1726 74 2
1726 75 0
1726 76 0
1726 77 0
1726 78 0
1726 79 0
1726 80 4
1726 81 43
1726 82 39
1726 83 42
1726 84 6
1726 85 5
1726 86 0
1726 87 0
1726 88 0
1726 89 0
1726 90 11
1726 91 38
1726 92 43
1726 93 41
1726 94 13
1726 95 43
1726 96 40
1726 97 39
1726 98 0
1726 99 4
1726 100 7
1726 101 6
1726 102 43
1726 103 42
1726 104 40
1726 105 10
1726 106 41
1726 107 42
1726 108 35
1726 109 41
1726 110 42
1726 111 0
1726 112 9
1726 113 39
1726 114 43
1726 115 40
1726 116 14
1726 117 40
1726 118 43
1726 119 42
1726 120 44
1726 121 37
1751 1 43
1751 2 45
1751 3 41
1751 4 42
1751 5 44
1751 6 40
1751 7 41
1751 8 42
1751 9 15
1751 10 8
1751 11 11
1751 12 41
1751 13 44
1751 14 42
1751 15 39
1751 16 43
1751 17 42
1751 18 39
1751 19 39
1751 20 0
1751 21 0
1751 22 0
1751 23 42
1751 24 42
1751 25 40
1751 26 13
1751 27 40
1751 28 41
1751 29 41
1751 30 41
1751 31 10
1751 32 0
1751 33 0
1751 34 40
1751 35 40
1751 36 41
1751 37 4
1751 38 39
1751 39 43
1751 40 46
1751 41 46
1751 42 42
1751 43 4
1751 44 0
1751 45 0
1751 46 10
1751 47 44
1751 48 41
1751 49 46
1751 50 40
1751 51 46
1751 52 41
1751 53 41
1751 54 1
1751 55 0
1751 56 0
1751 57 0
1751 58 43
1751 59 43
1751 60 40
1751 61 39
1751 62 44
1751 63 47
1751 64 41
1751 65 0
1751 66 0
1751 67 0
1751 68 2
1751 69 40
1751 70 42
1751 71 42
1751 72 43
1751 73 11
1751 74 2
1751 75 6
1751 76 3
1751 77 4
1751 78 0
1751 79 0
1751 80 10
1751 81 42
1751 82 38
1751 83 41
1751 84 7
1751 85 0
1751 86 9
1751 87 5
1751 88 0
1751 89 0
1751 90 1
1751 91 45
1751 92 40
1751 93 42
1751 94 11
1751 95 40
1751 96 41
1751 97 43
1751 98 8
1751 99 0
1751 100 0
1751 101 5
1751 102 38
1751 103 44
1751 104 42
1751 105 9
1751 106 35
1751 107 41
1751 108 43
1751 109 42
1751 110 42
1751 111 10
1751 112 7
1751 113 41
1751 114 41
1751 115 42
1751 116 2
1751 117 40
1751 118 41
1751 119 38
1751 120 43
1751 121 43
1776 1 43
1776 2 37
1776 3 40
1776 4 39
1776 5 41
1776 6 42
1776 7 43
1776 8 39
1776 9 8
1776 10 4
1776 11 7
1776 12 39
1776 13 41
1776 14 39
1776 15 41
1776 16 42
1776 17 43
1776 18 44
1776 19 41
1776 20 5
1776 21 0
1776 22 0
1776 23 44
1776 24 42
1776 25 39
1776 26 15
1776 27 41
1776 28 42
1776 29 40
1776 30 41
1776 31 4
1776 32 0
1776 33 5
1776 34 42
1776 35 43
1776 36 37
1776 37 17
1776 38 40
1776 39 41
1776 40 43
1776 41 41
1776 42 41
1776 43 11
1776 44 8
1776 45 0
1776 46 14
1776 47 42
1776 48 41
1776 49 42
1776 50 44
1776 51 41
1776 52 42
1776 53 37
1776 54 3
1776 55 0
1776 56 0
1776 57 1
1776 58 40
1776 59 42
1776 60 38
1776 61 40
1776 62 42
1776 63 40
1776 64 40
1776 65 0
1776 66 0
1776 67 0
1776 68 11
1776 69 40
1776 70 38
1776 71 41
1776 72 41
1776 73 9
1776 74 4
1776 75 0
1776 76 0
1776 77 0
1776 78 0
1776 79 0
1776 80 16
1776 81 40
1776 82 40
1776 83 45
1776 84 1
1776 85 4
1776 86 9
1776 87 0
1776 88 0
1776 89 0
1776 90 0
1776 91 43
1776 92 45
1776 93 41
1776 94 16
1776 95 41
1776 96 43
1776 97 41
1776 98 9
1776 99 0
1776 100 1
1776 101 9
1776 102 41
1776 103 40
1776 104 43
1776 105 15
1776 106 40
1776 107 38
1776 108 39
1776 109 42
1776 110 43
1776 111 4
1776 112 4
1776 113 43
1776 114 42
1776 115 43
1776 116 8
1776 117 41
1776 118 37
1776 119 40
1776 120 40
1776 121 38
1801 1 43
1801 2 40
1801 3 39
1801 4 41
1801 5 44
1801 6 42
1801 7 43
1801 8 44
1801 9 6
1801 10 8
1801 11 5
1801 12 38
1801 13 46
1801 14 42
1801 15 41
1801 16 45
1801 17 41
1801 18 41
1801 19 39
1801 20 0
1801 21 0
1801 22 3
1801 23 40
1801 24 42
1801 25 40
1801 26 7
1801 27 43
1801 28 46
1801 29 39
1801 30 39
1801 31 8
1801 32 0
1801 33 0
1801 34 40
1801 35 40
1801 36 43
1801 37 10
1801 38 40
1801 39 41
1801 40 45
1801 41 42
1801 42 43
1801 43 9
1801 44 7
1801 45 1
1801 46 4
1801 47 40
1801 48 42
1801 49 40
1801 50 41
1801 51 41
1801 52 39
1801 53 39
1801 54 10
1801 55 0
1801 56 3
1801 57 5
1801 58 39
1801 59 41
1801 60 43
1801 61 42
1801 62 41
1801 63 43
1801 64 43
1801 65 3
1801 66 0
1801 67 0
1801 68 0
1801 69 42
1801 70 40
1801 71 39
1801 72 41
1801 73 0
1801 74 8
1801 75 8
1801 76 0
1801 77 0
1801 78 0
1801 79 4
1801 80 12
1801 81 40
1801 82 40
1801 83 44
1801 84 15
1801 85 10
1801 86 3
1801 87 12
1801 88 0
1801 89 0
1801 90 13
1801 91 45
1801 92 40
1801 93 43
1801 94 8
1801 95 45
1801 96 41
1801 97 44
1801 98 3
1801 99 0
1801 100 0
1801 101 10
1801 102 44
1801 103 47
1801 104 41
1801 105 12
1801 106 42
1801 107 43
1801 108 39
1801 109 41
1801 110 41
1801 111 6
1801 112 9
1801 113 41
1801 114 40
1801 115 42
1801 116 8
1801 117 45
1801 118 45
1801 119 39
1801 120 40
1801 121 42
1826 1 44
1826 2 41
1826 3 43
1826 4 41
1826 5 46
1826 6 41
1826 7 44
1826 8 41
1826 9 0
1826 10 0
1826 11 11
1826 12 41
1826 13 37
1826 14 41
1826 15 45
1826 16 42
1826 17 45
1826 18 44
1826 19 41
1826 20 7
1826 21 0
1826 22 0
1826 23 39
1826 24 41
1826 25 40
1826 26 11
1826 27 46
1826 28 45
1826 29 44
1826 30 41
1826 31 10
1826 32 0
1826 33 3
1826 34 41
1826 35 38
1826 36 44
1826 37 11
1826 38 46
1826 39 44
1826 40 43
1826 41 42
1826 42 40
1826 43 0
1826 44 9
1826 45 0
1826 46 17
1826 47 39
1826 48 42
1826 49 43
1826 50 42
1826 51 46
1826 52 41
1826 53 41
1826 54 0
1826 55 0
1826 56 0
1826 57 11
1826 58 42
1826 59 40
1826 60 44
1826 61 41
1826 62 40
1826 63 41
1826 64 42
1826 65 2
1826 66 0
1826 67 0
1826 68 0
1826 69 39
1826 70 42
1826 71 44
1826 72 41
1826 73 10
1826 74 5
1826 75 0
1826 76 0
1826 77 0
1826 78 0
1826 79 0
1826 80 10
1826 81 44
1826 82 40
1826 83 40
1826 84 11
1826 85 7
1826 86 0
1826 87 0
1826 88 0
1826 89 0
1826 90 5
1826 91 41
1826 92 43
1826 93 39
1826 94 10
1826 95 40
1826 96 42
1826 97 40
1826 98 10
1826 99 0
1826 100 2
1826 101 0
1826 102 41
1826 103 40
1826 104 45
1826 105 10
1826 106 42
1826 107 42
1826 108 40
1826 109 42
1826 110 40
1826 111 2
1826 112 7
1826 113 41
1826 114 44
1826 115 40
1826 116 11
1826 117 43
1826 118 41
1826 119 42
1826 120 40
1826 121 40
1851 1 41
1851 2 41
1851 3 45
1851 4 40
1851 5 39
1851 6 41
1851 7 42
1851 8 43
1851 9 13
1851 10 2
1851 11 1
1851 12 41
1851 13 41
1851 14 41
1851 15 42
1851 16 40
1851 17 41
1851 18 38
1851 19 41
1851 20 10
1851 21 0
1851 22 0
1851 23 39
1851 24 40
1851 25 42
1851 26 14
1851 27 42
1851 28 40
1851 29 44
1851 30 40
1851 31 9
1851 32 0
1851 33 0
1851 34 39
1851 35 40
1851 36 38
1851 37 11
1851 38 41
1851 39 43
1851 40 43
1851 41 39
1851 42 40
1851 43 2
1851 44 0
1851 45 0
1851 46 0
1851 47 43
1851 48 41
1851 49 40
1851 50 42
1851 51 44
1851 52 42
1851 53 42
1851 54 0
1851 55 0
1851 56 0
1851 57 11
1851 58 40
1851 59 41
1851 60 42
1851 61 42
1851 62 41
1851 63 39
1851 64 40
1851 65 0
1851 66 0
1851 67 0
1851 68 0
1851 69 44
1851 70 44
1851 71 42
1851 72 42
1851 73 9
1851 74 2
1851 75 0
1851 76 0
1851 77 0
1851 78 0
1851 79 0
1851 80 16
1851 81 43
1851 82 43
1851 83 40
1851 84 12
1851 85 3
1851 86 0
1851 87 0
1851 88 0
1851 89 0
1851 90 9
1851 91 43
1851 92 40
1851 93 41
1851 94 4
1851 95 41
1851 96 41
1851 97 39
1851 98 10
1851 99 7
1851 100 7
1851 101 2
1851 102 40
1851 103 39
1851 104 42
1851 105 11
1851 106 45
1851 107 45
1851 108 41
1851 109 40
1851 110 40
1851 111 9
1851 112 10
1851 113 40
1851 114 38
1851 115 43
1851 116 13
1851 117 45
1851 118 44
1851 119 41
1851 120 42
1851 121 41
1876 1 39
1876 2 40
1876 3 40
1876 4 42
1876 5 44
1876 6 44
1876 7 43
1876 8 43
1876 9 1
1876 10 0
1876 11 3
1876 12 42
1876 13 44
1876 14 40
1876 15 42
1876 16 46
1876 17 44
1876 18 41
1876 19 38
1876 20 0
1876 21 0
1876 22 3
1876 23 41
1876 24 43
1876 25 42
1876 26 14
1876 27 40
1876 28 40
1876 29 42
1876 30 42
1876 31 7
1876 32 0
1876 33 3
1876 34 44
1876 35 42
1876 36 41
1876 37 6
1876 38 42
1876 39 43
1876 40 45
1876 41 41
1876 42 43
1876 43 6
1876 44 0
1876 45 9
1876 46 3
1876 47 40
1876 48 44
1876 49 41
1876 50 42
1876 51 43
1876 52 41
1876 53 40
1876 54 0
1876 55 0
1876 56 0
1876 57 0
1876 58 41
1876 59 40
1876 60 45
1876 61 41
1876 62 44
1876 63 39
1876 64 42
1876 65 0
1876 66 0
1876 67 0
1876 68 5
1876 69 38
1876 70 43
1876 71 42
1876 72 40
1876 73 10
1876 74 0
1876 75 0
1876 76 0
1876 77 0
1876 78 0
1876 79 0
1876 80 7
1876 81 40
1876 82 42
1876 83 40
1876 84 9
1876 85 2
1876 86 0
1876 87 0
1876 88 0
1876 89 0
1876 90 5
1876 91 40
1876 92 42
1876 93 38
1876 94 10
1876 95 39
1876 96 39
1876 97 38
1876 98 9
1876 99 4
1876 100 0
1876 101 0
1876 102 41
1876 103 43
1876 104 44
1876 105 17
1876 106 43
1876 107 39
1876 108 42
1876 109 39
1876 110 39
1876 111 5
1876 112 12
1876 113 43
1876 114 40
1876 115 44
1876 116 18
1876 117 41
1876 118 40
1876 119 42
1876 120 41
1876 121 40
1901 1 40
1901 2 41
1901 3 39
1901 4 43
1901 5 42
1901 6 41
1901 7 45
1901 8 44
1901 9 3
1901 10 0
1901 11 2
1901 12 41
1901 13 39
1901 14 44
1901 15 46
1901 16 46
1901 17 42
1901 18 39
1901 19 41
1901 20 10
1901 21 0
1901 22 0
1901 23 40
1901 24 41
1901 25 42
1901 26 5
1901 27 40
1901 28 41
1901 29 41
1901 30 39
1901 31 0
1901 32 0
1901 33 2
1901 34 42
1901 35 40
1901 36 42
1901 37 5
1901 38 42
1901 39 42
1901 40 44
1901 41 41
1901 42 39
1901 43 4
1901 44 6
1901 45 0
1901 46 0
1901 47 45
1901 48 40
1901 49 40
1901 50 40
1901 51 44
1901 52 42
1901 53 42
1901 54 9
1901 55 0
1901 56 0
1901 57 10
1901 58 39
1901 59 43
1901 60 42
1901 61 47
1901 62 46
1901 63 42
1901 64 38
1901 65 0
1901 66 0
1901 67 0
1901 68 4
1901 69 41
1901 70 39
1901 71 40
1901 72 43
1901 73 13
1901 74 7
1901 75 0
1901 76 0
1901 77 0
1901 78 0
1901 79 0
1901 80 11
1901 81 39
1901 82 43
1901 83 41
1901 84 3
1901 85 3
1901 86 2
1901 87 0
1901 88 0
1901 89 1
1901 90 4
1901 91 40
1901 92 43
1901 93 38
1901 94 10
1901 95 37
1901 96 41
1901 97 41
1901 98 11
1901 99 0
1901 100 0
1901 101 3
1901 102 42
1901 103 42
1901 104 43
1901 105 5
1901 106 41
1901 107 40
1901 108 41
1901 109 42
1901 110 39
1901 111 0
1901 112 9
1901 113 39
1901 114 40
1901 115 41
1901 116 11
1901 117 39
1901 118 41
1901 119 40
1901 120 40
1901 121 39
1926 1 41
1926 2 41
1926 3 46
1926 4 42
1926 5 44
1926 6 42
1926 7 44
1926 8 40
1926 9 12
1926 10 4
1926 11 10
1926 12 45
1926 13 45
1926 14 42
1926 15 42
1926 16 40
1926 17 42
1926 18 44
1926 19 43
1926 20 4
1926 21 0
1926 22 6
1926 23 40
1926 24 40
1926 25 42
1926 26 12
1926 27 43
1926 28 41
1926 29 39
1926 30 42
1926 31 12
1926 32 0
1926 33 0
1926 34 42
1926 35 46
1926 36 43
1926 37 4
1926 38 43
1926 39 43
1926 40 42
1926 41 40
1926 42 39
1926 43 8
1926 44 0
1926 45 0
1926 46 1
1926 47 43
1926 48 43
1926 49 44
1926 50 44
1926 51 41
1926 52 40
1926 53 42
1926 54 6
1926 55 0
1926 56 2
1926 57 5
1926 58 42
1926 59 40
1926 60 42
1926 61 45
1926 62 43
1926 63 42
1926 64 39
1926 65 0
1926 66 0
1926 67 0
1926 68 0
1926 69 41
1926 70 41
1926 71 39
1926 72 40
1926 73 6
1926 74 0
1926 75 1
1926 76 0
1926 77 0
1926 78 0
1926 79 0
1926 80 11
1926 81 42
1926 82 38
1926 83 43
1926 84 5
1926 85 3
1926 86 1
1926 87 0
1926 88 0
1926 89 0
1926 90 9
1926 91 44
1926 92 45
1926 93 46
1926 94 9
1926 95 36
1926 96 42
1926 97 39
1926 98 8
1926 99 9
1926 100 1
1926 101 4
1926 102 41
1926 103 46
1926 104 42
1926 105 7
1926 106 40
1926 107 42
1926 108 41
1926 109 39
1926 110 37
1926 111 6
1926 112 3
1926 113 41
1926 114 45
1926 115 42
1926 116 4
1926 117 42
1926 118 36
1926 119 43
1926 120 43
1926 121 39
1951 1 43
1951 2 41
1951 3 41
1951 4 42
1951 5 42
1951 6 43
1951 7 43
1951 8 45
1951 9 7
1951 10 3
1951 11 11
1951 12 40
1951 13 38
1951 14 38
1951 15 39
1951 16 40
1951 17 42
1951 18 40
1951 19 41
1951 20 0
1951 21 0
1951 22 0
1951 23 38
1951 24 42
1951 25 40
1951 26 16
1951 27 40
1951 28 41
1951 29 43
1951 30 39
1951 31 12
1951 32 0
1951 33 0
1951 34 42
1951 35 42
1951 36 41
1951 37 8
1951 38 43
1951 39 40
1951 40 41
1951 41 39
1951 42 42
1951 43 0
1951 44 6
1951 45 4
1951 46 16
1951 47 38
1951 48 39
1951 49 46
1951 50 41
1951 51 44
1951 52 43
1951 53 41
1951 54 0
1951 55 5
1951 56 0
1951 57 3
1951 58 44
1951 59 44
1951 60 46
1951 61 38
1951 62 44
1951 63 46
1951 64 38
1951 65 0
1951 66 0
1951 67 0
1951 68 0
1951 69 45
1951 70 41
1951 71 42
1951 72 41
1951 73 8
1951 74 2
1951 75 5
1951 76 0
1951 77 0
1951 78 0
1951 79 0
1951 80 9
1951 81 43
1951 82 42
1951 83 41
1951 84 7
1951 85 8
1951 86 9
1951 87 0
1951 88 0
1951 89 0
1951 90 10
1951 91 43
1951 92 43
1951 93 43
1951 94 14
1951 95 40
1951 96 38
1951 97 42
1951 98 8
1951 99 6
1951 100 0
1951 101 5
1951 102 42
1951 103 43
1951 104 39
1951 105 6
1951 106 43
1951 107 41
1951 108 40
1951 109 42
1951 110 40
1951 111 8
1951 112 6
1951 113 42
1951 114 42
1951 115 41
1951 116 17
1951 117 42
1951 118 39
1951 119 42
1951 120 44
1951 121 41
1976 1 42
1976 2 45
1976 3 44
1976 4 42
1976 5 42
1976 6 44
1976 7 44
1976 8 40
1976 9 12
1976 10 9
1976 11 10
1976 12 40
1976 13 43
1976 14 40
1976 15 43
1976 16 44
1976 17 42
1976 18 45
1976 19 43
1976 20 5
1976 21 0
1976 22 0
1976 23 42
1976 24 40
1976 25 40
1976 26 11
1976 27 43
1976 28 38
1976 29 40
1976 30 44
1976 31 10
1976 32 0
1976 33 7
1976 34 41
1976 35 41
1976 36 41
1976 37 15
1976 38 44
1976 39 38
1976 40 40
1976 41 41
1976 42 40
1976 43 0
1976 44 0
1976 45 0
1976 46 8
1976 47 42
1976 48 42
1976 49 40
1976 50 47
1976 51 45
1976 52 37
1976 53 44
1976 54 8
1976 55 0
1976 56 0
1976 57 0
1976 58 40
1976 59 40
1976 60 39
1976 61 42
1976 62 45
1976 63 42
1976 64 40
1976 65 0
1976 66 0
1976 67 0
1976 68 7
1976 69 37
1976 70 40
1976 71 38
1976 72 41
1976 73 8
1976 74 5
1976 75 0
1976 76 0
1976 77 0
1976 78 0
1976 79 0
1976 80 15
1976 81 40
1976 82 39
1976 83 40
1976 84 5
1976 85 10
1976 86 0
1976 87 0
1976 88 0
1976 89 0
1976 90 0
1976 91 43
1976 92 44
1976 93 42
1976 94 12
1976 95 34
1976 96 40
1976 97 43
1976 98 19
1976 99 0
1976 100 0
1976 101 2
1976 102 41
1976 103 46
1976 104 43
1976 105 5
1976 106 43
1976 107 44
1976 108 43
1976 109 41
1976 110 41
1976 111 5
1976 112 10
1976 113 41
1976 114 42
1976 115 41
1976 116 16
1976 117 38
1976 118 42
1976 119 40
1976 120 42
1976 121 40
