1 5373
26 3572
51 3562
76 3566
101 3610
126 3679
151 3647
176 3676
201 3683
226 3652
251 3701
276 3704
301 3694
326 3642
351 3632
376 3670
401 3670
426 3650
451 3657
476 3677
501 3676
526 3653
551 3643
576 3626
601 3734
626 3740
651 3627
676 3689
701 3642
726 3675
751 3728
776 3712
801 3647
826 3638
851 3753
876 3576
901 3706
926 3681
951 3610
976 3689
1001 3621
1026 3683
1051 3656
1076 3643
1101 3642
1126 3653
1151 3689
1176 3625
1201 3659
1226 3692
1251 3739
1276 3656
1301 3690
1326 3662
1351 3692
1376 3636
1401 3689
1426 3710
1451 3732
1476 3717
1501 3658
1526 3710
1551 3691
1576 3695
1601 3664
1626 3708
1651 3745
1676 3627
1701 3638
1726 3716
1751 3636
1776 3684
1801 3691
1826 3654
1851 3603
1876 3774
1901 3624
1926 3691
1951 3636
1976 3654
