1 1 5
1 2 117
1 3 66
1 4 4
1 5 0
1 6 38
1 7 1
1 8 30
1 9 36
1 10 0
1 11 12
1 12 25
1 13 2
1 14 28
1 15 287
1 16 8
1 17 205
1 18 3
1 19 43
1 20 87
1 21 6
1 22 0
1 23 1
1 24 26
1 25 4
1 26 5
1 27 42
1 28 4
1 29 37
1 30 29
1 31 1
1 32 49
1 33 200
1 34 3
1 35 0
1 36 5
1 37 2
1 38 233
1 39 8
1 40 7
1 41 151
1 42 10
1 43 0
1 44 7
1 45 254
1 46 8
1 47 1
1 48 26
1 49 2
1 50 11
1 51 1
1 52 259
1 53 147
1 54 2
1 55 174
1 56 221
1 57 17
1 58 0
1 59 5
1 60 5
1 61 25
1 62 2
1 63 438
1 64 1
1 65 35
1 66 143
1 67 2
1 68 0
1 69 19
1 70 2
1 71 7
1 72 15
1 73 2
1 74 139
1 75 6
1 76 26
1 77 2
1 78 223
1 79 30
1 80 7
1 81 1
1 82 48
1 83 2
1 84 144
1 85 0
1 86 37
1 87 457
1 88 30
1 89 57
1 90 20
1 91 1
1 92 17
1 93 149
1 94 7
1 95 0
26 1 23
26 2 155
26 3 61
26 4 18
26 5 3
26 6 53
26 7 4
26 8 28
26 9 20
26 10 3
26 11 2
26 12 25
26 13 4
26 14 17
26 15 287
26 16 1
26 17 178
26 18 0
26 19 47
26 20 53
26 21 2
26 22 1
26 23 7
26 24 74
26 25 5
26 26 23
26 27 42
26 28 2
26 29 18
26 30 29
26 31 0
26 32 45
26 33 199
26 34 5
26 35 1
26 36 1
26 37 0
26 38 137
26 39 3
26 40 4
26 41 111
26 42 21
26 43 4
26 44 2
26 45 198
26 46 4
26 47 1
26 48 36
26 49 4
26 50 27
26 51 1
26 52 269
26 53 64
26 54 3
26 55 181
26 56 214
26 57 30
26 58 2
26 59 6
26 60 6
26 61 3
26 62 1
26 63 372
26 64 2
26 65 27
26 66 157
26 67 22
26 68 0
26 69 9
26 70 1
26 71 2
26 72 4
26 73 1
26 74 87
26 75 1
26 76 24
26 77 38
26 78 238
26 79 26
26 80 5
26 81 2
26 82 68
26 83 1
26 84 120
26 85 5
26 86 23
26 87 396
26 88 31
26 89 89
26 90 54
26 91 3
26 92 24
26 93 221
26 94 1
26 95 1
51 1 20
51 2 160
51 3 63
51 4 31
51 5 1
51 6 69
51 7 2
51 8 38
51 9 34
51 10 9
51 11 4
51 12 31
51 13 3
51 14 12
51 15 279
51 16 2
51 17 144
51 18 1
51 19 75
51 20 28
51 21 2
51 22 2
51 23 20
51 24 83
51 25 2
51 26 32
51 27 89
51 28 3
51 29 1
51 30 34
51 31 1
51 32 31
51 33 136
51 34 5
51 35 2
51 36 1
51 37 2
51 38 122
51 39 3
51 40 0
51 41 111
51 42 24
51 43 13
51 44 1
51 45 201
51 46 13
51 47 0
51 48 29
51 49 4
51 50 54
51 51 4
51 52 267
51 53 41
51 54 0
51 55 192
51 56 209
51 57 18
51 58 22
51 59 15
51 60 5
51 61 5
51 62 6
51 63 307
51 64 1
51 65 38
51 66 177
51 67 17
51 68 1
51 69 4
51 70 2
51 71 1
51 72 16
51 73 1
51 74 93
51 75 6
51 76 11
51 77 11
51 78 222
51 79 19
51 80 0
51 81 4
51 82 81
51 83 3
51 84 105
51 85 4
51 86 27
51 87 458
51 88 28
51 89 62
51 90 50
51 91 1
51 92 16
51 93 258
51 94 3
51 95 1
76 1 16
76 2 142
76 3 56
76 4 3
76 5 1
76 6 48
76 7 5
76 8 52
76 9 22
76 10 17
76 11 22
76 12 28
76 13 4
76 14 6
76 15 273
76 16 13
76 17 116
76 18 8
76 19 72
76 20 28
76 21 7
76 22 8
76 23 16
76 24 78
76 25 4
76 26 33
76 27 80
76 28 17
76 29 22
76 30 32
76 31 6
76 32 58
76 33 177
76 34 3
76 35 2
76 36 12
76 37 2
76 38 149
76 39 3
76 40 0
76 41 86
76 42 25
76 43 19
76 44 14
76 45 277
76 46 16
76 47 3
76 48 19
76 49 1
76 50 12
76 51 1
76 52 254
76 53 36
76 54 2
76 55 216
76 56 199
76 57 21
76 58 24
76 59 18
76 60 6
76 61 11
76 62 6
76 63 297
76 64 5
76 65 33
76 66 166
76 67 19
76 68 2
76 69 2
76 70 0
76 71 3
76 72 6
76 73 3
76 74 161
76 75 2
76 76 3
76 77 7
76 78 245
76 79 43
76 80 1
76 81 2
76 82 73
76 83 2
76 84 106
76 85 5
76 86 6
76 87 446
76 88 8
76 89 58
76 90 62
76 91 3
76 92 22
76 93 203
76 94 3
76 95 0
101 1 19
101 2 104
101 3 53
101 4 5
101 5 2
101 6 32
101 7 15
101 8 43
101 9 23
101 10 17
101 11 38
101 12 27
101 13 5
101 14 9
101 15 324
101 16 3
101 17 129
101 18 1
101 19 87
101 20 36
101 21 16
101 22 24
101 23 26
101 24 99
101 25 18
101 26 21
101 27 64
101 28 22
101 29 31
101 30 18
101 31 4
101 32 35
101 33 194
101 34 5
101 35 6
101 36 12
101 37 3
101 38 171
101 39 3
101 40 10
101 41 85
101 42 37
101 43 6
101 44 31
101 45 237
101 46 19
101 47 0
101 48 13
101 49 0
101 50 1
101 51 4
101 52 216
101 53 60
101 54 1
101 55 220
101 56 173
101 57 21
101 58 22
101 59 1
101 60 7
101 61 11
101 62 5
101 63 234
101 64 4
101 65 38
101 66 182
101 67 7
101 68 2
101 69 0
101 70 1
101 71 4
101 72 31
101 73 5
101 74 166
101 75 8
101 76 20
101 77 1
101 78 268
101 79 26
101 80 0
101 81 2
101 82 33
101 83 3
101 84 120
101 85 2
101 86 3
101 87 442
101 88 13
101 89 44
101 90 55
101 91 8
101 92 13
101 93 208
101 94 2
101 95 1
126 1 7
126 2 98
126 3 63
126 4 2
126 5 9
126 6 26
126 7 25
126 8 48
126 9 24
126 10 18
126 11 10
126 12 26
126 13 6
126 14 28
126 15 313
126 16 3
126 17 99
126 18 6
126 19 90
126 20 46
126 21 15
126 22 22
126 23 25
126 24 65
126 25 18
126 26 19
126 27 64
126 28 25
126 29 22
126 30 37
126 31 1
126 32 40
126 33 208
126 34 0
126 35 3
126 36 3
126 37 17
126 38 144
126 39 0
126 40 8
126 41 74
126 42 33
126 43 14
126 44 8
126 45 257
126 46 2
126 47 4
126 48 28
126 49 4
126 50 1
126 51 1
126 52 222
126 53 40
126 54 4
126 55 231
126 56 201
126 57 20
126 58 19
126 59 11
126 60 8
126 61 12
126 62 32
126 63 253
126 64 2
126 65 42
126 66 162
126 67 0
126 68 10
126 69 4
126 70 1
126 71 4
126 72 21
126 73 8
126 74 149
126 75 15
126 76 28
126 77 2
126 78 249
126 79 10
126 80 4
126 81 2
126 82 28
126 83 1
126 84 130
126 85 5
126 86 2
126 87 456
126 88 16
126 89 45
126 90 39
126 91 13
126 92 4
126 93 237
126 94 2
126 95 1
151 1 14
151 2 97
151 3 56
151 4 2
151 5 6
151 6 31
151 7 12
151 8 42
151 9 18
151 10 19
151 11 1
151 12 13
151 13 15
151 14 15
151 15 310
151 16 0
151 17 89
151 18 4
151 19 82
151 20 109
151 21 14
151 22 37
151 23 26
151 24 20
151 25 10
151 26 1
151 27 24
151 28 22
151 29 19
151 30 37
151 31 2
151 32 42
151 33 193
151 34 1
151 35 4
151 36 3
151 37 16
151 38 170
151 39 1
151 40 26
151 41 105
151 42 25
151 43 10
151 44 0
151 45 276
151 46 4
151 47 3
151 48 17
151 49 3
151 50 2
151 51 1
151 52 278
151 53 45
151 54 4
151 55 256
151 56 241
151 57 24
151 58 24
151 59 5
151 60 18
151 61 20
151 62 24
151 63 282
151 64 0
151 65 34
151 66 122
151 67 1
151 68 17
151 69 2
151 70 0
151 71 7
151 72 4
151 73 7
151 74 155
151 75 2
151 76 9
151 77 1
151 78 273
151 79 3
151 80 3
151 81 8
151 82 12
151 83 0
151 84 122
151 85 4
151 86 4
151 87 466
151 88 2
151 89 39
151 90 37
151 91 2
151 92 17
151 93 216
151 94 3
151 95 5
176 1 3
176 2 52
176 3 71
176 4 1
176 5 0
176 6 20
176 7 16
176 8 49
176 9 21
176 10 8
176 11 8
176 12 2
176 13 2
176 14 15
176 15 320
176 16 6
176 17 94
176 18 3
176 19 81
176 20 91
176 21 17
176 22 21
176 23 27
176 24 19
176 25 8
176 26 3
176 27 12
176 28 16
176 29 10
176 30 48
176 31 3
176 32 48
176 33 245
176 34 4
176 35 10
176 36 2
176 37 12
176 38 161
176 39 1
176 40 40
176 41 112
176 42 31
176 43 11
176 44 2
176 45 320
176 46 12
176 47 4
176 48 13
176 49 4
176 50 3
176 51 5
176 52 256
176 53 55
176 54 2
176 55 272
176 56 226
176 57 20
176 58 18
176 59 2
176 60 30
176 61 18
176 62 32
176 63 255
176 64 4
176 65 20
176 66 122
176 67 0
176 68 3
176 69 3
176 70 1
176 71 1
176 72 10
176 73 2
176 74 132
176 75 4
176 76 52
176 77 1
176 78 274
176 79 1
176 80 0
176 81 0
176 82 15
176 83 2
176 84 137
176 85 9
176 86 21
176 87 412
176 88 2
176 89 48
176 90 37
176 91 6
176 92 9
176 93 187
176 94 3
176 95 5
201 1 0
201 2 36
201 3 76
201 4 3
201 5 2
201 6 12
201 7 19
201 8 44
201 9 20
201 10 35
201 11 2
201 12 2
201 13 0
201 14 9
201 15 307
201 16 2
201 17 59
201 18 5
201 19 100
201 20 71
201 21 20
201 22 16
201 23 19
201 24 21
201 25 9
201 26 0
201 27 57
201 28 23
201 29 2
201 30 53
201 31 3
201 32 46
201 33 212
201 34 2
201 35 31
201 36 6
201 37 20
201 38 200
201 39 2
201 40 39
201 41 103
201 42 25
201 43 14
201 44 2
201 45 322
201 46 23
201 47 5
201 48 19
201 49 3
201 50 9
201 51 4
201 52 259
201 53 41
201 54 3
201 55 265
201 56 236
201 57 9
201 58 5
201 59 10
201 60 13
201 61 35
201 62 25
201 63 277
201 64 2
201 65 41
201 66 148
201 67 2
201 68 6
201 69 17
201 70 1
201 71 2
201 72 3
201 73 3
201 74 128
201 75 9
201 76 52
201 77 3
201 78 243
201 79 38
201 80 0
201 81 13
201 82 4
201 83 2
201 84 156
201 85 20
201 86 36
201 87 395
201 88 0
201 89 31
201 90 65
201 91 2
201 92 21
201 93 231
201 94 4
201 95 10
226 1 4
226 2 9
226 3 60
226 4 1
226 5 3
226 6 12
226 7 33
226 8 49
226 9 20
226 10 46
226 11 4
226 12 9
226 13 1
226 14 3
226 15 278
226 16 9
226 17 56
226 18 2
226 19 106
226 20 63
226 21 41
226 22 24
226 23 21
226 24 36
226 25 7
226 26 2
226 27 97
226 28 19
226 29 8
226 30 51
226 31 2
226 32 17
226 33 171
226 34 10
226 35 26
226 36 9
226 37 6
226 38 192
226 39 5
226 40 24
226 41 73
226 42 25
226 43 9
226 44 4
226 45 356
226 46 12
226 47 2
226 48 12
226 49 2
226 50 5
226 51 16
226 52 281
226 53 3
226 54 2
226 55 237
226 56 248
226 57 1
226 58 4
226 59 4
226 60 4
226 61 30
226 62 19
226 63 292
226 64 1
226 65 8
226 66 182
226 67 2
226 68 1
226 69 30
226 70 5
226 71 3
226 72 5
226 73 6
226 74 132
226 75 32
226 76 17
226 77 1
226 78 251
226 79 18
226 80 0
226 81 17
226 82 5
226 83 0
226 84 188
226 85 24
226 86 35
226 87 367
226 88 13
226 89 44
226 90 28
226 91 1
226 92 12
226 93 245
226 94 0
226 95 23
251 1 2
251 2 6
251 3 48
251 4 2
251 5 1
251 6 7
251 7 31
251 8 64
251 9 33
251 10 61
251 11 2
251 12 28
251 13 6
251 14 5
251 15 296
251 16 3
251 17 46
251 18 3
251 19 128
251 20 48
251 21 39
251 22 17
251 23 2
251 24 30
251 25 6
251 26 3
251 27 157
251 28 10
251 29 29
251 30 9
251 31 2
251 32 30
251 33 192
251 34 4
251 35 30
251 36 15
251 37 18
251 38 196
251 39 1
251 40 47
251 41 48
251 42 20
251 43 8
251 44 0
251 45 374
251 46 13
251 47 1
251 48 8
251 49 3
251 50 10
251 51 7
251 52 270
251 53 2
251 54 2
251 55 229
251 56 232
251 57 1
251 58 1
251 59 5
251 60 0
251 61 5
251 62 36
251 63 272
251 64 1
251 65 4
251 66 172
251 67 0
251 68 4
251 69 10
251 70 3
251 71 1
251 72 17
251 73 0
251 74 171
251 75 35
251 76 44
251 77 3
251 78 260
251 79 21
251 80 4
251 81 29
251 82 15
251 83 0
251 84 168
251 85 35
251 86 59
251 87 326
251 88 10
251 89 36
251 90 16
251 91 3
251 92 5
251 93 230
251 94 2
251 95 21
276 1 3
276 2 13
276 3 65
276 4 0
276 5 1
276 6 15
276 7 36
276 8 65
276 9 38
276 10 48
276 11 0
276 12 17
276 13 12
276 14 10
276 15 250
276 16 1
276 17 38
276 18 5
276 19 109
276 20 56
276 21 23
276 22 16
276 23 2
276 24 21
276 25 8
276 26 1
276 27 86
276 28 33
276 29 30
276 30 4
276 31 5
276 32 17
276 33 192
276 34 2
276 35 9
276 36 1
276 37 8
276 38 213
276 39 3
276 40 19
276 41 45
276 42 10
276 43 24
276 44 5
276 45 324
276 46 7
276 47 1
276 48 7
276 49 1
276 50 4
276 51 20
276 52 258
276 53 44
276 54 20
276 55 237
276 56 233
276 57 5
276 58 13
276 59 8
276 60 2
276 61 3
276 62 30
276 63 282
276 64 1
276 65 1
276 66 146
276 67 6
276 68 0
276 69 7
276 70 2
276 71 7
276 72 33
276 73 2
276 74 172
276 75 33
276 76 43
276 77 3
276 78 254
276 79 4
276 80 9
276 81 28
276 82 22
276 83 3
276 84 182
276 85 37
276 86 38
276 87 392
276 88 33
276 89 61
276 90 5
276 91 4
276 92 14
276 93 248
276 94 5
276 95 43
301 1 0
301 2 7
301 3 92
301 4 5
301 5 2
301 6 11
301 7 36
301 8 45
301 9 49
301 10 52
301 11 1
301 12 0
301 13 27
301 14 9
301 15 246
301 16 3
301 17 30
301 18 2
301 19 117
301 20 78
301 21 5
301 22 20
301 23 6
301 24 26
301 25 5
301 26 0
301 27 29
301 28 31
301 29 28
301 30 2
301 31 0
301 32 5
301 33 233
301 34 4
301 35 21
301 36 2
301 37 3
301 38 199
301 39 2
301 40 21
301 41 18
301 42 3
301 43 13
301 44 9
301 45 301
301 46 10
301 47 1
301 48 11
301 49 2
301 50 1
301 51 13
301 52 255
301 53 47
301 54 39
301 55 230
301 56 239
301 57 1
301 58 17
301 59 10
301 60 2
301 61 14
301 62 30
301 63 316
301 64 9
301 65 7
301 66 114
301 67 3
301 68 2
301 69 6
301 70 2
301 71 4
301 72 35
301 73 4
301 74 185
301 75 25
301 76 35
301 77 0
301 78 215
301 79 38
301 80 10
301 81 16
301 82 28
301 83 4
301 84 190
301 85 12
301 86 23
301 87 379
301 88 41
301 89 58
301 90 13
301 91 5
301 92 24
301 93 238
301 94 5
301 95 40
326 1 2
326 2 5
326 3 84
326 4 7
326 5 2
326 6 17
326 7 26
326 8 50
326 9 63
326 10 44
326 11 0
326 12 7
326 13 33
326 14 3
326 15 253
326 16 15
326 17 18
326 18 2
326 19 108
326 20 87
326 21 2
326 22 19
326 23 2
326 24 14
326 25 5
326 26 0
326 27 19
326 28 30
326 29 10
326 30 1
326 31 3
326 32 7
326 33 216
326 34 5
326 35 4
326 36 26
326 37 3
326 38 202
326 39 1
326 40 19
326 41 22
326 42 26
326 43 1
326 44 16
326 45 325
326 46 15
326 47 0
326 48 10
326 49 5
326 50 17
326 51 7
326 52 233
326 53 47
326 54 22
326 55 252
326 56 204
326 57 3
326 58 18
326 59 36
326 60 5
326 61 0
326 62 32
326 63 358
326 64 4
326 65 2
326 66 119
326 67 1
326 68 4
326 69 1
326 70 5
326 71 18
326 72 17
326 73 1
326 74 250
326 75 29
326 76 28
326 77 1
326 78 259
326 79 46
326 80 8
326 81 18
326 82 17
326 83 0
326 84 219
326 85 1
326 86 37
326 87 348
326 88 34
326 89 50
326 90 6
326 91 3
326 92 41
326 93 250
326 94 5
326 95 42
351 1 19
351 2 7
351 3 103
351 4 5
351 5 2
351 6 16
351 7 17
351 8 62
351 9 39
351 10 61
351 11 5
351 12 6
351 13 16
351 14 13
351 15 255
351 16 1
351 17 10
351 18 1
351 19 145
351 20 98
351 21 1
351 22 43
351 23 3
351 24 22
351 25 3
351 26 3
351 27 21
351 28 23
351 29 5
351 30 2
351 31 0
351 32 5
351 33 206
351 34 4
351 35 4
351 36 24
351 37 3
351 38 158
351 39 7
351 40 9
351 41 22
351 42 47
351 43 3
351 44 9
351 45 352
351 46 9
351 47 7
351 48 0
351 49 4
351 50 20
351 51 5
351 52 291
351 53 67
351 54 0
351 55 293
351 56 262
351 57 3
351 58 23
351 59 3
351 60 1
351 61 5
351 62 20
351 63 319
351 64 14
351 65 2
351 66 105
351 67 14
351 68 6
351 69 1
351 70 1
351 71 17
351 72 10
351 73 6
351 74 218
351 75 13
351 76 29
351 77 0
351 78 239
351 79 33
351 80 22
351 81 16
351 82 11
351 83 4
351 84 197
351 85 4
351 86 44
351 87 313
351 88 13
351 89 49
351 90 1
351 91 4
351 92 25
351 93 249
351 94 7
351 95 23
376 1 28
376 2 8
376 3 95
376 4 2
376 5 1
376 6 9
376 7 4
376 8 40
376 9 40
376 10 53
376 11 2
376 12 2
376 13 10
376 14 18
376 15 238
376 16 4
376 17 14
376 18 10
376 19 114
376 20 90
376 21 2
376 22 41
376 23 3
376 24 23
376 25 2
376 26 3
376 27 18
376 28 10
376 29 1
376 30 0
376 31 2
376 32 11
376 33 234
376 34 2
376 35 16
376 36 22
376 37 16
376 38 145
376 39 10
376 40 9
376 41 34
376 42 90
376 43 0
376 44 5
376 45 383
376 46 1
376 47 27
376 48 7
376 49 1
376 50 24
376 51 3
376 52 292
376 53 63
376 54 2
376 55 280
376 56 256
376 57 5
376 58 26
376 59 0
376 60 0
376 61 5
376 62 17
376 63 358
376 64 13
376 65 4
376 66 109
376 67 12
376 68 4
376 69 3
376 70 1
376 71 18
376 72 5
376 73 4
376 74 248
376 75 14
376 76 36
376 77 11
376 78 192
376 79 50
376 80 20
376 81 5
376 82 28
376 83 1
376 84 143
376 85 4
376 86 28
376 87 322
376 88 3
376 89 35
376 90 16
376 91 0
376 92 27
376 93 298
376 94 6
376 95 14
401 1 12
401 2 14
401 3 99
401 4 4
401 5 1
401 6 32
401 7 6
401 8 36
401 9 39
401 10 45
401 11 5
401 12 7
401 13 6
401 14 28
401 15 225
401 16 2
401 17 15
401 18 23
401 19 101
401 20 117
401 21 2
401 22 43
401 23 3
401 24 20
401 25 5
401 26 1
401 27 17
401 28 14
401 29 0
401 30 5
401 31 5
401 32 11
401 33 237
401 34 1
401 35 5
401 36 10
401 37 7
401 38 166
401 39 2
401 40 22
401 41 42
401 42 79
401 43 6
401 44 1
401 45 378
401 46 0
401 47 12
401 48 0
401 49 1
401 50 23
401 51 3
401 52 253
401 53 102
401 54 3
401 55 282
401 56 245
401 57 5
401 58 24
401 59 2
401 60 2
401 61 0
401 62 47
401 63 316
401 64 9
401 65 3
401 66 120
401 67 4
401 68 5
401 69 2
401 70 3
401 71 15
401 72 31
401 73 6
401 74 213
401 75 7
401 76 21
401 77 20
401 78 216
401 79 26
401 80 26
401 81 6
401 82 40
401 83 5
401 84 154
401 85 4
401 86 6
401 87 348
401 88 25
401 89 36
401 90 5
401 91 2
401 92 14
401 93 276
401 94 3
401 95 21
426 1 16
426 2 28
426 3 117
426 4 5
426 5 1
426 6 18
426 7 6
426 8 30
426 9 37
426 10 58
426 11 3
426 12 22
426 13 8
426 14 31
426 15 268
426 16 3
426 17 38
426 18 18
426 19 135
426 20 130
426 21 1
426 22 57
426 23 3
426 24 32
426 25 5
426 26 3
426 27 17
426 28 2
426 29 4
426 30 7
426 31 1
426 32 18
426 33 216
426 34 1
426 35 8
426 36 1
426 37 16
426 38 129
426 39 3
426 40 28
426 41 30
426 42 63
426 43 5
426 44 13
426 45 346
426 46 0
426 47 5
426 48 4
426 49 3
426 50 13
426 51 7
426 52 270
426 53 108
426 54 1
426 55 307
426 56 239
426 57 5
426 58 20
426 59 7
426 60 8
426 61 1
426 62 27
426 63 262
426 64 10
426 65 13
426 66 131
426 67 2
426 68 1
426 69 3
426 70 3
426 71 11
426 72 41
426 73 1
426 74 167
426 75 5
426 76 15
426 77 19
426 78 225
426 79 40
426 80 23
426 81 0
426 82 17
426 83 35
426 84 187
426 85 1
426 86 9
426 87 329
426 88 34
426 89 31
426 90 6
426 91 0
426 92 9
426 93 252
426 94 2
426 95 17
451 1 20
451 2 28
451 3 123
451 4 0
451 5 2
451 6 16
451 7 5
451 8 23
451 9 38
451 10 64
451 11 6
451 12 43
451 13 26
451 14 12
451 15 207
451 16 3
451 17 13
451 18 4
451 19 129
451 20 118
451 21 5
451 22 53
451 23 6
451 24 23
451 25 6
451 26 1
451 27 27
451 28 8
451 29 2
451 30 11
451 31 3
451 32 28
451 33 230
451 34 1
451 35 11
451 36 3
451 37 20
451 38 154
451 39 4
451 40 10
451 41 28
451 42 39
451 43 2
451 44 21
451 45 320
451 46 10
451 47 0
451 48 0
451 49 11
451 50 20
451 51 3
451 52 256
451 53 130
451 54 27
451 55 259
451 56 222
451 57 20
451 58 25
451 59 1
451 60 0
451 61 3
451 62 23
451 63 273
451 64 11
451 65 6
451 66 159
451 67 3
451 68 3
451 69 8
451 70 1
451 71 1
451 72 48
451 73 2
451 74 228
451 75 3
451 76 19
451 77 37
451 78 257
451 79 42
451 80 9
451 81 0
451 82 5
451 83 24
451 84 243
451 85 2
451 86 0
451 87 330
451 88 48
451 89 20
451 90 13
451 91 3
451 92 8
451 93 211
451 94 15
451 95 6
476 1 19
476 2 45
476 3 123
476 4 1
476 5 5
476 6 32
476 7 2
476 8 23
476 9 22
476 10 54
476 11 1
476 12 49
476 13 25
476 14 2
476 15 223
476 16 1
476 17 1
476 18 5
476 19 111
476 20 88
476 21 16
476 22 30
476 23 0
476 24 24
476 25 3
476 26 1
476 27 8
476 28 16
476 29 6
476 30 10
476 31 8
476 32 9
476 33 224
476 34 7
476 35 13
476 36 16
476 37 10
476 38 157
476 39 18
476 40 8
476 41 54
476 42 23
476 43 5
476 44 20
476 45 297
476 46 7
476 47 2
476 48 1
476 49 38
476 50 24
476 51 1
476 52 262
476 53 103
476 54 59
476 55 271
476 56 236
476 57 17
476 58 9
476 59 1
476 60 7
476 61 4
476 62 24
476 63 242
476 64 5
476 65 6
476 66 140
476 67 2
476 68 2
476 69 13
476 70 4
476 71 5
476 72 52
476 73 1
476 74 254
476 75 15
476 76 30
476 77 43
476 78 271
476 79 20
476 80 4
476 81 6
476 82 5
476 83 25
476 84 224
476 85 3
476 86 1
476 87 283
476 88 31
476 89 35
476 90 17
476 91 5
476 92 5
476 93 217
476 94 7
476 95 14
501 1 2
501 2 35
501 3 111
501 4 5
501 5 1
501 6 33
501 7 8
501 8 18
501 9 37
501 10 52
501 11 6
501 12 18
501 13 33
501 14 3
501 15 222
501 16 6
501 17 9
501 18 4
501 19 111
501 20 89
501 21 14
501 22 28
501 23 3
501 24 39
501 25 1
501 26 5
501 27 28
501 28 21
501 29 8
501 30 20
501 31 15
501 32 7
501 33 225
501 34 1
501 35 13
501 36 16
501 37 3
501 38 188
501 39 24
501 40 20
501 41 131
501 42 7
501 43 2
501 44 10
501 45 340
501 46 1
501 47 2
501 48 5
501 49 24
501 50 15
501 51 0
501 52 284
501 53 113
501 54 41
501 55 264
501 56 257
501 57 29
501 58 27
501 59 5
501 60 2
501 61 3
501 62 11
501 63 243
501 64 0
501 65 12
501 66 147
501 67 3
501 68 4
501 69 1
501 70 2
501 71 4
501 72 10
501 73 1
501 74 224
501 75 11
501 76 15
501 77 73
501 78 251
501 79 33
501 80 0
501 81 4
501 82 16
501 83 16
501 84 201
501 85 1
501 86 2
501 87 297
501 88 10
501 89 39
501 90 22
501 91 1
501 92 7
501 93 243
501 94 0
501 95 0
526 1 2
526 2 27
526 3 116
526 4 5
526 5 3
526 6 22
526 7 6
526 8 27
526 9 48
526 10 64
526 11 10
526 12 18
526 13 38
526 14 3
526 15 234
526 16 1
526 17 12
526 18 1
526 19 98
526 20 54
526 21 9
526 22 18
526 23 6
526 24 39
526 25 4
526 26 2
526 27 15
526 28 23
526 29 6
526 30 10
526 31 11
526 32 22
526 33 199
526 34 3
526 35 15
526 36 3
526 37 1
526 38 200
526 39 36
526 40 16
526 41 155
526 42 6
526 43 7
526 44 5
526 45 396
526 46 1
526 47 2
526 48 6
526 49 13
526 50 14
526 51 2
526 52 236
526 53 104
526 54 22
526 55 308
526 56 236
526 57 23
526 58 26
526 59 4
526 60 29
526 61 19
526 62 4
526 63 276
526 64 3
526 65 19
526 66 147
526 67 1
526 68 1
526 69 0
526 70 6
526 71 0
526 72 19
526 73 4
526 74 217
526 75 11
526 76 16
526 77 43
526 78 254
526 79 37
526 80 1
526 81 3
526 82 54
526 83 6
526 84 195
526 85 1
526 86 0
526 87 296
526 88 1
526 89 30
526 90 16
526 91 1
526 92 18
526 93 196
526 94 2
526 95 1
551 1 3
551 2 9
551 3 138
551 4 0
551 5 4
551 6 38
551 7 4
551 8 48
551 9 42
551 10 62
551 11 5
551 12 13
551 13 22
551 14 6
551 15 314
551 16 5
551 17 11
551 18 3
551 19 117
551 20 60
551 21 15
551 22 4
551 23 2
551 24 36
551 25 2
551 26 1
551 27 16
551 28 19
551 29 4
551 30 7
551 31 14
551 32 22
551 33 202
551 34 4
551 35 18
551 36 11
551 37 8
551 38 211
551 39 31
551 40 2
551 41 123
551 42 5
551 43 1
551 44 2
551 45 428
551 46 6
551 47 2
551 48 4
551 49 16
551 50 21
551 51 3
551 52 188
551 53 92
551 54 18
551 55 299
551 56 267
551 57 16
551 58 16
551 59 5
551 60 18
551 61 35
551 62 7
551 63 236
551 64 16
551 65 11
551 66 142
551 67 6
551 68 0
551 69 6
551 70 2
551 71 4
551 72 3
551 73 6
551 74 248
551 75 3
551 76 46
551 77 46
551 78 209
551 79 22
551 80 5
551 81 6
551 82 95
551 83 4
551 84 130
551 85 5
551 86 4
551 87 282
551 88 7
551 89 29
551 90 7
551 91 5
551 92 4
551 93 208
551 94 0
551 95 8
576 1 2
576 2 11
576 3 117
576 4 2
576 5 6
576 6 17
576 7 8
576 8 53
576 9 50
576 10 73
576 11 2
576 12 6
576 13 28
576 14 3
576 15 339
576 16 4
576 17 29
576 18 2
576 19 115
576 20 26
576 21 23
576 22 1
576 23 3
576 24 57
576 25 3
576 26 3
576 27 24
576 28 21
576 29 3
576 30 15
576 31 7
576 32 16
576 33 193
576 34 2
576 35 3
576 36 2
576 37 2
576 38 236
576 39 33
576 40 8
576 41 81
576 42 40
576 43 8
576 44 0
576 45 426
576 46 2
576 47 1
576 48 7
576 49 13
576 50 19
576 51 2
576 52 163
576 53 116
576 54 20
576 55 266
576 56 228
576 57 26
576 58 24
576 59 1
576 60 2
576 61 37
576 62 13
576 63 300
576 64 19
576 65 16
576 66 128
576 67 2
576 68 0
576 69 1
576 70 4
576 71 3
576 72 1
576 73 0
576 74 234
576 75 0
576 76 33
576 77 41
576 78 214
576 79 35
576 80 3
576 81 2
576 82 93
576 83 1
576 84 119
576 85 3
576 86 13
576 87 338
576 88 6
576 89 39
576 90 12
576 91 7
576 92 7
576 93 237
576 94 7
576 95 1
601 1 3
601 2 23
601 3 133
601 4 1
601 5 3
601 6 18
601 7 21
601 8 49
601 9 34
601 10 51
601 11 4
601 12 9
601 13 38
601 14 0
601 15 229
601 16 0
601 17 32
601 18 4
601 19 101
601 20 18
601 21 8
601 22 3
601 23 2
601 24 26
601 25 3
601 26 1
601 27 24
601 28 20
601 29 2
601 30 24
601 31 7
601 32 19
601 33 165
601 34 3
601 35 1
601 36 4
601 37 21
601 38 233
601 39 16
601 40 8
601 41 69
601 42 58
601 43 14
601 44 1
601 45 396
601 46 13
601 47 8
601 48 5
601 49 6
601 50 18
601 51 6
601 52 182
601 53 152
601 54 17
601 55 234
601 56 210
601 57 3
601 58 45
601 59 4
601 60 18
601 61 23
601 62 35
601 63 306
601 64 18
601 65 17
601 66 147
601 67 1
601 68 4
601 69 2
601 70 1
601 71 5
601 72 4
601 73 6
601 74 245
601 75 0
601 76 34
601 77 73
601 78 237
601 79 32
601 80 3
601 81 1
601 82 94
601 83 18
601 84 154
601 85 6
601 86 22
601 87 317
601 88 3
601 89 55
601 90 11
601 91 3
601 92 11
601 93 218
601 94 4
601 95 1
626 1 2
626 2 15
626 3 111
626 4 2
626 5 4
626 6 8
626 7 19
626 8 67
626 9 31
626 10 52
626 11 6
626 12 9
626 13 22
626 14 7
626 15 206
626 16 2
626 17 33
626 18 4
626 19 102
626 20 13
626 21 2
626 22 3
626 23 6
626 24 27
626 25 2
626 26 3
626 27 17
626 28 25
626 29 2
626 30 17
626 31 6
626 32 18
626 33 176
626 34 4
626 35 1
626 36 3
626 37 19
626 38 200
626 39 13
626 40 2
626 41 88
626 42 49
626 43 22
626 44 1
626 45 418
626 46 15
626 47 3
626 48 8
626 49 4
626 50 21
626 51 6
626 52 171
626 53 159
626 54 18
626 55 230
626 56 186
626 57 4
626 58 25
626 59 5
626 60 43
626 61 30
626 62 54
626 63 322
626 64 8
626 65 21
626 66 146
626 67 26
626 68 3
626 69 2
626 70 3
626 71 1
626 72 2
626 73 4
626 74 233
626 75 2
626 76 25
626 77 55
626 78 259
626 79 28
626 80 1
626 81 12
626 82 80
626 83 15
626 84 146
626 85 0
626 86 29
626 87 331
626 88 7
626 89 55
626 90 28
626 91 3
626 92 17
626 93 184
626 94 1
626 95 0
651 1 1
651 2 12
651 3 112
651 4 1
651 5 6
651 6 14
651 7 23
651 8 57
651 9 44
651 10 43
651 11 6
651 12 5
651 13 26
651 14 3
651 15 213
651 16 2
651 17 30
651 18 2
651 19 81
651 20 9
651 21 5
651 22 0
651 23 23
651 24 13
651 25 2
651 26 1
651 27 18
651 28 34
651 29 12
651 30 22
651 31 8
651 32 7
651 33 195
651 34 5
651 35 3
651 36 2
651 37 20
651 38 178
651 39 21
651 40 14
651 41 74
651 42 56
651 43 8
651 44 2
651 45 426
651 46 4
651 47 3
651 48 7
651 49 3
651 50 24
651 51 3
651 52 170
651 53 135
651 54 30
651 55 238
651 56 199
651 57 3
651 58 21
651 59 8
651 60 51
651 61 22
651 62 33
651 63 347
651 64 8
651 65 9
651 66 135
651 67 30
651 68 6
651 69 3
651 70 5
651 71 3
651 72 1
651 73 6
651 74 240
651 75 6
651 76 11
651 77 39
651 78 294
651 79 32
651 80 3
651 81 7
651 82 62
651 83 23
651 84 120
651 85 5
651 86 31
651 87 305
651 88 10
651 89 28
651 90 55
651 91 1
651 92 3
651 93 182
651 94 2
651 95 0
676 1 4
676 2 15
676 3 114
676 4 3
676 5 8
676 6 14
676 7 26
676 8 60
676 9 46
676 10 63
676 11 2
676 12 8
676 13 28
676 14 1
676 15 274
676 16 3
676 17 30
676 18 3
676 19 95
676 20 13
676 21 1
676 22 2
676 23 26
676 24 17
676 25 0
676 26 4
676 27 27
676 28 37
676 29 32
676 30 11
676 31 10
676 32 13
676 33 145
676 34 5
676 35 2
676 36 2
676 37 0
676 38 189
676 39 24
676 40 6
676 41 44
676 42 58
676 43 19
676 44 3
676 45 397
676 46 1
676 47 0
676 48 7
676 49 3
676 50 18
676 51 5
676 52 167
676 53 126
676 54 39
676 55 230
676 56 196
676 57 2
676 58 33
676 59 2
676 60 19
676 61 29
676 62 48
676 63 361
676 64 13
676 65 34
676 66 146
676 67 45
676 68 4
676 69 3
676 70 2
676 71 4
676 72 1
676 73 19
676 74 219
676 75 0
676 76 10
676 77 35
676 78 313
676 79 35
676 80 0
676 81 9
676 82 66
676 83 18
676 84 128
676 85 2
676 86 32
676 87 341
676 88 2
676 89 21
676 90 57
676 91 5
676 92 0
676 93 194
676 94 9
676 95 5
701 1 7
701 2 12
701 3 129
701 4 1
701 5 6
701 6 13
701 7 29
701 8 55
701 9 54
701 10 50
701 11 5
701 12 21
701 13 20
701 14 3
701 15 303
701 16 1
701 17 37
701 18 4
701 19 99
701 20 31
701 21 18
701 22 1
701 23 14
701 24 21
701 25 0
701 26 4
701 27 16
701 28 15
701 29 38
701 30 4
701 31 3
701 32 1
701 33 205
701 34 4
701 35 5
701 36 17
701 37 4
701 38 194
701 39 20
701 40 4
701 41 45
701 42 69
701 43 5
701 44 1
701 45 331
701 46 1
701 47 7
701 48 6
701 49 6
701 50 9
701 51 2
701 52 159
701 53 95
701 54 37
701 55 260
701 56 226
701 57 16
701 58 20
701 59 1
701 60 16
701 61 20
701 62 69
701 63 336
701 64 3
701 65 36
701 66 185
701 67 10
701 68 3
701 69 6
701 70 2
701 71 1
701 72 1
701 73 14
701 74 251
701 75 1
701 76 24
701 77 40
701 78 272
701 79 32
701 80 4
701 81 2
701 82 31
701 83 15
701 84 126
701 85 2
701 86 23
701 87 355
701 88 4
701 89 8
701 90 45
701 91 3
701 92 3
701 93 163
701 94 2
701 95 0
726 1 0
726 2 17
726 3 149
726 4 0
726 5 6
726 6 8
726 7 25
726 8 52
726 9 54
726 10 44
726 11 9
726 12 20
726 13 33
726 14 6
726 15 353
726 16 11
726 17 28
726 18 2
726 19 80
726 20 51
726 21 18
726 22 7
726 23 20
726 24 32
726 25 3
726 26 1
726 27 18
726 28 14
726 29 39
726 30 5
726 31 1
726 32 15
726 33 171
726 34 10
726 35 7
726 36 22
726 37 2
726 38 184
726 39 22
726 40 2
726 41 38
726 42 74
726 43 3
726 44 1
726 45 337
726 46 5
726 47 2
726 48 10
726 49 6
726 50 1
726 51 0
726 52 152
726 53 90
726 54 19
726 55 231
726 56 218
726 57 8
726 58 24
726 59 2
726 60 15
726 61 21
726 62 63
726 63 322
726 64 1
726 65 30
726 66 158
726 67 9
726 68 8
726 69 8
726 70 7
726 71 1
726 72 5
726 73 13
726 74 226
726 75 5
726 76 41
726 77 26
726 78 247
726 79 18
726 80 2
726 81 3
726 82 27
726 83 13
726 84 110
726 85 4
726 86 44
726 87 411
726 88 0
726 89 22
726 90 28
726 91 2
726 92 16
726 93 176
726 94 1
726 95 7
751 1 1
751 2 24
751 3 137
751 4 2
751 5 1
751 6 8
751 7 26
751 8 15
751 9 56
751 10 18
751 11 19
751 12 28
751 13 30
751 14 4
751 15 362
751 16 2
751 17 40
751 18 13
751 19 124
751 20 41
751 21 18
751 22 3
751 23 18
751 24 35
751 25 2
751 26 3
751 27 5
751 28 19
751 29 31
751 30 1
751 31 1
751 32 13
751 33 202
751 34 3
751 35 5
751 36 18
751 37 4
751 38 186
751 39 25
751 40 3
751 41 7
751 42 84
751 43 4
751 44 0
751 45 341
751 46 28
751 47 15
751 48 18
751 49 5
751 50 4
751 51 4
751 52 113
751 53 48
751 54 27
751 55 262
751 56 191
751 57 2
751 58 17
751 59 4
751 60 21
751 61 22
751 62 53
751 63 299
751 64 2
751 65 30
751 66 160
751 67 8
751 68 15
751 69 6
751 70 7
751 71 4
751 72 5
751 73 18
751 74 240
751 75 5
751 76 61
751 77 24
751 78 256
751 79 14
751 80 1
751 81 1
751 82 10
751 83 10
751 84 103
751 85 0
751 86 23
751 87 418
751 88 2
751 89 26
751 90 38
751 91 6
751 92 40
751 93 155
751 94 2
751 95 1
776 1 0
776 2 3
776 3 115
776 4 0
776 5 0
776 6 2
776 7 35
776 8 5
776 9 41
776 10 33
776 11 30
776 12 53
776 13 43
776 14 3
776 15 485
776 16 1
776 17 47
776 18 6
776 19 132
776 20 33
776 21 34
776 22 15
776 23 27
776 24 50
776 25 2
776 26 1
776 27 8
776 28 19
776 29 15
776 30 4
776 31 2
776 32 12
776 33 193
776 34 5
776 35 7
776 36 6
776 37 3
776 38 219
776 39 17
776 40 1
776 41 6
776 42 96
776 43 0
776 44 3
776 45 345
776 46 6
776 47 12
776 48 17
776 49 14
776 50 8
776 51 4
776 52 131
776 53 28
776 54 21
776 55 241
776 56 203
776 57 8
776 58 25
776 59 3
776 60 24
776 61 22
776 62 40
776 63 275
776 64 3
776 65 6
776 66 151
776 67 1
776 68 25
776 69 6
776 70 7
776 71 1
776 72 3
776 73 12
776 74 212
776 75 3
776 76 31
776 77 23
776 78 253
776 79 18
776 80 0
776 81 1
776 82 16
776 83 13
776 84 140
776 85 1
776 86 21
776 87 473
776 88 8
776 89 58
776 90 36
776 91 5
776 92 18
776 93 162
776 94 3
776 95 6
801 1 0
801 2 2
801 3 118
801 4 1
801 5 2
801 6 4
801 7 28
801 8 5
801 9 55
801 10 62
801 11 27
801 12 30
801 13 36
801 14 8
801 15 494
801 16 2
801 17 45
801 18 10
801 19 164
801 20 36
801 21 44
801 22 19
801 23 12
801 24 39
801 25 5
801 26 0
801 27 3
801 28 19
801 29 14
801 30 1
801 31 7
801 32 5
801 33 154
801 34 5
801 35 4
801 36 6
801 37 2
801 38 195
801 39 21
801 40 2
801 41 15
801 42 87
801 43 1
801 44 25
801 45 378
801 46 36
801 47 15
801 48 36
801 49 9
801 50 1
801 51 6
801 52 137
801 53 16
801 54 22
801 55 249
801 56 186
801 57 13
801 58 18
801 59 1
801 60 26
801 61 19
801 62 49
801 63 243
801 64 3
801 65 11
801 66 186
801 67 4
801 68 18
801 69 14
801 70 1
801 71 0
801 72 5
801 73 15
801 74 174
801 75 2
801 76 22
801 77 11
801 78 293
801 79 20
801 80 8
801 81 1
801 82 13
801 83 12
801 84 142
801 85 4
801 86 23
801 87 458
801 88 3
801 89 53
801 90 38
801 91 0
801 92 11
801 93 110
801 94 0
801 95 2
826 1 8
826 2 9
826 3 143
826 4 1
826 5 7
826 6 1
826 7 26
826 8 24
826 9 47
826 10 38
826 11 42
826 12 17
826 13 39
826 14 4
826 15 454
826 16 3
826 17 72
826 18 14
826 19 142
826 20 42
826 21 13
826 22 14
826 23 9
826 24 40
826 25 0
826 26 2
826 27 4
826 28 17
826 29 27
826 30 4
826 31 24
826 32 7
826 33 176
826 34 16
826 35 16
826 36 7
826 37 3
826 38 165
826 39 20
826 40 3
826 41 23
826 42 65
826 43 6
826 44 19
826 45 415
826 46 42
826 47 0
826 48 24
826 49 0
826 50 1
826 51 5
826 52 140
826 53 43
826 54 18
826 55 251
826 56 179
826 57 32
826 58 18
826 59 0
826 60 21
826 61 17
826 62 44
826 63 247
826 64 1
826 65 14
826 66 122
826 67 7
826 68 12
826 69 5
826 70 1
826 71 2
826 72 4
826 73 32
826 74 185
826 75 1
826 76 8
826 77 4
826 78 245
826 79 15
826 80 3
826 81 3
826 82 16
826 83 14
826 84 162
826 85 3
826 86 32
826 87 406
826 88 9
826 89 48
826 90 8
826 91 2
826 92 11
826 93 154
826 94 11
826 95 5
851 1 3
851 2 21
851 3 108
851 4 6
851 5 1
851 6 8
851 7 30
851 8 10
851 9 57
851 10 26
851 11 38
851 12 49
851 13 42
851 14 7
851 15 376
851 16 2
851 17 84
851 18 12
851 19 140
851 20 47
851 21 14
851 22 19
851 23 10
851 24 41
851 25 2
851 26 0
851 27 4
851 28 22
851 29 21
851 30 9
851 31 2
851 32 5
851 33 152
851 34 25
851 35 19
851 36 1
851 37 1
851 38 168
851 39 22
851 40 1
851 41 24
851 42 82
851 43 8
851 44 16
851 45 416
851 46 28
851 47 4
851 48 30
851 49 5
851 50 5
851 51 19
851 52 148
851 53 97
851 54 23
851 55 237
851 56 169
851 57 50
851 58 22
851 59 2
851 60 11
851 61 21
851 62 43
851 63 277
851 64 6
851 65 13
851 66 153
851 67 8
851 68 10
851 69 3
851 70 2
851 71 1
851 72 1
851 73 51
851 74 176
851 75 3
851 76 2
851 77 20
851 78 201
851 79 11
851 80 0
851 81 6
851 82 25
851 83 12
851 84 156
851 85 5
851 86 29
851 87 365
851 88 2
851 89 48
851 90 8
851 91 17
851 92 48
851 93 204
851 94 7
851 95 1
876 1 4
876 2 67
876 3 105
876 4 11
876 5 3
876 6 5
876 7 18
876 8 16
876 9 41
876 10 23
876 11 14
876 12 55
876 13 42
876 14 6
876 15 292
876 16 1
876 17 105
876 18 6
876 19 116
876 20 40
876 21 8
876 22 17
876 23 14
876 24 23
876 25 10
876 26 3
876 27 14
876 28 25
876 29 23
876 30 13
876 31 1
876 32 4
876 33 142
876 34 9
876 35 10
876 36 2
876 37 4
876 38 147
876 39 14
876 40 4
876 41 11
876 42 103
876 43 1
876 44 8
876 45 425
876 46 44
876 47 6
876 48 20
876 49 0
876 50 2
876 51 30
876 52 183
876 53 96
876 54 10
876 55 257
876 56 194
876 57 52
876 58 29
876 59 3
876 60 8
876 61 9
876 62 50
876 63 311
876 64 1
876 65 14
876 66 137
876 67 3
876 68 3
876 69 11
876 70 5
876 71 2
876 72 4
876 73 22
876 74 206
876 75 10
876 76 3
876 77 13
876 78 243
876 79 15
876 80 1
876 81 2
876 82 5
876 83 13
876 84 146
876 85 2
876 86 30
876 87 380
876 88 1
876 89 61
876 90 2
876 91 2
876 92 38
876 93 204
876 94 20
876 95 3
901 1 2
901 2 103
901 3 81
901 4 0
901 5 4
901 6 5
901 7 32
901 8 18
901 9 49
901 10 24
901 11 5
901 12 54
901 13 52
901 14 6
901 15 253
901 16 4
901 17 65
901 18 5
901 19 110
901 20 29
901 21 5
901 22 45
901 23 4
901 24 19
901 25 19
901 26 3
901 27 57
901 28 38
901 29 20
901 30 3
901 31 2
901 32 9
901 33 142
901 34 0
901 35 16
901 36 7
901 37 1
901 38 126
901 39 11
901 40 12
901 41 8
901 42 88
901 43 4
901 44 13
901 45 410
901 46 32
901 47 2
901 48 23
901 49 2
901 50 15
901 51 36
901 52 215
901 53 104
901 54 5
901 55 221
901 56 220
901 57 32
901 58 13
901 59 0
901 60 14
901 61 22
901 62 34
901 63 327
901 64 5
901 65 3
901 66 150
901 67 4
901 68 4
901 69 4
901 70 6
901 71 3
901 72 2
901 73 3
901 74 201
901 75 29
901 76 0
901 77 32
901 78 247
901 79 30
901 80 3
901 81 1
901 82 4
901 83 11
901 84 111
901 85 5
901 86 19
901 87 371
901 88 4
901 89 55
901 90 8
901 91 3
901 92 40
901 93 223
901 94 8
901 95 1
926 1 5
926 2 128
926 3 91
926 4 5
926 5 8
926 6 13
926 7 32
926 8 18
926 9 54
926 10 27
926 11 32
926 12 57
926 13 62
926 14 17
926 15 220
926 16 1
926 17 61
926 18 2
926 19 123
926 20 45
926 21 20
926 22 39
926 23 2
926 24 14
926 25 4
926 26 2
926 27 60
926 28 38
926 29 8
926 30 3
926 31 2
926 32 1
926 33 164
926 34 3
926 35 8
926 36 7
926 37 4
926 38 130
926 39 18
926 40 22
926 41 1
926 42 71
926 43 5
926 44 8
926 45 441
926 46 16
926 47 2
926 48 17
926 49 2
926 50 7
926 51 39
926 52 216
926 53 106
926 54 5
926 55 245
926 56 227
926 57 27
926 58 3
926 59 2
926 60 4
926 61 27
926 62 41
926 63 299
926 64 1
926 65 23
926 66 159
926 67 6
926 68 13
926 69 1
926 70 2
926 71 6
926 72 1
926 73 3
926 74 211
926 75 23
926 76 1
926 77 29
926 78 213
926 79 27
926 80 2
926 81 1
926 82 3
926 83 1
926 84 119
926 85 3
926 86 5
926 87 385
926 88 4
926 89 52
926 90 4
926 91 2
926 92 58
926 93 217
926 94 1
926 95 0
951 1 20
951 2 150
951 3 102
951 4 6
951 5 2
951 6 10
951 7 45
951 8 21
951 9 41
951 10 18
951 11 13
951 12 27
951 13 38
951 14 27
951 15 214
951 16 2
951 17 64
951 18 4
951 19 134
951 20 82
951 21 32
951 22 37
951 23 4
951 24 8
951 25 0
951 26 2
951 27 53
951 28 29
951 29 5
951 30 1
951 31 3
951 32 3
951 33 185
951 34 2
951 35 16
951 36 3
951 37 0
951 38 118
951 39 8
951 40 21
951 41 0
951 42 82
951 43 2
951 44 34
951 45 428
951 46 4
951 47 5
951 48 19
951 49 0
951 50 6
951 51 26
951 52 204
951 53 67
951 54 1
951 55 243
951 56 319
951 57 20
951 58 1
951 59 2
951 60 1
951 61 18
951 62 55
951 63 314
951 64 7
951 65 34
951 66 113
951 67 5
951 68 2
951 69 2
951 70 1
951 71 0
951 72 1
951 73 9
951 74 243
951 75 13
951 76 1
951 77 38
951 78 217
951 79 16
951 80 2
951 81 1
951 82 10
951 83 3
951 84 101
951 85 4
951 86 4
951 87 372
951 88 2
951 89 36
951 90 2
951 91 4
951 92 76
951 93 193
951 94 1
951 95 2
976 1 23
976 2 143
976 3 107
976 4 0
976 5 2
976 6 19
976 7 46
976 8 0
976 9 40
976 10 21
976 11 5
976 12 1
976 13 55
976 14 20
976 15 206
976 16 2
976 17 82
976 18 1
976 19 145
976 20 68
976 21 44
976 22 23
976 23 4
976 24 2
976 25 2
976 26 0
976 27 24
976 28 9
976 29 2
976 30 7
976 31 1
976 32 7
976 33 181
976 34 7
976 35 13
976 36 1
976 37 2
976 38 113
976 39 18
976 40 18
976 41 5
976 42 44
976 43 0
976 44 17
976 45 456
976 46 6
976 47 3
976 48 9
976 49 3
976 50 3
976 51 22
976 52 205
976 53 78
976 54 1
976 55 309
976 56 373
976 57 16
976 58 3
976 59 2
976 60 2
976 61 12
976 62 32
976 63 320
976 64 9
976 65 26
976 66 131
976 67 3
976 68 3
976 69 4
976 70 8
976 71 1
976 72 20
976 73 26
976 74 253
976 75 31
976 76 3
976 77 36
976 78 160
976 79 20
976 80 3
976 81 4
976 82 11
976 83 0
976 84 81
976 85 5
976 86 10
976 87 406
976 88 1
976 89 49
976 90 4
976 91 2
976 92 59
976 93 171
976 94 2
976 95 2
1001 1 7
1001 2 173
1001 3 97
1001 4 6
1001 5 3
1001 6 6
1001 7 39
1001 8 5
1001 9 58
1001 10 20
1001 11 3
1001 12 0
1001 13 45
1001 14 31
1001 15 192
1001 16 1
1001 17 93
1001 18 4
1001 19 138
1001 20 70
1001 21 24
1001 22 29
1001 23 4
1001 24 22
1001 25 2
1001 26 22
1001 27 38
1001 28 19
1001 29 6
1001 30 5
1001 31 2
1001 32 1
1001 33 199
1001 34 13
1001 35 3
1001 36 2
1001 37 0
1001 38 120
1001 39 22
1001 40 33
1001 41 3
1001 42 25
1001 43 1
1001 44 5
1001 45 510
1001 46 2
1001 47 0
1001 48 4
1001 49 9
1001 50 6
1001 51 9
1001 52 200
1001 53 101
1001 54 1
1001 55 294
1001 56 322
1001 57 22
1001 58 2
1001 59 0
1001 60 3
1001 61 14
1001 62 29
1001 63 357
1001 64 10
1001 65 28
1001 66 130
1001 67 2
1001 68 4
1001 69 4
1001 70 6
1001 71 6
1001 72 9
1001 73 8
1001 74 230
1001 75 8
1001 76 4
1001 77 34
1001 78 140
1001 79 5
1001 80 3
1001 81 6
1001 82 2
1001 83 1
1001 84 76
1001 85 0
1001 86 17
1001 87 408
1001 88 2
1001 89 57
1001 90 1
1001 91 5
1001 92 51
1001 93 153
1001 94 3
1001 95 20
1026 1 3
1026 2 158
1026 3 97
1026 4 2
1026 5 1
1026 6 3
1026 7 45
1026 8 4
1026 9 50
1026 10 18
1026 11 4
1026 12 16
1026 13 41
1026 14 22
1026 15 168
1026 16 5
1026 17 93
1026 18 4
1026 19 120
1026 20 92
1026 21 19
1026 22 19
1026 23 2
1026 24 31
1026 25 12
1026 26 33
1026 27 15
1026 28 22
1026 29 11
1026 30 36
1026 31 2
1026 32 4
1026 33 246
1026 34 21
1026 35 2
1026 36 0
1026 37 2
1026 38 131
1026 39 15
1026 40 5
1026 41 2
1026 42 29
1026 43 3
1026 44 38
1026 45 505
1026 46 3
1026 47 2
1026 48 13
1026 49 5
1026 50 4
1026 51 10
1026 52 203
1026 53 65
1026 54 3
1026 55 282
1026 56 375
1026 57 10
1026 58 3
1026 59 2
1026 60 1
1026 61 16
1026 62 14
1026 63 304
1026 64 2
1026 65 23
1026 66 134
1026 67 3
1026 68 4
1026 69 2
1026 70 3
1026 71 0
1026 72 4
1026 73 1
1026 74 237
1026 75 5
1026 76 0
1026 77 42
1026 78 149
1026 79 20
1026 80 4
1026 81 10
1026 82 2
1026 83 1
1026 84 79
1026 85 8
1026 86 5
1026 87 392
1026 88 9
1026 89 70
1026 90 4
1026 91 2
1026 92 35
1026 93 178
1026 94 2
1026 95 20
1051 1 6
1051 2 151
1051 3 87
1051 4 1
1051 5 0
1051 6 3
1051 7 45
1051 8 3
1051 9 75
1051 10 22
1051 11 2
1051 12 7
1051 13 20
1051 14 28
1051 15 163
1051 16 2
1051 17 104
1051 18 4
1051 19 110
1051 20 128
1051 21 23
1051 22 20
1051 23 8
1051 24 31
1051 25 10
1051 26 27
1051 27 9
1051 28 21
1051 29 3
1051 30 36
1051 31 3
1051 32 2
1051 33 211
1051 34 14
1051 35 9
1051 36 3
1051 37 4
1051 38 110
1051 39 17
1051 40 1
1051 41 8
1051 42 41
1051 43 6
1051 44 35
1051 45 426
1051 46 1
1051 47 16
1051 48 28
1051 49 2
1051 50 4
1051 51 13
1051 52 168
1051 53 70
1051 54 3
1051 55 288
1051 56 410
1051 57 23
1051 58 1
1051 59 6
1051 60 2
1051 61 3
1051 62 1
1051 63 337
1051 64 5
1051 65 24
1051 66 116
1051 67 4
1051 68 2
1051 69 5
1051 70 3
1051 71 5
1051 72 3
1051 73 8
1051 74 242
1051 75 4
1051 76 3
1051 77 60
1051 78 120
1051 79 29
1051 80 6
1051 81 2
1051 82 3
1051 83 1
1051 84 65
1051 85 6
1051 86 1
1051 87 398
1051 88 15
1051 89 73
1051 90 6
1051 91 2
1051 92 26
1051 93 164
1051 94 1
1051 95 22
1076 1 2
1076 2 136
1076 3 105
1076 4 4
1076 5 4
1076 6 5
1076 7 38
1076 8 0
1076 9 64
1076 10 22
1076 11 11
1076 12 0
1076 13 26
1076 14 30
1076 15 172
1076 16 7
1076 17 112
1076 18 0
1076 19 128
1076 20 128
1076 21 20
1076 22 28
1076 23 22
1076 24 24
1076 25 6
1076 26 18
1076 27 11
1076 28 17
1076 29 0
1076 30 25
1076 31 4
1076 32 0
1076 33 203
1076 34 2
1076 35 10
1076 36 20
1076 37 1
1076 38 87
1076 39 19
1076 40 8
1076 41 16
1076 42 57
1076 43 6
1076 44 54
1076 45 408
1076 46 8
1076 47 13
1076 48 27
1076 49 5
1076 50 8
1076 51 17
1076 52 154
1076 53 86
1076 54 4
1076 55 303
1076 56 366
1076 57 47
1076 58 2
1076 59 7
1076 60 1
1076 61 1
1076 62 3
1076 63 352
1076 64 7
1076 65 43
1076 66 142
1076 67 3
1076 68 14
1076 69 3
1076 70 2
1076 71 5
1076 72 0
1076 73 21
1076 74 222
1076 75 3
1076 76 22
1076 77 38
1076 78 133
1076 79 40
1076 80 0
1076 81 3
1076 82 9
1076 83 1
1076 84 75
1076 85 4
1076 86 0
1076 87 426
1076 88 20
1076 89 81
1076 90 5
1076 91 1
1076 92 34
1076 93 122
1076 94 2
1076 95 9
1101 1 1
1101 2 109
1101 3 119
1101 4 4
1101 5 1
1101 6 0
1101 7 60
1101 8 2
1101 9 63
1101 10 26
1101 11 4
1101 12 2
1101 13 18
1101 14 42
1101 15 174
1101 16 10
1101 17 104
1101 18 6
1101 19 165
1101 20 125
1101 21 22
1101 22 6
1101 23 24
1101 24 26
1101 25 2
1101 26 19
1101 27 48
1101 28 3
1101 29 0
1101 30 22
1101 31 3
1101 32 1
1101 33 162
1101 34 9
1101 35 11
1101 36 26
1101 37 1
1101 38 108
1101 39 18
1101 40 0
1101 41 30
1101 42 71
1101 43 4
1101 44 20
1101 45 409
1101 46 10
1101 47 18
1101 48 5
1101 49 4
1101 50 17
1101 51 3
1101 52 149
1101 53 65
1101 54 1
1101 55 273
1101 56 320
1101 57 38
1101 58 0
1101 59 4
1101 60 19
1101 61 4
1101 62 3
1101 63 391
1101 64 2
1101 65 36
1101 66 109
1101 67 6
1101 68 14
1101 69 5
1101 70 3
1101 71 2
1101 72 1
1101 73 45
1101 74 240
1101 75 8
1101 76 23
1101 77 35
1101 78 153
1101 79 17
1101 80 3
1101 81 4
1101 82 36
1101 83 3
1101 84 93
1101 85 1
1101 86 16
1101 87 405
1101 88 27
1101 89 73
1101 90 2
1101 91 4
1101 92 34
1101 93 100
1101 94 3
1101 95 2
1126 1 1
1126 2 118
1126 3 114
1126 4 3
1126 5 3
1126 6 5
1126 7 45
1126 8 2
1126 9 53
1126 10 26
1126 11 3
1126 12 15
1126 13 23
1126 14 31
1126 15 235
1126 16 19
1126 17 82
1126 18 1
1126 19 140
1126 20 113
1126 21 3
1126 22 1
1126 23 13
1126 24 2
1126 25 4
1126 26 18
1126 27 52
1126 28 2
1126 29 5
1126 30 11
1126 31 9
1126 32 2
1126 33 176
1126 34 17
1126 35 13
1126 36 24
1126 37 8
1126 38 115
1126 39 21
1126 40 3
1126 41 45
1126 42 53
1126 43 7
1126 44 3
1126 45 394
1126 46 10
1126 47 9
1126 48 11
1126 49 1
1126 50 11
1126 51 10
1126 52 147
1126 53 77
1126 54 6
1126 55 254
1126 56 323
1126 57 3
1126 58 5
1126 59 22
1126 60 26
1126 61 3
1126 62 1
1126 63 390
1126 64 12
1126 65 58
1126 66 95
1126 67 4
1126 68 8
1126 69 4
1126 70 17
1126 71 2
1126 72 8
1126 73 56
1126 74 218
1126 75 9
1126 76 9
1126 77 54
1126 78 123
1126 79 14
1126 80 0
1126 81 14
1126 82 50
1126 83 3
1126 84 124
1126 85 4
1126 86 55
1126 87 312
1126 88 32
1126 89 122
1126 90 1
1126 91 4
1126 92 39
1126 93 88
1126 94 7
1126 95 2
1151 1 0
1151 2 133
1151 3 109
1151 4 2
1151 5 0
1151 6 25
1151 7 17
1151 8 1
1151 9 58
1151 10 8
1151 11 4
1151 12 4
1151 13 27
1151 14 39
1151 15 266
1151 16 7
1151 17 98
1151 18 6
1151 19 155
1151 20 136
1151 21 2
1151 22 3
1151 23 22
1151 24 4
1151 25 6
1151 26 6
1151 27 64
1151 28 4
1151 29 2
1151 30 12
1151 31 3
1151 32 9
1151 33 160
1151 34 20
1151 35 19
1151 36 11
1151 37 11
1151 38 135
1151 39 22
1151 40 0
1151 41 43
1151 42 30
1151 43 2
1151 44 0
1151 45 354
1151 46 2
1151 47 21
1151 48 8
1151 49 4
1151 50 1
1151 51 16
1151 52 183
1151 53 96
1151 54 8
1151 55 211
1151 56 325
1151 57 20
1151 58 20
1151 59 9
1151 60 10
1151 61 3
1151 62 2
1151 63 448
1151 64 15
1151 65 31
1151 66 84
1151 67 3
1151 68 1
1151 69 2
1151 70 16
1151 71 6
1151 72 22
1151 73 27
1151 74 194
1151 75 2
1151 76 1
1151 77 39
1151 78 118
1151 79 21
1151 80 13
1151 81 22
1151 82 27
1151 83 3
1151 84 139
1151 85 17
1151 86 63
1151 87 337
1151 88 49
1151 89 135
1151 90 2
1151 91 0
1151 92 31
1151 93 71
1151 94 4
1151 95 1
1176 1 0
1176 2 158
1176 3 105
1176 4 2
1176 5 6
1176 6 18
1176 7 30
1176 8 28
1176 9 60
1176 10 20
1176 11 2
1176 12 10
1176 13 21
1176 14 41
1176 15 236
1176 16 20
1176 17 84
1176 18 2
1176 19 147
1176 20 106
1176 21 3
1176 22 11
1176 23 18
1176 24 1
1176 25 6
1176 26 2
1176 27 54
1176 28 10
1176 29 4
1176 30 15
1176 31 2
1176 32 5
1176 33 157
1176 34 8
1176 35 6
1176 36 14
1176 37 1
1176 38 97
1176 39 14
1176 40 4
1176 41 45
1176 42 33
1176 43 4
1176 44 2
1176 45 300
1176 46 5
1176 47 32
1176 48 1
1176 49 22
1176 50 0
1176 51 6
1176 52 149
1176 53 74
1176 54 2
1176 55 234
1176 56 298
1176 57 16
1176 58 27
1176 59 15
1176 60 1
1176 61 2
1176 62 29
1176 63 461
1176 64 4
1176 65 26
1176 66 87
1176 67 3
1176 68 1
1176 69 16
1176 70 10
1176 71 1
1176 72 14
1176 73 8
1176 74 234
1176 75 7
1176 76 2
1176 77 43
1176 78 128
1176 79 20
1176 80 13
1176 81 5
1176 82 6
1176 83 5
1176 84 203
1176 85 12
1176 86 51
1176 87 339
1176 88 48
1176 89 149
1176 90 7
1176 91 1
1176 92 38
1176 93 80
1176 94 3
1176 95 9
1201 1 0
1201 2 109
1201 3 110
1201 4 4
1201 5 1
1201 6 20
1201 7 42
1201 8 12
1201 9 66
1201 10 43
1201 11 1
1201 12 15
1201 13 19
1201 14 39
1201 15 217
1201 16 4
1201 17 48
1201 18 3
1201 19 132
1201 20 95
1201 21 13
1201 22 10
1201 23 22
1201 24 24
1201 25 1
1201 26 0
1201 27 36
1201 28 11
1201 29 6
1201 30 33
1201 31 16
1201 32 1
1201 33 228
1201 34 0
1201 35 4
1201 36 0
1201 37 1
1201 38 123
1201 39 2
1201 40 4
1201 41 48
1201 42 33
1201 43 5
1201 44 0
1201 45 320
1201 46 2
1201 47 12
1201 48 1
1201 49 14
1201 50 2
1201 51 11
1201 52 147
1201 53 110
1201 54 28
1201 55 280
1201 56 295
1201 57 15
1201 58 8
1201 59 8
1201 60 1
1201 61 3
1201 62 15
1201 63 530
1201 64 1
1201 65 15
1201 66 78
1201 67 16
1201 68 2
1201 69 20
1201 70 1
1201 71 6
1201 72 4
1201 73 8
1201 74 226
1201 75 5
1201 76 3
1201 77 40
1201 78 108
1201 79 28
1201 80 12
1201 81 6
1201 82 5
1201 83 2
1201 84 130
1201 85 9
1201 86 30
1201 87 356
1201 88 28
1201 89 142
1201 90 6
1201 91 0
1201 92 74
1201 93 90
1201 94 2
1201 95 2
1226 1 5
1226 2 97
1226 3 126
1226 4 3
1226 5 8
1226 6 9
1226 7 24
1226 8 10
1226 9 70
1226 10 50
1226 11 3
1226 12 26
1226 13 27
1226 14 54
1226 15 231
1226 16 22
1226 17 19
1226 18 7
1226 19 173
1226 20 62
1226 21 21
1226 22 9
1226 23 1
1226 24 18
1226 25 4
1226 26 1
1226 27 47
1226 28 5
1226 29 2
1226 30 44
1226 31 17
1226 32 0
1226 33 297
1226 34 1
1226 35 0
1226 36 2
1226 37 1
1226 38 103
1226 39 11
1226 40 1
1226 41 66
1226 42 29
1226 43 4
1226 44 1
1226 45 307
1226 46 2
1226 47 14
1226 48 0
1226 49 22
1226 50 0
1226 51 13
1226 52 146
1226 53 120
1226 54 23
1226 55 271
1226 56 308
1226 57 3
1226 58 17
1226 59 4
1226 60 5
1226 61 2
1226 62 11
1226 63 492
1226 64 1
1226 65 8
1226 66 83
1226 67 4
1226 68 3
1226 69 0
1226 70 2
1226 71 2
1226 72 3
1226 73 20
1226 74 231
1226 75 1
1226 76 1
1226 77 50
1226 78 121
1226 79 42
1226 80 14
1226 81 2
1226 82 4
1226 83 22
1226 84 156
1226 85 8
1226 86 33
1226 87 354
1226 88 13
1226 89 95
1226 90 0
1226 91 6
1226 92 73
1226 93 67
1226 94 2
1226 95 1
1251 1 4
1251 2 91
1251 3 99
1251 4 8
1251 5 2
1251 6 0
1251 7 30
1251 8 1
1251 9 95
1251 10 71
1251 11 0
1251 12 8
1251 13 36
1251 14 46
1251 15 221
1251 16 27
1251 17 12
1251 18 1
1251 19 165
1251 20 55
1251 21 0
1251 22 10
1251 23 2
1251 24 23
1251 25 1
1251 26 4
1251 27 41
1251 28 2
1251 29 3
1251 30 50
1251 31 3
1251 32 2
1251 33 261
1251 34 9
1251 35 0
1251 36 33
1251 37 10
1251 38 93
1251 39 6
1251 40 4
1251 41 69
1251 42 32
1251 43 0
1251 44 6
1251 45 363
1251 46 1
1251 47 4
1251 48 5
1251 49 14
1251 50 4
1251 51 15
1251 52 142
1251 53 194
1251 54 21
1251 55 230
1251 56 306
1251 57 2
1251 58 48
1251 59 1
1251 60 0
1251 61 0
1251 62 13
1251 63 514
1251 64 12
1251 65 42
1251 66 64
1251 67 2
1251 68 14
1251 69 1
1251 70 3
1251 71 3
1251 72 1
1251 73 34
1251 74 227
1251 75 2
1251 76 7
1251 77 58
1251 78 118
1251 79 51
1251 80 16
1251 81 5
1251 82 7
1251 83 22
1251 84 144
1251 85 14
1251 86 35
1251 87 360
1251 88 5
1251 89 67
1251 90 2
1251 91 8
1251 92 63
1251 93 71
1251 94 1
1251 95 6
1276 1 8
1276 2 84
1276 3 97
1276 4 3
1276 5 3
1276 6 2
1276 7 23
1276 8 2
1276 9 93
1276 10 79
1276 11 5
1276 12 10
1276 13 43
1276 14 68
1276 15 241
1276 16 22
1276 17 29
1276 18 3
1276 19 162
1276 20 68
1276 21 0
1276 22 3
1276 23 6
1276 24 42
1276 25 3
1276 26 3
1276 27 21
1276 28 13
1276 29 0
1276 30 29
1276 31 1
1276 32 1
1276 33 248
1276 34 0
1276 35 3
1276 36 36
1276 37 6
1276 38 83
1276 39 5
1276 40 0
1276 41 96
1276 42 32
1276 43 3
1276 44 13
1276 45 323
1276 46 2
1276 47 2
1276 48 5
1276 49 14
1276 50 4
1276 51 2
1276 52 173
1276 53 118
1276 54 8
1276 55 234
1276 56 288
1276 57 10
1276 58 41
1276 59 2
1276 60 12
1276 61 1
1276 62 12
1276 63 480
1276 64 3
1276 65 38
1276 66 88
1276 67 3
1276 68 9
1276 69 3
1276 70 0
1276 71 0
1276 72 2
1276 73 34
1276 74 232
1276 75 8
1276 76 6
1276 77 35
1276 78 84
1276 79 62
1276 80 16
1276 81 1
1276 82 8
1276 83 26
1276 84 127
1276 85 15
1276 86 38
1276 87 430
1276 88 1
1276 89 59
1276 90 8
1276 91 2
1276 92 49
1276 93 70
1276 94 3
1276 95 0
1301 1 9
1301 2 78
1301 3 98
1301 4 3
1301 5 2
1301 6 2
1301 7 29
1301 8 5
1301 9 86
1301 10 65
1301 11 5
1301 12 12
1301 13 54
1301 14 20
1301 15 276
1301 16 21
1301 17 23
1301 18 5
1301 19 147
1301 20 105
1301 21 4
1301 22 3
1301 23 11
1301 24 43
1301 25 0
1301 26 5
1301 27 26
1301 28 14
1301 29 0
1301 30 29
1301 31 6
1301 32 2
1301 33 279
1301 34 3
1301 35 2
1301 36 25
1301 37 4
1301 38 71
1301 39 12
1301 40 10
1301 41 101
1301 42 22
1301 43 2
1301 44 18
1301 45 368
1301 46 5
1301 47 0
1301 48 8
1301 49 15
1301 50 20
1301 51 3
1301 52 149
1301 53 105
1301 54 9
1301 55 225
1301 56 310
1301 57 6
1301 58 48
1301 59 2
1301 60 15
1301 61 0
1301 62 17
1301 63 498
1301 64 16
1301 65 28
1301 66 114
1301 67 3
1301 68 22
1301 69 3
1301 70 1
1301 71 16
1301 72 6
1301 73 17
1301 74 192
1301 75 6
1301 76 6
1301 77 50
1301 78 67
1301 79 58
1301 80 14
1301 81 1
1301 82 32
1301 83 6
1301 84 101
1301 85 10
1301 86 25
1301 87 400
1301 88 2
1301 89 56
1301 90 25
1301 91 2
1301 92 24
1301 93 67
1301 94 6
1301 95 3
1326 1 4
1326 2 100
1326 3 95
1326 4 3
1326 5 3
1326 6 6
1326 7 25
1326 8 4
1326 9 62
1326 10 44
1326 11 2
1326 12 1
1326 13 48
1326 14 41
1326 15 267
1326 16 39
1326 17 63
1326 18 0
1326 19 154
1326 20 86
1326 21 5
1326 22 1
1326 23 36
1326 24 36
1326 25 4
1326 26 1
1326 27 49
1326 28 6
1326 29 5
1326 30 22
1326 31 4
1326 32 11
1326 33 231
1326 34 14
1326 35 3
1326 36 16
1326 37 1
1326 38 132
1326 39 0
1326 40 17
1326 41 101
1326 42 39
1326 43 3
1326 44 1
1326 45 372
1326 46 4
1326 47 2
1326 48 10
1326 49 3
1326 50 3
1326 51 3
1326 52 142
1326 53 119
1326 54 11
1326 55 219
1326 56 296
1326 57 9
1326 58 36
1326 59 4
1326 60 18
1326 61 6
1326 62 20
1326 63 495
1326 64 12
1326 65 39
1326 66 117
1326 67 2
1326 68 7
1326 69 24
1326 70 3
1326 71 20
1326 72 3
1326 73 11
1326 74 113
1326 75 9
1326 76 2
1326 77 36
1326 78 91
1326 79 67
1326 80 7
1326 81 14
1326 82 57
1326 83 1
1326 84 103
1326 85 16
1326 86 31
1326 87 400
1326 88 6
1326 89 62
1326 90 5
1326 91 2
1326 92 25
1326 93 74
1326 94 4
1326 95 3
1351 1 12
1351 2 101
1351 3 109
1351 4 2
1351 5 1
1351 6 0
1351 7 29
1351 8 3
1351 9 102
1351 10 24
1351 11 6
1351 12 2
1351 13 39
1351 14 50
1351 15 278
1351 16 23
1351 17 80
1351 18 0
1351 19 181
1351 20 65
1351 21 9
1351 22 3
1351 23 26
1351 24 43
1351 25 1
1351 26 0
1351 27 58
1351 28 2
1351 29 1
1351 30 12
1351 31 3
1351 32 12
1351 33 253
1351 34 17
1351 35 19
1351 36 22
1351 37 1
1351 38 152
1351 39 0
1351 40 4
1351 41 108
1351 42 27
1351 43 0
1351 44 3
1351 45 336
1351 46 2
1351 47 3
1351 48 13
1351 49 6
1351 50 7
1351 51 6
1351 52 166
1351 53 50
1351 54 1
1351 55 215
1351 56 270
1351 57 2
1351 58 31
1351 59 2
1351 60 10
1351 61 0
1351 62 20
1351 63 511
1351 64 12
1351 65 10
1351 66 78
1351 67 4
1351 68 11
1351 69 26
1351 70 2
1351 71 10
1351 72 2
1351 73 14
1351 74 101
1351 75 6
1351 76 1
1351 77 41
1351 78 85
1351 79 58
1351 80 2
1351 81 12
1351 82 87
1351 83 0
1351 84 107
1351 85 23
1351 86 28
1351 87 410
1351 88 1
1351 89 88
1351 90 6
1351 91 6
1351 92 69
1351 93 89
1351 94 3
1351 95 6
1376 1 4
1376 2 104
1376 3 123
1376 4 2
1376 5 1
1376 6 5
1376 7 26
1376 8 9
1376 9 94
1376 10 26
1376 11 2
1376 12 1
1376 13 48
1376 14 41
1376 15 302
1376 16 14
1376 17 61
1376 18 3
1376 19 185
1376 20 25
1376 21 0
1376 22 0
1376 23 42
1376 24 41
1376 25 1
1376 26 2
1376 27 58
1376 28 12
1376 29 5
1376 30 6
1376 31 1
1376 32 17
1376 33 223
1376 34 17
1376 35 12
1376 36 18
1376 37 11
1376 38 100
1376 39 7
1376 40 4
1376 41 92
1376 42 23
1376 43 2
1376 44 3
1376 45 332
1376 46 2
1376 47 3
1376 48 40
1376 49 9
1376 50 5
1376 51 2
1376 52 164
1376 53 60
1376 54 4
1376 55 207
1376 56 261
1376 57 3
1376 58 24
1376 59 3
1376 60 10
1376 61 0
1376 62 23
1376 63 516
1376 64 12
1376 65 11
1376 66 84
1376 67 2
1376 68 3
1376 69 27
1376 70 7
1376 71 11
1376 72 4
1376 73 11
1376 74 110
1376 75 2
1376 76 2
1376 77 42
1376 78 95
1376 79 80
1376 80 3
1376 81 14
1376 82 147
1376 83 5
1376 84 122
1376 85 18
1376 86 16
1376 87 397
1376 88 8
1376 89 97
1376 90 11
1376 91 2
1376 92 50
1376 93 95
1376 94 4
1376 95 8
1401 1 1
1401 2 113
1401 3 131
1401 4 2
1401 5 1
1401 6 17
1401 7 34
1401 8 1
1401 9 103
1401 10 8
1401 11 12
1401 12 0
1401 13 49
1401 14 42
1401 15 308
1401 16 15
1401 17 65
1401 18 3
1401 19 188
1401 20 56
1401 21 1
1401 22 3
1401 23 37
1401 24 35
1401 25 2
1401 26 1
1401 27 56
1401 28 14
1401 29 1
1401 30 5
1401 31 1
1401 32 32
1401 33 217
1401 34 12
1401 35 12
1401 36 23
1401 37 21
1401 38 106
1401 39 3
1401 40 1
1401 41 71
1401 42 26
1401 43 19
1401 44 38
1401 45 350
1401 46 3
1401 47 2
1401 48 8
1401 49 3
1401 50 2
1401 51 8
1401 52 117
1401 53 56
1401 54 3
1401 55 195
1401 56 251
1401 57 5
1401 58 20
1401 59 4
1401 60 2
1401 61 4
1401 62 20
1401 63 520
1401 64 0
1401 65 4
1401 66 74
1401 67 5
1401 68 10
1401 69 9
1401 70 0
1401 71 1
1401 72 6
1401 73 5
1401 74 92
1401 75 2
1401 76 6
1401 77 16
1401 78 79
1401 79 84
1401 80 4
1401 81 23
1401 82 119
1401 83 3
1401 84 123
1401 85 30
1401 86 34
1401 87 418
1401 88 8
1401 89 112
1401 90 19
1401 91 3
1401 92 77
1401 93 106
1401 94 2
1401 95 1
1426 1 2
1426 2 72
1426 3 119
1426 4 3
1426 5 4
1426 6 16
1426 7 26
1426 8 2
1426 9 107
1426 10 1
1426 11 19
1426 12 7
1426 13 38
1426 14 39
1426 15 283
1426 16 7
1426 17 83
1426 18 7
1426 19 160
1426 20 35
1426 21 0
1426 22 2
1426 23 44
1426 24 39
1426 25 0
1426 26 3
1426 27 56
1426 28 16
1426 29 3
1426 30 3
1426 31 2
1426 32 11
1426 33 206
1426 34 1
1426 35 14
1426 36 22
1426 37 19
1426 38 103
1426 39 3
1426 40 1
1426 41 47
1426 42 23
1426 43 11
1426 44 51
1426 45 426
1426 46 11
1426 47 13
1426 48 16
1426 49 5
1426 50 3
1426 51 5
1426 52 66
1426 53 65
1426 54 9
1426 55 191
1426 56 294
1426 57 4
1426 58 25
1426 59 7
1426 60 4
1426 61 3
1426 62 23
1426 63 545
1426 64 2
1426 65 13
1426 66 77
1426 67 7
1426 68 33
1426 69 1
1426 70 3
1426 71 1
1426 72 2
1426 73 6
1426 74 150
1426 75 11
1426 76 6
1426 77 21
1426 78 97
1426 79 78
1426 80 6
1426 81 10
1426 82 85
1426 83 0
1426 84 92
1426 85 29
1426 86 13
1426 87 395
1426 88 6
1426 89 98
1426 90 35
1426 91 5
1426 92 75
1426 93 107
1426 94 5
1426 95 3
1451 1 6
1451 2 83
1451 3 120
1451 4 3
1451 5 1
1451 6 11
1451 7 27
1451 8 6
1451 9 112
1451 10 3
1451 11 14
1451 12 1
1451 13 39
1451 14 51
1451 15 252
1451 16 9
1451 17 74
1451 18 5
1451 19 151
1451 20 33
1451 21 7
1451 22 0
1451 23 26
1451 24 39
1451 25 1
1451 26 4
1451 27 64
1451 28 0
1451 29 10
1451 30 4
1451 31 6
1451 32 19
1451 33 209
1451 34 21
1451 35 10
1451 36 16
1451 37 8
1451 38 95
1451 39 16
1451 40 6
1451 41 35
1451 42 18
1451 43 6
1451 44 38
1451 45 408
1451 46 1
1451 47 12
1451 48 28
1451 49 6
1451 50 4
1451 51 7
1451 52 60
1451 53 117
1451 54 28
1451 55 170
1451 56 351
1451 57 7
1451 58 15
1451 59 18
1451 60 6
1451 61 1
1451 62 14
1451 63 503
1451 64 1
1451 65 17
1451 66 68
1451 67 3
1451 68 10
1451 69 3
1451 70 1
1451 71 1
1451 72 6
1451 73 7
1451 74 171
1451 75 34
1451 76 0
1451 77 7
1451 78 143
1451 79 82
1451 80 1
1451 81 6
1451 82 84
1451 83 3
1451 84 88
1451 85 22
1451 86 4
1451 87 404
1451 88 12
1451 89 132
1451 90 32
1451 91 2
1451 92 73
1451 93 85
1451 94 5
1451 95 1
1476 1 10
1476 2 87
1476 3 135
1476 4 2
1476 5 2
1476 6 0
1476 7 55
1476 8 9
1476 9 100
1476 10 1
1476 11 24
1476 12 6
1476 13 35
1476 14 46
1476 15 267
1476 16 3
1476 17 64
1476 18 2
1476 19 194
1476 20 34
1476 21 4
1476 22 10
1476 23 16
1476 24 63
1476 25 2
1476 26 5
1476 27 55
1476 28 3
1476 29 9
1476 30 8
1476 31 3
1476 32 14
1476 33 234
1476 34 10
1476 35 3
1476 36 16
1476 37 3
1476 38 107
1476 39 15
1476 40 1
1476 41 41
1476 42 30
1476 43 0
1476 44 26
1476 45 379
1476 46 1
1476 47 10
1476 48 33
1476 49 3
1476 50 4
1476 51 3
1476 52 47
1476 53 100
1476 54 19
1476 55 202
1476 56 321
1476 57 1
1476 58 23
1476 59 22
1476 60 0
1476 61 4
1476 62 5
1476 63 460
1476 64 0
1476 65 27
1476 66 82
1476 67 2
1476 68 1
1476 69 5
1476 70 3
1476 71 6
1476 72 3
1476 73 13
1476 74 185
1476 75 7
1476 76 1
1476 77 9
1476 78 146
1476 79 57
1476 80 5
1476 81 2
1476 82 72
1476 83 3
1476 84 56
1476 85 17
1476 86 0
1476 87 378
1476 88 35
1476 89 171
1476 90 38
1476 91 3
1476 92 65
1476 93 93
1476 94 16
1476 95 3
1501 1 13
1501 2 70
1501 3 153
1501 4 1
1501 5 5
1501 6 0
1501 7 82
1501 8 2
1501 9 71
1501 10 15
1501 11 25
1501 12 4
1501 13 28
1501 14 49
1501 15 283
1501 16 0
1501 17 59
1501 18 1
1501 19 165
1501 20 45
1501 21 6
1501 22 15
1501 23 17
1501 24 57
1501 25 19
1501 26 5
1501 27 32
1501 28 1
1501 29 27
1501 30 1
1501 31 8
1501 32 24
1501 33 201
1501 34 1
1501 35 3
1501 36 1
1501 37 0
1501 38 114
1501 39 4
1501 40 6
1501 41 85
1501 42 20
1501 43 0
1501 44 5
1501 45 339
1501 46 3
1501 47 1
1501 48 8
1501 49 9
1501 50 0
1501 51 5
1501 52 62
1501 53 75
1501 54 23
1501 55 239
1501 56 302
1501 57 4
1501 58 31
1501 59 12
1501 60 2
1501 61 9
1501 62 7
1501 63 505
1501 64 0
1501 65 39
1501 66 64
1501 67 2
1501 68 0
1501 69 3
1501 70 1
1501 71 16
1501 72 5
1501 73 7
1501 74 129
1501 75 5
1501 76 4
1501 77 11
1501 78 140
1501 79 62
1501 80 1
1501 81 1
1501 82 92
1501 83 24
1501 84 59
1501 85 11
1501 86 2
1501 87 405
1501 88 38
1501 89 171
1501 90 34
1501 91 4
1501 92 92
1501 93 98
1501 94 10
1501 95 3
1526 1 44
1526 2 51
1526 3 148
1526 4 1
1526 5 2
1526 6 2
1526 7 77
1526 8 3
1526 9 81
1526 10 8
1526 11 19
1526 12 0
1526 13 28
1526 14 25
1526 15 314
1526 16 6
1526 17 69
1526 18 0
1526 19 201
1526 20 30
1526 21 0
1526 22 5
1526 23 21
1526 24 59
1526 25 16
1526 26 2
1526 27 18
1526 28 1
1526 29 19
1526 30 5
1526 31 5
1526 32 38
1526 33 190
1526 34 1
1526 35 10
1526 36 2
1526 37 4
1526 38 80
1526 39 0
1526 40 4
1526 41 95
1526 42 35
1526 43 4
1526 44 3
1526 45 343
1526 46 3
1526 47 5
1526 48 39
1526 49 1
1526 50 1
1526 51 5
1526 52 94
1526 53 75
1526 54 37
1526 55 255
1526 56 302
1526 57 3
1526 58 32
1526 59 18
1526 60 2
1526 61 17
1526 62 1
1526 63 477
1526 64 3
1526 65 48
1526 66 96
1526 67 17
1526 68 1
1526 69 2
1526 70 7
1526 71 15
1526 72 3
1526 73 17
1526 74 165
1526 75 2
1526 76 2
1526 77 3
1526 78 119
1526 79 88
1526 80 1
1526 81 3
1526 82 87
1526 83 31
1526 84 57
1526 85 0
1526 86 22
1526 87 327
1526 88 33
1526 89 123
1526 90 9
1526 91 1
1526 92 47
1526 93 134
1526 94 2
1526 95 3
1551 1 46
1551 2 54
1551 3 160
1551 4 1
1551 5 6
1551 6 2
1551 7 90
1551 8 3
1551 9 69
1551 10 2
1551 11 7
1551 12 2
1551 13 25
1551 14 18
1551 15 308
1551 16 1
1551 17 53
1551 18 1
1551 19 215
1551 20 27
1551 21 21
1551 22 12
1551 23 21
1551 24 53
1551 25 12
1551 26 2
1551 27 24
1551 28 2
1551 29 9
1551 30 7
1551 31 3
1551 32 44
1551 33 163
1551 34 1
1551 35 9
1551 36 0
1551 37 6
1551 38 103
1551 39 8
1551 40 3
1551 41 90
1551 42 40
1551 43 5
1551 44 5
1551 45 362
1551 46 7
1551 47 4
1551 48 38
1551 49 1
1551 50 3
1551 51 2
1551 52 131
1551 53 96
1551 54 46
1551 55 217
1551 56 306
1551 57 3
1551 58 68
1551 59 14
1551 60 4
1551 61 14
1551 62 3
1551 63 455
1551 64 4
1551 65 54
1551 66 108
1551 67 8
1551 68 3
1551 69 0
1551 70 2
1551 71 6
1551 72 2
1551 73 39
1551 74 157
1551 75 4
1551 76 4
1551 77 3
1551 78 113
1551 79 87
1551 80 0
1551 81 1
1551 82 103
1551 83 21
1551 84 47
1551 85 1
1551 86 19
1551 87 337
1551 88 25
1551 89 87
1551 90 9
1551 91 4
1551 92 12
1551 93 140
1551 94 0
1551 95 5
1576 1 36
1576 2 69
1576 3 167
1576 4 0
1576 5 22
1576 6 7
1576 7 78
1576 8 6
1576 9 70
1576 10 4
1576 11 1
1576 12 1
1576 13 22
1576 14 1
1576 15 352
1576 16 2
1576 17 50
1576 18 2
1576 19 189
1576 20 40
1576 21 15
1576 22 5
1576 23 21
1576 24 47
1576 25 6
1576 26 1
1576 27 18
1576 28 3
1576 29 7
1576 30 2
1576 31 4
1576 32 39
1576 33 115
1576 34 5
1576 35 6
1576 36 12
1576 37 7
1576 38 111
1576 39 6
1576 40 0
1576 41 59
1576 42 23
1576 43 23
1576 44 5
1576 45 391
1576 46 10
1576 47 1
1576 48 38
1576 49 0
1576 50 3
1576 51 1
1576 52 133
1576 53 85
1576 54 51
1576 55 230
1576 56 309
1576 57 5
1576 58 39
1576 59 27
1576 60 44
1576 61 26
1576 62 1
1576 63 438
1576 64 4
1576 65 65
1576 66 114
1576 67 1
1576 68 4
1576 69 5
1576 70 4
1576 71 3
1576 72 2
1576 73 30
1576 74 165
1576 75 14
1576 76 6
1576 77 5
1576 78 152
1576 79 79
1576 80 2
1576 81 0
1576 82 111
1576 83 26
1576 84 78
1576 85 1
1576 86 16
1576 87 304
1576 88 26
1576 89 59
1576 90 8
1576 91 2
1576 92 20
1576 93 138
1576 94 1
1576 95 0
1601 1 38
1601 2 80
1601 3 136
1601 4 2
1601 5 23
1601 6 21
1601 7 80
1601 8 4
1601 9 49
1601 10 7
1601 11 5
1601 12 3
1601 13 24
1601 14 4
1601 15 406
1601 16 2
1601 17 43
1601 18 5
1601 19 187
1601 20 68
1601 21 2
1601 22 7
1601 23 25
1601 24 53
1601 25 3
1601 26 0
1601 27 23
1601 28 1
1601 29 3
1601 30 1
1601 31 1
1601 32 14
1601 33 128
1601 34 3
1601 35 7
1601 36 52
1601 37 6
1601 38 135
1601 39 7
1601 40 0
1601 41 54
1601 42 35
1601 43 25
1601 44 6
1601 45 378
1601 46 15
1601 47 19
1601 48 9
1601 49 2
1601 50 1
1601 51 3
1601 52 148
1601 53 74
1601 54 38
1601 55 255
1601 56 266
1601 57 18
1601 58 41
1601 59 29
1601 60 30
1601 61 14
1601 62 3
1601 63 391
1601 64 14
1601 65 55
1601 66 114
1601 67 0
1601 68 3
1601 69 3
1601 70 5
1601 71 9
1601 72 1
1601 73 36
1601 74 112
1601 75 18
1601 76 8
1601 77 3
1601 78 124
1601 79 89
1601 80 2
1601 81 0
1601 82 113
1601 83 24
1601 84 74
1601 85 2
1601 86 26
1601 87 295
1601 88 7
1601 89 62
1601 90 9
1601 91 2
1601 92 19
1601 93 128
1601 94 0
1601 95 1
1626 1 32
1626 2 90
1626 3 161
1626 4 4
1626 5 26
1626 6 13
1626 7 64
1626 8 0
1626 9 39
1626 10 2
1626 11 3
1626 12 3
1626 13 26
1626 14 2
1626 15 375
1626 16 4
1626 17 37
1626 18 3
1626 19 213
1626 20 40
1626 21 20
1626 22 17
1626 23 7
1626 24 38
1626 25 4
1626 26 6
1626 27 7
1626 28 1
1626 29 10
1626 30 2
1626 31 5
1626 32 35
1626 33 125
1626 34 6
1626 35 4
1626 36 51
1626 37 13
1626 38 174
1626 39 4
1626 40 2
1626 41 83
1626 42 27
1626 43 20
1626 44 4
1626 45 356
1626 46 44
1626 47 11
1626 48 2
1626 49 4
1626 50 2
1626 51 1
1626 52 176
1626 53 166
1626 54 23
1626 55 244
1626 56 306
1626 57 19
1626 58 32
1626 59 26
1626 60 22
1626 61 12
1626 62 3
1626 63 405
1626 64 20
1626 65 62
1626 66 77
1626 67 3
1626 68 4
1626 69 1
1626 70 1
1626 71 3
1626 72 5
1626 73 32
1626 74 99
1626 75 5
1626 76 2
1626 77 2
1626 78 120
1626 79 99
1626 80 1
1626 81 1
1626 82 120
1626 83 27
1626 84 74
1626 85 2
1626 86 28
1626 87 276
1626 88 17
1626 89 38
1626 90 5
1626 91 2
1626 92 16
1626 93 95
1626 94 0
1626 95 1
1651 1 26
1651 2 89
1651 3 149
1651 4 1
1651 5 18
1651 6 20
1651 7 61
1651 8 5
1651 9 54
1651 10 1
1651 11 10
1651 12 4
1651 13 24
1651 14 2
1651 15 300
1651 16 4
1651 17 52
1651 18 1
1651 19 236
1651 20 14
1651 21 12
1651 22 11
1651 23 19
1651 24 40
1651 25 1
1651 26 4
1651 27 12
1651 28 1
1651 29 4
1651 30 2
1651 31 3
1651 32 13
1651 33 137
1651 34 2
1651 35 6
1651 36 64
1651 37 9
1651 38 166
1651 39 13
1651 40 1
1651 41 81
1651 42 23
1651 43 27
1651 44 6
1651 45 400
1651 46 56
1651 47 3
1651 48 1
1651 49 2
1651 50 1
1651 51 3
1651 52 182
1651 53 194
1651 54 27
1651 55 230
1651 56 323
1651 57 21
1651 58 40
1651 59 29
1651 60 13
1651 61 17
1651 62 1
1651 63 431
1651 64 16
1651 65 62
1651 66 93
1651 67 3
1651 68 0
1651 69 4
1651 70 3
1651 71 1
1651 72 6
1651 73 35
1651 74 74
1651 75 5
1651 76 0
1651 77 2
1651 78 178
1651 79 98
1651 80 1
1651 81 2
1651 82 115
1651 83 17
1651 84 77
1651 85 3
1651 86 17
1651 87 252
1651 88 34
1651 89 35
1651 90 33
1651 91 5
1651 92 0
1651 93 97
1651 94 2
1651 95 3
1676 1 9
1676 2 77
1676 3 145
1676 4 1
1676 5 12
1676 6 43
1676 7 61
1676 8 3
1676 9 28
1676 10 0
1676 11 2
1676 12 4
1676 13 27
1676 14 9
1676 15 292
1676 16 3
1676 17 41
1676 18 2
1676 19 260
1676 20 11
1676 21 4
1676 22 18
1676 23 42
1676 24 40
1676 25 6
1676 26 1
1676 27 11
1676 28 5
1676 29 1
1676 30 13
1676 31 1
1676 32 3
1676 33 116
1676 34 1
1676 35 4
1676 36 60
1676 37 0
1676 38 180
1676 39 9
1676 40 0
1676 41 57
1676 42 42
1676 43 55
1676 44 1
1676 45 424
1676 46 45
1676 47 1
1676 48 10
1676 49 1
1676 50 6
1676 51 8
1676 52 167
1676 53 224
1676 54 21
1676 55 249
1676 56 333
1676 57 17
1676 58 23
1676 59 30
1676 60 22
1676 61 18
1676 62 3
1676 63 409
1676 64 17
1676 65 66
1676 66 80
1676 67 0
1676 68 2
1676 69 1
1676 70 1
1676 71 4
1676 72 13
1676 73 25
1676 74 74
1676 75 3
1676 76 3
1676 77 4
1676 78 141
1676 79 66
1676 80 9
1676 81 7
1676 82 117
1676 83 21
1676 84 91
1676 85 3
1676 86 11
1676 87 263
1676 88 36
1676 89 14
1676 90 61
1676 91 6
1676 92 4
1676 93 119
1676 94 6
1676 95 4
1701 1 11
1701 2 59
1701 3 149
1701 4 1
1701 5 12
1701 6 14
1701 7 61
1701 8 3
1701 9 24
1701 10 1
1701 11 2
1701 12 3
1701 13 19
1701 14 4
1701 15 252
1701 16 0
1701 17 29
1701 18 1
1701 19 264
1701 20 28
1701 21 2
1701 22 18
1701 23 25
1701 24 15
1701 25 4
1701 26 4
1701 27 12
1701 28 4
1701 29 5
1701 30 36
1701 31 3
1701 32 29
1701 33 132
1701 34 1
1701 35 6
1701 36 68
1701 37 1
1701 38 160
1701 39 1
1701 40 19
1701 41 97
1701 42 57
1701 43 48
1701 44 3
1701 45 413
1701 46 27
1701 47 2
1701 48 9
1701 49 3
1701 50 1
1701 51 2
1701 52 159
1701 53 183
1701 54 23
1701 55 219
1701 56 332
1701 57 22
1701 58 35
1701 59 35
1701 60 25
1701 61 21
1701 62 0
1701 63 438
1701 64 20
1701 65 60
1701 66 96
1701 67 2
1701 68 3
1701 69 3
1701 70 3
1701 71 4
1701 72 16
1701 73 36
1701 74 86
1701 75 4
1701 76 3
1701 77 0
1701 78 156
1701 79 63
1701 80 2
1701 81 3
1701 82 132
1701 83 25
1701 84 88
1701 85 4
1701 86 9
1701 87 234
1701 88 50
1701 89 24
1701 90 84
1701 91 5
1701 92 7
1701 93 129
1701 94 3
1701 95 0
1726 1 7
1726 2 29
1726 3 176
1726 4 6
1726 5 12
1726 6 22
1726 7 65
1726 8 10
1726 9 19
1726 10 2
1726 11 11
1726 12 7
1726 13 16
1726 14 2
1726 15 235
1726 16 0
1726 17 35
1726 18 2
1726 19 257
1726 20 28
1726 21 2
1726 22 26
1726 23 24
1726 24 4
1726 25 7
1726 26 5
1726 27 11
1726 28 0
1726 29 13
1726 30 46
1726 31 1
1726 32 32
1726 33 94
1726 34 1
1726 35 6
1726 36 51
1726 37 3
1726 38 155
1726 39 4
1726 40 23
1726 41 110
1726 42 33
1726 43 10
1726 44 0
1726 45 410
1726 46 11
1726 47 3
1726 48 4
1726 49 1
1726 50 3
1726 51 2
1726 52 160
1726 53 222
1726 54 23
1726 55 225
1726 56 323
1726 57 21
1726 58 54
1726 59 19
1726 60 44
1726 61 22
1726 62 3
1726 63 427
1726 64 12
1726 65 63
1726 66 96
1726 67 22
1726 68 1
1726 69 2
1726 70 1
1726 71 5
1726 72 27
1726 73 43
1726 74 123
1726 75 6
1726 76 2
1726 77 2
1726 78 115
1726 79 28
1726 80 1
1726 81 3
1726 82 99
1726 83 33
1726 84 120
1726 85 0
1726 86 10
1726 87 273
1726 88 52
1726 89 13
1726 90 66
1726 91 1
1726 92 4
1726 93 132
1726 94 5
1726 95 9
1751 1 3
1751 2 23
1751 3 145
1751 4 2
1751 5 11
1751 6 12
1751 7 36
1751 8 20
1751 9 4
1751 10 6
1751 11 11
1751 12 18
1751 13 16
1751 14 6
1751 15 191
1751 16 0
1751 17 39
1751 18 0
1751 19 225
1751 20 48
1751 21 2
1751 22 35
1751 23 6
1751 24 1
1751 25 4
1751 26 0
1751 27 17
1751 28 1
1751 29 5
1751 30 73
1751 31 2
1751 32 24
1751 33 110
1751 34 14
1751 35 8
1751 36 68
1751 37 2
1751 38 173
1751 39 3
1751 40 24
1751 41 114
1751 42 11
1751 43 1
1751 44 7
1751 45 445
1751 46 8
1751 47 1
1751 48 4
1751 49 1
1751 50 2
1751 51 19
1751 52 150
1751 53 184
1751 54 11
1751 55 234
1751 56 408
1751 57 20
1751 58 59
1751 59 22
1751 60 35
1751 61 18
1751 62 5
1751 63 498
1751 64 4
1751 65 63
1751 66 103
1751 67 16
1751 68 1
1751 69 6
1751 70 1
1751 71 1
1751 72 14
1751 73 34
1751 74 107
1751 75 2
1751 76 7
1751 77 5
1751 78 120
1751 79 26
1751 80 3
1751 81 1
1751 82 63
1751 83 43
1751 84 118
1751 85 0
1751 86 6
1751 87 314
1751 88 69
1751 89 9
1751 90 32
1751 91 1
1751 92 15
1751 93 153
1751 94 6
1751 95 9
1776 1 3
1776 2 10
1776 3 147
1776 4 0
1776 5 20
1776 6 15
1776 7 37
1776 8 22
1776 9 2
1776 10 15
1776 11 13
1776 12 21
1776 13 29
1776 14 0
1776 15 186
1776 16 2
1776 17 49
1776 18 4
1776 19 235
1776 20 31
1776 21 1
1776 22 55
1776 23 17
1776 24 1
1776 25 4
1776 26 3
1776 27 36
1776 28 2
1776 29 6
1776 30 71
1776 31 2
1776 32 38
1776 33 103
1776 34 6
1776 35 10
1776 36 57
1776 37 2
1776 38 161
1776 39 2
1776 40 26
1776 41 146
1776 42 6
1776 43 1
1776 44 4
1776 45 407
1776 46 2
1776 47 2
1776 48 1
1776 49 1
1776 50 5
1776 51 18
1776 52 182
1776 53 168
1776 54 6
1776 55 237
1776 56 311
1776 57 9
1776 58 59
1776 59 16
1776 60 12
1776 61 20
1776 62 2
1776 63 532
1776 64 3
1776 65 67
1776 66 108
1776 67 19
1776 68 3
1776 69 9
1776 70 3
1776 71 1
1776 72 6
1776 73 17
1776 74 124
1776 75 6
1776 76 15
1776 77 18
1776 78 107
1776 79 6
1776 80 0
1776 81 6
1776 82 49
1776 83 32
1776 84 131
1776 85 1
1776 86 1
1776 87 308
1776 88 56
1776 89 6
1776 90 10
1776 91 0
1776 92 13
1776 93 229
1776 94 3
1776 95 3
1801 1 3
1801 2 13
1801 3 182
1801 4 2
1801 5 12
1801 6 13
1801 7 30
1801 8 44
1801 9 3
1801 10 23
1801 11 11
1801 12 24
1801 13 24
1801 14 6
1801 15 239
1801 16 1
1801 17 44
1801 18 5
1801 19 252
1801 20 30
1801 21 2
1801 22 65
1801 23 2
1801 24 1
1801 25 2
1801 26 3
1801 27 63
1801 28 1
1801 29 6
1801 30 56
1801 31 0
1801 32 46
1801 33 91
1801 34 15
1801 35 4
1801 36 70
1801 37 5
1801 38 137
1801 39 4
1801 40 22
1801 41 109
1801 42 4
1801 43 2
1801 44 1
1801 45 369
1801 46 3
1801 47 4
1801 48 8
1801 49 4
1801 50 2
1801 51 11
1801 52 177
1801 53 110
1801 54 2
1801 55 244
1801 56 269
1801 57 1
1801 58 20
1801 59 14
1801 60 4
1801 61 19
1801 62 1
1801 63 454
1801 64 22
1801 65 64
1801 66 125
1801 67 18
1801 68 3
1801 69 2
1801 70 23
1801 71 0
1801 72 8
1801 73 3
1801 74 146
1801 75 6
1801 76 9
1801 77 28
1801 78 103
1801 79 7
1801 80 1
1801 81 1
1801 82 74
1801 83 39
1801 84 144
1801 85 12
1801 86 6
1801 87 250
1801 88 111
1801 89 20
1801 90 47
1801 91 0
1801 92 9
1801 93 194
1801 94 0
1801 95 1
1826 1 3
1826 2 8
1826 3 170
1826 4 1
1826 5 13
1826 6 22
1826 7 20
1826 8 54
1826 9 1
1826 10 13
1826 11 16
1826 12 38
1826 13 18
1826 14 9
1826 15 210
1826 16 17
1826 17 44
1826 18 2
1826 19 251
1826 20 49
1826 21 20
1826 22 92
1826 23 1
1826 24 7
1826 25 3
1826 26 1
1826 27 60
1826 28 2
1826 29 3
1826 30 40
1826 31 6
1826 32 33
1826 33 153
1826 34 17
1826 35 2
1826 36 80
1826 37 3
1826 38 146
1826 39 3
1826 40 18
1826 41 94
1826 42 0
1826 43 6
1826 44 0
1826 45 385
1826 46 0
1826 47 14
1826 48 10
1826 49 1
1826 50 1
1826 51 1
1826 52 178
1826 53 90
1826 54 0
1826 55 270
1826 56 266
1826 57 3
1826 58 14
1826 59 23
1826 60 11
1826 61 30
1826 62 3
1826 63 436
1826 64 7
1826 65 21
1826 66 119
1826 67 22
1826 68 2
1826 69 0
1826 70 21
1826 71 0
1826 72 16
1826 73 5
1826 74 125
1826 75 7
1826 76 32
1826 77 20
1826 78 105
1826 79 7
1826 80 4
1826 81 6
1826 82 54
1826 83 24
1826 84 166
1826 85 6
1826 86 3
1826 87 331
1826 88 98
1826 89 10
1826 90 55
1826 91 5
1826 92 9
1826 93 194
1826 94 3
1826 95 1
1851 1 3
1851 2 8
1851 3 185
1851 4 0
1851 5 12
1851 6 30
1851 7 26
1851 8 51
1851 9 8
1851 10 11
1851 11 11
1851 12 51
1851 13 7
1851 14 3
1851 15 264
1851 16 3
1851 17 40
1851 18 7
1851 19 225
1851 20 26
1851 21 17
1851 22 96
1851 23 1
1851 24 2
1851 25 3
1851 26 1
1851 27 54
1851 28 1
1851 29 14
1851 30 10
1851 31 15
1851 32 24
1851 33 149
1851 34 19
1851 35 1
1851 36 49
1851 37 1
1851 38 162
1851 39 2
1851 40 2
1851 41 110
1851 42 1
1851 43 9
1851 44 1
1851 45 362
1851 46 2
1851 47 5
1851 48 54
1851 49 3
1851 50 8
1851 51 2
1851 52 162
1851 53 75
1851 54 0
1851 55 216
1851 56 307
1851 57 3
1851 58 40
1851 59 13
1851 60 13
1851 61 36
1851 62 1
1851 63 448
1851 64 0
1851 65 9
1851 66 129
1851 67 18
1851 68 6
1851 69 3
1851 70 16
1851 71 11
1851 72 18
1851 73 8
1851 74 130
1851 75 9
1851 76 40
1851 77 12
1851 78 86
1851 79 4
1851 80 3
1851 81 1
1851 82 30
1851 83 13
1851 84 137
1851 85 2
1851 86 1
1851 87 476
1851 88 56
1851 89 4
1851 90 59
1851 91 10
1851 92 8
1851 93 196
1851 94 2
1851 95 1
1876 1 0
1876 2 48
1876 3 227
1876 4 0
1876 5 15
1876 6 21
1876 7 21
1876 8 23
1876 9 2
1876 10 8
1876 11 13
1876 12 40
1876 13 4
1876 14 2
1876 15 320
1876 16 4
1876 17 38
1876 18 1
1876 19 247
1876 20 16
1876 21 25
1876 22 118
1876 23 2
1876 24 1
1876 25 3
1876 26 3
1876 27 56
1876 28 3
1876 29 30
1876 30 5
1876 31 16
1876 32 7
1876 33 120
1876 34 7
1876 35 3
1876 36 36
1876 37 2
1876 38 194
1876 39 0
1876 40 2
1876 41 103
1876 42 0
1876 43 3
1876 44 1
1876 45 339
1876 46 0
1876 47 40
1876 48 21
1876 49 1
1876 50 8
1876 51 1
1876 52 121
1876 53 56
1876 54 4
1876 55 260
1876 56 295
1876 57 1
1876 58 48
1876 59 19
1876 60 6
1876 61 26
1876 62 8
1876 63 466
1876 64 3
1876 65 1
1876 66 117
1876 67 19
1876 68 25
1876 69 2
1876 70 8
1876 71 17
1876 72 12
1876 73 1
1876 74 161
1876 75 7
1876 76 32
1876 77 28
1876 78 117
1876 79 1
1876 80 14
1876 81 0
1876 82 51
1876 83 5
1876 84 72
1876 85 3
1876 86 2
1876 87 478
1876 88 41
1876 89 2
1876 90 43
1876 91 3
1876 92 8
1876 93 187
1876 94 1
1876 95 2
1901 1 2
1901 2 28
1901 3 190
1901 4 0
1901 5 2
1901 6 14
1901 7 23
1901 8 17
1901 9 3
1901 10 20
1901 11 3
1901 12 7
1901 13 1
1901 14 6
1901 15 366
1901 16 3
1901 17 51
1901 18 2
1901 19 253
1901 20 5
1901 21 17
1901 22 138
1901 23 4
1901 24 6
1901 25 2
1901 26 1
1901 27 66
1901 28 1
1901 29 40
1901 30 2
1901 31 7
1901 32 2
1901 33 143
1901 34 13
1901 35 6
1901 36 25
1901 37 4
1901 38 228
1901 39 3
1901 40 2
1901 41 119
1901 42 21
1901 43 3
1901 44 0
1901 45 408
1901 46 2
1901 47 37
1901 48 16
1901 49 2
1901 50 3
1901 51 4
1901 52 121
1901 53 98
1901 54 2
1901 55 263
1901 56 299
1901 57 3
1901 58 45
1901 59 38
1901 60 14
1901 61 24
1901 62 0
1901 63 398
1901 64 3
1901 65 5
1901 66 125
1901 67 20
1901 68 2
1901 69 9
1901 70 6
1901 71 23
1901 72 9
1901 73 3
1901 74 129
1901 75 10
1901 76 51
1901 77 21
1901 78 89
1901 79 0
1901 80 15
1901 81 4
1901 82 16
1901 83 1
1901 84 73
1901 85 4
1901 86 0
1901 87 473
1901 88 11
1901 89 6
1901 90 34
1901 91 3
1901 92 4
1901 93 166
1901 94 2
1901 95 1
1926 1 3
1926 2 35
1926 3 254
1926 4 3
1926 5 5
1926 6 9
1926 7 18
1926 8 19
1926 9 2
1926 10 8
1926 11 14
1926 12 20
1926 13 6
1926 14 1
1926 15 321
1926 16 2
1926 17 49
1926 18 0
1926 19 249
1926 20 13
1926 21 21
1926 22 122
1926 23 3
1926 24 5
1926 25 1
1926 26 4
1926 27 51
1926 28 1
1926 29 8
1926 30 7
1926 31 6
1926 32 4
1926 33 159
1926 34 3
1926 35 12
1926 36 25
1926 37 4
1926 38 218
1926 39 3
1926 40 5
1926 41 118
1926 42 15
1926 43 3
1926 44 1
1926 45 333
1926 46 5
1926 47 36
1926 48 5
1926 49 3
1926 50 15
1926 51 5
1926 52 114
1926 53 110
1926 54 0
1926 55 281
1926 56 338
1926 57 1
1926 58 58
1926 59 36
1926 60 16
1926 61 12
1926 62 0
1926 63 438
1926 64 2
1926 65 21
1926 66 111
1926 67 19
1926 68 10
1926 69 3
1926 70 6
1926 71 9
1926 72 2
1926 73 1
1926 74 121
1926 75 2
1926 76 32
1926 77 10
1926 78 63
1926 79 4
1926 80 26
1926 81 4
1926 82 13
1926 83 1
1926 84 70
1926 85 4
1926 86 13
1926 87 501
1926 88 6
1926 89 4
1926 90 57
1926 91 0
1926 92 3
1926 93 200
1926 94 2
1926 95 6
1951 1 3
1951 2 10
1951 3 261
1951 4 10
1951 5 6
1951 6 13
1951 7 7
1951 8 22
1951 9 2
1951 10 20
1951 11 19
1951 12 19
1951 13 1
1951 14 10
1951 15 282
1951 16 6
1951 17 45
1951 18 4
1951 19 258
1951 20 42
1951 21 1
1951 22 103
1951 23 2
1951 24 1
1951 25 1
1951 26 23
1951 27 47
1951 28 3
1951 29 2
1951 30 6
1951 31 3
1951 32 27
1951 33 124
1951 34 6
1951 35 1
1951 36 20
1951 37 7
1951 38 203
1951 39 4
1951 40 0
1951 41 100
1951 42 19
1951 43 4
1951 44 3
1951 45 365
1951 46 8
1951 47 19
1951 48 7
1951 49 4
1951 50 16
1951 51 1
1951 52 81
1951 53 142
1951 54 2
1951 55 293
1951 56 321
1951 57 3
1951 58 67
1951 59 31
1951 60 5
1951 61 6
1951 62 18
1951 63 431
1951 64 0
1951 65 44
1951 66 122
1951 67 5
1951 68 19
1951 69 2
1951 70 3
1951 71 1
1951 72 0
1951 73 1
1951 74 141
1951 75 8
1951 76 33
1951 77 22
1951 78 48
1951 79 11
1951 80 26
1951 81 3
1951 82 45
1951 83 4
1951 84 73
1951 85 12
1951 86 20
1951 87 527
1951 88 10
1951 89 5
1951 90 63
1951 91 1
1951 92 3
1951 93 209
1951 94 2
1951 95 2
1976 1 2
1976 2 37
1976 3 258
1976 4 10
1976 5 0
1976 6 7
1976 7 21
1976 8 33
1976 9 0
1976 10 15
1976 11 4
1976 12 7
1976 13 5
1976 14 24
1976 15 234
1976 16 4
1976 17 40
1976 18 3
1976 19 251
1976 20 47
1976 21 1
1976 22 113
1976 23 3
1976 24 13
1976 25 1
1976 26 16
1976 27 32
1976 28 0
1976 29 2
1976 30 11
1976 31 4
1976 32 28
1976 33 115
1976 34 4
1976 35 2
1976 36 3
1976 37 3
1976 38 167
1976 39 5
1976 40 2
1976 41 67
1976 42 18
1976 43 6
1976 44 1
1976 45 379
1976 46 26
1976 47 2
1976 48 16
1976 49 10
1976 50 34
1976 51 0
1976 52 82
1976 53 147
1976 54 1
1976 55 323
1976 56 276
1976 57 1
1976 58 84
1976 59 16
1976 60 2
1976 61 7
1976 62 20
1976 63 437
1976 64 2
1976 65 70
1976 66 117
1976 67 18
1976 68 20
1976 69 7
1976 70 13
1976 71 1
1976 72 3
1976 73 4
1976 74 166
1976 75 3
1976 76 32
1976 77 7
1976 78 30
1976 79 12
1976 80 15
1976 81 0
1976 82 77
1976 83 4
1976 84 77
1976 85 19
1976 86 20
1976 87 513
1976 88 8
1976 89 0
1976 90 49
1976 91 3
1976 92 7
1976 93 191
1976 94 0
1976 95 0
