1 4336
26 2916
51 2870
76 2822
101 2805
126 2808
151 2811
176 2819
201 2822
226 2797
251 2804
276 2821
301 2806
326 2874
351 2836
376 2831
401 2894
426 2848
451 2780
476 2834
501 2854
526 2865
551 2835
576 2810
601 2847
626 2818
651 2829
676 2787
701 2791
726 2791
751 2784
776 2820
801 2839
826 2818
851 2815
876 2807
901 2779
926 2798
951 2797
976 2814
1001 2767
1026 2762
1051 2803
1076 2803
1101 2810
1126 2830
1151 2776
1176 2796
1201 2818
1226 2804
1251 2807
1276 2799
1301 2782
1326 2824
1351 2749
1376 2801
1401 2796
1426 2822
1451 2793
1476 2813
1501 2784
1526 2818
1551 2833
1576 2808
1601 2827
1626 2778
1651 2798
1676 2783
1701 2838
1726 2843
1751 2852
1776 2777
1801 2821
1826 2761
1851 2732
1876 2807
1901 2845
1926 2809
1951 2801
1976 2776
