1 1 22
1 2 4
1 3 9
1 4 1
1 5 14
1 6 54
1 7 76
1 8 1
1 9 38
1 10 16
1 11 1
1 12 6
1 13 278
1 14 24
1 15 24
1 16 15
1 17 69
1 18 419
1 19 8
1 20 28
1 21 0
1 22 3
1 23 47
1 24 3
1 25 42
1 26 1
1 27 5
1 28 2
1 29 3
1 30 3
1 31 3
1 32 3
1 33 65
1 34 13
1 35 4
1 36 18
1 37 4
1 38 2
1 39 29
1 40 30
1 41 56
1 42 11
1 43 1
1 44 28
1 45 0
1 46 1
1 47 1
1 48 16
1 49 404
1 50 2
1 51 18
1 52 5
1 53 413
1 54 4
1 55 0
1 56 1
1 57 8
1 58 3
1 59 6
1 60 110
1 61 19
1 62 103
1 63 603
1 64 2
1 65 1
1 66 41
1 67 45
1 68 2
1 69 8
1 70 326
1 71 180
1 72 50
1 73 5
1 74 4
1 75 82
1 76 5
1 77 16
1 78 6
1 79 9
1 80 0
1 81 53
1 82 147
1 83 66
1 84 3
1 85 3
1 86 5
1 87 21
1 88 35
1 89 2
1 90 125
1 91 68
1 92 262
1 93 3
1 94 6
1 95 304
26 1 16
26 2 2
26 3 22
26 4 10
26 5 10
26 6 73
26 7 76
26 8 6
26 9 30
26 10 14
26 11 0
26 12 6
26 13 286
26 14 4
26 15 4
26 16 27
26 17 37
26 18 452
26 19 3
26 20 22
26 21 16
26 22 4
26 23 39
26 24 1
26 25 48
26 26 0
26 27 0
26 28 1
26 29 0
26 30 2
26 31 4
26 32 3
26 33 67
26 34 30
26 35 3
26 36 20
26 37 24
26 38 2
26 39 22
26 40 29
26 41 60
26 42 2
26 43 3
26 44 25
26 45 2
26 46 4
26 47 1
26 48 15
26 49 356
26 50 3
26 51 7
26 52 7
26 53 400
26 54 8
26 55 12
26 56 2
26 57 2
26 58 9
26 59 5
26 60 62
26 61 15
26 62 49
26 63 497
26 64 2
26 65 2
26 66 67
26 67 39
26 68 16
26 69 2
26 70 336
26 71 113
26 72 21
26 73 1
26 74 5
26 75 113
26 76 4
26 77 15
26 78 4
26 79 3
26 80 2
26 81 38
26 82 155
26 83 65
26 84 1
26 85 6
26 86 5
26 87 42
26 88 33
26 89 2
26 90 131
26 91 25
26 92 212
26 93 45
26 94 1
26 95 235
51 1 4
51 2 1
51 3 11
51 4 1
51 5 4
51 6 51
51 7 80
51 8 7
51 9 23
51 10 12
51 11 4
51 12 7
51 13 312
51 14 2
51 15 4
51 16 17
51 17 20
51 18 500
51 19 3
51 20 24
51 21 4
51 22 3
51 23 43
51 24 12
51 25 53
51 26 3
51 27 2
51 28 0
51 29 2
51 30 2
51 31 3
51 32 3
51 33 70
51 34 36
51 35 5
51 36 25
51 37 21
51 38 4
51 39 44
51 40 10
51 41 71
51 42 0
51 43 0
51 44 22
51 45 4
51 46 3
51 47 24
51 48 26
51 49 349
51 50 6
51 51 5
51 52 48
51 53 422
51 54 3
51 55 0
51 56 1
51 57 0
51 58 2
51 59 34
51 60 55
51 61 9
51 62 74
51 63 494
51 64 2
51 65 5
51 66 47
51 67 39
51 68 1
51 69 9
51 70 331
51 71 128
51 72 14
51 73 1
51 74 11
51 75 147
51 76 29
51 77 18
51 78 2
51 79 0
51 80 18
51 81 24
51 82 146
51 83 75
51 84 4
51 85 1
51 86 6
51 87 31
51 88 11
51 89 3
51 90 113
51 91 30
51 92 200
51 93 64
51 94 1
51 95 243
76 1 2
76 2 2
76 3 21
76 4 3
76 5 0
76 6 75
76 7 51
76 8 3
76 9 25
76 10 20
76 11 3
76 12 10
76 13 252
76 14 2
76 15 1
76 16 13
76 17 8
76 18 520
76 19 0
76 20 78
76 21 5
76 22 1
76 23 49
76 24 5
76 25 72
76 26 1
76 27 5
76 28 1
76 29 9
76 30 12
76 31 6
76 32 5
76 33 81
76 34 42
76 35 3
76 36 14
76 37 27
76 38 1
76 39 55
76 40 5
76 41 60
76 42 6
76 43 1
76 44 3
76 45 9
76 46 2
76 47 37
76 48 10
76 49 318
76 50 7
76 51 7
76 52 63
76 53 435
76 54 1
76 55 1
76 56 3
76 57 4
76 58 1
76 59 41
76 60 68
76 61 3
76 62 79
76 63 473
76 64 0
76 65 1
76 66 25
76 67 35
76 68 1
76 69 4
76 70 318
76 71 118
76 72 1
76 73 4
76 74 15
76 75 125
76 76 20
76 77 22
76 78 3
76 79 7
76 80 4
76 81 8
76 82 147
76 83 74
76 84 7
76 85 25
76 86 0
76 87 8
76 88 7
76 89 4
76 90 144
76 91 21
76 92 235
76 93 32
76 94 5
76 95 265
101 1 5
101 2 0
101 3 15
101 4 1
101 5 2
101 6 93
101 7 84
101 8 1
101 9 45
101 10 18
101 11 1
101 12 16
101 13 252
101 14 8
101 15 14
101 16 16
101 17 6
101 18 505
101 19 2
101 20 100
101 21 3
101 22 3
101 23 39
101 24 3
101 25 60
101 26 2
101 27 0
101 28 1
101 29 17
101 30 8
101 31 3
101 32 9
101 33 106
101 34 30
101 35 8
101 36 16
101 37 13
101 38 1
101 39 54
101 40 2
101 41 69
101 42 3
101 43 2
101 44 13
101 45 2
101 46 3
101 47 21
101 48 15
101 49 305
101 50 7
101 51 4
101 52 61
101 53 423
101 54 3
101 55 4
101 56 1
101 57 1
101 58 5
101 59 29
101 60 77
101 61 2
101 62 93
101 63 450
101 64 3
101 65 2
101 66 3
101 67 37
101 68 6
101 69 4
101 70 292
101 71 99
101 72 3
101 73 6
101 74 33
101 75 99
101 76 13
101 77 29
101 78 21
101 79 6
101 80 6
101 81 5
101 82 140
101 83 79
101 84 13
101 85 23
101 86 0
101 87 12
101 88 2
101 89 0
101 90 176
101 91 9
101 92 220
101 93 53
101 94 2
101 95 296
126 1 3
126 2 1
126 3 2
126 4 6
126 5 3
126 6 112
126 7 45
126 8 1
126 9 32
126 10 10
126 11 2
126 12 10
126 13 248
126 14 11
126 15 23
126 16 10
126 17 3
126 18 508
126 19 3
126 20 133
126 21 2
126 22 4
126 23 46
126 24 2
126 25 26
126 26 6
126 27 3
126 28 5
126 29 20
126 30 5
126 31 1
126 32 1
126 33 102
126 34 34
126 35 28
126 36 5
126 37 8
126 38 2
126 39 52
126 40 8
126 41 69
126 42 3
126 43 24
126 44 12
126 45 7
126 46 1
126 47 20
126 48 33
126 49 289
126 50 4
126 51 10
126 52 52
126 53 400
126 54 1
126 55 3
126 56 7
126 57 7
126 58 15
126 59 29
126 60 54
126 61 2
126 62 67
126 63 436
126 64 1
126 65 2
126 66 8
126 67 41
126 68 3
126 69 3
126 70 304
126 71 112
126 72 4
126 73 6
126 74 13
126 75 71
126 76 30
126 77 37
126 78 29
126 79 5
126 80 2
126 81 8
126 82 131
126 83 156
126 84 18
126 85 9
126 86 2
126 87 11
126 88 3
126 89 3
126 90 178
126 91 10
126 92 204
126 93 43
126 94 6
126 95 321
151 1 4
151 2 9
151 3 2
151 4 0
151 5 14
151 6 92
151 7 64
151 8 5
151 9 26
151 10 19
151 11 5
151 12 8
151 13 260
151 14 1
151 15 15
151 16 14
151 17 1
151 18 590
151 19 11
151 20 120
151 21 3
151 22 3
151 23 53
151 24 15
151 25 14
151 26 5
151 27 2
151 28 1
151 29 31
151 30 7
151 31 2
151 32 0
151 33 65
151 34 16
151 35 21
151 36 11
151 37 0
151 38 5
151 39 60
151 40 6
151 41 52
151 42 3
151 43 25
151 44 12
151 45 1
151 46 3
151 47 7
151 48 28
151 49 299
151 50 2
151 51 21
151 52 64
151 53 421
151 54 1
151 55 1
151 56 0
151 57 2
151 58 0
151 59 46
151 60 66
151 61 1
151 62 91
151 63 411
151 64 2
151 65 6
151 66 3
151 67 11
151 68 8
151 69 4
151 70 310
151 71 97
151 72 8
151 73 8
151 74 14
151 75 57
151 76 17
151 77 19
151 78 12
151 79 4
151 80 3
151 81 6
151 82 132
151 83 168
151 84 18
151 85 0
151 86 12
151 87 9
151 88 7
151 89 9
151 90 144
151 91 7
151 92 201
151 93 39
151 94 18
151 95 313
176 1 6
176 2 2
176 3 17
176 4 2
176 5 11
176 6 108
176 7 55
176 8 17
176 9 19
176 10 16
176 11 10
176 12 9
176 13 244
176 14 2
176 15 3
176 16 11
176 17 0
176 18 554
176 19 1
176 20 137
176 21 0
176 22 4
176 23 55
176 24 19
176 25 26
176 26 2
176 27 1
176 28 15
176 29 6
176 30 5
176 31 2
176 32 0
176 33 31
176 34 19
176 35 3
176 36 4
176 37 0
176 38 1
176 39 93
176 40 3
176 41 54
176 42 4
176 43 26
176 44 4
176 45 3
176 46 3
176 47 3
176 48 28
176 49 306
176 50 1
176 51 20
176 52 46
176 53 404
176 54 3
176 55 4
176 56 1
176 57 2
176 58 2
176 59 78
176 60 89
176 61 2
176 62 140
176 63 449
176 64 5
176 65 20
176 66 3
176 67 30
176 68 8
176 69 3
176 70 314
176 71 66
176 72 7
176 73 5
176 74 13
176 75 64
176 76 40
176 77 36
176 78 12
176 79 2
176 80 4
176 81 9
176 82 119
176 83 169
176 84 20
176 85 1
176 86 8
176 87 0
176 88 8
176 89 1
176 90 153
176 91 12
176 92 206
176 93 29
176 94 13
176 95 277
201 1 6
201 2 6
201 3 2
201 4 4
201 5 18
201 6 118
201 7 47
201 8 20
201 9 28
201 10 13
201 11 24
201 12 5
201 13 257
201 14 1
201 15 1
201 16 20
201 17 3
201 18 553
201 19 3
201 20 97
201 21 6
201 22 0
201 23 40
201 24 19
201 25 23
201 26 0
201 27 0
201 28 14
201 29 13
201 30 13
201 31 4
201 32 4
201 33 24
201 34 4
201 35 5
201 36 13
201 37 1
201 38 0
201 39 81
201 40 2
201 41 56
201 42 3
201 43 19
201 44 1
201 45 7
201 46 8
201 47 2
201 48 23
201 49 302
201 50 2
201 51 2
201 52 29
201 53 458
201 54 12
201 55 1
201 56 3
201 57 2
201 58 3
201 59 67
201 60 81
201 61 1
201 62 96
201 63 495
201 64 13
201 65 9
201 66 6
201 67 28
201 68 5
201 69 0
201 70 312
201 71 84
201 72 7
201 73 5
201 74 3
201 75 66
201 76 46
201 77 23
201 78 8
201 79 3
201 80 4
201 81 5
201 82 129
201 83 182
201 84 16
201 85 16
201 86 18
201 87 0
201 88 5
201 89 1
201 90 128
201 91 6
201 92 190
201 93 40
201 94 8
201 95 285
226 1 2
226 2 5
226 3 10
226 4 1
226 5 8
226 6 148
226 7 64
226 8 25
226 9 35
226 10 15
226 11 16
226 12 9
226 13 261
226 14 1
226 15 1
226 16 38
226 17 6
226 18 600
226 19 0
226 20 90
226 21 1
226 22 1
226 23 50
226 24 22
226 25 13
226 26 6
226 27 8
226 28 12
226 29 31
226 30 15
226 31 5
226 32 1
226 33 37
226 34 3
226 35 2
226 36 20
226 37 2
226 38 1
226 39 88
226 40 5
226 41 85
226 42 7
226 43 18
226 44 5
226 45 3
226 46 0
226 47 1
226 48 4
226 49 291
226 50 5
226 51 1
226 52 9
226 53 434
226 54 2
226 55 1
226 56 5
226 57 4
226 58 6
226 59 55
226 60 87
226 61 2
226 62 50
226 63 439
226 64 23
226 65 20
226 66 0
226 67 7
226 68 0
226 69 2
226 70 323
226 71 79
226 72 12
226 73 2
226 74 2
226 75 66
226 76 41
226 77 20
226 78 1
226 79 3
226 80 3
226 81 10
226 82 138
226 83 187
226 84 6
226 85 2
226 86 11
226 87 2
226 88 11
226 89 0
226 90 159
226 91 9
226 92 230
226 93 24
226 94 3
226 95 262
251 1 4
251 2 1
251 3 1
251 4 2
251 5 5
251 6 125
251 7 69
251 8 24
251 9 55
251 10 5
251 11 10
251 12 1
251 13 305
251 14 5
251 15 1
251 16 65
251 17 12
251 18 569
251 19 1
251 20 87
251 21 15
251 22 0
251 23 16
251 24 21
251 25 8
251 26 4
251 27 9
251 28 7
251 29 26
251 30 32
251 31 1
251 32 1
251 33 32
251 34 2
251 35 2
251 36 22
251 37 9
251 38 0
251 39 94
251 40 2
251 41 84
251 42 2
251 43 27
251 44 2
251 45 3
251 46 0
251 47 2
251 48 14
251 49 280
251 50 3
251 51 2
251 52 20
251 53 426
251 54 0
251 55 6
251 56 3
251 57 0
251 58 1
251 59 31
251 60 68
251 61 3
251 62 26
251 63 494
251 64 18
251 65 0
251 66 0
251 67 22
251 68 2
251 69 3
251 70 323
251 71 89
251 72 36
251 73 5
251 74 0
251 75 68
251 76 48
251 77 26
251 78 3
251 79 6
251 80 3
251 81 2
251 82 160
251 83 171
251 84 5
251 85 1
251 86 3
251 87 1
251 88 26
251 89 4
251 90 172
251 91 41
251 92 176
251 93 22
251 94 9
251 95 228
276 1 1
276 2 2
276 3 0
276 4 0
276 5 4
276 6 88
276 7 96
276 8 4
276 9 38
276 10 4
276 11 15
276 12 6
276 13 306
276 14 30
276 15 5
276 16 67
276 17 0
276 18 581
276 19 0
276 20 61
276 21 12
276 22 1
276 23 7
276 24 23
276 25 8
276 26 2
276 27 6
276 28 23
276 29 15
276 30 35
276 31 6
276 32 9
276 33 38
276 34 4
276 35 0
276 36 13
276 37 16
276 38 2
276 39 83
276 40 0
276 41 89
276 42 2
276 43 17
276 44 22
276 45 11
276 46 0
276 47 1
276 48 21
276 49 242
276 50 7
276 51 3
276 52 17
276 53 463
276 54 5
276 55 12
276 56 5
276 57 3
276 58 0
276 59 29
276 60 65
276 61 23
276 62 29
276 63 478
276 64 13
276 65 17
276 66 5
276 67 14
276 68 8
276 69 3
276 70 277
276 71 82
276 72 7
276 73 1
276 74 10
276 75 99
276 76 49
276 77 24
276 78 1
276 79 2
276 80 1
276 81 8
276 82 166
276 83 194
276 84 9
276 85 5
276 86 2
276 87 0
276 88 22
276 89 3
276 90 184
276 91 35
276 92 188
276 93 22
276 94 28
276 95 229
301 1 2
301 2 2
301 3 1
301 4 4
301 5 2
301 6 103
301 7 89
301 8 2
301 9 48
301 10 20
301 11 18
301 12 5
301 13 265
301 14 22
301 15 4
301 16 73
301 17 0
301 18 522
301 19 17
301 20 69
301 21 6
301 22 1
301 23 2
301 24 23
301 25 3
301 26 0
301 27 0
301 28 25
301 29 9
301 30 39
301 31 2
301 32 14
301 33 38
301 34 11
301 35 0
301 36 28
301 37 3
301 38 5
301 39 89
301 40 17
301 41 96
301 42 4
301 43 18
301 44 37
301 45 4
301 46 1
301 47 28
301 48 23
301 49 180
301 50 9
301 51 2
301 52 13
301 53 526
301 54 17
301 55 0
301 56 2
301 57 3
301 58 7
301 59 21
301 60 41
301 61 33
301 62 37
301 63 531
301 64 0
301 65 10
301 66 2
301 67 23
301 68 3
301 69 7
301 70 228
301 71 42
301 72 1
301 73 3
301 74 33
301 75 89
301 76 34
301 77 25
301 78 2
301 79 2
301 80 2
301 81 32
301 82 184
301 83 166
301 84 7
301 85 11
301 86 1
301 87 7
301 88 17
301 89 2
301 90 192
301 91 27
301 92 193
301 93 20
301 94 25
301 95 258
326 1 1
326 2 4
326 3 6
326 4 6
326 5 2
326 6 86
326 7 80
326 8 1
326 9 45
326 10 9
326 11 9
326 12 1
326 13 251
326 14 10
326 15 3
326 16 61
326 17 1
326 18 425
326 19 28
326 20 52
326 21 28
326 22 3
326 23 2
326 24 9
326 25 6
326 26 1
326 27 3
326 28 22
326 29 20
326 30 45
326 31 8
326 32 26
326 33 57
326 34 7
326 35 12
326 36 15
326 37 5
326 38 1
326 39 65
326 40 21
326 41 95
326 42 1
326 43 4
326 44 45
326 45 3
326 46 2
326 47 8
326 48 29
326 49 181
326 50 5
326 51 2
326 52 13
326 53 497
326 54 1
326 55 6
326 56 7
326 57 10
326 58 19
326 59 36
326 60 20
326 61 4
326 62 46
326 63 536
326 64 5
326 65 7
326 66 2
326 67 62
326 68 7
326 69 19
326 70 222
326 71 46
326 72 10
326 73 3
326 74 27
326 75 105
326 76 66
326 77 22
326 78 2
326 79 0
326 80 18
326 81 59
326 82 206
326 83 222
326 84 15
326 85 20
326 86 4
326 87 2
326 88 19
326 89 2
326 90 193
326 91 21
326 92 175
326 93 8
326 94 19
326 95 237
351 1 1
351 2 10
351 3 10
351 4 0
351 5 5
351 6 84
351 7 67
351 8 2
351 9 51
351 10 1
351 11 14
351 12 2
351 13 255
351 14 2
351 15 0
351 16 60
351 17 2
351 18 447
351 19 39
351 20 134
351 21 12
351 22 1
351 23 5
351 24 2
351 25 2
351 26 4
351 27 1
351 28 48
351 29 19
351 30 44
351 31 3
351 32 13
351 33 69
351 34 4
351 35 23
351 36 13
351 37 2
351 38 2
351 39 46
351 40 16
351 41 101
351 42 0
351 43 4
351 44 31
351 45 1
351 46 3
351 47 5
351 48 24
351 49 179
351 50 3
351 51 2
351 52 22
351 53 489
351 54 4
351 55 3
351 56 3
351 57 17
351 58 22
351 59 42
351 60 25
351 61 6
351 62 33
351 63 545
351 64 4
351 65 16
351 66 4
351 67 26
351 68 5
351 69 39
351 70 189
351 71 26
351 72 32
351 73 2
351 74 15
351 75 104
351 76 64
351 77 28
351 78 2
351 79 4
351 80 7
351 81 37
351 82 188
351 83 273
351 84 8
351 85 15
351 86 2
351 87 1
351 88 24
351 89 2
351 90 195
351 91 1
351 92 154
351 93 1
351 94 3
351 95 274
376 1 5
376 2 18
376 3 5
376 4 2
376 5 10
376 6 70
376 7 72
376 8 2
376 9 53
376 10 1
376 11 20
376 12 1
376 13 290
376 14 10
376 15 0
376 16 72
376 17 5
376 18 484
376 19 11
376 20 119
376 21 5
376 22 4
376 23 3
376 24 5
376 25 44
376 26 4
376 27 2
376 28 44
376 29 6
376 30 17
376 31 2
376 32 5
376 33 74
376 34 5
376 35 45
376 36 16
376 37 4
376 38 5
376 39 43
376 40 5
376 41 77
376 42 2
376 43 5
376 44 38
376 45 0
376 46 1
376 47 1
376 48 31
376 49 222
376 50 5
376 51 2
376 52 14
376 53 458
376 54 2
376 55 3
376 56 4
376 57 5
376 58 18
376 59 34
376 60 16
376 61 6
376 62 4
376 63 511
376 64 2
376 65 41
376 66 12
376 67 37
376 68 2
376 69 10
376 70 189
376 71 6
376 72 48
376 73 9
376 74 13
376 75 120
376 76 62
376 77 11
376 78 5
376 79 3
376 80 3
376 81 34
376 82 198
376 83 319
376 84 8
376 85 22
376 86 10
376 87 2
376 88 12
376 89 3
376 90 142
376 91 1
376 92 196
376 93 16
376 94 8
376 95 272
401 1 1
401 2 17
401 3 4
401 4 0
401 5 15
401 6 45
401 7 82
401 8 9
401 9 56
401 10 2
401 11 15
401 12 6
401 13 312
401 14 37
401 15 10
401 16 44
401 17 4
401 18 452
401 19 6
401 20 79
401 21 6
401 22 6
401 23 0
401 24 2
401 25 47
401 26 2
401 27 25
401 28 26
401 29 2
401 30 10
401 31 3
401 32 1
401 33 80
401 34 14
401 35 37
401 36 32
401 37 1
401 38 0
401 39 41
401 40 0
401 41 69
401 42 3
401 43 0
401 44 7
401 45 3
401 46 3
401 47 2
401 48 27
401 49 246
401 50 2
401 51 6
401 52 9
401 53 490
401 54 1
401 55 1
401 56 20
401 57 16
401 58 18
401 59 41
401 60 49
401 61 2
401 62 39
401 63 515
401 64 3
401 65 23
401 66 14
401 67 32
401 68 1
401 69 1
401 70 208
401 71 5
401 72 28
401 73 3
401 74 1
401 75 137
401 76 57
401 77 7
401 78 3
401 79 1
401 80 6
401 81 9
401 82 194
401 83 275
401 84 1
401 85 5
401 86 16
401 87 11
401 88 9
401 89 0
401 90 186
401 91 11
401 92 205
401 93 36
401 94 3
401 95 305
426 1 6
426 2 10
426 3 2
426 4 1
426 5 21
426 6 58
426 7 98
426 8 7
426 9 66
426 10 2
426 11 14
426 12 2
426 13 338
426 14 21
426 15 2
426 16 39
426 17 11
426 18 422
426 19 9
426 20 76
426 21 1
426 22 3
426 23 0
426 24 17
426 25 48
426 26 3
426 27 6
426 28 17
426 29 3
426 30 14
426 31 1
426 32 4
426 33 52
426 34 2
426 35 19
426 36 29
426 37 2
426 38 3
426 39 53
426 40 0
426 41 17
426 42 2
426 43 3
426 44 10
426 45 4
426 46 7
426 47 1
426 48 18
426 49 160
426 50 10
426 51 0
426 52 9
426 53 561
426 54 17
426 55 4
426 56 21
426 57 6
426 58 21
426 59 29
426 60 34
426 61 3
426 62 70
426 63 562
426 64 1
426 65 12
426 66 5
426 67 51
426 68 11
426 69 2
426 70 169
426 71 8
426 72 5
426 73 6
426 74 2
426 75 75
426 76 40
426 77 3
426 78 0
426 79 5
426 80 5
426 81 72
426 82 187
426 83 277
426 84 1
426 85 23
426 86 23
426 87 35
426 88 24
426 89 1
426 90 156
426 91 39
426 92 178
426 93 39
426 94 14
426 95 274
451 1 5
451 2 5
451 3 8
451 4 12
451 5 21
451 6 39
451 7 105
451 8 15
451 9 75
451 10 6
451 11 2
451 12 2
451 13 353
451 14 9
451 15 1
451 16 23
451 17 13
451 18 465
451 19 4
451 20 66
451 21 2
451 22 2
451 23 1
451 24 2
451 25 33
451 26 2
451 27 8
451 28 20
451 29 4
451 30 18
451 31 3
451 32 3
451 33 63
451 34 0
451 35 34
451 36 31
451 37 2
451 38 3
451 39 29
451 40 2
451 41 10
451 42 17
451 43 0
451 44 12
451 45 4
451 46 5
451 47 4
451 48 14
451 49 128
451 50 2
451 51 3
451 52 15
451 53 573
451 54 21
451 55 4
451 56 10
451 57 5
451 58 18
451 59 10
451 60 38
451 61 0
451 62 56
451 63 646
451 64 2
451 65 21
451 66 3
451 67 50
451 68 6
451 69 0
451 70 148
451 71 3
451 72 4
451 73 3
451 74 2
451 75 112
451 76 29
451 77 12
451 78 1
451 79 8
451 80 0
451 81 73
451 82 188
451 83 342
451 84 2
451 85 39
451 86 26
451 87 20
451 88 20
451 89 3
451 90 153
451 91 30
451 92 237
451 93 35
451 94 13
451 95 233
476 1 3
476 2 0
476 3 2
476 4 15
476 5 19
476 6 48
476 7 64
476 8 18
476 9 47
476 10 25
476 11 4
476 12 0
476 13 313
476 14 1
476 15 4
476 16 37
476 17 8
476 18 391
476 19 6
476 20 57
476 21 0
476 22 6
476 23 2
476 24 2
476 25 28
476 26 1
476 27 15
476 28 21
476 29 4
476 30 11
476 31 3
476 32 6
476 33 60
476 34 2
476 35 54
476 36 31
476 37 0
476 38 1
476 39 42
476 40 5
476 41 0
476 42 7
476 43 5
476 44 2
476 45 4
476 46 4
476 47 7
476 48 10
476 49 138
476 50 3
476 51 1
476 52 4
476 53 570
476 54 20
476 55 19
476 56 7
476 57 0
476 58 13
476 59 4
476 60 128
476 61 7
476 62 17
476 63 637
476 64 0
476 65 18
476 66 6
476 67 54
476 68 1
476 69 9
476 70 174
476 71 15
476 72 9
476 73 2
476 74 3
476 75 119
476 76 31
476 77 17
476 78 2
476 79 2
476 80 1
476 81 86
476 82 208
476 83 371
476 84 0
476 85 31
476 86 15
476 87 19
476 88 2
476 89 1
476 90 181
476 91 26
476 92 287
476 93 22
476 94 4
476 95 178
501 1 5
501 2 3
501 3 1
501 4 5
501 5 18
501 6 46
501 7 78
501 8 22
501 9 43
501 10 19
501 11 4
501 12 6
501 13 291
501 14 7
501 15 7
501 16 8
501 17 0
501 18 408
501 19 10
501 20 67
501 21 1
501 22 0
501 23 2
501 24 3
501 25 11
501 26 12
501 27 10
501 28 18
501 29 2
501 30 9
501 31 0
501 32 0
501 33 57
501 34 3
501 35 48
501 36 28
501 37 3
501 38 21
501 39 53
501 40 3
501 41 1
501 42 15
501 43 11
501 44 6
501 45 7
501 46 6
501 47 17
501 48 9
501 49 178
501 50 0
501 51 1
501 52 1
501 53 615
501 54 9
501 55 23
501 56 11
501 57 2
501 58 14
501 59 7
501 60 118
501 61 6
501 62 5
501 63 616
501 64 3
501 65 7
501 66 3
501 67 49
501 68 2
501 69 6
501 70 142
501 71 28
501 72 34
501 73 1
501 74 15
501 75 85
501 76 23
501 77 9
501 78 0
501 79 1
501 80 1
501 81 91
501 82 194
501 83 397
501 84 3
501 85 21
501 86 19
501 87 26
501 88 4
501 89 2
501 90 120
501 91 7
501 92 302
501 93 32
501 94 3
501 95 157
526 1 8
526 2 6
526 3 1
526 4 7
526 5 21
526 6 72
526 7 95
526 8 11
526 9 21
526 10 12
526 11 2
526 12 4
526 13 232
526 14 5
526 15 3
526 16 26
526 17 11
526 18 417
526 19 2
526 20 82
526 21 3
526 22 3
526 23 16
526 24 4
526 25 25
526 26 5
526 27 6
526 28 17
526 29 0
526 30 20
526 31 3
526 32 2
526 33 49
526 34 4
526 35 51
526 36 34
526 37 11
526 38 6
526 39 57
526 40 1
526 41 1
526 42 11
526 43 42
526 44 2
526 45 5
526 46 1
526 47 25
526 48 20
526 49 176
526 50 4
526 51 2
526 52 9
526 53 583
526 54 15
526 55 29
526 56 15
526 57 0
526 58 0
526 59 5
526 60 153
526 61 4
526 62 42
526 63 580
526 64 9
526 65 10
526 66 7
526 67 57
526 68 0
526 69 4
526 70 175
526 71 32
526 72 38
526 73 0
526 74 20
526 75 110
526 76 1
526 77 19
526 78 4
526 79 6
526 80 1
526 81 107
526 82 197
526 83 390
526 84 5
526 85 16
526 86 28
526 87 20
526 88 2
526 89 2
526 90 123
526 91 4
526 92 305
526 93 25
526 94 1
526 95 124
551 1 21
551 2 2
551 3 2
551 4 5
551 5 28
551 6 72
551 7 102
551 8 2
551 9 27
551 10 9
551 11 13
551 12 2
551 13 226
551 14 12
551 15 39
551 16 28
551 17 14
551 18 417
551 19 9
551 20 98
551 21 2
551 22 1
551 23 26
551 24 2
551 25 64
551 26 0
551 27 15
551 28 23
551 29 0
551 30 15
551 31 0
551 32 5
551 33 48
551 34 15
551 35 85
551 36 37
551 37 5
551 38 6
551 39 62
551 40 0
551 41 3
551 42 12
551 43 43
551 44 1
551 45 2
551 46 3
551 47 23
551 48 28
551 49 151
551 50 0
551 51 2
551 52 4
551 53 532
551 54 22
551 55 18
551 56 13
551 57 6
551 58 2
551 59 6
551 60 91
551 61 0
551 62 74
551 63 607
551 64 20
551 65 17
551 66 5
551 67 60
551 68 1
551 69 5
551 70 179
551 71 20
551 72 35
551 73 3
551 74 18
551 75 140
551 76 2
551 77 7
551 78 6
551 79 2
551 80 4
551 81 49
551 82 174
551 83 332
551 84 4
551 85 3
551 86 18
551 87 11
551 88 1
551 89 4
551 90 134
551 91 2
551 92 280
551 93 20
551 94 0
551 95 125
576 1 25
576 2 10
576 3 1
576 4 7
576 5 35
576 6 49
576 7 89
576 8 3
576 9 58
576 10 13
576 11 3
576 12 9
576 13 268
576 14 8
576 15 20
576 16 33
576 17 22
576 18 453
576 19 13
576 20 89
576 21 1
576 22 0
576 23 19
576 24 3
576 25 44
576 26 3
576 27 9
576 28 40
576 29 2
576 30 20
576 31 3
576 32 6
576 33 38
576 34 40
576 35 92
576 36 30
576 37 2
576 38 2
576 39 61
576 40 3
576 41 10
576 42 10
576 43 38
576 44 3
576 45 3
576 46 6
576 47 20
576 48 83
576 49 184
576 50 0
576 51 8
576 52 8
576 53 438
576 54 17
576 55 9
576 56 0
576 57 2
576 58 1
576 59 3
576 60 85
576 61 3
576 62 62
576 63 581
576 64 20
576 65 26
576 66 6
576 67 42
576 68 2
576 69 11
576 70 175
576 71 17
576 72 30
576 73 5
576 74 23
576 75 144
576 76 6
576 77 1
576 78 14
576 79 1
576 80 3
576 81 35
576 82 162
576 83 354
576 84 1
576 85 1
576 86 12
576 87 6
576 88 4
576 89 3
576 90 129
576 91 0
576 92 257
576 93 14
576 94 1
576 95 162
601 1 27
601 2 6
601 3 2
601 4 4
601 5 26
601 6 40
601 7 83
601 8 6
601 9 54
601 10 17
601 11 0
601 12 1
601 13 259
601 14 6
601 15 18
601 16 33
601 17 11
601 18 444
601 19 10
601 20 74
601 21 2
601 22 3
601 23 16
601 24 7
601 25 12
601 26 5
601 27 5
601 28 49
601 29 10
601 30 36
601 31 6
601 32 0
601 33 37
601 34 21
601 35 82
601 36 42
601 37 3
601 38 1
601 39 64
601 40 3
601 41 20
601 42 11
601 43 54
601 44 2
601 45 2
601 46 3
601 47 19
601 48 52
601 49 155
601 50 3
601 51 22
601 52 5
601 53 433
601 54 13
601 55 0
601 56 1
601 57 3
601 58 3
601 59 1
601 60 92
601 61 6
601 62 68
601 63 601
601 64 16
601 65 17
601 66 4
601 67 52
601 68 2
601 69 12
601 70 161
601 71 49
601 72 27
601 73 4
601 74 25
601 75 126
601 76 21
601 77 6
601 78 8
601 79 2
601 80 5
601 81 26
601 82 154
601 83 348
601 84 1
601 85 4
601 86 3
601 87 3
601 88 5
601 89 0
601 90 134
601 91 19
601 92 256
601 93 21
601 94 3
601 95 260
626 1 40
626 2 1
626 3 9
626 4 2
626 5 16
626 6 72
626 7 71
626 8 2
626 9 77
626 10 12
626 11 20
626 12 0
626 13 248
626 14 4
626 15 6
626 16 16
626 17 16
626 18 463
626 19 4
626 20 45
626 21 1
626 22 0
626 23 3
626 24 0
626 25 1
626 26 1
626 27 0
626 28 40
626 29 10
626 30 11
626 31 0
626 32 3
626 33 21
626 34 0
626 35 74
626 36 36
626 37 5
626 38 0
626 39 65
626 40 2
626 41 35
626 42 3
626 43 66
626 44 2
626 45 5
626 46 1
626 47 22
626 48 43
626 49 126
626 50 2
626 51 21
626 52 6
626 53 427
626 54 39
626 55 1
626 56 2
626 57 3
626 58 0
626 59 2
626 60 68
626 61 5
626 62 88
626 63 590
626 64 46
626 65 2
626 66 4
626 67 68
626 68 2
626 69 4
626 70 210
626 71 63
626 72 17
626 73 5
626 74 21
626 75 112
626 76 16
626 77 4
626 78 11
626 79 2
626 80 2
626 81 27
626 82 156
626 83 349
626 84 1
626 85 4
626 86 6
626 87 9
626 88 2
626 89 2
626 90 116
626 91 31
626 92 280
626 93 24
626 94 11
626 95 335
651 1 35
651 2 2
651 3 2
651 4 1
651 5 11
651 6 85
651 7 81
651 8 9
651 9 74
651 10 6
651 11 18
651 12 3
651 13 268
651 14 13
651 15 21
651 16 14
651 17 12
651 18 463
651 19 11
651 20 39
651 21 11
651 22 7
651 23 0
651 24 2
651 25 0
651 26 4
651 27 2
651 28 40
651 29 2
651 30 1
651 31 2
651 32 5
651 33 12
651 34 1
651 35 51
651 36 27
651 37 1
651 38 1
651 39 76
651 40 2
651 41 23
651 42 9
651 43 58
651 44 4
651 45 2
651 46 1
651 47 11
651 48 31
651 49 140
651 50 0
651 51 16
651 52 1
651 53 460
651 54 29
651 55 2
651 56 0
651 57 1
651 58 2
651 59 0
651 60 59
651 61 3
651 62 83
651 63 598
651 64 38
651 65 0
651 66 6
651 67 84
651 68 2
651 69 3
651 70 220
651 71 65
651 72 21
651 73 5
651 74 23
651 75 81
651 76 21
651 77 16
651 78 1
651 79 0
651 80 9
651 81 31
651 82 183
651 83 383
651 84 4
651 85 5
651 86 2
651 87 2
651 88 5
651 89 3
651 90 106
651 91 38
651 92 258
651 93 24
651 94 12
651 95 304
676 1 40
676 2 10
676 3 3
676 4 2
676 5 9
676 6 66
676 7 88
676 8 14
676 9 60
676 10 17
676 11 33
676 12 3
676 13 272
676 14 12
676 15 41
676 16 10
676 17 13
676 18 468
676 19 12
676 20 27
676 21 12
676 22 3
676 23 7
676 24 1
676 25 1
676 26 3
676 27 1
676 28 22
676 29 2
676 30 3
676 31 2
676 32 0
676 33 14
676 34 2
676 35 44
676 36 18
676 37 0
676 38 1
676 39 59
676 40 2
676 41 27
676 42 7
676 43 43
676 44 9
676 45 5
676 46 1
676 47 2
676 48 8
676 49 136
676 50 0
676 51 14
676 52 1
676 53 431
676 54 21
676 55 0
676 56 2
676 57 4
676 58 1
676 59 4
676 60 87
676 61 6
676 62 57
676 63 638
676 64 34
676 65 4
676 66 5
676 67 63
676 68 1
676 69 2
676 70 182
676 71 118
676 72 27
676 73 1
676 74 29
676 75 84
676 76 32
676 77 9
676 78 2
676 79 3
676 80 3
676 81 13
676 82 169
676 83 325
676 84 22
676 85 8
676 86 2
676 87 5
676 88 2
676 89 0
676 90 135
676 91 35
676 92 226
676 93 43
676 94 8
676 95 339
701 1 44
701 2 5
701 3 4
701 4 5
701 5 7
701 6 123
701 7 94
701 8 25
701 9 64
701 10 8
701 11 27
701 12 3
701 13 264
701 14 14
701 15 32
701 16 16
701 17 36
701 18 481
701 19 1
701 20 35
701 21 18
701 22 8
701 23 19
701 24 5
701 25 25
701 26 3
701 27 2
701 28 18
701 29 2
701 30 9
701 31 2
701 32 6
701 33 16
701 34 11
701 35 38
701 36 21
701 37 5
701 38 2
701 39 58
701 40 10
701 41 36
701 42 2
701 43 38
701 44 5
701 45 1
701 46 2
701 47 5
701 48 3
701 49 130
701 50 4
701 51 18
701 52 1
701 53 438
701 54 13
701 55 0
701 56 1
701 57 7
701 58 0
701 59 9
701 60 76
701 61 1
701 62 39
701 63 591
701 64 12
701 65 3
701 66 1
701 67 87
701 68 4
701 69 3
701 70 194
701 71 155
701 72 13
701 73 2
701 74 65
701 75 89
701 76 21
701 77 10
701 78 1
701 79 2
701 80 3
701 81 31
701 82 182
701 83 298
701 84 20
701 85 4
701 86 9
701 87 2
701 88 1
701 89 0
701 90 157
701 91 22
701 92 216
701 93 51
701 94 2
701 95 345
726 1 39
726 2 1
726 3 4
726 4 18
726 5 18
726 6 125
726 7 102
726 8 34
726 9 72
726 10 15
726 11 22
726 12 2
726 13 255
726 14 4
726 15 22
726 16 23
726 17 58
726 18 483
726 19 4
726 20 39
726 21 8
726 22 8
726 23 22
726 24 2
726 25 37
726 26 2
726 27 0
726 28 21
726 29 0
726 30 4
726 31 2
726 32 4
726 33 30
726 34 5
726 35 30
726 36 21
726 37 7
726 38 2
726 39 49
726 40 10
726 41 41
726 42 0
726 43 44
726 44 2
726 45 2
726 46 8
726 47 0
726 48 2
726 49 101
726 50 3
726 51 3
726 52 0
726 53 428
726 54 0
726 55 3
726 56 2
726 57 10
726 58 2
726 59 5
726 60 75
726 61 0
726 62 89
726 63 588
726 64 4
726 65 0
726 66 3
726 67 80
726 68 0
726 69 2
726 70 194
726 71 195
726 72 12
726 73 3
726 74 63
726 75 62
726 76 24
726 77 18
726 78 4
726 79 0
726 80 3
726 81 28
726 82 161
726 83 231
726 84 20
726 85 0
726 86 7
726 87 0
726 88 3
726 89 1
726 90 124
726 91 31
726 92 206
726 93 60
726 94 1
726 95 384
751 1 37
751 2 3
751 3 20
751 4 16
751 5 26
751 6 141
751 7 104
751 8 34
751 9 59
751 10 17
751 11 5
751 12 0
751 13 232
751 14 13
751 15 15
751 16 27
751 17 47
751 18 430
751 19 3
751 20 56
751 21 5
751 22 13
751 23 30
751 24 0
751 25 8
751 26 2
751 27 1
751 28 25
751 29 1
751 30 6
751 31 1
751 32 11
751 33 15
751 34 4
751 35 35
751 36 47
751 37 12
751 38 3
751 39 48
751 40 5
751 41 39
751 42 0
751 43 69
751 44 9
751 45 2
751 46 3
751 47 5
751 48 5
751 49 174
751 50 7
751 51 1
751 52 2
751 53 472
751 54 2
751 55 1
751 56 0
751 57 5
751 58 4
751 59 3
751 60 88
751 61 4
751 62 51
751 63 521
751 64 4
751 65 1
751 66 5
751 67 62
751 68 2
751 69 2
751 70 176
751 71 191
751 72 5
751 73 2
751 74 45
751 75 50
751 76 24
751 77 32
751 78 1
751 79 5
751 80 0
751 81 24
751 82 145
751 83 222
751 84 0
751 85 5
751 86 0
751 87 0
751 88 4
751 89 3
751 90 123
751 91 29
751 92 202
751 93 47
751 94 5
751 95 451
776 1 43
776 2 5
776 3 23
776 4 9
776 5 17
776 6 133
776 7 100
776 8 22
776 9 82
776 10 12
776 11 15
776 12 2
776 13 208
776 14 6
776 15 53
776 16 5
776 17 20
776 18 423
776 19 0
776 20 42
776 21 10
776 22 5
776 23 20
776 24 3
776 25 16
776 26 2
776 27 1
776 28 25
776 29 0
776 30 9
776 31 5
776 32 8
776 33 8
776 34 8
776 35 15
776 36 25
776 37 9
776 38 0
776 39 59
776 40 4
776 41 36
776 42 1
776 43 101
776 44 6
776 45 1
776 46 10
776 47 3
776 48 1
776 49 179
776 50 2
776 51 3
776 52 2
776 53 453
776 54 8
776 55 4
776 56 0
776 57 19
776 58 1
776 59 1
776 60 61
776 61 9
776 62 59
776 63 505
776 64 3
776 65 2
776 66 5
776 67 58
776 68 1
776 69 2
776 70 162
776 71 197
776 72 1
776 73 1
776 74 48
776 75 60
776 76 33
776 77 16
776 78 1
776 79 11
776 80 4
776 81 41
776 82 149
776 83 250
776 84 6
776 85 2
776 86 0
776 87 4
776 88 6
776 89 6
776 90 111
776 91 23
776 92 216
776 93 36
776 94 10
776 95 467
801 1 34
801 2 0
801 3 13
801 4 0
801 5 31
801 6 104
801 7 102
801 8 24
801 9 107
801 10 22
801 11 13
801 12 3
801 13 183
801 14 0
801 15 34
801 16 2
801 17 4
801 18 431
801 19 3
801 20 37
801 21 7
801 22 2
801 23 19
801 24 4
801 25 35
801 26 4
801 27 0
801 28 20
801 29 4
801 30 28
801 31 4
801 32 17
801 33 5
801 34 11
801 35 3
801 36 43
801 37 6
801 38 5
801 39 55
801 40 1
801 41 6
801 42 7
801 43 97
801 44 16
801 45 2
801 46 9
801 47 0
801 48 5
801 49 204
801 50 2
801 51 15
801 52 2
801 53 407
801 54 1
801 55 2
801 56 0
801 57 11
801 58 2
801 59 4
801 60 42
801 61 4
801 62 75
801 63 518
801 64 1
801 65 2
801 66 1
801 67 46
801 68 4
801 69 0
801 70 166
801 71 206
801 72 2
801 73 1
801 74 55
801 75 56
801 76 48
801 77 28
801 78 1
801 79 32
801 80 1
801 81 53
801 82 178
801 83 229
801 84 7
801 85 6
801 86 6
801 87 4
801 88 1
801 89 21
801 90 129
801 91 52
801 92 184
801 93 29
801 94 24
801 95 505
826 1 31
826 2 5
826 3 11
826 4 2
826 5 35
826 6 72
826 7 80
826 8 27
826 9 83
826 10 12
826 11 20
826 12 1
826 13 183
826 14 4
826 15 35
826 16 14
826 17 0
826 18 452
826 19 0
826 20 46
826 21 14
826 22 2
826 23 9
826 24 2
826 25 18
826 26 2
826 27 6
826 28 1
826 29 0
826 30 25
826 31 3
826 32 27
826 33 3
826 34 40
826 35 1
826 36 42
826 37 5
826 38 3
826 39 52
826 40 5
826 41 6
826 42 3
826 43 85
826 44 15
826 45 0
826 46 16
826 47 4
826 48 4
826 49 207
826 50 14
826 51 32
826 52 2
826 53 409
826 54 3
826 55 2
826 56 4
826 57 7
826 58 0
826 59 4
826 60 52
826 61 0
826 62 75
826 63 446
826 64 2
826 65 3
826 66 0
826 67 46
826 68 3
826 69 3
826 70 150
826 71 185
826 72 1
826 73 0
826 74 68
826 75 67
826 76 55
826 77 26
826 78 2
826 79 22
826 80 9
826 81 54
826 82 155
826 83 228
826 84 5
826 85 12
826 86 1
826 87 10
826 88 3
826 89 12
826 90 109
826 91 60
826 92 208
826 93 23
826 94 28
826 95 542
851 1 36
851 2 2
851 3 4
851 4 1
851 5 21
851 6 74
851 7 49
851 8 24
851 9 106
851 10 11
851 11 3
851 12 1
851 13 152
851 14 1
851 15 35
851 16 17
851 17 9
851 18 424
851 19 1
851 20 53
851 21 6
851 22 0
851 23 2
851 24 4
851 25 40
851 26 5
851 27 0
851 28 3
851 29 1
851 30 7
851 31 2
851 32 31
851 33 6
851 34 30
851 35 1
851 36 40
851 37 15
851 38 0
851 39 59
851 40 4
851 41 10
851 42 4
851 43 87
851 44 18
851 45 0
851 46 25
851 47 17
851 48 12
851 49 174
851 50 6
851 51 34
851 52 3
851 53 371
851 54 3
851 55 4
851 56 2
851 57 5
851 58 1
851 59 2
851 60 52
851 61 4
851 62 94
851 63 506
851 64 7
851 65 0
851 66 1
851 67 46
851 68 14
851 69 3
851 70 186
851 71 178
851 72 33
851 73 4
851 74 69
851 75 63
851 76 48
851 77 12
851 78 4
851 79 0
851 80 1
851 81 39
851 82 190
851 83 232
851 84 4
851 85 12
851 86 0
851 87 19
851 88 3
851 89 26
851 90 113
851 91 67
851 92 185
851 93 18
851 94 21
851 95 493
876 1 22
876 2 6
876 3 3
876 4 3
876 5 22
876 6 60
876 7 54
876 8 18
876 9 132
876 10 9
876 11 4
876 12 4
876 13 124
876 14 6
876 15 30
876 16 8
876 17 9
876 18 439
876 19 7
876 20 69
876 21 2
876 22 4
876 23 0
876 24 1
876 25 54
876 26 1
876 27 0
876 28 1
876 29 2
876 30 2
876 31 0
876 32 30
876 33 0
876 34 6
876 35 13
876 36 42
876 37 26
876 38 2
876 39 49
876 40 6
876 41 41
876 42 3
876 43 64
876 44 3
876 45 5
876 46 2
876 47 28
876 48 7
876 49 263
876 50 0
876 51 35
876 52 3
876 53 377
876 54 0
876 55 5
876 56 4
876 57 3
876 58 2
876 59 2
876 60 60
876 61 2
876 62 122
876 63 486
876 64 3
876 65 1
876 66 0
876 67 41
876 68 22
876 69 6
876 70 246
876 71 195
876 72 46
876 73 4
876 74 72
876 75 41
876 76 58
876 77 5
876 78 9
876 79 1
876 80 1
876 81 55
876 82 156
876 83 244
876 84 1
876 85 18
876 86 3
876 87 26
876 88 1
876 89 16
876 90 108
876 91 63
876 92 192
876 93 24
876 94 23
876 95 395
901 1 30
901 2 3
901 3 1
901 4 4
901 5 27
901 6 99
901 7 84
901 8 6
901 9 96
901 10 8
901 11 3
901 12 0
901 13 129
901 14 3
901 15 34
901 16 15
901 17 13
901 18 381
901 19 9
901 20 74
901 21 7
901 22 3
901 23 12
901 24 6
901 25 39
901 26 3
901 27 0
901 28 1
901 29 6
901 30 8
901 31 1
901 32 10
901 33 6
901 34 14
901 35 26
901 36 41
901 37 18
901 38 1
901 39 33
901 40 1
901 41 41
901 42 6
901 43 41
901 44 7
901 45 1
901 46 0
901 47 42
901 48 4
901 49 282
901 50 2
901 51 22
901 52 1
901 53 397
901 54 3
901 55 2
901 56 4
901 57 1
901 58 0
901 59 2
901 60 79
901 61 1
901 62 100
901 63 501
901 64 2
901 65 2
901 66 2
901 67 40
901 68 35
901 69 16
901 70 218
901 71 130
901 72 18
901 73 2
901 74 53
901 75 28
901 76 57
901 77 9
901 78 14
901 79 0
901 80 3
901 81 104
901 82 152
901 83 199
901 84 6
901 85 40
901 86 1
901 87 28
901 88 3
901 89 24
901 90 99
901 91 48
901 92 197
901 93 15
901 94 30
901 95 379
926 1 41
926 2 4
926 3 3
926 4 0
926 5 18
926 6 80
926 7 88
926 8 8
926 9 87
926 10 11
926 11 0
926 12 3
926 13 126
926 14 9
926 15 22
926 16 7
926 17 5
926 18 393
926 19 39
926 20 102
926 21 8
926 22 3
926 23 24
926 24 6
926 25 3
926 26 4
926 27 3
926 28 3
926 29 4
926 30 26
926 31 15
926 32 6
926 33 5
926 34 6
926 35 21
926 36 41
926 37 14
926 38 5
926 39 50
926 40 0
926 41 37
926 42 9
926 43 36
926 44 19
926 45 5
926 46 3
926 47 39
926 48 8
926 49 290
926 50 1
926 51 40
926 52 3
926 53 369
926 54 2
926 55 5
926 56 1
926 57 8
926 58 1
926 59 2
926 60 108
926 61 0
926 62 105
926 63 512
926 64 2
926 65 0
926 66 2
926 67 24
926 68 7
926 69 4
926 70 240
926 71 136
926 72 22
926 73 2
926 74 72
926 75 37
926 76 24
926 77 13
926 78 1
926 79 2
926 80 8
926 81 129
926 82 169
926 83 154
926 84 23
926 85 21
926 86 3
926 87 30
926 88 2
926 89 3
926 90 118
926 91 36
926 92 206
926 93 57
926 94 20
926 95 419
951 1 71
951 2 1
951 3 0
951 4 6
951 5 30
951 6 63
951 7 64
951 8 31
951 9 79
951 10 10
951 11 0
951 12 0
951 13 163
951 14 14
951 15 45
951 16 2
951 17 14
951 18 422
951 19 15
951 20 87
951 21 11
951 22 3
951 23 15
951 24 2
951 25 2
951 26 1
951 27 2
951 28 3
951 29 0
951 30 31
951 31 15
951 32 1
951 33 13
951 34 11
951 35 26
951 36 42
951 37 11
951 38 2
951 39 56
951 40 2
951 41 45
951 42 3
951 43 26
951 44 27
951 45 1
951 46 2
951 47 23
951 48 4
951 49 269
951 50 4
951 51 38
951 52 0
951 53 377
951 54 3
951 55 2
951 56 3
951 57 10
951 58 4
951 59 3
951 60 93
951 61 5
951 62 111
951 63 442
951 64 1
951 65 9
951 66 3
951 67 46
951 68 16
951 69 2
951 70 267
951 71 128
951 72 30
951 73 3
951 74 69
951 75 19
951 76 19
951 77 8
951 78 0
951 79 4
951 80 2
951 81 126
951 82 168
951 83 187
951 84 18
951 85 15
951 86 8
951 87 32
951 88 1
951 89 0
951 90 119
951 91 41
951 92 200
951 93 40
951 94 4
951 95 386
976 1 49
976 2 2
976 3 2
976 4 8
976 5 17
976 6 42
976 7 63
976 8 15
976 9 81
976 10 12
976 11 2
976 12 1
976 13 143
976 14 14
976 15 50
976 16 7
976 17 1
976 18 446
976 19 9
976 20 78
976 21 18
976 22 1
976 23 10
976 24 3
976 25 8
976 26 3
976 27 1
976 28 2
976 29 1
976 30 51
976 31 10
976 32 2
976 33 36
976 34 6
976 35 27
976 36 36
976 37 15
976 38 9
976 39 59
976 40 1
976 41 57
976 42 3
976 43 17
976 44 23
976 45 2
976 46 0
976 47 1
976 48 10
976 49 206
976 50 3
976 51 32
976 52 13
976 53 360
976 54 5
976 55 2
976 56 6
976 57 0
976 58 3
976 59 9
976 60 113
976 61 22
976 62 133
976 63 430
976 64 3
976 65 31
976 66 3
976 67 52
976 68 10
976 69 5
976 70 265
976 71 124
976 72 58
976 73 6
976 74 55
976 75 25
976 76 25
976 77 17
976 78 7
976 79 20
976 80 2
976 81 108
976 82 157
976 83 183
976 84 26
976 85 10
976 86 14
976 87 28
976 88 0
976 89 2
976 90 129
976 91 27
976 92 291
976 93 35
976 94 14
976 95 345
1001 1 53
1001 2 23
1001 3 4
1001 4 2
1001 5 14
1001 6 34
1001 7 62
1001 8 19
1001 9 82
1001 10 22
1001 11 2
1001 12 24
1001 13 185
1001 14 12
1001 15 74
1001 16 7
1001 17 2
1001 18 447
1001 19 3
1001 20 66
1001 21 4
1001 22 11
1001 23 5
1001 24 2
1001 25 2
1001 26 6
1001 27 1
1001 28 4
1001 29 1
1001 30 39
1001 31 1
1001 32 3
1001 33 53
1001 34 5
1001 35 26
1001 36 14
1001 37 13
1001 38 5
1001 39 48
1001 40 5
1001 41 78
1001 42 6
1001 43 10
1001 44 31
1001 45 2
1001 46 2
1001 47 14
1001 48 13
1001 49 124
1001 50 0
1001 51 34
1001 52 8
1001 53 367
1001 54 0
1001 55 3
1001 56 19
1001 57 7
1001 58 2
1001 59 5
1001 60 81
1001 61 7
1001 62 146
1001 63 387
1001 64 0
1001 65 22
1001 66 2
1001 67 48
1001 68 1
1001 69 1
1001 70 276
1001 71 102
1001 72 15
1001 73 5
1001 74 32
1001 75 39
1001 76 40
1001 77 12
1001 78 22
1001 79 34
1001 80 5
1001 81 80
1001 82 186
1001 83 213
1001 84 18
1001 85 25
1001 86 17
1001 87 49
1001 88 3
1001 89 5
1001 90 116
1001 91 20
1001 92 304
1001 93 38
1001 94 37
1001 95 308
1026 1 44
1026 2 18
1026 3 2
1026 4 2
1026 5 5
1026 6 28
1026 7 78
1026 8 20
1026 9 60
1026 10 14
1026 11 6
1026 12 5
1026 13 165
1026 14 5
1026 15 134
1026 16 7
1026 17 4
1026 18 496
1026 19 1
1026 20 43
1026 21 4
1026 22 5
1026 23 11
1026 24 1
1026 25 7
1026 26 5
1026 27 2
1026 28 2
1026 29 2
1026 30 49
1026 31 2
1026 32 1
1026 33 56
1026 34 2
1026 35 8
1026 36 10
1026 37 22
1026 38 0
1026 39 14
1026 40 5
1026 41 105
1026 42 3
1026 43 4
1026 44 16
1026 45 4
1026 46 5
1026 47 17
1026 48 4
1026 49 135
1026 50 3
1026 51 21
1026 52 3
1026 53 436
1026 54 0
1026 55 4
1026 56 3
1026 57 7
1026 58 4
1026 59 1
1026 60 112
1026 61 3
1026 62 154
1026 63 373
1026 64 4
1026 65 18
1026 66 2
1026 67 67
1026 68 7
1026 69 13
1026 70 287
1026 71 136
1026 72 13
1026 73 7
1026 74 33
1026 75 66
1026 76 65
1026 77 21
1026 78 22
1026 79 38
1026 80 0
1026 81 44
1026 82 155
1026 83 261
1026 84 18
1026 85 31
1026 86 9
1026 87 36
1026 88 0
1026 89 2
1026 90 131
1026 91 47
1026 92 265
1026 93 42
1026 94 24
1026 95 261
1051 1 49
1051 2 1
1051 3 2
1051 4 3
1051 5 1
1051 6 38
1051 7 57
1051 8 26
1051 9 54
1051 10 13
1051 11 2
1051 12 9
1051 13 166
1051 14 12
1051 15 105
1051 16 2
1051 17 1
1051 18 456
1051 19 2
1051 20 30
1051 21 1
1051 22 1
1051 23 41
1051 24 32
1051 25 17
1051 26 1
1051 27 2
1051 28 0
1051 29 0
1051 30 36
1051 31 0
1051 32 3
1051 33 38
1051 34 1
1051 35 6
1051 36 20
1051 37 20
1051 38 1
1051 39 23
1051 40 6
1051 41 124
1051 42 4
1051 43 0
1051 44 7
1051 45 17
1051 46 7
1051 47 0
1051 48 0
1051 49 97
1051 50 4
1051 51 22
1051 52 5
1051 53 404
1051 54 2
1051 55 0
1051 56 3
1051 57 3
1051 58 1
1051 59 1
1051 60 146
1051 61 3
1051 62 198
1051 63 409
1051 64 0
1051 65 6
1051 66 14
1051 67 66
1051 68 2
1051 69 27
1051 70 248
1051 71 186
1051 72 6
1051 73 3
1051 74 50
1051 75 108
1051 76 46
1051 77 18
1051 78 21
1051 79 37
1051 80 2
1051 81 36
1051 82 177
1051 83 232
1051 84 14
1051 85 25
1051 86 20
1051 87 1
1051 88 5
1051 89 6
1051 90 117
1051 91 28
1051 92 282
1051 93 66
1051 94 31
1051 95 257
1076 1 44
1076 2 3
1076 3 3
1076 4 1
1076 5 5
1076 6 35
1076 7 62
1076 8 37
1076 9 79
1076 10 16
1076 11 3
1076 12 3
1076 13 129
1076 14 23
1076 15 128
1076 16 6
1076 17 1
1076 18 486
1076 19 7
1076 20 25
1076 21 4
1076 22 1
1076 23 30
1076 24 19
1076 25 28
1076 26 3
1076 27 0
1076 28 0
1076 29 1
1076 30 55
1076 31 5
1076 32 7
1076 33 33
1076 34 4
1076 35 1
1076 36 12
1076 37 3
1076 38 4
1076 39 21
1076 40 3
1076 41 132
1076 42 0
1076 43 3
1076 44 12
1076 45 19
1076 46 10
1076 47 1
1076 48 6
1076 49 101
1076 50 5
1076 51 10
1076 52 3
1076 53 413
1076 54 2
1076 55 7
1076 56 2
1076 57 5
1076 58 23
1076 59 2
1076 60 168
1076 61 9
1076 62 162
1076 63 494
1076 64 2
1076 65 13
1076 66 10
1076 67 35
1076 68 1
1076 69 23
1076 70 246
1076 71 187
1076 72 9
1076 73 1
1076 74 31
1076 75 114
1076 76 38
1076 77 22
1076 78 22
1076 79 23
1076 80 0
1076 81 42
1076 82 188
1076 83 207
1076 84 17
1076 85 18
1076 86 19
1076 87 1
1076 88 2
1076 89 4
1076 90 113
1076 91 46
1076 92 264
1076 93 57
1076 94 23
1076 95 233
1101 1 56
1101 2 3
1101 3 1
1101 4 5
1101 5 13
1101 6 35
1101 7 59
1101 8 43
1101 9 46
1101 10 22
1101 11 1
1101 12 1
1101 13 135
1101 14 32
1101 15 100
1101 16 18
1101 17 10
1101 18 491
1101 19 2
1101 20 34
1101 21 5
1101 22 9
1101 23 36
1101 24 16
1101 25 28
1101 26 1
1101 27 8
1101 28 2
1101 29 1
1101 30 66
1101 31 1
1101 32 10
1101 33 39
1101 34 2
1101 35 4
1101 36 14
1101 37 3
1101 38 3
1101 39 27
1101 40 5
1101 41 102
1101 42 1
1101 43 7
1101 44 10
1101 45 23
1101 46 0
1101 47 1
1101 48 18
1101 49 121
1101 50 0
1101 51 15
1101 52 19
1101 53 330
1101 54 10
1101 55 0
1101 56 3
1101 57 0
1101 58 24
1101 59 2
1101 60 171
1101 61 6
1101 62 152
1101 63 483
1101 64 3
1101 65 23
1101 66 2
1101 67 11
1101 68 0
1101 69 6
1101 70 249
1101 71 155
1101 72 4
1101 73 9
1101 74 16
1101 75 94
1101 76 25
1101 77 17
1101 78 16
1101 79 19
1101 80 3
1101 81 36
1101 82 214
1101 83 261
1101 84 11
1101 85 14
1101 86 13
1101 87 9
1101 88 6
1101 89 4
1101 90 109
1101 91 52
1101 92 263
1101 93 43
1101 94 9
1101 95 301
1126 1 50
1126 2 3
1126 3 2
1126 4 4
1126 5 0
1126 6 30
1126 7 56
1126 8 43
1126 9 26
1126 10 18
1126 11 1
1126 12 0
1126 13 132
1126 14 30
1126 15 106
1126 16 19
1126 17 14
1126 18 545
1126 19 9
1126 20 26
1126 21 2
1126 22 5
1126 23 9
1126 24 9
1126 25 35
1126 26 18
1126 27 1
1126 28 3
1126 29 1
1126 30 71
1126 31 2
1126 32 15
1126 33 72
1126 34 0
1126 35 9
1126 36 21
1126 37 11
1126 38 1
1126 39 20
1126 40 3
1126 41 104
1126 42 13
1126 43 21
1126 44 1
1126 45 16
1126 46 2
1126 47 1
1126 48 26
1126 49 111
1126 50 2
1126 51 12
1126 52 5
1126 53 311
1126 54 19
1126 55 4
1126 56 4
1126 57 2
1126 58 18
1126 59 5
1126 60 161
1126 61 5
1126 62 155
1126 63 600
1126 64 2
1126 65 18
1126 66 1
1126 67 29
1126 68 1
1126 69 2
1126 70 200
1126 71 136
1126 72 0
1126 73 1
1126 74 19
1126 75 69
1126 76 23
1126 77 12
1126 78 20
1126 79 22
1126 80 2
1126 81 53
1126 82 197
1126 83 310
1126 84 11
1126 85 11
1126 86 4
1126 87 5
1126 88 23
1126 89 2
1126 90 117
1126 91 44
1126 92 267
1126 93 24
1126 94 4
1126 95 303
1151 1 38
1151 2 1
1151 3 2
1151 4 10
1151 5 1
1151 6 40
1151 7 71
1151 8 67
1151 9 43
1151 10 23
1151 11 4
1151 12 4
1151 13 88
1151 14 34
1151 15 90
1151 16 17
1151 17 43
1151 18 488
1151 19 6
1151 20 36
1151 21 3
1151 22 3
1151 23 17
1151 24 18
1151 25 34
1151 26 11
1151 27 3
1151 28 3
1151 29 4
1151 30 57
1151 31 7
1151 32 4
1151 33 80
1151 34 2
1151 35 15
1151 36 7
1151 37 6
1151 38 2
1151 39 36
1151 40 4
1151 41 113
1151 42 2
1151 43 28
1151 44 2
1151 45 20
1151 46 4
1151 47 2
1151 48 65
1151 49 134
1151 50 2
1151 51 1
1151 52 3
1151 53 274
1151 54 27
1151 55 4
1151 56 2
1151 57 2
1151 58 28
1151 59 14
1151 60 92
1151 61 1
1151 62 163
1151 63 626
1151 64 2
1151 65 9
1151 66 0
1151 67 17
1151 68 1
1151 69 1
1151 70 224
1151 71 156
1151 72 5
1151 73 2
1151 74 19
1151 75 53
1151 76 19
1151 77 20
1151 78 10
1151 79 30
1151 80 0
1151 81 72
1151 82 236
1151 83 247
1151 84 4
1151 85 3
1151 86 6
1151 87 7
1151 88 16
1151 89 2
1151 90 111
1151 91 58
1151 92 224
1151 93 23
1151 94 2
1151 95 276
1176 1 44
1176 2 2
1176 3 9
1176 4 15
1176 5 3
1176 6 10
1176 7 70
1176 8 45
1176 9 30
1176 10 7
1176 11 3
1176 12 6
1176 13 87
1176 14 28
1176 15 123
1176 16 11
1176 17 70
1176 18 572
1176 19 16
1176 20 30
1176 21 15
1176 22 1
1176 23 43
1176 24 2
1176 25 21
1176 26 2
1176 27 5
1176 28 26
1176 29 2
1176 30 44
1176 31 1
1176 32 2
1176 33 87
1176 34 5
1176 35 17
1176 36 30
1176 37 6
1176 38 0
1176 39 32
1176 40 3
1176 41 100
1176 42 10
1176 43 27
1176 44 4
1176 45 28
1176 46 7
1176 47 4
1176 48 49
1176 49 125
1176 50 0
1176 51 7
1176 52 13
1176 53 272
1176 54 24
1176 55 3
1176 56 2
1176 57 4
1176 58 24
1176 59 2
1176 60 103
1176 61 0
1176 62 161
1176 63 586
1176 64 2
1176 65 14
1176 66 6
1176 67 38
1176 68 1
1176 69 5
1176 70 163
1176 71 150
1176 72 6
1176 73 0
1176 74 25
1176 75 40
1176 76 24
1176 77 18
1176 78 2
1176 79 26
1176 80 0
1176 81 151
1176 82 222
1176 83 213
1176 84 5
1176 85 2
1176 86 4
1176 87 26
1176 88 3
1176 89 1
1176 90 123
1176 91 59
1176 92 240
1176 93 17
1176 94 4
1176 95 191
1201 1 20
1201 2 5
1201 3 4
1201 4 19
1201 5 3
1201 6 20
1201 7 57
1201 8 59
1201 9 24
1201 10 4
1201 11 9
1201 12 4
1201 13 77
1201 14 20
1201 15 143
1201 16 19
1201 17 61
1201 18 520
1201 19 22
1201 20 54
1201 21 10
1201 22 6
1201 23 26
1201 24 2
1201 25 10
1201 26 2
1201 27 7
1201 28 26
1201 29 6
1201 30 25
1201 31 1
1201 32 1
1201 33 63
1201 34 4
1201 35 16
1201 36 11
1201 37 20
1201 38 7
1201 39 33
1201 40 0
1201 41 100
1201 42 1
1201 43 37
1201 44 2
1201 45 6
1201 46 3
1201 47 2
1201 48 69
1201 49 161
1201 50 4
1201 51 7
1201 52 13
1201 53 336
1201 54 21
1201 55 4
1201 56 1
1201 57 5
1201 58 19
1201 59 2
1201 60 93
1201 61 7
1201 62 158
1201 63 625
1201 64 3
1201 65 7
1201 66 21
1201 67 50
1201 68 2
1201 69 6
1201 70 175
1201 71 150
1201 72 2
1201 73 5
1201 74 18
1201 75 35
1201 76 24
1201 77 23
1201 78 2
1201 79 42
1201 80 3
1201 81 161
1201 82 240
1201 83 184
1201 84 5
1201 85 5
1201 86 5
1201 87 24
1201 88 1
1201 89 15
1201 90 108
1201 91 30
1201 92 217
1201 93 21
1201 94 2
1201 95 213
1226 1 35
1226 2 0
1226 3 2
1226 4 22
1226 5 0
1226 6 16
1226 7 61
1226 8 46
1226 9 20
1226 10 2
1226 11 2
1226 12 3
1226 13 113
1226 14 4
1226 15 110
1226 16 17
1226 17 50
1226 18 497
1226 19 5
1226 20 87
1226 21 1
1226 22 2
1226 23 25
1226 24 1
1226 25 24
1226 26 16
1226 27 8
1226 28 33
1226 29 8
1226 30 37
1226 31 1
1226 32 2
1226 33 69
1226 34 12
1226 35 18
1226 36 18
1226 37 20
1226 38 4
1226 39 58
1226 40 0
1226 41 79
1226 42 0
1226 43 53
1226 44 6
1226 45 1
1226 46 5
1226 47 2
1226 48 55
1226 49 185
1226 50 1
1226 51 11
1226 52 18
1226 53 340
1226 54 18
1226 55 2
1226 56 3
1226 57 1
1226 58 8
1226 59 9
1226 60 121
1226 61 7
1226 62 148
1226 63 652
1226 64 3
1226 65 4
1226 66 37
1226 67 70
1226 68 1
1226 69 8
1226 70 169
1226 71 113
1226 72 1
1226 73 2
1226 74 13
1226 75 91
1226 76 24
1226 77 30
1226 78 4
1226 79 39
1226 80 2
1226 81 133
1226 82 252
1226 83 159
1226 84 2
1226 85 1
1226 86 7
1226 87 27
1226 88 1
1226 89 12
1226 90 84
1226 91 17
1226 92 227
1226 93 18
1226 94 6
1226 95 176
1251 1 56
1251 2 2
1251 3 2
1251 4 4
1251 5 4
1251 6 17
1251 7 77
1251 8 27
1251 9 23
1251 10 0
1251 11 0
1251 12 3
1251 13 121
1251 14 5
1251 15 99
1251 16 22
1251 17 75
1251 18 480
1251 19 5
1251 20 77
1251 21 3
1251 22 4
1251 23 17
1251 24 4
1251 25 30
1251 26 16
1251 27 2
1251 28 49
1251 29 7
1251 30 44
1251 31 5
1251 32 3
1251 33 55
1251 34 8
1251 35 19
1251 36 15
1251 37 28
1251 38 0
1251 39 60
1251 40 1
1251 41 79
1251 42 13
1251 43 57
1251 44 8
1251 45 4
1251 46 5
1251 47 5
1251 48 74
1251 49 193
1251 50 3
1251 51 2
1251 52 14
1251 53 329
1251 54 5
1251 55 6
1251 56 0
1251 57 2
1251 58 0
1251 59 1
1251 60 95
1251 61 1
1251 62 156
1251 63 681
1251 64 0
1251 65 4
1251 66 12
1251 67 63
1251 68 5
1251 69 4
1251 70 152
1251 71 100
1251 72 11
1251 73 2
1251 74 20
1251 75 108
1251 76 14
1251 77 15
1251 78 6
1251 79 25
1251 80 6
1251 81 107
1251 82 230
1251 83 204
1251 84 2
1251 85 10
1251 86 2
1251 87 14
1251 88 1
1251 89 24
1251 90 89
1251 91 28
1251 92 204
1251 93 18
1251 94 1
1251 95 152
1276 1 52
1276 2 2
1276 3 4
1276 4 2
1276 5 10
1276 6 5
1276 7 84
1276 8 15
1276 9 66
1276 10 3
1276 11 3
1276 12 4
1276 13 53
1276 14 6
1276 15 119
1276 16 36
1276 17 79
1276 18 427
1276 19 11
1276 20 80
1276 21 3
1276 22 5
1276 23 7
1276 24 6
1276 25 39
1276 26 23
1276 27 3
1276 28 69
1276 29 2
1276 30 20
1276 31 5
1276 32 5
1276 33 63
1276 34 10
1276 35 19
1276 36 19
1276 37 17
1276 38 2
1276 39 25
1276 40 2
1276 41 77
1276 42 3
1276 43 77
1276 44 1
1276 45 3
1276 46 1
1276 47 0
1276 48 65
1276 49 217
1276 50 1
1276 51 2
1276 52 12
1276 53 294
1276 54 4
1276 55 3
1276 56 4
1276 57 2
1276 58 10
1276 59 8
1276 60 113
1276 61 3
1276 62 163
1276 63 630
1276 64 1
1276 65 8
1276 66 32
1276 67 59
1276 68 8
1276 69 0
1276 70 134
1276 71 102
1276 72 25
1276 73 4
1276 74 17
1276 75 131
1276 76 1
1276 77 17
1276 78 0
1276 79 3
1276 80 2
1276 81 126
1276 82 211
1276 83 237
1276 84 1
1276 85 24
1276 86 8
1276 87 27
1276 88 6
1276 89 33
1276 90 112
1276 91 30
1276 92 225
1276 93 31
1276 94 0
1276 95 173
1301 1 34
1301 2 2
1301 3 2
1301 4 1
1301 5 5
1301 6 10
1301 7 88
1301 8 25
1301 9 62
1301 10 18
1301 11 2
1301 12 2
1301 13 73
1301 14 16
1301 15 153
1301 16 28
1301 17 62
1301 18 419
1301 19 6
1301 20 67
1301 21 21
1301 22 0
1301 23 5
1301 24 6
1301 25 28
1301 26 18
1301 27 0
1301 28 54
1301 29 1
1301 30 7
1301 31 2
1301 32 1
1301 33 64
1301 34 10
1301 35 4
1301 36 2
1301 37 19
1301 38 4
1301 39 21
1301 40 2
1301 41 104
1301 42 4
1301 43 80
1301 44 2
1301 45 2
1301 46 7
1301 47 1
1301 48 76
1301 49 215
1301 50 1
1301 51 7
1301 52 12
1301 53 274
1301 54 27
1301 55 9
1301 56 1
1301 57 1
1301 58 3
1301 59 4
1301 60 144
1301 61 4
1301 62 115
1301 63 660
1301 64 1
1301 65 1
1301 66 21
1301 67 53
1301 68 5
1301 69 2
1301 70 106
1301 71 106
1301 72 23
1301 73 1
1301 74 32
1301 75 134
1301 76 1
1301 77 20
1301 78 1
1301 79 1
1301 80 3
1301 81 107
1301 82 203
1301 83 195
1301 84 2
1301 85 22
1301 86 2
1301 87 52
1301 88 5
1301 89 24
1301 90 140
1301 91 30
1301 92 200
1301 93 9
1301 94 4
1301 95 199
1326 1 34
1326 2 1
1326 3 2
1326 4 0
1326 5 2
1326 6 14
1326 7 94
1326 8 24
1326 9 78
1326 10 11
1326 11 3
1326 12 1
1326 13 95
1326 14 5
1326 15 123
1326 16 19
1326 17 53
1326 18 463
1326 19 1
1326 20 68
1326 21 23
1326 22 2
1326 23 2
1326 24 2
1326 25 20
1326 26 10
1326 27 1
1326 28 43
1326 29 1
1326 30 4
1326 31 24
1326 32 5
1326 33 44
1326 34 37
1326 35 21
1326 36 2
1326 37 15
1326 38 2
1326 39 19
1326 40 4
1326 41 101
1326 42 5
1326 43 49
1326 44 3
1326 45 2
1326 46 16
1326 47 1
1326 48 21
1326 49 284
1326 50 2
1326 51 7
1326 52 14
1326 53 309
1326 54 27
1326 55 10
1326 56 6
1326 57 2
1326 58 0
1326 59 5
1326 60 145
1326 61 12
1326 62 84
1326 63 710
1326 64 9
1326 65 5
1326 66 31
1326 67 58
1326 68 9
1326 69 0
1326 70 91
1326 71 95
1326 72 40
1326 73 10
1326 74 29
1326 75 115
1326 76 0
1326 77 16
1326 78 1
1326 79 4
1326 80 14
1326 81 91
1326 82 204
1326 83 229
1326 84 3
1326 85 21
1326 86 3
1326 87 21
1326 88 4
1326 89 25
1326 90 144
1326 91 21
1326 92 238
1326 93 1
1326 94 9
1326 95 189
1351 1 45
1351 2 6
1351 3 3
1351 4 1
1351 5 2
1351 6 11
1351 7 85
1351 8 4
1351 9 59
1351 10 11
1351 11 1
1351 12 7
1351 13 100
1351 14 8
1351 15 106
1351 16 30
1351 17 46
1351 18 491
1351 19 13
1351 20 38
1351 21 18
1351 22 2
1351 23 16
1351 24 2
1351 25 0
1351 26 18
1351 27 8
1351 28 30
1351 29 4
1351 30 7
1351 31 22
1351 32 5
1351 33 76
1351 34 19
1351 35 26
1351 36 1
1351 37 24
1351 38 2
1351 39 40
1351 40 1
1351 41 62
1351 42 3
1351 43 42
1351 44 3
1351 45 0
1351 46 10
1351 47 12
1351 48 19
1351 49 276
1351 50 5
1351 51 21
1351 52 13
1351 53 408
1351 54 6
1351 55 14
1351 56 0
1351 57 2
1351 58 4
1351 59 2
1351 60 130
1351 61 3
1351 62 63
1351 63 680
1351 64 3
1351 65 3
1351 66 23
1351 67 66
1351 68 3
1351 69 8
1351 70 102
1351 71 78
1351 72 27
1351 73 13
1351 74 41
1351 75 117
1351 76 3
1351 77 19
1351 78 0
1351 79 2
1351 80 10
1351 81 84
1351 82 224
1351 83 222
1351 84 5
1351 85 5
1351 86 3
1351 87 5
1351 88 2
1351 89 23
1351 90 145
1351 91 30
1351 92 235
1351 93 0
1351 94 1
1351 95 160
1376 1 43
1376 2 3
1376 3 10
1376 4 19
1376 5 4
1376 6 48
1376 7 62
1376 8 18
1376 9 70
1376 10 0
1376 11 3
1376 12 2
1376 13 88
1376 14 13
1376 15 92
1376 16 13
1376 17 25
1376 18 438
1376 19 3
1376 20 83
1376 21 11
1376 22 2
1376 23 26
1376 24 9
1376 25 2
1376 26 13
1376 27 19
1376 28 17
1376 29 1
1376 30 7
1376 31 5
1376 32 1
1376 33 84
1376 34 33
1376 35 8
1376 36 2
1376 37 2
1376 38 17
1376 39 29
1376 40 3
1376 41 66
1376 42 4
1376 43 52
1376 44 1
1376 45 3
1376 46 6
1376 47 17
1376 48 45
1376 49 299
1376 50 6
1376 51 24
1376 52 11
1376 53 452
1376 54 5
1376 55 5
1376 56 1
1376 57 1
1376 58 22
1376 59 1
1376 60 131
1376 61 1
1376 62 52
1376 63 658
1376 64 20
1376 65 2
1376 66 9
1376 67 57
1376 68 2
1376 69 1
1376 70 84
1376 71 126
1376 72 22
1376 73 17
1376 74 20
1376 75 74
1376 76 4
1376 77 6
1376 78 0
1376 79 9
1376 80 6
1376 81 68
1376 82 240
1376 83 238
1376 84 11
1376 85 5
1376 86 9
1376 87 6
1376 88 2
1376 89 12
1376 90 136
1376 91 44
1376 92 249
1376 93 1
1376 94 2
1376 95 133
1401 1 44
1401 2 4
1401 3 4
1401 4 3
1401 5 2
1401 6 69
1401 7 88
1401 8 21
1401 9 68
1401 10 3
1401 11 8
1401 12 0
1401 13 112
1401 14 10
1401 15 59
1401 16 2
1401 17 21
1401 18 503
1401 19 0
1401 20 59
1401 21 13
1401 22 3
1401 23 9
1401 24 1
1401 25 2
1401 26 3
1401 27 4
1401 28 32
1401 29 1
1401 30 1
1401 31 6
1401 32 1
1401 33 79
1401 34 20
1401 35 0
1401 36 4
1401 37 3
1401 38 19
1401 39 40
1401 40 0
1401 41 53
1401 42 7
1401 43 59
1401 44 1
1401 45 5
1401 46 4
1401 47 22
1401 48 64
1401 49 277
1401 50 4
1401 51 17
1401 52 9
1401 53 475
1401 54 20
1401 55 12
1401 56 4
1401 57 3
1401 58 14
1401 59 2
1401 60 151
1401 61 10
1401 62 59
1401 63 673
1401 64 12
1401 65 6
1401 66 4
1401 67 61
1401 68 0
1401 69 1
1401 70 108
1401 71 117
1401 72 33
1401 73 8
1401 74 24
1401 75 63
1401 76 3
1401 77 3
1401 78 1
1401 79 0
1401 80 4
1401 81 57
1401 82 210
1401 83 232
1401 84 25
1401 85 15
1401 86 3
1401 87 5
1401 88 7
1401 89 12
1401 90 134
1401 91 30
1401 92 294
1401 93 1
1401 94 2
1401 95 107
1426 1 45
1426 2 0
1426 3 0
1426 4 4
1426 5 18
1426 6 61
1426 7 85
1426 8 19
1426 9 47
1426 10 6
1426 11 1
1426 12 4
1426 13 109
1426 14 14
1426 15 41
1426 16 5
1426 17 19
1426 18 530
1426 19 2
1426 20 77
1426 21 22
1426 22 0
1426 23 4
1426 24 0
1426 25 6
1426 26 12
1426 27 1
1426 28 68
1426 29 2
1426 30 3
1426 31 15
1426 32 4
1426 33 68
1426 34 15
1426 35 1
1426 36 26
1426 37 1
1426 38 17
1426 39 26
1426 40 2
1426 41 68
1426 42 23
1426 43 69
1426 44 3
1426 45 6
1426 46 1
1426 47 17
1426 48 49
1426 49 275
1426 50 0
1426 51 8
1426 52 7
1426 53 469
1426 54 12
1426 55 4
1426 56 2
1426 57 0
1426 58 3
1426 59 4
1426 60 126
1426 61 25
1426 62 106
1426 63 707
1426 64 20
1426 65 2
1426 66 6
1426 67 56
1426 68 0
1426 69 1
1426 70 79
1426 71 102
1426 72 30
1426 73 3
1426 74 25
1426 75 52
1426 76 2
1426 77 8
1426 78 1
1426 79 2
1426 80 0
1426 81 41
1426 82 206
1426 83 249
1426 84 3
1426 85 24
1426 86 1
1426 87 9
1426 88 1
1426 89 1
1426 90 134
1426 91 42
1426 92 288
1426 93 1
1426 94 9
1426 95 130
1451 1 45
1451 2 2
1451 3 1
1451 4 4
1451 5 2
1451 6 51
1451 7 74
1451 8 9
1451 9 32
1451 10 20
1451 11 2
1451 12 4
1451 13 124
1451 14 7
1451 15 44
1451 16 1
1451 17 23
1451 18 477
1451 19 5
1451 20 58
1451 21 36
1451 22 1
1451 23 1
1451 24 5
1451 25 6
1451 26 10
1451 27 2
1451 28 62
1451 29 6
1451 30 12
1451 31 3
1451 32 2
1451 33 66
1451 34 18
1451 35 1
1451 36 22
1451 37 3
1451 38 23
1451 39 23
1451 40 4
1451 41 69
1451 42 7
1451 43 50
1451 44 13
1451 45 3
1451 46 3
1451 47 15
1451 48 45
1451 49 225
1451 50 1
1451 51 8
1451 52 0
1451 53 439
1451 54 10
1451 55 1
1451 56 5
1451 57 1
1451 58 1
1451 59 4
1451 60 98
1451 61 25
1451 62 79
1451 63 685
1451 64 21
1451 65 3
1451 66 5
1451 67 63
1451 68 4
1451 69 8
1451 70 132
1451 71 128
1451 72 16
1451 73 3
1451 74 16
1451 75 86
1451 76 14
1451 77 12
1451 78 3
1451 79 1
1451 80 3
1451 81 39
1451 82 240
1451 83 283
1451 84 5
1451 85 13
1451 86 6
1451 87 9
1451 88 4
1451 89 4
1451 90 137
1451 91 67
1451 92 300
1451 93 1
1451 94 8
1451 95 112
1476 1 32
1476 2 3
1476 3 4
1476 4 1
1476 5 0
1476 6 62
1476 7 76
1476 8 21
1476 9 29
1476 10 16
1476 11 3
1476 12 1
1476 13 109
1476 14 2
1476 15 42
1476 16 4
1476 17 11
1476 18 507
1476 19 15
1476 20 62
1476 21 48
1476 22 2
1476 23 29
1476 24 5
1476 25 2
1476 26 9
1476 27 0
1476 28 46
1476 29 1
1476 30 33
1476 31 0
1476 32 4
1476 33 93
1476 34 31
1476 35 9
1476 36 18
1476 37 1
1476 38 2
1476 39 16
1476 40 7
1476 41 46
1476 42 25
1476 43 48
1476 44 7
1476 45 10
1476 46 6
1476 47 7
1476 48 18
1476 49 179
1476 50 2
1476 51 3
1476 52 5
1476 53 371
1476 54 18
1476 55 0
1476 56 3
1476 57 16
1476 58 1
1476 59 1
1476 60 102
1476 61 35
1476 62 46
1476 63 712
1476 64 2
1476 65 17
1476 66 4
1476 67 59
1476 68 8
1476 69 5
1476 70 148
1476 71 107
1476 72 13
1476 73 5
1476 74 51
1476 75 82
1476 76 13
1476 77 7
1476 78 2
1476 79 4
1476 80 2
1476 81 36
1476 82 210
1476 83 362
1476 84 10
1476 85 17
1476 86 8
1476 87 3
1476 88 0
1476 89 1
1476 90 136
1476 91 80
1476 92 309
1476 93 2
1476 94 13
1476 95 96
1501 1 21
1501 2 3
1501 3 2
1501 4 3
1501 5 6
1501 6 64
1501 7 90
1501 8 20
1501 9 53
1501 10 31
1501 11 12
1501 12 1
1501 13 138
1501 14 2
1501 15 41
1501 16 11
1501 17 17
1501 18 518
1501 19 5
1501 20 64
1501 21 49
1501 22 1
1501 23 21
1501 24 2
1501 25 14
1501 26 6
1501 27 2
1501 28 51
1501 29 6
1501 30 16
1501 31 11
1501 32 11
1501 33 77
1501 34 23
1501 35 22
1501 36 33
1501 37 3
1501 38 12
1501 39 20
1501 40 14
1501 41 18
1501 42 26
1501 43 54
1501 44 28
1501 45 8
1501 46 4
1501 47 8
1501 48 34
1501 49 150
1501 50 2
1501 51 4
1501 52 8
1501 53 366
1501 54 17
1501 55 2
1501 56 0
1501 57 18
1501 58 2
1501 59 2
1501 60 88
1501 61 36
1501 62 49
1501 63 698
1501 64 2
1501 65 13
1501 66 3
1501 67 38
1501 68 4
1501 69 3
1501 70 146
1501 71 129
1501 72 5
1501 73 0
1501 74 35
1501 75 68
1501 76 1
1501 77 2
1501 78 4
1501 79 8
1501 80 2
1501 81 31
1501 82 203
1501 83 366
1501 84 2
1501 85 11
1501 86 4
1501 87 1
1501 88 10
1501 89 0
1501 90 118
1501 91 92
1501 92 308
1501 93 3
1501 94 5
1501 95 73
1526 1 25
1526 2 3
1526 3 17
1526 4 2
1526 5 3
1526 6 83
1526 7 69
1526 8 18
1526 9 39
1526 10 16
1526 11 29
1526 12 1
1526 13 213
1526 14 1
1526 15 62
1526 16 15
1526 17 24
1526 18 495
1526 19 2
1526 20 48
1526 21 15
1526 22 0
1526 23 45
1526 24 1
1526 25 28
1526 26 0
1526 27 2
1526 28 52
1526 29 1
1526 30 9
1526 31 8
1526 32 9
1526 33 62
1526 34 32
1526 35 20
1526 36 28
1526 37 1
1526 38 15
1526 39 19
1526 40 8
1526 41 11
1526 42 11
1526 43 49
1526 44 38
1526 45 1
1526 46 2
1526 47 0
1526 48 37
1526 49 193
1526 50 4
1526 51 3
1526 52 1
1526 53 363
1526 54 6
1526 55 4
1526 56 3
1526 57 21
1526 58 1
1526 59 5
1526 60 77
1526 61 13
1526 62 31
1526 63 684
1526 64 3
1526 65 6
1526 66 3
1526 67 45
1526 68 4
1526 69 2
1526 70 141
1526 71 84
1526 72 4
1526 73 5
1526 74 55
1526 75 88
1526 76 3
1526 77 9
1526 78 1
1526 79 3
1526 80 4
1526 81 25
1526 82 267
1526 83 356
1526 84 5
1526 85 3
1526 86 0
1526 87 2
1526 88 2
1526 89 0
1526 90 96
1526 91 92
1526 92 304
1526 93 2
1526 94 9
1526 95 91
1551 1 24
1551 2 3
1551 3 2
1551 4 4
1551 5 1
1551 6 100
1551 7 89
1551 8 12
1551 9 34
1551 10 20
1551 11 43
1551 12 3
1551 13 268
1551 14 6
1551 15 52
1551 16 17
1551 17 17
1551 18 568
1551 19 6
1551 20 49
1551 21 0
1551 22 0
1551 23 50
1551 24 0
1551 25 30
1551 26 3
1551 27 2
1551 28 69
1551 29 1
1551 30 3
1551 31 5
1551 32 28
1551 33 68
1551 34 17
1551 35 22
1551 36 25
1551 37 0
1551 38 25
1551 39 15
1551 40 4
1551 41 32
1551 42 2
1551 43 58
1551 44 47
1551 45 2
1551 46 3
1551 47 12
1551 48 38
1551 49 252
1551 50 3
1551 51 3
1551 52 4
1551 53 326
1551 54 4
1551 55 3
1551 56 4
1551 57 24
1551 58 3
1551 59 4
1551 60 101
1551 61 1
1551 62 38
1551 63 659
1551 64 2
1551 65 1
1551 66 4
1551 67 26
1551 68 7
1551 69 2
1551 70 139
1551 71 89
1551 72 32
1551 73 17
1551 74 39
1551 75 72
1551 76 3
1551 77 1
1551 78 2
1551 79 2
1551 80 0
1551 81 57
1551 82 263
1551 83 327
1551 84 5
1551 85 0
1551 86 1
1551 87 20
1551 88 9
1551 89 2
1551 90 75
1551 91 37
1551 92 252
1551 93 0
1551 94 7
1551 95 118
1576 1 38
1576 2 0
1576 3 9
1576 4 0
1576 5 2
1576 6 141
1576 7 88
1576 8 14
1576 9 36
1576 10 5
1576 11 37
1576 12 5
1576 13 226
1576 14 4
1576 15 55
1576 16 27
1576 17 3
1576 18 536
1576 19 8
1576 20 54
1576 21 3
1576 22 2
1576 23 63
1576 24 2
1576 25 26
1576 26 5
1576 27 1
1576 28 46
1576 29 0
1576 30 2
1576 31 3
1576 32 9
1576 33 86
1576 34 26
1576 35 7
1576 36 23
1576 37 1
1576 38 18
1576 39 20
1576 40 2
1576 41 24
1576 42 1
1576 43 64
1576 44 48
1576 45 10
1576 46 0
1576 47 17
1576 48 35
1576 49 247
1576 50 1
1576 51 1
1576 52 4
1576 53 319
1576 54 16
1576 55 1
1576 56 2
1576 57 14
1576 58 6
1576 59 3
1576 60 73
1576 61 0
1576 62 35
1576 63 678
1576 64 5
1576 65 0
1576 66 8
1576 67 14
1576 68 4
1576 69 18
1576 70 131
1576 71 69
1576 72 33
1576 73 30
1576 74 44
1576 75 70
1576 76 18
1576 77 3
1576 78 2
1576 79 0
1576 80 5
1576 81 58
1576 82 326
1576 83 282
1576 84 12
1576 85 2
1576 86 1
1576 87 39
1576 88 4
1576 89 1
1576 90 104
1576 91 15
1576 92 241
1576 93 1
1576 94 7
1576 95 128
1601 1 30
1601 2 3
1601 3 0
1601 4 13
1601 5 1
1601 6 127
1601 7 85
1601 8 37
1601 9 25
1601 10 3
1601 11 30
1601 12 4
1601 13 239
1601 14 6
1601 15 43
1601 16 28
1601 17 5
1601 18 526
1601 19 9
1601 20 68
1601 21 24
1601 22 1
1601 23 46
1601 24 1
1601 25 18
1601 26 1
1601 27 3
1601 28 54
1601 29 3
1601 30 1
1601 31 3
1601 32 8
1601 33 61
1601 34 22
1601 35 1
1601 36 24
1601 37 11
1601 38 14
1601 39 31
1601 40 1
1601 41 26
1601 42 1
1601 43 50
1601 44 64
1601 45 11
1601 46 4
1601 47 1
1601 48 22
1601 49 257
1601 50 0
1601 51 1
1601 52 3
1601 53 265
1601 54 2
1601 55 5
1601 56 4
1601 57 26
1601 58 1
1601 59 0
1601 60 107
1601 61 3
1601 62 18
1601 63 685
1601 64 3
1601 65 1
1601 66 3
1601 67 17
1601 68 8
1601 69 43
1601 70 123
1601 71 69
1601 72 23
1601 73 12
1601 74 44
1601 75 53
1601 76 5
1601 77 1
1601 78 3
1601 79 1
1601 80 9
1601 81 74
1601 82 299
1601 83 291
1601 84 1
1601 85 4
1601 86 1
1601 87 37
1601 88 2
1601 89 4
1601 90 106
1601 91 35
1601 92 248
1601 93 1
1601 94 34
1601 95 101
1626 1 51
1626 2 3
1626 3 0
1626 4 19
1626 5 2
1626 6 113
1626 7 58
1626 8 43
1626 9 19
1626 10 2
1626 11 24
1626 12 3
1626 13 274
1626 14 4
1626 15 29
1626 16 4
1626 17 3
1626 18 503
1626 19 3
1626 20 48
1626 21 8
1626 22 1
1626 23 50
1626 24 1
1626 25 26
1626 26 2
1626 27 4
1626 28 43
1626 29 8
1626 30 1
1626 31 3
1626 32 3
1626 33 68
1626 34 23
1626 35 3
1626 36 14
1626 37 23
1626 38 9
1626 39 18
1626 40 3
1626 41 32
1626 42 5
1626 43 75
1626 44 49
1626 45 6
1626 46 9
1626 47 6
1626 48 5
1626 49 219
1626 50 1
1626 51 3
1626 52 4
1626 53 254
1626 54 0
1626 55 1
1626 56 5
1626 57 26
1626 58 5
1626 59 2
1626 60 108
1626 61 2
1626 62 35
1626 63 708
1626 64 0
1626 65 3
1626 66 4
1626 67 30
1626 68 2
1626 69 14
1626 70 97
1626 71 57
1626 72 27
1626 73 17
1626 74 22
1626 75 35
1626 76 1
1626 77 2
1626 78 2
1626 79 3
1626 80 8
1626 81 61
1626 82 269
1626 83 323
1626 84 1
1626 85 1
1626 86 0
1626 87 35
1626 88 2
1626 89 0
1626 90 115
1626 91 78
1626 92 245
1626 93 6
1626 94 49
1626 95 152
1651 1 24
1651 2 2
1651 3 0
1651 4 30
1651 5 2
1651 6 106
1651 7 67
1651 8 34
1651 9 25
1651 10 5
1651 11 22
1651 12 1
1651 13 290
1651 14 2
1651 15 42
1651 16 4
1651 17 6
1651 18 545
1651 19 1
1651 20 56
1651 21 5
1651 22 3
1651 23 37
1651 24 2
1651 25 12
1651 26 10
1651 27 3
1651 28 40
1651 29 6
1651 30 0
1651 31 1
1651 32 2
1651 33 70
1651 34 12
1651 35 2
1651 36 7
1651 37 13
1651 38 17
1651 39 32
1651 40 2
1651 41 35
1651 42 1
1651 43 98
1651 44 40
1651 45 6
1651 46 3
1651 47 4
1651 48 9
1651 49 205
1651 50 0
1651 51 1
1651 52 2
1651 53 256
1651 54 0
1651 55 6
1651 56 1
1651 57 12
1651 58 1
1651 59 6
1651 60 90
1651 61 4
1651 62 30
1651 63 750
1651 64 5
1651 65 3
1651 66 3
1651 67 42
1651 68 5
1651 69 22
1651 70 119
1651 71 77
1651 72 15
1651 73 19
1651 74 21
1651 75 21
1651 76 2
1651 77 1
1651 78 22
1651 79 5
1651 80 10
1651 81 39
1651 82 314
1651 83 396
1651 84 6
1651 85 2
1651 86 2
1651 87 40
1651 88 2
1651 89 7
1651 90 104
1651 91 99
1651 92 178
1651 93 4
1651 94 34
1651 95 187
1676 1 28
1676 2 1
1676 3 4
1676 4 29
1676 5 1
1676 6 91
1676 7 94
1676 8 28
1676 9 21
1676 10 1
1676 11 25
1676 12 5
1676 13 185
1676 14 2
1676 15 58
1676 16 1
1676 17 19
1676 18 571
1676 19 11
1676 20 100
1676 21 3
1676 22 3
1676 23 4
1676 24 8
1676 25 27
1676 26 18
1676 27 6
1676 28 41
1676 29 2
1676 30 5
1676 31 2
1676 32 2
1676 33 57
1676 34 10
1676 35 11
1676 36 3
1676 37 2
1676 38 20
1676 39 44
1676 40 0
1676 41 14
1676 42 6
1676 43 82
1676 44 41
1676 45 3
1676 46 5
1676 47 2
1676 48 7
1676 49 188
1676 50 2
1676 51 2
1676 52 6
1676 53 255
1676 54 2
1676 55 3
1676 56 1
1676 57 0
1676 58 2
1676 59 2
1676 60 95
1676 61 3
1676 62 59
1676 63 745
1676 64 0
1676 65 1
1676 66 2
1676 67 24
1676 68 10
1676 69 4
1676 70 104
1676 71 96
1676 72 23
1676 73 13
1676 74 29
1676 75 19
1676 76 4
1676 77 2
1676 78 14
1676 79 4
1676 80 5
1676 81 22
1676 82 318
1676 83 408
1676 84 13
1676 85 0
1676 86 1
1676 87 41
1676 88 1
1676 89 2
1676 90 81
1676 91 61
1676 92 183
1676 93 2
1676 94 14
1676 95 310
1701 1 9
1701 2 0
1701 3 2
1701 4 12
1701 5 3
1701 6 63
1701 7 105
1701 8 24
1701 9 10
1701 10 10
1701 11 31
1701 12 7
1701 13 187
1701 14 5
1701 15 87
1701 16 4
1701 17 29
1701 18 538
1701 19 9
1701 20 79
1701 21 4
1701 22 0
1701 23 4
1701 24 2
1701 25 8
1701 26 12
1701 27 2
1701 28 57
1701 29 1
1701 30 1
1701 31 3
1701 32 1
1701 33 86
1701 34 12
1701 35 11
1701 36 2
1701 37 0
1701 38 16
1701 39 55
1701 40 3
1701 41 12
1701 42 4
1701 43 86
1701 44 22
1701 45 7
1701 46 0
1701 47 4
1701 48 4
1701 49 160
1701 50 0
1701 51 1
1701 52 1
1701 53 263
1701 54 16
1701 55 1
1701 56 2
1701 57 0
1701 58 1
1701 59 4
1701 60 125
1701 61 1
1701 62 76
1701 63 765
1701 64 5
1701 65 9
1701 66 1
1701 67 8
1701 68 5
1701 69 8
1701 70 99
1701 71 73
1701 72 16
1701 73 0
1701 74 33
1701 75 15
1701 76 4
1701 77 8
1701 78 23
1701 79 4
1701 80 1
1701 81 34
1701 82 285
1701 83 386
1701 84 15
1701 85 7
1701 86 1
1701 87 51
1701 88 13
1701 89 1
1701 90 118
1701 91 49
1701 92 202
1701 93 3
1701 94 15
1701 95 344
1726 1 24
1726 2 3
1726 3 6
1726 4 1
1726 5 3
1726 6 76
1726 7 82
1726 8 21
1726 9 4
1726 10 7
1726 11 32
1726 12 14
1726 13 157
1726 14 1
1726 15 96
1726 16 14
1726 17 17
1726 18 543
1726 19 29
1726 20 54
1726 21 7
1726 22 9
1726 23 21
1726 24 1
1726 25 7
1726 26 5
1726 27 1
1726 28 42
1726 29 1
1726 30 5
1726 31 4
1726 32 3
1726 33 82
1726 34 9
1726 35 6
1726 36 3
1726 37 8
1726 38 33
1726 39 56
1726 40 6
1726 41 4
1726 42 3
1726 43 81
1726 44 31
1726 45 3
1726 46 3
1726 47 2
1726 48 3
1726 49 117
1726 50 2
1726 51 6
1726 52 6
1726 53 228
1726 54 8
1726 55 3
1726 56 6
1726 57 1
1726 58 2
1726 59 2
1726 60 116
1726 61 1
1726 62 88
1726 63 712
1726 64 5
1726 65 15
1726 66 3
1726 67 17
1726 68 3
1726 69 0
1726 70 108
1726 71 88
1726 72 18
1726 73 2
1726 74 23
1726 75 28
1726 76 2
1726 77 14
1726 78 9
1726 79 5
1726 80 6
1726 81 61
1726 82 305
1726 83 365
1726 84 22
1726 85 0
1726 86 3
1726 87 37
1726 88 23
1726 89 3
1726 90 108
1726 91 46
1726 92 226
1726 93 7
1726 94 21
1726 95 339
1751 1 26
1751 2 1
1751 3 2
1751 4 3
1751 5 6
1751 6 71
1751 7 75
1751 8 22
1751 9 27
1751 10 1
1751 11 27
1751 12 7
1751 13 119
1751 14 7
1751 15 113
1751 16 31
1751 17 14
1751 18 539
1751 19 26
1751 20 30
1751 21 1
1751 22 9
1751 23 19
1751 24 2
1751 25 43
1751 26 1
1751 27 2
1751 28 70
1751 29 4
1751 30 3
1751 31 1
1751 32 1
1751 33 70
1751 34 11
1751 35 14
1751 36 4
1751 37 3
1751 38 30
1751 39 66
1751 40 1
1751 41 3
1751 42 4
1751 43 92
1751 44 21
1751 45 7
1751 46 2
1751 47 2
1751 48 19
1751 49 155
1751 50 0
1751 51 2
1751 52 5
1751 53 274
1751 54 2
1751 55 3
1751 56 2
1751 57 3
1751 58 5
1751 59 9
1751 60 136
1751 61 13
1751 62 72
1751 63 725
1751 64 4
1751 65 11
1751 66 2
1751 67 24
1751 68 5
1751 69 5
1751 70 152
1751 71 120
1751 72 17
1751 73 1
1751 74 21
1751 75 30
1751 76 3
1751 77 5
1751 78 13
1751 79 2
1751 80 2
1751 81 56
1751 82 269
1751 83 292
1751 84 13
1751 85 0
1751 86 3
1751 87 43
1751 88 26
1751 89 3
1751 90 128
1751 91 14
1751 92 215
1751 93 7
1751 94 24
1751 95 274
1776 1 20
1776 2 2
1776 3 2
1776 4 0
1776 5 10
1776 6 51
1776 7 94
1776 8 22
1776 9 8
1776 10 1
1776 11 24
1776 12 1
1776 13 92
1776 14 26
1776 15 121
1776 16 53
1776 17 14
1776 18 573
1776 19 13
1776 20 29
1776 21 1
1776 22 13
1776 23 15
1776 24 2
1776 25 47
1776 26 2
1776 27 2
1776 28 68
1776 29 8
1776 30 4
1776 31 9
1776 32 2
1776 33 45
1776 34 0
1776 35 6
1776 36 9
1776 37 7
1776 38 24
1776 39 41
1776 40 2
1776 41 22
1776 42 4
1776 43 68
1776 44 5
1776 45 5
1776 46 3
1776 47 1
1776 48 6
1776 49 182
1776 50 3
1776 51 2
1776 52 10
1776 53 374
1776 54 5
1776 55 1
1776 56 2
1776 57 12
1776 58 1
1776 59 10
1776 60 146
1776 61 5
1776 62 24
1776 63 665
1776 64 2
1776 65 6
1776 66 5
1776 67 19
1776 68 6
1776 69 1
1776 70 188
1776 71 132
1776 72 24
1776 73 6
1776 74 29
1776 75 37
1776 76 2
1776 77 9
1776 78 20
1776 79 4
1776 80 3
1776 81 88
1776 82 293
1776 83 283
1776 84 21
1776 85 0
1776 86 0
1776 87 36
1776 88 24
1776 89 0
1776 90 113
1776 91 3
1776 92 218
1776 93 5
1776 94 9
1776 95 204
1801 1 15
1801 2 1
1801 3 3
1801 4 7
1801 5 2
1801 6 59
1801 7 84
1801 8 6
1801 9 48
1801 10 3
1801 11 26
1801 12 0
1801 13 83
1801 14 32
1801 15 103
1801 16 30
1801 17 8
1801 18 544
1801 19 2
1801 20 40
1801 21 0
1801 22 8
1801 23 3
1801 24 1
1801 25 31
1801 26 10
1801 27 2
1801 28 52
1801 29 3
1801 30 6
1801 31 14
1801 32 5
1801 33 44
1801 34 1
1801 35 10
1801 36 5
1801 37 15
1801 38 22
1801 39 36
1801 40 4
1801 41 96
1801 42 6
1801 43 67
1801 44 13
1801 45 4
1801 46 2
1801 47 2
1801 48 9
1801 49 202
1801 50 2
1801 51 4
1801 52 11
1801 53 397
1801 54 12
1801 55 1
1801 56 14
1801 57 8
1801 58 0
1801 59 13
1801 60 136
1801 61 3
1801 62 41
1801 63 694
1801 64 2
1801 65 11
1801 66 6
1801 67 19
1801 68 4
1801 69 4
1801 70 173
1801 71 151
1801 72 23
1801 73 4
1801 74 34
1801 75 52
1801 76 2
1801 77 3
1801 78 5
1801 79 9
1801 80 2
1801 81 87
1801 82 296
1801 83 251
1801 84 5
1801 85 1
1801 86 2
1801 87 22
1801 88 38
1801 89 3
1801 90 110
1801 91 11
1801 92 198
1801 93 21
1801 94 4
1801 95 180
1826 1 8
1826 2 6
1826 3 19
1826 4 2
1826 5 29
1826 6 67
1826 7 75
1826 8 19
1826 9 88
1826 10 12
1826 11 27
1826 12 18
1826 13 92
1826 14 13
1826 15 96
1826 16 32
1826 17 41
1826 18 561
1826 19 5
1826 20 88
1826 21 4
1826 22 2
1826 23 2
1826 24 3
1826 25 10
1826 26 4
1826 27 1
1826 28 52
1826 29 5
1826 30 8
1826 31 20
1826 32 0
1826 33 32
1826 34 1
1826 35 2
1826 36 18
1826 37 14
1826 38 24
1826 39 31
1826 40 3
1826 41 67
1826 42 2
1826 43 112
1826 44 3
1826 45 3
1826 46 10
1826 47 2
1826 48 5
1826 49 229
1826 50 0
1826 51 3
1826 52 16
1826 53 479
1826 54 1
1826 55 5
1826 56 4
1826 57 22
1826 58 4
1826 59 2
1826 60 139
1826 61 5
1826 62 54
1826 63 594
1826 64 2
1826 65 21
1826 66 2
1826 67 26
1826 68 2
1826 69 2
1826 70 170
1826 71 124
1826 72 11
1826 73 1
1826 74 28
1826 75 51
1826 76 23
1826 77 1
1826 78 0
1826 79 3
1826 80 3
1826 81 80
1826 82 301
1826 83 219
1826 84 3
1826 85 3
1826 86 13
1826 87 9
1826 88 35
1826 89 2
1826 90 94
1826 91 3
1826 92 195
1826 93 16
1826 94 3
1826 95 174
1851 1 18
1851 2 0
1851 3 19
1851 4 3
1851 5 14
1851 6 74
1851 7 66
1851 8 22
1851 9 98
1851 10 18
1851 11 28
1851 12 18
1851 13 92
1851 14 3
1851 15 49
1851 16 34
1851 17 47
1851 18 487
1851 19 1
1851 20 93
1851 21 1
1851 22 1
1851 23 11
1851 24 1
1851 25 6
1851 26 10
1851 27 2
1851 28 30
1851 29 1
1851 30 14
1851 31 17
1851 32 4
1851 33 74
1851 34 5
1851 35 5
1851 36 5
1851 37 23
1851 38 15
1851 39 38
1851 40 3
1851 41 67
1851 42 4
1851 43 107
1851 44 2
1851 45 5
1851 46 14
1851 47 0
1851 48 16
1851 49 222
1851 50 4
1851 51 3
1851 52 9
1851 53 452
1851 54 2
1851 55 7
1851 56 4
1851 57 23
1851 58 2
1851 59 7
1851 60 119
1851 61 2
1851 62 52
1851 63 564
1851 64 1
1851 65 18
1851 66 9
1851 67 26
1851 68 5
1851 69 6
1851 70 159
1851 71 106
1851 72 11
1851 73 6
1851 74 27
1851 75 66
1851 76 23
1851 77 3
1851 78 4
1851 79 2
1851 80 6
1851 81 63
1851 82 295
1851 83 247
1851 84 9
1851 85 8
1851 86 14
1851 87 7
1851 88 38
1851 89 3
1851 90 115
1851 91 5
1851 92 261
1851 93 3
1851 94 1
1851 95 153
1876 1 16
1876 2 6
1876 3 5
1876 4 0
1876 5 6
1876 6 70
1876 7 84
1876 8 10
1876 9 101
1876 10 12
1876 11 9
1876 12 26
1876 13 77
1876 14 3
1876 15 44
1876 16 8
1876 17 62
1876 18 512
1876 19 1
1876 20 122
1876 21 2
1876 22 6
1876 23 7
1876 24 6
1876 25 18
1876 26 5
1876 27 3
1876 28 50
1876 29 2
1876 30 12
1876 31 3
1876 32 5
1876 33 62
1876 34 1
1876 35 2
1876 36 3
1876 37 19
1876 38 7
1876 39 54
1876 40 11
1876 41 57
1876 42 0
1876 43 113
1876 44 8
1876 45 2
1876 46 6
1876 47 3
1876 48 30
1876 49 239
1876 50 2
1876 51 2
1876 52 11
1876 53 409
1876 54 1
1876 55 3
1876 56 6
1876 57 15
1876 58 4
1876 59 24
1876 60 141
1876 61 8
1876 62 50
1876 63 616
1876 64 0
1876 65 14
1876 66 0
1876 67 9
1876 68 2
1876 69 4
1876 70 134
1876 71 87
1876 72 5
1876 73 1
1876 74 44
1876 75 73
1876 76 17
1876 77 4
1876 78 2
1876 79 0
1876 80 3
1876 81 58
1876 82 294
1876 83 260
1876 84 7
1876 85 32
1876 86 14
1876 87 15
1876 88 42
1876 89 15
1876 90 138
1876 91 11
1876 92 252
1876 93 4
1876 94 1
1876 95 144
1901 1 19
1901 2 2
1901 3 5
1901 4 11
1901 5 3
1901 6 72
1901 7 70
1901 8 3
1901 9 82
1901 10 16
1901 11 28
1901 12 27
1901 13 75
1901 14 4
1901 15 43
1901 16 2
1901 17 79
1901 18 513
1901 19 3
1901 20 139
1901 21 5
1901 22 4
1901 23 8
1901 24 0
1901 25 31
1901 26 20
1901 27 2
1901 28 57
1901 29 0
1901 30 4
1901 31 5
1901 32 3
1901 33 62
1901 34 8
1901 35 7
1901 36 1
1901 37 3
1901 38 2
1901 39 41
1901 40 21
1901 41 41
1901 42 5
1901 43 87
1901 44 5
1901 45 7
1901 46 2
1901 47 5
1901 48 15
1901 49 246
1901 50 4
1901 51 0
1901 52 11
1901 53 474
1901 54 25
1901 55 1
1901 56 1
1901 57 19
1901 58 0
1901 59 13
1901 60 125
1901 61 1
1901 62 53
1901 63 646
1901 64 3
1901 65 1
1901 66 2
1901 67 5
1901 68 3
1901 69 30
1901 70 147
1901 71 97
1901 72 6
1901 73 3
1901 74 57
1901 75 75
1901 76 28
1901 77 21
1901 78 5
1901 79 1
1901 80 4
1901 81 72
1901 82 272
1901 83 230
1901 84 2
1901 85 19
1901 86 20
1901 87 22
1901 88 37
1901 89 2
1901 90 104
1901 91 18
1901 92 229
1901 93 1
1901 94 1
1901 95 134
1926 1 23
1926 2 1
1926 3 10
1926 4 15
1926 5 2
1926 6 82
1926 7 58
1926 8 6
1926 9 143
1926 10 21
1926 11 7
1926 12 14
1926 13 43
1926 14 1
1926 15 50
1926 16 2
1926 17 76
1926 18 551
1926 19 2
1926 20 138
1926 21 3
1926 22 0
1926 23 11
1926 24 13
1926 25 33
1926 26 5
1926 27 10
1926 28 53
1926 29 1
1926 30 7
1926 31 4
1926 32 3
1926 33 80
1926 34 5
1926 35 1
1926 36 2
1926 37 2
1926 38 1
1926 39 41
1926 40 6
1926 41 43
1926 42 1
1926 43 111
1926 44 1
1926 45 0
1926 46 4
1926 47 3
1926 48 12
1926 49 253
1926 50 2
1926 51 1
1926 52 7
1926 53 452
1926 54 14
1926 55 1
1926 56 3
1926 57 14
1926 58 13
1926 59 7
1926 60 103
1926 61 3
1926 62 68
1926 63 619
1926 64 1
1926 65 2
1926 66 3
1926 67 5
1926 68 2
1926 69 35
1926 70 85
1926 71 79
1926 72 1
1926 73 29
1926 74 61
1926 75 55
1926 76 23
1926 77 18
1926 78 6
1926 79 1
1926 80 2
1926 81 98
1926 82 313
1926 83 266
1926 84 6
1926 85 10
1926 86 14
1926 87 13
1926 88 17
1926 89 3
1926 90 104
1926 91 14
1926 92 227
1926 93 7
1926 94 1
1926 95 116
1951 1 17
1951 2 7
1951 3 24
1951 4 4
1951 5 11
1951 6 61
1951 7 60
1951 8 3
1951 9 156
1951 10 9
1951 11 18
1951 12 19
1951 13 44
1951 14 5
1951 15 80
1951 16 16
1951 17 36
1951 18 550
1951 19 5
1951 20 100
1951 21 2
1951 22 1
1951 23 26
1951 24 5
1951 25 20
1951 26 1
1951 27 18
1951 28 35
1951 29 1
1951 30 6
1951 31 6
1951 32 3
1951 33 78
1951 34 9
1951 35 2
1951 36 3
1951 37 4
1951 38 7
1951 39 43
1951 40 0
1951 41 25
1951 42 4
1951 43 94
1951 44 10
1951 45 2
1951 46 3
1951 47 2
1951 48 4
1951 49 227
1951 50 2
1951 51 8
1951 52 20
1951 53 410
1951 54 3
1951 55 3
1951 56 2
1951 57 25
1951 58 21
1951 59 14
1951 60 116
1951 61 0
1951 62 84
1951 63 650
1951 64 1
1951 65 1
1951 66 2
1951 67 7
1951 68 3
1951 69 34
1951 70 90
1951 71 87
1951 72 6
1951 73 3
1951 74 62
1951 75 36
1951 76 22
1951 77 20
1951 78 4
1951 79 2
1951 80 3
1951 81 109
1951 82 321
1951 83 299
1951 84 2
1951 85 4
1951 86 14
1951 87 3
1951 88 31
1951 89 3
1951 90 121
1951 91 8
1951 92 219
1951 93 2
1951 94 1
1951 95 130
1976 1 37
1976 2 2
1976 3 25
1976 4 5
1976 5 17
1976 6 64
1976 7 78
1976 8 6
1976 9 143
1976 10 25
1976 11 9
1976 12 3
1976 13 72
1976 14 1
1976 15 46
1976 16 24
1976 17 32
1976 18 603
1976 19 3
1976 20 110
1976 21 0
1976 22 3
1976 23 35
1976 24 2
1976 25 34
1976 26 4
1976 27 21
1976 28 41
1976 29 0
1976 30 6
1976 31 3
1976 32 4
1976 33 71
1976 34 2
1976 35 3
1976 36 7
1976 37 1
1976 38 3
1976 39 47
1976 40 4
1976 41 40
1976 42 5
1976 43 100
1976 44 2
1976 45 4
1976 46 4
1976 47 11
1976 48 4
1976 49 212
1976 50 8
1976 51 3
1976 52 7
1976 53 414
1976 54 1
1976 55 3
1976 56 5
1976 57 20
1976 58 24
1976 59 6
1976 60 98
1976 61 5
1976 62 75
1976 63 604
1976 64 2
1976 65 2
1976 66 3
1976 67 0
1976 68 11
1976 69 36
1976 70 84
1976 71 50
1976 72 7
1976 73 3
1976 74 66
1976 75 27
1976 76 24
1976 77 5
1976 78 2
1976 79 4
1976 80 2
1976 81 128
1976 82 319
1976 83 268
1976 84 3
1976 85 10
1976 86 16
1976 87 9
1976 88 29
1976 89 3
1976 90 117
1976 91 10
1976 92 219
1976 93 2
1976 94 0
1976 95 182
