1 5628
26 5043
51 5203
76 5188
101 5042
126 5179
151 5120
176 5194
201 5013
226 5166
251 5070
276 5235
301 5119
326 5162
351 5183
376 5270
401 5201
426 5275
451 5177
476 5187
501 5140
526 5174
551 5085
576 5073
601 5158
626 5189
651 5230
676 5137
701 5104
726 5272
751 5139
776 5181
801 5273
826 5256
851 5252
876 5232
901 5305
926 5297
951 5349
976 5290
1001 5333
1026 5224
1051 5281
1076 5260
1101 5400
1126 5447
1151 5398
1176 5371
1201 5407
1226 5301
1251 5313
1276 5372
1301 5401
1326 5454
1351 5376
1376 5283
1401 5363
1426 5276
1451 5332
1476 5370
1501 5379
1526 5440
1551 5395
1576 5399
1601 5343
1626 5317
1651 5358
1676 5332
1701 5419
1726 5468
1751 5299
1776 5128
1801 5066
1826 4994
1851 5230
1876 5362
1901 5257
1926 5328
1951 5155
1976 5151
