1 4924
26 4101
51 4163
76 4181
101 4145
126 4126
151 4153
176 4102
201 4102
226 4115
251 4189
276 4156
301 4137
326 4139
351 4155
376 4139
401 4113
426 4131
451 4147
476 4197
501 4083
526 4125
551 4146
576 4133
601 4107
626 4142
651 4109
676 4120
701 4126
726 4117
751 4148
776 4151
801 4156
826 4167
851 4146
876 4108
901 4197
926 4061
951 4108
976 4121
1001 4146
1026 4140
1051 4118
1076 4155
1101 4101
1126 4144
1151 4113
1176 4098
1201 4150
1226 4116
1251 4124
1276 4114
1301 4162
1326 4188
1351 4083
1376 4142
1401 4081
1426 4136
1451 4130
1476 4152
1501 4076
1526 4113
1551 4064
1576 4135
1601 4084
1626 4140
1651 4081
1676 4163
1701 4111
1726 4151
1751 4106
1776 4129
1801 4072
1826 4082
1851 4068
1876 4102
1901 4096
1926 4121
1951 4104
1976 4110
