1 1 89
1 2 93
1 3 91
1 4 94
1 5 96
1 6 90
1 7 87
1 8 92
1 9 95
1 10 94
1 11 93
1 12 92
1 13 90
1 14 89
1 15 94
1 16 89
1 17 90
1 18 91
1 19 92
1 20 88
1 21 91
1 22 94
1 23 92
1 24 91
1 25 93
1 26 92
1 27 95
1 28 97
1 29 89
1 30 92
1 31 98
1 32 93
1 33 92
1 34 93
1 35 92
1 36 92
1 37 92
1 38 87
1 39 92
1 40 93
1 41 91
1 42 91
1 43 98
1 44 89
1 45 94
1 46 89
1 47 96
1 48 92
1 49 96
1 50 94
1 51 89
1 52 90
1 53 97
1 54 95
1 55 88
1 56 89
1 57 88
1 58 95
1 59 89
1 60 89
1 61 93
1 62 93
1 63 89
1 64 94
1 65 93
1 66 91
1 67 93
1 68 93
1 69 91
1 70 91
1 71 87
1 72 94
1 73 88
1 74 92
1 75 95
1 76 93
1 77 88
1 78 94
1 79 88
1 80 92
1 81 94
1 82 94
1 83 94
1 84 90
1 85 92
1 86 93
1 87 93
1 88 93
1 89 96
1 90 91
1 91 93
1 92 94
1 93 90
1 94 91
1 95 88
1 96 89
1 97 93
1 98 93
1 99 93
1 100 91
1 101 90
1 102 89
1 103 93
1 104 93
1 105 95
1 106 95
1 107 96
1 108 91
1 109 92
1 110 92
1 111 96
1 112 94
1 113 93
1 114 95
1 115 93
1 116 90
1 117 94
1 118 96
1 119 90
1 120 95
1 121 96
26 1 44
26 2 41
26 3 33
26 4 36
26 5 38
26 6 40
26 7 39
26 8 46
26 9 42
26 10 34
26 11 47
26 12 32
26 13 38
26 14 43
26 15 30
26 16 40
26 17 37
26 18 42
26 19 38
26 20 32
26 21 33
26 22 35
26 23 41
26 24 30
26 25 42
26 26 45
26 27 43
26 28 38
26 29 40
26 30 40
26 31 40
26 32 38
26 33 41
26 34 34
26 35 44
26 36 41
26 37 39
26 38 40
26 39 28
26 40 36
26 41 32
26 42 44
26 43 30
26 44 31
26 45 38
26 46 43
26 47 31
26 48 41
26 49 44
26 50 42
26 51 40
26 52 45
26 53 34
26 54 31
26 55 38
26 56 32
26 57 30
26 58 30
26 59 32
26 60 40
26 61 40
26 62 31
26 63 43
26 64 42
26 65 30
26 66 36
26 67 34
26 68 30
26 69 45
26 70 35
26 71 37
26 72 36
26 73 42
26 74 39
26 75 37
26 76 34
26 77 41
26 78 44
26 79 31
26 80 30
26 81 29
26 82 37
26 83 36
26 84 39
26 85 42
26 86 38
26 87 41
26 88 34
26 89 46
26 90 40
26 91 42
26 92 38
26 93 40
26 94 38
26 95 40
26 96 48
26 97 38
26 98 44
26 99 45
26 100 38
26 101 42
26 102 37
26 103 40
26 104 32
26 105 32
26 106 39
26 107 42
26 108 37
26 109 47
26 110 29
26 111 43
26 112 46
26 113 38
26 114 40
26 115 45
26 116 40
26 117 41
26 118 34
26 119 40
26 120 39
26 121 41
51 1 38
51 2 40
51 3 29
51 4 39
51 5 40
51 6 40
51 7 30
51 8 40
51 9 42
51 10 30
51 11 38
51 12 46
51 13 32
51 14 41
51 15 39
51 16 39
51 17 33
51 18 40
51 19 42
51 20 37
51 21 35
51 22 32
51 23 43
51 24 34
51 25 40
51 26 45
51 27 42
51 28 45
51 29 40
51 30 39
51 31 38
51 32 47
51 33 41
51 34 37
51 35 41
51 36 39
51 37 40
51 38 38
51 39 40
51 40 40
51 41 39
51 42 46
51 43 38
51 44 40
51 45 53
51 46 43
51 47 41
51 48 43
51 49 34
51 50 50
51 51 32
51 52 48
51 53 31
51 54 36
51 55 38
51 56 37
51 57 39
51 58 42
51 59 38
51 60 33
51 61 46
51 62 40
51 63 49
51 64 36
51 65 35
51 66 41
51 67 37
51 68 41
51 69 49
51 70 39
51 71 40
51 72 39
51 73 43
51 74 47
51 75 30
51 76 38
51 77 41
51 78 41
51 79 40
51 80 37
51 81 29
51 82 36
51 83 33
51 84 42
51 85 32
51 86 40
51 87 40
51 88 30
51 89 45
51 90 36
51 91 50
51 92 39
51 93 44
51 94 39
51 95 39
51 96 43
51 97 39
51 98 40
51 99 40
51 100 40
51 101 49
51 102 40
51 103 40
51 104 37
51 105 40
51 106 32
51 107 40
51 108 39
51 109 44
51 110 40
51 111 38
51 112 34
51 113 39
51 114 37
51 115 50
51 116 38
51 117 53
51 118 28
51 119 47
51 120 40
51 121 39
76 1 37
76 2 46
76 3 40
76 4 41
76 5 41
76 6 31
76 7 32
76 8 38
76 9 40
76 10 30
76 11 41
76 12 39
76 13 35
76 14 49
76 15 34
76 16 40
76 17 41
76 18 32
76 19 32
76 20 39
76 21 30
76 22 40
76 23 41
76 24 40
76 25 48
76 26 40
76 27 43
76 28 55
76 29 38
76 30 39
76 31 35
76 32 39
76 33 41
76 34 35
76 35 43
76 36 40
76 37 39
76 38 39
76 39 39
76 40 47
76 41 39
76 42 48
76 43 40
76 44 40
76 45 49
76 46 40
76 47 31
76 48 34
76 49 40
76 50 49
76 51 36
76 52 49
76 53 31
76 54 30
76 55 37
76 56 37
76 57 40
76 58 33
76 59 34
76 60 44
76 61 42
76 62 38
76 63 45
76 64 31
76 65 36
76 66 36
76 67 40
76 68 39
76 69 42
76 70 38
76 71 38
76 72 40
76 73 45
76 74 42
76 75 31
76 76 39
76 77 49
76 78 46
76 79 41
76 80 37
76 81 30
76 82 39
76 83 41
76 84 38
76 85 40
76 86 38
76 87 40
76 88 29
76 89 38
76 90 40
76 91 49
76 92 34
76 93 39
76 94 40
76 95 36
76 96 42
76 97 41
76 98 40
76 99 41
76 100 47
76 101 49
76 102 35
76 103 40
76 104 37
76 105 40
76 106 41
76 107 40
76 108 42
76 109 40
76 110 34
76 111 39
76 112 41
76 113 50
76 114 41
76 115 51
76 116 44
76 117 43
76 118 32
76 119 58
76 120 40
76 121 31
101 1 41
101 2 44
101 3 36
101 4 32
101 5 38
101 6 33
101 7 32
101 8 35
101 9 40
101 10 31
101 11 40
101 12 35
101 13 39
101 14 42
101 15 39
101 16 41
101 17 41
101 18 34
101 19 38
101 20 32
101 21 32
101 22 35
101 23 40
101 24 29
101 25 50
101 26 42
101 27 38
101 28 46
101 29 42
101 30 41
101 31 30
101 32 44
101 33 44
101 34 37
101 35 30
101 36 42
101 37 36
101 38 31
101 39 38
101 40 35
101 41 36
101 42 45
101 43 42
101 44 31
101 45 43
101 46 40
101 47 38
101 48 38
101 49 43
101 50 51
101 51 40
101 52 50
101 53 37
101 54 30
101 55 39
101 56 32
101 57 41
101 58 33
101 59 39
101 60 39
101 61 48
101 62 39
101 63 41
101 64 40
101 65 33
101 66 35
101 67 36
101 68 33
101 69 49
101 70 39
101 71 37
101 72 43
101 73 37
101 74 54
101 75 37
101 76 40
101 77 49
101 78 38
101 79 39
101 80 37
101 81 37
101 82 40
101 83 45
101 84 37
101 85 30
101 86 41
101 87 41
101 88 38
101 89 34
101 90 40
101 91 47
101 92 32
101 93 41
101 94 41
101 95 30
101 96 39
101 97 40
101 98 40
101 99 45
101 100 45
101 101 50
101 102 35
101 103 40
101 104 39
101 105 32
101 106 39
101 107 37
101 108 39
101 109 39
101 110 39
101 111 42
101 112 41
101 113 41
101 114 37
101 115 51
101 116 40
101 117 49
101 118 36
101 119 51
101 120 38
101 121 37
126 1 36
126 2 41
126 3 30
126 4 31
126 5 39
126 6 30
126 7 29
126 8 33
126 9 41
126 10 32
126 11 38
126 12 43
126 13 38
126 14 42
126 15 37
126 16 37
126 17 43
126 18 40
126 19 32
126 20 41
126 21 31
126 22 40
126 23 36
126 24 38
126 25 45
126 26 45
126 27 39
126 28 43
126 29 42
126 30 35
126 31 32
126 32 40
126 33 37
126 34 42
126 35 38
126 36 35
126 37 36
126 38 30
126 39 35
126 40 41
126 41 38
126 42 40
126 43 40
126 44 37
126 45 50
126 46 41
126 47 39
126 48 34
126 49 44
126 50 48
126 51 39
126 52 50
126 53 30
126 54 33
126 55 37
126 56 34
126 57 40
126 58 35
126 59 38
126 60 39
126 61 47
126 62 30
126 63 43
126 64 40
126 65 37
126 66 34
126 67 40
126 68 40
126 69 48
126 70 36
126 71 43
126 72 40
126 73 39
126 74 40
126 75 33
126 76 31
126 77 43
126 78 38
126 79 41
126 80 37
126 81 32
126 82 33
126 83 41
126 84 42
126 85 34
126 86 40
126 87 37
126 88 40
126 89 41
126 90 36
126 91 52
126 92 38
126 93 40
126 94 46
126 95 40
126 96 46
126 97 41
126 98 40
126 99 50
126 100 41
126 101 44
126 102 39
126 103 37
126 104 33
126 105 38
126 106 40
126 107 42
126 108 43
126 109 40
126 110 40
126 111 36
126 112 45
126 113 40
126 114 38
126 115 52
126 116 40
126 117 49
126 118 32
126 119 50
126 120 40
126 121 31
151 1 40
151 2 52
151 3 40
151 4 30
151 5 32
151 6 34
151 7 36
151 8 42
151 9 41
151 10 33
151 11 39
151 12 32
151 13 38
151 14 39
151 15 33
151 16 38
151 17 51
151 18 38
151 19 34
151 20 37
151 21 33
151 22 40
151 23 43
151 24 39
151 25 50
151 26 47
151 27 43
151 28 51
151 29 40
151 30 33
151 31 40
151 32 39
151 33 39
151 34 37
151 35 31
151 36 40
151 37 40
151 38 35
151 39 36
151 40 42
151 41 38
151 42 40
151 43 40
151 44 35
151 45 50
151 46 40
151 47 30
151 48 41
151 49 39
151 50 47
151 51 40
151 52 52
151 53 41
151 54 38
151 55 40
151 56 30
151 57 39
151 58 32
151 59 31
151 60 33
151 61 48
151 62 40
151 63 45
151 64 32
151 65 33
151 66 40
151 67 40
151 68 30
151 69 42
151 70 37
151 71 34
151 72 41
151 73 39
151 74 51
151 75 43
151 76 33
151 77 47
151 78 41
151 79 38
151 80 42
151 81 31
151 82 39
151 83 39
151 84 40
151 85 34
151 86 35
151 87 40
151 88 36
151 89 41
151 90 35
151 91 49
151 92 37
151 93 39
151 94 37
151 95 38
151 96 40
151 97 37
151 98 39
151 99 47
151 100 43
151 101 42
151 102 39
151 103 38
151 104 36
151 105 36
151 106 36
151 107 40
151 108 44
151 109 37
151 110 38
151 111 34
151 112 41
151 113 44
151 114 36
151 115 56
151 116 39
151 117 46
151 118 38
151 119 48
151 120 32
151 121 32
176 1 38
176 2 41
176 3 31
176 4 33
176 5 40
176 6 40
176 7 40
176 8 40
176 9 40
176 10 26
176 11 39
176 12 36
176 13 35
176 14 43
176 15 30
176 16 40
176 17 39
176 18 39
176 19 39
176 20 37
176 21 29
176 22 40
176 23 41
176 24 34
176 25 50
176 26 43
176 27 48
176 28 41
176 29 38
176 30 40
176 31 39
176 32 36
176 33 39
176 34 39
176 35 39
176 36 41
176 37 38
176 38 38
176 39 38
176 40 44
176 41 34
176 42 42
176 43 41
176 44 39
176 45 51
176 46 36
176 47 39
176 48 43
176 49 38
176 50 52
176 51 31
176 52 46
176 53 39
176 54 40
176 55 44
176 56 32
176 57 34
176 58 32
176 59 38
176 60 42
176 61 50
176 62 37
176 63 41
176 64 39
176 65 33
176 66 37
176 67 36
176 68 39
176 69 51
176 70 50
176 71 42
176 72 39
176 73 39
176 74 46
176 75 41
176 76 31
176 77 46
176 78 41
176 79 35
176 80 34
176 81 32
176 82 38
176 83 32
176 84 39
176 85 41
176 86 40
176 87 38
176 88 41
176 89 40
176 90 40
176 91 48
176 92 39
176 93 40
176 94 40
176 95 37
176 96 40
176 97 46
176 98 38
176 99 45
176 100 47
176 101 49
176 102 38
176 103 39
176 104 36
176 105 39
176 106 42
176 107 38
176 108 41
176 109 40
176 110 41
176 111 35
176 112 41
176 113 44
176 114 40
176 115 47
176 116 31
176 117 50
176 118 42
176 119 50
176 120 40
176 121 36
201 1 32
201 2 42
201 3 33
201 4 29
201 5 38
201 6 38
201 7 31
201 8 33
201 9 41
201 10 36
201 11 39
201 12 40
201 13 38
201 14 44
201 15 31
201 16 40
201 17 51
201 18 39
201 19 34
201 20 34
201 21 30
201 22 40
201 23 36
201 24 34
201 25 47
201 26 43
201 27 40
201 28 49
201 29 33
201 30 39
201 31 37
201 32 43
201 33 37
201 34 35
201 35 43
201 36 36
201 37 40
201 38 38
201 39 40
201 40 39
201 41 33
201 42 41
201 43 40
201 44 32
201 45 50
201 46 42
201 47 37
201 48 34
201 49 40
201 50 43
201 51 38
201 52 48
201 53 35
201 54 38
201 55 40
201 56 35
201 57 39
201 58 38
201 59 32
201 60 39
201 61 48
201 62 42
201 63 40
201 64 39
201 65 27
201 66 38
201 67 37
201 68 32
201 69 41
201 70 32
201 71 32
201 72 37
201 73 41
201 74 48
201 75 31
201 76 29
201 77 43
201 78 40
201 79 40
201 80 39
201 81 30
201 82 39
201 83 30
201 84 37
201 85 44
201 86 37
201 87 41
201 88 35
201 89 37
201 90 39
201 91 52
201 92 37
201 93 38
201 94 44
201 95 40
201 96 40
201 97 39
201 98 42
201 99 44
201 100 41
201 101 45
201 102 40
201 103 33
201 104 40
201 105 39
201 106 43
201 107 38
201 108 44
201 109 37
201 110 39
201 111 37
201 112 36
201 113 47
201 114 32
201 115 50
201 116 30
201 117 48
201 118 38
201 119 51
201 120 37
201 121 29
226 1 35
226 2 49
226 3 35
226 4 30
226 5 40
226 6 36
226 7 38
226 8 39
226 9 34
226 10 32
226 11 36
226 12 39
226 13 40
226 14 46
226 15 37
226 16 34
226 17 47
226 18 34
226 19 30
226 20 41
226 21 31
226 22 40
226 23 41
226 24 38
226 25 41
226 26 42
226 27 39
226 28 51
226 29 39
226 30 35
226 31 40
226 32 37
226 33 31
226 34 33
226 35 37
226 36 41
226 37 40
226 38 30
226 39 39
226 40 40
226 41 34
226 42 37
226 43 38
226 44 34
226 45 46
226 46 39
226 47 41
226 48 40
226 49 38
226 50 50
226 51 39
226 52 46
226 53 40
226 54 38
226 55 39
226 56 31
226 57 40
226 58 34
226 59 35
226 60 41
226 61 43
226 62 42
226 63 37
226 64 43
226 65 40
226 66 39
226 67 40
226 68 32
226 69 50
226 70 37
226 71 37
226 72 37
226 73 35
226 74 43
226 75 30
226 76 35
226 77 41
226 78 40
226 79 41
226 80 40
226 81 31
226 82 39
226 83 32
226 84 31
226 85 37
226 86 40
226 87 40
226 88 35
226 89 39
226 90 41
226 91 49
226 92 35
226 93 45
226 94 35
226 95 37
226 96 38
226 97 42
226 98 41
226 99 50
226 100 44
226 101 44
226 102 39
226 103 40
226 104 35
226 105 38
226 106 36
226 107 38
226 108 41
226 109 41
226 110 40
226 111 40
226 112 38
226 113 45
226 114 35
226 115 49
226 116 36
226 117 40
226 118 38
226 119 49
226 120 39
226 121 32
251 1 39
251 2 50
251 3 35
251 4 31
251 5 33
251 6 31
251 7 35
251 8 39
251 9 41
251 10 31
251 11 32
251 12 39
251 13 41
251 14 50
251 15 36
251 16 40
251 17 50
251 18 31
251 19 37
251 20 34
251 21 30
251 22 37
251 23 30
251 24 33
251 25 45
251 26 43
251 27 41
251 28 51
251 29 40
251 30 45
251 31 35
251 32 42
251 33 41
251 34 38
251 35 37
251 36 40
251 37 35
251 38 31
251 39 43
251 40 38
251 41 39
251 42 38
251 43 36
251 44 35
251 45 46
251 46 31
251 47 38
251 48 35
251 49 36
251 50 50
251 51 40
251 52 47
251 53 36
251 54 34
251 55 40
251 56 39
251 57 37
251 58 40
251 59 36
251 60 35
251 61 50
251 62 40
251 63 41
251 64 35
251 65 30
251 66 38
251 67 35
251 68 33
251 69 49
251 70 42
251 71 37
251 72 40
251 73 35
251 74 49
251 75 34
251 76 39
251 77 40
251 78 37
251 79 39
251 80 38
251 81 36
251 82 40
251 83 31
251 84 41
251 85 38
251 86 31
251 87 40
251 88 34
251 89 39
251 90 36
251 91 46
251 92 39
251 93 33
251 94 40
251 95 30
251 96 37
251 97 45
251 98 40
251 99 37
251 100 44
251 101 52
251 102 40
251 103 35
251 104 36
251 105 38
251 106 42
251 107 31
251 108 40
251 109 40
251 110 39
251 111 39
251 112 39
251 113 43
251 114 39
251 115 43
251 116 39
251 117 52
251 118 39
251 119 45
251 120 30
251 121 31
276 1 40
276 2 45
276 3 40
276 4 33
276 5 36
276 6 37
276 7 33
276 8 37
276 9 36
276 10 28
276 11 40
276 12 44
276 13 42
276 14 44
276 15 37
276 16 40
276 17 46
276 18 40
276 19 33
276 20 31
276 21 35
276 22 39
276 23 40
276 24 38
276 25 45
276 26 40
276 27 42
276 28 49
276 29 40
276 30 32
276 31 32
276 32 33
276 33 31
276 34 39
276 35 33
276 36 40
276 37 40
276 38 36
276 39 41
276 40 44
276 41 35
276 42 39
276 43 35
276 44 35
276 45 47
276 46 36
276 47 40
276 48 41
276 49 38
276 50 53
276 51 40
276 52 49
276 53 34
276 54 38
276 55 39
276 56 41
276 57 39
276 58 40
276 59 41
276 60 45
276 61 46
276 62 39
276 63 39
276 64 39
276 65 40
276 66 34
276 67 41
276 68 30
276 69 51
276 70 41
276 71 40
276 72 40
276 73 38
276 74 47
276 75 26
276 76 35
276 77 49
276 78 40
276 79 35
276 80 37
276 81 34
276 82 42
276 83 39
276 84 43
276 85 38
276 86 38
276 87 39
276 88 31
276 89 39
276 90 37
276 91 47
276 92 41
276 93 40
276 94 40
276 95 36
276 96 43
276 97 40
276 98 39
276 99 39
276 100 49
276 101 38
276 102 40
276 103 29
276 104 38
276 105 32
276 106 37
276 107 41
276 108 36
276 109 36
276 110 42
276 111 31
276 112 38
276 113 46
276 114 36
276 115 49
276 116 32
276 117 52
276 118 39
276 119 50
276 120 38
276 121 36
301 1 40
301 2 46
301 3 37
301 4 33
301 5 36
301 6 37
301 7 35
301 8 34
301 9 40
301 10 32
301 11 39
301 12 42
301 13 37
301 14 38
301 15 38
301 16 41
301 17 50
301 18 41
301 19 37
301 20 36
301 21 30
301 22 40
301 23 32
301 24 40
301 25 47
301 26 38
301 27 42
301 28 50
301 29 38
301 30 39
301 31 39
301 32 31
301 33 42
301 34 37
301 35 41
301 36 44
301 37 38
301 38 31
301 39 37
301 40 37
301 41 30
301 42 40
301 43 36
301 44 39
301 45 50
301 46 39
301 47 36
301 48 40
301 49 40
301 50 44
301 51 39
301 52 51
301 53 34
301 54 40
301 55 41
301 56 30
301 57 30
301 58 34
301 59 30
301 60 41
301 61 50
301 62 44
301 63 44
301 64 38
301 65 42
301 66 35
301 67 39
301 68 31
301 69 49
301 70 39
301 71 38
301 72 40
301 73 37
301 74 47
301 75 30
301 76 45
301 77 42
301 78 40
301 79 39
301 80 37
301 81 28
301 82 41
301 83 33
301 84 33
301 85 41
301 86 42
301 87 44
301 88 34
301 89 38
301 90 32
301 91 49
301 92 41
301 93 38
301 94 40
301 95 29
301 96 36
301 97 40
301 98 41
301 99 40
301 100 51
301 101 41
301 102 38
301 103 32
301 104 40
301 105 39
301 106 41
301 107 34
301 108 37
301 109 37
301 110 39
301 111 40
301 112 42
301 113 43
301 114 35
301 115 50
301 116 43
301 117 48
301 118 38
301 119 53
301 120 31
301 121 39
326 1 40
326 2 50
326 3 38
326 4 31
326 5 38
326 6 41
326 7 36
326 8 42
326 9 38
326 10 27
326 11 34
326 12 39
326 13 40
326 14 42
326 15 40
326 16 41
326 17 47
326 18 39
326 19 37
326 20 39
326 21 28
326 22 38
326 23 40
326 24 39
326 25 52
326 26 40
326 27 41
326 28 45
326 29 37
326 30 37
326 31 40
326 32 37
326 33 39
326 34 41
326 35 38
326 36 41
326 37 44
326 38 31
326 39 39
326 40 38
326 41 36
326 42 42
326 43 33
326 44 23
326 45 44
326 46 39
326 47 34
326 48 39
326 49 37
326 50 49
326 51 40
326 52 47
326 53 38
326 54 40
326 55 39
326 56 36
326 57 38
326 58 37
326 59 39
326 60 31
326 61 50
326 62 40
326 63 37
326 64 39
326 65 33
326 66 37
326 67 41
326 68 31
326 69 40
326 70 38
326 71 39
326 72 42
326 73 29
326 74 47
326 75 29
326 76 39
326 77 40
326 78 37
326 79 33
326 80 40
326 81 33
326 82 39
326 83 27
326 84 38
326 85 34
326 86 41
326 87 41
326 88 38
326 89 45
326 90 34
326 91 46
326 92 38
326 93 42
326 94 40
326 95 32
326 96 40
326 97 40
326 98 40
326 99 43
326 100 41
326 101 42
326 102 39
326 103 38
326 104 33
326 105 42
326 106 32
326 107 37
326 108 42
326 109 39
326 110 39
326 111 37
326 112 41
326 113 41
326 114 40
326 115 50
326 116 33
326 117 52
326 118 37
326 119 44
326 120 33
326 121 39
351 1 38
351 2 47
351 3 38
351 4 31
351 5 36
351 6 33
351 7 33
351 8 29
351 9 38
351 10 31
351 11 36
351 12 38
351 13 28
351 14 37
351 15 38
351 16 40
351 17 43
351 18 38
351 19 39
351 20 41
351 21 28
351 22 41
351 23 38
351 24 30
351 25 49
351 26 39
351 27 40
351 28 46
351 29 39
351 30 40
351 31 33
351 32 36
351 33 42
351 34 34
351 35 41
351 36 40
351 37 46
351 38 37
351 39 42
351 40 40
351 41 34
351 42 38
351 43 40
351 44 37
351 45 51
351 46 32
351 47 35
351 48 38
351 49 35
351 50 51
351 51 36
351 52 50
351 53 30
351 54 44
351 55 39
351 56 32
351 57 40
351 58 35
351 59 35
351 60 42
351 61 47
351 62 37
351 63 38
351 64 39
351 65 40
351 66 34
351 67 38
351 68 37
351 69 50
351 70 37
351 71 38
351 72 39
351 73 38
351 74 49
351 75 28
351 76 40
351 77 49
351 78 40
351 79 40
351 80 37
351 81 30
351 82 40
351 83 30
351 84 32
351 85 39
351 86 32
351 87 39
351 88 42
351 89 35
351 90 37
351 91 47
351 92 39
351 93 38
351 94 33
351 95 31
351 96 42
351 97 42
351 98 40
351 99 44
351 100 40
351 101 39
351 102 39
351 103 30
351 104 39
351 105 34
351 106 40
351 107 34
351 108 39
351 109 41
351 110 36
351 111 35
351 112 40
351 113 42
351 114 39
351 115 52
351 116 36
351 117 48
351 118 32
351 119 49
351 120 39
351 121 32
376 1 40
376 2 41
376 3 37
376 4 35
376 5 41
376 6 33
376 7 35
376 8 35
376 9 41
376 10 30
376 11 36
376 12 40
376 13 37
376 14 42
376 15 36
376 16 39
376 17 50
376 18 40
376 19 41
376 20 30
376 21 29
376 22 38
376 23 38
376 24 32
376 25 48
376 26 48
376 27 37
376 28 46
376 29 36
376 30 35
376 31 35
376 32 34
376 33 30
376 34 39
376 35 41
376 36 44
376 37 35
376 38 31
376 39 42
376 40 39
376 41 41
376 42 36
376 43 35
376 44 36
376 45 49
376 46 40
376 47 38
376 48 39
376 49 39
376 50 41
376 51 40
376 52 46
376 53 41
376 54 38
376 55 43
376 56 33
376 57 41
376 58 31
376 59 33
376 60 42
376 61 42
376 62 39
376 63 41
376 64 36
376 65 36
376 66 38
376 67 38
376 68 35
376 69 48
376 70 33
376 71 41
376 72 41
376 73 41
376 74 48
376 75 27
376 76 41
376 77 44
376 78 38
376 79 40
376 80 41
376 81 31
376 82 40
376 83 27
376 84 40
376 85 40
376 86 30
376 87 45
376 88 40
376 89 35
376 90 39
376 91 43
376 92 38
376 93 39
376 94 38
376 95 31
376 96 45
376 97 38
376 98 37
376 99 44
376 100 45
376 101 49
376 102 37
376 103 35
376 104 32
376 105 32
376 106 43
376 107 40
376 108 37
376 109 40
376 110 37
376 111 38
376 112 33
376 113 40
376 114 36
376 115 43
376 116 32
376 117 51
376 118 38
376 119 50
376 120 40
376 121 36
401 1 36
401 2 44
401 3 30
401 4 37
401 5 39
401 6 33
401 7 37
401 8 41
401 9 38
401 10 33
401 11 31
401 12 38
401 13 36
401 14 42
401 15 31
401 16 37
401 17 47
401 18 40
401 19 33
401 20 37
401 21 33
401 22 41
401 23 41
401 24 31
401 25 51
401 26 42
401 27 38
401 28 49
401 29 39
401 30 39
401 31 34
401 32 32
401 33 40
401 34 37
401 35 39
401 36 39
401 37 40
401 38 34
401 39 40
401 40 37
401 41 34
401 42 38
401 43 38
401 44 35
401 45 49
401 46 33
401 47 37
401 48 38
401 49 40
401 50 53
401 51 37
401 52 50
401 53 32
401 54 40
401 55 40
401 56 40
401 57 37
401 58 40
401 59 37
401 60 35
401 61 45
401 62 40
401 63 40
401 64 39
401 65 40
401 66 37
401 67 37
401 68 40
401 69 45
401 70 37
401 71 37
401 72 40
401 73 31
401 74 46
401 75 29
401 76 41
401 77 50
401 78 39
401 79 33
401 80 47
401 81 33
401 82 42
401 83 30
401 84 37
401 85 40
401 86 31
401 87 43
401 88 39
401 89 39
401 90 33
401 91 49
401 92 38
401 93 38
401 94 42
401 95 38
401 96 39
401 97 36
401 98 42
401 99 40
401 100 50
401 101 50
401 102 40
401 103 33
401 104 38
401 105 36
401 106 45
401 107 41
401 108 35
401 109 37
401 110 34
401 111 40
401 112 38
401 113 47
401 114 34
401 115 43
401 116 34
401 117 50
401 118 34
401 119 50
401 120 33
401 121 31
426 1 35
426 2 41
426 3 38
426 4 25
426 5 34
426 6 31
426 7 36
426 8 38
426 9 38
426 10 35
426 11 29
426 12 35
426 13 41
426 14 40
426 15 35
426 16 32
426 17 42
426 18 39
426 19 35
426 20 41
426 21 29
426 22 31
426 23 40
426 24 34
426 25 49
426 26 42
426 27 37
426 28 50
426 29 38
426 30 42
426 31 35
426 32 41
426 33 30
426 34 34
426 35 36
426 36 39
426 37 42
426 38 38
426 39 42
426 40 39
426 41 37
426 42 41
426 43 33
426 44 38
426 45 51
426 46 40
426 47 40
426 48 43
426 49 38
426 50 51
426 51 38
426 52 50
426 53 40
426 54 40
426 55 37
426 56 33
426 57 34
426 58 35
426 59 40
426 60 37
426 61 51
426 62 40
426 63 40
426 64 37
426 65 33
426 66 39
426 67 41
426 68 30
426 69 42
426 70 39
426 71 39
426 72 39
426 73 35
426 74 49
426 75 25
426 76 33
426 77 50
426 78 42
426 79 41
426 80 44
426 81 34
426 82 41
426 83 33
426 84 39
426 85 40
426 86 35
426 87 39
426 88 42
426 89 41
426 90 39
426 91 47
426 92 38
426 93 39
426 94 39
426 95 38
426 96 40
426 97 40
426 98 41
426 99 38
426 100 45
426 101 45
426 102 43
426 103 29
426 104 37
426 105 40
426 106 41
426 107 40
426 108 42
426 109 34
426 110 45
426 111 30
426 112 39
426 113 46
426 114 35
426 115 51
426 116 40
426 117 46
426 118 40
426 119 57
426 120 34
426 121 34
451 1 41
451 2 39
451 3 32
451 4 36
451 5 39
451 6 30
451 7 35
451 8 41
451 9 39
451 10 40
451 11 36
451 12 33
451 13 31
451 14 39
451 15 34
451 16 29
451 17 47
451 18 40
451 19 40
451 20 35
451 21 35
451 22 37
451 23 46
451 24 41
451 25 50
451 26 41
451 27 41
451 28 44
451 29 39
451 30 40
451 31 37
451 32 31
451 33 36
451 34 38
451 35 38
451 36 41
451 37 41
451 38 37
451 39 40
451 40 40
451 41 30
451 42 39
451 43 30
451 44 31
451 45 48
451 46 36
451 47 31
451 48 40
451 49 40
451 50 48
451 51 32
451 52 50
451 53 34
451 54 32
451 55 39
451 56 30
451 57 46
451 58 29
451 59 32
451 60 38
451 61 48
451 62 41
451 63 38
451 64 39
451 65 38
451 66 40
451 67 38
451 68 36
451 69 44
451 70 38
451 71 38
451 72 40
451 73 39
451 74 50
451 75 30
451 76 41
451 77 46
451 78 42
451 79 40
451 80 36
451 81 40
451 82 35
451 83 34
451 84 42
451 85 39
451 86 40
451 87 40
451 88 37
451 89 39
451 90 39
451 91 49
451 92 41
451 93 39
451 94 42
451 95 35
451 96 40
451 97 41
451 98 38
451 99 43
451 100 46
451 101 41
451 102 40
451 103 35
451 104 36
451 105 38
451 106 39
451 107 36
451 108 41
451 109 38
451 110 37
451 111 33
451 112 41
451 113 43
451 114 35
451 115 50
451 116 39
451 117 50
451 118 40
451 119 44
451 120 37
451 121 38
476 1 37
476 2 48
476 3 40
476 4 34
476 5 39
476 6 30
476 7 39
476 8 40
476 9 36
476 10 32
476 11 39
476 12 32
476 13 38
476 14 48
476 15 34
476 16 38
476 17 47
476 18 34
476 19 32
476 20 39
476 21 29
476 22 40
476 23 32
476 24 39
476 25 51
476 26 41
476 27 40
476 28 43
476 29 37
476 30 39
476 31 30
476 32 32
476 33 38
476 34 38
476 35 36
476 36 42
476 37 38
476 38 38
476 39 43
476 40 40
476 41 33
476 42 40
476 43 37
476 44 41
476 45 48
476 46 39
476 47 36
476 48 40
476 49 37
476 50 52
476 51 38
476 52 44
476 53 36
476 54 37
476 55 40
476 56 30
476 57 32
476 58 31
476 59 34
476 60 40
476 61 46
476 62 40
476 63 37
476 64 35
476 65 38
476 66 39
476 67 42
476 68 37
476 69 43
476 70 42
476 71 31
476 72 40
476 73 40
476 74 51
476 75 30
476 76 33
476 77 49
476 78 41
476 79 39
476 80 44
476 81 39
476 82 39
476 83 32
476 84 37
476 85 40
476 86 41
476 87 40
476 88 35
476 89 39
476 90 39
476 91 50
476 92 38
476 93 39
476 94 40
476 95 31
476 96 39
476 97 40
476 98 37
476 99 42
476 100 43
476 101 49
476 102 41
476 103 31
476 104 34
476 105 39
476 106 42
476 107 35
476 108 41
476 109 37
476 110 42
476 111 31
476 112 42
476 113 42
476 114 37
476 115 47
476 116 35
476 117 48
476 118 38
476 119 56
476 120 43
476 121 31
