1 4714
26 3237
51 3360
76 3529
101 3632
126 3731
151 3741
176 3787
201 3701
226 3731
251 3697
276 3626
301 3622
326 3660
351 3605
376 3597
401 3675
426 3612
451 3689
476 3712
501 3604
526 3624
551 3701
576 3697
601 3636
626 3663
651 3612
676 3619
701 3622
726 3627
751 3611
776 3645
801 3567
826 3595
851 3648
876 3616
901 3616
926 3598
951 3633
976 3647
1001 3574
1026 3584
1051 3625
1076 3705
1101 3611
1126 3634
1151 3540
1176 3539
1201 3594
1226 3568
1251 3566
1276 3593
1301 3572
1326 3580
1351 3569
1376 3639
1401 3587
1426 3634
1451 3673
1476 3556
1501 3549
1526 3605
1551 3668
1576 3622
1601 3609
1626 3653
1651 3590
1676 3621
1701 3606
1726 3625
1751 3633
1776 3596
1801 3543
1826 3570
1851 3505
1876 3541
1901 3609
1926 3561
1951 3604
1976 3624
