1 4595
26 1651
51 1617
76 1563
101 1571
126 1534
151 1523
176 1506
201 1487
226 1483
251 1490
276 1465
301 1456
326 1456
351 1449
376 1496
401 1467
426 1453
451 1478
476 1447
501 1451
526 1466
551 1446
576 1446
601 1450
626 1454
651 1473
676 1471
701 1481
726 1444
751 1463
776 1427
801 1405
826 1427
851 1409
876 1433
901 1412
926 1423
951 1411
976 1419
1001 1402
1026 1413
1051 1416
1076 1405
1101 1435
1126 1382
1151 1373
1176 1432
1201 1403
1226 1356
1251 1420
1276 1401
1301 1391
1326 1390
1351 1403
1376 1416
1401 1372
1426 1419
1451 1390
1476 1398
1501 1391
1526 1383
1551 1400
1576 1352
1601 1357
1626 1380
1651 1363
1676 1380
1701 1393
1726 1376
1751 1373
1776 1406
1801 1416
1826 1410
1851 1411
1876 1375
1901 1363
1926 1395
1951 1405
1976 1364
