1 5755
26 5825
51 5660
76 5746
101 5680
126 5713
151 5726
176 5796
201 5761
226 5783
251 5759
276 5761
301 5791
326 5762
351 5790
376 5818
401 5730
426 5716
451 5866
476 5731
501 5739
526 5750
551 5707
576 5713
601 5758
626 5642
651 5793
676 5714
701 5664
726 5619
751 5708
776 5645
801 5731
826 5727
851 5743
876 5752
901 5749
926 5746
951 5773
976 5697
1001 5775
1026 5743
1051 5759
1076 5757
1101 5705
1126 5717
1151 5727
1176 5784
1201 5745
1226 5684
1251 5801
1276 5781
1301 5738
1326 5681
1351 5735
1376 5757
1401 5671
1426 5791
1451 5731
1476 5732
1501 5628
1526 5720
1551 5725
1576 5776
1601 5712
1626 5722
1651 5723
1676 5801
1701 5753
1726 5720
1751 5739
1776 5698
1801 5751
1826 5681
1851 5720
1876 5724
1901 5751
1926 5839
1951 5771
1976 5755
