1 1 3
1 2 6
1 3 44
1 4 4
1 5 211
1 6 4
1 7 29
1 8 0
1 9 5
1 10 1
1 11 48
1 12 3
1 13 106
1 14 36
1 15 0
1 16 2
1 17 2
1 18 286
1 19 1
1 20 2
1 21 4
1 22 207
1 23 60
1 24 11
1 25 8
1 26 69
1 27 1
1 28 1
1 29 5
1 30 1
1 31 0
1 32 1
1 33 7
1 34 2
1 35 376
1 36 4
1 37 2
1 38 4
1 39 8
1 40 119
1 41 61
1 42 105
1 43 163
1 44 32
1 45 18
1 46 64
1 47 195
1 48 20
1 49 55
1 50 2
1 51 5
1 52 30
1 53 18
1 54 4
1 55 0
1 56 24
1 57 285
1 58 15
1 59 14
1 60 1
1 61 151
1 62 1
1 63 263
1 64 1
1 65 22
1 66 7
1 67 252
1 68 1
1 69 19
1 70 22
1 71 77
1 72 3
1 73 405
1 74 0
1 75 12
1 76 29
1 77 35
1 78 6
1 79 30
1 80 6
1 81 7
1 82 4
1 83 17
1 84 2
1 85 8
1 86 6
1 87 103
1 88 7
1 89 228
1 90 8
1 91 7
1 92 4
1 93 4
1 94 113
1 95 63
26 1 6
26 2 30
26 3 7
26 4 3
26 5 145
26 6 1
26 7 7
26 8 1
26 9 1
26 10 9
26 11 10
26 12 31
26 13 33
26 14 3
26 15 39
26 16 2
26 17 17
26 18 156
26 19 0
26 20 14
26 21 30
26 22 162
26 23 14
26 24 9
26 25 50
26 26 30
26 27 2
26 28 0
26 29 19
26 30 13
26 31 2
26 32 2
26 33 1
26 34 15
26 35 265
26 36 0
26 37 3
26 38 0
26 39 25
26 40 85
26 41 47
26 42 81
26 43 108
26 44 52
26 45 16
26 46 15
26 47 145
26 48 2
26 49 42
26 50 1
26 51 13
26 52 36
26 53 28
26 54 0
26 55 1
26 56 12
26 57 112
26 58 17
26 59 66
26 60 44
26 61 80
26 62 18
26 63 201
26 64 29
26 65 33
26 66 32
26 67 121
26 68 1
26 69 53
26 70 37
26 71 67
26 72 3
26 73 231
26 74 14
26 75 14
26 76 29
26 77 29
26 78 26
26 79 9
26 80 5
26 81 23
26 82 24
26 83 43
26 84 19
26 85 1
26 86 11
26 87 58
26 88 80
26 89 128
26 90 37
26 91 26
26 92 29
26 93 1
26 94 33
26 95 42
51 1 3
51 2 63
51 3 1
51 4 9
51 5 140
51 6 0
51 7 0
51 8 4
51 9 1
51 10 28
51 11 28
51 12 31
51 13 31
51 14 1
51 15 1
51 16 1
51 17 21
51 18 152
51 19 3
51 20 22
51 21 34
51 22 144
51 23 10
51 24 1
51 25 94
51 26 31
51 27 13
51 28 8
51 29 17
51 30 21
51 31 4
51 32 21
51 33 47
51 34 2
51 35 314
51 36 13
51 37 34
51 38 4
51 39 27
51 40 61
51 41 54
51 42 73
51 43 95
51 44 15
51 45 16
51 46 46
51 47 114
51 48 1
51 49 54
51 50 5
51 51 31
51 52 12
51 53 7
51 54 1
51 55 1
51 56 25
51 57 115
51 58 15
51 59 55
51 60 42
51 61 72
51 62 2
51 63 220
51 64 27
51 65 27
51 66 22
51 67 145
51 68 19
51 69 74
51 70 69
51 71 69
51 72 1
51 73 228
51 74 3
51 75 0
51 76 6
51 77 48
51 78 17
51 79 6
51 80 3
51 81 19
51 82 6
51 83 68
51 84 11
51 85 2
51 86 9
51 87 58
51 88 105
51 89 124
51 90 28
51 91 28
51 92 21
51 93 18
51 94 11
51 95 61
76 1 0
76 2 70
76 3 4
76 4 2
76 5 130
76 6 0
76 7 11
76 8 7
76 9 1
76 10 20
76 11 36
76 12 37
76 13 77
76 14 24
76 15 2
76 16 1
76 17 25
76 18 94
76 19 5
76 20 22
76 21 46
76 22 128
76 23 39
76 24 4
76 25 61
76 26 28
76 27 38
76 28 0
76 29 0
76 30 20
76 31 0
76 32 25
76 33 45
76 34 2
76 35 302
76 36 34
76 37 25
76 38 4
76 39 37
76 40 41
76 41 65
76 42 77
76 43 98
76 44 13
76 45 10
76 46 43
76 47 107
76 48 20
76 49 86
76 50 2
76 51 19
76 52 3
76 53 2
76 54 4
76 55 8
76 56 38
76 57 107
76 58 10
76 59 47
76 60 48
76 61 61
76 62 2
76 63 271
76 64 33
76 65 16
76 66 21
76 67 122
76 68 53
76 69 98
76 70 78
76 71 33
76 72 5
76 73 215
76 74 1
76 75 4
76 76 6
76 77 28
76 78 8
76 79 9
76 80 0
76 81 39
76 82 3
76 83 77
76 84 5
76 85 2
76 86 21
76 87 26
76 88 72
76 89 165
76 90 19
76 91 23
76 92 28
76 93 16
76 94 3
76 95 62
101 1 1
101 2 45
101 3 1
101 4 3
101 5 115
101 6 3
101 7 4
101 8 11
101 9 0
101 10 25
101 11 75
101 12 29
101 13 60
101 14 4
101 15 16
101 16 6
101 17 46
101 18 91
101 19 7
101 20 41
101 21 40
101 22 87
101 23 51
101 24 0
101 25 44
101 26 53
101 27 37
101 28 10
101 29 2
101 30 36
101 31 10
101 32 42
101 33 63
101 34 2
101 35 287
101 36 21
101 37 32
101 38 9
101 39 35
101 40 27
101 41 61
101 42 78
101 43 147
101 44 18
101 45 8
101 46 30
101 47 104
101 48 19
101 49 102
101 50 5
101 51 32
101 52 0
101 53 2
101 54 2
101 55 1
101 56 38
101 57 116
101 58 7
101 59 41
101 60 55
101 61 27
101 62 12
101 63 213
101 64 30
101 65 7
101 66 21
101 67 144
101 68 48
101 69 85
101 70 80
101 71 9
101 72 12
101 73 218
101 74 4
101 75 2
101 76 3
101 77 32
101 78 11
101 79 13
101 80 2
101 81 49
101 82 5
101 83 49
101 84 0
101 85 1
101 86 15
101 87 14
101 88 61
101 89 231
101 90 2
101 91 29
101 92 15
101 93 16
101 94 25
101 95 19
126 1 3
126 2 43
126 3 2
126 4 1
126 5 68
126 6 10
126 7 3
126 8 17
126 9 3
126 10 24
126 11 57
126 12 2
126 13 67
126 14 2
126 15 23
126 16 11
126 17 37
126 18 116
126 19 7
126 20 24
126 21 27
126 22 113
126 23 64
126 24 3
126 25 46
126 26 29
126 27 33
126 28 6
126 29 16
126 30 48
126 31 28
126 32 32
126 33 93
126 34 0
126 35 280
126 36 50
126 37 4
126 38 30
126 39 46
126 40 19
126 41 29
126 42 44
126 43 157
126 44 10
126 45 22
126 46 48
126 47 111
126 48 32
126 49 61
126 50 8
126 51 23
126 52 0
126 53 1
126 54 4
126 55 6
126 56 18
126 57 157
126 58 9
126 59 51
126 60 69
126 61 7
126 62 13
126 63 230
126 64 19
126 65 10
126 66 21
126 67 113
126 68 54
126 69 77
126 70 67
126 71 11
126 72 17
126 73 239
126 74 11
126 75 3
126 76 8
126 77 20
126 78 0
126 79 30
126 80 0
126 81 70
126 82 2
126 83 20
126 84 1
126 85 12
126 86 7
126 87 35
126 88 62
126 89 263
126 90 1
126 91 21
126 92 33
126 93 20
126 94 29
126 95 3
151 1 1
151 2 24
151 3 4
151 4 0
151 5 41
151 6 22
151 7 1
151 8 31
151 9 2
151 10 18
151 11 57
151 12 4
151 13 60
151 14 21
151 15 24
151 16 6
151 17 31
151 18 120
151 19 3
151 20 41
151 21 25
151 22 103
151 23 55
151 24 9
151 25 47
151 26 11
151 27 18
151 28 5
151 29 8
151 30 57
151 31 23
151 32 22
151 33 70
151 34 0
151 35 265
151 36 50
151 37 3
151 38 9
151 39 83
151 40 24
151 41 12
151 42 69
151 43 147
151 44 11
151 45 16
151 46 53
151 47 103
151 48 21
151 49 45
151 50 2
151 51 17
151 52 0
151 53 18
151 54 4
151 55 7
151 56 28
151 57 187
151 58 37
151 59 48
151 60 50
151 61 7
151 62 14
151 63 194
151 64 25
151 65 21
151 66 11
151 67 99
151 68 60
151 69 104
151 70 72
151 71 13
151 72 16
151 73 301
151 74 39
151 75 7
151 76 1
151 77 43
151 78 4
151 79 8
151 80 1
151 81 70
151 82 1
151 83 16
151 84 6
151 85 9
151 86 2
151 87 23
151 88 48
151 89 270
151 90 6
151 91 20
151 92 43
151 93 28
151 94 26
151 95 0
176 1 8
176 2 36
176 3 3
176 4 1
176 5 37
176 6 15
176 7 30
176 8 36
176 9 3
176 10 7
176 11 41
176 12 5
176 13 108
176 14 15
176 15 21
176 16 12
176 17 32
176 18 103
176 19 11
176 20 29
176 21 43
176 22 120
176 23 98
176 24 1
176 25 37
176 26 12
176 27 23
176 28 4
176 29 5
176 30 51
176 31 33
176 32 19
176 33 64
176 34 6
176 35 255
176 36 64
176 37 0
176 38 5
176 39 112
176 40 35
176 41 10
176 42 46
176 43 118
176 44 26
176 45 6
176 46 34
176 47 87
176 48 11
176 49 37
176 50 5
176 51 7
176 52 6
176 53 11
176 54 2
176 55 1
176 56 26
176 57 191
176 58 27
176 59 23
176 60 44
176 61 4
176 62 30
176 63 183
176 64 11
176 65 51
176 66 24
176 67 157
176 68 60
176 69 99
176 70 80
176 71 17
176 72 9
176 73 256
176 74 50
176 75 8
176 76 1
176 77 33
176 78 4
176 79 1
176 80 1
176 81 60
176 82 3
176 83 15
176 84 13
176 85 6
176 86 2
176 87 19
176 88 39
176 89 232
176 90 5
176 91 13
176 92 53
176 93 34
176 94 53
176 95 5
201 1 2
201 2 24
201 3 3
201 4 3
201 5 57
201 6 35
201 7 35
201 8 5
201 9 1
201 10 4
201 11 60
201 12 1
201 13 126
201 14 20
201 15 16
201 16 6
201 17 27
201 18 112
201 19 17
201 20 30
201 21 35
201 22 172
201 23 106
201 24 1
201 25 49
201 26 15
201 27 8
201 28 2
201 29 0
201 30 43
201 31 24
201 32 4
201 33 69
201 34 7
201 35 235
201 36 67
201 37 1
201 38 2
201 39 79
201 40 40
201 41 16
201 42 58
201 43 56
201 44 13
201 45 1
201 46 26
201 47 65
201 48 16
201 49 44
201 50 0
201 51 1
201 52 9
201 53 5
201 54 3
201 55 5
201 56 3
201 57 184
201 58 11
201 59 33
201 60 63
201 61 31
201 62 13
201 63 204
201 64 46
201 65 36
201 66 4
201 67 160
201 68 51
201 69 112
201 70 95
201 71 33
201 72 9
201 73 191
201 74 35
201 75 16
201 76 3
201 77 35
201 78 1
201 79 6
201 80 17
201 81 60
201 82 1
201 83 22
201 84 23
201 85 3
201 86 1
201 87 56
201 88 11
201 89 215
201 90 2
201 91 34
201 92 73
201 93 48
201 94 39
201 95 3
226 1 3
226 2 26
226 3 32
226 4 4
226 5 50
226 6 42
226 7 40
226 8 7
226 9 16
226 10 1
226 11 27
226 12 2
226 13 132
226 14 9
226 15 7
226 16 3
226 17 42
226 18 113
226 19 10
226 20 23
226 21 35
226 22 175
226 23 94
226 24 1
226 25 30
226 26 15
226 27 17
226 28 1
226 29 3
226 30 34
226 31 14
226 32 0
226 33 118
226 34 2
226 35 221
226 36 69
226 37 1
226 38 6
226 39 76
226 40 38
226 41 53
226 42 34
226 43 60
226 44 20
226 45 2
226 46 4
226 47 76
226 48 15
226 49 49
226 50 3
226 51 7
226 52 2
226 53 0
226 54 6
226 55 3
226 56 5
226 57 177
226 58 11
226 59 36
226 60 36
226 61 63
226 62 26
226 63 261
226 64 41
226 65 41
226 66 6
226 67 159
226 68 62
226 69 65
226 70 22
226 71 30
226 72 3
226 73 127
226 74 31
226 75 20
226 76 17
226 77 39
226 78 1
226 79 19
226 80 28
226 81 59
226 82 4
226 83 50
226 84 26
226 85 1
226 86 6
226 87 69
226 88 29
226 89 171
226 90 2
226 91 59
226 92 44
226 93 54
226 94 48
226 95 48
251 1 1
251 2 25
251 3 63
251 4 0
251 5 42
251 6 45
251 7 43
251 8 14
251 9 0
251 10 4
251 11 14
251 12 3
251 13 124
251 14 10
251 15 10
251 16 15
251 17 51
251 18 145
251 19 16
251 20 25
251 21 57
251 22 145
251 23 64
251 24 1
251 25 18
251 26 15
251 27 18
251 28 2
251 29 1
251 30 43
251 31 3
251 32 2
251 33 153
251 34 3
251 35 194
251 36 54
251 37 2
251 38 23
251 39 64
251 40 20
251 41 65
251 42 39
251 43 66
251 44 31
251 45 2
251 46 5
251 47 54
251 48 6
251 49 43
251 50 1
251 51 4
251 52 1
251 53 0
251 54 20
251 55 1
251 56 2
251 57 171
251 58 19
251 59 25
251 60 22
251 61 84
251 62 10
251 63 231
251 64 36
251 65 48
251 66 2
251 67 151
251 68 74
251 69 46
251 70 20
251 71 37
251 72 1
251 73 113
251 74 38
251 75 8
251 76 30
251 77 28
251 78 4
251 79 27
251 80 33
251 81 59
251 82 4
251 83 96
251 84 31
251 85 11
251 86 2
251 87 62
251 88 48
251 89 120
251 90 3
251 91 27
251 92 42
251 93 84
251 94 35
251 95 77
276 1 3
276 2 4
276 3 43
276 4 4
276 5 86
276 6 51
276 7 37
276 8 2
276 9 1
276 10 3
276 11 8
276 12 3
276 13 126
276 14 5
276 15 0
276 16 16
276 17 41
276 18 178
276 19 2
276 20 15
276 21 58
276 22 129
276 23 73
276 24 3
276 25 22
276 26 17
276 27 1
276 28 13
276 29 5
276 30 60
276 31 14
276 32 8
276 33 133
276 34 1
276 35 181
276 36 57
276 37 3
276 38 27
276 39 51
276 40 37
276 41 74
276 42 48
276 43 60
276 44 41
276 45 4
276 46 2
276 47 59
276 48 8
276 49 29
276 50 5
276 51 12
276 52 2
276 53 9
276 54 10
276 55 5
276 56 13
276 57 150
276 58 21
276 59 26
276 60 29
276 61 89
276 62 2
276 63 208
276 64 34
276 65 53
276 66 1
276 67 171
276 68 74
276 69 51
276 70 17
276 71 41
276 72 1
276 73 133
276 74 39
276 75 8
276 76 27
276 77 69
276 78 4
276 79 25
276 80 24
276 81 52
276 82 11
276 83 94
276 84 6
276 85 9
276 86 19
276 87 47
276 88 30
276 89 110
276 90 5
276 91 29
276 92 49
276 93 82
276 94 24
276 95 65
301 1 1
301 2 3
301 3 26
301 4 1
301 5 94
301 6 52
301 7 38
301 8 0
301 9 1
301 10 15
301 11 3
301 12 0
301 13 117
301 14 8
301 15 3
301 16 15
301 17 18
301 18 206
301 19 17
301 20 29
301 21 78
301 22 158
301 23 69
301 24 4
301 25 1
301 26 32
301 27 1
301 28 18
301 29 6
301 30 81
301 31 8
301 32 0
301 33 146
301 34 5
301 35 154
301 36 41
301 37 3
301 38 2
301 39 66
301 40 25
301 41 64
301 42 48
301 43 51
301 44 9
301 45 2
301 46 11
301 47 78
301 48 4
301 49 53
301 50 3
301 51 19
301 52 4
301 53 5
301 54 11
301 55 0
301 56 2
301 57 130
301 58 15
301 59 34
301 60 55
301 61 82
301 62 15
301 63 192
301 64 44
301 65 80
301 66 3
301 67 153
301 68 71
301 69 60
301 70 35
301 71 40
301 72 9
301 73 150
301 74 36
301 75 10
301 76 9
301 77 84
301 78 3
301 79 45
301 80 31
301 81 38
301 82 9
301 83 73
301 84 4
301 85 11
301 86 21
301 87 57
301 88 8
301 89 133
301 90 5
301 91 17
301 92 29
301 93 76
301 94 22
301 95 76
326 1 2
326 2 3
326 3 36
326 4 3
326 5 49
326 6 76
326 7 30
326 8 0
326 9 7
326 10 3
326 11 3
326 12 0
326 13 107
326 14 43
326 15 3
326 16 21
326 17 7
326 18 185
326 19 22
326 20 21
326 21 49
326 22 150
326 23 79
326 24 1
326 25 2
326 26 54
326 27 4
326 28 7
326 29 1
326 30 77
326 31 6
326 32 19
326 33 121
326 34 7
326 35 189
326 36 61
326 37 2
326 38 8
326 39 55
326 40 20
326 41 72
326 42 60
326 43 69
326 44 3
326 45 4
326 46 2
326 47 96
326 48 28
326 49 51
326 50 1
326 51 1
326 52 10
326 53 3
326 54 26
326 55 3
326 56 2
326 57 136
326 58 29
326 59 31
326 60 46
326 61 71
326 62 34
326 63 174
326 64 34
326 65 72
326 66 1
326 67 134
326 68 126
326 69 76
326 70 20
326 71 43
326 72 5
326 73 121
326 74 42
326 75 9
326 76 18
326 77 99
326 78 0
326 79 56
326 80 20
326 81 38
326 82 5
326 83 56
326 84 1
326 85 5
326 86 16
326 87 72
326 88 2
326 89 131
326 90 1
326 91 26
326 92 35
326 93 84
326 94 14
326 95 83
351 1 0
351 2 3
351 3 12
351 4 6
351 5 54
351 6 72
351 7 24
351 8 1
351 9 22
351 10 0
351 11 10
351 12 0
351 13 64
351 14 21
351 15 3
351 16 11
351 17 9
351 18 201
351 19 2
351 20 11
351 21 90
351 22 119
351 23 48
351 24 4
351 25 0
351 26 66
351 27 7
351 28 1
351 29 2
351 30 87
351 31 11
351 32 21
351 33 140
351 34 1
351 35 163
351 36 60
351 37 8
351 38 1
351 39 87
351 40 56
351 41 40
351 42 62
351 43 46
351 44 1
351 45 3
351 46 7
351 47 62
351 48 43
351 49 57
351 50 17
351 51 6
351 52 17
351 53 3
351 54 14
351 55 2
351 56 6
351 57 128
351 58 35
351 59 28
351 60 41
351 61 41
351 62 28
351 63 187
351 64 44
351 65 53
351 66 2
351 67 149
351 68 97
351 69 64
351 70 18
351 71 40
351 72 2
351 73 155
351 74 38
351 75 24
351 76 28
351 77 100
351 78 9
351 79 93
351 80 2
351 81 37
351 82 4
351 83 57
351 84 1
351 85 2
351 86 15
351 87 76
351 88 24
351 89 142
351 90 26
351 91 30
351 92 27
351 93 70
351 94 9
351 95 110
376 1 6
376 2 24
376 3 13
376 4 14
376 5 97
376 6 63
376 7 12
376 8 1
376 9 22
376 10 3
376 11 3
376 12 4
376 13 65
376 14 15
376 15 11
376 16 5
376 17 17
376 18 164
376 19 0
376 20 4
376 21 80
376 22 122
376 23 72
376 24 3
376 25 2
376 26 43
376 27 4
376 28 3
376 29 5
376 30 60
376 31 19
376 32 22
376 33 174
376 34 2
376 35 137
376 36 41
376 37 22
376 38 4
376 39 86
376 40 31
376 41 17
376 42 80
376 43 40
376 44 1
376 45 18
376 46 19
376 47 39
376 48 63
376 49 46
376 50 4
376 51 1
376 52 26
376 53 3
376 54 3
376 55 18
376 56 4
376 57 133
376 58 47
376 59 10
376 60 71
376 61 40
376 62 13
376 63 219
376 64 19
376 65 79
376 66 1
376 67 159
376 68 75
376 69 54
376 70 6
376 71 31
376 72 0
376 73 172
376 74 11
376 75 6
376 76 38
376 77 98
376 78 19
376 79 81
376 80 3
376 81 21
376 82 0
376 83 40
376 84 3
376 85 0
376 86 38
376 87 82
376 88 29
376 89 158
376 90 18
376 91 79
376 92 18
376 93 66
376 94 20
376 95 111
401 1 4
401 2 33
401 3 35
401 4 15
401 5 68
401 6 62
401 7 1
401 8 13
401 9 21
401 10 1
401 11 1
401 12 2
401 13 86
401 14 20
401 15 1
401 16 7
401 17 0
401 18 167
401 19 2
401 20 12
401 21 100
401 22 168
401 23 64
401 24 0
401 25 6
401 26 39
401 27 0
401 28 7
401 29 22
401 30 50
401 31 9
401 32 24
401 33 160
401 34 1
401 35 124
401 36 35
401 37 33
401 38 19
401 39 101
401 40 18
401 41 23
401 42 81
401 43 46
401 44 2
401 45 19
401 46 34
401 47 36
401 48 62
401 49 33
401 50 13
401 51 2
401 52 22
401 53 12
401 54 0
401 55 14
401 56 5
401 57 108
401 58 36
401 59 14
401 60 34
401 61 12
401 62 9
401 63 215
401 64 28
401 65 91
401 66 12
401 67 152
401 68 27
401 69 52
401 70 10
401 71 39
401 72 1
401 73 164
401 74 1
401 75 11
401 76 30
401 77 80
401 78 31
401 79 96
401 80 0
401 81 26
401 82 3
401 83 60
401 84 3
401 85 1
401 86 13
401 87 86
401 88 5
401 89 216
401 90 11
401 91 111
401 92 21
401 93 67
401 94 7
401 95 102
426 1 6
426 2 30
426 3 48
426 4 1
426 5 53
426 6 59
426 7 1
426 8 28
426 9 4
426 10 5
426 11 2
426 12 3
426 13 90
426 14 25
426 15 0
426 16 12
426 17 4
426 18 165
426 19 9
426 20 34
426 21 112
426 22 196
426 23 82
426 24 1
426 25 0
426 26 49
426 27 10
426 28 20
426 29 14
426 30 29
426 31 13
426 32 32
426 33 143
426 34 5
426 35 143
426 36 11
426 37 42
426 38 19
426 39 69
426 40 2
426 41 41
426 42 69
426 43 42
426 44 22
426 45 25
426 46 20
426 47 38
426 48 75
426 49 30
426 50 12
426 51 10
426 52 29
426 53 17
426 54 1
426 55 27
426 56 0
426 57 142
426 58 29
426 59 7
426 60 11
426 61 25
426 62 9
426 63 173
426 64 40
426 65 92
426 66 7
426 67 159
426 68 9
426 69 51
426 70 22
426 71 42
426 72 22
426 73 143
426 74 0
426 75 1
426 76 24
426 77 66
426 78 31
426 79 80
426 80 8
426 81 13
426 82 0
426 83 53
426 84 3
426 85 0
426 86 10
426 87 110
426 88 4
426 89 245
426 90 9
426 91 113
426 92 37
426 93 65
426 94 4
426 95 94
451 1 2
451 2 38
451 3 33
451 4 3
451 5 49
451 6 91
451 7 5
451 8 12
451 9 2
451 10 16
451 11 2
451 12 17
451 13 79
451 14 29
451 15 2
451 16 0
451 17 1
451 18 155
451 19 18
451 20 51
451 21 100
451 22 213
451 23 79
451 24 3
451 25 16
451 26 44
451 27 14
451 28 0
451 29 14
451 30 23
451 31 25
451 32 34
451 33 166
451 34 3
451 35 128
451 36 10
451 37 18
451 38 13
451 39 90
451 40 21
451 41 35
451 42 89
451 43 55
451 44 18
451 45 25
451 46 17
451 47 71
451 48 52
451 49 25
451 50 11
451 51 1
451 52 31
451 53 5
451 54 3
451 55 21
451 56 27
451 57 151
451 58 42
451 59 1
451 60 42
451 61 27
451 62 23
451 63 164
451 64 40
451 65 85
451 66 1
451 67 136
451 68 5
451 69 14
451 70 4
451 71 35
451 72 2
451 73 208
451 74 2
451 75 7
451 76 12
451 77 106
451 78 38
451 79 61
451 80 24
451 81 3
451 82 7
451 83 58
451 84 1
451 85 1
451 86 1
451 87 105
451 88 20
451 89 225
451 90 2
451 91 93
451 92 35
451 93 74
451 94 16
451 95 101
476 1 2
476 2 32
476 3 10
476 4 5
476 5 61
476 6 79
476 7 9
476 8 4
476 9 16
476 10 24
476 11 31
476 12 21
476 13 98
476 14 46
476 15 19
476 16 3
476 17 1
476 18 174
476 19 17
476 20 24
476 21 83
476 22 207
476 23 68
476 24 11
476 25 16
476 26 43
476 27 16
476 28 2
476 29 9
476 30 22
476 31 19
476 32 30
476 33 150
476 34 2
476 35 114
476 36 27
476 37 8
476 38 22
476 39 87
476 40 33
476 41 49
476 42 96
476 43 72
476 44 6
476 45 27
476 46 15
476 47 83
476 48 39
476 49 8
476 50 5
476 51 4
476 52 26
476 53 7
476 54 1
476 55 27
476 56 38
476 57 180
476 58 20
476 59 0
476 60 71
476 61 22
476 62 18
476 63 197
476 64 38
476 65 82
476 66 1
476 67 118
476 68 2
476 69 1
476 70 4
476 71 35
476 72 6
476 73 182
476 74 0
476 75 6
476 76 11
476 77 107
476 78 18
476 79 47
476 80 33
476 81 5
476 82 6
476 83 37
476 84 4
476 85 5
476 86 0
476 87 65
476 88 24
476 89 182
476 90 1
476 91 82
476 92 49
476 93 59
476 94 35
476 95 80
501 1 3
501 2 38
501 3 15
501 4 2
501 5 89
501 6 75
501 7 7
501 8 2
501 9 19
501 10 18
501 11 43
501 12 22
501 13 110
501 14 12
501 15 16
501 16 3
501 17 2
501 18 176
501 19 36
501 20 32
501 21 68
501 22 228
501 23 29
501 24 9
501 25 16
501 26 67
501 27 22
501 28 3
501 29 18
501 30 23
501 31 2
501 32 18
501 33 161
501 34 14
501 35 127
501 36 35
501 37 18
501 38 24
501 39 92
501 40 36
501 41 46
501 42 102
501 43 88
501 44 7
501 45 20
501 46 24
501 47 74
501 48 40
501 49 5
501 50 0
501 51 14
501 52 45
501 53 5
501 54 0
501 55 23
501 56 50
501 57 151
501 58 44
501 59 27
501 60 41
501 61 32
501 62 33
501 63 225
501 64 36
501 65 74
501 66 1
501 67 92
501 68 6
501 69 0
501 70 0
501 71 14
501 72 2
501 73 186
501 74 1
501 75 4
501 76 11
501 77 79
501 78 2
501 79 49
501 80 33
501 81 2
501 82 3
501 83 34
501 84 3
501 85 4
501 86 1
501 87 51
501 88 22
501 89 145
501 90 1
501 91 80
501 92 31
501 93 51
501 94 31
501 95 55
526 1 5
526 2 39
526 3 29
526 4 4
526 5 53
526 6 89
526 7 26
526 8 3
526 9 7
526 10 9
526 11 28
526 12 25
526 13 89
526 14 21
526 15 16
526 16 9
526 17 21
526 18 285
526 19 38
526 20 49
526 21 49
526 22 182
526 23 21
526 24 2
526 25 4
526 26 72
526 27 27
526 28 14
526 29 7
526 30 27
526 31 7
526 32 6
526 33 155
526 34 22
526 35 119
526 36 29
526 37 15
526 38 13
526 39 122
526 40 45
526 41 37
526 42 89
526 43 88
526 44 6
526 45 23
526 46 31
526 47 67
526 48 37
526 49 14
526 50 10
526 51 8
526 52 21
526 53 0
526 54 4
526 55 19
526 56 29
526 57 166
526 58 42
526 59 40
526 60 48
526 61 40
526 62 20
526 63 176
526 64 71
526 65 56
526 66 4
526 67 122
526 68 2
526 69 2
526 70 10
526 71 29
526 72 12
526 73 187
526 74 2
526 75 4
526 76 3
526 77 86
526 78 6
526 79 47
526 80 56
526 81 0
526 82 4
526 83 24
526 84 5
526 85 6
526 86 2
526 87 56
526 88 38
526 89 130
526 90 1
526 91 59
526 92 20
526 93 26
526 94 21
526 95 45
551 1 4
551 2 43
551 3 21
551 4 0
551 5 47
551 6 79
551 7 32
551 8 5
551 9 8
551 10 6
551 11 39
551 12 23
551 13 135
551 14 12
551 15 13
551 16 0
551 17 20
551 18 281
551 19 68
551 20 27
551 21 75
551 22 175
551 23 27
551 24 2
551 25 14
551 26 66
551 27 20
551 28 14
551 29 4
551 30 26
551 31 31
551 32 1
551 33 164
551 34 17
551 35 113
551 36 23
551 37 13
551 38 20
551 39 129
551 40 22
551 41 32
551 42 115
551 43 115
551 44 6
551 45 27
551 46 25
551 47 79
551 48 35
551 49 19
551 50 0
551 51 11
551 52 29
551 53 2
551 54 18
551 55 10
551 56 18
551 57 138
551 58 13
551 59 38
551 60 34
551 61 26
551 62 6
551 63 133
551 64 63
551 65 41
551 66 5
551 67 108
551 68 2
551 69 0
551 70 25
551 71 20
551 72 4
551 73 194
551 74 1
551 75 8
551 76 4
551 77 86
551 78 1
551 79 11
551 80 62
551 81 17
551 82 0
551 83 56
551 84 3
551 85 3
551 86 4
551 87 42
551 88 33
551 89 149
551 90 2
551 91 53
551 92 54
551 93 21
551 94 18
551 95 35
576 1 3
576 2 33
576 3 30
576 4 6
576 5 13
576 6 84
576 7 41
576 8 4
576 9 1
576 10 3
576 11 57
576 12 8
576 13 132
576 14 10
576 15 25
576 16 5
576 17 33
576 18 238
576 19 71
576 20 3
576 21 56
576 22 162
576 23 14
576 24 1
576 25 20
576 26 43
576 27 22
576 28 19
576 29 6
576 30 39
576 31 28
576 32 0
576 33 175
576 34 3
576 35 160
576 36 25
576 37 12
576 38 36
576 39 140
576 40 14
576 41 25
576 42 102
576 43 111
576 44 35
576 45 16
576 46 22
576 47 52
576 48 43
576 49 33
576 50 3
576 51 19
576 52 21
576 53 8
576 54 5
576 55 19
576 56 3
576 57 138
576 58 0
576 59 46
576 60 10
576 61 17
576 62 11
576 63 183
576 64 45
576 65 51
576 66 4
576 67 152
576 68 1
576 69 0
576 70 36
576 71 7
576 72 12
576 73 205
576 74 0
576 75 5
576 76 0
576 77 79
576 78 3
576 79 4
576 80 43
576 81 24
576 82 5
576 83 44
576 84 3
576 85 9
576 86 3
576 87 17
576 88 14
576 89 215
576 90 3
576 91 124
576 92 55
576 93 8
576 94 15
576 95 31
601 1 5
601 2 29
601 3 22
601 4 1
601 5 0
601 6 88
601 7 31
601 8 1
601 9 3
601 10 0
601 11 65
601 12 3
601 13 150
601 14 10
601 15 28
601 16 16
601 17 26
601 18 181
601 19 65
601 20 31
601 21 64
601 22 156
601 23 33
601 24 1
601 25 21
601 26 55
601 27 36
601 28 13
601 29 3
601 30 38
601 31 18
601 32 2
601 33 162
601 34 4
601 35 195
601 36 13
601 37 6
601 38 23
601 39 122
601 40 19
601 41 9
601 42 60
601 43 92
601 44 15
601 45 20
601 46 35
601 47 36
601 48 30
601 49 34
601 50 5
601 51 9
601 52 24
601 53 2
601 54 27
601 55 24
601 56 16
601 57 149
601 58 1
601 59 39
601 60 1
601 61 71
601 62 14
601 63 205
601 64 51
601 65 45
601 66 2
601 67 159
601 68 24
601 69 3
601 70 36
601 71 0
601 72 11
601 73 201
601 74 15
601 75 0
601 76 11
601 77 87
601 78 2
601 79 10
601 80 62
601 81 36
601 82 7
601 83 31
601 84 2
601 85 4
601 86 2
601 87 22
601 88 22
601 89 240
601 90 6
601 91 74
601 92 37
601 93 1
601 94 2
601 95 45
626 1 18
626 2 26
626 3 14
626 4 11
626 5 15
626 6 117
626 7 30
626 8 2
626 9 1
626 10 5
626 11 59
626 12 1
626 13 135
626 14 24
626 15 22
626 16 21
626 17 29
626 18 165
626 19 52
626 20 19
626 21 61
626 22 183
626 23 40
626 24 2
626 25 9
626 26 87
626 27 29
626 28 20
626 29 2
626 30 29
626 31 17
626 32 1
626 33 140
626 34 5
626 35 204
626 36 29
626 37 2
626 38 52
626 39 87
626 40 48
626 41 14
626 42 68
626 43 99
626 44 13
626 45 19
626 46 27
626 47 42
626 48 5
626 49 8
626 50 4
626 51 17
626 52 29
626 53 15
626 54 14
626 55 18
626 56 30
626 57 195
626 58 2
626 59 51
626 60 16
626 61 27
626 62 10
626 63 244
626 64 34
626 65 67
626 66 7
626 67 143
626 68 22
626 69 25
626 70 33
626 71 1
626 72 3
626 73 203
626 74 6
626 75 4
626 76 16
626 77 89
626 78 9
626 79 11
626 80 37
626 81 21
626 82 2
626 83 19
626 84 1
626 85 1
626 86 3
626 87 11
626 88 21
626 89 220
626 90 2
626 91 58
626 92 49
626 93 43
626 94 5
626 95 38
651 1 9
651 2 31
651 3 26
651 4 3
651 5 5
651 6 72
651 7 23
651 8 0
651 9 2
651 10 19
651 11 32
651 12 5
651 13 137
651 14 14
651 15 25
651 16 17
651 17 10
651 18 147
651 19 62
651 20 19
651 21 42
651 22 140
651 23 30
651 24 1
651 25 9
651 26 84
651 27 17
651 28 17
651 29 4
651 30 27
651 31 19
651 32 4
651 33 167
651 34 2
651 35 205
651 36 19
651 37 2
651 38 41
651 39 94
651 40 74
651 41 17
651 42 53
651 43 103
651 44 16
651 45 26
651 46 24
651 47 56
651 48 30
651 49 13
651 50 1
651 51 11
651 52 34
651 53 28
651 54 14
651 55 22
651 56 6
651 57 181
651 58 4
651 59 40
651 60 28
651 61 59
651 62 17
651 63 293
651 64 23
651 65 45
651 66 24
651 67 164
651 68 25
651 69 31
651 70 22
651 71 5
651 72 0
651 73 199
651 74 3
651 75 3
651 76 9
651 77 67
651 78 1
651 79 8
651 80 4
651 81 27
651 82 2
651 83 25
651 84 0
651 85 2
651 86 0
651 87 7
651 88 17
651 89 222
651 90 4
651 91 51
651 92 50
651 93 81
651 94 22
651 95 36
676 1 1
676 2 49
676 3 21
676 4 1
676 5 5
676 6 119
676 7 20
676 8 11
676 9 12
676 10 20
676 11 44
676 12 11
676 13 135
676 14 19
676 15 18
676 16 6
676 17 1
676 18 179
676 19 65
676 20 15
676 21 41
676 22 127
676 23 27
676 24 1
676 25 20
676 26 82
676 27 20
676 28 18
676 29 1
676 30 6
676 31 20
676 32 0
676 33 162
676 34 6
676 35 239
676 36 11
676 37 2
676 38 1
676 39 47
676 40 61
676 41 2
676 42 41
676 43 97
676 44 39
676 45 35
676 46 26
676 47 53
676 48 50
676 49 11
676 50 0
676 51 4
676 52 21
676 53 31
676 54 8
676 55 24
676 56 5
676 57 183
676 58 2
676 59 11
676 60 24
676 61 59
676 62 18
676 63 302
676 64 13
676 65 81
676 66 15
676 67 180
676 68 32
676 69 33
676 70 9
676 71 3
676 72 12
676 73 227
676 74 7
676 75 4
676 76 10
676 77 64
676 78 18
676 79 1
676 80 0
676 81 6
676 82 6
676 83 13
676 84 6
676 85 1
676 86 2
676 87 3
676 88 9
676 89 230
676 90 23
676 91 38
676 92 91
676 93 83
676 94 26
676 95 22
701 1 1
701 2 5
701 3 29
701 4 11
701 5 21
701 6 121
701 7 4
701 8 19
701 9 5
701 10 7
701 11 25
701 12 7
701 13 136
701 14 15
701 15 20
701 16 7
701 17 7
701 18 216
701 19 75
701 20 22
701 21 20
701 22 105
701 23 26
701 24 15
701 25 6
701 26 52
701 27 20
701 28 3
701 29 2
701 30 42
701 31 14
701 32 2
701 33 177
701 34 0
701 35 209
701 36 45
701 37 0
701 38 4
701 39 41
701 40 55
701 41 1
701 42 48
701 43 79
701 44 26
701 45 13
701 46 49
701 47 70
701 48 30
701 49 14
701 50 4
701 51 1
701 52 7
701 53 23
701 54 5
701 55 36
701 56 7
701 57 196
701 58 3
701 59 11
701 60 3
701 61 48
701 62 13
701 63 270
701 64 7
701 65 103
701 66 11
701 67 223
701 68 23
701 69 27
701 70 34
701 71 14
701 72 3
701 73 239
701 74 2
701 75 20
701 76 49
701 77 73
701 78 9
701 79 8
701 80 12
701 81 3
701 82 4
701 83 10
701 84 3
701 85 2
701 86 7
701 87 14
701 88 21
701 89 187
701 90 30
701 91 60
701 92 82
701 93 85
701 94 22
701 95 3
726 1 0
726 2 25
726 3 23
726 4 21
726 5 35
726 6 100
726 7 2
726 8 27
726 9 2
726 10 1
726 11 6
726 12 6
726 13 168
726 14 13
726 15 22
726 16 3
726 17 11
726 18 238
726 19 73
726 20 8
726 21 35
726 22 124
726 23 17
726 24 8
726 25 8
726 26 47
726 27 14
726 28 2
726 29 1
726 30 35
726 31 18
726 32 13
726 33 168
726 34 0
726 35 173
726 36 49
726 37 6
726 38 12
726 39 47
726 40 37
726 41 0
726 42 70
726 43 86
726 44 16
726 45 8
726 46 64
726 47 61
726 48 37
726 49 5
726 50 2
726 51 15
726 52 10
726 53 22
726 54 5
726 55 67
726 56 3
726 57 189
726 58 9
726 59 14
726 60 1
726 61 50
726 62 9
726 63 273
726 64 14
726 65 149
726 66 7
726 67 214
726 68 8
726 69 31
726 70 18
726 71 15
726 72 15
726 73 257
726 74 2
726 75 17
726 76 21
726 77 96
726 78 4
726 79 13
726 80 7
726 81 1
726 82 3
726 83 18
726 84 1
726 85 1
726 86 1
726 87 1
726 88 4
726 89 125
726 90 19
726 91 47
726 92 85
726 93 73
726 94 29
726 95 1
751 1 0
751 2 10
751 3 15
751 4 1
751 5 36
751 6 74
751 7 2
751 8 31
751 9 1
751 10 2
751 11 11
751 12 1
751 13 200
751 14 11
751 15 15
751 16 6
751 17 1
751 18 231
751 19 61
751 20 15
751 21 29
751 22 123
751 23 33
751 24 2
751 25 18
751 26 34
751 27 0
751 28 3
751 29 2
751 30 48
751 31 14
751 32 21
751 33 199
751 34 2
751 35 154
751 36 34
751 37 13
751 38 16
751 39 43
751 40 35
751 41 1
751 42 58
751 43 109
751 44 13
751 45 11
751 46 60
751 47 54
751 48 28
751 49 7
751 50 2
751 51 3
751 52 3
751 53 11
751 54 13
751 55 70
751 56 2
751 57 219
751 58 3
751 59 3
751 60 12
751 61 37
751 62 15
751 63 241
751 64 7
751 65 187
751 66 4
751 67 242
751 68 6
751 69 38
751 70 17
751 71 15
751 72 17
751 73 231
751 74 0
751 75 28
751 76 17
751 77 120
751 78 1
751 79 33
751 80 13
751 81 14
751 82 3
751 83 7
751 84 1
751 85 3
751 86 3
751 87 0
751 88 1
751 89 130
751 90 9
751 91 55
751 92 85
751 93 113
751 94 33
751 95 8
776 1 1
776 2 1
776 3 6
776 4 2
776 5 40
776 6 49
776 7 4
776 8 24
776 9 10
776 10 1
776 11 6
776 12 3
776 13 206
776 14 8
776 15 15
776 16 7
776 17 1
776 18 253
776 19 32
776 20 30
776 21 24
776 22 96
776 23 19
776 24 7
776 25 39
776 26 44
776 27 0
776 28 1
776 29 6
776 30 85
776 31 1
776 32 24
776 33 217
776 34 0
776 35 141
776 36 62
776 37 4
776 38 31
776 39 26
776 40 50
776 41 10
776 42 77
776 43 126
776 44 11
776 45 4
776 46 61
776 47 59
776 48 32
776 49 1
776 50 3
776 51 3
776 52 0
776 53 5
776 54 11
776 55 51
776 56 1
776 57 188
776 58 27
776 59 25
776 60 27
776 61 21
776 62 17
776 63 260
776 64 33
776 65 167
776 66 0
776 67 224
776 68 4
776 69 20
776 70 29
776 71 13
776 72 4
776 73 190
776 74 6
776 75 40
776 76 35
776 77 120
776 78 13
776 79 10
776 80 7
776 81 27
776 82 3
776 83 11
776 84 5
776 85 2
776 86 3
776 87 11
776 88 2
776 89 124
776 90 9
776 91 61
776 92 49
776 93 132
776 94 36
776 95 27
801 1 1
801 2 5
801 3 3
801 4 22
801 5 25
801 6 46
801 7 16
801 8 16
801 9 4
801 10 3
801 11 10
801 12 1
801 13 219
801 14 4
801 15 26
801 16 2
801 17 2
801 18 266
801 19 16
801 20 42
801 21 27
801 22 80
801 23 26
801 24 4
801 25 23
801 26 45
801 27 11
801 28 2
801 29 3
801 30 86
801 31 9
801 32 9
801 33 241
801 34 8
801 35 153
801 36 39
801 37 5
801 38 18
801 39 30
801 40 46
801 41 16
801 42 89
801 43 126
801 44 45
801 45 0
801 46 63
801 47 72
801 48 27
801 49 1
801 50 1
801 51 1
801 52 2
801 53 4
801 54 29
801 55 27
801 56 29
801 57 144
801 58 43
801 59 6
801 60 37
801 61 24
801 62 10
801 63 204
801 64 37
801 65 99
801 66 3
801 67 206
801 68 1
801 69 14
801 70 16
801 71 31
801 72 8
801 73 173
801 74 5
801 75 43
801 76 40
801 77 87
801 78 14
801 79 9
801 80 17
801 81 48
801 82 7
801 83 0
801 84 4
801 85 0
801 86 0
801 87 36
801 88 8
801 89 119
801 90 22
801 91 62
801 92 16
801 93 109
801 94 32
801 95 33
826 1 3
826 2 5
826 3 3
826 4 0
826 5 25
826 6 83
826 7 14
826 8 4
826 9 5
826 10 2
826 11 0
826 12 8
826 13 269
826 14 4
826 15 42
826 16 6
826 17 9
826 18 232
826 19 22
826 20 62
826 21 35
826 22 81
826 23 56
826 24 2
826 25 42
826 26 42
826 27 23
826 28 0
826 29 4
826 30 68
826 31 30
826 32 5
826 33 208
826 34 10
826 35 197
826 36 53
826 37 9
826 38 29
826 39 35
826 40 47
826 41 11
826 42 60
826 43 153
826 44 60
826 45 6
826 46 61
826 47 73
826 48 30
826 49 1
826 50 1
826 51 4
826 52 0
826 53 4
826 54 12
826 55 23
826 56 29
826 57 152
826 58 58
826 59 1
826 60 34
826 61 33
826 62 2
826 63 157
826 64 86
826 65 85
826 66 8
826 67 170
826 68 18
826 69 2
826 70 10
826 71 40
826 72 14
826 73 190
826 74 1
826 75 17
826 76 18
826 77 88
826 78 9
826 79 15
826 80 32
826 81 56
826 82 11
826 83 2
826 84 3
826 85 0
826 86 3
826 87 28
826 88 0
826 89 114
826 90 25
826 91 28
826 92 2
826 93 87
826 94 28
826 95 58
851 1 5
851 2 4
851 3 1
851 4 13
851 5 21
851 6 73
851 7 8
851 8 3
851 9 5
851 10 7
851 11 6
851 12 23
851 13 237
851 14 1
851 15 31
851 16 2
851 17 4
851 18 236
851 19 4
851 20 43
851 21 37
851 22 45
851 23 99
851 24 4
851 25 11
851 26 31
851 27 40
851 28 2
851 29 10
851 30 41
851 31 22
851 32 4
851 33 212
851 34 1
851 35 170
851 36 45
851 37 2
851 38 33
851 39 30
851 40 49
851 41 16
851 42 65
851 43 144
851 44 34
851 45 26
851 46 38
851 47 97
851 48 41
851 49 3
851 50 4
851 51 12
851 52 1
851 53 3
851 54 5
851 55 25
851 56 22
851 57 177
851 58 47
851 59 9
851 60 42
851 61 54
851 62 6
851 63 134
851 64 109
851 65 78
851 66 8
851 67 185
851 68 22
851 69 21
851 70 17
851 71 36
851 72 15
851 73 160
851 74 7
851 75 23
851 76 12
851 77 78
851 78 18
851 79 40
851 80 23
851 81 66
851 82 9
851 83 0
851 84 3
851 85 4
851 86 6
851 87 54
851 88 1
851 89 102
851 90 37
851 91 19
851 92 21
851 93 85
851 94 35
851 95 59
876 1 4
876 2 1
876 3 3
876 4 1
876 5 9
876 6 71
876 7 20
876 8 17
876 9 1
876 10 11
876 11 9
876 12 22
876 13 294
876 14 2
876 15 38
876 16 1
876 17 10
876 18 245
876 19 5
876 20 37
876 21 57
876 22 66
876 23 75
876 24 1
876 25 2
876 26 48
876 27 8
876 28 11
876 29 2
876 30 60
876 31 3
876 32 4
876 33 212
876 34 3
876 35 107
876 36 50
876 37 3
876 38 35
876 39 40
876 40 79
876 41 39
876 42 80
876 43 115
876 44 12
876 45 23
876 46 41
876 47 105
876 48 44
876 49 1
876 50 1
876 51 6
876 52 8
876 53 1
876 54 2
876 55 32
876 56 10
876 57 134
876 58 35
876 59 5
876 60 35
876 61 73
876 62 0
876 63 172
876 64 132
876 65 81
876 66 5
876 67 152
876 68 23
876 69 13
876 70 21
876 71 2
876 72 10
876 73 182
876 74 3
876 75 14
876 76 18
876 77 97
876 78 12
876 79 39
876 80 30
876 81 60
876 82 2
876 83 3
876 84 3
876 85 2
876 86 11
876 87 71
876 88 2
876 89 105
876 90 34
876 91 54
876 92 21
876 93 57
876 94 19
876 95 63
901 1 0
901 2 1
901 3 6
901 4 18
901 5 64
901 6 72
901 7 14
901 8 18
901 9 5
901 10 22
901 11 4
901 12 24
901 13 288
901 14 5
901 15 0
901 16 1
901 17 18
901 18 257
901 19 1
901 20 36
901 21 60
901 22 106
901 23 64
901 24 3
901 25 8
901 26 42
901 27 11
901 28 0
901 29 19
901 30 88
901 31 1
901 32 12
901 33 244
901 34 0
901 35 106
901 36 42
901 37 3
901 38 19
901 39 47
901 40 87
901 41 22
901 42 71
901 43 88
901 44 11
901 45 6
901 46 21
901 47 68
901 48 25
901 49 5
901 50 19
901 51 1
901 52 23
901 53 18
901 54 2
901 55 44
901 56 11
901 57 147
901 58 41
901 59 23
901 60 50
901 61 52
901 62 4
901 63 158
901 64 87
901 65 64
901 66 1
901 67 123
901 68 22
901 69 9
901 70 2
901 71 4
901 72 6
901 73 201
901 74 3
901 75 12
901 76 21
901 77 99
901 78 1
901 79 29
901 80 49
901 81 58
901 82 8
901 83 1
901 84 2
901 85 3
901 86 16
901 87 93
901 88 5
901 89 152
901 90 13
901 91 42
901 92 22
901 93 34
901 94 16
901 95 77
926 1 4
926 2 0
926 3 5
926 4 2
926 5 115
926 6 70
926 7 19
926 8 20
926 9 0
926 10 21
926 11 3
926 12 11
926 13 276
926 14 18
926 15 2
926 16 3
926 17 2
926 18 219
926 19 21
926 20 46
926 21 50
926 22 111
926 23 17
926 24 9
926 25 2
926 26 35
926 27 2
926 28 1
926 29 18
926 30 80
926 31 3
926 32 24
926 33 235
926 34 16
926 35 120
926 36 47
926 37 2
926 38 15
926 39 24
926 40 75
926 41 23
926 42 76
926 43 95
926 44 6
926 45 8
926 46 43
926 47 70
926 48 32
926 49 9
926 50 9
926 51 1
926 52 21
926 53 0
926 54 4
926 55 46
926 56 9
926 57 169
926 58 45
926 59 45
926 60 51
926 61 90
926 62 1
926 63 167
926 64 18
926 65 74
926 66 0
926 67 116
926 68 12
926 69 18
926 70 2
926 71 11
926 72 13
926 73 256
926 74 7
926 75 17
926 76 20
926 77 70
926 78 6
926 79 29
926 80 25
926 81 22
926 82 2
926 83 20
926 84 3
926 85 2
926 86 8
926 87 101
926 88 5
926 89 127
926 90 14
926 91 56
926 92 20
926 93 48
926 94 2
926 95 59
951 1 8
951 2 18
951 3 0
951 4 5
951 5 156
951 6 69
951 7 37
951 8 15
951 9 3
951 10 18
951 11 29
951 12 4
951 13 223
951 14 18
951 15 3
951 16 0
951 17 0
951 18 217
951 19 34
951 20 35
951 21 61
951 22 115
951 23 7
951 24 23
951 25 0
951 26 36
951 27 17
951 28 6
951 29 11
951 30 82
951 31 3
951 32 16
951 33 215
951 34 13
951 35 92
951 36 40
951 37 3
951 38 1
951 39 14
951 40 67
951 41 36
951 42 81
951 43 83
951 44 14
951 45 5
951 46 56
951 47 69
951 48 30
951 49 7
951 50 2
951 51 3
951 52 14
951 53 2
951 54 2
951 55 42
951 56 12
951 57 163
951 58 51
951 59 56
951 60 52
951 61 89
951 62 15
951 63 170
951 64 28
951 65 76
951 66 3
951 67 102
951 68 0
951 69 17
951 70 2
951 71 0
951 72 15
951 73 265
951 74 4
951 75 22
951 76 22
951 77 70
951 78 2
951 79 36
951 80 48
951 81 2
951 82 3
951 83 18
951 84 1
951 85 5
951 86 3
951 87 86
951 88 1
951 89 158
951 90 25
951 91 59
951 92 43
951 93 50
951 94 2
951 95 84
976 1 4
976 2 19
976 3 1
976 4 2
976 5 197
976 6 56
976 7 42
976 8 22
976 9 2
976 10 17
976 11 25
976 12 5
976 13 188
976 14 16
976 15 0
976 16 1
976 17 5
976 18 160
976 19 57
976 20 33
976 21 46
976 22 88
976 23 5
976 24 48
976 25 26
976 26 25
976 27 34
976 28 2
976 29 22
976 30 68
976 31 14
976 32 23
976 33 217
976 34 5
976 35 78
976 36 54
976 37 14
976 38 3
976 39 11
976 40 44
976 41 37
976 42 102
976 43 76
976 44 20
976 45 1
976 46 88
976 47 62
976 48 38
976 49 2
976 50 5
976 51 3
976 52 3
976 53 0
976 54 3
976 55 35
976 56 28
976 57 165
976 58 52
976 59 47
976 60 26
976 61 126
976 62 18
976 63 170
976 64 30
976 65 80
976 66 20
976 67 92
976 68 1
976 69 15
976 70 2
976 71 2
976 72 16
976 73 296
976 74 0
976 75 22
976 76 4
976 77 47
976 78 3
976 79 30
976 80 47
976 81 1
976 82 3
976 83 17
976 84 1
976 85 7
976 86 4
976 87 22
976 88 0
976 89 150
976 90 35
976 91 25
976 92 49
976 93 53
976 94 7
976 95 57
1001 1 14
1001 2 5
1001 3 3
1001 4 5
1001 5 185
1001 6 76
1001 7 84
1001 8 44
1001 9 0
1001 10 19
1001 11 9
1001 12 0
1001 13 205
1001 14 14
1001 15 5
1001 16 2
1001 17 0
1001 18 174
1001 19 43
1001 20 13
1001 21 65
1001 22 104
1001 23 0
1001 24 38
1001 25 26
1001 26 23
1001 27 71
1001 28 7
1001 29 17
1001 30 31
1001 31 11
1001 32 37
1001 33 213
1001 34 11
1001 35 77
1001 36 50
1001 37 48
1001 38 1
1001 39 9
1001 40 27
1001 41 12
1001 42 96
1001 43 95
1001 44 30
1001 45 2
1001 46 97
1001 47 79
1001 48 18
1001 49 6
1001 50 2
1001 51 8
1001 52 4
1001 53 11
1001 54 1
1001 55 32
1001 56 20
1001 57 147
1001 58 62
1001 59 58
1001 60 12
1001 61 171
1001 62 0
1001 63 147
1001 64 21
1001 65 77
1001 66 12
1001 67 101
1001 68 2
1001 69 16
1001 70 0
1001 71 2
1001 72 3
1001 73 285
1001 74 12
1001 75 1
1001 76 0
1001 77 38
1001 78 1
1001 79 31
1001 80 53
1001 81 2
1001 82 4
1001 83 17
1001 84 0
1001 85 5
1001 86 2
1001 87 11
1001 88 3
1001 89 177
1001 90 34
1001 91 7
1001 92 29
1001 93 50
1001 94 3
1001 95 53
1026 1 4
1026 2 12
1026 3 0
1026 4 12
1026 5 227
1026 6 62
1026 7 81
1026 8 44
1026 9 1
1026 10 10
1026 11 16
1026 12 1
1026 13 216
1026 14 20
1026 15 0
1026 16 0
1026 17 3
1026 18 195
1026 19 29
1026 20 30
1026 21 58
1026 22 116
1026 23 6
1026 24 36
1026 25 33
1026 26 12
1026 27 63
1026 28 5
1026 29 1
1026 30 36
1026 31 5
1026 32 45
1026 33 201
1026 34 3
1026 35 79
1026 36 56
1026 37 48
1026 38 1
1026 39 4
1026 40 7
1026 41 4
1026 42 97
1026 43 75
1026 44 12
1026 45 3
1026 46 95
1026 47 94
1026 48 22
1026 49 3
1026 50 2
1026 51 0
1026 52 30
1026 53 12
1026 54 2
1026 55 57
1026 56 6
1026 57 136
1026 58 58
1026 59 58
1026 60 28
1026 61 157
1026 62 12
1026 63 137
1026 64 39
1026 65 58
1026 66 9
1026 67 108
1026 68 1
1026 69 21
1026 70 1
1026 71 1
1026 72 0
1026 73 273
1026 74 19
1026 75 2
1026 76 4
1026 77 56
1026 78 4
1026 79 14
1026 80 47
1026 81 28
1026 82 1
1026 83 38
1026 84 0
1026 85 2
1026 86 10
1026 87 17
1026 88 3
1026 89 156
1026 90 19
1026 91 4
1026 92 42
1026 93 44
1026 94 4
1026 95 38
1051 1 20
1051 2 15
1051 3 1
1051 4 9
1051 5 244
1051 6 64
1051 7 79
1051 8 23
1051 9 6
1051 10 2
1051 11 12
1051 12 0
1051 13 210
1051 14 33
1051 15 23
1051 16 6
1051 17 3
1051 18 208
1051 19 24
1051 20 47
1051 21 63
1051 22 101
1051 23 5
1051 24 35
1051 25 15
1051 26 27
1051 27 38
1051 28 1
1051 29 0
1051 30 67
1051 31 9
1051 32 30
1051 33 243
1051 34 3
1051 35 121
1051 36 69
1051 37 35
1051 38 0
1051 39 10
1051 40 19
1051 41 5
1051 42 94
1051 43 48
1051 44 6
1051 45 0
1051 46 85
1051 47 88
1051 48 17
1051 49 9
1051 50 3
1051 51 3
1051 52 13
1051 53 17
1051 54 0
1051 55 61
1051 56 8
1051 57 162
1051 58 97
1051 59 45
1051 60 62
1051 61 153
1051 62 15
1051 63 124
1051 64 16
1051 65 56
1051 66 5
1051 67 122
1051 68 7
1051 69 28
1051 70 1
1051 71 2
1051 72 0
1051 73 179
1051 74 1
1051 75 4
1051 76 21
1051 77 54
1051 78 0
1051 79 6
1051 80 15
1051 81 24
1051 82 4
1051 83 56
1051 84 2
1051 85 1
1051 86 4
1051 87 25
1051 88 5
1051 89 193
1051 90 11
1051 91 4
1051 92 22
1051 93 15
1051 94 5
1051 95 56
1076 1 19
1076 2 7
1076 3 11
1076 4 17
1076 5 209
1076 6 62
1076 7 88
1076 8 35
1076 9 2
1076 10 10
1076 11 18
1076 12 1
1076 13 212
1076 14 47
1076 15 9
1076 16 2
1076 17 1
1076 18 176
1076 19 35
1076 20 70
1076 21 44
1076 22 92
1076 23 11
1076 24 45
1076 25 32
1076 26 26
1076 27 48
1076 28 1
1076 29 8
1076 30 45
1076 31 24
1076 32 27
1076 33 195
1076 34 8
1076 35 121
1076 36 46
1076 37 20
1076 38 6
1076 39 27
1076 40 32
1076 41 3
1076 42 71
1076 43 28
1076 44 16
1076 45 3
1076 46 85
1076 47 94
1076 48 25
1076 49 0
1076 50 2
1076 51 2
1076 52 7
1076 53 6
1076 54 6
1076 55 61
1076 56 6
1076 57 135
1076 58 84
1076 59 71
1076 60 18
1076 61 121
1076 62 1
1076 63 112
1076 64 45
1076 65 60
1076 66 0
1076 67 101
1076 68 20
1076 69 10
1076 70 1
1076 71 1
1076 72 9
1076 73 169
1076 74 10
1076 75 0
1076 76 28
1076 77 45
1076 78 13
1076 79 8
1076 80 21
1076 81 51
1076 82 2
1076 83 51
1076 84 3
1076 85 8
1076 86 0
1076 87 88
1076 88 2
1076 89 192
1076 90 2
1076 91 12
1076 92 31
1076 93 25
1076 94 8
1076 95 27
1101 1 17
1101 2 35
1101 3 12
1101 4 16
1101 5 225
1101 6 63
1101 7 85
1101 8 29
1101 9 3
1101 10 2
1101 11 28
1101 12 2
1101 13 224
1101 14 27
1101 15 14
1101 16 9
1101 17 4
1101 18 207
1101 19 25
1101 20 44
1101 21 57
1101 22 99
1101 23 15
1101 24 36
1101 25 6
1101 26 41
1101 27 52
1101 28 3
1101 29 15
1101 30 26
1101 31 47
1101 32 59
1101 33 194
1101 34 3
1101 35 140
1101 36 12
1101 37 11
1101 38 4
1101 39 31
1101 40 52
1101 41 0
1101 42 71
1101 43 19
1101 44 2
1101 45 3
1101 46 99
1101 47 112
1101 48 16
1101 49 1
1101 50 3
1101 51 1
1101 52 13
1101 53 6
1101 54 4
1101 55 59
1101 56 15
1101 57 117
1101 58 98
1101 59 61
1101 60 31
1101 61 107
1101 62 3
1101 63 91
1101 64 35
1101 65 82
1101 66 5
1101 67 90
1101 68 21
1101 69 7
1101 70 0
1101 71 4
1101 72 8
1101 73 153
1101 74 3
1101 75 0
1101 76 35
1101 77 33
1101 78 6
1101 79 6
1101 80 23
1101 81 51
1101 82 4
1101 83 29
1101 84 1
1101 85 4
1101 86 1
1101 87 97
1101 88 10
1101 89 200
1101 90 8
1101 91 4
1101 92 55
1101 93 52
1101 94 10
1101 95 20
1126 1 49
1126 2 26
1126 3 13
1126 4 7
1126 5 251
1126 6 55
1126 7 57
1126 8 4
1126 9 3
1126 10 4
1126 11 18
1126 12 3
1126 13 212
1126 14 24
1126 15 7
1126 16 2
1126 17 29
1126 18 246
1126 19 22
1126 20 70
1126 21 71
1126 22 106
1126 23 5
1126 24 37
1126 25 20
1126 26 66
1126 27 42
1126 28 1
1126 29 8
1126 30 20
1126 31 45
1126 32 50
1126 33 188
1126 34 2
1126 35 148
1126 36 4
1126 37 17
1126 38 1
1126 39 29
1126 40 47
1126 41 1
1126 42 67
1126 43 22
1126 44 14
1126 45 20
1126 46 90
1126 47 82
1126 48 17
1126 49 3
1126 50 2
1126 51 6
1126 52 9
1126 53 1
1126 54 1
1126 55 27
1126 56 25
1126 57 113
1126 58 100
1126 59 46
1126 60 36
1126 61 118
1126 62 2
1126 63 61
1126 64 22
1126 65 83
1126 66 4
1126 67 97
1126 68 21
1126 69 16
1126 70 3
1126 71 1
1126 72 6
1126 73 159
1126 74 11
1126 75 3
1126 76 38
1126 77 42
1126 78 0
1126 79 2
1126 80 27
1126 81 27
1126 82 2
1126 83 27
1126 84 1
1126 85 0
1126 86 12
1126 87 97
1126 88 13
1126 89 187
1126 90 1
1126 91 2
1126 92 44
1126 93 80
1126 94 64
1126 95 23
1151 1 35
1151 2 38
1151 3 3
1151 4 9
1151 5 228
1151 6 57
1151 7 76
1151 8 20
1151 9 6
1151 10 2
1151 11 9
1151 12 1
1151 13 240
1151 14 21
1151 15 3
1151 16 17
1151 17 22
1151 18 322
1151 19 21
1151 20 66
1151 21 43
1151 22 89
1151 23 5
1151 24 24
1151 25 26
1151 26 30
1151 27 17
1151 28 15
1151 29 2
1151 30 33
1151 31 5
1151 32 46
1151 33 216
1151 34 1
1151 35 161
1151 36 1
1151 37 8
1151 38 1
1151 39 29
1151 40 20
1151 41 1
1151 42 93
1151 43 9
1151 44 7
1151 45 14
1151 46 93
1151 47 106
1151 48 8
1151 49 3
1151 50 4
1151 51 8
1151 52 18
1151 53 1
1151 54 1
1151 55 15
1151 56 33
1151 57 131
1151 58 49
1151 59 47
1151 60 43
1151 61 133
1151 62 5
1151 63 63
1151 64 10
1151 65 55
1151 66 28
1151 67 106
1151 68 32
1151 69 25
1151 70 7
1151 71 1
1151 72 7
1151 73 99
1151 74 8
1151 75 2
1151 76 44
1151 77 65
1151 78 4
1151 79 13
1151 80 28
1151 81 34
1151 82 6
1151 83 33
1151 84 5
1151 85 2
1151 86 0
1151 87 98
1151 88 12
1151 89 227
1151 90 1
1151 91 2
1151 92 56
1151 93 87
1151 94 55
1151 95 10
1176 1 27
1176 2 39
1176 3 5
1176 4 2
1176 5 238
1176 6 61
1176 7 63
1176 8 12
1176 9 1
1176 10 1
1176 11 26
1176 12 7
1176 13 184
1176 14 35
1176 15 2
1176 16 16
1176 17 25
1176 18 266
1176 19 6
1176 20 46
1176 21 39
1176 22 118
1176 23 5
1176 24 35
1176 25 10
1176 26 17
1176 27 41
1176 28 0
1176 29 3
1176 30 27
1176 31 2
1176 32 52
1176 33 209
1176 34 5
1176 35 190
1176 36 0
1176 37 0
1176 38 2
1176 39 3
1176 40 18
1176 41 2
1176 42 120
1176 43 10
1176 44 2
1176 45 11
1176 46 78
1176 47 100
1176 48 15
1176 49 10
1176 50 2
1176 51 11
1176 52 4
1176 53 5
1176 54 23
1176 55 26
1176 56 29
1176 57 143
1176 58 28
1176 59 32
1176 60 69
1176 61 70
1176 62 9
1176 63 87
1176 64 4
1176 65 24
1176 66 13
1176 67 130
1176 68 35
1176 69 37
1176 70 2
1176 71 15
1176 72 7
1176 73 55
1176 74 44
1176 75 0
1176 76 27
1176 77 83
1176 78 1
1176 79 34
1176 80 6
1176 81 16
1176 82 17
1176 83 30
1176 84 2
1176 85 5
1176 86 7
1176 87 112
1176 88 41
1176 89 305
1176 90 3
1176 91 4
1176 92 36
1176 93 91
1176 94 35
1176 95 4
1201 1 5
1201 2 37
1201 3 3
1201 4 4
1201 5 223
1201 6 93
1201 7 82
1201 8 1
1201 9 2
1201 10 7
1201 11 34
1201 12 1
1201 13 206
1201 14 12
1201 15 14
1201 16 12
1201 17 51
1201 18 251
1201 19 23
1201 20 34
1201 21 47
1201 22 103
1201 23 0
1201 24 42
1201 25 4
1201 26 20
1201 27 29
1201 28 0
1201 29 4
1201 30 23
1201 31 6
1201 32 53
1201 33 186
1201 34 2
1201 35 205
1201 36 27
1201 37 9
1201 38 2
1201 39 9
1201 40 24
1201 41 15
1201 42 103
1201 43 12
1201 44 4
1201 45 2
1201 46 58
1201 47 104
1201 48 3
1201 49 11
1201 50 3
1201 51 2
1201 52 7
1201 53 0
1201 54 11
1201 55 37
1201 56 29
1201 57 145
1201 58 65
1201 59 22
1201 60 64
1201 61 74
1201 62 7
1201 63 126
1201 64 5
1201 65 48
1201 66 9
1201 67 120
1201 68 39
1201 69 45
1201 70 2
1201 71 23
1201 72 19
1201 73 67
1201 74 9
1201 75 0
1201 76 20
1201 77 106
1201 78 2
1201 79 16
1201 80 31
1201 81 37
1201 82 2
1201 83 50
1201 84 1
1201 85 9
1201 86 2
1201 87 59
1201 88 59
1201 89 290
1201 90 6
1201 91 19
1201 92 20
1201 93 84
1201 94 47
1201 95 5
1226 1 3
1226 2 18
1226 3 10
1226 4 23
1226 5 190
1226 6 85
1226 7 63
1226 8 3
1226 9 8
1226 10 2
1226 11 34
1226 12 0
1226 13 212
1226 14 3
1226 15 5
1226 16 6
1226 17 41
1226 18 207
1226 19 35
1226 20 37
1226 21 48
1226 22 137
1226 23 9
1226 24 41
1226 25 2
1226 26 14
1226 27 3
1226 28 2
1226 29 17
1226 30 22
1226 31 17
1226 32 57
1226 33 180
1226 34 2
1226 35 235
1226 36 30
1226 37 2
1226 38 2
1226 39 16
1226 40 21
1226 41 16
1226 42 102
1226 43 22
1226 44 3
1226 45 2
1226 46 41
1226 47 102
1226 48 8
1226 49 7
1226 50 1
1226 51 7
1226 52 14
1226 53 2
1226 54 3
1226 55 13
1226 56 28
1226 57 192
1226 58 50
1226 59 66
1226 60 44
1226 61 56
1226 62 1
1226 63 191
1226 64 5
1226 65 52
1226 66 21
1226 67 100
1226 68 42
1226 69 26
1226 70 16
1226 71 6
1226 72 13
1226 73 40
1226 74 11
1226 75 1
1226 76 27
1226 77 121
1226 78 3
1226 79 11
1226 80 8
1226 81 19
1226 82 4
1226 83 24
1226 84 1
1226 85 8
1226 86 2
1226 87 76
1226 88 45
1226 89 218
1226 90 5
1226 91 12
1226 92 31
1226 93 78
1226 94 60
1226 95 9
1251 1 4
1251 2 3
1251 3 11
1251 4 27
1251 5 192
1251 6 51
1251 7 41
1251 8 5
1251 9 25
1251 10 1
1251 11 24
1251 12 2
1251 13 185
1251 14 1
1251 15 1
1251 16 10
1251 17 44
1251 18 144
1251 19 21
1251 20 58
1251 21 72
1251 22 145
1251 23 25
1251 24 25
1251 25 2
1251 26 20
1251 27 3
1251 28 2
1251 29 11
1251 30 57
1251 31 3
1251 32 20
1251 33 182
1251 34 2
1251 35 298
1251 36 27
1251 37 1
1251 38 1
1251 39 33
1251 40 19
1251 41 32
1251 42 93
1251 43 64
1251 44 6
1251 45 8
1251 46 34
1251 47 104
1251 48 8
1251 49 4
1251 50 1
1251 51 0
1251 52 14
1251 53 1
1251 54 1
1251 55 0
1251 56 22
1251 57 210
1251 58 80
1251 59 60
1251 60 53
1251 61 90
1251 62 2
1251 63 182
1251 64 47
1251 65 60
1251 66 24
1251 67 112
1251 68 40
1251 69 29
1251 70 22
1251 71 7
1251 72 13
1251 73 44
1251 74 10
1251 75 9
1251 76 14
1251 77 81
1251 78 5
1251 79 1
1251 80 2
1251 81 13
1251 82 11
1251 83 10
1251 84 5
1251 85 4
1251 86 14
1251 87 61
1251 88 23
1251 89 196
1251 90 14
1251 91 0
1251 92 42
1251 93 107
1251 94 80
1251 95 14
1276 1 7
1276 2 3
1276 3 7
1276 4 41
1276 5 225
1276 6 75
1276 7 15
1276 8 7
1276 9 3
1276 10 0
1276 11 19
1276 12 3
1276 13 217
1276 14 1
1276 15 9
1276 16 11
1276 17 63
1276 18 120
1276 19 17
1276 20 86
1276 21 74
1276 22 164
1276 23 28
1276 24 37
1276 25 7
1276 26 25
1276 27 1
1276 28 4
1276 29 10
1276 30 40
1276 31 4
1276 32 25
1276 33 189
1276 34 0
1276 35 308
1276 36 13
1276 37 4
1276 38 1
1276 39 49
1276 40 3
1276 41 31
1276 42 91
1276 43 82
1276 44 30
1276 45 14
1276 46 27
1276 47 97
1276 48 7
1276 49 5
1276 50 2
1276 51 4
1276 52 10
1276 53 4
1276 54 2
1276 55 4
1276 56 26
1276 57 195
1276 58 40
1276 59 40
1276 60 50
1276 61 58
1276 62 22
1276 63 171
1276 64 21
1276 65 62
1276 66 11
1276 67 101
1276 68 38
1276 69 30
1276 70 32
1276 71 1
1276 72 0
1276 73 72
1276 74 11
1276 75 6
1276 76 16
1276 77 69
1276 78 3
1276 79 1
1276 80 0
1276 81 7
1276 82 6
1276 83 14
1276 84 2
1276 85 5
1276 86 12
1276 87 77
1276 88 23
1276 89 177
1276 90 17
1276 91 19
1276 92 45
1276 93 90
1276 94 69
1276 95 10
1301 1 8
1301 2 2
1301 3 3
1301 4 23
1301 5 280
1301 6 95
1301 7 27
1301 8 19
1301 9 13
1301 10 1
1301 11 19
1301 12 2
1301 13 157
1301 14 0
1301 15 14
1301 16 23
1301 17 12
1301 18 112
1301 19 18
1301 20 100
1301 21 67
1301 22 167
1301 23 20
1301 24 23
1301 25 5
1301 26 33
1301 27 6
1301 28 2
1301 29 3
1301 30 51
1301 31 3
1301 32 2
1301 33 201
1301 34 1
1301 35 291
1301 36 19
1301 37 3
1301 38 3
1301 39 75
1301 40 29
1301 41 33
1301 42 76
1301 43 40
1301 44 34
1301 45 15
1301 46 32
1301 47 54
1301 48 2
1301 49 20
1301 50 3
1301 51 9
1301 52 25
1301 53 2
1301 54 5
1301 55 3
1301 56 25
1301 57 188
1301 58 24
1301 59 71
1301 60 56
1301 61 53
1301 62 9
1301 63 181
1301 64 17
1301 65 55
1301 66 4
1301 67 91
1301 68 31
1301 69 21
1301 70 37
1301 71 1
1301 72 5
1301 73 82
1301 74 2
1301 75 2
1301 76 25
1301 77 80
1301 78 8
1301 79 1
1301 80 1
1301 81 4
1301 82 13
1301 83 1
1301 84 1
1301 85 3
1301 86 9
1301 87 86
1301 88 20
1301 89 240
1301 90 23
1301 91 19
1301 92 60
1301 93 107
1301 94 84
1301 95 9
1326 1 0
1326 2 3
1326 3 3
1326 4 7
1326 5 233
1326 6 119
1326 7 18
1326 8 24
1326 9 10
1326 10 3
1326 11 12
1326 12 4
1326 13 174
1326 14 0
1326 15 10
1326 16 6
1326 17 15
1326 18 101
1326 19 23
1326 20 69
1326 21 54
1326 22 140
1326 23 25
1326 24 8
1326 25 4
1326 26 28
1326 27 11
1326 28 4
1326 29 7
1326 30 40
1326 31 4
1326 32 7
1326 33 173
1326 34 1
1326 35 299
1326 36 12
1326 37 9
1326 38 15
1326 39 53
1326 40 39
1326 41 35
1326 42 70
1326 43 50
1326 44 24
1326 45 21
1326 46 45
1326 47 26
1326 48 8
1326 49 32
1326 50 4
1326 51 29
1326 52 23
1326 53 22
1326 54 10
1326 55 2
1326 56 16
1326 57 239
1326 58 50
1326 59 34
1326 60 52
1326 61 40
1326 62 2
1326 63 218
1326 64 4
1326 65 51
1326 66 1
1326 67 81
1326 68 31
1326 69 22
1326 70 5
1326 71 3
1326 72 1
1326 73 67
1326 74 16
1326 75 8
1326 76 33
1326 77 89
1326 78 1
1326 79 1
1326 80 1
1326 81 4
1326 82 5
1326 83 0
1326 84 2
1326 85 6
1326 86 15
1326 87 110
1326 88 33
1326 89 265
1326 90 32
1326 91 28
1326 92 76
1326 93 120
1326 94 79
1326 95 15
1351 1 4
1351 2 15
1351 3 0
1351 4 1
1351 5 187
1351 6 77
1351 7 15
1351 8 9
1351 9 8
1351 10 1
1351 11 24
1351 12 0
1351 13 150
1351 14 6
1351 15 9
1351 16 1
1351 17 23
1351 18 89
1351 19 15
1351 20 75
1351 21 50
1351 22 128
1351 23 24
1351 24 1
1351 25 2
1351 26 36
1351 27 16
1351 28 0
1351 29 24
1351 30 20
1351 31 2
1351 32 20
1351 33 166
1351 34 6
1351 35 275
1351 36 3
1351 37 0
1351 38 10
1351 39 58
1351 40 19
1351 41 72
1351 42 55
1351 43 43
1351 44 17
1351 45 18
1351 46 38
1351 47 13
1351 48 20
1351 49 36
1351 50 0
1351 51 13
1351 52 23
1351 53 15
1351 54 26
1351 55 7
1351 56 11
1351 57 190
1351 58 85
1351 59 27
1351 60 40
1351 61 70
1351 62 22
1351 63 278
1351 64 25
1351 65 53
1351 66 2
1351 67 62
1351 68 51
1351 69 17
1351 70 8
1351 71 0
1351 72 3
1351 73 69
1351 74 7
1351 75 4
1351 76 33
1351 77 123
1351 78 5
1351 79 2
1351 80 18
1351 81 20
1351 82 4
1351 83 3
1351 84 3
1351 85 10
1351 86 17
1351 87 97
1351 88 60
1351 89 275
1351 90 31
1351 91 19
1351 92 64
1351 93 140
1351 94 63
1351 95 10
1376 1 4
1376 2 24
1376 3 0
1376 4 8
1376 5 237
1376 6 78
1376 7 17
1376 8 12
1376 9 6
1376 10 0
1376 11 13
1376 12 2
1376 13 163
1376 14 3
1376 15 12
1376 16 11
1376 17 1
1376 18 100
1376 19 18
1376 20 58
1376 21 53
1376 22 144
1376 23 11
1376 24 3
1376 25 3
1376 26 28
1376 27 5
1376 28 6
1376 29 7
1376 30 20
1376 31 1
1376 32 36
1376 33 108
1376 34 4
1376 35 221
1376 36 1
1376 37 2
1376 38 8
1376 39 66
1376 40 30
1376 41 85
1376 42 62
1376 43 43
1376 44 7
1376 45 20
1376 46 50
1376 47 46
1376 48 3
1376 49 30
1376 50 3
1376 51 24
1376 52 16
1376 53 11
1376 54 21
1376 55 4
1376 56 18
1376 57 144
1376 58 93
1376 59 14
1376 60 27
1376 61 58
1376 62 7
1376 63 268
1376 64 25
1376 65 54
1376 66 2
1376 67 52
1376 68 30
1376 69 51
1376 70 4
1376 71 1
1376 72 0
1376 73 112
1376 74 16
1376 75 17
1376 76 39
1376 77 97
1376 78 48
1376 79 1
1376 80 47
1376 81 21
1376 82 3
1376 83 1
1376 84 0
1376 85 2
1376 86 18
1376 87 94
1376 88 86
1376 89 267
1376 90 29
1376 91 4
1376 92 48
1376 93 159
1376 94 70
1376 95 5
1401 1 1
1401 2 4
1401 3 1
1401 4 10
1401 5 218
1401 6 47
1401 7 17
1401 8 15
1401 9 14
1401 10 0
1401 11 12
1401 12 9
1401 13 158
1401 14 4
1401 15 16
1401 16 17
1401 17 2
1401 18 108
1401 19 30
1401 20 31
1401 21 49
1401 22 133
1401 23 3
1401 24 9
1401 25 15
1401 26 17
1401 27 2
1401 28 16
1401 29 0
1401 30 24
1401 31 11
1401 32 50
1401 33 150
1401 34 2
1401 35 240
1401 36 5
1401 37 1
1401 38 9
1401 39 80
1401 40 16
1401 41 89
1401 42 39
1401 43 87
1401 44 1
1401 45 29
1401 46 39
1401 47 41
1401 48 0
1401 49 31
1401 50 2
1401 51 1
1401 52 23
1401 53 19
1401 54 34
1401 55 9
1401 56 23
1401 57 161
1401 58 80
1401 59 25
1401 60 8
1401 61 45
1401 62 0
1401 63 243
1401 64 53
1401 65 41
1401 66 7
1401 67 77
1401 68 15
1401 69 38
1401 70 4
1401 71 3
1401 72 2
1401 73 163
1401 74 30
1401 75 13
1401 76 42
1401 77 94
1401 78 41
1401 79 10
1401 80 24
1401 81 20
1401 82 12
1401 83 2
1401 84 1
1401 85 11
1401 86 7
1401 87 89
1401 88 55
1401 89 226
1401 90 33
1401 91 7
1401 92 71
1401 93 116
1401 94 34
1401 95 18
1426 1 13
1426 2 4
1426 3 7
1426 4 6
1426 5 214
1426 6 53
1426 7 9
1426 8 2
1426 9 16
1426 10 3
1426 11 17
1426 12 16
1426 13 156
1426 14 1
1426 15 12
1426 16 9
1426 17 5
1426 18 110
1426 19 34
1426 20 36
1426 21 75
1426 22 115
1426 23 10
1426 24 6
1426 25 4
1426 26 42
1426 27 0
1426 28 11
1426 29 1
1426 30 27
1426 31 13
1426 32 50
1426 33 154
1426 34 0
1426 35 210
1426 36 24
1426 37 5
1426 38 4
1426 39 65
1426 40 3
1426 41 78
1426 42 50
1426 43 122
1426 44 2
1426 45 27
1426 46 12
1426 47 19
1426 48 3
1426 49 45
1426 50 3
1426 51 1
1426 52 14
1426 53 22
1426 54 34
1426 55 0
1426 56 32
1426 57 189
1426 58 65
1426 59 24
1426 60 21
1426 61 65
1426 62 1
1426 63 220
1426 64 54
1426 65 60
1426 66 15
1426 67 88
1426 68 28
1426 69 22
1426 70 3
1426 71 1
1426 72 3
1426 73 181
1426 74 25
1426 75 0
1426 76 20
1426 77 50
1426 78 62
1426 79 46
1426 80 38
1426 81 29
1426 82 9
1426 83 7
1426 84 0
1426 85 28
1426 86 15
1426 87 80
1426 88 42
1426 89 194
1426 90 36
1426 91 1
1426 92 49
1426 93 103
1426 94 3
1426 95 50
1451 1 8
1451 2 2
1451 3 12
1451 4 11
1451 5 232
1451 6 55
1451 7 6
1451 8 6
1451 9 13
1451 10 2
1451 11 19
1451 12 16
1451 13 164
1451 14 0
1451 15 20
1451 16 12
1451 17 5
1451 18 64
1451 19 23
1451 20 14
1451 21 68
1451 22 169
1451 23 17
1451 24 1
1451 25 9
1451 26 43
1451 27 21
1451 28 25
1451 29 2
1451 30 18
1451 31 11
1451 32 38
1451 33 184
1451 34 12
1451 35 187
1451 36 40
1451 37 3
1451 38 9
1451 39 68
1451 40 2
1451 41 79
1451 42 37
1451 43 158
1451 44 8
1451 45 28
1451 46 9
1451 47 14
1451 48 1
1451 49 39
1451 50 9
1451 51 3
1451 52 2
1451 53 17
1451 54 10
1451 55 3
1451 56 17
1451 57 182
1451 58 48
1451 59 39
1451 60 35
1451 61 64
1451 62 1
1451 63 210
1451 64 49
1451 65 70
1451 66 22
1451 67 71
1451 68 17
1451 69 17
1451 70 3
1451 71 0
1451 72 0
1451 73 177
1451 74 29
1451 75 4
1451 76 20
1451 77 20
1451 78 41
1451 79 62
1451 80 20
1451 81 19
1451 82 4
1451 83 17
1451 84 15
1451 85 19
1451 86 10
1451 87 92
1451 88 23
1451 89 241
1451 90 29
1451 91 0
1451 92 70
1451 93 94
1451 94 3
1451 95 52
1476 1 3
1476 2 1
1476 3 21
1476 4 1
1476 5 267
1476 6 84
1476 7 13
1476 8 1
1476 9 3
1476 10 3
1476 11 11
1476 12 2
1476 13 159
1476 14 1
1476 15 18
1476 16 17
1476 17 9
1476 18 105
1476 19 24
1476 20 20
1476 21 59
1476 22 144
1476 23 24
1476 24 3
1476 25 16
1476 26 36
1476 27 22
1476 28 12
1476 29 1
1476 30 20
1476 31 14
1476 32 11
1476 33 187
1476 34 5
1476 35 207
1476 36 41
1476 37 1
1476 38 15
1476 39 109
1476 40 14
1476 41 93
1476 42 17
1476 43 162
1476 44 8
1476 45 26
1476 46 5
1476 47 1
1476 48 2
1476 49 40
1476 50 9
1476 51 0
1476 52 3
1476 53 0
1476 54 2
1476 55 1
1476 56 47
1476 57 170
1476 58 33
1476 59 12
1476 60 52
1476 61 53
1476 62 0
1476 63 134
1476 64 50
1476 65 78
1476 66 37
1476 67 65
1476 68 19
1476 69 5
1476 70 1
1476 71 11
1476 72 5
1476 73 199
1476 74 30
1476 75 2
1476 76 31
1476 77 18
1476 78 49
1476 79 81
1476 80 20
1476 81 19
1476 82 6
1476 83 22
1476 84 6
1476 85 29
1476 86 3
1476 87 88
1476 88 26
1476 89 209
1476 90 25
1476 91 5
1476 92 91
1476 93 134
1476 94 8
1476 95 43
1501 1 2
1501 2 0
1501 3 27
1501 4 0
1501 5 296
1501 6 83
1501 7 54
1501 8 0
1501 9 2
1501 10 1
1501 11 0
1501 12 4
1501 13 137
1501 14 2
1501 15 8
1501 16 22
1501 17 1
1501 18 141
1501 19 22
1501 20 37
1501 21 95
1501 22 133
1501 23 42
1501 24 0
1501 25 5
1501 26 48
1501 27 10
1501 28 14
1501 29 12
1501 30 25
1501 31 39
1501 32 17
1501 33 190
1501 34 6
1501 35 166
1501 36 28
1501 37 17
1501 38 5
1501 39 102
1501 40 34
1501 41 73
1501 42 3
1501 43 169
1501 44 15
1501 45 20
1501 46 1
1501 47 6
1501 48 5
1501 49 32
1501 50 15
1501 51 5
1501 52 6
1501 53 0
1501 54 8
1501 55 4
1501 56 37
1501 57 168
1501 58 36
1501 59 27
1501 60 47
1501 61 19
1501 62 1
1501 63 107
1501 64 27
1501 65 123
1501 66 9
1501 67 53
1501 68 4
1501 69 0
1501 70 1
1501 71 9
1501 72 3
1501 73 152
1501 74 30
1501 75 3
1501 76 25
1501 77 26
1501 78 30
1501 79 71
1501 80 19
1501 81 15
1501 82 2
1501 83 26
1501 84 1
1501 85 14
1501 86 3
1501 87 77
1501 88 24
1501 89 209
1501 90 20
1501 91 10
1501 92 70
1501 93 140
1501 94 40
1501 95 70
1526 1 7
1526 2 16
1526 3 13
1526 4 2
1526 5 302
1526 6 67
1526 7 18
1526 8 1
1526 9 6
1526 10 1
1526 11 6
1526 12 0
1526 13 158
1526 14 0
1526 15 0
1526 16 13
1526 17 1
1526 18 142
1526 19 24
1526 20 42
1526 21 98
1526 22 128
1526 23 23
1526 24 1
1526 25 2
1526 26 31
1526 27 14
1526 28 14
1526 29 39
1526 30 28
1526 31 35
1526 32 23
1526 33 197
1526 34 3
1526 35 171
1526 36 25
1526 37 15
1526 38 1
1526 39 95
1526 40 38
1526 41 83
1526 42 15
1526 43 209
1526 44 21
1526 45 26
1526 46 9
1526 47 19
1526 48 11
1526 49 32
1526 50 2
1526 51 4
1526 52 3
1526 53 3
1526 54 9
1526 55 1
1526 56 47
1526 57 174
1526 58 45
1526 59 53
1526 60 24
1526 61 10
1526 62 4
1526 63 151
1526 64 37
1526 65 121
1526 66 4
1526 67 45
1526 68 9
1526 69 0
1526 70 4
1526 71 42
1526 72 1
1526 73 108
1526 74 21
1526 75 6
1526 76 21
1526 77 20
1526 78 24
1526 79 45
1526 80 27
1526 81 1
1526 82 3
1526 83 24
1526 84 2
1526 85 14
1526 86 7
1526 87 104
1526 88 38
1526 89 163
1526 90 5
1526 91 26
1526 92 71
1526 93 99
1526 94 74
1526 95 58
1551 1 4
1551 2 22
1551 3 29
1551 4 2
1551 5 304
1551 6 73
1551 7 12
1551 8 1
1551 9 3
1551 10 6
1551 11 2
1551 12 5
1551 13 193
1551 14 5
1551 15 0
1551 16 4
1551 17 1
1551 18 146
1551 19 25
1551 20 25
1551 21 85
1551 22 151
1551 23 24
1551 24 6
1551 25 6
1551 26 15
1551 27 2
1551 28 9
1551 29 38
1551 30 22
1551 31 49
1551 32 22
1551 33 195
1551 34 1
1551 35 109
1551 36 32
1551 37 17
1551 38 1
1551 39 66
1551 40 37
1551 41 110
1551 42 8
1551 43 212
1551 44 25
1551 45 17
1551 46 3
1551 47 52
1551 48 31
1551 49 17
1551 50 1
1551 51 3
1551 52 3
1551 53 3
1551 54 1
1551 55 2
1551 56 49
1551 57 150
1551 58 37
1551 59 44
1551 60 31
1551 61 9
1551 62 1
1551 63 160
1551 64 61
1551 65 99
1551 66 24
1551 67 51
1551 68 23
1551 69 19
1551 70 6
1551 71 57
1551 72 3
1551 73 128
1551 74 16
1551 75 11
1551 76 23
1551 77 28
1551 78 13
1551 79 48
1551 80 24
1551 81 25
1551 82 6
1551 83 21
1551 84 3
1551 85 6
1551 86 1
1551 87 90
1551 88 20
1551 89 157
1551 90 11
1551 91 14
1551 92 66
1551 93 106
1551 94 82
1551 95 34
1576 1 3
1576 2 21
1576 3 49
1576 4 3
1576 5 314
1576 6 71
1576 7 11
1576 8 7
1576 9 7
1576 10 4
1576 11 2
1576 12 2
1576 13 192
1576 14 5
1576 15 1
1576 16 2
1576 17 2
1576 18 185
1576 19 26
1576 20 36
1576 21 92
1576 22 177
1576 23 27
1576 24 2
1576 25 8
1576 26 31
1576 27 1
1576 28 7
1576 29 29
1576 30 24
1576 31 70
1576 32 33
1576 33 206
1576 34 6
1576 35 103
1576 36 46
1576 37 4
1576 38 25
1576 39 55
1576 40 31
1576 41 87
1576 42 25
1576 43 157
1576 44 21
1576 45 22
1576 46 3
1576 47 82
1576 48 45
1576 49 10
1576 50 5
1576 51 3
1576 52 1
1576 53 1
1576 54 4
1576 55 2
1576 56 21
1576 57 129
1576 58 65
1576 59 21
1576 60 29
1576 61 4
1576 62 1
1576 63 117
1576 64 57
1576 65 96
1576 66 12
1576 67 50
1576 68 21
1576 69 14
1576 70 29
1576 71 51
1576 72 4
1576 73 171
1576 74 12
1576 75 0
1576 76 12
1576 77 46
1576 78 18
1576 79 37
1576 80 9
1576 81 19
1576 82 4
1576 83 27
1576 84 1
1576 85 3
1576 86 6
1576 87 106
1576 88 13
1576 89 94
1576 90 8
1576 91 40
1576 92 70
1576 93 87
1576 94 110
1576 95 14
1601 1 1
1601 2 23
1601 3 15
1601 4 12
1601 5 327
1601 6 71
1601 7 25
1601 8 8
1601 9 6
1601 10 2
1601 11 17
1601 12 2
1601 13 152
1601 14 2
1601 15 3
1601 16 9
1601 17 5
1601 18 185
1601 19 22
1601 20 25
1601 21 95
1601 22 109
1601 23 47
1601 24 7
1601 25 11
1601 26 73
1601 27 7
1601 28 17
1601 29 35
1601 30 22
1601 31 60
1601 32 24
1601 33 190
1601 34 3
1601 35 137
1601 36 24
1601 37 4
1601 38 18
1601 39 80
1601 40 48
1601 41 72
1601 42 42
1601 43 176
1601 44 17
1601 45 23
1601 46 18
1601 47 63
1601 48 50
1601 49 0
1601 50 1
1601 51 1
1601 52 3
1601 53 4
1601 54 2
1601 55 4
1601 56 6
1601 57 185
1601 58 33
1601 59 27
1601 60 15
1601 61 18
1601 62 3
1601 63 112
1601 64 59
1601 65 84
1601 66 34
1601 67 56
1601 68 14
1601 69 0
1601 70 9
1601 71 69
1601 72 9
1601 73 177
1601 74 53
1601 75 2
1601 76 8
1601 77 32
1601 78 13
1601 79 23
1601 80 4
1601 81 1
1601 82 1
1601 83 15
1601 84 3
1601 85 7
1601 86 5
1601 87 91
1601 88 4
1601 89 93
1601 90 36
1601 91 42
1601 92 80
1601 93 81
1601 94 66
1601 95 5
1626 1 1
1626 2 30
1626 3 20
1626 4 8
1626 5 266
1626 6 86
1626 7 24
1626 8 2
1626 9 2
1626 10 0
1626 11 1
1626 12 4
1626 13 188
1626 14 6
1626 15 36
1626 16 9
1626 17 1
1626 18 185
1626 19 5
1626 20 37
1626 21 73
1626 22 98
1626 23 44
1626 24 8
1626 25 4
1626 26 75
1626 27 8
1626 28 13
1626 29 12
1626 30 31
1626 31 58
1626 32 17
1626 33 208
1626 34 1
1626 35 105
1626 36 10
1626 37 4
1626 38 8
1626 39 65
1626 40 65
1626 41 56
1626 42 37
1626 43 162
1626 44 17
1626 45 26
1626 46 21
1626 47 66
1626 48 23
1626 49 4
1626 50 3
1626 51 2
1626 52 5
1626 53 14
1626 54 8
1626 55 2
1626 56 13
1626 57 221
1626 58 29
1626 59 8
1626 60 62
1626 61 27
1626 62 1
1626 63 150
1626 64 38
1626 65 54
1626 66 4
1626 67 60
1626 68 16
1626 69 20
1626 70 19
1626 71 81
1626 72 8
1626 73 179
1626 74 33
1626 75 6
1626 76 13
1626 77 48
1626 78 2
1626 79 22
1626 80 13
1626 81 4
1626 82 1
1626 83 17
1626 84 1
1626 85 0
1626 86 23
1626 87 80
1626 88 6
1626 89 139
1626 90 42
1626 91 33
1626 92 84
1626 93 73
1626 94 31
1626 95 4
1651 1 1
1651 2 30
1651 3 7
1651 4 35
1651 5 210
1651 6 113
1651 7 39
1651 8 0
1651 9 1
1651 10 0
1651 11 11
1651 12 3
1651 13 213
1651 14 14
1651 15 30
1651 16 16
1651 17 3
1651 18 164
1651 19 4
1651 20 54
1651 21 65
1651 22 116
1651 23 40
1651 24 4
1651 25 2
1651 26 85
1651 27 10
1651 28 14
1651 29 16
1651 30 5
1651 31 30
1651 32 6
1651 33 193
1651 34 1
1651 35 87
1651 36 23
1651 37 2
1651 38 3
1651 39 83
1651 40 94
1651 41 42
1651 42 28
1651 43 159
1651 44 19
1651 45 24
1651 46 1
1651 47 51
1651 48 45
1651 49 1
1651 50 5
1651 51 1
1651 52 4
1651 53 28
1651 54 2
1651 55 17
1651 56 5
1651 57 253
1651 58 36
1651 59 5
1651 60 44
1651 61 32
1651 62 2
1651 63 151
1651 64 49
1651 65 41
1651 66 3
1651 67 40
1651 68 75
1651 69 11
1651 70 3
1651 71 55
1651 72 5
1651 73 152
1651 74 34
1651 75 3
1651 76 5
1651 77 63
1651 78 1
1651 79 13
1651 80 14
1651 81 4
1651 82 3
1651 83 43
1651 84 1
1651 85 2
1651 86 3
1651 87 85
1651 88 1
1651 89 160
1651 90 17
1651 91 16
1651 92 118
1651 93 96
1651 94 24
1651 95 5
1676 1 4
1676 2 17
1676 3 1
1676 4 16
1676 5 196
1676 6 97
1676 7 79
1676 8 3
1676 9 1
1676 10 1
1676 11 10
1676 12 4
1676 13 193
1676 14 22
1676 15 20
1676 16 7
1676 17 8
1676 18 189
1676 19 0
1676 20 46
1676 21 76
1676 22 109
1676 23 51
1676 24 1
1676 25 1
1676 26 82
1676 27 6
1676 28 17
1676 29 23
1676 30 27
1676 31 8
1676 32 17
1676 33 226
1676 34 7
1676 35 62
1676 36 26
1676 37 2
1676 38 9
1676 39 57
1676 40 136
1676 41 56
1676 42 15
1676 43 135
1676 44 19
1676 45 20
1676 46 6
1676 47 64
1676 48 30
1676 49 6
1676 50 3
1676 51 2
1676 52 3
1676 53 34
1676 54 11
1676 55 29
1676 56 3
1676 57 265
1676 58 30
1676 59 14
1676 60 31
1676 61 33
1676 62 0
1676 63 159
1676 64 60
1676 65 59
1676 66 0
1676 67 61
1676 68 100
1676 69 30
1676 70 1
1676 71 47
1676 72 1
1676 73 148
1676 74 2
1676 75 8
1676 76 5
1676 77 23
1676 78 0
1676 79 4
1676 80 28
1676 81 1
1676 82 2
1676 83 29
1676 84 2
1676 85 8
1676 86 1
1676 87 101
1676 88 10
1676 89 153
1676 90 0
1676 91 7
1676 92 109
1676 93 72
1676 94 7
1676 95 6
1701 1 1
1701 2 37
1701 3 3
1701 4 20
1701 5 180
1701 6 52
1701 7 111
1701 8 3
1701 9 0
1701 10 2
1701 11 26
1701 12 1
1701 13 175
1701 14 19
1701 15 13
1701 16 32
1701 17 17
1701 18 177
1701 19 2
1701 20 16
1701 21 90
1701 22 94
1701 23 40
1701 24 0
1701 25 1
1701 26 49
1701 27 2
1701 28 1
1701 29 9
1701 30 47
1701 31 2
1701 32 10
1701 33 198
1701 34 11
1701 35 86
1701 36 21
1701 37 1
1701 38 15
1701 39 55
1701 40 79
1701 41 69
1701 42 15
1701 43 177
1701 44 35
1701 45 21
1701 46 54
1701 47 56
1701 48 37
1701 49 2
1701 50 2
1701 51 8
1701 52 2
1701 53 26
1701 54 24
1701 55 19
1701 56 8
1701 57 331
1701 58 44
1701 59 10
1701 60 26
1701 61 52
1701 62 0
1701 63 120
1701 64 29
1701 65 115
1701 66 2
1701 67 82
1701 68 104
1701 69 29
1701 70 0
1701 71 32
1701 72 1
1701 73 130
1701 74 9
1701 75 14
1701 76 0
1701 77 24
1701 78 8
1701 79 0
1701 80 31
1701 81 0
1701 82 9
1701 83 34
1701 84 2
1701 85 10
1701 86 0
1701 87 101
1701 88 19
1701 89 181
1701 90 10
1701 91 22
1701 92 87
1701 93 75
1701 94 0
1701 95 1
1726 1 2
1726 2 14
1726 3 4
1726 4 20
1726 5 194
1726 6 80
1726 7 100
1726 8 5
1726 9 1
1726 10 6
1726 11 17
1726 12 0
1726 13 221
1726 14 4
1726 15 20
1726 16 11
1726 17 41
1726 18 135
1726 19 2
1726 20 27
1726 21 78
1726 22 83
1726 23 24
1726 24 1
1726 25 11
1726 26 35
1726 27 4
1726 28 3
1726 29 19
1726 30 51
1726 31 2
1726 32 26
1726 33 169
1726 34 3
1726 35 72
1726 36 5
1726 37 5
1726 38 53
1726 39 51
1726 40 72
1726 41 66
1726 42 32
1726 43 219
1726 44 28
1726 45 9
1726 46 51
1726 47 41
1726 48 38
1726 49 12
1726 50 17
1726 51 10
1726 52 37
1726 53 23
1726 54 3
1726 55 22
1726 56 7
1726 57 346
1726 58 24
1726 59 3
1726 60 27
1726 61 64
1726 62 8
1726 63 122
1726 64 16
1726 65 104
1726 66 6
1726 67 63
1726 68 99
1726 69 35
1726 70 1
1726 71 27
1726 72 2
1726 73 118
1726 74 15
1726 75 12
1726 76 3
1726 77 31
1726 78 20
1726 79 3
1726 80 19
1726 81 3
1726 82 0
1726 83 21
1726 84 2
1726 85 1
1726 86 1
1726 87 57
1726 88 10
1726 89 226
1726 90 3
1726 91 36
1726 92 80
1726 93 48
1726 94 2
1726 95 2
1751 1 3
1751 2 8
1751 3 31
1751 4 6
1751 5 177
1751 6 87
1751 7 88
1751 8 21
1751 9 5
1751 10 7
1751 11 22
1751 12 9
1751 13 199
1751 14 8
1751 15 24
1751 16 21
1751 17 10
1751 18 128
1751 19 3
1751 20 28
1751 21 83
1751 22 113
1751 23 16
1751 24 2
1751 25 6
1751 26 29
1751 27 9
1751 28 1
1751 29 20
1751 30 46
1751 31 0
1751 32 40
1751 33 155
1751 34 0
1751 35 67
1751 36 9
1751 37 2
1751 38 37
1751 39 49
1751 40 39
1751 41 56
1751 42 66
1751 43 191
1751 44 17
1751 45 7
1751 46 50
1751 47 51
1751 48 23
1751 49 4
1751 50 2
1751 51 4
1751 52 49
1751 53 32
1751 54 1
1751 55 22
1751 56 4
1751 57 365
1751 58 20
1751 59 15
1751 60 42
1751 61 57
1751 62 3
1751 63 91
1751 64 23
1751 65 116
1751 66 14
1751 67 78
1751 68 113
1751 69 32
1751 70 3
1751 71 26
1751 72 2
1751 73 172
1751 74 20
1751 75 9
1751 76 1
1751 77 34
1751 78 34
1751 79 5
1751 80 36
1751 81 22
1751 82 1
1751 83 13
1751 84 6
1751 85 1
1751 86 0
1751 87 48
1751 88 19
1751 89 220
1751 90 12
1751 91 54
1751 92 79
1751 93 34
1751 94 0
1751 95 7
1776 1 0
1776 2 4
1776 3 30
1776 4 2
1776 5 184
1776 6 58
1776 7 90
1776 8 19
1776 9 2
1776 10 6
1776 11 49
1776 12 15
1776 13 203
1776 14 4
1776 15 4
1776 16 18
1776 17 18
1776 18 133
1776 19 17
1776 20 25
1776 21 69
1776 22 114
1776 23 5
1776 24 14
1776 25 6
1776 26 40
1776 27 9
1776 28 4
1776 29 18
1776 30 44
1776 31 1
1776 32 22
1776 33 137
1776 34 3
1776 35 70
1776 36 23
1776 37 0
1776 38 52
1776 39 29
1776 40 51
1776 41 34
1776 42 61
1776 43 129
1776 44 11
1776 45 22
1776 46 90
1776 47 72
1776 48 17
1776 49 1
1776 50 9
1776 51 9
1776 52 35
1776 53 13
1776 54 1
1776 55 26
1776 56 7
1776 57 319
1776 58 27
1776 59 27
1776 60 59
1776 61 21
1776 62 22
1776 63 122
1776 64 38
1776 65 91
1776 66 30
1776 67 123
1776 68 107
1776 69 55
1776 70 14
1776 71 25
1776 72 1
1776 73 168
1776 74 8
1776 75 8
1776 76 14
1776 77 22
1776 78 17
1776 79 5
1776 80 24
1776 81 21
1776 82 7
1776 83 1
1776 84 3
1776 85 0
1776 86 5
1776 87 34
1776 88 24
1776 89 202
1776 90 9
1776 91 53
1776 92 82
1776 93 55
1776 94 9
1776 95 4
1801 1 4
1801 2 4
1801 3 24
1801 4 8
1801 5 227
1801 6 69
1801 7 96
1801 8 22
1801 9 0
1801 10 1
1801 11 27
1801 12 22
1801 13 199
1801 14 2
1801 15 12
1801 16 11
1801 17 19
1801 18 139
1801 19 14
1801 20 4
1801 21 84
1801 22 130
1801 23 13
1801 24 10
1801 25 24
1801 26 50
1801 27 3
1801 28 1
1801 29 32
1801 30 38
1801 31 7
1801 32 32
1801 33 156
1801 34 10
1801 35 78
1801 36 8
1801 37 2
1801 38 64
1801 39 47
1801 40 32
1801 41 31
1801 42 62
1801 43 65
1801 44 16
1801 45 7
1801 46 93
1801 47 55
1801 48 14
1801 49 2
1801 50 13
1801 51 3
1801 52 34
1801 53 2
1801 54 1
1801 55 13
1801 56 10
1801 57 307
1801 58 41
1801 59 37
1801 60 52
1801 61 17
1801 62 18
1801 63 172
1801 64 25
1801 65 101
1801 66 18
1801 67 94
1801 68 101
1801 69 52
1801 70 1
1801 71 30
1801 72 1
1801 73 236
1801 74 0
1801 75 9
1801 76 16
1801 77 36
1801 78 6
1801 79 2
1801 80 27
1801 81 19
1801 82 0
1801 83 4
1801 84 0
1801 85 0
1801 86 17
1801 87 57
1801 88 24
1801 89 163
1801 90 10
1801 91 56
1801 92 59
1801 93 17
1801 94 2
1801 95 2
1826 1 12
1826 2 6
1826 3 40
1826 4 10
1826 5 246
1826 6 45
1826 7 72
1826 8 15
1826 9 3
1826 10 1
1826 11 8
1826 12 24
1826 13 155
1826 14 1
1826 15 11
1826 16 19
1826 17 18
1826 18 159
1826 19 21
1826 20 1
1826 21 37
1826 22 132
1826 23 15
1826 24 4
1826 25 10
1826 26 61
1826 27 5
1826 28 1
1826 29 43
1826 30 38
1826 31 11
1826 32 6
1826 33 151
1826 34 15
1826 35 49
1826 36 20
1826 37 0
1826 38 57
1826 39 47
1826 40 17
1826 41 40
1826 42 51
1826 43 44
1826 44 31
1826 45 21
1826 46 86
1826 47 59
1826 48 15
1826 49 3
1826 50 5
1826 51 0
1826 52 27
1826 53 0
1826 54 4
1826 55 12
1826 56 7
1826 57 280
1826 58 70
1826 59 48
1826 60 45
1826 61 71
1826 62 23
1826 63 158
1826 64 24
1826 65 128
1826 66 8
1826 67 102
1826 68 100
1826 69 49
1826 70 8
1826 71 35
1826 72 0
1826 73 283
1826 74 3
1826 75 3
1826 76 27
1826 77 31
1826 78 0
1826 79 1
1826 80 28
1826 81 14
1826 82 3
1826 83 7
1826 84 2
1826 85 3
1826 86 10
1826 87 37
1826 88 21
1826 89 153
1826 90 7
1826 91 54
1826 92 80
1826 93 12
1826 94 19
1826 95 0
1851 1 1
1851 2 7
1851 3 18
1851 4 14
1851 5 265
1851 6 71
1851 7 59
1851 8 0
1851 9 2
1851 10 3
1851 11 4
1851 12 33
1851 13 122
1851 14 0
1851 15 23
1851 16 15
1851 17 23
1851 18 165
1851 19 5
1851 20 1
1851 21 53
1851 22 143
1851 23 36
1851 24 0
1851 25 24
1851 26 80
1851 27 0
1851 28 1
1851 29 35
1851 30 37
1851 31 13
1851 32 5
1851 33 135
1851 34 8
1851 35 68
1851 36 21
1851 37 1
1851 38 51
1851 39 69
1851 40 7
1851 41 61
1851 42 38
1851 43 95
1851 44 26
1851 45 22
1851 46 64
1851 47 36
1851 48 2
1851 49 1
1851 50 2
1851 51 2
1851 52 10
1851 53 2
1851 54 4
1851 55 22
1851 56 6
1851 57 300
1851 58 72
1851 59 48
1851 60 37
1851 61 75
1851 62 35
1851 63 106
1851 64 18
1851 65 120
1851 66 6
1851 67 123
1851 68 112
1851 69 42
1851 70 28
1851 71 34
1851 72 0
1851 73 247
1851 74 9
1851 75 2
1851 76 39
1851 77 25
1851 78 14
1851 79 3
1851 80 37
1851 81 12
1851 82 3
1851 83 12
1851 84 2
1851 85 3
1851 86 4
1851 87 27
1851 88 25
1851 89 175
1851 90 1
1851 91 18
1851 92 66
1851 93 45
1851 94 2
1851 95 3
1876 1 4
1876 2 5
1876 3 2
1876 4 10
1876 5 191
1876 6 79
1876 7 41
1876 8 15
1876 9 0
1876 10 2
1876 11 3
1876 12 31
1876 13 128
1876 14 9
1876 15 15
1876 16 22
1876 17 9
1876 18 122
1876 19 9
1876 20 1
1876 21 42
1876 22 156
1876 23 19
1876 24 8
1876 25 26
1876 26 70
1876 27 17
1876 28 18
1876 29 30
1876 30 53
1876 31 2
1876 32 1
1876 33 109
1876 34 29
1876 35 47
1876 36 26
1876 37 4
1876 38 30
1876 39 51
1876 40 47
1876 41 36
1876 42 40
1876 43 106
1876 44 17
1876 45 20
1876 46 66
1876 47 52
1876 48 0
1876 49 4
1876 50 3
1876 51 0
1876 52 3
1876 53 31
1876 54 4
1876 55 7
1876 56 6
1876 57 302
1876 58 60
1876 59 46
1876 60 46
1876 61 105
1876 62 19
1876 63 101
1876 64 16
1876 65 93
1876 66 0
1876 67 155
1876 68 96
1876 69 50
1876 70 34
1876 71 27
1876 72 3
1876 73 269
1876 74 3
1876 75 0
1876 76 33
1876 77 25
1876 78 12
1876 79 6
1876 80 71
1876 81 20
1876 82 2
1876 83 1
1876 84 1
1876 85 20
1876 86 0
1876 87 35
1876 88 53
1876 89 170
1876 90 3
1876 91 23
1876 92 62
1876 93 56
1876 94 24
1876 95 3
1901 1 1
1901 2 16
1901 3 2
1901 4 19
1901 5 183
1901 6 72
1901 7 35
1901 8 15
1901 9 7
1901 10 2
1901 11 1
1901 12 31
1901 13 136
1901 14 1
1901 15 0
1901 16 27
1901 17 19
1901 18 124
1901 19 19
1901 20 5
1901 21 53
1901 22 138
1901 23 23
1901 24 4
1901 25 21
1901 26 51
1901 27 9
1901 28 19
1901 29 18
1901 30 65
1901 31 18
1901 32 0
1901 33 139
1901 34 1
1901 35 54
1901 36 33
1901 37 2
1901 38 36
1901 39 47
1901 40 33
1901 41 28
1901 42 17
1901 43 115
1901 44 14
1901 45 4
1901 46 60
1901 47 71
1901 48 5
1901 49 40
1901 50 5
1901 51 7
1901 52 12
1901 53 26
1901 54 18
1901 55 12
1901 56 5
1901 57 326
1901 58 41
1901 59 43
1901 60 38
1901 61 130
1901 62 23
1901 63 113
1901 64 16
1901 65 84
1901 66 0
1901 67 192
1901 68 57
1901 69 13
1901 70 20
1901 71 29
1901 72 4
1901 73 219
1901 74 19
1901 75 3
1901 76 10
1901 77 26
1901 78 4
1901 79 16
1901 80 39
1901 81 8
1901 82 4
1901 83 5
1901 84 3
1901 85 5
1901 86 1
1901 87 30
1901 88 30
1901 89 176
1901 90 5
1901 91 21
1901 92 72
1901 93 93
1901 94 13
1901 95 1
1926 1 1
1926 2 15
1926 3 31
1926 4 11
1926 5 172
1926 6 38
1926 7 35
1926 8 1
1926 9 6
1926 10 2
1926 11 2
1926 12 44
1926 13 159
1926 14 1
1926 15 2
1926 16 41
1926 17 20
1926 18 154
1926 19 40
1926 20 9
1926 21 34
1926 22 159
1926 23 23
1926 24 4
1926 25 20
1926 26 56
1926 27 31
1926 28 19
1926 29 19
1926 30 67
1926 31 28
1926 32 2
1926 33 135
1926 34 4
1926 35 45
1926 36 23
1926 37 0
1926 38 34
1926 39 25
1926 40 35
1926 41 16
1926 42 11
1926 43 117
1926 44 10
1926 45 0
1926 46 60
1926 47 77
1926 48 17
1926 49 36
1926 50 3
1926 51 7
1926 52 11
1926 53 12
1926 54 11
1926 55 1
1926 56 3
1926 57 328
1926 58 42
1926 59 68
1926 60 78
1926 61 78
1926 62 23
1926 63 83
1926 64 22
1926 65 88
1926 66 2
1926 67 178
1926 68 2
1926 69 3
1926 70 43
1926 71 25
1926 72 3
1926 73 216
1926 74 13
1926 75 3
1926 76 4
1926 77 30
1926 78 9
1926 79 36
1926 80 20
1926 81 19
1926 82 0
1926 83 2
1926 84 1
1926 85 18
1926 86 3
1926 87 37
1926 88 30
1926 89 222
1926 90 18
1926 91 13
1926 92 57
1926 93 79
1926 94 17
1926 95 0
1951 1 1
1951 2 1
1951 3 16
1951 4 19
1951 5 107
1951 6 42
1951 7 33
1951 8 2
1951 9 9
1951 10 3
1951 11 10
1951 12 46
1951 13 172
1951 14 6
1951 15 1
1951 16 25
1951 17 9
1951 18 203
1951 19 17
1951 20 5
1951 21 38
1951 22 175
1951 23 24
1951 24 1
1951 25 15
1951 26 46
1951 27 21
1951 28 9
1951 29 19
1951 30 53
1951 31 33
1951 32 3
1951 33 181
1951 34 0
1951 35 27
1951 36 45
1951 37 3
1951 38 30
1951 39 36
1951 40 16
1951 41 41
1951 42 3
1951 43 144
1951 44 17
1951 45 35
1951 46 98
1951 47 84
1951 48 21
1951 49 10
1951 50 2
1951 51 0
1951 52 22
1951 53 23
1951 54 1
1951 55 7
1951 56 1
1951 57 284
1951 58 62
1951 59 72
1951 60 74
1951 61 65
1951 62 37
1951 63 79
1951 64 35
1951 65 75
1951 66 3
1951 67 183
1951 68 3
1951 69 11
1951 70 58
1951 71 15
1951 72 2
1951 73 192
1951 74 17
1951 75 5
1951 76 6
1951 77 26
1951 78 5
1951 79 43
1951 80 9
1951 81 35
1951 82 1
1951 83 1
1951 84 0
1951 85 2
1951 86 3
1951 87 37
1951 88 60
1951 89 251
1951 90 10
1951 91 22
1951 92 57
1951 93 70
1951 94 7
1951 95 1
1976 1 18
1976 2 23
1976 3 28
1976 4 31
1976 5 66
1976 6 31
1976 7 41
1976 8 19
1976 9 18
1976 10 1
1976 11 8
1976 12 12
1976 13 178
1976 14 6
1976 15 3
1976 16 13
1976 17 26
1976 18 211
1976 19 4
1976 20 4
1976 21 34
1976 22 177
1976 23 19
1976 24 2
1976 25 33
1976 26 47
1976 27 28
1976 28 20
1976 29 33
1976 30 40
1976 31 31
1976 32 11
1976 33 138
1976 34 0
1976 35 27
1976 36 67
1976 37 6
1976 38 36
1976 39 37
1976 40 10
1976 41 62
1976 42 4
1976 43 134
1976 44 28
1976 45 49
1976 46 102
1976 47 83
1976 48 22
1976 49 3
1976 50 2
1976 51 1
1976 52 21
1976 53 18
1976 54 5
1976 55 12
1976 56 0
1976 57 246
1976 58 64
1976 59 48
1976 60 53
1976 61 70
1976 62 15
1976 63 85
1976 64 18
1976 65 96
1976 66 4
1976 67 192
1976 68 1
1976 69 7
1976 70 37
1976 71 0
1976 72 0
1976 73 168
1976 74 12
1976 75 23
1976 76 4
1976 77 36
1976 78 14
1976 79 40
1976 80 2
1976 81 40
1976 82 0
1976 83 0
1976 84 2
1976 85 1
1976 86 4
1976 87 39
1976 88 67
1976 89 283
1976 90 22
1976 91 17
1976 92 49
1976 93 70
1976 94 11
1976 95 3
