1 1 37
1 2 37
1 3 37
1 4 37
1 5 36
1 6 41
1 7 45
1 8 41
1 9 37
1 10 37
1 11 41
1 12 31
1 13 37
1 14 33
1 15 39
1 16 36
1 17 42
1 18 42
1 19 42
1 20 36
1 21 34
1 22 35
1 23 35
1 24 37
1 25 37
1 26 37
1 27 32
1 28 41
1 29 41
1 30 42
1 31 40
1 32 38
1 33 31
1 34 33
1 35 37
1 36 37
1 37 36
1 38 31
1 39 33
1 40 38
1 41 38
1 42 35
1 43 34
1 44 39
1 45 37
1 46 32
1 47 36
1 48 29
1 49 34
1 50 33
1 51 37
1 52 38
1 53 34
1 54 33
1 55 32
1 56 37
1 57 41
1 58 38
1 59 35
1 60 38
1 61 35
1 62 36
1 63 31
1 64 33
1 65 33
1 66 31
1 67 30
1 68 36
1 69 35
1 70 39
1 71 36
1 72 34
1 73 33
1 74 33
1 75 34
1 76 30
1 77 39
1 78 32
1 79 37
1 80 34
1 81 34
1 82 38
1 83 35
1 84 38
1 85 36
1 86 33
1 87 35
1 88 36
1 89 36
1 90 31
1 91 34
1 92 33
1 93 34
1 94 37
1 95 31
1 96 36
1 97 31
1 98 37
1 99 37
1 100 37
1 101 35
1 102 35
1 103 38
1 104 36
1 105 36
1 106 30
1 107 38
1 108 31
1 109 41
1 110 42
1 111 38
1 112 33
1 113 36
1 114 35
1 115 37
1 116 39
1 117 36
1 118 36
1 119 37
1 120 43
1 121 41
26 1 12
26 2 10
26 3 11
26 4 10
26 5 7
26 6 38
26 7 44
26 8 38
26 9 13
26 10 15
26 11 21
26 12 6
26 13 6
26 14 8
26 15 10
26 16 18
26 17 40
26 18 41
26 19 40
26 20 9
26 21 0
26 22 0
26 23 9
26 24 7
26 25 0
26 26 7
26 27 9
26 28 36
26 29 41
26 30 41
26 31 10
26 32 11
26 33 8
26 34 0
26 35 9
26 36 0
26 37 0
26 38 0
26 39 7
26 40 11
26 41 15
26 42 10
26 43 1
26 44 4
26 45 2
26 46 0
26 47 0
26 48 0
26 49 0
26 50 0
26 51 7
26 52 0
26 53 0
26 54 10
26 55 0
26 56 13
26 57 17
26 58 9
26 59 9
26 60 10
26 61 0
26 62 10
26 63 0
26 64 0
26 65 0
26 66 0
26 67 0
26 68 18
26 69 11
26 70 11
26 71 9
26 72 10
26 73 8
26 74 5
26 75 7
26 76 9
26 77 4
26 78 8
26 79 7
26 80 9
26 81 8
26 82 10
26 83 0
26 84 7
26 85 11
26 86 10
26 87 7
26 88 5
26 89 12
26 90 4
26 91 6
26 92 6
26 93 8
26 94 10
26 95 7
26 96 0
26 97 5
26 98 10
26 99 12
26 100 10
26 101 11
26 102 6
26 103 3
26 104 9
26 105 7
26 106 15
26 107 9
26 108 10
26 109 40
26 110 43
26 111 11
26 112 14
26 113 10
26 114 9
26 115 13
26 116 19
26 117 11
26 118 10
26 119 10
26 120 43
26 121 41
51 1 2
51 2 9
51 3 8
51 4 16
51 5 19
51 6 40
51 7 42
51 8 41
51 9 8
51 10 10
51 11 16
51 12 0
51 13 7
51 14 0
51 15 23
51 16 12
51 17 40
51 18 41
51 19 41
51 20 12
51 21 12
51 22 1
51 23 6
51 24 9
51 25 0
51 26 14
51 27 10
51 28 39
51 29 42
51 30 39
51 31 3
51 32 8
51 33 8
51 34 0
51 35 0
51 36 0
51 37 0
51 38 4
51 39 9
51 40 12
51 41 11
51 42 5
51 43 4
51 44 0
51 45 11
51 46 0
51 47 9
51 48 8
51 49 8
51 50 0
51 51 0
51 52 0
51 53 0
51 54 0
51 55 0
51 56 12
51 57 12
51 58 9
51 59 10
51 60 2
51 61 0
51 62 3
51 63 0
51 64 0
51 65 0
51 66 0
51 67 13
51 68 20
51 69 0
51 70 1
51 71 4
51 72 6
51 73 9
51 74 10
51 75 6
51 76 5
51 77 11
51 78 9
51 79 15
51 80 0
51 81 0
51 82 10
51 83 15
51 84 11
51 85 0
51 86 11
51 87 10
51 88 2
51 89 10
51 90 20
51 91 12
51 92 21
51 93 9
51 94 8
51 95 9
51 96 7
51 97 12
51 98 13
51 99 11
51 100 12
51 101 10
51 102 19
51 103 21
51 104 11
51 105 15
51 106 8
51 107 11
51 108 11
51 109 40
51 110 44
51 111 10
51 112 10
51 113 0
51 114 20
51 115 24
51 116 17
51 117 11
51 118 13
51 119 11
51 120 41
51 121 41
76 1 0
76 2 0
76 3 15
76 4 20
76 5 15
76 6 41
76 7 40
76 8 40
76 9 21
76 10 10
76 11 5
76 12 10
76 13 10
76 14 21
76 15 17
76 16 18
76 17 42
76 18 44
76 19 42
76 20 18
76 21 12
76 22 0
76 23 0
76 24 0
76 25 14
76 26 17
76 27 11
76 28 42
76 29 44
76 30 42
76 31 12
76 32 0
76 33 0
76 34 16
76 35 17
76 36 20
76 37 15
76 38 4
76 39 9
76 40 18
76 41 9
76 42 10
76 43 0
76 44 8
76 45 19
76 46 14
76 47 0
76 48 12
76 49 10
76 50 9
76 51 7
76 52 0
76 53 0
76 54 15
76 55 13
76 56 21
76 57 20
76 58 20
76 59 19
76 60 0
76 61 14
76 62 6
76 63 9
76 64 0
76 65 12
76 66 16
76 67 15
76 68 19
76 69 15
76 70 22
76 71 16
76 72 19
76 73 0
76 74 2
76 75 10
76 76 9
76 77 9
76 78 16
76 79 20
76 80 19
76 81 16
76 82 21
76 83 19
76 84 18
76 85 3
76 86 7
76 87 8
76 88 0
76 89 20
76 90 22
76 91 20
76 92 20
76 93 14
76 94 12
76 95 0
76 96 11
76 97 0
76 98 14
76 99 10
76 100 23
76 101 21
76 102 17
76 103 14
76 104 15
76 105 20
76 106 0
76 107 7
76 108 13
76 109 41
76 110 40
76 111 13
76 112 20
76 113 14
76 114 20
76 115 16
76 116 16
76 117 11
76 118 10
76 119 16
76 120 44
76 121 43
101 1 15
101 2 19
101 3 20
101 4 22
101 5 18
101 6 40
101 7 40
101 8 39
101 9 8
101 10 9
101 11 7
101 12 22
101 13 19
101 14 19
101 15 20
101 16 14
101 17 42
101 18 40
101 19 41
101 20 8
101 21 10
101 22 5
101 23 18
101 24 12
101 25 21
101 26 20
101 27 20
101 28 41
101 29 41
101 30 41
101 31 14
101 32 0
101 33 0
101 34 18
101 35 20
101 36 19
101 37 14
101 38 20
101 39 8
101 40 11
101 41 11
101 42 0
101 43 9
101 44 17
101 45 21
101 46 11
101 47 16
101 48 19
101 49 18
101 50 0
101 51 2
101 52 0
101 53 10
101 54 13
101 55 15
101 56 16
101 57 15
101 58 20
101 59 16
101 60 15
101 61 16
101 62 22
101 63 10
101 64 21
101 65 18
101 66 8
101 67 21
101 68 18
101 69 16
101 70 13
101 71 22
101 72 17
101 73 20
101 74 15
101 75 14
101 76 11
101 77 20
101 78 16
101 79 21
101 80 23
101 81 18
101 82 25
101 83 20
101 84 12
101 85 10
101 86 17
101 87 10
101 88 0
101 89 18
101 90 19
101 91 11
101 92 18
101 93 18
101 94 16
101 95 16
101 96 9
101 97 0
101 98 10
101 99 9
101 100 19
101 101 18
101 102 22
101 103 21
101 104 23
101 105 19
101 106 16
101 107 18
101 108 10
101 109 35
101 110 32
101 111 11
101 112 10
101 113 20
101 114 18
101 115 13
101 116 22
101 117 21
101 118 12
101 119 11
101 120 36
101 121 34
126 1 20
126 2 16
126 3 16
126 4 15
126 5 20
126 6 41
126 7 45
126 8 41
126 9 15
126 10 9
126 11 19
126 12 22
126 13 15
126 14 14
126 15 20
126 16 21
126 17 38
126 18 39
126 19 39
126 20 10
126 21 12
126 22 10
126 23 22
126 24 18
126 25 19
126 26 20
126 27 17
126 28 40
126 29 39
126 30 42
126 31 11
126 32 19
126 33 8
126 34 18
126 35 17
126 36 20
126 37 12
126 38 22
126 39 19
126 40 11
126 41 13
126 42 20
126 43 14
126 44 10
126 45 19
126 46 19
126 47 20
126 48 17
126 49 18
126 50 22
126 51 13
126 52 17
126 53 20
126 54 17
126 55 18
126 56 20
126 57 21
126 58 15
126 59 16
126 60 12
126 61 16
126 62 16
126 63 13
126 64 20
126 65 21
126 66 13
126 67 19
126 68 15
126 69 16
126 70 20
126 71 15
126 72 16
126 73 20
126 74 14
126 75 18
126 76 20
126 77 21
126 78 21
126 79 14
126 80 15
126 81 18
126 82 17
126 83 26
126 84 13
126 85 19
126 86 15
126 87 13
126 88 18
126 89 18
126 90 20
126 91 20
126 92 17
126 93 19
126 94 17
126 95 14
126 96 15
126 97 18
126 98 14
126 99 14
126 100 9
126 101 9
126 102 20
126 103 13
126 104 19
126 105 19
126 106 17
126 107 17
126 108 14
126 109 43
126 110 41
126 111 22
126 112 13
126 113 16
126 114 13
126 115 20
126 116 21
126 117 14
126 118 17
126 119 10
126 120 41
126 121 40
151 1 10
151 2 20
151 3 15
151 4 20
151 5 14
151 6 36
151 7 39
151 8 38
151 9 15
151 10 14
151 11 9
151 12 20
151 13 19
151 14 14
151 15 14
151 16 19
151 17 40
151 18 42
151 19 39
151 20 10
151 21 19
151 22 20
151 23 18
151 24 21
151 25 17
151 26 17
151 27 16
151 28 41
151 29 43
151 30 40
151 31 20
151 32 14
151 33 20
151 34 13
151 35 19
151 36 15
151 37 19
151 38 18
151 39 21
151 40 17
151 41 9
151 42 16
151 43 22
151 44 9
151 45 22
151 46 20
151 47 20
151 48 12
151 49 19
151 50 22
151 51 20
151 52 21
151 53 16
151 54 19
151 55 18
151 56 18
151 57 19
151 58 20
151 59 11
151 60 18
151 61 17
151 62 14
151 63 18
151 64 20
151 65 20
151 66 23
151 67 19
151 68 18
151 69 17
151 70 19
151 71 11
151 72 17
151 73 12
151 74 18
151 75 23
151 76 20
151 77 17
151 78 15
151 79 18
151 80 20
151 81 16
151 82 19
151 83 17
151 84 15
151 85 20
151 86 20
151 87 17
151 88 11
151 89 15
151 90 18
151 91 16
151 92 10
151 93 21
151 94 19
151 95 22
151 96 14
151 97 18
151 98 14
151 99 21
151 100 15
151 101 20
151 102 16
151 103 20
151 104 19
151 105 17
151 106 16
151 107 22
151 108 17
151 109 37
151 110 39
151 111 21
151 112 20
151 113 14
151 114 12
151 115 12
151 116 17
151 117 17
151 118 20
151 119 12
151 120 41
151 121 41
176 1 10
176 2 21
176 3 14
176 4 18
176 5 17
176 6 40
176 7 44
176 8 41
176 9 18
176 10 21
176 11 20
176 12 21
176 13 19
176 14 22
176 15 19
176 16 19
176 17 40
176 18 47
176 19 44
176 20 14
176 21 14
176 22 22
176 23 17
176 24 14
176 25 10
176 26 16
176 27 12
176 28 42
176 29 43
176 30 39
176 31 11
176 32 18
176 33 23
176 34 11
176 35 21
176 36 16
176 37 20
176 38 18
176 39 11
176 40 9
176 41 12
176 42 19
176 43 24
176 44 22
176 45 20
176 46 21
176 47 15
176 48 11
176 49 15
176 50 21
176 51 17
176 52 14
176 53 19
176 54 20
176 55 18
176 56 15
176 57 19
176 58 12
176 59 17
176 60 22
176 61 17
176 62 10
176 63 20
176 64 18
176 65 21
176 66 17
176 67 15
176 68 11
176 69 23
176 70 20
176 71 12
176 72 18
176 73 22
176 74 14
176 75 22
176 76 20
176 77 19
176 78 17
176 79 17
176 80 19
176 81 18
176 82 11
176 83 18
176 84 20
176 85 19
176 86 20
176 87 20
176 88 19
176 89 18
176 90 19
176 91 17
176 92 20
176 93 16
176 94 15
176 95 18
176 96 21
176 97 17
176 98 18
176 99 10
176 100 15
176 101 17
176 102 24
176 103 10
176 104 16
176 105 16
176 106 15
176 107 20
176 108 16
176 109 45
176 110 40
176 111 18
176 112 20
176 113 14
176 114 12
176 115 17
176 116 10
176 117 19
176 118 9
176 119 12
176 120 40
176 121 42
201 1 16
201 2 16
201 3 19
201 4 20
201 5 12
201 6 41
201 7 40
201 8 38
201 9 17
201 10 20
201 11 19
201 12 19
201 13 18
201 14 19
201 15 16
201 16 19
201 17 42
201 18 43
201 19 37
201 20 12
201 21 18
201 22 20
201 23 14
201 24 18
201 25 18
201 26 11
201 27 10
201 28 37
201 29 43
201 30 39
201 31 19
201 32 15
201 33 18
201 34 19
201 35 16
201 36 21
201 37 18
201 38 19
201 39 13
201 40 17
201 41 18
201 42 14
201 43 20
201 44 20
201 45 11
201 46 14
201 47 13
201 48 13
201 49 19
201 50 21
201 51 12
201 52 10
201 53 21
201 54 16
201 55 9
201 56 11
201 57 20
201 58 19
201 59 20
201 60 20
201 61 20
201 62 20
201 63 24
201 64 21
201 65 19
201 66 13
201 67 12
201 68 20
201 69 20
201 70 20
201 71 11
201 72 17
201 73 18
201 74 20
201 75 16
201 76 20
201 77 20
201 78 17
201 79 21
201 80 20
201 81 14
201 82 16
201 83 20
201 84 21
201 85 18
201 86 10
201 87 20
201 88 20
201 89 24
201 90 19
201 91 16
201 92 15
201 93 19
201 94 17
201 95 10
201 96 20
201 97 21
201 98 14
201 99 8
201 100 20
201 101 20
201 102 21
201 103 14
201 104 13
201 105 20
201 106 13
201 107 20
201 108 15
201 109 41
201 110 41
201 111 23
201 112 10
201 113 22
201 114 21
201 115 19
201 116 17
201 117 16
201 118 10
201 119 7
201 120 40
201 121 40
226 1 17
226 2 22
226 3 21
226 4 19
226 5 20
226 6 44
226 7 42
226 8 41
226 9 22
226 10 14
226 11 22
226 12 17
226 13 14
226 14 16
226 15 20
226 16 14
226 17 40
226 18 39
226 19 41
226 20 7
226 21 20
226 22 14
226 23 19
226 24 18
226 25 20
226 26 13
226 27 24
226 28 40
226 29 43
226 30 40
226 31 13
226 32 23
226 33 22
226 34 11
226 35 13
226 36 15
226 37 19
226 38 12
226 39 19
226 40 10
226 41 17
226 42 19
226 43 20
226 44 18
226 45 20
226 46 22
226 47 17
226 48 20
226 49 20
226 50 14
226 51 14
226 52 18
226 53 12
226 54 14
226 55 20
226 56 20
226 57 15
226 58 16
226 59 19
226 60 16
226 61 20
226 62 18
226 63 20
226 64 14
226 65 24
226 66 19
226 67 14
226 68 19
226 69 16
226 70 15
226 71 20
226 72 18
226 73 21
226 74 17
226 75 12
226 76 14
226 77 21
226 78 15
226 79 15
226 80 22
226 81 8
226 82 20
226 83 23
226 84 18
226 85 23
226 86 24
226 87 19
226 88 19
226 89 19
226 90 18
226 91 20
226 92 17
226 93 20
226 94 15
226 95 19
226 96 17
226 97 15
226 98 20
226 99 25
226 100 15
226 101 19
226 102 16
226 103 21
226 104 11
226 105 20
226 106 18
226 107 21
226 108 13
226 109 43
226 110 39
226 111 11
226 112 17
226 113 10
226 114 11
226 115 18
226 116 12
226 117 15
226 118 12
226 119 18
226 120 37
226 121 42
251 1 18
251 2 17
251 3 20
251 4 20
251 5 12
251 6 42
251 7 41
251 8 40
251 9 18
251 10 16
251 11 13
251 12 19
251 13 16
251 14 15
251 15 19
251 16 19
251 17 41
251 18 46
251 19 41
251 20 23
251 21 21
251 22 11
251 23 14
251 24 17
251 25 20
251 26 11
251 27 15
251 28 40
251 29 39
251 30 43
251 31 18
251 32 18
251 33 14
251 34 20
251 35 20
251 36 20
251 37 23
251 38 15
251 39 16
251 40 18
251 41 12
251 42 15
251 43 13
251 44 10
251 45 20
251 46 22
251 47 19
251 48 19
251 49 17
251 50 19
251 51 21
251 52 18
251 53 16
251 54 19
251 55 15
251 56 22
251 57 13
251 58 19
251 59 13
251 60 18
251 61 16
251 62 19
251 63 17
251 64 20
251 65 19
251 66 16
251 67 20
251 68 20
251 69 18
251 70 19
251 71 17
251 72 21
251 73 20
251 74 12
251 75 23
251 76 17
251 77 20
251 78 21
251 79 17
251 80 13
251 81 15
251 82 20
251 83 22
251 84 16
251 85 21
251 86 18
251 87 19
251 88 13
251 89 15
251 90 15
251 91 22
251 92 14
251 93 15
251 94 20
251 95 13
251 96 19
251 97 18
251 98 20
251 99 14
251 100 21
251 101 17
251 102 17
251 103 15
251 104 20
251 105 15
251 106 19
251 107 15
251 108 21
251 109 42
251 110 41
251 111 17
251 112 15
251 113 19
251 114 22
251 115 20
251 116 20
251 117 13
251 118 21
251 119 14
251 120 41
251 121 38
276 1 16
276 2 23
276 3 20
276 4 10
276 5 17
276 6 40
276 7 40
276 8 38
276 9 16
276 10 9
276 11 17
276 12 21
276 13 19
276 14 23
276 15 10
276 16 10
276 17 39
276 18 44
276 19 40
276 20 20
276 21 19
276 22 22
276 23 20
276 24 19
276 25 19
276 26 19
276 27 10
276 28 41
276 29 40
276 30 37
276 31 16
276 32 19
276 33 21
276 34 17
276 35 17
276 36 15
276 37 18
276 38 16
276 39 18
276 40 20
276 41 23
276 42 18
276 43 11
276 44 21
276 45 12
276 46 13
276 47 15
276 48 14
276 49 19
276 50 15
276 51 19
276 52 19
276 53 19
276 54 16
276 55 21
276 56 15
276 57 19
276 58 20
276 59 23
276 60 19
276 61 22
276 62 18
276 63 12
276 64 12
276 65 15
276 66 20
276 67 17
276 68 17
276 69 15
276 70 12
276 71 19
276 72 14
276 73 18
276 74 21
276 75 18
276 76 16
276 77 19
276 78 13
276 79 18
276 80 18
276 81 19
276 82 19
276 83 14
276 84 18
276 85 14
276 86 15
276 87 19
276 88 20
276 89 22
276 90 20
276 91 16
276 92 21
276 93 19
276 94 13
276 95 16
276 96 19
276 97 22
276 98 19
276 99 19
276 100 17
276 101 14
276 102 14
276 103 18
276 104 15
276 105 10
276 106 19
276 107 16
276 108 10
276 109 40
276 110 40
276 111 14
276 112 21
276 113 12
276 114 19
276 115 20
276 116 20
276 117 20
276 118 17
276 119 20
276 120 40
276 121 40
301 1 18
301 2 19
301 3 18
301 4 12
301 5 16
301 6 38
301 7 36
301 8 40
301 9 15
301 10 22
301 11 23
301 12 20
301 13 20
301 14 19
301 15 20
301 16 7
301 17 41
301 18 38
301 19 40
301 20 17
301 21 19
301 22 15
301 23 22
301 24 21
301 25 19
301 26 13
301 27 20
301 28 40
301 29 39
301 30 40
301 31 19
301 32 14
301 33 20
301 34 20
301 35 15
301 36 25
301 37 22
301 38 17
301 39 22
301 40 16
301 41 19
301 42 20
301 43 20
301 44 18
301 45 17
301 46 21
301 47 18
301 48 17
301 49 18
301 50 13
301 51 17
301 52 15
301 53 20
301 54 18
301 55 19
301 56 14
301 57 19
301 58 19
301 59 19
301 60 19
301 61 20
301 62 16
301 63 18
301 64 19
301 65 19
301 66 22
301 67 14
301 68 15
301 69 13
301 70 19
301 71 21
301 72 15
301 73 20
301 74 15
301 75 21
301 76 18
301 77 12
301 78 19
301 79 20
301 80 19
301 81 13
301 82 15
301 83 20
301 84 20
301 85 21
301 86 17
301 87 20
301 88 13
301 89 13
301 90 20
301 91 19
301 92 18
301 93 19
301 94 20
301 95 21
301 96 19
301 97 21
301 98 22
301 99 24
301 100 17
301 101 21
301 102 24
301 103 21
301 104 23
301 105 16
301 106 15
301 107 24
301 108 19
301 109 39
301 110 39
301 111 18
301 112 19
301 113 15
301 114 13
301 115 19
301 116 20
301 117 19
301 118 18
301 119 16
301 120 42
301 121 39
326 1 19
326 2 22
326 3 17
326 4 21
326 5 13
326 6 41
326 7 39
326 8 38
326 9 15
326 10 19
326 11 20
326 12 18
326 13 18
326 14 13
326 15 20
326 16 12
326 17 41
326 18 39
326 19 41
326 20 10
326 21 20
326 22 21
326 23 20
326 24 21
326 25 16
326 26 21
326 27 17
326 28 39
326 29 39
326 30 40
326 31 18
326 32 15
326 33 20
326 34 16
326 35 22
326 36 19
326 37 21
326 38 23
326 39 15
326 40 7
326 41 15
326 42 16
326 43 15
326 44 16
326 45 18
326 46 12
326 47 18
326 48 13
326 49 21
326 50 19
326 51 20
326 52 17
326 53 21
326 54 17
326 55 20
326 56 16
326 57 17
326 58 21
326 59 21
326 60 19
326 61 18
326 62 13
326 63 20
326 64 17
326 65 9
326 66 17
326 67 15
326 68 17
326 69 21
326 70 24
326 71 18
326 72 17
326 73 19
326 74 13
326 75 11
326 76 17
326 77 17
326 78 14
326 79 16
326 80 23
326 81 21
326 82 21
326 83 16
326 84 18
326 85 16
326 86 19
326 87 18
326 88 19
326 89 16
326 90 13
326 91 16
326 92 10
326 93 21
326 94 20
326 95 11
326 96 19
326 97 20
326 98 19
326 99 15
326 100 19
326 101 21
326 102 10
326 103 10
326 104 10
326 105 20
326 106 21
326 107 11
326 108 12
326 109 40
326 110 38
326 111 11
326 112 14
326 113 16
326 114 16
326 115 17
326 116 17
326 117 17
326 118 13
326 119 14
326 120 41
326 121 40
351 1 20
351 2 20
351 3 15
351 4 20
351 5 10
351 6 40
351 7 44
351 8 41
351 9 13
351 10 18
351 11 21
351 12 15
351 13 9
351 14 18
351 15 13
351 16 18
351 17 40
351 18 42
351 19 41
351 20 11
351 21 17
351 22 20
351 23 14
351 24 22
351 25 20
351 26 19
351 27 13
351 28 39
351 29 40
351 30 41
351 31 11
351 32 17
351 33 14
351 34 14
351 35 20
351 36 15
351 37 12
351 38 21
351 39 21
351 40 20
351 41 13
351 42 15
351 43 16
351 44 16
351 45 15
351 46 19
351 47 13
351 48 20
351 49 22
351 50 21
351 51 15
351 52 18
351 53 17
351 54 13
351 55 20
351 56 15
351 57 12
351 58 20
351 59 12
351 60 17
351 61 10
351 62 19
351 63 15
351 64 14
351 65 20
351 66 20
351 67 19
351 68 20
351 69 13
351 70 18
351 71 19
351 72 10
351 73 21
351 74 18
351 75 15
351 76 20
351 77 19
351 78 11
351 79 21
351 80 21
351 81 24
351 82 10
351 83 10
351 84 13
351 85 16
351 86 20
351 87 17
351 88 18
351 89 17
351 90 21
351 91 16
351 92 20
351 93 12
351 94 13
351 95 17
351 96 20
351 97 19
351 98 9
351 99 13
351 100 17
351 101 16
351 102 24
351 103 20
351 104 13
351 105 18
351 106 24
351 107 19
351 108 14
351 109 37
351 110 37
351 111 13
351 112 11
351 113 10
351 114 20
351 115 19
351 116 19
351 117 17
351 118 4
351 119 18
351 120 39
351 121 40
376 1 18
376 2 19
376 3 20
376 4 9
376 5 9
376 6 40
376 7 39
376 8 45
376 9 20
376 10 18
376 11 19
376 12 20
376 13 17
376 14 21
376 15 17
376 16 5
376 17 39
376 18 40
376 19 41
376 20 19
376 21 10
376 22 20
376 23 14
376 24 19
376 25 11
376 26 13
376 27 19
376 28 40
376 29 40
376 30 40
376 31 16
376 32 23
376 33 18
376 34 19
376 35 19
376 36 10
376 37 20
376 38 20
376 39 12
376 40 16
376 41 10
376 42 18
376 43 23
376 44 19
376 45 8
376 46 20
376 47 19
376 48 19
376 49 18
376 50 22
376 51 19
376 52 20
376 53 20
376 54 20
376 55 19
376 56 23
376 57 11
376 58 19
376 59 25
376 60 16
376 61 12
376 62 17
376 63 24
376 64 19
376 65 15
376 66 18
376 67 20
376 68 18
376 69 14
376 70 24
376 71 18
376 72 21
376 73 21
376 74 11
376 75 9
376 76 13
376 77 19
376 78 17
376 79 15
376 80 20
376 81 20
376 82 21
376 83 19
376 84 22
376 85 21
376 86 21
376 87 19
376 88 18
376 89 10
376 90 19
376 91 17
376 92 19
376 93 14
376 94 20
376 95 19
376 96 13
376 97 21
376 98 13
376 99 15
376 100 14
376 101 19
376 102 11
376 103 23
376 104 19
376 105 19
376 106 21
376 107 22
376 108 10
376 109 40
376 110 42
376 111 20
376 112 19
376 113 14
376 114 20
376 115 19
376 116 13
376 117 12
376 118 22
376 119 19
376 120 39
376 121 38
401 1 21
401 2 20
401 3 20
401 4 19
401 5 21
401 6 40
401 7 38
401 8 34
401 9 17
401 10 17
401 11 24
401 12 21
401 13 19
401 14 20
401 15 20
401 16 20
401 17 39
401 18 40
401 19 38
401 20 13
401 21 19
401 22 16
401 23 19
401 24 15
401 25 20
401 26 11
401 27 16
401 28 40
401 29 43
401 30 44
401 31 9
401 32 18
401 33 14
401 34 20
401 35 19
401 36 21
401 37 18
401 38 17
401 39 7
401 40 14
401 41 9
401 42 23
401 43 20
401 44 20
401 45 19
401 46 18
401 47 11
401 48 12
401 49 15
401 50 22
401 51 15
401 52 18
401 53 20
401 54 17
401 55 20
401 56 19
401 57 19
401 58 22
401 59 7
401 60 20
401 61 12
401 62 21
401 63 16
401 64 20
401 65 19
401 66 20
401 67 22
401 68 11
401 69 20
401 70 17
401 71 17
401 72 20
401 73 15
401 74 23
401 75 22
401 76 19
401 77 16
401 78 16
401 79 18
401 80 18
401 81 15
401 82 18
401 83 19
401 84 14
401 85 19
401 86 19
401 87 15
401 88 13
401 89 21
401 90 18
401 91 25
401 92 19
401 93 16
401 94 14
401 95 22
401 96 15
401 97 23
401 98 13
401 99 20
401 100 19
401 101 19
401 102 22
401 103 20
401 104 21
401 105 15
401 106 20
401 107 22
401 108 23
401 109 38
401 110 39
401 111 21
401 112 20
401 113 10
401 114 20
401 115 16
401 116 16
401 117 9
401 118 15
401 119 16
401 120 42
401 121 42
426 1 22
426 2 20
426 3 19
426 4 16
426 5 16
426 6 38
426 7 42
426 8 37
426 9 18
426 10 21
426 11 11
426 12 22
426 13 17
426 14 13
426 15 17
426 16 14
426 17 42
426 18 41
426 19 41
426 20 15
426 21 20
426 22 15
426 23 15
426 24 18
426 25 20
426 26 13
426 27 11
426 28 40
426 29 42
426 30 41
426 31 11
426 32 20
426 33 17
426 34 18
426 35 21
426 36 15
426 37 14
426 38 22
426 39 16
426 40 15
426 41 16
426 42 19
426 43 20
426 44 12
426 45 20
426 46 10
426 47 19
426 48 17
426 49 19
426 50 26
426 51 12
426 52 12
426 53 19
426 54 17
426 55 20
426 56 21
426 57 19
426 58 16
426 59 18
426 60 19
426 61 16
426 62 16
426 63 14
426 64 21
426 65 12
426 66 17
426 67 19
426 68 15
426 69 20
426 70 20
426 71 14
426 72 19
426 73 16
426 74 24
426 75 18
426 76 20
426 77 18
426 78 21
426 79 19
426 80 16
426 81 17
426 82 22
426 83 12
426 84 19
426 85 19
426 86 21
426 87 18
426 88 19
426 89 19
426 90 20
426 91 20
426 92 20
426 93 18
426 94 18
426 95 10
426 96 14
426 97 17
426 98 15
426 99 20
426 100 23
426 101 11
426 102 16
426 103 16
426 104 17
426 105 13
426 106 16
426 107 20
426 108 14
426 109 41
426 110 41
426 111 12
426 112 20
426 113 18
426 114 14
426 115 16
426 116 18
426 117 16
426 118 14
426 119 18
426 120 39
426 121 42
451 1 10
451 2 15
451 3 19
451 4 20
451 5 14
451 6 38
451 7 39
451 8 40
451 9 17
451 10 18
451 11 21
451 12 16
451 13 20
451 14 18
451 15 11
451 16 14
451 17 41
451 18 37
451 19 39
451 20 19
451 21 18
451 22 17
451 23 18
451 24 11
451 25 20
451 26 11
451 27 16
451 28 41
451 29 42
451 30 40
451 31 13
451 32 24
451 33 9
451 34 17
451 35 13
451 36 11
451 37 22
451 38 10
451 39 16
451 40 22
451 41 13
451 42 19
451 43 14
451 44 18
451 45 21
451 46 13
451 47 19
451 48 11
451 49 19
451 50 10
451 51 18
451 52 20
451 53 17
451 54 15
451 55 16
451 56 17
451 57 21
451 58 19
451 59 19
451 60 20
451 61 26
451 62 10
451 63 12
451 64 17
451 65 18
451 66 13
451 67 24
451 68 16
451 69 18
451 70 20
451 71 16
451 72 14
451 73 18
451 74 19
451 75 19
451 76 21
451 77 17
451 78 21
451 79 18
451 80 19
451 81 14
451 82 15
451 83 20
451 84 20
451 85 20
451 86 14
451 87 17
451 88 18
451 89 17
451 90 21
451 91 19
451 92 20
451 93 15
451 94 21
451 95 22
451 96 21
451 97 22
451 98 17
451 99 17
451 100 15
451 101 16
451 102 20
451 103 19
451 104 21
451 105 13
451 106 19
451 107 14
451 108 17
451 109 39
451 110 42
451 111 15
451 112 23
451 113 18
451 114 19
451 115 18
451 116 16
451 117 21
451 118 15
451 119 16
451 120 41
451 121 38
476 1 15
476 2 16
476 3 19
476 4 10
476 5 20
476 6 42
476 7 40
476 8 39
476 9 9
476 10 21
476 11 12
476 12 18
476 13 20
476 14 19
476 15 15
476 16 7
476 17 44
476 18 40
476 19 41
476 20 10
476 21 15
476 22 20
476 23 18
476 24 14
476 25 18
476 26 20
476 27 16
476 28 45
476 29 41
476 30 41
476 31 20
476 32 16
476 33 17
476 34 18
476 35 14
476 36 17
476 37 21
476 38 16
476 39 17
476 40 20
476 41 15
476 42 19
476 43 11
476 44 20
476 45 18
476 46 19
476 47 17
476 48 19
476 49 19
476 50 19
476 51 19
476 52 13
476 53 21
476 54 19
476 55 18
476 56 21
476 57 20
476 58 16
476 59 14
476 60 20
476 61 11
476 62 21
476 63 21
476 64 17
476 65 18
476 66 20
476 67 18
476 68 21
476 69 15
476 70 21
476 71 8
476 72 20
476 73 20
476 74 10
476 75 10
476 76 20
476 77 20
476 78 22
476 79 17
476 80 14
476 81 19
476 82 14
476 83 20
476 84 9
476 85 16
476 86 15
476 87 20
476 88 14
476 89 17
476 90 14
476 91 17
476 92 16
476 93 19
476 94 17
476 95 20
476 96 18
476 97 15
476 98 19
476 99 17
476 100 19
476 101 20
476 102 18
476 103 20
476 104 20
476 105 14
476 106 13
476 107 14
476 108 15
476 109 41
476 110 41
476 111 15
476 112 20
476 113 19
476 114 21
476 115 7
476 116 16
476 117 12
476 118 14
476 119 20
476 120 41
476 121 40
501 1 20
501 2 18
501 3 19
501 4 22
501 5 6
501 6 41
501 7 37
501 8 38
501 9 16
501 10 20
501 11 15
501 12 18
501 13 17
501 14 19
501 15 15
501 16 11
501 17 36
501 18 41
501 19 40
501 20 18
501 21 20
501 22 20
501 23 12
501 24 19
501 25 20
501 26 11
501 27 21
501 28 39
501 29 39
501 30 41
501 31 10
501 32 21
501 33 17
501 34 16
501 35 16
501 36 17
501 37 21
501 38 15
501 39 20
501 40 10
501 41 18
501 42 18
501 43 15
501 44 20
501 45 10
501 46 15
501 47 20
501 48 21
501 49 10
501 50 18
501 51 21
501 52 10
501 53 15
501 54 15
501 55 18
501 56 17
501 57 20
501 58 16
501 59 15
501 60 10
501 61 19
501 62 20
501 63 18
501 64 19
501 65 24
501 66 15
501 67 18
501 68 15
501 69 15
501 70 23
501 71 15
501 72 12
501 73 17
501 74 20
501 75 22
501 76 20
501 77 20
501 78 18
501 79 17
501 80 9
501 81 18
501 82 22
501 83 22
501 84 21
501 85 21
501 86 15
501 87 21
501 88 18
501 89 19
501 90 18
501 91 14
501 92 15
501 93 18
501 94 10
501 95 10
501 96 17
501 97 21
501 98 19
501 99 14
501 100 12
501 101 19
501 102 22
501 103 20
501 104 20
501 105 19
501 106 12
501 107 23
501 108 26
501 109 38
501 110 43
501 111 21
501 112 11
501 113 13
501 114 19
501 115 17
501 116 10
501 117 11
501 118 10
501 119 16
501 120 42
501 121 39
526 1 21
526 2 13
526 3 21
526 4 18
526 5 17
526 6 41
526 7 41
526 8 42
526 9 14
526 10 20
526 11 14
526 12 10
526 13 20
526 14 17
526 15 9
526 16 20
526 17 42
526 18 38
526 19 43
526 20 18
526 21 20
526 22 20
526 23 17
526 24 22
526 25 20
526 26 20
526 27 20
526 28 40
526 29 39
526 30 39
526 31 24
526 32 17
526 33 10
526 34 20
526 35 20
526 36 10
526 37 20
526 38 13
526 39 15
526 40 20
526 41 15
526 42 21
526 43 11
526 44 16
526 45 18
526 46 18
526 47 17
526 48 18
526 49 19
526 50 20
526 51 20
526 52 13
526 53 22
526 54 16
526 55 23
526 56 12
526 57 19
526 58 11
526 59 17
526 60 20
526 61 10
526 62 20
526 63 19
526 64 20
526 65 20
526 66 16
526 67 22
526 68 15
526 69 19
526 70 19
526 71 20
526 72 13
526 73 13
526 74 19
526 75 16
526 76 21
526 77 19
526 78 21
526 79 22
526 80 16
526 81 20
526 82 18
526 83 21
526 84 20
526 85 17
526 86 13
526 87 17
526 88 12
526 89 18
526 90 17
526 91 18
526 92 24
526 93 20
526 94 18
526 95 15
526 96 20
526 97 24
526 98 21
526 99 10
526 100 24
526 101 15
526 102 22
526 103 14
526 104 22
526 105 17
526 106 18
526 107 19
526 108 14
526 109 39
526 110 42
526 111 17
526 112 20
526 113 12
526 114 10
526 115 17
526 116 11
526 117 12
526 118 10
526 119 21
526 120 40
526 121 37
551 1 10
551 2 20
551 3 13
551 4 20
551 5 20
551 6 40
551 7 42
551 8 42
551 9 10
551 10 18
551 11 12
551 12 19
551 13 15
551 14 20
551 15 14
551 16 13
551 17 37
551 18 38
551 19 37
551 20 15
551 21 20
551 22 16
551 23 14
551 24 18
551 25 18
551 26 20
551 27 13
551 28 41
551 29 44
551 30 38
551 31 18
551 32 12
551 33 12
551 34 12
551 35 18
551 36 20
551 37 16
551 38 23
551 39 19
551 40 16
551 41 12
551 42 21
551 43 19
551 44 20
551 45 19
551 46 15
551 47 19
551 48 19
551 49 20
551 50 27
551 51 18
551 52 17
551 53 22
551 54 17
551 55 18
551 56 13
551 57 12
551 58 28
551 59 17
551 60 17
551 61 19
551 62 19
551 63 20
551 64 18
551 65 12
551 66 19
551 67 11
551 68 10
551 69 11
551 70 20
551 71 25
551 72 21
551 73 18
551 74 19
551 75 18
551 76 22
551 77 19
551 78 11
551 79 18
551 80 20
551 81 19
551 82 24
551 83 16
551 84 10
551 85 20
551 86 15
551 87 10
551 88 19
551 89 18
551 90 22
551 91 11
551 92 16
551 93 21
551 94 15
551 95 12
551 96 19
551 97 18
551 98 20
551 99 18
551 100 13
551 101 20
551 102 21
551 103 12
551 104 18
551 105 14
551 106 17
551 107 12
551 108 19
551 109 40
551 110 42
551 111 17
551 112 14
551 113 19
551 114 15
551 115 20
551 116 20
551 117 16
551 118 18
551 119 12
551 120 38
551 121 41
576 1 14
576 2 17
576 3 20
576 4 22
576 5 14
576 6 34
576 7 37
576 8 38
576 9 7
576 10 27
576 11 18
576 12 20
576 13 18
576 14 13
576 15 20
576 16 14
576 17 41
576 18 40
576 19 42
576 20 12
576 21 21
576 22 20
576 23 19
576 24 16
576 25 17
576 26 19
576 27 17
576 28 41
576 29 39
576 30 38
576 31 18
576 32 20
576 33 19
576 34 24
576 35 19
576 36 12
576 37 10
576 38 11
576 39 17
576 40 12
576 41 12
576 42 18
576 43 18
576 44 12
576 45 13
576 46 17
576 47 19
576 48 11
576 49 11
576 50 22
576 51 20
576 52 18
576 53 18
576 54 17
576 55 16
576 56 19
576 57 20
576 58 19
576 59 18
576 60 15
576 61 17
576 62 23
576 63 17
576 64 20
576 65 20
576 66 23
576 67 21
576 68 15
576 69 18
576 70 19
576 71 20
576 72 20
576 73 16
576 74 22
576 75 23
576 76 20
576 77 22
576 78 19
576 79 15
576 80 21
576 81 20
576 82 18
576 83 18
576 84 12
576 85 14
576 86 20
576 87 21
576 88 21
576 89 15
576 90 20
576 91 12
576 92 14
576 93 19
576 94 21
576 95 17
576 96 16
576 97 18
576 98 16
576 99 20
576 100 17
576 101 16
576 102 20
576 103 17
576 104 9
576 105 18
576 106 16
576 107 20
576 108 18
576 109 41
576 110 39
576 111 21
576 112 19
576 113 21
576 114 17
576 115 16
576 116 12
576 117 8
576 118 15
576 119 19
576 120 42
576 121 39
601 1 21
601 2 11
601 3 19
601 4 18
601 5 9
601 6 41
601 7 40
601 8 42
601 9 14
601 10 14
601 11 21
601 12 13
601 13 15
601 14 17
601 15 18
601 16 9
601 17 38
601 18 44
601 19 38
601 20 20
601 21 21
601 22 18
601 23 14
601 24 15
601 25 21
601 26 16
601 27 21
601 28 37
601 29 40
601 30 39
601 31 20
601 32 16
601 33 21
601 34 19
601 35 19
601 36 20
601 37 21
601 38 13
601 39 18
601 40 17
601 41 9
601 42 16
601 43 17
601 44 20
601 45 18
601 46 17
601 47 16
601 48 17
601 49 20
601 50 20
601 51 20
601 52 21
601 53 15
601 54 19
601 55 16
601 56 20
601 57 20
601 58 18
601 59 16
601 60 10
601 61 17
601 62 20
601 63 14
601 64 10
601 65 10
601 66 17
601 67 21
601 68 16
601 69 12
601 70 19
601 71 19
601 72 13
601 73 20
601 74 13
601 75 20
601 76 13
601 77 15
601 78 14
601 79 18
601 80 21
601 81 16
601 82 17
601 83 16
601 84 22
601 85 19
601 86 21
601 87 22
601 88 18
601 89 20
601 90 15
601 91 13
601 92 21
601 93 12
601 94 11
601 95 10
601 96 19
601 97 14
601 98 15
601 99 21
601 100 19
601 101 14
601 102 14
601 103 21
601 104 8
601 105 11
601 106 20
601 107 18
601 108 15
601 109 41
601 110 40
601 111 18
601 112 17
601 113 22
601 114 11
601 115 15
601 116 18
601 117 8
601 118 12
601 119 15
601 120 39
601 121 39
626 1 19
626 2 14
626 3 19
626 4 16
626 5 11
626 6 41
626 7 41
626 8 40
626 9 9
626 10 16
626 11 16
626 12 15
626 13 20
626 14 16
626 15 18
626 16 10
626 17 41
626 18 41
626 19 38
626 20 17
626 21 17
626 22 20
626 23 16
626 24 20
626 25 21
626 26 18
626 27 17
626 28 40
626 29 44
626 30 40
626 31 13
626 32 14
626 33 15
626 34 17
626 35 20
626 36 20
626 37 21
626 38 17
626 39 18
626 40 17
626 41 10
626 42 21
626 43 19
626 44 17
626 45 17
626 46 13
626 47 18
626 48 20
626 49 20
626 50 20
626 51 12
626 52 20
626 53 10
626 54 20
626 55 20
626 56 18
626 57 14
626 58 20
626 59 18
626 60 19
626 61 17
626 62 15
626 63 20
626 64 24
626 65 20
626 66 21
626 67 17
626 68 19
626 69 19
626 70 25
626 71 17
626 72 18
626 73 19
626 74 18
626 75 23
626 76 11
626 77 18
626 78 21
626 79 12
626 80 23
626 81 13
626 82 21
626 83 22
626 84 16
626 85 21
626 86 19
626 87 21
626 88 18
626 89 16
626 90 17
626 91 20
626 92 18
626 93 20
626 94 24
626 95 8
626 96 18
626 97 9
626 98 18
626 99 19
626 100 21
626 101 21
626 102 19
626 103 11
626 104 10
626 105 20
626 106 13
626 107 8
626 108 14
626 109 40
626 110 39
626 111 20
626 112 23
626 113 11
626 114 17
626 115 15
626 116 14
626 117 15
626 118 0
626 119 15
626 120 38
626 121 38
651 1 18
651 2 19
651 3 19
651 4 10
651 5 14
651 6 40
651 7 40
651 8 35
651 9 15
651 10 14
651 11 16
651 12 17
651 13 19
651 14 16
651 15 15
651 16 10
651 17 39
651 18 40
651 19 41
651 20 12
651 21 19
651 22 13
651 23 22
651 24 20
651 25 20
651 26 21
651 27 14
651 28 33
651 29 42
651 30 40
651 31 14
651 32 17
651 33 20
651 34 17
651 35 21
651 36 18
651 37 20
651 38 17
651 39 16
651 40 16
651 41 19
651 42 19
651 43 11
651 44 18
651 45 19
651 46 20
651 47 17
651 48 18
651 49 13
651 50 12
651 51 18
651 52 14
651 53 19
651 54 17
651 55 12
651 56 16
651 57 12
651 58 17
651 59 24
651 60 20
651 61 12
651 62 24
651 63 21
651 64 22
651 65 11
651 66 20
651 67 21
651 68 13
651 69 17
651 70 13
651 71 19
651 72 17
651 73 24
651 74 18
651 75 12
651 76 10
651 77 23
651 78 17
651 79 16
651 80 15
651 81 14
651 82 15
651 83 16
651 84 17
651 85 18
651 86 15
651 87 16
651 88 17
651 89 13
651 90 10
651 91 15
651 92 21
651 93 17
651 94 18
651 95 23
651 96 20
651 97 18
651 98 16
651 99 17
651 100 8
651 101 25
651 102 19
651 103 20
651 104 9
651 105 21
651 106 20
651 107 19
651 108 11
651 109 42
651 110 40
651 111 12
651 112 16
651 113 20
651 114 10
651 115 22
651 116 14
651 117 11
651 118 10
651 119 14
651 120 40
651 121 38
676 1 12
676 2 19
676 3 19
676 4 20
676 5 17
676 6 42
676 7 43
676 8 41
676 9 13
676 10 19
676 11 20
676 12 15
676 13 12
676 14 16
676 15 18
676 16 20
676 17 39
676 18 39
676 19 40
676 20 20
676 21 20
676 22 20
676 23 14
676 24 18
676 25 17
676 26 16
676 27 12
676 28 39
676 29 40
676 30 40
676 31 9
676 32 18
676 33 15
676 34 12
676 35 20
676 36 16
676 37 16
676 38 11
676 39 16
676 40 19
676 41 11
676 42 17
676 43 16
676 44 16
676 45 19
676 46 15
676 47 14
676 48 18
676 49 16
676 50 17
676 51 16
676 52 13
676 53 18
676 54 18
676 55 21
676 56 19
676 57 14
676 58 21
676 59 18
676 60 20
676 61 16
676 62 15
676 63 19
676 64 17
676 65 21
676 66 19
676 67 19
676 68 20
676 69 13
676 70 16
676 71 21
676 72 13
676 73 21
676 74 19
676 75 17
676 76 20
676 77 16
676 78 20
676 79 19
676 80 18
676 81 17
676 82 15
676 83 5
676 84 20
676 85 18
676 86 13
676 87 16
676 88 16
676 89 19
676 90 12
676 91 21
676 92 19
676 93 15
676 94 17
676 95 20
676 96 10
676 97 16
676 98 17
676 99 17
676 100 17
676 101 20
676 102 19
676 103 17
676 104 20
676 105 15
676 106 16
676 107 19
676 108 20
676 109 40
676 110 38
676 111 14
676 112 21
676 113 21
676 114 17
676 115 18
676 116 22
676 117 16
676 118 18
676 119 21
676 120 40
676 121 40
701 1 17
701 2 21
701 3 19
701 4 19
701 5 19
701 6 37
701 7 42
701 8 39
701 9 7
701 10 20
701 11 21
701 12 22
701 13 19
701 14 14
701 15 16
701 16 10
701 17 41
701 18 42
701 19 37
701 20 19
701 21 18
701 22 17
701 23 18
701 24 15
701 25 16
701 26 17
701 27 14
701 28 40
701 29 40
701 30 40
701 31 17
701 32 15
701 33 19
701 34 16
701 35 19
701 36 14
701 37 21
701 38 19
701 39 9
701 40 12
701 41 14
701 42 21
701 43 14
701 44 10
701 45 11
701 46 15
701 47 21
701 48 25
701 49 14
701 50 23
701 51 17
701 52 11
701 53 19
701 54 12
701 55 17
701 56 17
701 57 16
701 58 8
701 59 17
701 60 21
701 61 18
701 62 16
701 63 19
701 64 15
701 65 13
701 66 21
701 67 12
701 68 12
701 69 22
701 70 10
701 71 19
701 72 13
701 73 16
701 74 16
701 75 14
701 76 14
701 77 19
701 78 15
701 79 15
701 80 20
701 81 23
701 82 26
701 83 19
701 84 20
701 85 21
701 86 17
701 87 16
701 88 16
701 89 21
701 90 18
701 91 20
701 92 19
701 93 13
701 94 23
701 95 19
701 96 20
701 97 16
701 98 23
701 99 20
701 100 18
701 101 20
701 102 17
701 103 18
701 104 10
701 105 20
701 106 16
701 107 20
701 108 10
701 109 39
701 110 40
701 111 20
701 112 20
701 113 17
701 114 15
701 115 17
701 116 10
701 117 15
701 118 4
701 119 16
701 120 43
701 121 38
726 1 20
726 2 17
726 3 18
726 4 11
726 5 15
726 6 41
726 7 39
726 8 43
726 9 13
726 10 20
726 11 16
726 12 20
726 13 16
726 14 20
726 15 10
726 16 17
726 17 40
726 18 40
726 19 42
726 20 21
726 21 18
726 22 22
726 23 20
726 24 20
726 25 14
726 26 20
726 27 15
726 28 40
726 29 41
726 30 41
726 31 10
726 32 20
726 33 19
726 34 16
726 35 17
726 36 20
726 37 13
726 38 19
726 39 11
726 40 13
726 41 21
726 42 20
726 43 13
726 44 14
726 45 20
726 46 21
726 47 20
726 48 21
726 49 16
726 50 20
726 51 20
726 52 23
726 53 14
726 54 20
726 55 20
726 56 16
726 57 21
726 58 20
726 59 14
726 60 18
726 61 19
726 62 20
726 63 21
726 64 9
726 65 18
726 66 20
726 67 20
726 68 15
726 69 15
726 70 15
726 71 18
726 72 12
726 73 16
726 74 21
726 75 10
726 76 19
726 77 12
726 78 15
726 79 20
726 80 15
726 81 19
726 82 15
726 83 16
726 84 19
726 85 21
726 86 20
726 87 20
726 88 15
726 89 18
726 90 21
726 91 17
726 92 20
726 93 20
726 94 19
726 95 21
726 96 20
726 97 17
726 98 21
726 99 13
726 100 17
726 101 17
726 102 16
726 103 19
726 104 20
726 105 21
726 106 20
726 107 17
726 108 20
726 109 40
726 110 40
726 111 16
726 112 14
726 113 24
726 114 17
726 115 18
726 116 13
726 117 8
726 118 12
726 119 12
726 120 39
726 121 37
751 1 17
751 2 20
751 3 20
751 4 20
751 5 17
751 6 39
751 7 42
751 8 40
751 9 9
751 10 11
751 11 22
751 12 11
751 13 13
751 14 17
751 15 20
751 16 19
751 17 39
751 18 43
751 19 40
751 20 18
751 21 17
751 22 21
751 23 18
751 24 7
751 25 20
751 26 18
751 27 11
751 28 40
751 29 40
751 30 41
751 31 13
751 32 17
751 33 22
751 34 16
751 35 16
751 36 19
751 37 20
751 38 11
751 39 19
751 40 14
751 41 17
751 42 20
751 43 21
751 44 13
751 45 16
751 46 10
751 47 17
751 48 18
751 49 12
751 50 19
751 51 27
751 52 18
751 53 19
751 54 16
751 55 20
751 56 24
751 57 15
751 58 18
751 59 8
751 60 17
751 61 22
751 62 12
751 63 23
751 64 19
751 65 18
751 66 18
751 67 11
751 68 18
751 69 22
751 70 17
751 71 10
751 72 23
751 73 20
751 74 17
751 75 12
751 76 15
751 77 20
751 78 20
751 79 20
751 80 18
751 81 20
751 82 9
751 83 19
751 84 16
751 85 20
751 86 12
751 87 20
751 88 17
751 89 18
751 90 22
751 91 18
751 92 20
751 93 18
751 94 15
751 95 20
751 96 19
751 97 20
751 98 10
751 99 20
751 100 19
751 101 10
751 102 19
751 103 17
751 104 14
751 105 16
751 106 21
751 107 16
751 108 20
751 109 40
751 110 37
751 111 19
751 112 20
751 113 19
751 114 20
751 115 12
751 116 15
751 117 16
751 118 20
751 119 20
751 120 34
751 121 40
776 1 11
776 2 19
776 3 22
776 4 13
776 5 19
776 6 40
776 7 40
776 8 41
776 9 11
776 10 12
776 11 19
776 12 22
776 13 17
776 14 15
776 15 14
776 16 16
776 17 39
776 18 40
776 19 41
776 20 16
776 21 20
776 22 20
776 23 13
776 24 23
776 25 20
776 26 15
776 27 12
776 28 40
776 29 40
776 30 43
776 31 17
776 32 20
776 33 19
776 34 22
776 35 19
776 36 17
776 37 20
776 38 21
776 39 23
776 40 19
776 41 18
776 42 20
776 43 10
776 44 14
776 45 22
776 46 20
776 47 11
776 48 16
776 49 16
776 50 17
776 51 12
776 52 10
776 53 17
776 54 21
776 55 21
776 56 22
776 57 16
776 58 18
776 59 9
776 60 19
776 61 21
776 62 14
776 63 17
776 64 20
776 65 21
776 66 20
776 67 20
776 68 17
776 69 19
776 70 20
776 71 19
776 72 14
776 73 21
776 74 19
776 75 17
776 76 16
776 77 20
776 78 19
776 79 21
776 80 21
776 81 20
776 82 17
776 83 18
776 84 14
776 85 18
776 86 20
776 87 17
776 88 14
776 89 16
776 90 13
776 91 15
776 92 15
776 93 21
776 94 20
776 95 19
776 96 15
776 97 16
776 98 20
776 99 20
776 100 18
776 101 16
776 102 12
776 103 18
776 104 19
776 105 14
776 106 19
776 107 16
776 108 12
776 109 37
776 110 39
776 111 18
776 112 20
776 113 15
776 114 18
776 115 21
776 116 21
776 117 17
776 118 21
776 119 20
776 120 40
776 121 41
801 1 23
801 2 20
801 3 15
801 4 18
801 5 11
801 6 40
801 7 41
801 8 42
801 9 15
801 10 16
801 11 26
801 12 21
801 13 14
801 14 20
801 15 22
801 16 19
801 17 43
801 18 42
801 19 39
801 20 19
801 21 20
801 22 15
801 23 20
801 24 11
801 25 18
801 26 17
801 27 6
801 28 43
801 29 40
801 30 39
801 31 13
801 32 19
801 33 9
801 34 14
801 35 12
801 36 22
801 37 18
801 38 19
801 39 12
801 40 15
801 41 11
801 42 19
801 43 18
801 44 20
801 45 11
801 46 17
801 47 19
801 48 19
801 49 18
801 50 17
801 51 19
801 52 20
801 53 20
801 54 16
801 55 22
801 56 18
801 57 18
801 58 14
801 59 18
801 60 23
801 61 9
801 62 17
801 63 18
801 64 10
801 65 20
801 66 19
801 67 15
801 68 18
801 69 20
801 70 20
801 71 19
801 72 19
801 73 19
801 74 19
801 75 20
801 76 13
801 77 21
801 78 18
801 79 17
801 80 21
801 81 14
801 82 13
801 83 20
801 84 14
801 85 21
801 86 9
801 87 19
801 88 17
801 89 18
801 90 20
801 91 11
801 92 18
801 93 11
801 94 12
801 95 19
801 96 18
801 97 18
801 98 20
801 99 21
801 100 20
801 101 19
801 102 15
801 103 20
801 104 15
801 105 19
801 106 18
801 107 21
801 108 11
801 109 41
801 110 38
801 111 19
801 112 18
801 113 15
801 114 11
801 115 21
801 116 11
801 117 10
801 118 19
801 119 22
801 120 40
801 121 37
826 1 17
826 2 18
826 3 19
826 4 15
826 5 18
826 6 40
826 7 39
826 8 44
826 9 18
826 10 23
826 11 19
826 12 13
826 13 18
826 14 19
826 15 18
826 16 16
826 17 39
826 18 43
826 19 38
826 20 12
826 21 17
826 22 18
826 23 20
826 24 17
826 25 17
826 26 14
826 27 12
826 28 39
826 29 40
826 30 41
826 31 13
826 32 19
826 33 14
826 34 21
826 35 19
826 36 20
826 37 19
826 38 15
826 39 12
826 40 6
826 41 21
826 42 18
826 43 20
826 44 20
826 45 22
826 46 26
826 47 18
826 48 11
826 49 19
826 50 16
826 51 15
826 52 17
826 53 20
826 54 19
826 55 22
826 56 19
826 57 22
826 58 18
826 59 20
826 60 11
826 61 15
826 62 19
826 63 20
826 64 19
826 65 20
826 66 20
826 67 15
826 68 21
826 69 11
826 70 20
826 71 22
826 72 18
826 73 17
826 74 17
826 75 15
826 76 20
826 77 20
826 78 21
826 79 21
826 80 17
826 81 19
826 82 15
826 83 20
826 84 18
826 85 20
826 86 20
826 87 11
826 88 17
826 89 16
826 90 17
826 91 11
826 92 21
826 93 19
826 94 15
826 95 21
826 96 20
826 97 18
826 98 21
826 99 19
826 100 14
826 101 16
826 102 20
826 103 20
826 104 22
826 105 17
826 106 20
826 107 20
826 108 17
826 109 38
826 110 38
826 111 17
826 112 21
826 113 16
826 114 15
826 115 11
826 116 17
826 117 20
826 118 11
826 119 10
826 120 43
826 121 41
851 1 14
851 2 22
851 3 17
851 4 18
851 5 22
851 6 39
851 7 45
851 8 40
851 9 12
851 10 19
851 11 22
851 12 15
851 13 21
851 14 20
851 15 19
851 16 14
851 17 40
851 18 44
851 19 41
851 20 13
851 21 18
851 22 13
851 23 22
851 24 