1 5005
26 4546
51 4622
76 4593
101 4540
126 4530
151 4581
176 4541
201 4541
226 4514
251 4537
276 4525
301 4625
326 4537
351 4694
376 4577
401 4616
426 4627
451 4502
476 4631
501 4529
526 4607
551 4516
576 4536
601 4575
626 4545
651 4517
676 4640
701 4503
726 4558
751 4576
776 4687
801 4581
826 4586
851 4581
876 4553
901 4525
926 4531
951 4595
976 4546
1001 4608
1026 4614
1051 4598
1076 4631
1101 4625
1126 4586
1151 4574
1176 4593
1201 4605
1226 4614
1251 4581
1276 4620
1301 4637
1326 4578
1351 4619
1376 4652
1401 4621
1426 4604
1451 4635
1476 4573
1501 4602
1526 4530
1551 4543
1576 4605
1601 4524
1626 4570
1651 4531
1676 4535
1701 4603
1726 4602
1751 4548
1776 4539
1801 4563
1826 4553
1851 4558
1876 4603
1901 4573
1926 4613
1951 4574
1976 4609
