1 1 5
1 2 6
1 3 5
1 4 4
1 5 5
1 6 4
1 7 5
1 8 4
1 9 5
1 10 5
1 11 5
1 12 5
1 13 5
1 14 5
1 15 5
1 16 4
1 17 4
1 18 6
1 19 6
1 20 4
1 21 6
1 22 4
1 23 6
1 24 5
1 25 5
1 26 5
1 27 6
1 28 5
1 29 4
1 30 5
1 31 5
1 32 5
1 33 3
1 34 4
1 35 5
1 36 4
1 37 5
1 38 5
1 39 4
1 40 5
1 41 4
1 42 5
1 43 5
1 44 4
1 45 4
1 46 5
1 47 5
1 48 6
1 49 4
1 50 6
1 51 6
1 52 4
1 53 4
1 54 5
1 55 5
1 56 4
1 57 6
1 58 4
1 59 5
1 60 6
1 61 5
1 62 4
1 63 4
1 64 3
1 65 4
1 66 4
1 67 4
1 68 5
1 69 5
1 70 4
1 71 4
1 72 6
1 73 5
1 74 5
1 75 3
1 76 4
1 77 4
1 78 5
1 79 5
1 80 5
1 81 4
1 82 5
1 83 5
1 84 5
1 85 5
1 86 5
1 87 5
1 88 5
1 89 5
1 90 5
1 91 5
1 92 6
1 93 5
1 94 5
1 95 6
1 96 5
1 97 4
1 98 5
1 99 5
1 100 5
1 101 4
1 102 5
1 103 5
1 104 5
1 105 5
1 106 5
1 107 6
1 108 5
1 109 6
1 110 6
1 111 5
1 112 4
1 113 5
1 114 5
1 115 5
1 116 4
1 117 4
1 118 4
1 119 5
1 120 5
1 121 4
26 1 4
26 2 5
26 3 5
26 4 5
26 5 5
26 6 4
26 7 4
26 8 4
26 9 4
26 10 3
26 11 5
26 12 5
26 13 4
26 14 6
26 15 5
26 16 4
26 17 4
26 18 5
26 19 5
26 20 5
26 21 4
26 22 4
26 23 5
26 24 4
26 25 6
26 26 4
26 27 3
26 28 5
26 29 6
26 30 6
26 31 5
26 32 5
26 33 4
26 34 4
26 35 5
26 36 4
26 37 4
26 38 4
26 39 4
26 40 4
26 41 5
26 42 4
26 43 5
26 44 4
26 45 5
26 46 5
26 47 5
26 48 5
26 49 5
26 50 4
26 51 5
26 52 3
26 53 5
26 54 4
26 55 3
26 56 4
26 57 5
26 58 5
26 59 5
26 60 5
26 61 4
26 62 5
26 63 4
26 64 5
26 65 3
26 66 4
26 67 5
26 68 4
26 69 5
26 70 4
26 71 5
26 72 4
26 73 5
26 74 4
26 75 4
26 76 5
26 77 3
26 78 4
26 79 5
26 80 5
26 81 5
26 82 5
26 83 4
26 84 3
26 85 3
26 86 2
26 87 1
26 88 3
26 89 5
26 90 5
26 91 5
26 92 5
26 93 5
26 94 5
26 95 4
26 96 2
26 97 2
26 98 3
26 99 4
26 100 6
26 101 5
26 102 5
26 103 5
26 104 4
26 105 5
26 106 4
26 107 3
26 108 1
26 109 1
26 110 5
26 111 5
26 112 5
26 113 5
26 114 5
26 115 4
26 116 4
26 117 6
26 118 5
26 119 1
26 120 2
26 121 3
51 1 4
51 2 3
51 3 3
51 4 3
51 5 5
51 6 4
51 7 5
51 8 5
51 9 4
51 10 3
51 11 3
51 12 3
51 13 3
51 14 4
51 15 4
51 16 4
51 17 4
51 18 5
51 19 4
51 20 5
51 21 4
51 22 3
51 23 4
51 24 5
51 25 3
51 26 4
51 27 3
51 28 5
51 29 5
51 30 4
51 31 4
51 32 4
51 33 3
51 34 4
51 35 3
51 36 3
51 37 3
51 38 4
51 39 4
51 40 5
51 41 5
51 42 4
51 43 5
51 44 5
51 45 4
51 46 4
51 47 4
51 48 5
51 49 4
51 50 4
51 51 3
51 52 5
51 53 6
51 54 4
51 55 4
51 56 4
51 57 4
51 58 5
51 59 4
51 60 4
51 61 4
51 62 4
51 63 3
51 64 5
51 65 6
51 66 3
51 67 4
51 68 4
51 69 4
51 70 4
51 71 4
51 72 4
51 73 4
51 74 4
51 75 5
51 76 2
51 77 4
51 78 5
51 79 4
51 80 4
51 81 4
51 82 3
51 83 4
51 84 5
51 85 3
51 86 3
51 87 4
51 88 3
51 89 4
51 90 4
51 91 4
51 92 3
51 93 4
51 94 4
51 95 3
51 96 1
51 97 1
51 98 3
51 99 3
51 100 5
51 101 3
51 102 4
51 103 4
51 104 2
51 105 4
51 106 4
51 107 3
51 108 1
51 109 1
51 110 5
51 111 4
51 112 3
51 113 4
51 114 2
51 115 4
51 116 5
51 117 5
51 118 4
51 119 1
51 120 1
51 121 4
76 1 4
76 2 3
76 3 3
76 4 4
76 5 4
76 6 4
76 7 4
76 8 4
76 9 3
76 10 4
76 11 5
76 12 3
76 13 3
76 14 3
76 15 4
76 16 4
76 17 5
76 18 4
76 19 4
76 20 3
76 21 3
76 22 3
76 23 3
76 24 3
76 25 4
76 26 5
76 27 4
76 28 5
76 29 5
76 30 4
76 31 4
76 32 4
76 33 3
76 34 2
76 35 3
76 36 3
76 37 4
76 38 3
76 39 4
76 40 3
76 41 3
76 42 5
76 43 4
76 44 3
76 45 3
76 46 4
76 47 4
76 48 3
76 49 4
76 50 4
76 51 3
76 52 4
76 53 5
76 54 3
76 55 3
76 56 5
76 57 4
76 58 4
76 59 4
76 60 4
76 61 4
76 62 4
76 63 5
76 64 5
76 65 3
76 66 2
76 67 3
76 68 2
76 69 4
76 70 4
76 71 4
76 72 3
76 73 4
76 74 5
76 75 3
76 76 2
76 77 3
76 78 2
76 79 3
76 80 3
76 81 5
76 82 4
76 83 4
76 84 4
76 85 2
76 86 3
76 87 3
76 88 2
76 89 2
76 90 4
76 91 4
76 92 4
76 93 3
76 94 5
76 95 5
76 96 1
76 97 2
76 98 2
76 99 3
76 100 4
76 101 4
76 102 3
76 103 4
76 104 4
76 105 4
76 106 4
76 107 3
76 108 1
76 109 2
76 110 2
76 111 3
76 112 3
76 113 3
76 114 4
76 115 3
76 116 4
76 117 3
76 118 2
76 119 1
76 120 1
76 121 2
101 1 2
101 2 4
101 3 4
101 4 4
101 5 6
101 6 6
101 7 5
101 8 5
101 9 1
101 10 2
101 11 4
101 12 4
101 13 4
101 14 5
101 15 5
101 16 5
101 17 4
101 18 4
101 19 5
101 20 5
101 21 2
101 22 4
101 23 3
101 24 2
101 25 4
101 26 4
101 27 4
101 28 4
101 29 4
101 30 4
101 31 4
101 32 4
101 33 4
101 34 3
101 35 3
101 36 4
101 37 4
101 38 4
101 39 4
101 40 4
101 41 5
101 42 4
101 43 3
101 44 3
101 45 3
101 46 4
101 47 4
101 48 3
101 49 4
101 50 4
101 51 4
101 52 5
101 53 5
101 54 2
101 55 3
101 56 2
101 57 2
101 58 3
101 59 4
101 60 4
101 61 4
101 62 5
101 63 4
101 64 4
101 65 2
101 66 2
101 67 5
101 68 5
101 69 4
101 70 4
101 71 4
101 72 4
101 73 4
101 74 5
101 75 3
101 76 3
101 77 4
101 78 5
101 79 3
101 80 4
101 81 5
101 82 4
101 83 5
101 84 3
101 85 2
101 86 4
101 87 3
101 88 3
101 89 3
101 90 3
101 91 4
101 92 4
101 93 5
101 94 4
101 95 6
101 96 1
101 97 1
101 98 1
101 99 2
101 100 3
101 101 5
101 102 5
101 103 5
101 104 4
101 105 4
101 106 6
101 107 2
101 108 2
101 109 1
101 110 2
101 111 3
101 112 4
101 113 6
101 114 4
101 115 4
101 116 4
101 117 4
101 118 4
101 119 1
101 120 1
101 121 4
126 1 5
126 2 4
126 3 4
126 4 4
126 5 5
126 6 5
126 7 3
126 8 4
126 9 5
126 10 3
126 11 5
126 12 4
126 13 4
126 14 4
126 15 5
126 16 4
126 17 4
126 18 4
126 19 4
126 20 4
126 21 5
126 22 4
126 23 4
126 24 5
126 25 4
126 26 5
126 27 4
126 28 4
126 29 5
126 30 6
126 31 4
126 32 5
126 33 6
126 34 2
126 35 5
126 36 4
126 37 4
126 38 4
126 39 4
126 40 4
126 41 4
126 42 5
126 43 4
126 44 2
126 45 2
126 46 5
126 47 4
126 48 4
126 49 4
126 50 5
126 51 4
126 52 4
126 53 4
126 54 4
126 55 3
126 56 4
126 57 4
126 58 4
126 59 4
126 60 4
126 61 5
126 62 4
126 63 4
126 64 4
126 65 5
126 66 2
126 67 5
126 68 5
126 69 4
126 70 3
126 71 4
126 72 4
126 73 5
126 74 5
126 75 5
126 76 5
126 77 4
126 78 5
126 79 4
126 80 4
126 81 4
126 82 4
126 83 4
126 84 4
126 85 5
126 86 3
126 87 2
126 88 2
126 89 5
126 90 4
126 91 4
126 92 4
126 93 4
126 94 3
126 95 6
126 96 2
126 97 1
126 98 1
126 99 4
126 100 5
126 101 4
126 102 5
126 103 4
126 104 5
126 105 4
126 106 4
126 107 3
126 108 1
126 109 2
126 110 4
126 111 4
126 112 4
126 113 3
126 114 4
126 115 4
126 116 5
126 117 4
126 118 3
126 119 3
126 120 2
126 121 4
151 1 5
151 2 4
151 3 3
151 4 3
151 5 4
151 6 5
151 7 4
151 8 5
151 9 4
151 10 4
151 11 2
151 12 4
151 13 4
151 14 4
151 15 4
151 16 4
151 17 3
151 18 5
151 19 4
151 20 5
151 21 3
151 22 4
151 23 3
151 24 5
151 25 4
151 26 4
151 27 4
151 28 4
151 29 4
151 30 3
151 31 5
151 32 5
151 33 5
151 34 4
151 35 5
151 36 4
151 37 4
151 38 4
151 39 4
151 40 4
151 41 4
151 42 3
151 43 4
151 44 2
151 45 5
151 46 5
151 47 5
151 48 4
151 49 4
151 50 4
151 51 3
151 52 4
151 53 5
151 54 5
151 55 5
151 56 4
151 57 4
151 58 4
151 59 5
151 60 4
151 61 4
151 62 4
151 63 4
151 64 4
151 65 5
151 66 3
151 67 4
151 68 4
151 69 4
151 70 4
151 71 4
151 72 4
151 73 5
151 74 5
151 75 4
151 76 5
151 77 5
151 78 4
151 79 4
151 80 4
151 81 4
151 82 5
151 83 5
151 84 5
151 85 5
151 86 3
151 87 2
151 88 5
151 89 4
151 90 4
151 91 4
151 92 4
151 93 4
151 94 2
151 95 4
151 96 2
151 97 1
151 98 1
151 99 4
151 100 3
151 101 4
151 102 3
151 103 4
151 104 4
151 105 3
151 106 4
151 107 4
151 108 2
151 109 2
151 110 4
151 111 5
151 112 4
151 113 4
151 114 4
151 115 4
151 116 3
151 117 3
151 118 4
151 119 2
151 120 2
151 121 3
176 1 4
176 2 3
176 3 4
176 4 4
176 5 4
176 6 2
176 7 3
176 8 4
176 9 2
176 10 3
176 11 5
176 12 6
176 13 5
176 14 4
176 15 4
176 16 4
176 17 4
176 18 5
176 19 5
176 20 5
176 21 3
176 22 3
176 23 3
176 24 4
176 25 5
176 26 3
176 27 4
176 28 3
176 29 4
176 30 4
176 31 4
176 32 3
176 33 3
176 34 3
176 35 5
176 36 3
176 37 4
176 38 4
176 39 4
176 40 4
176 41 4
176 42 4
176 43 5
176 44 3
176 45 5
176 46 4
176 47 4
176 48 4
176 49 4
176 50 4
176 51 4
176 52 5
176 53 3
176 54 5
176 55 2
176 56 4
176 57 4
176 58 5
176 59 4
176 60 5
176 61 4
176 62 4
176 63 4
176 64 3
176 65 3
176 66 2
176 67 5
176 68 4
176 69 4
176 70 4
176 71 4
176 72 3
176 73 4
176 74 5
176 75 4
176 76 4
176 77 3
176 78 5
176 79 4
176 80 4
176 81 4
176 82 4
176 83 5
176 84 6
176 85 4
176 86 2
176 87 2
176 88 3
176 89 4
176 90 4
176 91 4
176 92 3
176 93 4
176 94 4
176 95 5
176 96 2
176 97 1
176 98 1
176 99 4
176 100 5
176 101 6
176 102 4
176 103 3
176 104 4
176 105 4
176 106 3
176 107 2
176 108 1
176 109 1
176 110 5
176 111 5
176 112 4
176 113 4
176 114 3
176 115 3
176 116 2
176 117 3
176 118 3
176 119 1
176 120 1
176 121 5
201 1 4
201 2 5
201 3 5
201 4 4
201 5 4
201 6 4
201 7 3
201 8 2
201 9 3
201 10 3
201 11 5
201 12 4
201 13 4
201 14 4
201 15 3
201 16 4
201 17 5
201 18 3
201 19 3
201 20 4
201 21 2
201 22 5
201 23 5
201 24 5
201 25 5
201 26 5
201 27 4
201 28 5
201 29 4
201 30 5
201 31 3
201 32 2
201 33 2
201 34 5
201 35 5
201 36 5
201 37 4
201 38 4
201 39 4
201 40 4
201 41 3
201 42 3
201 43 3
201 44 5
201 45 5
201 46 3
201 47 4
201 48 4
201 49 4
201 50 4
201 51 5
201 52 3
201 53 5
201 54 5
201 55 5
201 56 4
201 57 4
201 58 4
201 59 4
201 60 4
201 61 4
201 62 5
201 63 4
201 64 4
201 65 3
201 66 3
201 67 4
201 68 4
201 69 4
201 70 5
201 71 5
201 72 5
201 73 4
201 74 4
201 75 4
201 76 4
201 77 4
201 78 4
201 79 4
201 80 3
201 81 4
201 82 5
201 83 4
201 84 5
201 85 3
201 86 2
201 87 2
201 88 4
201 89 4
201 90 4
201 91 4
201 92 3
201 93 4
201 94 4
201 95 5
201 96 2
201 97 1
201 98 1
201 99 4
201 100 5
201 101 4
201 102 4
201 103 4
201 104 4
201 105 5
201 106 5
201 107 3
201 108 1
201 109 1
201 110 2
201 111 5
201 112 5
201 113 4
201 114 4
201 115 4
201 116 4
201 117 4
201 118 2
201 119 1
201 120 1
201 121 4
226 1 4
226 2 3
226 3 4
226 4 4
226 5 4
226 6 5
226 7 5
226 8 4
226 9 2
226 10 2
226 11 4
226 12 5
226 13 4
226 14 4
226 15 4
226 16 4
226 17 4
226 18 4
226 19 4
226 20 3
226 21 3
226 22 5
226 23 5
226 24 5
226 25 4
226 26 4
226 27 4
226 28 4
226 29 4
226 30 4
226 31 3
226 32 2
226 33 4
226 34 5
226 35 5
226 36 5
226 37 4
226 38 4
226 39 4
226 40 4
226 41 4
226 42 4
226 43 5
226 44 4
226 45 5
226 46 4
226 47 4
226 48 4
226 49 4
226 50 4
226 51 4
226 52 4
226 53 4
226 54 3
226 55 5
226 56 4
226 57 3
226 58 4
226 59 4
226 60 4
226 61 4
226 62 4
226 63 4
226 64 4
226 65 3
226 66 5
226 67 5
226 68 4
226 69 4
226 70 4
226 71 4
226 72 4
226 73 5
226 74 4
226 75 5
226 76 4
226 77 2
226 78 4
226 79 4
226 80 4
226 81 4
226 82 4
226 83 4
226 84 5
226 85 3
226 86 1
226 87 2
226 88 4
226 89 5
226 90 4
226 91 4
226 92 4
226 93 4
226 94 5
226 95 4
226 96 1
226 97 2
226 98 1
226 99 3
226 100 5
226 101 4
226 102 4
226 103 4
226 104 3
226 105 4
226 106 5
226 107 5
226 108 1
226 109 1
226 110 4
226 111 5
226 112 4
226 113 4
226 114 4
226 115 4
226 116 4
226 117 4
226 118 4
226 119 1
226 120 1
226 121 3
251 1 4
251 2 3
251 3 2
251 4 4
251 5 5
251 6 4
251 7 3
251 8 4
251 9 2
251 10 3
251 11 5
251 12 4
251 13 4
251 14 3
251 15 4
251 16 4
251 17 4
251 18 3
251 19 4
251 20 5
251 21 4
251 22 4
251 23 5
251 24 5
251 25 4
251 26 4
251 27 3
251 28 4
251 29 3
251 30 3
251 31 4
251 32 4
251 33 4
251 34 5
251 35 4
251 36 4
251 37 5
251 38 4
251 39 4
251 40 3
251 41 4
251 42 5
251 43 5
251 44 4
251 45 5
251 46 5
251 47 4
251 48 4
251 49 4
251 50 4
251 51 4
251 52 3
251 53 4
251 54 4
251 55 5
251 56 5
251 57 5
251 58 4
251 59 4
251 60 4
251 61 4
251 62 5
251 63 4
251 64 4
251 65 5
251 66 2
251 67 4
251 68 4
251 69 4
251 70 4
251 71 4
251 72 4
251 73 5
251 74 5
251 75 5
251 76 2
251 77 4
251 78 4
251 79 4
251 80 4
251 81 4
251 82 4
251 83 5
251 84 5
251 85 5
251 86 3
251 87 3
251 88 4
251 89 5
251 90 4
251 91 4
251 92 3
251 93 4
251 94 5
251 95 3
251 96 1
251 97 1
251 98 2
251 99 4
251 100 5
251 101 4
251 102 4
251 103 4
251 104 3
251 105 3
251 106 2
251 107 3
251 108 1
251 109 1
251 110 4
251 111 4
251 112 4
251 113 4
251 114 4
251 115 3
251 116 4
251 117 5
251 118 3
251 119 2
251 120 1
251 121 1
276 1 4
276 2 4
276 3 4
276 4 3
276 5 4
276 6 4
276 7 4
276 8 3
276 9 3
276 10 2
276 11 4
276 12 4
276 13 4
276 14 3
276 15 4
276 16 4
276 17 4
276 18 3
276 19 4
276 20 5
276 21 5
276 22 4
276 23 4
276 24 5
276 25 4
276 26 4
276 27 4
276 28 4
276 29 4
276 30 3
276 31 4
276 32 3
276 33 2
276 34 4
276 35 4
276 36 5
276 37 4
276 38 4
276 39 4
276 40 4
276 41 2
276 42 2
276 43 3
276 44 4
276 45 4
276 46 4
276 47 4
276 48 4
276 49 3
276 50 4
276 51 4
276 52 3
276 53 4
276 54 3
276 55 3
276 56 3
276 57 4
276 58 4
276 59 3
276 60 4
276 61 4
276 62 4
276 63 4
276 64 4
276 65 4
276 66 3
276 67 4
276 68 4
276 69 4
276 70 4
276 71 4
276 72 4
276 73 4
276 74 5
276 75 4
276 76 4
276 77 5
276 78 4
276 79 5
276 80 4
276 81 4
276 82 4
276 83 5
276 84 5
276 85 4
276 86 4
276 87 3
276 88 3
276 89 5
276 90 4
276 91 4
276 92 4
276 93 4
276 94 5
276 95 5
276 96 1
276 97 1
276 98 2
276 99 3
276 100 4
276 101 5
276 102 4
276 103 4
276 104 4
276 105 4
276 106 4
276 107 3
276 108 1
276 109 1
276 110 3
276 111 5
276 112 3
276 113 4
276 114 4
276 115 4
276 116 4
276 117 5
276 118 3
276 119 1
276 120 1
276 121 3
301 1 5
301 2 4
301 3 4
301 4 4
301 5 4
301 6 5
301 7 5
301 8 5
301 9 3
301 10 2
301 11 4
301 12 3
301 13 4
301 14 4
301 15 3
301 16 4
301 17 4
301 18 4
301 19 4
301 20 3
301 21 3
301 22 4
301 23 4
301 24 4
301 25 4
301 26 4
301 27 4
301 28 4
301 29 4
301 30 4
301 31 4
301 32 5
301 33 4
301 34 4
301 35 4
301 36 4
301 37 3
301 38 4
301 39 4
301 40 3
301 41 3
301 42 3
301 43 3
301 44 2
301 45 4
301 46 3
301 47 5
301 48 3
301 49 2
301 50 4
301 51 4
301 52 4
301 53 4
301 54 3
301 55 3
301 56 5
301 57 3
301 58 3
301 59 4
301 60 3
301 61 3
301 62 3
301 63 4
301 64 4
301 65 4
301 66 4
301 67 3
301 68 4
301 69 5
301 70 4
301 71 4
301 72 2
301 73 3
301 74 5
301 75 4
301 76 3
301 77 4
301 78 4
301 79 5
301 80 5
301 81 4
301 82 4
301 83 4
301 84 4
301 85 3
301 86 4
301 87 2
301 88 3
301 89 5
301 90 4
301 91 5
301 92 4
301 93 4
301 94 4
301 95 3
301 96 1
301 97 1
301 98 1
301 99 5
301 100 5
301 101 4
301 102 4
301 103 4
301 104 4
301 105 4
301 106 3
301 107 3
301 108 1
301 109 1
301 110 5
301 111 4
301 112 4
301 113 4
301 114 4
301 115 4
301 116 4
301 117 5
301 118 3
301 119 1
301 120 1
301 121 2
326 1 5
326 2 4
326 3 4
326 4 4
326 5 4
326 6 4
326 7 5
326 8 5
326 9 3
326 10 3
326 11 4
326 12 4
326 13 5
326 14 4
326 15 3
326 16 4
326 17 4
326 18 4
326 19 5
326 20 3
326 21 3
326 22 4
326 23 5
326 24 5
326 25 4
326 26 4
326 27 4
326 28 4
326 29 4
326 30 4
326 31 3
326 32 2
326 33 4
326 34 5
326 35 5
326 36 4
326 37 4
326 38 3
326 39 4
326 40 4
326 41 4
326 42 3
326 43 4
326 44 3
326 45 4
326 46 4
326 47 4
326 48 4
326 49 4
326 50 3
326 51 4
326 52 4
326 53 4
326 54 4
326 55 3
326 56 5
326 57 3
326 58 4
326 59 4
326 60 4
326 61 4
326 62 4
326 63 4
326 64 4
326 65 4
326 66 2
326 67 5
326 68 4
326 69 4
326 70 4
326 71 4
326 72 4
326 73 5
326 74 4
326 75 5
326 76 5
326 77 5
326 78 5
326 79 4
326 80 4
326 81 4
326 82 4
326 83 5
326 84 5
326 85 3
326 86 3
326 87 2
326 88 3
326 89 4
326 90 4
326 91 4
326 92 4
326 93 4
326 94 4
326 95 4
326 96 1
326 97 1
326 98 1
326 99 2
326 100 4
326 101 4
326 102 4
326 103 4
326 104 4
326 105 4
326 106 4
326 107 3
326 108 1
326 109 1
326 110 4
326 111 4
326 112 4
326 113 4
326 114 5
326 115 4
326 116 5
326 117 5
326 118 5
326 119 1
326 120 2
326 121 4
351 1 5
351 2 5
351 3 3
351 4 4
351 5 4
351 6 4
351 7 5
351 8 4
351 9 3
351 10 4
351 11 3
351 12 5
351 13 4
351 14 4
351 15 4
351 16 4
351 17 4
351 18 4
351 19 4
351 20 4
351 21 3
351 22 3
351 23 5
351 24 5
351 25 4
351 26 4
351 27 4
351 28 4
351 29 4
351 30 4
351 31 4
351 32 3
351 33 3
351 34 4
351 35 5
351 36 4
351 37 4
351 38 4
351 39 4
351 40 4
351 41 3
351 42 5
351 43 4
351 44 5
351 45 5
351 46 5
351 47 4
351 48 5
351 49 4
351 50 4
351 51 4
351 52 5
351 53 4
351 54 4
351 55 5
351 56 5
351 57 4
351 58 5
351 59 4
351 60 4
351 61 4
351 62 4
351 63 4
351 64 4
351 65 5
351 66 3
351 67 5
351 68 4
351 69 4
351 70 4
351 71 4
351 72 4
351 73 5
351 74 5
351 75 4
351 76 4
351 77 3
351 78 4
351 79 4
351 80 4
351 81 4
351 82 4
351 83 4
351 84 4
351 85 3
351 86 3
351 87 3
351 88 3
351 89 5
351 90 4
351 91 4
351 92 4
351 93 4
351 94 4
351 95 3
351 96 1
351 97 1
351 98 1
351 99 4
351 100 4
351 101 4
351 102 4
351 103 4
351 104 4
351 105 4
351 106 4
351 107 3
351 108 1
351 109 1
351 110 3
351 111 5
351 112 5
351 113 4
351 114 4
351 115 4
351 116 4
351 117 5
351 118 3
351 119 2
351 120 1
351 121 4
376 1 4
376 2 4
376 3 4
376 4 4
376 5 3
376 6 5
376 7 4
376 8 5
376 9 3
376 10 2
376 11 4
376 12 4
376 13 4
376 14 4
376 15 4
376 16 4
376 17 3
376 18 5
376 19 4
376 20 5
376 21 5
376 22 4
376 23 5
376 24 5
376 25 4
376 26 4
376 27 4
376 28 4
376 29 4
376 30 3
376 31 4
376 32 2
376 33 4
376 34 4
376 35 5
376 36 3
376 37 4
376 38 4
376 39 4
376 40 4
376 41 4
376 42 4
376 43 5
376 44 4
376 45 4
376 46 3
376 47 4
376 48 4
376 49 4
376 50 3
376 51 3
376 52 3
376 53 3
376 54 3
376 55 5
376 56 5
376 57 4
376 58 4
376 59 4
376 60 4
376 61 4
376 62 3
376 63 4
376 64 3
376 65 4
376 66 5
376 67 4
376 68 4
376 69 4
376 70 4
376 71 3
376 72 4
376 73 5
376 74 3
376 75 4
376 76 5
376 77 4
376 78 4
376 79 4
376 80 4
376 81 4
376 82 4
376 83 5
376 84 5
376 85 4
376 86 3
376 87 4
376 88 3
376 89 5
376 90 3
376 91 4
376 92 4
376 93 4
376 94 4
376 95 4
376 96 1
376 97 1
376 98 1
376 99 5
376 100 4
376 101 5
376 102 4
376 103 4
376 104 4
376 105 4
376 106 5
376 107 3
376 108 1
376 109 1
376 110 2
376 111 4
376 112 4
376 113 4
376 114 4
376 115 4
376 116 5
376 117 4
376 118 3
376 119 1
376 120 1
376 121 4
401 1 3
401 2 4
401 3 3
401 4 5
401 5 4
401 6 5
401 7 4
401 8 4
401 9 4
401 10 4
401 11 4
401 12 4
401 13 4
401 14 3
401 15 3
401 16 5
401 17 5
401 18 4
401 19 5
401 20 4
401 21 4
401 22 3
401 23 4
401 24 4
401 25 5
401 26 4
401 27 4
401 28 4
401 29 4
401 30 5
401 31 5
401 32 4
401 33 4
401 34 3
401 35 4
401 36 5
401 37 4
401 38 4
401 39 5
401 40 3
401 41 4
401 42 4
401 43 3
401 44 4
401 45 4
401 46 2
401 47 4
401 48 4
401 49 4
401 50 4
401 51 4
401 52 3
401 53 4
401 54 3
401 55 3
401 56 5
401 57 4
401 58 4
401 59 4
401 60 4
401 61 4
401 62 2
401 63 3
401 64 3
401 65 3
401 66 4
401 67 4
401 68 3
401 69 4
401 70 4
401 71 3
401 72 4
401 73 2
401 74 4
401 75 3
401 76 3
401 77 4
401 78 4
401 79 3
401 80 4
401 81 4
401 82 4
401 83 5
401 84 4
401 85 3
401 86 3
401 87 2
401 88 3
401 89 4
401 90 4
401 91 3
401 92 3
401 93 4
401 94 4
401 95 4
401 96 1
401 97 1
401 98 1
401 99 3
401 100 5
401 101 3
401 102 3
401 103 4
401 104 4
401 105 5
401 106 4
401 107 2
401 108 1
401 109 2
401 110 3
401 111 5
401 112 4
401 113 4
401 114 4
401 115 4
401 116 4
401 117 4
401 118 4
401 119 1
401 120 1
401 121 4
426 1 5
426 2 5
426 3 4
426 4 4
426 5 3
426 6 5
426 7 3
426 8 4
426 9 2
426 10 2
426 11 4
426 12 5
426 13 5
426 14 4
426 15 4
426 16 4
426 17 5
426 18 5
426 19 5
426 20 4
426 21 4
426 22 3
426 23 3
426 24 5
426 25 5
426 26 4
426 27 4
426 28 4
426 29 4
426 30 4
426 31 5
426 32 3
426 33 2
426 34 3
426 35 4
426 36 4
426 37 3
426 38 4
426 39 4
426 40 4
426 41 4
426 42 4
426 43 4
426 44 5
426 45 4
426 46 4
426 47 4
426 48 4
426 49 4
426 50 4
426 51 4
426 52 4
426 53 5
426 54 3
426 55 4
426 56 4
426 57 4
426 58 4
426 59 3
426 60 4
426 61 4
426 62 5
426 63 3
426 64 3
426 65 4
426 66 3
426 67 4
426 68 4
426 69 4
426 70 3
426 71 4
426 72 4
426 73 5
426 74 5
426 75 4
426 76 2
426 77 3
426 78 5
426 79 5
426 80 4
426 81 4
426 82 4
426 83 4
426 84 5
426 85 3
426 86 3
426 87 3
426 88 5
426 89 3
426 90 4
426 91 5
426 92 4
426 93 4
426 94 5
426 95 5
426 96 1
426 97 1
426 98 1
426 99 2
426 100 5
426 101 5
426 102 4
426 103 4
426 104 4
426 105 4
426 106 3
426 107 4
426 108 1
426 109 1
426 110 5
426 111 5
426 112 4
426 113 4
426 114 4
426 115 3
426 116 4
426 117 4
426 118 4
426 119 1
426 120 1
426 121 5
451 1 5
451 2 4
451 3 4
451 4 4
451 5 4
451 6 5
451 7 4
451 8 5
451 9 3
451 10 3
451 11 5
451 12 3
451 13 4
451 14 4
451 15 4
451 16 4
451 17 4
451 18 4
451 19 5
451 20 5
451 21 4
451 22 3
451 23 5
451 24 4
451 25 3
451 26 4
451 27 4
451 28 4
451 29 4
451 30 4
451 31 4
451 32 3
451 33 5
451 34 4
451 35 5
451 36 4
451 37 4
451 38 4
451 39 4
451 40 3
451 41 5
451 42 5
451 43 5
451 44 2
451 45 5
451 46 4
451 47 4
451 48 3
451 49 4
451 50 4
451 51 4
451 52 4
451 53 5
451 54 3
451 55 2
451 56 4
451 57 5
451 58 4
451 59 4
451 60 4
451 61 4
451 62 4
451 63 4
451 64 4
451 65 3
451 66 3
451 67 5
451 68 4
451 69 4
451 70 5
451 71 4
451 72 4
451 73 4
451 74 4
451 75 5
451 76 2
451 77 2
451 78 4
451 79 4
451 80 3
451 81 4
451 82 5
451 83 4
451 84 4
451 85 2
451 86 3
451 87 2
451 88 4
451 89 4
451 90 3
451 91 4
451 92 4
451 93 4
451 94 4
451 95 4
451 96 1
451 97 1
451 98 1
451 99 4
451 100 4
451 101 4
451 102 4
451 103 4
451 104 3
451 105 5
451 106 3
451 107 2
451 108 1
451 109 1
451 110 3
451 111 3
451 112 4
451 113 4
451 114 5
451 115 4
451 116 4
451 117 3
451 118 3
451 119 1
451 120 1
451 121 2
476 1 4
476 2 2
476 3 4
476 4 4
476 5 4
476 6 3
476 7 3
476 8 4
476 9 2
476 10 3
476 11 4
476 12 4
476 13 5
476 14 4
476 15 4
476 16 4
476 17 4
476 18 3
476 19 5
476 20 4
476 21 2
476 22 2
476 23 4
476 24 5
476 25 4
476 26 4
476 27 3
476 28 3
476 29 4
476 30 5
476 31 3
476 32 3
476 33 3
476 34 3
476 35 4
476 36 3
476 37 2
476 38 3
476 39 4
476 40 4
476 41 4
476 42 4
476 43 4
476 44 3
476 45 4
476 46 5
476 47 4
476 48 4
476 49 4
476 50 4
476 51 4
476 52 4
476 53 3
476 54 4
476 55 4
476 56 5
476 57 4
476 58 4
476 59 3
476 60 4
476 61 3
476 62 5
476 63 4
476 64 4
476 65 4
476 66 4
476 67 4
476 68 5
476 69 5
476 70 4
476 71 4
476 72 4
476 73 4
476 74 5
476 75 4
476 76 4
476 77 4
476 78 4
476 79 4
476 80 3
476 81 4
476 82 3
476 83 4
476 84 5
476 85 4
476 86 3
476 87 1
476 88 3
476 89 5
476 90 4
476 91 4
476 92 4
476 93 4
476 94 4
476 95 5
476 96 1
476 97 1
476 98 1
476 99 3
476 100 3
476 101 5
476 102 4
476 103 4
476 104 4
476 105 4
476 106 5
476 107 3
476 108 1
476 109 1
476 110 5
476 111 4
476 112 4
476 113 4
476 114 4
476 115 4
476 116 5
476 117 5
476 118 4
476 119 1
476 120 2
476 121 4
501 1 5
501 2 4
501 3 5
501 4 4
501 5 4
501 6 4
501 7 3
501 8 4
501 9 4
501 10 2
501 11 5
501 12 4
501 13 4
501 14 5
501 15 4
501 16 4
501 17 3
501 18 3
501 19 5
501 20 2
501 21 3
501 22 3
501 23 4
501 24 5
501 25 4
501 26 3
501 27 3
501 28 4
501 29 4
501 30 5
501 31 3
501 32 3
501 33 4
501 34 3
501 35 5
501 36 4
501 37 2
501 38 4
501 39 4
501 40 4
501 41 4
501 42 2
501 43 3
501 44 3
501 45 4
501 46 5
501 47 4
501 48 3
501 49 4
501 50 3
501 51 4
501 52 4
501 53 4
501 54 3
501 55 4
501 56 5
501 57 4
501 58 3
501 59 3
501 60 4
501 61 3
501 62 4
501 63 3
501 64 2
501 65 3
501 66 5
501 67 3
501 68 3
501 69 4
501 70 2
501 71 3
501 72 4
501 73 3
501 74 3
501 75 3
501 76 4
501 77 4
501 78 4
501 79 4
501 80 4
501 81 4
501 82 4
501 83 5
501 84 3
501 85 3
501 86 3
501 87 2
501 88 2
501 89 3
501 90 4
501 91 3
501 92 4
501 93 4
501 94 4
501 95 3
501 96 1
501 97 1
501 98 1
501 99 4
501 100 4
501 101 4
501 102 4
501 103 4
501 104 4
501 105 4
501 106 2
501 107 3
501 108 1
501 109 1
501 110 4
501 111 5
501 112 5
501 113 3
501 114 4
501 115 4
501 116 5
501 117 3
501 118 3
501 119 1
501 120 1
501 121 5
526 1 5
526 2 4
526 3 4
526 4 4
526 5 4
526 6 4
526 7 3
526 8 2
526 9 2
526 10 3
526 11 4
526 12 4
526 13 5
526 14 3
526 15 4
526 16 3
526 17 4
526 18 3
526 19 3
526 20 2
526 21 4
526 22 3
526 23 4
526 24 4
526 25 4
526 26 4
526 27 3
526 28 4
526 29 4
526 30 4
526 31 4
526 32 3
526 33 3
526 34 4
526 35 4
526 36 3
526 37 4
526 38 4
526 39 4
526 40 4
526 41 3
526 42 2
526 43 4
526 44 4
526 45 4
526 46 3
526 47 3
526 48 4
526 49 4
526 50 4
526 51 4
526 52 4
526 53 3
526 54 2
526 55 2
526 56 4
526 57 4
526 58 3
526 59 4
526 60 3
526 61 3
526 62 4
526 63 4
526 64 4
526 65 3
526 66 3
526 67 4
526 68 4
526 69 5
526 70 3
526 71 4
526 72 4
526 73 5
526 74 4
526 75 3
526 76 3
526 77 2
526 78 4
526 79 4
526 80 3
526 81 4
526 82 4
526 83 5
526 84 2
526 85 2
526 86 3
526 87 3
526 88 3
526 89 5
526 90 4
526 91 4
526 92 4
526 93 4
526 94 4
526 95 5
526 96 1
526 97 1
526 98 1
526 99 4
526 100 4
526 101 4
526 102 3
526 103 4
526 104 3
526 105 4
526 106 4
526 107 4
526 108 1
526 109 1
526 110 4
526 111 5
526 112 5
526 113 4
526 114 3
526 115 3
526 116 3
526 117 4
526 118 2
526 119 1
526 120 1
526 121 3
551 1 5
551 2 5
551 3 4
551 4 4
551 5 5
551 6 5
551 7 4
551 8 4
551 9 2
551 10 3
551 11 4
551 12 4
551 13 4
551 14 4
551 15 4
551 16 4
551 17 4
551 18 4
551 19 5
551 20 3
551 21 2
551 22 2
551 23 4
551 24 5
551 25 5
551 26 4
551 27 4
551 28 4
551 29 5
551 30 4
551 31 4
551 32 3
551 33 4
551 34 4
551 35 4
551 36 4
551 37 4
551 38 4
551 39 4
551 40 4
551 41 4
551 42 3
551 43 4
551 44 3
551 45 4
551 46 5
551 47 5
551 48 4
551 49 4
551 50 4
551 51 4
551 52 4
551 53 3
551 54 4
551 55 2
551 56 5
551 57 5
551 58 4
551 59 4
551 60 4
551 61 4
551 62 5
551 63 4
551 64 3
551 65 2
551 66 5
551 67 5
551 68 4
551 69 4
551 70 4
551 71 4
551 72 4
551 73 3
551 74 4
551 75 3
551 76 3
551 77 4
551 78 5
551 79 4
551 80 4
551 81 4
551 82 5
551 83 5
551 84 5
551 85 3
551 86 2
551 87 2
551 88 4
551 89 4
551 90 5
551 91 4
551 92 4
551 93 4
551 94 5
551 95 5
551 96 1
551 97 1
551 98 1
551 99 4
551 100 5
551 101 4
551 102 4
551 103 4
551 104 4
551 105 4
551 106 4
551 107 3
551 108 1
551 109 1
551 110 4
551 111 3
551 112 4
551 113 4
551 114 4
551 115 4
551 116 4
551 117 4
551 118 4
551 119 1
551 120 1
551 121 3
576 1 5
576 2 4
576 3 4
576 4 4
576 5 4
576 6 4
576 7 5
576 8 4
576 9 2
576 10 2
576 11 3
576 12 5
576 13 4
576 14 4
576 15 4
576 16 4
576 17 5
576 18 5
576 19 5
576 20 4
576 21 3
576 22 5
576 23 4
576 24 5
576 25 4
576 26 3
576 27 4
576 28 5
576 29 5
576 30 5
576 31 4
576 32 3
576 33 3
576 34 5
576 35 5
576 36 3
576 37 4
576 38 4
576 39 4
576 40 5
576 41 4
576 42 4
576 43 3
576 44 2
576 45 3
576 46 4
576 47 4
576 48 4
576 49 4
576 50 4
576 51 5
576 52 5
576 53 4
576 54 3
576 55 4
576 56 4
576 57 4
576 58 4
576 59 4
576 60 4
576 61 4
576 62 4
576 63 4
576 64 4
576 65 4
576 66 4
576 67 4
576 68 4
576 69 5
576 70 4
576 71 4
576 72 4
576 73 4
576 74 5
576 75 3
576 76 3
576 77 4
576 78 4
576 79 4
576 80 4
576 81 4
576 82 4
576 83 4
576 84 5
576 85 3
576 86 3
576 87 2
576 88 3
576 89 4
576 90 4
576 91 4
576 92 4
576 93 4
576 94 5
576 95 4
576 96 1
576 97 1
576 98 1
576 99 3
576 100 4
576 101 4
576 102 4
576 103 4
576 104 3
576 105 5
576 106 4
576 107 4
576 108 1
576 109 1
576 110 4
576 111 4
576 112 4
576 113 4
576 114 4
576 115 4
576 116 4
576 117 4
576 118 4
576 119 1
576 120 1
576 121 4
601 1 4
601 2 4
601 3 3
601 4 3
601 5 4
601 6 3
601 7 4
601 8 4
601 9 3
601 10 3
601 11 4
601 12 2
601 13 2
601 14 3
601 15 4
601 16 5
601 17 5
601 18 4
601 19 5
601 20 5
601 21 3
601 22 3
601 23 5
601 24 4
601 25 4
601 26 3
601 27 4
601 28 4
601 29 4
601 30 5
601 31 4
601 32 4
601 33 3
601 34 4
601 35 5
601 36 4
601 37 4
601 38 4
601 39 4
601 40 4
601 41 3
601 42 4
601 43 4
601 44 3
601 45 4
601 46 4
601 47 4
601 48 3
601 49 4
601 50 5
601 51 4
601 52 4
601 53 5
601 54 4
601 55 3
601 56 5
601 57 4
601 58 4
601 59 5
601 60 4
601 61 4
601 62 4
601 63 4
601 64 5
601 65 4
601 66 4
601 67 4
601 68 4
601 69 4
601 70 5
601 71 4
601 72 4
601 73 4
601 74 4
601 75 5
601 76 4
601 77 3
601 78 5
601 79 4
601 80 4
601 81 4
601 82 5
601 83 4
601 84 5
601 85 4
601 86 1
601 87 3
601 88 4
601 89 4
601 90 4
601 91 4
601 92 4
601 93 4
601 94 3
601 95 3
601 96 1
601 97 1
601 98 1
601 99 5
601 100 4
601 101 5
601 102 4
601 103 5
601 104 4
601 105 3
601 106 4
601 107 2
601 108 1
601 109 1
601 110 2
601 111 4
601 112 4
601 113 5
601 114 3
601 115 4
601 116 4
601 117 3
601 118 4
601 119 1
601 120 1
601 121 2
626 1 4
626 2 5
626 3 4
626 4 4
626 5 4
626 6 4
626 7 3
626 8 4
626 9 2
626 10 2
626 11 4
626 12 4
626 13 5
626 14 4
626 15 3
626 16 4
626 17 5
626 18 5
626 19 4
626 20 4
626 21 4
626 22 2
626 23 3
626 24 5
626 25 5
626 26 4
626 27 4
626 28 3
626 29 4
626 30 5
626 31 3
626 32 5
626 33 4
626 34 4
626 35 4
626 36 3
626 37 3
626 38 3
626 39 3
626 40 5
626 41 3
626 42 3
626 43 4
626 44 4
626 45 3
626 46 4
626 47 4
626 48 4
626 49 3
626 50 4
626 51 4
626 52 4
626 53 4
626 54 3
626 55 3
626 56 4
626 57 4
626 58 4
626 59 4
626 60 4
626 61 4
626 62 4
626 63 4
626 64 3
626 65 4
626 66 3
626 67 4
626 68 5
626 69 4
626 70 4
626 71 4
626 72 4
626 73 4
626 74 2
626 75 3
626 76 5
626 77 4
626 78 3
626 79 4
626 80 4
626 81 4
626 82 5
626 83 5
626 84 5
626 85 4
626 86 4
626 87 2
626 88 3
626 89 4
626 90 4
626 91 4
626 92 4
626 93 4
626 94 4
626 95 3
626 96 3
626 97 1
626 98 1
626 99 3
626 100 4
626 101 4
626 102 5
626 103 4
626 104 4
626 105 3
626 106 3
626 107 2
626 108 2
626 109 1
626 110 3
626 111 5
626 112 5
626 113 4
626 114 5
626 115 4
626 116 5
626 117 4
626 118 4
626 119 1
626 120 1
626 121 2
651 1 5
651 2 4
651 3 4
651 4 4
651 5 4
651 6 4
651 7 4
651 8 4
651 9 2
651 10 4
651 11 5
651 12 5
651 13 5
651 14 4
651 15 4
651 16 4
651 17 4
651 18 4
651 19 4
651 20 5
651 21 4
651 22 4
651 23 5
651 24 5
651 25 4
651 26 4
651 27 3
651 28 4
651 29 4
651 30 4
651 31 4
651 32 4
651 33 5
651 34 4
651 35 5
651 36 4
651 37 4
651 38 4
651 39 4
651 40 3
651 41 4
651 42 4
651 43 5
651 44 4
651 45 5
651 46 4
651 47 4
651 48 4
651 49 4
651 50 4
651 51 4
651 52 4
651 53 3
651 54 5
651 55 3
651 56 5
651 57 4
651 58 4
651 59 4
651 60 4
651 61 4
651 62 4
651 63 4
651 64 4
651 65 3
651 66 4
651 67 5
651 68 4
651 69 4
651 70 4
651 71 4
651 72 5
651 73 4
651 74 5
651 75 3
651 76 2
651 77 3
651 78 5
651 79 5
651 80 4
651 81 4
651 82 4
651 83 4
651 84 5
651 85 2
651 86 2
651 87 2
651 88 5
651 89 5
651 90 3
651 91 4
651 92 4
651 93 4
651 94 4
651 95 4
651 96 1
651 97 1
651 98 1
651 99 3
651 100 4
651 101 4
651 102 4
651 103 4
651 104 5
651 105 4
651 106 5
651 107 2
651 108 1
651 109 1
651 110 4
651 111 5
651 112 3
651 113 4
651 114 4
651 115 4
651 116 4
651 117 4
651 118 3
651 119 1
651 120 1
651 121 5
676 1 4
676 2 4
676 3 4
676 4 4
676 5 3
676 6 4
676 7 4
676 8 4
676 9 4
676 10 3
676 11 3
676 12 4
676 13 3
676 14 4
676 15 4
676 16 3
676 17 3
676 18 4
676 19 5
676 20 4
676 21 5
676 22 4
676 23 4
676 24 4
676 25 3
676 26 4
676 27 4
676 28 4
676 29 4
676 30 4
676 31 3
676 32 4
676 33 3
676 34 5
676 35 5
676 36 4
676 37 3
676 38 4
676 39 4
676 40 3
676 41 4
676 42 4
676 43 4
676 44 5
676 45 5
676 46 5
676 47 4
676 48 4
676 49 4
676 50 4
676 51 4
676 52 4
676 53 4
676 54 4
676 55 4
676 56 4
676 57 4
676 58 4
676 59 4
676 60 4
676 61 4
676 62 4
676 63 4
676 64 4
676 65 4
676 66 4
676 67 5
676 68 4
676 69 4
676 70 4
676 71 4
676 72 4
676 73 5
676 74 5
676 75 3
676 76 2
676 77 3
676 78 4
676 79 4
676 80 5
676 81 4
676 82 4
676 83 5
676 84 5
676 85 3
676 86 4
676 87 3
676 88 3
676 89 5
676 90 3
676 91 4
676 92 4
676 93 4
676 94 2
676 95 5
676 96 1
676 97 1
676 98 1
676 99 3
676 100 4
676 101 4
676 102 4
676 103 4
676 104 4
676 105 4
676 106 4
676 107 3
676 108 1
676 109 1
676 110 3
676 111 4
676 112 4
676 113 3
676 114 3
676 115 4
676 116 4
676 117 3
676 118 5
676 119 1
676 120 1
676 121 4
701 1 5
701 2 4
701 3 4
701 4 4
701 5 4
701 6 4
701 7 4
701 8 4
701 9 2
701 10 3
701 11 4
701 12 4
701 13 4
701 14 3
701 15 3
701 16 3
701 17 3
701 18 3
701 19 3
701 20 5
701 21 4
701 22 4
701 23 5
701 24 4
701 25 3
701 26 3
701 27 3
701 28 3
701 29 3
701 30 5
701 31 4
701 32 4
701 33 4
701 34 4
701 35 5
701 36 3
701 37 4
701 38 3
701 39 3
701 40 3
701 41 4
701 42 3
701 43 4
701 44 5
701 45 5
701 46 4
701 47 4
701 48 3
701 49 4
701 50 4
701 51 3
701 52 5
701 53 5
701 54 3
701 55 5
701 56 4
701 57 4
701 58 4
701 59 3
701 60 4
701 61 3
701 62 4
701 63 3
701 64 4
701 65 4
701 66 4
701 67 4
701 68 4
701 69 4
701 70 3
701 71 4
701 72 4
701 73 4
701 74 3
701 75 3
701 76 3
701 77 2
701 78 5
701 79 5
701 80 4
701 81 4
701 82 4
701 83 3
701 84 4
701 85 2
701 86 2
701 87 3
701 88 3
701 89 4
701 90 5
701 91 4
701 92 4
701 93 5
701 94 3
701 95 4
701 96 2
701 97 1
701 98 1
701 99 1
701 100 5
701 101 4
701 102 4
701 103 3
701 104 2
701 105 4
701 106 3
701 107 3
701 108 1
701 109 1
701 110 4
701 111 5
701 112 4
701 113 4
701 114 4
701 115 4
701 116 4
701 117 3
701 118 3
701 119 1
701 120 2
701 121 3
726 1 4
726 2 4
726 3 5
726 4 4
726 5 4
726 6 4
726 7 4
726 8 4
726 9 2
726 10 2
726 11 5
726 12 4
726 13 4
726 14 4
726 15 4
726 16 4
726 17 5
726 18 4
726 19 3
726 20 4
726 21 4
726 22 4
726 23 5
726 24 5
726 25 3
726 26 4
726 27 4
726 28 3
726 29 3
726 30 4
726 31 2
726 32 3
726 33 4
726 34 5
726 35 3
726 36 5
726 37 4
726 38 4
726 39 4
726 40 4
726 41 2
726 42 4
726 43 5
726 44 5
726 45 4
726 46 5
726 47 5
726 48 3
726 49 4
726 50 4
726 51 4
726 52 3
726 53 4
726 54 4
726 55 4
726 56 5
726 57 4
726 58 4
726 59 4
726 60 4
726 61 4
726 62 4
726 63 3
726 64 3
726 65 2
726 66 3
726 67 4
726 68 5
726 69 4
726 70 3
726 71 4
726 72 3
726 73 4
726 74 2
726 75 2
726 76 3
726 77 4
726 78 5
726 79 4
726 80 4
726 81 4
726 82 4
726 83 5
726 84 4
726 85 2
726 86 2
726 87 2
726 88 4
726 89 5
726 90 4
726 91 4
726 92 4
726 93 4
726 94 4
726 95 4
726 96 1
726 97 1
726 98 1
726 99 4
726 100 4
726 101 4
726 102 4
726 103 4
726 104 4
726 105 3
726 106 4
726 107 3
726 108 2
726 109 1
726 110 4
726 111 4
726 112 4
726 113 4
726 114 4
726 115 4
726 116 4
726 117 5
726 118 4
726 119 1
726 120 1
726 121 4
751 1 4
751 2 4
751 3 5
751 4 4
751 5 4
751 6 4
751 7 3
751 8 2
751 9 3
751 10 3
751 11 4
751 12 5
751 13 5
751 14 4
751 15 4
751 16 4
751 17 4
751 18 4
751 19 3
751 20 3
751 21 4
751 22 4
751 23 5
751 24 4
751 25 4
751 26 4
751 27 4
751 28 4
751 29 4
751 30 4
751 31 3
751 32 4
751 33 4
751 34 5
751 35 5
751 