1 5111
26 3411
51 3410
76 3263
101 3138
126 3042
151 3005
176 2913
201 2854
226 2945
251 2910
276 2847
301 2799
326 2794
351 2825
376 2798
401 2766
426 2821
451 2760
476 2816
501 2775
526 2837
551 2810
576 2788
601 2772
626 2743
651 2834
676 2835
701 2792
726 2832
751 2783
776 2776
801 2754
826 2747
851 2806
876 2815
901 2800
926 2781
951 2815
976 2798
1001 2820
1026 2872
1051 2835
1076 2774
1101 2806
1126 2745
1151 2831
1176 2805
1201 2770
1226 2766
1251 2742
1276 2795
1301 2809
1326 2848
1351 2776
1376 2796
1401 2797
1426 2826
1451 2786
1476 2759
1501 2751
1526 2813
1551 2863
1576 2822
1601 2874
1626 2765
1651 2800
1676 2801
1701 2805
1726 2769
1751 2732
1776 2780
1801 2741
1826 2795
1851 2842
1876 2713
1901 2802
1926 2893
1951 2826
1976 2859
