1 4208
26 973
51 899
76 933
101 889
126 886
151 913
176 866
201 891
226 894
251 859
276 904
301 863
326 871
351 876
376 884
401 894
426 869
451 882
476 876
501 873
526 864
551 865
576 863
601 858
626 850
651 866
676 860
701 908
726 863
751 858
776 853
801 856
826 872
851 854
876 890
901 865
926 837
951 854
976 834
1001 847
1026 856
1051 843
1076 846
1101 857
1126 851
1151 822
1176 845
1201 835
1226 845
1251 826
1276 842
1301 843
1326 859
1351 820
1376 835
1401 837
1426 858
1451 854
1476 837
1501 843
1526 878
1551 840
1576 855
1601 826
1626 839
1651 835
1676 840
1701 851
1726 853
1751 860
1776 853
1801 835
1826 851
1851 851
1876 839
1901 836
1926 855
1951 847
1976 830
