1 1 57
1 2 63
1 3 59
1 4 54
1 5 65
1 6 60
1 7 61
1 8 64
1 9 65
1 10 58
1 11 55
1 12 59
1 13 59
1 14 60
1 15 60
1 16 57
1 17 54
1 18 65
1 19 63
1 20 60
1 21 62
1 22 62
1 23 59
1 24 65
1 25 57
1 26 61
1 27 52
1 28 63
1 29 58
1 30 57
1 31 52
1 32 62
1 33 57
1 34 59
1 35 55
1 36 59
1 37 57
1 38 61
1 39 64
1 40 57
1 41 64
1 42 58
1 43 61
1 44 61
1 45 63
1 46 58
1 47 58
1 48 59
1 49 57
1 50 58
1 51 57
1 52 61
1 53 58
1 54 58
1 55 63
1 56 59
1 57 60
1 58 55
1 59 61
1 60 55
1 61 58
1 62 57
1 63 61
1 64 53
1 65 55
1 66 56
1 67 65
1 68 61
1 69 59
1 70 57
1 71 58
1 72 63
1 73 57
1 74 58
1 75 67
1 76 57
1 77 57
1 78 63
1 79 59
1 80 63
1 81 62
1 82 59
1 83 56
1 84 61
1 85 63
1 86 61
1 87 56
1 88 63
1 89 57
1 90 57
1 91 59
1 92 61
1 93 55
1 94 54
1 95 62
1 96 57
1 97 56
1 98 59
1 99 66
1 100 60
1 101 60
1 102 62
1 103 59
1 104 60
1 105 63
1 106 61
1 107 57
1 108 57
1 109 60
1 110 60
1 111 62
1 112 60
1 113 55
1 114 59
1 115 65
1 116 59
1 117 56
1 118 58
1 119 58
1 120 60
1 121 59
26 1 7
26 2 7
26 3 6
26 4 8
26 5 6
26 6 6
26 7 9
26 8 5
26 9 9
26 10 6
26 11 6
26 12 7
26 13 7
26 14 7
26 15 4
26 16 6
26 17 9
26 18 8
26 19 10
26 20 6
26 21 5
26 22 8
26 23 6
26 24 7
26 25 7
26 26 4
26 27 6
26 28 7
26 29 5
26 30 5
26 31 5
26 32 10
26 33 5
26 34 8
26 35 6
26 36 3
26 37 6
26 38 5
26 39 8
26 40 7
26 41 7
26 42 8
26 43 5
26 44 8
26 45 5
26 46 6
26 47 6
26 48 9
26 49 4
26 50 4
26 51 8
26 52 6
26 53 9
26 54 5
26 55 8
26 56 8
26 57 5
26 58 5
26 59 6
26 60 9
26 61 7
26 62 9
26 63 12
26 64 5
26 65 9
26 66 6
26 67 4
26 68 8
26 69 9
26 70 8
26 71 5
26 72 7
26 73 4
26 74 7
26 75 4
26 76 5
26 77 9
26 78 8
26 79 7
26 80 4
26 81 5
26 82 6
26 83 7
26 84 5
26 85 7
26 86 5
26 87 5
26 88 4
26 89 4
26 90 7
26 91 8
26 92 7
26 93 7
26 94 9
26 95 8
26 96 5
26 97 5
26 98 6
26 99 7
26 100 7
26 101 5
26 102 4
26 103 6
26 104 6
26 105 5
26 106 6
26 107 5
26 108 5
26 109 4
26 110 4
26 111 7
26 112 5
26 113 6
26 114 8
26 115 7
26 116 5
26 117 6
26 118 7
26 119 4
26 120 9
26 121 5
51 1 2
51 2 3
51 3 3
51 4 3
51 5 2
51 6 1
51 7 3
51 8 4
51 9 3
51 10 3
51 11 3
51 12 4
51 13 4
51 14 2
51 15 2
51 16 3
51 17 3
51 18 4
51 19 1
51 20 3
51 21 5
51 22 4
51 23 2
51 24 3
51 25 3
51 26 3
51 27 2
51 28 1
51 29 2
51 30 2
51 31 3
51 32 5
51 33 3
51 34 4
51 35 1
51 36 1
51 37 3
51 38 2
51 39 5
51 40 2
51 41 3
51 42 3
51 43 1
51 44 2
51 45 1
51 46 1
51 47 3
51 48 3
51 49 4
51 50 3
51 51 2
51 52 2
51 53 2
51 54 2
51 55 3
51 56 4
51 57 4
51 58 2
51 59 4
51 60 3
51 61 4
51 62 2
51 63 3
51 64 1
51 65 4
51 66 5
51 67 2
51 68 2
51 69 4
51 70 3
51 71 1
51 72 3
51 73 4
51 74 2
51 75 1
51 76 2
51 77 4
51 78 2
51 79 4
51 80 2
51 81 3
51 82 2
51 83 4
51 84 3
51 85 3
51 86 1
51 87 2
51 88 3
51 89 3
51 90 3
51 91 3
51 92 4
51 93 3
51 94 4
51 95 2
51 96 3
51 97 2
51 98 4
51 99 3
51 100 5
51 101 2
51 102 2
51 103 2
51 104 2
51 105 1
51 106 4
51 107 3
51 108 3
51 109 3
51 110 1
51 111 3
51 112 3
51 113 1
51 114 2
51 115 3
51 116 2
51 117 3
51 118 2
51 119 2
51 120 5
51 121 2
76 1 2
76 2 2
76 3 3
76 4 2
76 5 1
76 6 1
76 7 2
76 8 3
76 9 2
76 10 2
76 11 2
76 12 3
76 13 2
76 14 2
76 15 1
76 16 3
76 17 2
76 18 4
76 19 1
76 20 1
76 21 2
76 22 2
76 23 2
76 24 2
76 25 2
76 26 2
76 27 1
76 28 1
76 29 2
76 30 1
76 31 2
76 32 4
76 33 2
76 34 2
76 35 1
76 36 1
76 37 3
76 38 2
76 39 1
76 40 2
76 41 2
76 42 2
76 43 1
76 44 2
76 45 1
76 46 1
76 47 3
76 48 2
76 49 3
76 50 2
76 51 1
76 52 2
76 53 2
76 54 2
76 55 2
76 56 2
76 57 3
76 58 2
76 59 2
76 60 2
76 61 2
76 62 1
76 63 3
76 64 1
76 65 3
76 66 5
76 67 2
76 68 2
76 69 2
76 70 2
76 71 1
76 72 3
76 73 3
76 74 2
76 75 1
76 76 1
76 77 4
76 78 2
76 79 3
76 80 1
76 81 3
76 82 1
76 83 2
76 84 2
76 85 2
76 86 1
76 87 2
76 88 3
76 89 2
76 90 2
76 91 2
76 92 2
76 93 3
76 94 4
76 95 2
76 96 2
76 97 2
76 98 4
76 99 3
76 100 4
76 101 2
76 102 1
76 103 1
76 104 2
76 105 1
76 106 2
76 107 3
76 108 2
76 109 2
76 110 1
76 111 2
76 112 3
76 113 1
76 114 1
76 115 2
76 116 2
76 117 2
76 118 2
76 119 2
76 120 3
76 121 2
101 1 2
101 2 2
101 3 2
101 4 2
101 5 1
101 6 1
101 7 2
101 8 2
101 9 2
101 10 1
101 11 2
101 12 2
101 13 1
101 14 2
101 15 1
101 16 3
101 17 1
101 18 3
101 19 1
101 20 1
101 21 2
101 22 2
101 23 2
101 24 2
101 25 1
101 26 2
101 27 1
101 28 1
101 29 2
101 30 1
101 31 2
101 32 3
101 33 1
101 34 2
101 35 1
101 36 1
101 37 2
101 38 2
101 39 1
101 40 2
101 41 1
101 42 1
101 43 1
101 44 2
101 45 1
101 46 1
101 47 2
101 48 2
101 49 3
101 50 2
101 51 1
101 52 1
101 53 2
101 54 1
101 55 2
101 56 2
101 57 2
101 58 2
101 59 2
101 60 2
101 61 1
101 62 1
101 63 1
101 64 1
101 65 2
101 66 3
101 67 2
101 68 2
101 69 2
101 70 2
101 71 1
101 72 2
101 73 2
101 74 2
101 75 1
101 76 1
101 77 4
101 78 2
101 79 3
101 80 1
101 81 2
101 82 1
101 83 2
101 84 2
101 85 2
101 86 1
101 87 2
101 88 3
101 89 1
101 90 2
101 91 2
101 92 2
101 93 3
101 94 1
101 95 1
101 96 1
101 97 2
101 98 3
101 99 2
101 100 3
101 101 2
101 102 1
101 103 1
101 104 1
101 105 1
101 106 1
101 107 2
101 108 1
101 109 2
101 110 1
101 111 2
101 112 2
101 113 1
101 114 1
101 115 2
101 116 2
101 117 2
101 118 2
101 119 2
101 120 3
101 121 1
126 1 2
126 2 1
126 3 2
126 4 2
126 5 1
126 6 1
126 7 2
126 8 1
126 9 2
126 10 1
126 11 2
126 12 2
126 13 1
126 14 2
126 15 1
126 16 2
126 17 1
126 18 2
126 19 1
126 20 1
126 21 1
126 22 2
126 23 2
126 24 2
126 25 1
126 26 2
126 27 1
126 28 1
126 29 2
126 30 1
126 31 1
126 32 3
126 33 1
126 34 2
126 35 1
126 36 1
126 37 2
126 38 2
126 39 1
126 40 1
126 41 1
126 42 1
126 43 1
126 44 2
126 45 1
126 46 1
126 47 2
126 48 2
126 49 2
126 50 1
126 51 1
126 52 1
126 53 1
126 54 1
126 55 2
126 56 2
126 57 2
126 58 2
126 59 2
126 60 2
126 61 1
126 62 1
126 63 1
126 64 1
126 65 2
126 66 2
126 67 1
126 68 1
126 69 2
126 70 2
126 71 1
126 72 1
126 73 2
126 74 2
126 75 1
126 76 1
126 77 3
126 78 2
126 79 2
126 80 1
126 81 2
126 82 1
126 83 2
126 84 2
126 85 2
126 86 1
126 87 1
126 88 2
126 89 1
126 90 2
126 91 2
126 92 2
126 93 3
126 94 1
126 95 1
126 96 1
126 97 2
126 98 3
126 99 2
126 100 3
126 101 2
126 102 1
126 103 1
126 104 1
126 105 1
126 106 1
126 107 1
126 108 1
126 109 2
126 110 1
126 111 2
126 112 2
126 113 1
126 114 1
126 115 2
126 116 2
126 117 2
126 118 2
126 119 2
126 120 3
126 121 1
151 1 2
151 2 1
151 3 2
151 4 2
151 5 1
151 6 1
151 7 2
151 8 1
151 9 2
151 10 1
151 11 2
151 12 2
151 13 1
151 14 2
151 15 1
151 16 2
151 17 1
151 18 1
151 19 1
151 20 1
151 21 1
151 22 2
151 23 2
151 24 2
151 25 1
151 26 2
151 27 1
151 28 1
151 29 2
151 30 1
151 31 1
151 32 2
151 33 1
151 34 2
151 35 1
151 36 1
151 37 2
151 38 2
151 39 1
151 40 1
151 41 1
151 42 1
151 43 1
151 44 2
151 45 1
151 46 1
151 47 2
151 48 2
151 49 1
151 50 1
151 51 1
151 52 1
151 53 1
151 54 1
151 55 2
151 56 1
151 57 1
151 58 2
151 59 2
151 60 2
151 61 1
151 62 1
151 63 1
151 64 1
151 65 2
151 66 2
151 67 1
151 68 1
151 69 2
151 70 2
151 71 1
151 72 1
151 73 2
151 74 2
151 75 1
151 76 1
151 77 2
151 78 2
151 79 2
151 80 1
151 81 2
151 82 1
151 83 2
151 84 1
151 85 2
151 86 1
151 87 1
151 88 2
151 89 1
151 90 2
151 91 2
151 92 2
151 93 2
151 94 1
151 95 1
151 96 1
151 97 2
151 98 1
151 99 2
151 100 3
151 101 2
151 102 1
151 103 1
151 104 1
151 105 1
151 106 1
151 107 1
151 108 1
151 109 2
151 110 1
151 111 1
151 112 2
151 113 1
151 114 1
151 115 2
151 116 2
151 117 2
151 118 2
151 119 2
151 120 2
151 121 1
176 1 2
176 2 1
176 3 2
176 4 2
176 5 1
176 6 1
176 7 2
176 8 1
176 9 2
176 10 1
176 11 2
176 12 2
176 13 1
176 14 2
176 15 1
176 16 2
176 17 1
176 18 1
176 19 1
176 20 1
176 21 1
176 22 2
176 23 2
176 24 2
176 25 1
176 26 2
176 27 1
176 28 1
176 29 2
176 30 1
176 31 1
176 32 1
176 33 1
176 34 2
176 35 1
176 36 1
176 37 2
176 38 2
176 39 1
176 40 1
176 41 1
176 42 1
176 43 1
176 44 2
176 45 1
176 46 1
176 47 2
176 48 1
176 49 1
176 50 1
176 51 1
176 52 1
176 53 1
176 54 1
176 55 2
176 56 1
176 57 1
176 58 2
176 59 2
176 60 2
176 61 1
176 62 1
176 63 1
176 64 1
176 65 2
176 66 1
176 67 1
176 68 1
176 69 2
176 70 2
176 71 1
176 72 1
176 73 2
176 74 2
176 75 1
176 76 1
176 77 2
176 78 2
176 79 2
176 80 1
176 81 2
176 82 1
176 83 1
176 84 1
176 85 2
176 86 1
176 87 1
176 88 2
176 89 1
176 90 2
176 91 2
176 92 2
176 93 2
176 94 1
176 95 1
176 96 1
176 97 2
176 98 1
176 99 2
176 100 2
176 101 2
176 102 1
176 103 1
176 104 1
176 105 1
176 106 1
176 107 1
176 108 1
176 109 2
176 110 1
176 111 1
176 112 2
176 113 1
176 114 1
176 115 2
176 116 2
176 117 2
176 118 2
176 119 2
176 120 2
176 121 1
201 1 2
201 2 1
201 3 1
201 4 2
201 5 1
201 6 1
201 7 2
201 8 1
201 9 1
201 10 1
201 11 2
201 12 2
201 13 1
201 14 2
201 15 1
201 16 2
201 17 1
201 18 1
201 19 1
201 20 1
201 21 1
201 22 2
201 23 2
201 24 2
201 25 1
201 26 2
201 27 1
201 28 1
201 29 2
201 30 1
201 31 1
201 32 1
201 33 1
201 34 2
201 35 1
201 36 1
201 37 2
201 38 2
201 39 1
201 40 1
201 41 1
201 42 1
201 43 1
201 44 2
201 45 1
201 46 1
201 47 2
201 48 1
201 49 1
201 50 1
201 51 1
201 52 1
201 53 1
201 54 1
201 55 1
201 56 1
201 57 1
201 58 2
201 59 2
201 60 2
201 61 1
201 62 1
201 63 1
201 64 1
201 65 2
201 66 1
201 67 1
201 68 1
201 69 2
201 70 2
201 71 1
201 72 1
201 73 2
201 74 2
201 75 1
201 76 1
201 77 1
201 78 2
201 79 2
201 80 1
201 81 1
201 82 1
201 83 1
201 84 1
201 85 2
201 86 1
201 87 1
201 88 2
201 89 1
201 90 2
201 91 1
201 92 2
201 93 1
201 94 1
201 95 1
201 96 1
201 97 2
201 98 1
201 99 2
201 100 2
201 101 2
201 102 1
201 103 1
201 104 1
201 105 1
201 106 1
201 107 1
201 108 1
201 109 2
201 110 1
201 111 1
201 112 2
201 113 1
201 114 1
201 115 2
201 116 1
201 117 2
201 118 2
201 119 2
201 120 2
201 121 1
226 1 1
226 2 1
226 3 1
226 4 2
226 5 1
226 6 1
226 7 2
226 8 1
226 9 1
226 10 1
226 11 2
226 12 1
226 13 1
226 14 2
226 15 1
226 16 2
226 17 1
226 18 1
226 19 1
226 20 1
226 21 1
226 22 2
226 23 2
226 24 2
226 25 1
226 26 1
226 27 1
226 28 1
226 29 2
226 30 1
226 31 1
226 32 1
226 33 1
226 34 2
226 35 1
226 36 1
226 37 2
226 38 2
226 39 1
226 40 1
226 41 1
226 42 1
226 43 1
226 44 2
226 45 1
226 46 1
226 47 2
226 48 1
226 49 1
226 50 1
226 51 1
226 52 1
226 53 1
226 54 1
226 55 1
226 56 1
226 57 1
226 58 2
226 59 2
226 60 2
226 61 1
226 62 1
226 63 1
226 64 1
226 65 2
226 66 1
226 67 1
226 68 1
226 69 2
226 70 2
226 71 1
226 72 1
226 73 2
226 74 2
226 75 1
226 76 1
226 77 1
226 78 2
226 79 2
226 80 1
226 81 1
226 82 1
226 83 1
226 84 1
226 85 2
226 86 1
226 87 1
226 88 2
226 89 1
226 90 2
226 91 1
226 92 2
226 93 1
226 94 1
226 95 1
226 96 1
226 97 2
226 98 1
226 99 2
226 100 2
226 101 2
226 102 1
226 103 1
226 104 1
226 105 1
226 106 1
226 107 1
226 108 1
226 109 2
226 110 1
226 111 1
226 112 2
226 113 1
226 114 1
226 115 2
226 116 1
226 117 2
226 118 2
226 119 2
226 120 1
226 121 1
251 1 1
251 2 1
251 3 1
251 4 2
251 5 1
251 6 1
251 7 2
251 8 1
251 9 1
251 10 1
251 11 2
251 12 1
251 13 1
251 14 2
251 15 1
251 16 2
251 17 1
251 18 1
251 19 1
251 20 1
251 21 1
251 22 2
251 23 2
251 24 2
251 25 1
251 26 1
251 27 1
251 28 1
251 29 1
251 30 1
251 31 1
251 32 1
251 33 1
251 34 2
251 35 1
251 36 1
251 37 2
251 38 2
251 39 1
251 40 1
251 41 1
251 42 1
251 43 1
251 44 2
251 45 1
251 46 1
251 47 2
251 48 1
251 49 1
251 50 1
251 51 1
251 52 1
251 53 1
251 54 1
251 55 1
251 56 1
251 57 1
251 58 2
251 59 2
251 60 2
251 61 1
251 62 1
251 63 1
251 64 1
251 65 2
251 66 1
251 67 1
251 68 1
251 69 1
251 70 2
251 71 1
251 72 1
251 73 2
251 74 2
251 75 1
251 76 1
251 77 1
251 78 2
251 79 2
251 80 1
251 81 1
251 82 1
251 83 1
251 84 1
251 85 2
251 86 1
251 87 1
251 88 2
251 89 1
251 90 2
251 91 1
251 92 2
251 93 1
251 94 1
251 95 1
251 96 1
251 97 1
251 98 1
251 99 2
251 100 2
251 101 2
251 102 1
251 103 1
251 104 1
251 105 1
251 106 1
251 107 1
251 108 1
251 109 2
251 110 1
251 111 1
251 112 2
251 113 1
251 114 1
251 115 2
251 116 1
251 117 1
251 118 2
251 119 2
251 120 1
251 121 1
276 1 1
276 2 1
276 3 1
276 4 2
276 5 1
276 6 1
276 7 2
276 8 1
276 9 1
276 10 1
276 11 2
276 12 1
276 13 1
276 14 2
276 15 1
276 16 2
276 17 1
276 18 1
276 19 1
276 20 1
276 21 1
276 22 2
276 23 2
276 24 1
276 25 1
276 26 1
276 27 1
276 28 1
276 29 1
276 30 1
276 31 1
276 32 1
276 33 1
276 34 2
276 35 1
276 36 1
276 37 2
276 38 1
276 39 1
276 40 1
276 41 1
276 42 1
276 43 1
276 44 2
276 45 1
276 46 1
276 47 2
276 48 1
276 49 1
276 50 1
276 51 1
276 52 1
276 53 1
276 54 1
276 55 1
276 56 1
276 57 1
276 58 2
276 59 2
276 60 2
276 61 1
276 62 1
276 63 1
276 64 1
276 65 2
276 66 1
276 67 1
276 68 1
276 69 1
276 70 2
276 71 1
276 72 1
276 73 2
276 74 2
276 75 1
276 76 1
276 77 1
276 78 2
276 79 2
276 80 1
276 81 1
276 82 1
276 83 1
276 84 1
276 85 2
276 86 1
276 87 1
276 88 2
276 89 1
276 90 2
276 91 1
276 92 2
276 93 1
276 94 1
276 95 1
276 96 1
276 97 1
276 98 1
276 99 2
276 100 2
276 101 2
276 102 1
276 103 1
276 104 1
276 105 1
276 106 1
276 107 1
276 108 1
276 109 2
276 110 1
276 111 1
276 112 2
276 113 1
276 114 1
276 115 2
276 116 1
276 117 1
276 118 2
276 119 2
276 120 1
276 121 1
301 1 1
301 2 1
301 3 1
301 4 2
301 5 1
301 6 1
301 7 2
301 8 1
301 9 1
301 10 1
301 11 2
301 12 1
301 13 1
301 14 2
301 15 1
301 16 2
301 17 1
301 18 1
301 19 1
301 20 1
301 21 1
301 22 2
301 23 2
301 24 1
301 25 1
301 26 1
301 27 1
301 28 1
301 29 1
301 30 1
301 31 1
301 32 1
301 33 1
301 34 2
301 35 1
301 36 1
301 37 2
301 38 1
301 39 1
301 40 1
301 41 1
301 42 1
301 43 1
301 44 2
301 45 1
301 46 1
301 47 2
301 48 1
301 49 1
301 50 1
301 51 1
301 52 1
301 53 1
301 54 1
301 55 1
301 56 1
301 57 1
301 58 2
301 59 2
301 60 2
301 61 1
301 62 1
301 63 1
301 64 1
301 65 2
301 66 1
301 67 1
301 68 1
301 69 1
301 70 2
301 71 1
301 72 1
301 73 2
301 74 2
301 75 1
301 76 1
301 77 1
301 78 2
301 79 2
301 80 1
301 81 1
301 82 1
301 83 1
301 84 1
301 85 2
301 86 1
301 87 1
301 88 2
301 89 1
301 90 2
301 91 1
301 92 2
301 93 1
301 94 1
301 95 1
301 96 1
301 97 1
301 98 1
301 99 1
301 100 2
301 101 2
301 102 1
301 103 1
301 104 1
301 105 1
301 106 1
301 107 1
301 108 1
301 109 2
301 110 1
301 111 1
301 112 2
301 113 1
301 114 1
301 115 1
301 116 1
301 117 1
301 118 2
301 119 2
301 120 1
301 121 1
326 1 1
326 2 1
326 3 1
326 4 1
326 5 1
326 6 1
326 7 2
326 8 1
326 9 1
326 10 1
326 11 2
326 12 1
326 13 1
326 14 2
326 15 1
326 16 1
326 17 1
326 18 1
326 19 1
326 20 1
326 21 1
326 22 2
326 23 1
326 24 1
326 25 1
326 26 1
326 27 1
326 28 1
326 29 1
326 30 1
326 31 1
326 32 1
326 33 1
326 34 2
326 35 1
326 36 1
326 37 2
326 38 1
326 39 1
326 40 1
326 41 1
326 42 1
326 43 1
326 44 2
326 45 1
326 46 1
326 47 2
326 48 1
326 49 1
326 50 1
326 51 1
326 52 1
326 53 1
326 54 1
326 55 1
326 56 1
326 57 1
326 58 1
326 59 2
326 60 2
326 61 1
326 62 1
326 63 1
326 64 1
326 65 2
326 66 1
326 67 1
326 68 1
326 69 1
326 70 2
326 71 1
326 72 1
326 73 2
326 74 2
326 75 1
326 76 1
326 77 1
326 78 2
326 79 2
326 80 1
326 81 1
326 82 1
326 83 1
326 84 1
326 85 2
326 86 1
326 87 1
326 88 2
326 89 1
326 90 2
326 91 1
326 92 2
326 93 1
326 94 1
326 95 1
326 96 1
326 97 1
326 98 1
326 99 1
326 100 2
326 101 1
326 102 1
326 103 1
326 104 1
326 105 1
326 106 1
326 107 1
326 108 1
326 109 2
326 110 1
326 111 1
326 112 2
326 113 1
326 114 1
326 115 1
326 116 1
326 117 1
326 118 2
326 119 2
326 120 1
326 121 1
351 1 1
351 2 1
351 3 1
351 4 1
351 5 1
351 6 1
351 7 2
351 8 1
351 9 1
351 10 1
351 11 2
351 12 1
351 13 1
351 14 2
351 15 1
351 16 1
351 17 1
351 18 1
351 19 1
351 20 1
351 21 1
351 22 2
351 23 1
351 24 1
351 25 1
351 26 1
351 27 1
351 28 1
351 29 1
351 30 1
351 31 1
351 32 1
351 33 1
351 34 2
351 35 1
351 36 1
351 37 2
351 38 1
351 39 1
351 40 1
351 41 1
351 42 1
351 43 1
351 44 2
351 45 1
351 46 1
351 47 2
351 48 1
351 49 1
351 50 1
351 51 1
351 52 1
351 53 1
351 54 1
351 55 1
351 56 1
351 57 1
351 58 1
351 59 2
351 60 2
351 61 1
351 62 1
351 63 1
351 64 1
351 65 2
351 66 1
351 67 1
351 68 1
351 69 1
351 70 2
351 71 1
351 72 1
351 73 2
351 74 2
351 75 1
351 76 1
351 77 1
351 78 2
351 79 2
351 80 1
351 81 1
351 82 1
351 83 1
351 84 1
351 85 2
351 86 1
351 87 1
351 88 2
351 89 1
351 90 2
351 91 1
351 92 2
351 93 1
351 94 1
351 95 1
351 96 1
351 97 1
351 98 1
351 99 1
351 100 2
351 101 1
351 102 1
351 103 1
351 104 1
351 105 1
351 106 1
351 107 1
351 108 1
351 109 2
351 110 1
351 111 1
351 112 2
351 113 1
351 114 1
351 115 1
351 116 1
351 117 1
351 118 2
351 119 2
351 120 1
351 121 1
376 1 1
376 2 1
376 3 1
376 4 1
376 5 1
376 6 1
376 7 2
376 8 1
376 9 1
376 10 1
376 11 2
376 12 1
376 13 1
376 14 2
376 15 1
376 16 1
376 17 1
376 18 1
376 19 1
376 20 1
376 21 1
376 22 2
376 23 1
376 24 1
376 25 1
376 26 1
376 27 1
376 28 1
376 29 1
376 30 1
376 31 1
376 32 1
376 33 1
376 34 1
376 35 1
376 36 1
376 37 2
376 38 1
376 39 1
376 40 1
376 41 1
376 42 1
376 43 1
376 44 2
376 45 1
376 46 1
376 47 2
376 48 1
376 49 1
376 50 1
376 51 1
376 52 1
376 53 1
376 54 1
376 55 1
376 56 1
376 57 1
376 58 1
376 59 2
376 60 2
376 61 1
376 62 1
376 63 1
376 64 1
376 65 2
376 66 1
376 67 1
376 68 1
376 69 1
376 70 2
376 71 1
376 72 1
376 73 2
376 74 2
376 75 1
376 76 1
376 77 1
376 78 2
376 79 2
376 80 1
376 81 1
376 82 1
376 83 1
376 84 1
376 85 1
376 86 1
376 87 1
376 88 2
376 89 1
376 90 2
376 91 1
376 92 2
376 93 1
376 94 1
376 95 1
376 96 1
376 97 1
376 98 1
376 99 1
376 100 2
376 101 1
376 102 1
376 103 1
376 104 1
376 105 1
376 106 1
376 107 1
376 108 1
376 109 2
376 110 1
376 111 1
376 112 1
376 113 1
376 114 1
376 115 1
376 116 1
376 117 1
376 118 2
376 119 2
376 120 1
376 121 1
401 1 1
401 2 1
401 3 1
401 4 1
401 5 1
401 6 1
401 7 2
401 8 1
401 9 1
401 10 1
401 11 1
401 12 1
401 13 1
401 14 2
401 15 1
401 16 1
401 17 1
401 18 1
401 19 1
401 20 1
401 21 1
401 22 2
401 23 1
401 24 1
401 25 1
401 26 1
401 27 1
401 28 1
401 29 1
401 30 1
401 31 1
401 32 1
401 33 1
401 34 1
401 35 1
401 36 1
401 37 2
401 38 1
401 39 1
401 40 1
401 41 1
401 42 1
401 43 1
401 44 2
401 45 1
401 46 1
401 47 2
401 48 1
401 49 1
401 50 1
401 51 1
401 52 1
401 53 1
401 54 1
401 55 1
401 56 1
401 57 1
401 58 1
401 59 1
401 60 2
401 61 1
401 62 1
401 63 1
401 64 1
401 65 2
401 66 1
401 67 1
401 68 1
401 69 1
401 70 2
401 71 1
401 72 1
401 73 2
401 74 2
401 75 1
401 76 1
401 77 1
401 78 2
401 79 2
401 80 1
401 81 1
401 82 1
401 83 1
401 84 1
401 85 1
401 86 1
401 87 1
401 88 2
401 89 1
401 90 2
401 91 1
401 92 2
401 93 1
401 94 1
401 95 1
401 96 1
401 97 1
401 98 1
401 99 1
401 100 2
401 101 1
401 102 1
401 103 1
401 104 1
401 105 1
401 106 1
401 107 1
401 108 1
401 109 2
401 110 1
401 111 1
401 112 1
401 113 1
401 114 1
401 115 1
401 116 1
401 117 1
401 118 2
401 119 2
401 120 1
401 121 1
426 1 1
426 2 1
426 3 1
426 4 1
426 5 1
426 6 1
426 7 2
426 8 1
426 9 1
426 10 1
426 11 1
426 12 1
426 13 1
426 14 2
426 15 1
426 16 1
426 17 1
426 18 1
426 19 1
426 20 1
426 21 1
426 22 2
426 23 1
426 24 1
426 25 1
426 26 1
426 27 1
426 28 1
426 29 1
426 30 1
426 31 1
426 32 1
426 33 1
426 34 1
426 35 1
426 36 1
426 37 2
426 38 1
426 39 1
426 40 1
426 41 1
426 42 1
426 43 1
426 44 2
426 45 1
426 46 1
426 47 2
426 48 1
426 49 1
426 50 1
426 51 1
426 52 1
426 53 1
426 54 1
426 55 1
426 56 1
426 57 1
426 58 1
426 59 1
426 60 2
426 61 1
426 62 1
426 63 1
426 64 1
426 65 2
426 66 1
426 67 1
426 68 1
426 69 1
426 70 2
426 71 1
426 72 1
426 73 2
426 74 2
426 75 1
426 76 1
426 77 1
426 78 2
426 79 2
426 80 1
426 81 1
426 82 1
426 83 1
426 84 1
426 85 1
426 86 1
426 87 1
426 88 2
426 89 1
426 90 2
426 91 1
426 92 2
426 93 1
426 94 1
426 95 1
426 96 1
426 97 1
426 98 1
426 99 1
426 100 2
426 101 1
426 102 1
426 103 1
426 104 1
426 105 1
426 106 1
426 107 1
426 108 1
426 109 2
426 110 1
426 111 1
426 112 1
426 113 1
426 114 1
426 115 1
426 116 1
426 117 1
426 118 2
426 119 2
426 120 1
426 121 1
451 1 1
451 2 1
451 3 1
451 4 1
451 5 1
451 6 1
451 7 2
451 8 1
451 9 1
451 10 1
451 11 1
451 12 1
451 13 1
451 14 2
451 15 1
451 16 1
451 17 1
451 18 1
451 19 1
451 20 1
451 21 1
451 22 2
451 23 1
451 24 1
451 25 1
451 26 1
451 27 1
451 28 1
451 29 1
451 30 1
451 31 1
451 32 1
451 33 1
451 34 1
451 35 1
451 36 1
451 37 2
451 38 1
451 39 1
451 40 1
451 41 1
451 42 1
451 43 1
451 44 2
451 45 1
451 46 1
451 47 2
451 48 1
451 49 1
451 50 1
451 51 1
451 52 1
451 53 1
451 54 1
451 55 1
451 56 1
451 57 1
451 58 1
451 59 1
451 60 2
451 61 1
451 62 1
451 63 1
451 64 1
451 65 2
451 66 1
451 67 1
451 68 1
451 69 1
451 70 2
451 71 1
451 72 1
451 73 2
451 74 2
451 75 1
451 76 1
451 77 1
451 78 2
451 79 2
451 80 1
451 81 1
451 82 1
451 83 1
451 84 1
451 85 1
451 86 1
451 87 1
451 88 2
451 89 1
451 90 2
451 91 1
451 92 2
451 93 1
451 94 1
451 95 1
451 96 1
451 97 1
451 98 1
451 99 1
451 100 2
451 101 1
451 102 1
451 103 1
451 104 1
451 105 1
451 106 1
451 107 1
451 108 1
451 109 2
451 110 1
451 111 1
451 112 1
451 113 1
451 114 1
451 115 1
451 116 1
451 117 1
451 118 2
451 119 2
451 120 1
451 121 1
476 1 1
476 2 1
476 3 1
476 4 1
476 5 1
476 6 1
476 7 2
476 8 1
476 9 1
476 10 1
476 11 1
476 12 1
476 13 1
476 14 2
476 15 1
476 16 1
476 17 1
476 18 1
476 19 1
476 20 1
476 21 1
476 22 2
476 23 1
476 24 1
476 25 1
476 26 1
476 27 1
476 28 1
476 29 1
476 30 1
476 31 1
476 32 1
476 33 1
476 34 1
476 35 1
476 36 1
476 37 2
476 38 1
476 39 1
476 40 1
476 41 1
476 42 1
476 43 1
476 44 2
476 45 1
476 46 1
476 47 2
476 48 1
476 49 1
476 50 1
476 51 1
476 52 1
476 53 1
476 54 1
476 55 1
476 56 1
476 57 1
476 58 1
476 59 1
476 60 2
476 61 1
476 62 1
476 63 1
476 64 1
476 65 2
476 66 1
476 67 1
476 68 1
476 69 1
476 70 2
476 71 1
476 72 1
476 73 2
476 74 2
476 75 1
476 76 1
476 77 1
476 78 2
476 79 2
476 80 1
476 81 1
476 82 1
476 83 1
476 84 1
476 85 1
476 86 1
476 87 1
476 88 2
476 89 1
476 90 2
476 91 1
476 92 2
476 93 1
476 94 1
476 95 1
476 96 1
476 97 1
476 98 1
476 99 1
476 100 2
476 101 1
476 102 1
476 103 1
476 104 1
476 105 1
476 106 1
476 107 1
476 108 1
476 109 2
476 110 1
476 111 1
476 112 1
476 113 1
476 114 1
476 115 1
476 116 1
476 117 1
476 118 2
476 119 2
476 120 1
476 121 1
