1 1 116
1 2 148
1 3 122
1 4 119
1 5 96
1 6 114
1 7 100
1 8 127
1 9 118
1 10 119
1 11 122
1 12 106
1 13 148
1 14 117
1 15 137
1 16 94
1 17 135
1 18 118
1 19 117
1 20 106
1 21 115
1 22 123
1 23 97
1 24 113
1 25 118
1 26 92
1 27 122
1 28 127
1 29 125
1 30 112
1 31 120
1 32 126
1 33 109
1 34 125
1 35 124
1 36 133
1 37 119
1 38 105
1 39 108
1 40 138
1 41 122
1 42 135
1 43 105
1 44 109
1 45 106
1 46 113
1 47 138
1 48 111
1 49 118
1 50 114
1 51 125
1 52 128
1 53 123
1 54 120
1 55 121
1 56 119
1 57 112
1 58 114
1 59 117
1 60 123
1 61 100
1 62 116
1 63 112
1 64 117
1 65 120
1 66 118
1 67 126
1 68 119
1 69 118
1 70 137
1 71 128
1 72 117
1 73 126
1 74 130
1 75 113
1 76 124
1 77 131
1 78 122
1 79 98
1 80 112
1 81 124
1 82 94
1 83 117
1 84 108
1 85 121
1 86 100
1 87 103
1 88 115
1 89 113
1 90 109
1 91 118
1 92 127
1 93 142
1 94 120
1 95 126
26 1 15
26 2 12
26 3 24
26 4 4
26 5 6
26 6 78
26 7 5
26 8 3
26 9 180
26 10 5
26 11 12
26 12 37
26 13 332
26 14 34
26 15 93
26 16 16
26 17 62
26 18 218
26 19 62
26 20 273
26 21 1
26 22 12
26 23 14
26 24 4
26 25 30
26 26 15
26 27 4
26 28 3
26 29 7
26 30 15
26 31 12
26 32 21
26 33 2
26 34 32
26 35 26
26 36 5
26 37 3
26 38 4
26 39 4
26 40 21
26 41 169
26 42 14
26 43 0
26 44 114
26 45 6
26 46 12
26 47 17
26 48 43
26 49 202
26 50 7
26 51 10
26 52 4
26 53 166
26 54 4
26 55 12
26 56 20
26 57 11
26 58 3
26 59 60
26 60 121
26 61 39
26 62 343
26 63 163
26 64 2
26 65 3
26 66 21
26 67 12
26 68 26
26 69 24
26 70 95
26 71 71
26 72 23
26 73 24
26 74 6
26 75 107
26 76 0
26 77 5
26 78 8
26 79 7
26 80 38
26 81 159
26 82 24
26 83 139
26 84 5
26 85 5
26 86 17
26 87 17
26 88 31
26 89 13
26 90 42
26 91 89
26 92 290
26 93 10
26 94 21
26 95 132
51 1 10
51 2 0
51 3 0
51 4 0
51 5 0
51 6 100
51 7 29
51 8 0
51 9 174
51 10 0
51 11 0
51 12 3
51 13 422
51 14 8
51 15 87
51 16 6
51 17 50
51 18 342
51 19 1
51 20 279
51 21 0
51 22 0
51 23 15
51 24 0
51 25 8
51 26 0
51 27 0
51 28 0
51 29 10
51 30 9
51 31 2
51 32 9
51 33 0
51 34 37
51 35 5
51 36 0
51 37 0
51 38 0
51 39 0
51 40 1
51 41 169
51 42 0
51 43 0
51 44 83
51 45 0
51 46 0
51 47 0
51 48 24
51 49 207
51 50 0
51 51 5
51 52 1
51 53 238
51 54 0
51 55 6
51 56 1
51 57 0
51 58 0
51 59 35
51 60 164
51 61 31
51 62 405
51 63 211
51 64 0
51 65 0
51 66 8
51 67 0
51 68 18
51 69 8
51 70 136
51 71 114
51 72 18
51 73 11
51 74 0
51 75 131
51 76 0
51 77 0
51 78 0
51 79 0
51 80 5
51 81 214
51 82 49
51 83 175
51 84 0
51 85 0
51 86 16
51 87 13
51 88 4
51 89 2
51 90 41
51 91 118
51 92 381
51 93 1
51 94 22
51 95 172
76 1 1
76 2 0
76 3 0
76 4 0
76 5 0
76 6 95
76 7 30
76 8 0
76 9 158
76 10 0
76 11 0
76 12 0
76 13 468
76 14 14
76 15 87
76 16 17
76 17 24
76 18 358
76 19 0
76 20 296
76 21 0
76 22 0
76 23 4
76 24 0
76 25 0
76 26 0
76 27 0
76 28 0
76 29 0
76 30 6
76 31 2
76 32 11
76 33 0
76 34 24
76 35 0
76 36 0
76 37 0
76 38 0
76 39 0
76 40 0
76 41 150
76 42 0
76 43 0
76 44 60
76 45 0
76 46 0
76 47 0
76 48 12
76 49 183
76 50 0
76 51 0
76 52 0
76 53 300
76 54 0
76 55 0
76 56 0
76 57 0
76 58 0
76 59 27
76 60 183
76 61 25
76 62 411
76 63 248
76 64 0
76 65 0
76 66 0
76 67 0
76 68 11
76 69 7
76 70 193
76 71 111
76 72 6
76 73 3
76 74 0
76 75 115
76 76 0
76 77 0
76 78 0
76 79 0
76 80 0
76 81 189
76 82 51
76 83 149
76 84 0
76 85 0
76 86 20
76 87 2
76 88 2
76 89 1
76 90 45
76 91 105
76 92 410
76 93 0
76 94 28
76 95 198
101 1 0
101 2 0
101 3 0
101 4 0
101 5 0
101 6 82
101 7 27
101 8 0
101 9 141
101 10 0
101 11 0
101 12 0
101 13 495
101 14 8
101 15 81
101 16 23
101 17 33
101 18 337
101 19 0
101 20 323
101 21 0
101 22 0
101 23 0
101 24 0
101 25 0
101 26 0
101 27 0
101 28 0
101 29 0
101 30 12
101 31 0
101 32 11
101 33 0
101 34 13
101 35 0
101 36 0
101 37 0
101 38 0
101 39 0
101 40 0
101 41 157
101 42 0
101 43 0
101 44 47
101 45 0
101 46 0
101 47 0
101 48 15
101 49 170
101 50 0
101 51 0
101 52 0
101 53 361
101 54 0
101 55 0
101 56 0
101 57 0
101 58 0
101 59 30
101 60 194
101 61 32
101 62 371
101 63 231
101 64 0
101 65 0
101 66 0
101 67 0
101 68 4
101 69 4
101 70 223
101 71 104
101 72 3
101 73 0
101 74 0
101 75 125
101 76 0
101 77 0
101 78 0
101 79 0
101 80 0
101 81 182
101 82 58
101 83 126
101 84 0
101 85 0
101 86 12
101 87 3
101 88 0
101 89 0
101 90 46
101 91 110
101 92 383
101 93 0
101 94 24
101 95 205
126 1 0
126 2 0
126 3 0
126 4 0
126 5 0
126 6 61
126 7 34
126 8 0
126 9 157
126 10 0
126 11 0
126 12 0
126 13 455
126 14 2
126 15 94
126 16 24
126 17 7
126 18 331
126 19 0
126 20 330
126 21 0
126 22 0
126 23 0
126 24 0
126 25 0
126 26 0
126 27 0
126 28 0
126 29 0
126 30 0
126 31 0
126 32 10
126 33 0
126 34 4
126 35 0
126 36 0
126 37 0
126 38 0
126 39 0
126 40 0
126 41 166
126 42 0
126 43 0
126 44 52
126 45 0
126 46 0
126 47 0
126 48 31
126 49 183
126 50 0
126 51 0
126 52 0
126 53 354
126 54 0
126 55 0
126 56 0
126 57 0
126 58 0
126 59 28
126 60 203
126 61 31
126 62 361
126 63 246
126 64 0
126 65 0
126 66 0
126 67 0
126 68 0
126 69 4
126 70 227
126 71 95
126 72 0
126 73 0
126 74 0
126 75 113
126 76 0
126 77 0
126 78 0
126 79 0
126 80 0
126 81 184
126 82 55
126 83 131
126 84 0
126 85 0
126 86 15
126 87 0
126 88 0
126 89 0
126 90 43
126 91 112
126 92 397
126 93 0
126 94 26
126 95 201
151 1 0
151 2 0
151 3 0
151 4 0
151 5 0
151 6 80
151 7 37
151 8 0
151 9 103
151 10 0
151 11 0
151 12 0
151 13 458
151 14 0
151 15 103
151 16 19
151 17 16
151 18 314
151 19 0
151 20 322
151 21 0
151 22 0
151 23 0
151 24 0
151 25 0
151 26 0
151 27 0
151 28 0
151 29 0
151 30 0
151 31 0
151 32 17
151 33 0
151 34 13
151 35 0
151 36 0
151 37 0
151 38 0
151 39 0
151 40 0
151 41 155
151 42 0
151 43 0
151 44 52
151 45 0
151 46 0
151 47 0
151 48 27
151 49 176
151 50 0
151 51 0
151 52 0
151 53 424
151 54 0
151 55 0
151 56 0
151 57 0
151 58 0
151 59 31
151 60 222
151 61 39
151 62 350
151 63 228
151 64 0
151 65 0
151 66 0
151 67 0
151 68 0
151 69 0
151 70 218
151 71 88
151 72 0
151 73 0
151 74 0
151 75 129
151 76 0
151 77 0
151 78 0
151 79 0
151 80 0
151 81 180
151 82 70
151 83 149
151 84 0
151 85 0
151 86 9
151 87 0
151 88 0
151 89 0
151 90 46
151 91 109
151 92 384
151 93 0
151 94 23
151 95 181
176 1 0
176 2 0
176 3 0
176 4 0
176 5 0
176 6 78
176 7 36
176 8 0
176 9 123
176 10 0
176 11 0
176 12 0
176 13 483
176 14 0
176 15 105
176 16 14
176 17 24
176 18 323
176 19 0
176 20 301
176 21 0
176 22 0
176 23 0
176 24 0
176 25 0
176 26 0
176 27 0
176 28 0
176 29 0
176 30 0
176 31 0
176 32 11
176 33 0
176 34 13
176 35 0
176 36 0
176 37 0
176 38 0
176 39 0
176 40 0
176 41 160
176 42 0
176 43 0
176 44 40
176 45 0
176 46 0
176 47 0
176 48 27
176 49 182
176 50 0
176 51 0
176 52 0
176 53 435
176 54 0
176 55 0
176 56 0
176 57 0
176 58 0
176 59 31
176 60 212
176 61 33
176 62 365
176 63 231
176 64 0
176 65 0
176 66 0
176 67 0
176 68 0
176 69 0
176 70 233
176 71 96
176 72 0
176 73 0
176 74 0
176 75 115
176 76 0
176 77 0
176 78 0
176 79 0
176 80 0
176 81 185
176 82 70
176 83 154
176 84 0
176 85 0
176 86 18
176 87 0
176 88 0
176 89 0
176 90 49
176 91 115
176 92 355
176 93 0
176 94 25
176 95 180
201 1 0
201 2 0
201 3 0
201 4 0
201 5 0
201 6 60
201 7 36
201 8 0
201 9 98
201 10 0
201 11 0
201 12 0
201 13 488
201 14 0
201 15 98
201 16 19
201 17 24
201 18 327
201 19 0
201 20 290
201 21 0
201 22 0
201 23 0
201 24 0
201 25 0
201 26 0
201 27 0
201 28 0
201 29 0
201 30 0
201 31 0
201 32 1
201 33 0
201 34 10
201 35 0
201 36 0
201 37 0
201 38 0
201 39 0
201 40 0
201 41 146
201 42 0
201 43 0
201 44 48
201 45 0
201 46 0
201 47 0
201 48 21
201 49 161
201 50 0
201 51 0
201 52 0
201 53 460
201 54 0
201 55 0
201 56 0
201 57 0
201 58 0
201 59 30
201 60 213
201 61 38
201 62 345
201 63 233
201 64 0
201 65 0
201 66 0
201 67 0
201 68 0
201 69 0
201 70 218
201 71 88
201 72 0
201 73 0
201 74 0
201 75 111
201 76 0
201 77 0
201 78 0
201 79 0
201 80 0
201 81 175
201 82 62
201 83 158
201 84 0
201 85 0
201 86 19
201 87 0
201 88 0
201 89 0
201 90 42
201 91 107
201 92 355
201 93 0
201 94 25
201 95 179
226 1 0
226 2 0
226 3 0
226 4 0
226 5 0
226 6 76
226 7 31
226 8 0
226 9 102
226 10 0
226 11 0
226 12 0
226 13 508
226 14 0
226 15 98
226 16 24
226 17 35
226 18 343
226 19 0
226 20 263
226 21 0
226 22 0
226 23 0
226 24 0
226 25 0
226 26 0
226 27 0
226 28 0
226 29 0
226 30 0
226 31 0
226 32 9
226 33 0
226 34 2
226 35 0
226 36 0
226 37 0
226 38 0
226 39 0
226 40 0
226 41 151
226 42 0
226 43 0
226 44 35
226 45 0
226 46 0
226 47 0
226 48 27
226 49 155
226 50 0
226 51 0
226 52 0
226 53 448
226 54 0
226 55 0
226 56 0
226 57 0
226 58 0
226 59 41
226 60 213
226 61 41
226 62 341
226 63 258
226 64 0
226 65 0
226 66 0
226 67 0
226 68 0
226 69 0
226 70 232
226 71 90
226 72 0
226 73 0
226 74 0
226 75 112
226 76 0
226 77 0
226 78 0
226 79 0
226 80 0
226 81 193
226 82 57
226 83 147
226 84 0
226 85 0
226 86 19
226 87 0
226 88 0
226 89 0
226 90 46
226 91 101
226 92 360
226 93 0
226 94 20
226 95 172
251 1 0
251 2 0
251 3 0
251 4 0
251 5 0
251 6 70
251 7 37
251 8 0
251 9 97
251 10 0
251 11 0
251 12 0
251 13 468
251 14 0
251 15 96
251 16 15
251 17 35
251 18 364
251 19 0
251 20 295
251 21 0
251 22 0
251 23 0
251 24 0
251 25 0
251 26 0
251 27 0
251 28 0
251 29 0
251 30 0
251 31 0
251 32 10
251 33 0
251 34 0
251 35 0
251 36 0
251 37 0
251 38 0
251 39 0
251 40 0
251 41 151
251 42 0
251 43 0
251 44 35
251 45 0
251 46 0
251 47 0
251 48 18
251 49 181
251 50 0
251 51 0
251 52 0
251 53 452
251 54 0
251 55 0
251 56 0
251 57 0
251 58 0
251 59 33
251 60 225
251 61 31
251 62 353
251 63 227
251 64 0
251 65 0
251 66 0
251 67 0
251 68 0
251 69 0
251 70 239
251 71 105
251 72 0
251 73 0
251 74 0
251 75 117
251 76 0
251 77 0
251 78 0
251 79 0
251 80 0
251 81 175
251 82 48
251 83 136
251 84 0
251 85 0
251 86 12
251 87 0
251 88 0
251 89 0
251 90 54
251 91 106
251 92 351
251 93 0
251 94 30
251 95 161
276 1 0
276 2 0
276 3 0
276 4 0
276 5 0
276 6 59
276 7 34
276 8 0
276 9 89
276 10 0
276 11 0
276 12 0
276 13 510
276 14 0
276 15 95
276 16 13
276 17 31
276 18 327
276 19 0
276 20 274
276 21 0
276 22 0
276 23 0
276 24 0
276 25 0
276 26 0
276 27 0
276 28 0
276 29 0
276 30 0
276 31 0
276 32 4
276 33 0
276 34 0
276 35 0
276 36 0
276 37 0
276 38 0
276 39 0
276 40 0
276 41 151
276 42 0
276 43 0
276 44 37
276 45 0
276 46 0
276 47 0
276 48 28
276 49 190
276 50 0
276 51 0
276 52 0
276 53 447
276 54 0
276 55 0
276 56 0
276 57 0
276 58 0
276 59 30
276 60 227
276 61 39
276 62 321
276 63 223
276 64 0
276 65 0
276 66 0
276 67 0
276 68 0
276 69 0
276 70 229
276 71 94
276 72 0
276 73 0
276 74 0
276 75 103
276 76 0
276 77 0
276 78 0
276 79 0
276 80 0
276 81 177
276 82 66
276 83 143
276 84 0
276 85 0
276 86 19
276 87 0
276 88 0
276 89 0
276 90 48
276 91 123
276 92 369
276 93 0
276 94 29
276 95 175
301 1 0
301 2 0
301 3 0
301 4 0
301 5 0
301 6 69
301 7 28
301 8 0
301 9 86
301 10 0
301 11 0
301 12 0
301 13 505
301 14 0
301 15 100
301 16 8
301 17 33
301 18 340
301 19 0
301 20 278
301 21 0
301 22 0
301 23 0
301 24 0
301 25 0
301 26 0
301 27 0
301 28 0
301 29 0
301 30 0
301 31 0
301 32 2
301 33 0
301 34 0
301 35 0
301 36 0
301 37 0
301 38 0
301 39 0
301 40 0
301 41 143
301 42 0
301 43 0
301 44 37
301 45 0
301 46 0
301 47 0
301 48 29
301 49 177
301 50 0
301 51 0
301 52 0
301 53 449
301 54 0
301 55 0
301 56 0
301 57 0
301 58 0
301 59 31
301 60 221
301 61 38
301 62 341
301 63 221
301 64 0
301 65 0
301 66 0
301 67 0
301 68 0
301 69 0
301 70 222
301 71 102
301 72 0
301 73 0
301 74 0
301 75 105
301 76 0
301 77 0
301 78 0
301 79 0
301 80 0
301 81 189
301 82 55
301 83 147
301 84 0
301 85 0
301 86 16
301 87 0
301 88 0
301 89 0
301 90 52
301 91 100
301 92 374
301 93 0
301 94 26
301 95 173
326 1 0
326 2 0
326 3 0
326 4 0
326 5 0
326 6 51
326 7 36
326 8 0
326 9 83
326 10 0
326 11 0
326 12 0
326 13 482
326 14 0
326 15 93
326 16 20
326 17 35
326 18 340
326 19 0
326 20 285
326 21 0
326 22 0
326 23 0
326 24 0
326 25 0
326 26 0
326 27 0
326 28 0
326 29 0
326 30 0
326 31 0
326 32 0
326 33 0
326 34 0
326 35 0
326 36 0
326 37 0
326 38 0
326 39 0
326 40 0
326 41 155
326 42 0
326 43 0
326 44 33
326 45 0
326 46 0
326 47 0
326 48 30
326 49 187
326 50 0
326 51 0
326 52 0
326 53 448
326 54 0
326 55 0
326 56 0
326 57 0
326 58 0
326 59 31
326 60 213
326 61 32
326 62 344
326 63 228
326 64 0
326 65 0
326 66 0
326 67 0
326 68 0
326 69 0
326 70 217
326 71 77
326 72 0
326 73 0
326 74 0
326 75 107
326 76 0
326 77 0
326 78 0
326 79 0
326 80 0
326 81 190
326 82 49
326 83 146
326 84 0
326 85 0
326 86 12
326 87 0
326 88 0
326 89 0
326 90 53
326 91 104
326 92 352
326 93 0
326 94 24
326 95 157
351 1 0
351 2 0
351 3 0
351 4 0
351 5 0
351 6 45
351 7 36
351 8 0
351 9 76
351 10 0
351 11 0
351 12 0
351 13 503
351 14 0
351 15 100
351 16 23
351 17 33
351 18 343
351 19 0
351 20 281
351 21 0
351 22 0
351 23 0
351 24 0
351 25 0
351 26 0
351 27 0
351 28 0
351 29 0
351 30 0
351 31 0
351 32 0
351 33 0
351 34 0
351 35 0
351 36 0
351 37 0
351 38 0
351 39 0
351 40 0
351 41 137
351 42 0
351 43 0
351 44 38
351 45 0
351 46 0
351 47 0
351 48 38
351 49 183
351 50 0
351 51 0
351 52 0
351 53 445
351 54 0
351 55 0
351 56 0
351 57 0
351 58 0
351 59 33
351 60 215
351 61 29
351 62 316
351 63 214
351 64 0
351 65 0
351 66 0
351 67 0
351 68 0
351 69 0
351 70 214
351 71 100
351 72 0
351 73 0
351 74 0
351 75 104
351 76 0
351 77 0
351 78 0
351 79 0
351 80 0
351 81 171
351 82 64
351 83 137
351 84 0
351 85 0
351 86 16
351 87 0
351 88 0
351 89 0
351 90 46
351 91 110
351 92 356
351 93 0
351 94 23
351 95 160
376 1 0
376 2 0
376 3 0
376 4 0
376 5 0
376 6 48
376 7 43
376 8 0
376 9 79
376 10 0
376 11 0
376 12 0
376 13 513
376 14 0
376 15 98
376 16 21
376 17 40
376 18 344
376 19 0
376 20 285
376 21 0
376 22 0
376 23 0
376 24 0
376 25 0
376 26 0
376 27 0
376 28 0
376 29 0
376 30 0
376 31 0
376 32 0
376 33 0
376 34 0
376 35 0
376 36 0
376 37 0
376 38 0
376 39 0
376 40 0
376 41 142
376 42 0
376 43 0
376 44 38
376 45 0
376 46 0
376 47 0
376 48 39
376 49 181
376 50 0
376 51 0
376 52 0
376 53 466
376 54 0
376 55 0
376 56 0
376 57 0
376 58 0
376 59 26
376 60 220
376 61 31
376 62 322
376 63 198
376 64 0
376 65 0
376 66 0
376 67 0
376 68 0
376 69 0
376 70 241
376 71 115
376 72 0
376 73 0
376 74 0
376 75 90
376 76 0
376 77 0
376 78 0
376 79 0
376 80 0
376 81 155
376 82 56
376 83 157
376 84 0
376 85 0
376 86 14
376 87 0
376 88 0
376 89 0
376 90 53
376 91 101
376 92 358
376 93 0
376 94 18
376 95 152
401 1 0
401 2 0
401 3 0
401 4 0
401 5 0
401 6 44
401 7 39
401 8 0
401 9 80
401 10 0
401 11 0
401 12 0
401 13 511
401 14 0
401 15 93
401 16 11
401 17 39
401 18 379
401 19 0
401 20 284
401 21 0
401 22 0
401 23 0
401 24 0
401 25 0
401 26 0
401 27 0
401 28 0
401 29 0
401 30 0
401 31 0
401 32 0
401 33 0
401 34 0
401 35 0
401 36 0
401 37 0
401 38 0
401 39 0
401 40 0
401 41 136
401 42 0
401 43 0
401 44 35
401 45 0
401 46 0
401 47 0
401 48 32
401 49 180
401 50 0
401 51 0
401 52 0
401 53 464
401 54 0
401 55 0
401 56 0
401 57 0
401 58 0
401 59 29
401 60 228
401 61 34
401 62 352
401 63 212
401 64 0
401 65 0
401 66 0
401 67 0
401 68 0
401 69 0
401 70 228
401 71 90
401 72 0
401 73 0
401 74 0
401 75 102
401 76 0
401 77 0
401 78 0
401 79 0
401 80 0
401 81 190
401 82 57
401 83 138
401 84 0
401 85 0
401 86 12
401 87 0
401 88 0
401 89 0
401 90 38
401 91 92
401 92 359
401 93 0
401 94 28
401 95 157
426 1 0
426 2 0
426 3 0
426 4 0
426 5 0
426 6 49
426 7 35
426 8 0
426 9 81
426 10 0
426 11 0
426 12 0
426 13 508
426 14 0
426 15 107
426 16 17
426 17 30
426 18 357
426 19 0
426 20 286
426 21 0
426 22 0
426 23 0
426 24 0
426 25 0
426 26 0
426 27 0
426 28 0
426 29 0
426 30 0
426 31 0
426 32 0
426 33 0
426 34 0
426 35 0
426 36 0
426 37 0
426 38 0
426 39 0
426 40 0
426 41 156
426 42 0
426 43 0
426 44 30
426 45 0
426 46 0
426 47 0
426 48 30
426 49 195
426 50 0
426 51 0
426 52 0
426 53 457
426 54 0
426 55 0
426 56 0
426 57 0
426 58 0
426 59 29
426 60 226
426 61 31
426 62 356
426 63 224
426 64 0
426 65 0
426 66 0
426 67 0
426 68 0
426 69 0
426 70 222
426 71 98
426 72 0
426 73 0
426 74 0
426 75 101
426 76 0
426 77 0
426 78 0
426 79 0
426 80 0
426 81 177
426 82 58
426 83 135
426 84 0
426 85 0
426 86 15
426 87 0
426 88 0
426 89 0
426 90 48
426 91 91
426 92 360
426 93 0
426 94 32
426 95 160
451 1 0
451 2 0
451 3 0
451 4 0
451 5 0
451 6 47
451 7 35
451 8 0
451 9 72
451 10 0
451 11 0
451 12 0
451 13 507
451 14 0
451 15 91
451 16 17
451 17 38
451 18 362
451 19 0
451 20 261
451 21 0
451 22 0
451 23 0
451 24 0
451 25 0
451 26 0
451 27 0
451 28 0
451 29 0
451 30 0
451 31 0
451 32 0
451 33 0
451 34 0
451 35 0
451 36 0
451 37 0
451 38 0
451 39 0
451 40 0
451 41 146
451 42 0
451 43 0
451 44 38
451 45 0
451 46 0
451 47 0
451 48 31
451 49 184
451 50 0
451 51 0
451 52 0
451 53 454
451 54 0
451 55 0
451 56 0
451 57 0
451 58 0
451 59 33
451 60 223
451 61 38
451 62 351
451 63 206
451 64 0
451 65 0
451 66 0
451 67 0
451 68 0
451 69 0
451 70 219
451 71 115
451 72 0
451 73 0
451 74 0
451 75 109
451 76 0
451 77 0
451 78 0
451 79 0
451 80 0
451 81 177
451 82 59
451 83 152
451 84 0
451 85 0
451 86 18
451 87 0
451 88 0
451 89 0
451 90 49
451 91 95
451 92 377
451 93 0
451 94 21
451 95 160
476 1 0
476 2 0
476 3 0
476 4 0
476 5 0
476 6 39
476 7 39
476 8 0
476 9 76
476 10 0
476 11 0
476 12 0
476 13 520
476 14 0
476 15 99
476 16 22
476 17 29
476 18 346
476 19 0
476 20 273
476 21 0
476 22 0
476 23 0
476 24 0
476 25 0
476 26 0
476 27 0
476 28 0
476 29 0
476 30 0
476 31 0
476 32 0
476 33 0
476 34 0
476 35 0
476 36 0
476 37 0
476 38 0
476 39 0
476 40 0
476 41 146
476 42 0
476 43 0
476 44 42
476 45 0
476 46 0
476 47 0
476 48 40
476 49 191
476 50 0
476 51 0
476 52 0
476 53 472
476 54 0
476 55 0
476 56 0
476 57 0
476 58 0
476 59 30
476 60 227
476 61 28
476 62 361
476 63 194
476 64 0
476 65 0
476 66 0
476 67 0
476 68 0
476 69 0
476 70 224
476 71 105
476 72 0
476 73 0
476 74 0
476 75 112
476 76 0
476 77 0
476 78 0
476 79 0
476 80 0
476 81 185
476 82 49
476 83 141
476 84 0
476 85 0
476 86 15
476 87 0
476 88 0
476 89 0
476 90 53
476 91 89
476 92 351
476 93 0
476 94 27
476 95 146
