1 1 55
1 2 57
1 3 57
1 4 57
1 5 61
1 6 63
1 7 59
1 8 63
1 9 64
1 10 59
1 11 55
1 12 56
1 13 57
1 14 64
1 15 56
1 16 59
1 17 62
1 18 61
1 19 67
1 20 58
1 21 64
1 22 59
1 23 61
1 24 61
1 25 58
1 26 57
1 27 63
1 28 63
1 29 53
1 30 55
1 31 50
1 32 54
1 33 52
1 34 66
1 35 63
1 36 60
1 37 58
1 38 65
1 39 60
1 40 63
1 41 62
1 42 59
1 43 57
1 44 55
1 45 61
1 46 56
1 47 62
1 48 57
1 49 64
1 50 53
1 51 61
1 52 57
1 53 67
1 54 50
1 55 61
1 56 59
1 57 56
1 58 64
1 59 59
1 60 58
1 61 59
1 62 56
1 63 64
1 64 66
1 65 50
1 66 57
1 67 62
1 68 60
1 69 60
1 70 63
1 71 59
1 72 66
1 73 52
1 74 62
1 75 55
1 76 59
1 77 61
1 78 57
1 79 56
1 80 67
1 81 61
1 82 59
1 83 69
1 84 57
1 85 61
1 86 69
1 87 50
1 88 59
1 89 61
1 90 57
1 91 61
1 92 55
1 93 54
1 94 61
1 95 53
1 96 63
1 97 52
1 98 56
1 99 59
1 100 64
1 101 59
1 102 54
1 103 72
1 104 65
1 105 61
1 106 58
1 107 61
1 108 57
1 109 56
1 110 58
1 111 63
1 112 53
1 113 61
1 114 54
1 115 57
1 116 57
1 117 52
1 118 62
1 119 57
1 120 63
1 121 61
26 1 15
26 2 18
26 3 14
26 4 17
26 5 15
26 6 17
26 7 14
26 8 13
26 9 19
26 10 19
26 11 15
26 12 16
26 13 7
26 14 13
26 15 15
26 16 9
26 17 15
26 18 13
26 19 16
26 20 13
26 21 11
26 22 11
26 23 17
26 24 13
26 25 13
26 26 11
26 27 11
26 28 12
26 29 14
26 30 11
26 31 11
26 32 16
26 33 16
26 34 17
26 35 13
26 36 13
26 37 14
26 38 16
26 39 13
26 40 14
26 41 11
26 42 13
26 43 12
26 44 13
26 45 13
26 46 14
26 47 11
26 48 13
26 49 12
26 50 17
26 51 14
26 52 16
26 53 13
26 54 14
26 55 16
26 56 18
26 57 13
26 58 8
26 59 12
26 60 13
26 61 10
26 62 15
26 63 13
26 64 13
26 65 12
26 66 11
26 67 15
26 68 19
26 69 13
26 70 16
26 71 11
26 72 13
26 73 13
26 74 13
26 75 12
26 76 17
26 77 16
26 78 11
26 79 14
26 80 16
26 81 18
26 82 11
26 83 16
26 84 12
26 85 12
26 86 17
26 87 12
26 88 12
26 89 12
26 90 10
26 91 13
26 92 12
26 93 14
26 94 15
26 95 12
26 96 13
26 97 17
26 98 11
26 99 12
26 100 12
26 101 11
26 102 17
26 103 14
26 104 16
26 105 15
26 106 14
26 107 9
26 108 15
26 109 14
26 110 9
26 111 10
26 112 13
26 113 11
26 114 13
26 115 17
26 116 11
26 117 12
26 118 14
26 119 9
26 120 16
26 121 13
51 1 15
51 2 11
51 3 12
51 4 12
51 5 12
51 6 11
51 7 16
51 8 10
51 9 8
51 10 13
51 11 12
51 12 12
51 13 12
51 14 11
51 15 12
51 16 16
51 17 14
51 18 12
51 19 10
51 20 11
51 21 9
51 22 9
51 23 11
51 24 14
51 25 11
51 26 10
51 27 13
51 28 12
51 29 8
51 30 12
51 31 13
51 32 13
51 33 13
51 34 14
51 35 14
51 36 8
51 37 12
51 38 15
51 39 11
51 40 13
51 41 12
51 42 10
51 43 10
51 44 15
51 45 11
51 46 12
51 47 10
51 48 14
51 49 11
51 50 12
51 51 14
51 52 11
51 53 11
51 54 10
51 55 11
51 56 10
51 57 12
51 58 10
51 59 9
51 60 12
51 61 10
51 62 10
51 63 10
51 64 9
51 65 10
51 66 13
51 67 9
51 68 11
51 69 9
51 70 9
51 71 10
51 72 10
51 73 11
51 74 8
51 75 11
51 76 15
51 77 11
51 78 8
51 79 8
51 80 8
51 81 12
51 82 10
51 83 9
51 84 11
51 85 10
51 86 11
51 87 13
51 88 10
51 89 13
51 90 13
51 91 11
51 92 11
51 93 11
51 94 12
51 95 10
51 96 11
51 97 13
51 98 17
51 99 14
51 100 13
51 101 11
51 102 11
51 103 12
51 104 11
51 105 11
51 106 13
51 107 10
51 108 11
51 109 10
51 110 11
51 111 9
51 112 13
51 113 12
51 114 8
51 115 9
51 116 14
51 117 12
51 118 8
51 119 7
51 120 9
51 121 12
76 1 11
76 2 11
76 3 13
76 4 10
76 5 10
76 6 10
76 7 8
76 8 8
76 9 9
76 10 11
76 11 8
76 12 9
76 13 8
76 14 7
76 15 5
76 16 9
76 17 8
76 18 11
76 19 9
76 20 9
76 21 12
76 22 12
76 23 9
76 24 7
76 25 12
76 26 13
76 27 9
76 28 11
76 29 8
76 30 12
76 31 11
76 32 10
76 33 10
76 34 9
76 35 11
76 36 11
76 37 8
76 38 12
76 39 11
76 40 12
76 41 7
76 42 10
76 43 10
76 44 8
76 45 13
76 46 12
76 47 10
76 48 8
76 49 10
76 50 10
76 51 13
76 52 6
76 53 7
76 54 9
76 55 6
76 56 5
76 57 6
76 58 10
76 59 9
76 60 9
76 61 10
76 62 8
76 63 8
76 64 7
76 65 8
76 66 5
76 67 6
76 68 10
76 69 8
76 70 5
76 71 9
76 72 10
76 73 8
76 74 7
76 75 6
76 76 6
76 77 7
76 78 12
76 79 8
76 80 10
76 81 8
76 82 11
76 83 11
76 84 12
76 85 7
76 86 8
76 87 8
76 88 9
76 89 8
76 90 8
76 91 11
76 92 12
76 93 10
76 94 9
76 95 9
76 96 9
76 97 11
76 98 7
76 99 8
76 100 8
76 101 8
76 102 7
76 103 8
76 104 10
76 105 10
76 106 10
76 107 9
76 108 8
76 109 7
76 110 8
76 111 11
76 112 12
76 113 10
76 114 6
76 115 7
76 116 7
76 117 8
76 118 7
76 119 8
76 120 10
76 121 9
101 1 8
101 2 13
101 3 11
101 4 8
101 5 8
101 6 9
101 7 7
101 8 9
101 9 6
101 10 8
101 11 7
101 12 11
101 13 11
101 14 9
101 15 12
101 16 7
101 17 9
101 18 9
101 19 10
101 20 7
101 21 10
101 22 7
101 23 11
101 24 10
101 25 12
101 26 10
101 27 7
101 28 5
101 29 8
101 30 8
101 31 8
101 32 8
101 33 7
101 34 8
101 35 9
101 36 9
101 37 9
101 38 8
101 39 8
101 40 9
101 41 10
101 42 6
101 43 7
101 44 4
101 45 6
101 46 7
101 47 7
101 48 8
101 49 7
101 50 8
101 51 5
101 52 8
101 53 6
101 54 6
101 55 5
101 56 3
101 57 4
101 58 6
101 59 6
101 60 7
101 61 8
101 62 9
101 63 6
101 64 5
101 65 6
101 66 5
101 67 5
101 68 6
101 69 6
101 70 8
101 71 9
101 72 9
101 73 7
101 74 4
101 75 5
101 76 4
101 77 4
101 78 4
101 79 6
101 80 7
101 81 7
101 82 10
101 83 6
101 84 5
101 85 6
101 86 6
101 87 4
101 88 6
101 89 7
101 90 6
101 91 8
101 92 7
101 93 8
101 94 7
101 95 6
101 96 8
101 97 6
101 98 5
101 99 7
101 100 5
101 101 6
101 102 8
101 103 9
101 104 6
101 105 7
101 106 8
101 107 8
101 108 6
101 109 6
101 110 6
101 111 8
101 112 8
101 113 8
101 114 7
101 115 6
101 116 8
101 117 7
101 118 6
101 119 9
101 120 9
101 121 8
126 1 7
126 2 6
126 3 6
126 4 9
126 5 9
126 6 8
126 7 7
126 8 9
126 9 7
126 10 6
126 11 9
126 12 5
126 13 7
126 14 7
126 15 5
126 16 5
126 17 7
126 18 5
126 19 6
126 20 5
126 21 7
126 22 6
126 23 6
126 24 7
126 25 6
126 26 8
126 27 7
126 28 5
126 29 5
126 30 7
126 31 7
126 32 5
126 33 7
126 34 7
126 35 8
126 36 9
126 37 6
126 38 5
126 39 6
126 40 6
126 41 7
126 42 6
126 43 6
126 44 5
126 45 7
126 46 6
126 47 5
126 48 7
126 49 6
126 50 7
126 51 5
126 52 8
126 53 4
126 54 6
126 55 7
126 56 7
126 57 6
126 58 6
126 59 5
126 60 6
126 61 6
126 62 5
126 63 6
126 64 7
126 65 5
126 66 6
126 67 6
126 68 4
126 69 6
126 70 8
126 71 5
126 72 7
126 73 4
126 74 4
126 75 6
126 76 5
126 77 4
126 78 6
126 79 5
126 80 5
126 81 5
126 82 7
126 83 5
126 84 9
126 85 6
126 86 6
126 87 5
126 88 6
126 89 5
126 90 6
126 91 6
126 92 8
126 93 4
126 94 6
126 95 6
126 96 5
126 97 5
126 98 4
126 99 6
126 100 5
126 101 6
126 102 11
126 103 7
126 104 5
126 105 7
126 106 6
126 107 5
126 108 5
126 109 6
126 110 6
126 111 5
126 112 7
126 113 8
126 114 8
126 115 6
126 116 6
126 117 6
126 118 7
126 119 7
126 120 5
126 121 6
151 1 5
151 2 4
151 3 3
151 4 4
151 5 4
151 6 4
151 7 5
151 8 5
151 9 4
151 10 4
151 11 5
151 12 4
151 13 3
151 14 5
151 15 4
151 16 4
151 17 5
151 18 4
151 19 3
151 20 3
151 21 3
151 22 5
151 23 4
151 24 5
151 25 6
151 26 6
151 27 4
151 28 3
151 29 6
151 30 6
151 31 4
151 32 4
151 33 4
151 34 5
151 35 4
151 36 5
151 37 5
151 38 4
151 39 5
151 40 5
151 41 4
151 42 3
151 43 5
151 44 6
151 45 6
151 46 7
151 47 5
151 48 5
151 49 5
151 50 5
151 51 4
151 52 7
151 53 3
151 54 4
151 55 6
151 56 4
151 57 5
151 58 6
151 59 7
151 60 5
151 61 5
151 62 4
151 63 4
151 64 5
151 65 6
151 66 4
151 67 4
151 68 4
151 69 5
151 70 5
151 71 4
151 72 5
151 73 5
151 74 5
151 75 5
151 76 5
151 77 5
151 78 5
151 79 5
151 80 6
151 81 5
151 82 4
151 83 4
151 84 4
151 85 5
151 86 6
151 87 5
151 88 5
151 89 5
151 90 6
151 91 6
151 92 6
151 93 5
151 94 5
151 95 4
151 96 5
151 97 3
151 98 6
151 99 3
151 100 4
151 101 5
151 102 5
151 103 3
151 104 5
151 105 5
151 106 7
151 107 5
151 108 5
151 109 5
151 110 4
151 111 5
151 112 4
151 113 4
151 114 5
151 115 6
151 116 5
151 117 5
151 118 5
151 119 4
151 120 5
151 121 3
176 1 5
176 2 5
176 3 3
176 4 3
176 5 4
176 6 3
176 7 4
176 8 4
176 9 5
176 10 5
176 11 4
176 12 6
176 13 5
176 14 4
176 15 3
176 16 4
176 17 4
176 18 5
176 19 5
176 20 3
176 21 3
176 22 5
176 23 5
176 24 4
176 25 4
176 26 5
176 27 4
176 28 4
176 29 6
176 30 5
176 31 6
176 32 3
176 33 4
176 34 4
176 35 4
176 36 4
176 37 4
176 38 4
176 39 5
176 40 4
176 41 5
176 42 5
176 43 5
176 44 6
176 45 4
176 46 5
176 47 5
176 48 5
176 49 5
176 50 4
176 51 4
176 52 4
176 53 5
176 54 4
176 55 4
176 56 4
176 57 3
176 58 4
176 59 5
176 60 4
176 61 4
176 62 5
176 63 4
176 64 3
176 65 5
176 66 5
176 67 4
176 68 4
176 69 4
176 70 6
176 71 5
176 72 3
176 73 5
176 74 5
176 75 5
176 76 3
176 77 4
176 78 3
176 79 3
176 80 4
176 81 6
176 82 4
176 83 4
176 84 3
176 85 3
176 86 3
176 87 3
176 88 2
176 89 4
176 90 4
176 91 3
176 92 5
176 93 4
176 94 3
176 95 5
176 96 4
176 97 4
176 98 4
176 99 3
176 100 5
176 101 4
176 102 3
176 103 3
176 104 4
176 105 5
176 106 5
176 107 5
176 108 5
176 109 5
176 110 5
176 111 6
176 112 4
176 113 3
176 114 3
176 115 4
176 116 3
176 117 3
176 118 4
176 119 4
176 120 4
176 121 4
201 1 4
201 2 4
201 3 4
201 4 4
201 5 4
201 6 4
201 7 4
201 8 4
201 9 5
201 10 5
201 11 4
201 12 4
201 13 4
201 14 4
201 15 4
201 16 4
201 17 3
201 18 5
201 19 3
201 20 5
201 21 5
201 22 4
201 23 6
201 24 4
201 25 4
201 26 4
201 27 4
201 28 3
201 29 5
201 30 5
201 31 5
201 32 4
201 33 6
201 34 4
201 35 4
201 36 5
201 37 4
201 38 5
201 39 4
201 40 4
201 41 4
201 42 4
201 43 3
201 44 4
201 45 4
201 46 5
201 47 5
201 48 4
201 49 5
201 50 3
201 51 3
201 52 4
201 53 4
201 54 4
201 55 4
201 56 4
201 57 5
201 58 4
201 59 5
201 60 3
201 61 4
201 62 4
201 63 3
201 64 4
201 65 4
201 66 5
201 67 4
201 68 7
201 69 4
201 70 5
201 71 6
201 72 5
201 73 4
201 74 3
201 75 3
201 76 5
201 77 3
201 78 4
201 79 6
201 80 5
201 81 5
201 82 5
201 83 5
201 84 4
201 85 4
201 86 4
201 87 4
201 88 4
201 89 4
201 90 4
201 91 5
201 92 5
201 93 3
201 94 4
201 95 5
201 96 3
201 97 4
201 98 5
201 99 5
201 100 4
201 101 3
201 102 5
201 103 4
201 104 5
201 105 5
201 106 2
201 107 4
201 108 4
201 109 3
201 110 3
201 111 4
201 112 6
201 113 4
201 114 5
201 115 4
201 116 3
201 117 4
201 118 4
201 119 3
201 120 4
201 121 5
226 1 5
226 2 4
226 3 5
226 4 4
226 5 4
226 6 5
226 7 4
226 8 5
226 9 5
226 10 4
226 11 4
226 12 4
226 13 4
226 14 4
226 15 4
226 16 6
226 17 4
226 18 5
226 19 4
226 20 4
226 21 5
226 22 4
226 23 5
226 24 4
226 25 5
226 26 4
226 27 4
226 28 5
226 29 5
226 30 4
226 31 3
226 32 4
226 33 4
226 34 4
226 35 4
226 36 3
226 37 4
226 38 4
226 39 6
226 40 7
226 41 4
226 42 4
226 43 6
226 44 4
226 45 4
226 46 5
226 47 5
226 48 5
226 49 6
226 50 5
226 51 4
226 52 6
226 53 4
226 54 4
226 55 4
226 56 4
226 57 4
226 58 7
226 59 4
226 60 5
226 61 5
226 62 4
226 63 4
226 64 5
226 65 4
226 66 5
226 67 5
226 68 5
226 69 5
226 70 5
226 71 4
226 72 4
226 73 6
226 74 5
226 75 5
226 76 5
226 77 6
226 78 5
226 79 6
226 80 5
226 81 5
226 82 5
226 83 4
226 84 4
226 85 5
226 86 4
226 87 5
226 88 5
226 89 4
226 90 5
226 91 6
226 92 5
226 93 6
226 94 6
226 95 7
226 96 7
226 97 4
226 98 7
226 99 5
226 100 4
226 101 4
226 102 4
226 103 5
226 104 4
226 105 4
226 106 6
226 107 5
226 108 6
226 109 4
226 110 5
226 111 4
226 112 4
226 113 5
226 114 5
226 115 5
226 116 4
226 117 5
226 118 5
226 119 4
226 120 4
226 121 5
251 1 5
251 2 4
251 3 4
251 4 6
251 5 5
251 6 4
251 7 4
251 8 5
251 9 4
251 10 3
251 11 4
251 12 4
251 13 4
251 14 4
251 15 4
251 16 6
251 17 5
251 18 6
251 19 6
251 20 4
251 21 4
251 22 4
251 23 5
251 24 4
251 25 3
251 26 5
251 27 4
251 28 6
251 29 5
251 30 3
251 31 3
251 32 4
251 33 4
251 34 7
251 35 5
251 36 4
251 37 3
251 38 2
251 39 4
251 40 4
251 41 4
251 42 3
251 43 4
251 44 4
251 45 4
251 46 4
251 47 5
251 48 5
251 49 4
251 50 4
251 51 4
251 52 3
251 53 4
251 54 3
251 55 4
251 56 4
251 57 4
251 58 4
251 59 3
251 60 4
251 61 4
251 62 3
251 63 3
251 64 4
251 65 4
251 66 4
251 67 5
251 68 5
251 69 3
251 70 4
251 71 4
251 72 4
251 73 4
251 74 3
251 75 5
251 76 3
251 77 4
251 78 5
251 79 4
251 80 4
251 81 4
251 82 3
251 83 4
251 84 5
251 85 4
251 86 4
251 87 3
251 88 4
251 89 4
251 90 4
251 91 4
251 92 3
251 93 4
251 94 5
251 95 4
251 96 4
251 97 4
251 98 5
251 99 4
251 100 5
251 101 5
251 102 4
251 103 6
251 104 5
251 105 5
251 106 3
251 107 4
251 108 5
251 109 4
251 110 4
251 111 3
251 112 5
251 113 5
251 114 5
251 115 6
251 116 5
251 117 4
251 118 4
251 119 4
251 120 3
251 121 5
276 1 7
276 2 5
276 3 4
276 4 3
276 5 4
276 6 4
276 7 3
276 8 4
276 9 5
276 10 4
276 11 4
276 12 3
276 13 4
276 14 4
276 15 4
276 16 4
276 17 4
276 18 5
276 19 5
276 20 5
276 21 4
276 22 5
276 23 5
276 24 4
276 25 4
276 26 4
276 27 4
276 28 4
276 29 3
276 30 4
276 31 4
276 32 4
276 33 4
276 34 2
276 35 3
276 36 2
276 37 4
276 38 4
276 39 4
276 40 4
276 41 4
276 42 4
276 43 4
276 44 4
276 45 6
276 46 4
276 47 3
276 48 2
276 49 4
276 50 4
276 51 3
276 52 4
276 53 6
276 54 5
276 55 6
276 56 3
276 57 3
276 58 2
276 59 2
276 60 4
276 61 3
276 62 3
276 63 3
276 64 5
276 65 5
276 66 4
276 67 5
276 68 4
276 69 4
276 70 4
276 71 5
276 72 4
276 73 5
276 74 5
276 75 5
276 76 5
276 77 5
276 78 4
276 79 5
276 80 5
276 81 4
276 82 5
276 83 5
276 84 2
276 85 4
276 86 6
276 87 4
276 88 4
276 89 5
276 90 3
276 91 4
276 92 4
276 93 4
276 94 4
276 95 6
276 96 5
276 97 5
276 98 4
276 99 5
276 100 5
276 101 4
276 102 5
276 103 3
276 104 5
276 105 4
276 106 4
276 107 4
276 108 4
276 109 6
276 110 5
276 111 6
276 112 5
276 113 5
276 114 5
276 115 3
276 116 5
276 117 3
276 118 4
276 119 5
276 120 5
276 121 3
301 1 4
301 2 4
301 3 4
301 4 4
301 5 5
301 6 3
301 7 3
301 8 4
301 9 3
301 10 4
301 11 4
301 12 4
301 13 5
301 14 4
301 15 4
301 16 3
301 17 2
301 18 4
301 19 5
301 20 4
301 21 4
301 22 4
301 23 4
301 24 3
301 25 4
301 26 4
301 27 3
301 28 3
301 29 6
301 30 6
301 31 4
301 32 5
301 33 4
301 34 3
301 35 4
301 36 5
301 37 4
301 38 4
301 39 4
301 40 4
301 41 5
301 42 4
301 43 3
301 44 4
301 45 4
301 46 4
301 47 4
301 48 3
301 49 4
301 50 4
301 51 3
301 52 4
301 53 4
301 54 4
301 55 3
301 56 3
301 57 3
301 58 3
301 59 4
301 60 5
301 61 4
301 62 4
301 63 5
301 64 5
301 65 4
301 66 4
301 67 4
301 68 4
301 69 5
301 70 4
301 71 4
301 72 3
301 73 5
301 74 4
301 75 5
301 76 5
301 77 5
301 78 4
301 79 6
301 80 5
301 81 6
301 82 4
301 83 5
301 84 6
301 85 6
301 86 5
301 87 5
301 88 4
301 89 4
301 90 4
301 91 5
301 92 5
301 93 5
301 94 6
301 95 4
301 96 5
301 97 3
301 98 5
301 99 4
301 100 4
301 101 4
301 102 4
301 103 4
301 104 6
301 105 7
301 106 4
301 107 4
301 108 4
301 109 4
301 110 4
301 111 4
301 112 4
301 113 5
301 114 4
301 115 2
301 116 4
301 117 4
301 118 4
301 119 4
301 120 4
301 121 4
326 1 5
326 2 5
326 3 4
326 4 4
326 5 5
326 6 4
326 7 4
326 8 4
326 9 4
326 10 4
326 11 5
326 12 4
326 13 4
326 14 5
326 15 4
326 16 4
326 17 4
326 18 5
326 19 5
326 20 5
326 21 4
326 22 6
326 23 4
326 24 4
326 25 4
326 26 4
326 27 4
326 28 4
326 29 4
326 30 4
326 31 4
326 32 4
326 33 4
326 34 3
326 35 5
326 36 5
326 37 5
326 38 4
326 39 5
326 40 4
326 41 5
326 42 4
326 43 4
326 44 4
326 45 4
326 46 4
326 47 5
326 48 5
326 49 4
326 50 4
326 51 4
326 52 4
326 53 5
326 54 4
326 55 4
326 56 4
326 57 4
326 58 4
326 59 4
326 60 4
326 61 5
326 62 5
326 63 4
326 64 4
326 65 5
326 66 4
326 67 6
326 68 4
326 69 5
326 70 4
326 71 5
326 72 5
326 73 4
326 74 4
326 75 4
326 76 4
326 77 5
326 78 4
326 79 4
326 80 4
326 81 4
326 82 6
326 83 6
326 84 5
326 85 4
326 86 4
326 87 5
326 88 5
326 89 4
326 90 4
326 91 4
326 92 4
326 93 6
326 94 7
326 95 5
326 96 4
326 97 4
326 98 4
326 99 5
326 100 4
326 101 4
326 102 6
326 103 4
326 104 6
326 105 4
326 106 4
326 107 4
326 108 4
326 109 5
326 110 5
326 111 4
326 112 4
326 113 4
326 114 4
326 115 5
326 116 4
326 117 5
326 118 4
326 119 3
326 120 5
326 121 5
351 1 5
351 2 5
351 3 4
351 4 5
351 5 4
351 6 6
351 7 4
351 8 4
351 9 4
351 10 4
351 11 3
351 12 4
351 13 5
351 14 6
351 15 4
351 16 5
351 17 5
351 18 3
351 19 4
351 20 6
351 21 4
351 22 4
351 23 4
351 24 4
351 25 4
351 26 4
351 27 6
351 28 5
351 29 4
351 30 4
351 31 4
351 32 4
351 33 4
351 34 4
351 35 4
351 36 4
351 37 5
351 38 4
351 39 5
351 40 4
351 41 4
351 42 5
351 43 5
351 44 4
351 45 4
351 46 4
351 47 4
351 48 5
351 49 5
351 50 3
351 51 5
351 52 6
351 53 6
351 54 3
351 55 4
351 56 4
351 57 4
351 58 4
351 59 7
351 60 4
351 61 5
351 62 4
351 63 4
351 64 5
351 65 6
351 66 4
351 67 5
351 68 4
351 69 4
351 70 6
351 71 6
351 72 4
351 73 5
351 74 5
351 75 4
351 76 5
351 77 3
351 78 4
351 79 4
351 80 3
351 81 4
351 82 5
351 83 4
351 84 4
351 85 3
351 86 4
351 87 3
351 88 4
351 89 4
351 90 6
351 91 5
351 92 5
351 93 3
351 94 4
351 95 5
351 96 4
351 97 3
351 98 4
351 99 4
351 100 4
351 101 5
351 102 4
351 103 5
351 104 3
351 105 4
351 106 4
351 107 4
351 108 4
351 109 4
351 110 4
351 111 4
351 112 4
351 113 4
351 114 5
351 115 5
351 116 4
351 117 5
351 118 4
351 119 4
351 120 3
351 121 3
376 1 5
376 2 7
376 3 5
376 4 6
376 5 4
376 6 3
376 7 4
376 8 3
376 9 4
376 10 5
376 11 5
376 12 2
376 13 5
376 14 4
376 15 4
376 16 4
376 17 5
376 18 4
376 19 4
376 20 3
376 21 3
376 22 4
376 23 4
376 24 6
376 25 5
376 26 4
376 27 3
376 28 6
376 29 4
376 30 4
376 31 3
376 32 5
376 33 4
376 34 4
376 35 5
376 36 5
376 37 5
376 38 6
376 39 3
376 40 4
376 41 6
376 42 5
376 43 3
376 44 5
376 45 4
376 46 4
376 47 4
376 48 4
376 49 4
376 50 3
376 51 4
376 52 5
376 53 4
376 54 4
376 55 4
376 56 6
376 57 4
376 58 3
376 59 4
376 60 3
376 61 4
376 62 4
376 63 4
376 64 4
376 65 4
376 66 4
376 67 5
376 68 5
376 69 4
376 70 4
376 71 4
376 72 5
376 73 5
376 74 4
376 75 5
376 76 4
376 77 4
376 78 5
376 79 3
376 80 4
376 81 3
376 82 4
376 83 3
376 84 6
376 85 4
376 86 4
376 87 4
376 88 3
376 89 4
376 90 5
376 91 5
376 92 4
376 93 4
376 94 4
376 95 4
376 96 4
376 97 4
376 98 5
376 99 5
376 100 4
376 101 4
376 102 5
376 103 3
376 104 4
376 105 3
376 106 4
376 107 4
376 108 4
376 109 5
376 110 5
376 111 4
376 112 4
376 113 5
376 114 4
376 115 2
376 116 3
376 117 4
376 118 5
376 119 4
376 120 4
376 121 4
401 1 5
401 2 6
401 3 4
401 4 4
401 5 4
401 6 3
401 7 4
401 8 4
401 9 4
401 10 4
401 11 4
401 12 5
401 13 5
401 14 5
401 15 4
401 16 5
401 17 3
401 18 4
401 19 4
401 20 4
401 21 4
401 22 4
401 23 4
401 24 6
401 25 5
401 26 5
401 27 4
401 28 4
401 29 4
401 30 4
401 31 4
401 32 4
401 33 5
401 34 3
401 35 4
401 36 6
401 37 5
401 38 4
401 39 3
401 40 2
401 41 5
401 42 4
401 43 4
401 44 4
401 45 5
401 46 5
401 47 5
401 48 5
401 49 4
401 50 4
401 51 5
401 52 4
401 53 6
401 54 4
401 55 4
401 56 5
401 57 5
401 58 5
401 59 5
401 60 5
401 61 5
401 62 4
401 63 5
401 64 4
401 65 5
401 66 4
401 67 3
401 68 4
401 69 5
401 70 5
401 71 4
401 72 5
401 73 5
401 74 5
401 75 5
401 76 4
401 77 4
401 78 5
401 79 6
401 80 4
401 81 3
401 82 4
401 83 4
401 84 5
401 85 4
401 86 6
401 87 3
401 88 5
401 89 5
401 90 5
401 91 4
401 92 3
401 93 4
401 94 4
401 95 4
401 96 6
401 97 4
401 98 5
401 99 3
401 100 5
401 101 5
401 102 6
401 103 5
401 104 4
401 105 4
401 106 5
401 107 4
401 108 4
401 109 4
401 110 4
401 111 5
401 112 4
401 113 5
401 114 4
401 115 4
401 116 4
401 117 4
401 118 4
401 119 4
401 120 4
401 121 6
426 1 7
426 2 5
426 3 5
426 4 6
426 5 4
426 6 5
426 7 4
426 8 6
426 9 5
426 10 5
426 11 5
426 12 6
426 13 5
426 14 4
426 15 4
426 16 5
426 17 4
426 18 5
426 19 6
426 20 4
426 21 4
426 22 6
426 23 6
426 24 6
426 25 5
426 26 5
426 27 5
426 28 5
426 29 5
426 30 5
426 31 6
426 32 4
426 33 5
426 34 6
426 35 5
426 36 5
426 37 4
426 38 6
426 39 6
426 40 5
426 41 6
426 42 5
426 43 5
426 44 5
426 45 6
426 46 6
426 47 5
426 48 5
426 49 4
426 50 5
426 51 5
426 52 4
426 53 4
426 54 4
426 55 5
426 56 5
426 57 6
426 58 5
426 59 4
426 60 6
426 61 5
426 62 5
426 63 4
426 64 5
426 65 6
426 66 4
426 67 6
426 68 4
426 69 5
426 70 4
426 71 6
426 72 5
426 73 4
426 74 7
426 75 4
426 76 4
426 77 5
426 78 5
426 79 5
426 80 6
426 81 5
426 82 5
426 83 4
426 84 6
426 85 6
426 86 4
426 87 5
426 88 4
426 89 5
426 90 6
426 91 5
426 92 6
426 93 5
426 94 4
426 95 4
426 96 5
426 97 5
426 98 5
426 99 5
426 100 4
426 101 5
426 102 5
426 103 5
426 104 6
426 105 5
426 106 4
426 107 4
426 108 6
426 109 5
426 110 5
426 111 5
426 112 5
426 113 4
426 114 4
426 115 4
426 116 5
426 117 5
426 118 4
426 119 5
426 120 6
426 121 4
451 1 4
451 2 4
451 3 3
451 4 5
451 5 5
451 6 7
451 7 4
451 8 4
451 9 6
451 10 4
451 11 6
451 12 4
451 13 5
451 14 5
451 15 5
451 16 5
451 17 5
451 18 5
451 19 5
451 20 4
451 21 5
451 22 4
451 23 4
451 24 6
451 25 7
451 26 6
451 27 4
451 28 4
451 29 4
451 30 4
451 31 5
451 32 4
451 33 5
451 34 6
451 35 5
451 36 5
451 37 5
451 38 4
451 39 5
451 40 5
451 41 4
451 42 5
451 43 5
451 44 6
451 45 5
451 46 5
451 47 5
451 48 7
451 49 4
451 50 4
451 51 5
451 52 5
451 53 4
451 54 5
451 55 6
451 56 4
451 57 4
451 58 4
451 59 4
451 60 4
451 61 4
451 62 4
451 63 4
451 64 4
451 65 5
451 66 4
451 67 5
451 68 5
451 69 6
451 70 4
451 71 4
451 72 4
451 73 4
451 74 4
451 75 3
451 76 4
451 77 3
451 78 5
451 79 6
451 80 5
451 81 4
451 82 5
451 83 4
451 84 5
451 85 5
451 86 4
451 87 4
451 88 4
451 89 5
451 90 5
451 91 5
451 92 5
451 93 4
451 94 4
451 95 4
451 96 4
451 97 5
451 98 3
451 99 3
451 100 5
451 101 5
451 102 4
451 103 5
451 104 5
451 105 4
451 106 4
451 107 4
451 108 4
451 109 3
451 110 4
451 111 5
451 112 5
451 113 5
451 114 4
451 115 4
451 116 5
451 117 5
451 118 5
451 119 4
451 120 5
451 121 5
476 1 5
476 2 6
476 3 5
476 4 5
476 5 5
476 6 4
476 7 4
476 8 4
476 9 5
476 10 4
476 11 5
476 12 7
476 13 5
476 14 5
476 15 5
476 16 4
476 17 6
476 18 4
476 19 4
476 20 4
476 21 3
476 22 4
476 23 8
476 24 5
476 25 5
476 26 5
476 27 4
476 28 6
476 29 3
476 30 4
476 31 5
476 32 4
476 33 5
476 34 4
476 35 6
476 36 6
476 37 6
476 38 4
476 39 4
476 40 4
476 41 4
476 42 4
476 43 4
476 44 4
476 45 6
476 46 5
476 47 3
476 48 4
476 49 3
476 50 3
476 51 5
476 52 4
476 53 5
476 54 6
476 55 5
476 56 6
476 57 4
476 58 4
476 59 5
476 60 5
476 61 6
476 62 4
476 63 4
476 64 3
476 65 4
476 66 5
476 67 4
476 68 4
476 69 6
476 70 5
476 71 5
476 72 4
476 73 5
476 74 3
476 75 5
476 76 4
476 77 4
476 78 5
476 79 3
476 80 3
476 81 4
476 82 4
476 83 4
476 84 4
476 85 5
476 86 5
476 87 4
476 88 5
476 89 4
476 90 4
476 91 4
476 92 3
476 93 4
476 94 4
476 95 4
476 96 4
476 97 4
476 98 5
476 99 4
476 100 5
476 101 5
476 102 4
476 103 4
476 104 5
476 105 4
476 106 6
476 107 5
476 108 4
476 109 4
476 110 4
476 111 6
476 112 6
476 113 5
476 114 6
476 115 5
476 116 5
476 117 4
476 118 4
476 119 5
476 120 4
476 121 4
