1 4355
26 2182
51 2460
76 2586
101 2643
126 2604
151 2639
176 2718
201 2660
226 2678
251 2605
276 2655
301 2628
326 2666
351 2764
376 2648
401 2629
426 2634
451 2663
476 2634
501 2668
526 2662
551 2709
576 2715
601 2726
626 2724
651 2692
676 2742
701 2747
726 2706
751 2730
776 2605
801 2725
826 2745
851 2659
876 2681
901 2667
926 2703
951 2692
976 2784
1001 2752
1026 2724
1051 2743
1076 2655
1101 2665
1126 2706
1151 2708
1176 2680
1201 2730
1226 2767
1251 2795
1276 2721
1301 2732
1326 2819
1351 2728
1376 2628
1401 2722
1426 2697
1451 2698
1476 2661
1501 2736
1526 2710
1551 2635
1576 2668
1601 2733
1626 2646
1651 2637
1676 2702
1701 2602
1726 2612
1751 2659
1776 2688
1801 2577
1826 2673
1851 2649
1876 2634
1901 2733
1926 2726
1951 2777
1976 2641
