1 4020
26 1101
51 1061
76 1037
101 1029
126 993
151 1058
176 1024
201 999
226 988
251 976
276 1002
301 981
326 995
351 999
376 1018
401 988
426 969
451 1011
476 1007
501 1003
526 983
551 1014
576 1016
601 1000
626 1022
651 994
676 1000
701 1029
726 1003
751 1012
776 1007
801 1025
826 1026
851 1003
876 1003
901 1037
926 1013
951 989
976 1011
1001 1039
1026 985
1051 1019
1076 997
1101 1024
1126 1012
1151 991
1176 1015
1201 1033
1226 1003
1251 990
1276 1026
1301 1008
1326 978
1351 1007
1376 975
1401 999
1426 1000
1451 1011
1476 991
1501 984
1526 1008
1551 1018
1576 1011
1601 989
1626 961
1651 1017
1676 1002
1701 983
1726 980
1751 1013
1776 971
1801 1002
1826 954
1851 986
1876 1011
1901 990
1926 994
1951 1023
1976 970
