1 5003
26 4466
51 4522
76 4475
101 4481
126 4475
151 4465
176 4491
201 4442
226 4496
251 4428
276 4513
301 4465
326 4430
351 4455
376 4495
401 4515
426 4489
451 4546
476 4468
501 4483
526 4511
551 4416
576 4529
601 4407
626 4438
651 4496
676 4500
701 4477
726 4508
751 4450
776 4457
801 4469
826 4434
851 4492
876 4496
901 4459
926 4443
951 4447
976 4550
1001 4476
1026 4392
1051 4462
1076 4461
1101 4499
1126 4440
1151 4537
1176 4446
1201 4456
1226 4494
1251 4468
1276 4460
1301 4481
1326 4479
1351 4477
1376 4447
1401 4458
1426 4404
1451 4470
1476 4472
1501 4455
1526 4496
1551 4471
1576 4465
1601 4480
1626 4512
1651 4432
1676 4489
1701 4500
1726 4391
1751 4562
1776 4480
1801 4487
1826 4494
1851 4505
1876 4442
1901 4438
1926 4512
1951 4459
1976 4421
