1 4950
26 3464
51 3712
76 3760
101 3737
126 3819
151 3849
176 3810
201 3894
226 3951
251 3853
276 3872
301 3847
326 3822
351 3873
376 3855
401 3871
426 3821
451 3875
476 3845
501 3879
526 3854
551 3878
576 3838
601 3850
626 3887
651 3910
676 3818
701 3805
726 3867
751 3847
776 3833
801 3912
826 3896
851 3895
876 3879
901 3888
926 3914
951 3945
976 3921
1001 3842
1026 3800
1051 3869
1076 3846
1101 3850
1126 3785
1151 3865
1176 3875
1201 3840
1226 3785
1251 3827
1276 3825
1301 3789
1326 3728
1351 3580
1376 3692
1401 3586
1426 3496
1451 3541
1476 3481
1501 3366
1526 3343
1551 3456
1576 3500
1601 3493
1626 3421
1651 3444
1676 3325
1701 3425
1726 3422
1751 3336
1776 3374
1801 3364
1826 3438
1851 3400
1876 3323
1901 3341
1926 3417
1951 3443
1976 3386
