1 1 39
1 2 41
1 3 37
1 4 39
1 5 41
1 6 41
1 7 37
1 8 39
1 9 27
1 10 29
1 11 31
1 12 40
1 13 39
1 14 40
1 15 38
1 16 39
1 17 30
1 18 31
1 19 36
1 20 33
1 21 25
1 22 35
1 23 40
1 24 42
1 25 40
1 26 27
1 27 36
1 28 29
1 29 34
1 30 41
1 31 32
1 32 34
1 33 33
1 34 40
1 35 32
1 36 39
1 37 32
1 38 31
1 39 27
1 40 41
1 41 35
1 42 37
1 43 31
1 44 34
1 45 39
1 46 27
1 47 39
1 48 44
1 49 33
1 50 39
1 51 42
1 52 41
1 53 38
1 54 35
1 55 28
1 56 34
1 57 33
1 58 37
1 59 41
1 60 41
1 61 31
1 62 39
1 63 41
1 64 44
1 65 27
1 66 22
1 67 36
1 68 37
1 69 37
1 70 38
1 71 38
1 72 24
1 73 36
1 74 39
1 75 31
1 76 44
1 77 26
1 78 32
1 79 32
1 80 31
1 81 38
1 82 27
1 83 31
1 84 28
1 85 31
1 86 36
1 87 33
1 88 34
1 89 28
1 90 35
1 91 40
1 92 49
1 93 39
1 94 34
1 95 32
1 96 39
1 97 41
1 98 27
1 99 38
1 100 35
1 101 35
1 102 39
1 103 50
1 104 33
1 105 29
1 106 33
1 107 41
1 108 40
1 109 30
1 110 40
1 111 33
1 112 20
1 113 43
1 114 37
1 115 40
1 116 35
1 117 28
1 118 45
1 119 42
1 120 36
1 121 38
26 1 43
26 2 36
26 3 39
26 4 39
26 5 38
26 6 41
26 7 40
26 8 38
26 9 0
26 10 0
26 11 0
26 12 47
26 13 38
26 14 43
26 15 41
26 16 32
26 17 30
26 18 40
26 19 37
26 20 0
26 21 0
26 22 0
26 23 38
26 24 40
26 25 41
26 26 0
26 27 0
26 28 35
26 29 28
26 30 40
26 31 0
26 32 0
26 33 0
26 34 41
26 35 31
26 36 45
26 37 0
26 38 0
26 39 0
26 40 42
26 41 36
26 42 41
26 43 0
26 44 0
26 45 0
26 46 0
26 47 39
26 48 39
26 49 35
26 50 25
26 51 45
26 52 34
26 53 36
26 54 0
26 55 0
26 56 8
26 57 0
26 58 31
26 59 40
26 60 40
26 61 0
26 62 31
26 63 40
26 64 39
26 65 0
26 66 9
26 67 0
26 68 0
26 69 31
26 70 41
26 71 40
26 72 14
26 73 0
26 74 0
26 75 0
26 76 7
26 77 0
26 78 0
26 79 0
26 80 0
26 81 10
26 82 0
26 83 0
26 84 0
26 85 0
26 86 0
26 87 0
26 88 0
26 89 7
26 90 0
26 91 40
26 92 45
26 93 40
26 94 0
26 95 33
26 96 43
26 97 42
26 98 0
26 99 0
26 100 0
26 101 0
26 102 33
26 103 46
26 104 38
26 105 0
26 106 40
26 107 38
26 108 39
26 109 32
26 110 47
26 111 0
26 112 0
26 113 41
26 114 38
26 115 40
26 116 0
26 117 36
26 118 39
26 119 42
26 120 37
26 121 30
51 1 38
51 2 37
51 3 40
51 4 42
51 5 38
51 6 40
51 7 36
51 8 30
51 9 0
51 10 0
51 11 0
51 12 45
51 13 31
51 14 40
51 15 41
51 16 36
51 17 30
51 18 31
51 19 41
51 20 0
51 21 0
51 22 0
51 23 38
51 24 37
51 25 40
51 26 0
51 27 0
51 28 29
51 29 29
51 30 38
51 31 0
51 32 0
51 33 0
51 34 42
51 35 30
51 36 39
51 37 0
51 38 0
51 39 0
51 40 39
51 41 41
51 42 35
51 43 0
51 44 0
51 45 0
51 46 0
51 47 37
51 48 39
51 49 33
51 50 28
51 51 45
51 52 35
51 53 40
51 54 0
51 55 0
51 56 5
51 57 0
51 58 30
51 59 35
51 60 40
51 61 0
51 62 34
51 63 42
51 64 43
51 65 0
51 66 10
51 67 0
51 68 0
51 69 38
51 70 39
51 71 38
51 72 9
51 73 0
51 74 0
51 75 0
51 76 10
51 77 0
51 78 0
51 79 0
51 80 0
51 81 16
51 82 0
51 83 0
51 84 0
51 85 0
51 86 0
51 87 0
51 88 0
51 89 0
51 90 0
51 91 39
51 92 39
51 93 41
51 94 0
51 95 31
51 96 43
51 97 40
51 98 0
51 99 0
51 100 0
51 101 0
51 102 41
51 103 50
51 104 35
51 105 0
51 106 39
51 107 40
51 108 35
51 109 37
51 110 51
51 111 0
51 112 0
51 113 40
51 114 40
51 115 44
51 116 0
51 117 37
51 118 40
51 119 31
51 120 44
51 121 33
76 1 37
76 2 34
76 3 41
76 4 40
76 5 41
76 6 43
76 7 40
76 8 39
76 9 0
76 10 0
76 11 0
76 12 46
76 13 36
76 14 36
76 15 41
76 16 37
76 17 32
76 18 30
76 19 40
76 20 0
76 21 0
76 22 0
76 23 32
76 24 33
76 25 45
76 26 0
76 27 0
76 28 36
76 29 34
76 30 43
76 31 0
76 32 0
76 33 0
76 34 40
76 35 31
76 36 39
76 37 0
76 38 0
76 39 0
76 40 39
76 41 36
76 42 33
76 43 0
76 44 0
76 45 0
76 46 0
76 47 41
76 48 37
76 49 38
76 50 25
76 51 47
76 52 40
76 53 35
76 54 0
76 55 0
76 56 8
76 57 0
76 58 30
76 59 41
76 60 40
76 61 0
76 62 30
76 63 40
76 64 41
76 65 0
76 66 0
76 67 0
76 68 0
76 69 41
76 70 38
76 71 40
76 72 9
76 73 0
76 74 0
76 75 0
76 76 10
76 77 0
76 78 0
76 79 0
76 80 0
76 81 12
76 82 0
76 83 0
76 84 0
76 85 0
76 86 0
76 87 0
76 88 0
76 89 0
76 90 0
76 91 46
76 92 47
76 93 37
76 94 0
76 95 38
76 96 40
76 97 42
76 98 0
76 99 0
76 100 0
76 101 0
76 102 32
76 103 39
76 104 33
76 105 0
76 106 41
76 107 36
76 108 35
76 109 34
76 110 43
76 111 0
76 112 0
76 113 36
76 114 37
76 115 42
76 116 0
76 117 31
76 118 38
76 119 44
76 120 42
76 121 43
101 1 41
101 2 32
101 3 40
101 4 39
101 5 40
101 6 34
101 7 32
101 8 41
101 9 0
101 10 0
101 11 0
101 12 45
101 13 39
101 14 43
101 15 40
101 16 36
101 17 29
101 18 41
101 19 33
101 20 0
101 21 0
101 22 0
101 23 37
101 24 39
101 25 36
101 26 0
101 27 0
101 28 30
101 29 32
101 30 41
101 31 0
101 32 0
101 33 0
101 34 39
101 35 37
101 36 41
101 37 0
101 38 0
101 39 0
101 40 42
101 41 33
101 42 39
101 43 0
101 44 0
101 45 0
101 46 0
101 47 37
101 48 41
101 49 29
101 50 11
101 51 45
101 52 29
101 53 40
101 54 0
101 55 0
101 56 0
101 57 0
101 58 36
101 59 43
101 60 37
101 61 0
101 62 31
101 63 43
101 64 37
101 65 0
101 66 0
101 67 0
101 68 0
101 69 41
101 70 38
101 71 33
101 72 10
101 73 0
101 74 0
101 75 0
101 76 0
101 77 0
101 78 0
101 79 0
101 80 0
101 81 13
101 82 0
101 83 0
101 84 0
101 85 0
101 86 0
101 87 0
101 88 0
101 89 0
101 90 0
101 91 30
101 92 48
101 93 40
101 94 0
101 95 35
101 96 39
101 97 37
101 98 0
101 99 0
101 100 0
101 101 0
101 102 42
101 103 48
101 104 34
101 105 0
101 106 33
101 107 40
101 108 39
101 109 41
101 110 47
101 111 0
101 112 0
101 113 42
101 114 37
101 115 41
101 116 0
101 117 32
101 118 37
101 119 31
101 120 40
101 121 37
126 1 43
126 2 38
126 3 39
126 4 43
126 5 42
126 6 40
126 7 39
126 8 41
126 9 0
126 10 0
126 11 0
126 12 41
126 13 38
126 14 39
126 15 45
126 16 30
126 17 40
126 18 31
126 19 34
126 20 0
126 21 0
126 22 0
126 23 35
126 24 35
126 25 39
126 26 0
126 27 0
126 28 37
126 29 32
126 30 35
126 31 0
126 32 0
126 33 0
126 34 40
126 35 40
126 36 44
126 37 0
126 38 0
126 39 0
126 40 36
126 41 37
126 42 36
126 43 0
126 44 0
126 45 0
126 46 0
126 47 39
126 48 37
126 49 37
126 50 12
126 51 52
126 52 38
126 53 40
126 54 0
126 55 0
126 56 0
126 57 0
126 58 34
126 59 40
126 60 39
126 61 0
126 62 37
126 63 40
126 64 41
126 65 0
126 66 0
126 67 0
126 68 0
126 69 30
126 70 39
126 71 40
126 72 12
126 73 0
126 74 0
126 75 0
126 76 0
126 77 0
126 78 0
126 79 0
126 80 0
126 81 11
126 82 0
126 83 0
126 84 0
126 85 0
126 86 0
126 87 0
126 88 0
126 89 0
126 90 0
126 91 41
126 92 45
126 93 33
126 94 0
126 95 38
126 96 41
126 97 39
126 98 0
126 99 0
126 100 0
126 101 0
126 102 40
126 103 44
126 104 29
126 105 0
126 106 41
126 107 35
126 108 40
126 109 33
126 110 40
126 111 0
126 112 0
126 113 41
126 114 39
126 115 40
126 116 0
126 117 30
126 118 42
126 119 36
126 120 37
126 121 38
151 1 38
151 2 40
151 3 32
151 4 39
151 5 34
151 6 41
151 7 39
151 8 42
151 9 0
151 10 0
151 11 0
151 12 37
151 13 43
151 14 39
151 15 39
151 16 37
151 17 33
151 18 41
151 19 35
151 20 0
151 21 0
151 22 0
151 23 37
151 24 38
151 25 43
151 26 0
151 27 0
151 28 36
151 29 32
151 30 37
151 31 0
151 32 0
151 33 0
151 34 39
151 35 32
151 36 40
151 37 0
151 38 0
151 39 0
151 40 40
151 41 34
151 42 36
151 43 0
151 44 0
151 45 0
151 46 0
151 47 34
151 48 37
151 49 33
151 50 16
151 51 38
151 52 33
151 53 40
151 54 0
151 55 0
151 56 0
151 57 0
151 58 31
151 59 37
151 60 38
151 61 0
151 62 34
151 63 39
151 64 40
151 65 0
151 66 0
151 67 0
151 68 0
151 69 31
151 70 40
151 71 39
151 72 9
151 73 0
151 74 0
151 75 0
151 76 0
151 77 0
151 78 0
151 79 0
151 80 0
151 81 0
151 82 0
151 83 0
151 84 0
151 85 0
151 86 0
151 87 0
151 88 0
151 89 0
151 90 0
151 91 39
151 92 46
151 93 30
151 94 0
151 95 39
151 96 39
151 97 34
151 98 0
151 99 0
151 100 0
151 101 0
151 102 38
151 103 42
151 104 40
151 105 0
151 106 37
151 107 40
151 108 37
151 109 41
151 110 39
151 111 0
151 112 0
151 113 40
151 114 43
151 115 38
151 116 0
151 117 39
151 118 38
151 119 39
151 120 42
151 121 31
176 1 43
176 2 40
176 3 37
176 4 38
176 5 37
176 6 42
176 7 40
176 8 39
176 9 0
176 10 0
176 11 0
176 12 43
176 13 36
176 14 40
176 15 42
176 16 38
176 17 34
176 18 36
176 19 40
176 20 0
176 21 0
176 22 0
176 23 40
176 24 40
176 25 39
176 26 0
176 27 0
176 28 32
176 29 31
176 30 39
176 31 0
176 32 0
176 33 0
176 34 33
176 35 29
176 36 43
176 37 0
176 38 0
176 39 0
176 40 40
176 41 40
176 42 32
176 43 0
176 44 0
176 45 0
176 46 0
176 47 42
176 48 37
176 49 37
176 50 16
176 51 48
176 52 37
176 53 39
176 54 0
176 55 0
176 56 0
176 57 0
176 58 37
176 59 42
176 60 40
176 61 0
176 62 31
176 63 48
176 64 38
176 65 0
176 66 0
176 67 0
176 68 0
176 69 32
176 70 41
176 71 42
176 72 0
176 73 0
176 74 0
176 75 0
176 76 0
176 77 0
176 78 0
176 79 0
176 80 0
176 81 0
176 82 0
176 83 0
176 84 0
176 85 0
176 86 0
176 87 0
176 88 0
176 89 0
176 90 0
176 91 38
176 92 44
176 93 39
176 94 0
176 95 37
176 96 38
176 97 38
176 98 0
176 99 0
176 100 0
176 101 0
176 102 38
176 103 40
176 104 35
176 105 0
176 106 37
176 107 39
176 108 38
176 109 33
176 110 41
176 111 0
176 112 0
176 113 35
176 114 39
176 115 35
176 116 0
176 117 29
176 118 40
176 119 45
176 120 40
176 121 33
201 1 40
201 2 40
201 3 42
201 4 41
201 5 40
201 6 36
201 7 37
201 8 30
201 9 0
201 10 0
201 11 0
201 12 46
201 13 38
201 14 39
201 15 44
201 16 37
201 17 30
201 18 31
201 19 38
201 20 0
201 21 0
201 22 0
201 23 40
201 24 35
201 25 40
201 26 0
201 27 0
201 28 32
201 29 34
201 30 43
201 31 0
201 32 0
201 33 0
201 34 42
201 35 39
201 36 42
201 37 0
201 38 0
201 39 0
201 40 41
201 41 41
201 42 35
201 43 0
201 44 0
201 45 0
201 46 0
201 47 41
201 48 38
201 49 39
201 50 6
201 51 44
201 52 39
201 53 39
201 54 0
201 55 0
201 56 0
201 57 0
201 58 30
201 59 39
201 60 34
201 61 0
201 62 32
201 63 42
201 64 35
201 65 0
201 66 0
201 67 0
201 68 0
201 69 30
201 70 46
201 71 39
201 72 0
201 73 0
201 74 0
201 75 0
201 76 0
201 77 0
201 78 0
201 79 0
201 80 0
201 81 0
201 82 0
201 83 0
201 84 0
201 85 0
201 86 0
201 87 0
201 88 0
201 89 0
201 90 0
201 91 40
201 92 38
201 93 34
201 94 0
201 95 34
201 96 39
201 97 37
201 98 0
201 99 0
201 100 0
201 101 0
201 102 37
201 103 47
201 104 39
201 105 0
201 106 37
201 107 32
201 108 39
201 109 38
201 110 37
201 111 0
201 112 0
201 113 42
201 114 39
201 115 42
201 116 0
201 117 29
201 118 39
201 119 41
201 120 37
201 121 36
226 1 41
226 2 39
226 3 36
226 4 39
226 5 42
226 6 39
226 7 40
226 8 41
226 9 0
226 10 0
226 11 0
226 12 48
226 13 38
226 14 40
226 15 42
226 16 35
226 17 35
226 18 31
226 19 38
226 20 0
226 21 0
226 22 0
226 23 38
226 24 39
226 25 40
226 26 0
226 27 0
226 28 33
226 29 30
226 30 31
226 31 0
226 32 0
226 33 0
226 34 42
226 35 32
226 36 42
226 37 0
226 38 0
226 39 0
226 40 35
226 41 36
226 42 33
226 43 0
226 44 0
226 45 0
226 46 0
226 47 36
226 48 41
226 49 41
226 50 10
226 51 43
226 52 40
226 53 40
226 54 0
226 55 0
226 56 0
226 57 0
226 58 34
226 59 37
226 60 41
226 61 0
226 62 32
226 63 50
226 64 38
226 65 0
226 66 0
226 67 0
226 68 0
226 69 28
226 70 44
226 71 39
226 72 0
226 73 0
226 74 0
226 75 0
226 76 0
226 77 0
226 78 0
226 79 0
226 80 0
226 81 0
226 82 0
226 83 0
226 84 0
226 85 0
226 86 0
226 87 0
226 88 0
226 89 0
226 90 0
226 91 38
226 92 45
226 93 34
226 94 0
226 95 36
226 96 37
226 97 39
226 98 0
226 99 0
226 100 0
226 101 0
226 102 37
226 103 47
226 104 33
226 105 0
226 106 40
226 107 41
226 108 40
226 109 38
226 110 40
226 111 0
226 112 0
226 113 40
226 114 41
226 115 39
226 116 0
226 117 31
226 118 38
226 119 36
226 120 39
226 121 36
251 1 43
251 2 42
251 3 42
251 4 38
251 5 40
251 6 39
251 7 38
251 8 36
251 9 0
251 10 0
251 11 0
251 12 41
251 13 39
251 14 40
251 15 41
251 16 35
251 17 33
251 18 34
251 19 36
251 20 0
251 21 0
251 22 0
251 23 35
251 24 36
251 25 38
251 26 0
251 27 0
251 28 36
251 29 35
251 30 31
251 31 0
251 32 0
251 33 0
251 34 39
251 35 31
251 36 40
251 37 0
251 38 0
251 39 0
251 40 40
251 41 35
251 42 39
251 43 0
251 44 0
251 45 0
251 46 0
251 47 39
251 48 43
251 49 33
251 50 12
251 51 55
251 52 40
251 53 40
251 54 0
251 55 0
251 56 0
251 57 0
251 58 27
251 59 34
251 60 38
251 61 0
251 62 41
251 63 39
251 64 45
251 65 0
251 66 0
251 67 0
251 68 0
251 69 31
251 70 40
251 71 39
251 72 0
251 73 0
251 74 0
251 75 0
251 76 0
251 77 0
251 78 0
251 79 0
251 80 0
251 81 0
251 82 0
251 83 0
251 84 0
251 85 0
251 86 0
251 87 0
251 88 0
251 89 0
251 90 0
251 91 41
251 92 46
251 93 39
251 94 0
251 95 37
251 96 41
251 97 41
251 98 0
251 99 0
251 100 0
251 101 0
251 102 40
251 103 48
251 104 36
251 105 0
251 106 32
251 107 41
251 108 39
251 109 40
251 110 44
251 111 0
251 112 0
251 113 41
251 114 37
251 115 42
251 116 0
251 117 33
251 118 35
251 119 36
251 120 40
251 121 31
276 1 40
276 2 32
276 3 30
276 4 47
276 5 39
276 6 40
276 7 36
276 8 37
276 9 0
276 10 0
276 11 0
276 12 50
276 13 39
276 14 46
276 15 42
276 16 30
276 17 34
276 18 32
276 19 42
276 20 0
276 21 0
276 22 0
276 23 33
276 24 40
276 25 40
276 26 0
276 27 0
276 28 30
276 29 30
276 30 35
276 31 0
276 32 0
276 33 0
276 34 42
276 35 32
276 36 40
276 37 0
276 38 0
276 39 0
276 40 38
276 41 40
276 42 32
276 43 0
276 44 0
276 45 0
276 46 0
276 47 39
276 48 45
276 49 33
276 50 12
276 51 37
276 52 38
276 53 42
276 54 0
276 55 0
276 56 0
276 57 0
276 58 40
276 59 38
276 60 37
276 61 0
276 62 36
276 63 39
276 64 44
276 65 0
276 66 0
276 67 0
276 68 0
276 69 29
276 70 45
276 71 38
276 72 0
276 73 0
276 74 0
276 75 0
276 76 0
276 77 0
276 78 0
276 79 0
276 80 0
276 81 0
276 82 0
276 83 0
276 84 0
276 85 0
276 86 0
276 87 0
276 88 0
276 89 0
276 90 0
276 91 38
276 92 41
276 93 40
276 94 0
276 95 39
276 96 38
276 97 38
276 98 0
276 99 0
276 100 0
276 101 0
276 102 40
276 103 55
276 104 35
276 105 0
276 106 39
276 107 37
276 108 39
276 109 37
276 110 45
276 111 0
276 112 0
276 113 40
276 114 35
276 115 40
276 116 0
276 117 35
276 118 40
276 119 39
276 120 39
276 121 39
301 1 39
301 2 34
301 3 31
301 4 43
301 5 40
301 6 40
301 7 38
301 8 42
301 9 0
301 10 0
301 11 0
301 12 48
301 13 39
301 14 37
301 15 44
301 16 37
301 17 29
301 18 30
301 19 42
301 20 0
301 21 0
301 22 0
301 23 39
301 24 38
301 25 41
301 26 0
301 27 0
301 28 31
301 29 31
301 30 41
301 31 0
301 32 0
301 33 0
301 34 41
301 35 32
301 36 41
301 37 0
301 38 0
301 39 0
301 40 40
301 41 40
301 42 32
301 43 0
301 44 0
301 45 0
301 46 0
301 47 36
301 48 38
301 49 36
301 50 12
301 51 42
301 52 39
301 53 32
301 54 0
301 55 0
301 56 0
301 57 0
301 58 31
301 59 36
301 60 39
301 61 0
301 62 36
301 63 45
301 64 40
301 65 0
301 66 0
301 67 0
301 68 0
301 69 30
301 70 40
301 71 36
301 72 0
301 73 0
301 74 0
301 75 0
301 76 0
301 77 0
301 78 0
301 79 0
301 80 0
301 81 0
301 82 0
301 83 0
301 84 0
301 85 0
301 86 0
301 87 0
301 88 0
301 89 0
301 90 0
301 91 38
301 92 41
301 93 48
301 94 0
301 95 40
301 96 41
301 97 36
301 98 0
301 99 0
301 100 0
301 101 0
301 102 32
301 103 47
301 104 31
301 105 0
301 106 39
301 107 40
301 108 38
301 109 36
301 110 38
301 111 0
301 112 0
301 113 36
301 114 38
301 115 31
301 116 0
301 117 31
301 118 32
301 119 35
301 120 46
301 121 35
326 1 40
326 2 34
326 3 38
326 4 44
326 5 37
326 6 38
326 7 40
326 8 35
326 9 0
326 10 0
326 11 0
326 12 44
326 13 43
326 14 30
326 15 44
326 16 30
326 17 30
326 18 35
326 19 38
326 20 0
326 21 0
326 22 0
326 23 34
326 24 38
326 25 47
326 26 0
326 27 0
326 28 40
326 29 38
326 30 39
326 31 0
326 32 0
326 33 0
326 34 39
326 35 34
326 36 39
326 37 0
326 38 0
326 39 0
326 40 40
326 41 43
326 42 34
326 43 0
326 44 0
326 45 0
326 46 0
326 47 40
326 48 41
326 49 36
326 50 12
326 51 48
326 52 41
326 53 40
326 54 0
326 55 0
326 56 0
326 57 0
326 58 31
326 59 41
326 60 40
326 61 0
326 62 34
326 63 32
326 64 40
326 65 0
326 66 0
326 67 0
326 68 0
326 69 32
326 70 41
326 71 39
326 72 0
326 73 0
326 74 0
326 75 0
326 76 0
326 77 0
326 78 0
326 79 0
326 80 0
326 81 0
326 82 0
326 83 0
326 84 0
326 85 0
326 86 0
326 87 0
326 88 0
326 89 0
326 90 0
326 91 42
326 92 47
326 93 40
326 94 0
326 95 37
326 96 41
326 97 38
326 98 0
326 99 0
326 100 0
326 101 0
326 102 40
326 103 47
326 104 33
326 105 0
326 106 40
326 107 37
326 108 42
326 109 39
326 110 42
326 111 0
326 112 0
326 113 40
326 114 37
326 115 45
326 116 0
326 117 33
326 118 36
326 119 40
326 120 43
326 121 39
351 1 41
351 2 39
351 3 33
351 4 33
351 5 37
351 6 40
351 7 40
351 8 42
351 9 0
351 10 0
351 11 0
351 12 40
351 13 41
351 14 40
351 15 44
351 16 36
351 17 37
351 18 37
351 19 35
351 20 0
351 21 0
351 22 0
351 23 36
351 24 36
351 25 38
351 26 0
351 27 0
351 28 33
351 29 36
351 30 40
351 31 0
351 32 0
351 33 0
351 34 43
351 35 30
351 36 36
351 37 0
351 38 0
351 39 0
351 40 36
351 41 35
351 42 43
351 43 0
351 44 0
351 45 0
351 46 0
351 47 40
351 48 37
351 49 34
351 50 10
351 51 41
351 52 36
351 53 35
351 54 0
351 55 0
351 56 0
351 57 0
351 58 33
351 59 41
351 60 38
351 61 0
351 62 33
351 63 40
351 64 39
351 65 0
351 66 0
351 67 0
351 68 0
351 69 28
351 70 44
351 71 36
351 72 0
351 73 0
351 74 0
351 75 0
351 76 0
351 77 0
351 78 0
351 79 0
351 80 0
351 81 0
351 82 0
351 83 0
351 84 0
351 85 0
351 86 0
351 87 0
351 88 0
351 89 0
351 90 0
351 91 40
351 92 40
351 93 41
351 94 0
351 95 35
351 96 40
351 97 36
351 98 0
351 99 0
351 100 0
351 101 0
351 102 40
351 103 49
351 104 40
351 105 0
351 106 40
351 107 35
351 108 38
351 109 41
351 110 48
351 111 0
351 112 0
351 113 38
351 114 40
351 115 40
351 116 0
351 117 31
351 118 39
351 119 33
351 120 40
351 121 32
376 1 39
376 2 40
376 3 41
376 4 38
376 5 40
376 6 36
376 7 40
376 8 40
376 9 0
376 10 0
376 11 0
376 12 44
376 13 38
376 14 40
376 15 38
376 16 37
376 17 30
376 18 31
376 19 40
376 20 0
376 21 0
376 22 0
376 23 40
376 24 44
376 25 39
376 26 0
376 27 0
376 28 27
376 29 30
376 30 39
376 31 0
376 32 0
376 33 0
376 34 38
376 35 38
376 36 40
376 37 0
376 38 0
376 39 0
376 40 40
376 41 41
376 42 31
376 43 0
376 44 0
376 45 0
376 46 0
376 47 43
376 48 40
376 49 41
376 50 20
376 51 40
376 52 36
376 53 37
376 54 0
376 55 0
376 56 0
376 57 0
376 58 31
376 59 35
376 60 38
376 61 0
376 62 31
376 63 43
376 64 38
376 65 0
376 66 0
376 67 0
376 68 0
376 69 30
376 70 42
376 71 41
376 72 0
376 73 0
376 74 0
376 75 0
376 76 0
376 77 0
376 78 0
376 79 0
376 80 0
376 81 0
376 82 0
376 83 0
376 84 0
376 85 0
376 86 0
376 87 0
376 88 0
376 89 0
376 90 0
376 91 37
376 92 45
376 93 36
376 94 0
376 95 38
376 96 42
376 97 40
376 98 0
376 99 0
376 100 0
376 101 0
376 102 37
376 103 47
376 104 39
376 105 0
376 106 38
376 107 38
376 108 35
376 109 33
376 110 47
376 111 0
376 112 0
376 113 35
376 114 45
376 115 40
376 116 0
376 117 33
376 118 40
376 119 43
376 120 35
376 121 33
401 1 45
401 2 36
401 3 39
401 4 41
401 5 42
401 6 37
401 7 40
401 8 32
401 9 0
401 10 0
401 11 0
401 12 51
401 13 35
401 14 35
401 15 37
401 16 32
401 17 36
401 18 31
401 19 40
401 20 0
401 21 0
401 22 0
401 23 34
401 24 39
401 25 40
401 26 0
401 27 0
401 28 33
401 29 27
401 30 42
401 31 0
401 32 0
401 33 0
401 34 40
401 35 30
401 36 45
401 37 0
401 38 0
401 39 0
401 40 37
401 41 40
401 42 30
401 43 0
401 44 0
401 45 0
401 46 0
401 47 35
401 48 39
401 49 41
401 50 13
401 51 48
401 52 39
401 53 36
401 54 0
401 55 0
401 56 0
401 57 0
401 58 32
401 59 41
401 60 40
401 61 0
401 62 33
401 63 42
401 64 36
401 65 0
401 66 0
401 67 0
401 68 0
401 69 26
401 70 49
401 71 36
401 72 0
401 73 0
401 74 0
401 75 0
401 76 0
401 77 0
401 78 0
401 79 0
401 80 0
401 81 0
401 82 0
401 83 0
401 84 0
401 85 0
401 86 0
401 87 0
401 88 0
401 89 0
401 90 0
401 91 40
401 92 41
401 93 45
401 94 0
401 95 35
401 96 41
401 97 41
401 98 0
401 99 0
401 100 0
401 101 0
401 102 32
401 103 44
401 104 32
401 105 0
401 106 42
401 107 38
401 108 35
401 109 43
401 110 41
401 111 0
401 112 0
401 113 31
401 114 31
401 115 42
401 116 0
401 117 32
401 118 38
401 119 43
401 120 40
401 121 32
426 1 31
426 2 31
426 3 37
426 4 38
426 5 39
426 6 33
426 7 32
426 8 38
426 9 0
426 10 0
426 11 0
426 12 51
426 13 39
426 14 35
426 15 45
426 16 34
426 17 35
426 18 34
426 19 34
426 20 0
426 21 0
426 22 0
426 23 41
426 24 41
426 25 40
426 26 0
426 27 0
426 28 35
426 29 34
426 30 44
426 31 0
426 32 0
426 33 0
426 34 40
426 35 36
426 36 38
426 37 0
426 38 0
426 39 0
426 40 40
426 41 45
426 42 32
426 43 0
426 44 0
426 45 0
426 46 0
426 47 39
426 48 41
426 49 38
426 50 9
426 51 56
426 52 40
426 53 40
426 54 0
426 55 0
426 56 0
426 57 0
426 58 38
426 59 42
426 60 38
426 61 0
426 62 34
426 63 46
426 64 37
426 65 0
426 66 0
426 67 0
426 68 0
426 69 30
426 70 46
426 71 35
426 72 0
426 73 0
426 74 0
426 75 0
426 76 0
426 77 0
426 78 0
426 79 0
426 80 0
426 81 0
426 82 0
426 83 0
426 84 0
426 85 0
426 86 0
426 87 0
426 88 0
426 89 0
426 90 0
426 91 37
426 92 37
426 93 45
426 94 0
426 95 39
426 96 40
426 97 40
426 98 0
426 99 0
426 100 0
426 101 0
426 102 40
426 103 47
426 104 31
426 105 0
426 106 40
426 107 38
426 108 33
426 109 30
426 110 40
426 111 0
426 112 0
426 113 40
426 114 39
426 115 40
426 116 0
426 117 30
426 118 39
426 119 40
426 120 41
426 121 31
451 1 40
451 2 30
451 3 40
451 4 40
451 5 41
451 6 41
451 7 37
451 8 40
451 9 0
451 10 0
451 11 0
451 12 42
451 13 30
451 14 34
451 15 41
451 16 32
451 17 34
451 18 39
451 19 43
451 20 0
451 21 0
451 22 0
451 23 40
451 24 41
451 25 40
451 26 0
451 27 0
451 28 36
451 29 33
451 30 44
451 31 0
451 32 0
451 33 0
451 34 40
451 35 38
451 36 39
451 37 0
451 38 0
451 39 0
451 40 39
451 41 39
451 42 34
451 43 0
451 44 0
451 45 0
451 46 0
451 47 37
451 48 48
451 49 39
451 50 11
451 51 43
451 52 34
451 53 40
451 54 0
451 55 0
451 56 0
451 57 0
451 58 30
451 59 41
451 60 40
451 61 0
451 62 41
451 63 40
451 64 36
451 65 0
451 66 0
451 67 0
451 68 0
451 69 30
451 70 40
451 71 40
451 72 0
451 73 0
451 74 0
451 75 0
451 76 0
451 77 0
451 78 0
451 79 0
451 80 0
451 81 0
451 82 0
451 83 0
451 84 0
451 85 0
451 86 0
451 87 0
451 88 0
451 89 0
451 90 0
451 91 35
451 92 38
451 93 40
451 94 0
451 95 38
451 96 38
451 97 40
451 98 0
451 99 0
451 100 0
451 101 0
451 102 37
451 103 50
451 104 33
451 105 0
451 106 37
451 107 33
451 108 44
451 109 40
451 110 40
451 111 0
451 112 0
451 113 40
451 114 38
451 115 40
451 116 0
451 117 41
451 118 40
451 119 37
451 120 39
451 121 39
476 1 36
476 2 31
476 3 36
476 4 40
476 5 38
476 6 34
476 7 39
476 8 40
476 9 0
476 10 0
476 11 0
476 12 46
476 13 38
476 14 40
476 15 42
476 16 36
476 17 32
476 18 34
476 19 36
476 20 0
476 21 0
476 22 0
476 23 39
476 24 40
476 25 39
476 26 0
476 27 0
476 28 32
476 29 33
476 30 38
476 31 0
476 32 0
476 33 0
476 34 39
476 35 32
476 36 40
476 37 0
476 38 0
476 39 0
476 40 37
476 41 40
476 42 35
476 43 0
476 44 0
476 45 0
476 46 0
476 47 34
476 48 39
476 49 29
476 50 14
476 51 48
476 52 31
476 53 37
476 54 0
476 55 0
476 56 0
476 57 0
476 58 33
476 59 38
476 60 34
476 61 0
476 62 33
476 63 47
476 64 39
476 65 0
476 66 0
476 67 0
476 68 0
476 69 30
476 70 41
476 71 31
476 72 0
476 73 0
476 74 0
476 75 0
476 76 0
476 77 0
476 78 0
476 79 0
476 80 0
476 81 0
476 82 0
476 83 0
476 84 0
476 85 0
476 86 0
476 87 0
476 88 0
476 89 0
476 90 0
476 91 41
476 92 45
476 93 40
476 94 0
476 95 41
476 96 40
476 97 38
476 98 0
476 99 0
476 100 0
476 101 0
476 102 43
476 103 51
476 104 42
476 105 0
476 106 40
476 107 38
476 108 36
476 109 41
476 110 39
476 111 0
476 112 0
476 113 40
476 114 38
476 115 43
476 116 0
476 117 32
476 118 37
476 119 36
476 120 40
476 121 40
501 1 40
501 2 42
501 3 38
501 4 44
501 5 40
501 6 35
501 7 46
501 8 44
501 9 0
501 10 0
501 11 0
501 12 50
501 13 28
501 14 39
501 15 41
501 16 31
501 17 30
501 18 40
501 19 40
501 20 0
501 21 0
501 22 0
501 23 37
501 24 45
501 25 39
501 26 0
501 27 0
501 28 30
501 29 34
501 30 41
501 31 0
501 32 0
501 33 0
501 34 38
501 35 32
501 36 40
501 37 0
501 38 0
501 39 0
501 40 41
501 41 36
501 42 30
501 43 0
501 44 0
501 45 0
501 46 0
501 47 40
501 48 39
501 49 36
501 50 17
501 51 48
501 52 33
501 53 39
501 54 0
501 55 0
501 56 0
501 57 0
501 58 39
501 59 38
501 60 43
501 61 0
501 62 32
501 63 43
501 64 38
501 65 0
501 66 0
501 67 0
501 68 0
501 69 31
501 70 40
501 71 40
501 72 0
501 73 0
501 74 0
501 75 0
501 76 0
501 77 0
501 78 0
501 79 0
501 80 0
501 81 0
501 82 0
501 83 0
501 84 0
501 85 0
501 86 0
501 87 0
501 88 0
501 89 0
501 90 0
501 91 41
501 92 45
501 93 35
501 94 0
501 95 34
501 96 37
501 97 33
501 98 0
501 99 0
501 100 0
501 101 0
501 102 40
501 103 48
501 104 30
501 105 0
501 106 40
501 107 42
501 108 40
501 109 32
501 110 40
501 111 0
501 112 0
501 113 36
501 114 32
501 115 34
501 116 0
501 117 28
501 118 41
501 119 36
501 120 40
501 121 32
526 1 43
526 2 39
526 3 35
526 4 33
526 5 39
526 6 41
526 7 40
526 8 40
526 9 0
526 10 0
526 11 0
526 12 39
526 13 30
526 14 40
526 15 45
526 16 29
526 17 30
526 18 28
526 19 38
526 20 0
526 21 0
526 22 0
526 23 33
526 24 42
526 25 41
526 26 0
526 27 0
526 28 30
526 29 31
526 30 39
526 31 0
526 32 0
526 33 0
526 34 34
526 35 32
526 36 40
526 37 0
526 38 0
526 39 0
526 40 39
526 41 44
526 42 37
526 43 0
526 44 0
526 45 0
526 46 0
526 47 41
526 48 40
526 49 33
526 50 18
526 51 40
526 52 39
526 53 41
526 54 0
526 55 0
526 56 0
526 57 0
526 58 36
526 59 37
526 60 39
526 61 0
526 62 33
526 63 50
526 64 42
526 65 0
526 66 0
526 67 0
526 68 0
526 69 26
526 70 42
526 71 43
526 72 0
526 73 0
526 74 0
526 75 0
526 76 0
526 77 0
526 78 0
526 79 0
526 80 0
526 81 0
526 82 0
526 83 0
526 84 0
526 85 0
526 86 0
526 87 0
526 88 0
526 89 0
526 90 0
526 91 40
526 92 45
526 93 40
526 94 0
526 95 34
526 96 41
526 97 46
526 98 0
526 99 0
526 100 0
526 101 0
526 102 34
526 103 50
526 104 39
526 105 0
526 106 38
526 107 37
526 108 40
526 109 41
526 110 40
526 111 0
526 112 0
526 113 41
526 114 33
526 115 35
526 116 0
526 117 33
526 118 39
526 119 32
526 120 40
526 121 42
551 1 40
551 2 35
551 3 41
551 4 39
551 5 39
551 6 41
551 7 34
551 8 40
551 9 0
551 10 0
551 11 0
551 12 46
551 13 36
551 14 44
551 15 38
551 16 30
551 17 34
551 18 32
551 19 39
551 20 0
551 21 0
551 22 0
551 23 40
551 24 46
551 25 36
551 26 0
551 27 0
551 28 31
551 29 41
551 30 39
551 31 0
551 32 0
551 33 0
551 34 40
551 35 30
551 36 38
551 37 0
551 38 0
551 39 0
551 40 42
551 41 38
551 42 30
551 43 0
551 44 0
551 45 0
551 46 0
551 47 37
551 48 40
551 49 31
551 50 10
551 51 49
551 52 40
551 53 38
551 54 0
551 55 0
551 56 0
551 57 0
551 58 26
551 59 40
551 60 40
551 61 0
551 62 33
551 63 36
551 64 36
551 65 0
551 66 0
551 67 0
551 68 0
551 69 24
551 70 45
551 71 37
551 72 0
551 73 0
551 74 0
551 75 0
551 76 0
551 77 0
551 78 0
551 79 0
551 80 0
551 81 0
551 82 0
551 83 0
551 84 0
551 85 0
551 86 0
551 87 0
551 88 0
551 89 0
551 90 0
551 91 39
551 92 38
551 93 41
551 94 0
551 95 33
551 96 36
551 97 40
551 98 0
551 99 0
551 100 0
551 101 0
551 102 37
551 103 49
551 104 39
551 105 0
551 106 32
551 107 39
551 108 39
551 109 36
551 110 36
551 111 0
551 112 0
551 113 36
551 114 31
551 115 37
551 116 0
551 117 30
551 118 38
551 119 37
551 120 38
551 121 39
576 1 41
576 2 41
576 3 41
576 4 41
576 5 39
576 6 39
576 7 34
576 8 38
576 9 0
576 10 0
576 11 0
576 12 37
576 13 36
576 14 43
576 15 40
576 16 32
576 17 32
576 18 32
576 19 38
576 20 0
576 21 0
576 22 0
576 23 37
576 24 42
576 25 41
576 26 0
576 27 0
576 28 36
576 29 33
576 30 40
576 31 0
576 32 0
576 33 0
576 34 40
576 35 29
576 36 40
576 37 0
576 38 0
576 39 0
576 40 41
576 41 42
576 42 32
576 43 0
576 44 0
576 45 0
576 46 0
576 47 38
576 48 39
576 49 34
576 50 15
576 51 43
576 52 40
576 53 40
576 54 0
576 55 0
576 56 0
576 57 0
576 58 32
576 59 41
576 60 35
576 61 0
576 62 37
576 63 41
576 64 39
576 65 0
576 66 0
576 67 0
576 68 0
576 69 27
576 70 43
576 71 30
576 72 0
576 73 0
576 74 0
576 75 0
576 76 0
576 77 0
576 78 0
576 79 0
576 80 0
576 81 0
576 82 0
576 83 0
576 84 0
576 85 0
576 86 0
576 87 0
576 88 0
576 89 0
576 90 0
576 91 39
576 92 46
576 93 41
576 94 0
576 95 31
576 96 39
576 97 39
576 98 0
576 99 0
576 100 0
576 101 0
576 102 31
576 103 41
576 104 30
576 105 0
576 106 29
576 107 33
576 108 30
576 109 36
576 110 43
576 111 0
576 112 0
576 113 38
576 114 40
576 115 36
576 116 0
576 117 30
576 118 40
576 119 37
576 120 40
576 121 33
601 1 42
601 2 29
601 3 41
601 4 38
601 5 37
601 6 34
601 7 36
601 8 30
601 9 0
601 10 0
601 11 0
601 12 40
601 13 33
601 14 40
601 15 44
601 16 27
601 17 35
601 18 31
601 19 39
601 20 0
601 21 0
601 22 0
601 23 35
601 24 42
601 25 38
601 26 0
601 27 0
601 28 39
601 29 30
601 30 29
601 31 0
601 32 0
601 33 0
601 34 42
601 35 33
601 36 37
601 37 0
601 38 0
601 39 0
601 40 35
601 41 35
601 42 40
601 43 0
601 44 0
601 45 0
601 46 0
601 47 40
601 48 41
601 49 29
601 50 8
601 51 50
601 52 38
601 53 31
601 54 0
601 55 0
601 56 0
601 57 0
601 58 31
601 59 42
601 60 39
601 61 0
601 62 36
601 63 41
601 64 34
601 65 0
601 66 0
601 67 0
601 68 0
601 69 30
601 70 42
601 71 36
601 72 0
601 73 0
601 74 0
601 75 0
601 76 0
601 77 0
601 78 0
601 79 0
601 80 0
601 81 0
601 82 0
601 83 0
601 84 0
601 85 0
601 86 0
601 87 0
601 88 0
601 89 0
601 90 0
601 91 39
601 92 44
601 93 36
601 94 0
601 95 33
601 96 45
601 97 36
601 98 0
601 99 0
601 100 0
601 101 0
601 102 38
601 103 49
601 104 40
601 105 0
601 106 39
601 107 37
601 108 37
601 109 37
601 110 32
601 111 0
601 112 0
601 113 39
601 114 39
601 115 39
601 116 0
601 117 30
601 118 41
601 119 27
601 120 40
601 121 37
626 1 42
626 2 36
626 3 40
626 4 39
626 5 34
626 6 33
626 7 41
626 8 38
626 9 0
626 10 0
626 11 0
626 12 50
626 13 35
626 14 39
626 15 38
626 16 40
626 17 29
626 18 31
626 19 42
626 20 0
626 21 0
626 22 0
626 23 41
626 24 35
626 25 46
626 26 0
626 27 0
626 28 26
626 29 36
626 30 31
626 31 0
626 32 0
626 33 0
626 34 45
626 35 38
626 36 43
626 37 0
626 38 0
626 39 0
626 40 40
626 41 37
626 42 38
626 43 0
626 44 0
626 45 0
626 46 0
626 47 39
626 48 39
626 49 32
626 50 17
626 51 40
626 52 44
626 53 39
626 54 0
626 55 0
626 56 0
626 57 0
626 58 35
626 59 38
626 60 37
626 61 0
626 62 39
626 63 50
626 64 41
626 65 0
626 66 0
626 67 0
626 68 0
626 69 29
626 70 43
626 71 34
626 72 0
626 73 0
626 74 0
626 75 0
626 76 0
626 77 0
626 78 0
626 79 0
626 80 0
626 81 0
626 82 0
626 83 0
626 84 0
626 85 0
626 86 0
626 87 0
626 88 0
626 89 0
626 90 0
626 91 32
626 92 44
626 93 39
626 94 0
626 95 40
626 96 43
626 97 42
626 98 0
626 99 0
626 100 0
626 101 0
626 102 42
626 103 50
626 104 40
626 105 0
626 106 32
626 107 39
626 108 37
626 109 36
626 110 42
626 111 0
626 112 0
626 113 34
626 114 40
626 115 39
626 116 0
626 117 31
626 118 33
626 119 40
626 120 39
626 121 39
651 1 37
651 2 36
651 3 35
651 4 42
651 5 36
651 6 40
651 7 36
651 8 35
651 9 0
651 10 0
651 11 0
651 12 50
651 13 41
651 14 41
651 15 41
651 16 30
651 17 31
651 18 32
651 19 40
651 20 0
651 21 0
651 22 0
651 23 37
651 24 40
651 25 40
651 26 0
651 27 0
651 28 32
651 29 33
651 30 40
651 31 0
651 32 0
651 33 0
651 34 41
651 35 39
651 36 35
651 37 0
651 38 0
651 39 0
651 40 42
651 41 43
651 42 35
651 43 0
651 44 0
651 45 0
651 46 0
651 47 41
651 48 37
651 49 30
651 50 14
651 51 40
651 52 39
651 53 43
651 54 0
651 55 0
651 56 0
651 57 0
651 58 30
651 59 36
651 60 40
651 61 0
651 62 34
651 63 49
651 64 40
651 65 0
651 66 0
651 67 0
651 68 0
651 69 28
651 70 39
651 71 37
651 72 0
651 73 0
651 74 0
651 75 0
651 76 0
651 77 0
651 78 0
651 79 0
651 80 0
651 81 0
651 82 0
651 83 0
651 84 0
651 85 0
651 86 0
651 87 0
651 88 0
651 89 0
651 90 0
651 91 35
651 92 47
651 93 40
651 94 0
651 95 39
651 96 40
651 97 43
651 98 0
651 99 0
651 100 0
651 101 0
651 102 40
651 103 43
651 104 33
651 105 0
651 106 41
651 107 39
651 108 30
651 109 40
651 110 35
651 111 0
651 112 0
651 113 40
651 114 39
651 115 44
651 116 0
651 117 30
651 118 40
651 119 38
651 120 37
651 121 34
676 1 46
676 2 35
676 3 37
676 4 39
676 5 39
676 6 35
676 7 40
676 8 40
676 9 0
676 10 0
676 11 0
676 12 43
676 13 40
676 14 42
676 15 47
676 16 38
676 17 34
676 18 30
676 19 31
676 20 0
676 21 0
676 22 0
676 23 43
676 24 39
676 25 44
676 26 0
676 27 0
676 28 30
676 29 34
676 30 43
676 31 0
676 32 0
676 33 0
676 34 43
676 35 30
676 36 42
676 37 0
676 38 0
676 39 0
676 40 39
676 41 40
676 42 37
676 43 0
676 44 0
676 45 0
676 46 0
676 47 39
676 48 36
676 49 38
676 50 11
676 51 47
676 52 39
676 53 40
676 54 0
676 55 0
676 56 0
676 57 0
676 58 37
676 59 40
676 60 41
676 61 0
676 62 29
676 63 49
676 64 39
676 65 0
676 66 0
676 67 0
676 68 0
676 69 30
676 70 43
676 71 40
676 72 0
676 73 0
676 74 0
676 75 0
676 76 0
676 77 0
676 78 0
676 79 0
676 80 0
676 81 0
676 82 0
676 83 0
676 84 0
676 85 0
676 86 0
676 87 0
676 88 0
676 89 0
676 90 0
676 91 43
676 92 50
676 93 35
676 94 0
676 95 35
676 96 38
676 97 34
676 98 0
676 99 0
676 100 0
676 101 0
676 102 37
676 103 49
676 104 35
676 105 0
676 106 40
676 107 38
676 108 33
676 109 39
676 110 40
676 111 0
676 112 0
676 113 40
676 114 28
676 115 40
676 116 0
676 117 34
676 118 30
676 119 34
676 120 46
676 121 32
701 1 41
701 2 31
701 3 39
701 4 40
701 5 41
701 6 37
701 7 40
701 8 36
701 9 0
701 10 0
701 11 0
701 12 48
701 13 40
701 14 39
701 15 38
701 16 32
701 17 29
701 18 39
701 19 38
701 20 0
701 21 0
701 22 0
701 23 41
701 24 39
701 25 40
701 26 0
701 27 0
701 28 38
701 29 29
701 30 39
701 31 0
701 32 0
701 33 0
701 34 38
701 35 34
701 36 41
701 37 0
701 38 0
701 39 0
701 40 41
701 41 38
701 42 32
701 43 0
701 44 0
701 45 0
701 46 0
701 47 40
701 48 41
701 49 37
701 50 7
701 51 43
701 52 38
701 53 39
701 54 0
701 55 0
701 56 0
701 57 0
701 58 32
701 59 40
701 60 37
701 61 0
701 62 32
701 63 46
701 64 40
701 65 0
701 66 0
701 67 0
701 68 0
701 69 30
701 70 40
701 71 38
701 72 0
701 73 0
701 74 0
701 75 0
701 76 0
701 77 0
701 78 0
701 79 0
701 80 0
701 81 0
701 82 0
701 83 0
701 84 0
701 85 0
701 86 0
701 87 0
701 88 0
701 89 0
701 90 0
701 91 43
701 92 48
701 93 33
701 94 0
701 95 42
701 96 43
701 97 40
701 98 0
701 99 0
701 100 0
701 101 0
701 102 41
701 103 44
701 104 40
701 105 0
701 106 38
701 107 41
701 108 37
701 109 34
701 110 43
701 111 0
701 112 0
701 113 45
701 114 38
701 115 39
701 116 0
701 117 32
701 118 37
701 119 32
701 120 44
701 121 33
726 1 39
726 2 28
726 3 38
726 4 40
726 5 39
726 6 40
726 7 42
726 8 33
726 9 0
726 10 0
726 11 0
726 12 42
726 13 41
726 14 37
726 15 48
726 16 31
726 17 31
726 18 29
726 19 42
726 20 0
726 21 0
726 22 0
726 23 39
726 24 37
726 25 40
726 26 0
726 27 0
726 28 31
726 29 30
726 30 39
726 31 0
726 32 0
726 33 0
726 34 39
726 35 30
726 36 39
726 37 0
726 38 0
726 39 0
726 40 40
726 41 37
726 42 41
726 43 0
726 44 0
726 45 0
726 46 0
726 47 40
726 48 40
726 49 35
726 50 14
726 51 47
726 52 38
726 53 36
726 54 0
726 55 0
726 56 0
726 57 0
726 58 40
726 59 40
726 60 39
726 61 0
726 62 35
726 63 42
726 64 38
726 65 0
726 66 0
726 67 0
726 68 0
726 69 30
726 70 43
726 71 39
726 72 0
726 73 0
726 74 0
726 75 0
726 76 0
726 77 0
726 78 0
726 79 0
726 80 0
726 81 0
726 82 0
726 83 0
726 84 0
726 85 0
726 86 0
726 87 0
726 88 0
726 89 0
726 90 0
726 91 36
726 92 49
726 93 41
726 94 0
726 95 33
726 96 41
726 97 31
726 98 0
726 99 0
726 100 0
726 101 0
726 102 42
726 103 52
726 104 40
726 105 0
726 106 41
726 107 40
726 108 36
726 109 31
726 110 39
726 111 0
726 112 0
726 113 35
726 114 40
726 115 39
726 116 0
726 117 36
726 118 38
726 119 40
726 120 40
726 121 36
751 1 39
751 2 30
751 3 32
751 4 34
751 5 39
751 6 39
751 7 33
751 8 41
751 9 0
751 10 0
751 11 0
751 12 46
751 13 32
751 14 39
751 15 42
751 16 40
751 17 31
751 18 31
751 19 40
751 20 0
751 21 0
751 22 0
751 23 40
751 24 40
751 25 39
751 26 0
751 27 0
751 28 38
751 29 27
751 30 41
751 31 0
751 32 0
751 33 0
751 34 36
751 35 39
751 36 39
751 37 0
751 38 0
751 39 0
751 40 41
751 41 37
751 42 39
751 43 0
751 44 0
751 45 0
751 46 0
751 47 40
751 48 40
751 49 32
751 50 11
751 51 43
751 52 37
751 53 34
751 54 0
751 55 0
751 56 0
751 57 0
751 58 35
751 59 39
751 60 38
751 61 0
751 62 35
751 63 46
751 64 40
751 65 0
751 66 0
751 67 0
751 68 0
751 69 29
751 70 47
751 71 40
751 72 0
751 73 0
751 74 0
751 75 0
751 76 0
751 77 0
751 78 0
751 79 0
751 80 0
751 81 0
751 82 0
751 83 0
751 84 0
751 85 0
751 86 0
751 87 0
751 88 0
751 89 0
751 90 0
751 91 41
751 92 50
751 93 43
751 94 0
751 95 32
751 96 40
751 97 41
751 98 0
751 99 0
751 100 0
751 101 0
751 102 38
751 103 51
751 104 35
751 105 0
751 106 39
751 107 41
751 108 34
751 109 38
751 110 39
751 111 0
751 112 0
751 113 39
751 114 39
751 115 38
751 116 0
751 117 31
751 118 36
751 119 39
751 120 40
751 121 42
776 1 29
776 2 29
776 3 40
776 4 40
776 5 34
776 6 41
776 7 39
776 8 37
776 9 0
776 10 0
776 11 0
776 12 47
776 13 37
776 14 38
776 15 42
776 16 34
776 17 27
776 18 31
776 19 38
776 20 0
776 21 0
776 22 0
776 23 36
776 24 33
776 25 40
776 26 0
776 27 0
776 28 29
776 29 30
776 30 40
776 31 0
776 32 0
776 33 0
776 34 35
776 35 29
776 36 38
776 37 0
776 38 0
776 39 0
776 40 41
776 41 39
776 42 35
776 43 0
776 44 0
776 45 0
776 46 0
776 47 42
776 48 43
776 49 33
776 50 15
776 51 42
776 52 40
776 53 39
776 54 0
776 55 0
776 56 0
776 57 0
776 58 30
776 59 44
776 60 45
776 61 0
776 62 33
776 63 46
776 64 40
776 65 0
776 66 0
776 67 0
776 68 0
776 69 30
776 70 44
776 71 41
776 72 0
776 73 0
776 74 0
776 75 0
776 76 0
776 77 0
776 78 0
776 79 0
776 80 0
776 81 0
776 82 0
776 83 0
776 84 0
776 85 0
776 86 0
776 87 0
776 88 0
776 89 0
776 90 0
776 91 33
776 92 35
776 93 37
776 94 0
776 95 35
776 96 41
776 97 41
776 98 0
776 99 0
776 100 0
776 101 0
776 102 39
776 103 48
776 104 38
776 105 0
776 106 39
776 107 36
776 108 36
776 109 34
776 110 39
776 111 0
776 112 0
776 113 40
776 114 37
776 115 41
776 116 0
776 117 32
776 118 36
776 119 37
776 120 40
776 121 36
801 1 41
801 2 37
801 3 29
801 4 40
801 5 33
801 6 39
801 7 35
801 8 39
801 9 0
801 10 0
801 11 0
801 12 41
801 13 37
801 14 38
801 15 39
801 16 36
801 17 27
801 18 34
801 19 43
801 20 0
801 21 0
801 22 0
801 23 39
801 24 40
801 25 45
801 26 0
801 27 0
801 28 29
801 29 32
801 30 42
801 31 0
801 32 0
801 33 0
801 34 42
801 35 37
801 36 37
801 37 0
801 38 0
801 39 0
801 40 35
801 41 31
801 42 31
801 43 0
801 44 0
801 45 0
801 46 0
801 47 40
801 48 42
801 49 28
801 50 18
801 51 46
801 52 39
801 53 38
801 54 0
801 55 0
801 56 0
801 57 0
801 58 30
801 59 40
801 60 34
801 61 0
801 62 33
801 63 43
801 64 40
801 65 0
801 66 0
801 67 0
801 68 0
801 69 31
801 70 40
801 71 38
801 72 0
801 73 0
801 74 0
801 75 0
801 76 0
801 77 0
801 78 0
801 79 0
801 80 0
801 81 0
801 82 0
801 83 0
801 84 0
801 85 0
801 86 0
801 87 0
801 88 0
801 89 0
801 90 0
801 91 43
801 92 48
801 93 43
801 94 0
801 95 40
801 96 39
801 97 43
801 98 0
801 99 0
801 100 0
801 101 0
801 102 38
801 103 50
801 104 39
801 105 0
801 106 44
801 107 42
801 108 41
801 109 36
801 110 38
801 111 0
801 112 0
801 113 40
801 114 32
801 115 39
801 116 0
801 117 32
801 118 39
801 119 37
801 120 40
801 121 40
826 1 39
826 2 38
826 3 44
826 4 39
826 5 38
826 6 40
826 7 40
826 8 35
826 9 0
826 10 0
826 11 0
826 12 50
826 13 41
826 14 37
826 15 39
826 16 35
826 17 32
826 18 40
826 19 40
826 20 0
826 21 0
826 22 0
826 23 42
826 24 39
826 25 41
826 26 0
826 27 0
826 28 36
826 29 32
826 30 40
826 31 0
826 32 0
826 33 0
826 34 39
826 35 40
826 36 40
826 37 0
826 38 0
826 39 0
826 40 39
826 41 38
826 42 39
826 43 0
826 44 0
826 45 0
826 46 0
826 47 41
826 48 40
826 49 33
826 50 21
826 51 49
826 52 36
826 53 37
826 54 0
826 55 0
826 56 0
826 57 0
826 58 37
826 59 35
826 60 38
826 61 0
826 62 40
826 63 41
826 64 40
826 65 0
826 66 0
826 67 0
826 68 0
826 69 25
826 70 42
826 71 40
826 72 0
826 73 0
826 74 0
826 75 0
826 76 0
826 77 0
826 78 0
826 79 0
826 80 0
826 81 0
826 82 0
826 83 0
826 84 0
826 85 0
826 86 0
826 87 0
826 88 0
826 89 0
826 90 0
826 91 40
826 92 45
826 93 37
826 94 0
826 95 40
826 96 39
826 97 42
826 98 0
826 99 0
826 100 0
826 101 0
826 102 37
826 103 43
826 104 36
826 105 0
826 106 39
826 107 33
826 108 34
826 109 39
826 110 43
826 111 0
826 112 0
826 113 38
826 114 36
826 115 39
826 116 0
826 117 36
826 118 39
826 119 36
826 120 40
826 121 35
851 1 45
851 2 37
851 3 39
851 4 34
851 5 39
851 6 38
851 7 35
851 8 39
851 9 0
851 10 0
851 11 0
851 12 46
851 13 34
851 14 41
851 15 39
851 16 28
851 17 38
851 18 29
851 19 40
851 20 0
851 21 0
851 22 0
851 23 40
851 24 44
851 25 40
851 26 0
851 27 0
851 28 32
851 29 36
851 30 39
851 31 0
851 32 0
851 33 0
851 34 40
851 35 33
851 36 39
851 37 0
851 38 0
851 39 0
851 40 39
851 41 39
851 42 38
851 43 0
851 44 0
851 45 0
851 46 0
851 47 30
851 48 39
851 49 30
851 50 13
851 51 49
851 52 36
851 53 33
851 54 0
851 55 0
851 56 0
851 57 0
851 58 33
851 59 42
851 60 39
851 61 0
851 62 39
851 63 43
851 64 40
851 65 0
851 66 0
851 67 0
851 68 0
851 69 29
851 70 41
851 71 40
851 72 0
851 73 0
851 74 0
851 75 0
851 76 0
851 77 0
851 78 0
851 79 0
851 80 0
851 81 0
851 82 0
851 83 0
851 84 0
851 85 0
851 86 0
851 87 0
851 88 0
851 89 0
851 90 0
851 91 34
851 92 44
851 93 41
851 94 0
851 95 32
851 96 38
851 97 37
851 98 0
851 99 0
851 100 0
851 101 0
851 102 41
851 103 41
851 104 31
851 105 0
851 106 40
851 107 36
851 108 40
851 109 41
851 110 40
851 111 0
851 112 0
851 113 41
851 114 32
851 115 39
851 116 0
851 117 31
851 118 36
851 119 39
851 120 36
851 121 34
876 1 42
876 2 39
876 3 40
876 4 40
876 5 40
876 6 38
876 7 40
876 8 41
876 9 0
876 10 0
876 11 0
876 12 41
876 13 41
876 14 41
876 15 37
876 16 36
876 17 30
876 18 31
876 19 40
876 20 0
876 21 0
876 22 0
876 23 39
876 24 38
876 25 38
876 26 0
876 27 0
876 28 34
876 29 33
876 30 41
876 31 0
876 32 0
876 33 0
876 34 44
876 35 34
876 36 34
876 37 0
876 38 0
876 39 0
876 40 39
876 41 40
876 42 41
876 43 0
876 44 0
876 45 0
876 46 0
876 47 41
876 48 37
876 49 29
876 50 15
876 51 41
876 52 40
876 53 39
876 54 0
876 55 0
876 56 0
876 57 0
876 58 35
876 59 39
876 60 40
876 61 0
876 62 39
876 63 42
876 64 38
876 65 0
876 66 0
876 67 0
876 68 0
876 69 31
876 70 41
876 71 40
876 72 0
876 73 0
876 74 0
876 75 0
876 76 0
876 77 0
876 78 0
876 79 0
876 80 0
876 81 0
876 82 0
876 83 0
876 84 0
876 85 0
876 86 0
876 87 0
876 88 0
876 89 0
876 90 0
876 91 35
876 92 48
876 93 37
876 94 0
876 95 40
876 96 35
876 97 37
876 98 0
876 99 0
876 100 0
876 101 0
876 102 40
876 103 50
876 104 37
876 105 0
876 106 37
876 107 31
876 108 37
876 109 35
876 110 42
876 111 0
876 112 0
876 113 40
876 114 37
876 115 36
876 116 0
876 117 29
876 118 34
876 119 42
876 120 42
876 121 42
901 1 40
901 2 41
901 3 39
901 4 37
901 5 40
901 6 42
901 7 40
901 8 40
901 9 0
901 10 0
901 11 0
901 12 40
901 13 35
901 14 43
901 15 43
901 16 39
901 17 29
901 18 30
901 19 42
901 20 0
901 21 0
901 22 0
901 23 32
901 24 41
901 25 41
901 26 0
901 27 0
901 28 40
901 29 27
901 30 43
901 31 0
901 32 0
901 33 0
901 34 33
901 35 38
901 36 40
901 37 0
901 38 0
901 39 0
901 40 45
901 41 36
901 42 38
901 43 0
901 44 0
901 45 0
901 46 0
901 47 41
901 48 40
901 49 30
901 50 11
901 51 46
901 52 36
901 53 38
901 54 0
901 55 0
901 56 0
901 57 0
901 58 40
901 59 32
901 60 40
901 61 0
901 62 40
901 63 39
901 64 41
901 65 0
901 66 0
901 67 0
901 68 0
901 69 25
901 70 40
901 71 40
901 72 0
901 73 0
901 74 0
901 75 0
901 76 0
901 77 0
901 78 0
901 79 0
901 80 0
901 81 0
901 82 0
901 83 0
901 84 0
901 85 0
901 86 0
901 87 0
901 88 0
901 89 0
901 90 0
901 91 38
901 92 43
901 93 39
901 94 0
901 95 35
901 96 40
901 97 39
901 98 0
901 99 0
901 100 0
901 101 0
901 102 40
901 103 40
901 104 35
901 105 0
901 106 34
901 107 37
901 108 39
901 109 38
901 110 36
901 111 0
901 112 0
901 113 40
901 114 34
901 115 39
901 116 0
901 117 31
901 118 33
901 119 40
901 120 36
901 121 40
926 1 39
926 2 37
926 3 38
926 4 36
926 5 41
926 6 37
926 7 39
926 8 38
926 9 0
926 10 0
926 11 0
926 12 41
926 13 35
926 14 39
926 15 38
926 16 30
926 17 35
926 18 30
926 19 39
926 20 0
926 21 0
926 22 0
926 23 30
926 24 39
926 25 38
926 26 0
926 27 0
926 28 28
926 29 31
926 30 40
926 31 0
926 32 0
926 33 0
926 34 40
926 35 38
926 36 48
926 37 0
926 38 0
926 39 0
926 40 37
926 41 36
926 42 39
926 43 0
926 44 0
926 45 0
926 46 0
926 47 36
926 48 42
926 49 35
926 50 12
926 51 40
926 52 41
926 53 41
926 54 0
926 55 0
926 56 0
926 57 0
926 58 32
926 59 41
926 60 40
926 61 0
926 62 37
926 63 46
926 64 39
926 65 0
926 66 0
926 67 0
926 68 0
926 69 32
926 70 41
926 71 39
926 72 0
926 73 0
926 74 0
926 75 0
926 76 0
926 77 0
926 78 0
926 79 0
926 80 0
926 81 0
926 82 0
926 83 0
926 84 0
926 85 0
926 86 0
926 87 0
926 88 0
926 89 0
926 90 0
926 91 39
926 92 45
926 93 41
926 94 0
926 95 39
926 96 40
926 97 39
926 98 0
926 99 0
926 100 0
926 101 0
926 102 39
926 103 49
926 104 37
926 105 0
926 106 40
926 107 38
926 108 39
926 109 39
926 110 39
926 111 0
926 112 0
926 113 39
926 114 37
926 115 34
926 116 0
926 117 34
926 118 34
926 119 42
926 120 39
926 121 38
951 1 36
951 2 33
951 3 38
951 4 40
951 5 39
951 6 32
951 7 38
951 8 44
951 9 0
951 10 0
951 11 0
951 12 40
951 13 39
951 14 43
951 15 43
951 16 39
951 17 36
951 18 30
951 19 32
951 20 0
951 21 0
951 22 0
951 23 39
951 24 38
951 25 41
951 26 0
951 27 0
951 28 31
951 29 30
951 30 46
951 31 0
951 32 0
951 33 0
951 34 40
951 35 30
951 36 43
951 37 0
951 38 0
951 39 0
951 40 40
951 41 41
951 42 37
951 43 0
951 44 0
951 45 0
951 46 0
951 47 41
951 48 43
951 49 33
951 50 15
951 51 51
951 52 31
951 53 40
951 54 0
951 55 0
951 56 0
951 57 0
951 58 39
951 59 40
951 60 39
951 61 0
951 62 31
951 63 39
951 64 38
951 65 0
951 66 0
951 67 0
951 68 0
951 69 30
951 70 46
951 71 41
951 72 0
951 73 0
951 74 0
951 75 0
951 76 0
951 77 0
951 78 0
951 79 0
951 80 0
951 81 0
951 82 0
951 83 0
951 84 0
951 85 0
951 86 0
951 87 0
951 88 0
951 89 0
951 90 0
951 91 37
951 92 45
951 93 42
951 94 0
951 95 29
951 96 38
951 97 43
951 98 0
951 99 0
951 100 0
951 101 0
951 102 43
951 103 44
951 104 42
951 105 0
951 106 34
951 107 40
951 108 40
951 109 36
951 110 37
951 111 0
951 112 0
951 113 40
951 114 37
951 115 39
951 116 0
951 117 30
951 118 33
951 119 37
951 120 36
951 121 40
976 1 39
976 2 32
976 3 33
976 4 40
976 5 40
976 6 40
976 7 41
976 8 41
976 9 0
976 10 0
976 11 0
976 12 43
976 13 34
976 14 36
976 15 40
976 16 34
976 17 36
976 18 29
976 19 41
976 20 0
976 21 0
976 22 0
976 23 37
976 24 35
976 25 40
976 26 0
976 27 0
976 28 40
976 29 30
976 30 37
976 31 0
976 32 0
976 33 0
976 34 40
976 35 31
976 36 40
976 37 0
976 38 0
976 39 0
976 40 38
976 41 32
976 42 36
976 43 0
976 44 0
976 45 0
976 46 0
976 47 43
976 48 37
976 49 30
976 50 8
976 51 49
976 52 40
976 53 39
976 54 0
976 55 0
976 56 0
976 57 0
976 58 39
976 59 42
976 60 41
976 61 0
976 62 37
976 63 40
976 64 36
976 65 0
976 66 0
976 67 0
976 68 0
976 69 31
976 70 40
976 71 38
976 72 0
976 73 0
976 74 0
976 75 0
976 76 0
976 77 0
976 78 0
976 79 0
976 80 0
976 81 0
976 82 0
976 83 0
976 84 0
976 85 0
976 86 0
976 87 0
976 88 0
976 89 0
976 90 0
976 91 39
976 92 44
976 93 40
976 94 0
976 95 36
976 96 41
976 97 39
976 98 0
976 99 0
976 100 0
976 101 0
976 102 38
976 103 43
976 104 40
976 105 0
976 106 45
976 107 34
976 108 40
976 109 39
976 110 37
976 111 0
976 112 0
976 113 39
976 114 30
976 115 36
976 116 0
976 117 31
976 118 31
976 119 36
976 120 41
976 121 35
1001 1 38
1001 2 41
1001 3 40
1001 4 40
1001 5 39
1001 6 39
1001 7 40
1001 8 33
1001 9 0
1001 10 0
1001 11 0
1001 12 40
1001 13 35
1001 14 41
1001 15 42
1001 16 39
1001 17 30
1001 18 28
1001 19 40
1001 20 0
1001 21 0
1001 22 0
1001 23 41
1001 24 41
1001 25 37
1001 26 0
1001 27 0
1001 28 36
1001 29 33
1001 30 37
1001 31 0
1001 32 0
1001 33 0
1001 34 45
1001 35 33
1001 36 36
1001 37 0
1001 38 0
1001 39 0
1001 40 41
1001 41 40
1001 42 40
1001 43 0
1001 44 0
1001 45 0
1001 46 0
1001 47 38
1001 48 43
1001 49 40
1001 50 13
1001 51 50
1001 52 35
1001 53 39
1001 54 0
1001 55 0
1001 56 0
1001 57 0
1001 58 39
1001 59 38
1001 60 44
1001 61 0
1001 62 39
1001 63 41
1001 64 38
1001 65 0
1001 66 0
1001 67 0
1001 68 0
1001 69 30
1001 70 42
1001 71 39
1001 72 0
1001 73 0
1001 74 0
1001 75 0
1001 76 0
1001 77 0
1001 78 0
1001 79 0
1001 80 0
1001 81 0
1001 82 0
1001 83 0
1001 84 0
1001 85 0
1001 86 0
1001 87 0
1001 88 0
1001 89 0
1001 90 0
1001 91 38
1001 92 44
1001 93 38
1001 94 0
1001 95 31
1001 96 40
1001 97 37
1001 98 0
1001 99 0
1001 100 0
1001 101 0
1001 102 35
1001 103 53
1001 104 34
1001 105 0
1001 106 33
1001 107 41
1001 108 38
1001 109 35
1001 110 33
1001 111 0
1001 112 0
1001 113 38
1001 114 36
1001 115 36
1001 116 0
1001 117 30
1001 118 34
1001 119 38
1001 120 41
1001 121 35
1026 1 38
1026 2 42
1026 3 41
1026 4 43
1026 5 38
1026 6 37
1026 7 39
1026 8 37
1026 9 0
1026 10 0
1026 11 0
1026 12 42
1026 13 35
1026 14 36
1026 15 40
1026 16 39
1026 17 30
1026 18 28
1026 19 33
1026 20 0
1026 21 0
1026 22 0
1026 23 31
1026 24 38
1026 25 41
1026 26 0
1026 27 0
1026 28 30
1026 29 36
1026 30 35
1026 31 0
1026 32 0
1026 33 0
1026 34 40
1026 35 38
1026 36 39
1026 37 0
1026 38 0
1026 39 0
1026 40 39
1026 41 30
1026 42 39
1026 43 0
1026 44 0
1026 45 0
1026 46 0
1026 47 39
1026 48 41
1026 49 40
1026 50 16
1026 51 46
1026 52 32
1026 53 31
1026 54 0
1026 55 0
1026 56 0
1026 57 0
1026 58 34
1026 59 42
1026 60 32
1026 61 0
1026 62 35
1026 63 40
1026 64 42
1026 65 0
1026 66 0
1026 67 0
1026 68 0
1026 69 35
1026 70 41
1026 71 38
1026 72 0
1026 73 0
1026 74 0
1026 75 0
1026 76 0
1026 77 0
1026 78 0
1026 79 0
1026 80 0
1026 81 0
1026 82 0
1026 83 0
1026 84 0
1026 85 0
1026 86 0
1026 87 0
1026 88 0
1026 89 0
1026 90 0
1026 91 42
1026 92 41
1026 93 41
1026 94 0
1026 95 33
1026 96 40
1026 97 39
1026 98 0
1026 99 0
1026 100 0
1026 101 0
1026 102 43
1026 103 44
1026 104 33
1026 105 0
1026 106 41
1026 107 37
1026 108 44
1026 109 38
1026 110 40
1026 111 0
1026 112 0
1026 113 43
1026 114 33
1026 115 38
1026 116 0
1026 117 28
1026 118 39
1026 119 39
1026 120 43
1026 121 32
1051 1 42
1051 2 37
1051 3 39
1051 4 36
1051 5 40
1051 6 42
1051 7 43
1051 8 34
1051 9 0
1051 10 0
1051 11 0
1051 12 45
1051 13 40
1051 14 35
1051 15 41
1051 16 41
1051 17 35
1051 18 36
1051 19 39
1051 20 0
1051 21 0
1051 22 0
1051 23 41
1051 24 39
1051 25 41
1051 26 0
1051 27 0
1051 28 39
1051 29 35
1051 30 37
1051 31 0
1051 32 0
1051 33 0
1051 34 38
1051 35 40
1051 36 40
1051 37 0
1051 38 0
1051 39 0
1051 40 39
1051 41 40
1051 42 30
1051 43 0
1051 44 0
1051 45 0
1051 46 0
1051 47 36
1051 48 39
1051 49 27
1051 50 13
1051 51 39
1051 52 46
1051 53 31
1051 54 0
1051 55 0
1051 56 0
1051 57 0
1051 58 30
1051 59 41
1051 60 40
1051 61 0
1051 62 33
1051 63 46
1051 64 39
1051 65 0
1051 66 0
1051 67 0
1051 68 0
1051 69 30
1051 70 40
1051 71 39
1051 72 0
1051 73 0
1051 74 0
1051 75 0
1051 76 0
1051 77 0
1051 78 0
1051 79 0
1051 80 0
1051 81 0
1051 82 0
1051 83 0
1051 84 0
1051 85 0
1051 86 0
1051 87 0
1051 88 0
1051 89 0
1051 90 0
1051 91 38
1051 92 44
1051 93 36
1051 94 0
1051 95 37
1051 96 36
1051 97 40
1051 98 0
1051 99 0
1051 100 0
1051 101 0
1051 102 40
1051 103 46
1051 104 37
1051 105 0
1051 106 38
1051 107 35
1051 108 39
1051 109 36
1051 110 41
1051 111 0
1051 112 0
1051 113 34
1051 114 37
1051 115 32
1051 116 0
1051 117 31
1051 118 31
1051 119 40
1051 120 43
1051 121 30
1076 1 41
1076 2 31
1076 3 35
1076 4 41
1076 5 41
1076 6 37
1076 7 41
1076 8 29
1076 9 0
1076 10 0
1076 11 0
1076 12 40
1076 13 37
1076 14 40
1076 15 40
1076 16 28
1076 17 32
1076 18 40
1076 19 37
1076 20 0
1076 21 0
1076 22 0
1076 23 36
1076 24 49
1076 25 35
1076 26 0
1076 27 0
1076 28 36
1076 29 35
1076 30 42
1076 31 0
1076 32 0
1076 33 0
1076 34 39
1076 35 31
1076 36 41
1076 37 0
1076 38 0
1076 39 0
1076 40 39
1076 41 39
1076 42 33
1076 43 0
1076 44 0
1076 45 0
1076 46 0
1076 47 39
1076 48 40
1076 49 32
1076 50 18
1076 51 50
1076 52 40
1076 53 40
1076 54 0
1076 55 0
1076 56 0
1076 57 0
1076 58 35
1076 59 38
1076 60 35
1076 61 0
1076 62 31
1076 63 49
1076 64 40
1076 65 0
1076 66 0
1076 67 0
1076 68 0
1076 69 28
1076 70 40
1076 71 36
1076 72 0
1076 73 0
1076 74 0
1076 75 0
1076 76 0
1076 77 0
1076 78 0
1076 79 0
1076 80 0
1076 81 0
1076 82 0
1076 83 0
1076 84 0
1076 85 0
1076 86 0
1076 87 0
1076 88 0
1076 89 0
1076 90 0
1076 91 37
1076 92 39
1076 93 40
1076 94 0
1076 95 31
1076 96 44
1076 97 37
1076 98 0
1076 99 0
1076 100 0
1076 101 0
1076 102 36
1076 103 45
1076 104 34
1076 105 0
1076 106 37
1076 107 40
1076 108 35
1076 109 37
1076 110 40
1076 111 0
1076 112 0
1076 113 40
1076 114 38
1076 115 42
1076 116 0
1076 117 30
1076 118 36
1076 119 32
1076 120 37
1076 121 37
1101 1 38
1101 2 32
1101 3 43
1101 4 44
1101 5 39
1101 6 39
1101 7 44
1101 8 34
1101 9 0
1101 10 0
1101 11 0
1101 12 47
1101 13 40
1101 14 39
1101 15 39
1101 16 35
1101 17 31
1101 18 31
1101 19 40
1101 20 0
1101 21 0
1101 22 0
1101 23 40
1101 24 42
1101 25 36
1101 26 0
1101 27 0
1101 28 33
1101 29 31
1101 30 38
1101 31 0
1101 32 0
1101 33 0
1101 34 39
1101 35 30
1101 36 40
1101 37 0
1101 38 0
1101 39 0
1101 40 38
1101 41 37
1101 42 35
1101 43 0
1101 44 0
1101 45 0
1101 46 0
1101 47 40
1101 48 41
1101 49 35
1101 50 15
1101 51 48
1101 52 41
1101 53 40
1101 54 0
1101 55 0
1101 56 0
1101 57 0
1101 58 27
1101 59 41
1101 60 39
1101 61 0
1101 62 30
1101 63 40
1101 64 41
1101 65 0
1101 66 0
1101 67 0
1101 68 0
1101 69 29
1101 70 40
1101 71 35
1101 72 0
1101 73 0
1101 74 0
1101 75 0
1101 76 0
1101 77 0
1101 78 0
1101 79 0
1101 80 0
1101 81 0
1101 82 0
1101 83 0
1101 84 0
1101 85 0
1101 86 0
1101 87 0
1101 88 0
1101 89 0
1101 90 0
1101 91 38
1101 92 46
1101 93 43
1101 94 0
1101 95 36
1101 96 42
1101 97 38
1101 98 0
1101 99 0
1101 100 0
1101 101 0
1101 102 36
1101 103 47
1101 104 42
1101 105 0
1101 106 37
1101 107 39
1101 108 42
1101 109 39
1101 110 38
1101 111 0
1101 112 0
1101 113 37
1101 114 39
1101 115 39
1101 116 0
1101 117 31
1101 118 35
1101 119 46
1101 120 43
1101 121 34
1126 1 41
1126 2 38
1126 3 37
1126 4 39
1126 5 35
1126 6 42
1126 7 40
1126 8 35
1126 9 0
1126 10 0
1126 11 0
1126 12 36
1126 13 31
1126 14 44
1126 15 40
1126 16 36
1126 17 30
1126 18 31
1126 19 41
1126 20 0
1126 21 0
1126 22 0
1126 23 28
1126 24 38
1126 25 40
1126 26 0
1126 27 0
1126 28 31
1126 29 32
1126 30 39
1126 31 0
1126 32 0
1126 33 0
1126 34 36
1126 35 32
1126 36 39
1126 37 0
1126 38 0
1126 39 0
1126 40 36
1126 41 36
1126 42 32
1126 43 0
1126 44 0
1126 45 0
1126 46 0
1126 47 40
1126 48 43
1126 49 30
1126 50 11
1126 51 41
1126 52 40
1126 53 38
1126 54 0
1126 55 0
1126 56 0
1126 57 0
1126 58 33
1126 59 40
1126 60 40
1126 61 0
1126 62 28
1126 63 40
1126 64 40
1126 65 0
1126 66 0
1126 67 0
1126 68 0
1126 69 27
1126 70 52
1126 71 40
1126 72 0
1126 73 0
1126 74 0
1126 75 0
1126 76 0
1126 77 0
1126 78 0
1126 79 0
1126 80 0
1126 81 0
1126 82 0
1126 83 0
1126 84 0
1126 85 0
1126 86 0
1126 87 0
1126 88 0
1126 89 0
1126 90 0
1126 91 40
1126 92 44
1126 93 38
1126 94 0
1126 95 38
1126 96 39
1126 97 41
1126 98 0
1126 99 0
1126 100 0
1126 101 0
1126 102 40
1126 103 49
1126 104 34
1126 105 0
1126 106 34
1126 107 37
1126 108 42
1126 109 39
1126 110 39
1126 111 0
1126 112 0
1126 113 40
1126 114 34
1126 115 34
1126 116 0
1126 117 31
1126 118 43
1126 119 42
1126 120 39
1126 121 39
1151 1 37
1151 2 36
1151 3 30
1151 4 41
1151 5 33
1151 6 39
1151 7 42
1151 8 32
1151 9 0
1151 10 0
1151 11 0
1151 12 42
1151 13 40
1151 14 40
1151 15 46
1151 16 31
1151 17 30
1151 18 35
1151 19 40
1151 20 0
1151 21 0
1151 22 0
1151 23 38
1151 24 40
1151 25 40
1151 26 0
1151 27 0
1151 28 31
1151 29 40
1151 30 46
1151 31 0
1151 32 0
1151 33 0
1151 34 41
1151 35 35
1151 36 37
1151 37 0
1151 38 0
1151 39 0
1151 40 39
1151 41 41
1151 42 33
1151 43 0
1151 44 0
1151 45 0
1151 46 0
1151 47 40
1151 48 41
1151 49 38
1151 50 10
1151 51 51
1151 52 41
1151 53 38
1151 54 0
1151 55 0
1151 56 0
1151 57 0
1151 58 30
1151 59 40
1151 60 40
1151 61 0
1151 62 36
1151 63 41
1151 64 40
1151 65 0
1151 66 0
1151 67 0
1151 68 0
1151 69 33
1151 70 40
1151 71 37
1151 72 0
1151 73 0
1151 74 0
1151 75 0
1151 76 0
1151 77 0
1151 78 0
1151 79 0
1151 80 0
1151 81 0
1151 82 0
1151 83 0
1151 84 0
1151 85 0
1151 86 0
1151 87 0
1151 88 0
1151 89 0
1151 90 0
1151 91 42
1151 92 41
1151 93 37
1151 94 0
1151 95 30
1151 96 37
1151 97 39
1151 98 0
1151 99 0
1151 100 0
1151 101 0
1151 102 40
1151 103 44
1151 104 37
1151 105 0
1151 106 36
1151 107 38
1151 108 39
1151 109 33
1151 110 40
1151 111 0
1151 112 0
1151 113 40
1151 114 39
1151 115 36
1151 116 0
1151 117 34
1151 118 39
1151 119 38
1151 120 39
1151 121 34
1176 1 40
1176 2 33
1176 3 35
1176 4 40
1176 5 38
1176 6 50
1176 7 40
1176 8 35
1176 9 0
1176 10 0
1176 11 0
1176 12 44
1176 13 33
1176 14 39
1176 15 40
1176 16 33
1176 17 31
1176 18 35
1176 19 41
1176 20 0
1176 21 0
1176 22 0
1176 23 37
1176 24 39
1176 25 36
1176 26 0
1176 27 0
1176 28 29
1176 29 29
1176 30 41
1176 31 0
1176 32 0
1176 33 0
1176 34 41
1176 35 37
1176 36 39
1176 37 0
1176 38 0
1176 39 0
1176 40 49
1176 41 42
1176 42 37
1176 43 0
1176 44 0
1176 45 0
1176 46 0
1176 47 41
1176 48 40
1176 49 33
1176 50 14
1176 51 39
1176 52 40
1176 53 32
1176 54 0
1176 55 0
1176 56 0
1176 57 0
1176 58 29
1176 59 39
1176 60 33
1176 61 0
1176 62 34
1176 63 46
1176 64 34
1176 65 0
1176 66 0
1176 67 0
1176 68 0
1176 69 27
1176 70 41
1176 71 39
1176 72 0
1176 73 0
1176 74 0
1176 75 0
1176 76 0
1176 77 0
1176 78 0
1176 79 0
1176 80 0
1176 81 0
1176 82 0
1176 83 0
1176 84 0
1176 85 0
1176 86 0
1176 87 0
1176 88 0
1176 89 0
1176 90 0
1176 91 40
1176 92 42
1176 93 41
1176 94 0
1176 95 38
1176 96 41
1176 97 38
1176 98 0
1176 99 0
1176 100 0
1176 101 0
1176 102 38
1176 103 45
1176 104 43
1176 105 0
1176 106 40
1176 107 40
1176 108 35
1176 109 38
1176 110 40
1176 111 0
1176 112 0
1176 113 41
1176 114 39
1176 115 37
1176 116 0
1176 117 32
1176 118 39
1176 119 40
1176 120 39
1176 121 33
1201 1 40
1201 2 38
1201 3 35
1201 4 38
1201 5 39
1201 6 34
1201 7 40
1201 8 38
1201 9 0
1201 10 0
1201 11 0
1201 12 50
1201 13 33
1201 14 40
1201 15 40
1201 16 38
1201 17 30
1201 18 40
1201 19 40
1201 20 0
1201 21 0
1201 22 0
1201 23 35
1201 24 42
1201 25 36
1201 26 0
1201 27 0
1201 28 35
1201 29 34
1201 30 40
1201 31 0
1201 32 0
1201 33 0
1201 34 35
1201 35 38
1201 36 50
1201 37 0
1201 38 0
1201 39 0
1201 40 39
1201 41 36
1201 42 33
1201 43 0
1201 44 0
1201 45 0
1201 46 0
1201 47 39
1201 48 39
1201 49 35
1201 50 14
1201 51 48
1201 52 38
1201 53 34
1201 54 0
1201 55 0
1201 56 0
1201 57 0
1201 58 32
1201 59 39
1201 60 40
1201 61 0
1201 62 31
1201 63 46
1201 64 39
1201 65 0
1201 66 0
1201 67 0
1201 68 0
1201 69 30
1201 70 48
1201 71 37
1201 72 0
1201 73 0
1201 74 0
1201 75 0
1201 76 0
1201 77 0
1201 78 0
1201 79 0
1201 80 0
1201 81 0
1201 82 0
1201 83 0
1201 84 0
1201 85 0
1201 86 0
1201 87 0
1201 88 0
1201 89 0
1201 90 0
1201 91 40
1201 92 43
1201 93 37
1201 94 0
1201 95 34
1201 96 38
1201 97 44
1201 98 0
1201 99 0
1201 100 0
1201 101 0
1201 102 35
1201 103 49
1201 104 40
1201 105 0
1201 106 43
1201 107 40
1201 108 39
1201 109 39
1201 110 33
1201 111 0
1201 112 0
1201 113 45
1201 114 40
1201 115 38
1201 116 0
1201 117 30
1201 118 40
1201 119 41
1201 120 45
1201 121 41
1226 1 44
1226 2 36
1226 3 34
1226 4 39
1226 5 40
1226 6 37
1226 7 44
1226 8 37
1226 9 0
1226 10 0
1226 11 0
1226 12 48
1226 13 40
1226 14 29
1226 15 43
1226 16 37
1226 17 34
1226 18 34
1226 19 34
1226 20 0
1226 21 0
1226 22 0
1226 23 46
1226 24 42
1226 25 41
1226 26 0
1226 27 0
1226 28 32
1226 29 34
1226 30 41
1226 31 0
1226 32 0
1226 33 0
1226 34 45
1226 35 39
1226 36 30
1226 37 0
1226 38 0
1226 39 0
1226 40 46
1226 41 39
1226 42 33
1226 43 0
1226 44 0
1226 45 0
1226 46 0
1226 47 40
1226 48 40
1226 49 30
1226 50 18
1226 51 49
1226 52 39
1226 53 40
1226 54 0
1226 55 0
1226 56 0
1226 57 0
1226 58 30
1226 59 34
1226 60 41
1226 61 0
1226 62 31
1226 63 40
1226 64 36
1226 65 0
1226 66 0
1226 67 0
1226 68 0
1226 69 30
1226 70 42
1226 71 43
1226 72 0
1226 73 0
1226 74 0
1226 75 0
1226 76 0
1226 77 0
1226 78 0
1226 79 0
1226 80 0
1226 81 0
1226 82 0
1226 83 0
1226 84 0
1226 85 0
1226 86 0
1226 87 0
1226 88 0
1226 89 0
1226 90 0
1226 91 35
1226 92 39
1226 93 39
1226 94 0
1226 95 34
1226 96 40
1226 97 41
1226 98 0
1226 99 0
1226 100 0
1226 101 0
1226 102 39
1226 103 45
1226 104 35
1226 105 0
1226 106 35
1226 107 40
1226 108 39
1226 109 37
1226 110 38
1226 111 0
1226 112 0
1226 113 38
1226 114 37
1226 115 36
1226 116 0
1226 117 30
1226 118 37
1226 119 39
1226 120 42
1226 121 39
1251 1 41
1251 2 34
1251 3 36
1251 4 41
1251 5 40
1251 6 38
1251 7 41
1251 8 34
1251 9 0
1251 10 0
1251 11 0
1251 12 47
1251 13 40
1251 14 40
1251 15 44
1251 16 32
1251 17 34
1251 18 39
1251 19 38
1251 20 0
1251 21 0
1251 22 0
1251 23 38
1251 24 39
1251 25 39
1251 26 0
1251 27 0
1251 28 30
1251 29 37
1251 30 37
1251 31 0
1251 32 0
1251 33 0
1251 34 39
1251 35 31
1251 36 40
1251 37 0
1251 38 0
1251 39 0
1251 40 41
1251 41 39
1251 42 40
1251 43 0
1251 44 0
1251 45 0
1251 46 0
1251 47 40
1251 48 39
1251 49 33
1251 50 7
1251 51 50
1251 52 36
1251 53 38
1251 54 0
1251 55 0
1251 56 0
1251 57 0
1251 58 34
1251 59 39
1251 60 40
1251 61 0
1251 62 31
1251 63 41
1251 64 43
1251 65 0
1251 66 0
1251 67 0
1251 68 0
1251 69 30
1251 70 41
1251 71 40
1251 72 0
1251 73 0
1251 74 0
1251 75 0
1251 76 0
1251 77 0
1251 78 0
1251 79 0
1251 80 0
1251 81 0
1251 82 0
1251 83 0
1251 84 0
1251 85 0
1251 86 0
1251 87 0
1251 88 0
1251 89 0
1251 90 0
1251 91 37
1251 92 45
1251 93 40
1251 94 0
1251 95 34
1251 96 40
1251 97 36
1251 98 0
1251 99 0
1251 100 0
1251 101 0
1251 102 40
1251 103 46
1251 104 37
1251 105 0
1251 106 38
1251 107 40
1251 108 40
1251 109 40
1251 110 39
1251 111 0
1251 112 0
1251 113 41
1251 114 39
1251 115 36
1251 116 0
1251 117 33
1251 118 38
1251 119 38
1251 120 39
1251 121 39
1276 1 41
1276 2 35
1276 3 38
1276 4 39
1276 5 41
1276 6 41
1276 7 40
1276 8 43
1276 9 0
1276 10 0
1276 11 0
1276 12 44
1276 13 40
1276 14 36
1276 15 40
1276 16 30
1276 17 30
1276 18 32
1276 19 40
1276 20 0
1276 21 0
1276 22 0
1276 23 33
1276 24 38
1276 25 40
1276 26 0
1276 27 0
1276 28 37
1276 29 30
1276 30 40
1276 31 0
1276 32 0
1276 33 0
1276 34 35
1276 35 36
1276 36 38
1276 37 0
1276 38 0
1276 39 0
1276 40 40
1276 41 39
1276 42 37
1276 43 0
1276 44 0
1276 45 0
1276 46 0
1276 47 40
1276 48 42
1276 49 33
1276 50 11
1276 51 41
1276 52 39
1276 53 38
1276 54 0
1276 55 0
1276 56 0
1276 57 0
1276 58 30
1276 59 42
1276 60 40
1276 61 0
1276 62 30
1276 63 45
1276 64 37
1276 65 0
1276 66 0
1276 67 0
1276 68 0
1276 69 28
1276 70 46
1276 71 41
1276 72 0
1276 73 0
1276 74 0
1276 75 0
1276 76 0
1276 77 0
1276 78 0
1276 79 0
1276 80 0
1276 81 0
1276 82 0
1276 83 0
1276 84 0
1276 85 0
1276 86 0
1276 87 0
1276 88 0
1276 89 0
1276 90 0
1276 91 40
1276 92 40
1276 93 39
1276 94 0
1276 95 39
1276 96 40
1276 97 34
1276 98 0
1276 99 0
1276 100 0
1276 101 0
1276 102 34
1276 103 49
1276 104 37
1276 105 0
1276 106 29
1276 107 40
1276 108 39
1276 109 33
1276 110 41
1276 111 0
1276 112 0
1276 113 36
1276 114 38
1276 115 34
1276 116 0
1276 117 35
1276 118 38
1276 119 38
1276 120 40
1276 121 42
1301 1 43
1301 2 39
1301 3 30
1301 4 30
1301 5 39
1301 6 36
1301 7 40
1301 8 38
1301 9 0
1301 10 0
1301 11 0
1301 12 42
1301 13 41
1301 14 38
1301 15 39
1301 16 37
1301 17 34
1301 18 31
1301 19 41
1301 20 0
1301 21 0
1301 22 0
1301 23 39
1301 24 36
1301 25 37
1301 26 0
1301 27 0
1301 28 37
1301 29 35
1301 30 37
1301 31 0
1301 32 0
1301 33 0
1301 34 40
1301 35 29
1301 36 41
1301 37 0
1301 38 0
1301 39 0
1301 40 38
1301 41 40
1301 42 38
1301 43 0
1301 44 0
1301 45 0
1301 46 0
1301 47 38
1301 48 40
1301 49 34
1301 50 17
1301 51 50
1301 52 38
1301 53 40
1301 54 0
1301 55 0
1301 56 0
1301 57 0
1301 58 36
1301 59 41
1301 60 39
1301 61 0
1301 62 39
1301 63 46
1301 64 44
1301 65 0
1301 66 0
1301 67 0
1301 68 0
1301 69 26
1301 70 49
1301 71 40
1301 72 0
1301 73 0
1301 74 0
1301 75 0
1301 76 0
1301 77 0
1301 78 0
1301 79 0
1301 80 0
1301 81 0
1301 82 0
1301 83 0
1301 84 0
1301 85 0
1301 86 0
1301 87 0
1301 88 0
1301 89 0
1301 90 0
1301 91 39
1301 92 46
1301 93 39
1301 94 0
1301 95 33
1301 96 40
1301 97 41
1301 98 0
1301 99 0
1301 100 0
1301 101 0
1301 102 36
1301 103 50
1301 104 31
1301 105 0
1301 106 39
1301 107 40
1301 108 36
1301 109 43
1301 110 40
1301 111 0
1301 112 0
1301 113 41
1301 114 30
1301 115 40
1301 116 0
1301 117 35
1301 118 35
1301 119 39
1301 120 40
1301 121 40
1326 1 43
1326 2 33
1326 3 30
1326 4 43
1326 5 37
1326 6 41
1326 7 40
1326 8 32
1326 9 0
1326 10 0
1326 11 0
1326 12 43
1326 13 40
1326 14 40
1326 15 40
1326 16 34
1326 17 31
1326 18 37
1326 19 35
1326 20 0
1326 21 0
1326 22 0
1326 23 35
1326 24 37
1326 25 41
1326 26 0
1326 27 0
1326 28 34
1326 29 31
1326 30 40
1326 31 0
1326 32 0
1326 33 0
1326 34 36
1326 35 36
1326 36 40
1326 37 0
1326 38 0
1326 39 0
1326 40 37
1326 41 34
1326 42 37
1326 43 0
1326 44 0
1326 45 0
1326 46 0
1326 47 40
1326 48 41
1326 49 37
1326 50 16
1326 51 49
1326 52 39
1326 53 38
1326 54 0
1326 55 0
1326 56 0
1326 57 0
1326 58 36
1326 59 42
1326 60 38
1326 61 0
1326 62 30
1326 63 41
1326 64 40
1326 65 0
1326 66 0
1326 67 0
1326 68 0
1326 69 28
1326 70 40
1326 71 38
1326 72 0
1326 73 0
1326 74 0
1326 75 0
1326 76 0
1326 77 0
1326 78 0
1326 79 0
1326 80 0
1326 81 0
1326 82 0
1326 83 0
1326 84 0
1326 85 0
1326 86 0
1326 87 0
1326 88 0
1326 89 0
1326 90 0
1326 91 39
1326 92 46
1326 93 39
1326 94 0
1326 95 36
1326 96 34
1326 97 42
1326 98 0
1326 99 0
1326 100 0
1326 101 0
1326 102 35
1326 103 41
1326 104 39
1326 105 0
1326 106 39
1326 107 36
1326 108 38
1326 109 39
1326 110 40
1326 111 0
1326 112 0
1326 113 38
1326 114 37
1326 115 42
1326 116 0
1326 117 37
1326 118 34
1326 119 32
1326 120 38
1326 121 31
1351 1 38
1351 2 34
1351 3 40
1351 4 40
1351 5 39
1351 6 42
1351 7 40
1351 8 34
1351 9 0
1351 10 0
1351 11 0
1351 12 52
1351 13 38
1351 14 43
1351 15 41
1351 16 37
1351 17 34
1351 18 34
1351 19 42
1351 20 0
1351 21 0
1351 22 0
1351 23 33
1351 24 34
1351 25 41
1351 26 0
1351 27 0
1351 28 30
1351 29 33
1351 30 42
1351 31 0
1351 32 0
1351 33 0
1351 34 43
1351 35 32
1351 36 41
1351 37 0
1351 38 0
1351 39 0
1351 40 38
1351 41 38
1351 42 40
1351 43 0
1351 44 0
1351 45 0
1351 46 0
1351 47 41
1351 48 41
1351 49 37
1351 50 11
1351 51 49
1351 52 40
1351 53 41
1351 54 0
1351 55 0
1351 56 0
1351 57 0
1351 58 34
1351 59 47
1351 60 43
1351 61 0
1351 62 31
1351 63 41
1351 64 39
1351 65 0
1351 66 0
1351 67 0
1351 68 0
1351 69 29
1351 70 42
1351 71 40
1351 72 0
1351 73 0
1351 74 0
1351 75 0
1351 76 0
1351 77 0
1351 78 0
1351 79 0
1351 80 0
1351 81 0
1351 82 0
1351 83 0
1351 84 0
1351 85 0
1351 86 0
1351 87 0
1351 88 0
1351 89 0
1351 90 0
1351 91 40
1351 92 49
1351 93 39
1351 94 0
1351 95 37
1351 96 41
1351 97 41
1351 98 0
1351 99 0
1351 100 0
1351 101 0
1351 102 36
1351 103 47
1351 104 39
1351 105 0
1351 106 33
1351 107 35
1351 108 38
1351 109 39
1351 110 38
1351 111 0
1351 112 0
1351 113 42
1351 114 38
1351 115 36
1351 116 0
1351 117 26
1351 118 36
1351 119 39
1351 120 40
1351 121 41
1376 1 35
1376 2 36
1376 3 39
1376 4 36
1376 5 40
1376 6 37
1376 7 39
1376 8 30
1376 9 0
1376 10 0
1376 11 0
1376 12 49
1376 13 40
1376 14 39
1376 15 40
1376 16 39
1376 17 22
1376 18 29
1376 19 39
1376 20 0
1376 21 0
1376 22 0
1376 23 40
1376 24 43
1376 25 39
1376 26 0
1376 27 0
1376 28 33
1376 29 30
1376 30 40
1376 31 0
1376 32 0
1376 33 0
1376 34 41
1376 35 32
1376 36 40
1376 37 0
1376 38 0
1376 39 0
1376 40 43
1376 41 39
1376 42 33
1376 43 0
1376 44 0
1376 45 0
1376 46 0
1376 47 42
1376 48 41
1376 49 33
1376 50 9
1376 51 47
1376 52 39
1376 53 32
1376 54 0
1376 55 0
1376 56 0
1376 57 0
1376 58 31
1376 59 40
1376 60 40
1376 61 0
1376 62 31
1376 63 39
1376 64 40
1376 65 0
1376 66 0
1376 67 0
1376 68 0
1376 69 30
1376 70 41
1376 71 41
1376 72 0
1376 73 0
1376 74 0
1376 75 0
1376 76 0
1376 77 0
1376 78 0
1376 79 0
1376 80 0
1376 81 0
1376 82 0
1376 83 0
1376 84 0
1376 85 0
1376 86 0
1376 87 0
1376 88 0
1376 89 0
1376 90 0
1376 91 41
1376 92 44
1376 93 40
1376 94 0
1376 95 46
1376 96 39
1376 97 40
1376 98 0
1376 99 0
1376 100 0
1376 101 0
1376 102 40
1376 103 41
1376 104 33
1376 105 0
1376 106 38
1376 107 40
1376 108 39
1376 109 42
1376 110 38
1376 111 0
1376 112 0
1376 113 40
1376 114 39
1376 115 41
1376 116 0
1376 117 31
1376 118 43
1376 119 39
1376 120 39
1376 121 33
1401 1 38
1401 2 34
1401 3 38
1401 4 41
1401 5 32
1401 6 37
1401 7 40
1401 8 40
1401 9 0
1401 10 0
1401 11 0
1401 12 45
1401 13 40
1401 14 28
1401 15 43
1401 16 31
1401 17 31
1401 18 34
1401 19 41
1401 20 0
1401 21 0
1401 22 0
1401 23 31
1401 24 36
1401 25 40
1401 26 0
1401 27 0
1401 28 29
1401 29 37
1401 30 40
1401 31 0
1401 32 0
1401 33 0
1401 34 40
1401 35 30
1401 36 39
1401 37 0
1401 38 0
1401 39 0
1401 40 45
1401 41 40
1401 42 34
1401 43 0
1401 44 0
1401 45 0
1401 46 0
1401 47 31
1401 48 40
1401 49 41
1401 50 9
1401 51 43
1401 52 36
1401 53 38
1401 54 0
1401 55 0
1401 56 0
1401 57 0
1401 58 34
1401 59 32
1401 60 37
1401 61 0
1401 62 37
1401 63 49
1401 64 40
1401 65 0
1401 66 0
1401 67 0
1401 68 0
1401 69 28
1401 70 45
1401 71 40
1401 72 0
1401 73 0
1401 74 0
1401 75 0
1401 76 0
1401 77 0
1401 78 0
1401 79 0
1401 80 0
1401 81 0
1401 82 0
1401 83 0
1401 84 0
1401 85 0
1401 86 0
1401 87 0
1401 88 0
1401 89 0
1401 90 0
1401 91 42
1401 92 39
1401 93 37
1401 94 0
1401 95 31
1401 96 38
1401 97 40
1401 98 0
1401 99 0
1401 100 0
1401 101 0
1401 102 38
1401 103 50
1401 104 34
1401 105 0
1401 106 40
1401 107 32
1401 108 39
1401 109 41
1401 110 39
1401 111 0
1401 112 0
1401 113 37
1401 114 30
1401 115 38
1401 116 0
1401 117 30
1401 118 39
1401 119 40
1401 120 35
1401 121 30
1426 1 40
1426 2 30
1426 3 31
1426 4 39
1426 5 42
1426 6 42
1426 7 38
1426 8 32
1426 9 0
1426 10 0
1426 11 0
1426 12 48
1426 13 39
1426 14 30
1426 15 44
1426 16 30
1426 17 34
1426 18 30
1426 19 37
1426 20 0
1426 21 0
1426 22 0
1426 23 36
1426 24 40
1426 25 39
1426 26 0
1426 27 0
1426 28 37
1426 29 28
1426 30 40
1426 31 0
1426 32 0
1426 33 0
1426 34 40
1426 35 32
1426 36 38
1426 37 0
1426 38 0
1426 39 0
1426 40 39
1426 41 39
1426 42 42
1426 43 0
1426 44 0
1426 45 0
1426 46 0
1426 47 41
1426 48 38
1426 49 29
1426 50 9
1426 51 39
1426 52 39
1426 53 40
1426 54 0
1426 55 0
1426 56 0
1426 57 0
1426 58 36
1426 59 41
1426 60 39
1426 61 0
1426 62 36
1426 63 37
1426 64 39
1426 65 0
1426 66 0
1426 67 0
1426 68 0
1426 69 31
1426 70 38
1426 71 39
1426 72 0
1426 73 0
1426 74 0
1426 75 0
1426 76 0
1426 77 0
1426 78 0
1426 79 0
1426 80 0
1426 81 0
1426 82 0
1426 83 0
1426 84 0
1426 85 0
1426 86 0
1426 87 0
1426 88 0
1426 89 0
1426 90 0
1426 91 40
1426 92 41
1426 93 38
1426 94 0
1426 95 32
1426 96 41
1426 97 37
1426 98 0
1426 99 0
1426 100 0
1426 101 0
1426 102 37
1426 103 49
1426 104 38
1426 105 0
1426 106 38
1426 107 37
1426 108 44
1426 109 41
1426 110 42
1426 111 0
1426 112 0
1426 113 40
1426 114 37
1426 115 41
1426 116 0
1426 117 32
1426 118 34
1426 119 40
1426 120 43
1426 121 39
1451 1 40
1451 2 41
1451 3 39
1451 4 46
1451 5 41
1451 6 40
1451 7 37
1451 8 40
1451 9 0
1451 10 0
1451 11 0
1451 12 43
1451 13 40
1451 14 35
1451 15 40
1451 16 37
1451 17 31
1451 18 38
1451 19 28
1451 20 0
1451 21 0
1451 22 0
1451 23 36
1451 24 34
1451 25 40
1451 26 0
1451 27 0
1451 28 28
1451 29 32
1451 30 43
1451 31 0
1451 32 0
1451 33 0
1451 34 35
1451 35 30
1451 36 39
1451 37 0
1451 38 0
1451 39 0
1451 40 41
1451 41 42
1451 42 35
1451 43 0
1451 44 0
1451 45 0
1451 46 0
1451 47 40
1451 48 43
1451 49 41
1451 50 13
1451 51 39
1451 52 41
1451 53 40
1451 54 0
1451 55 0
1451 56 0
1451 57 0
1451 58 33
1451 59 38
1451 60 41
1451 61 0
1451 62 32
1451 63 45
1451 64 40
1451 65 0
1451 66 0
1451 67 0
1451 68 0
1451 69 32
1451 70 37
1451 71 37
1451 72 0
1451 73 0
1451 74 0
1451 75 0
1451 76 0
1451 77 0
1451 78 0
1451 79 0
1451 80 0
1451 81 0
1451 82 0
1451 83 0
1451 84 0
1451 85 0
1451 86 0
1451 87 0
1451 88 0
1451 89 0
1451 90 0
1451 91 39
1451 92 43
1451 93 39
1451 94 0
1451 95 38
1451 96 39
1451 97 40
1451 98 0
1451 99 0
1451 100 0
1451 101 0
1451 102 36
1451 103 47
1451 104 33
1451 105 0
1451 106 36
1451 107 40
1451 108 34
1451 109 34
1451 110 39
1451 111 0
1451 112 0
1451 113 38
1451 114 35
1451 115 40
1451 116 0
1451 117 22
1451 118 36
1451 119 40
1451 120 45
1451 121 35
1476 1 39
1476 2 40
1476 3 40
1476 4 30
1476 5 40
1476 6 37
1476 7 44
1476 8 37
1476 9 0
1476 10 0
1476 11 0
1476 12 40
1476 13 31
1476 14 41
1476 15 41
1476 16 36
1476 17 25
1476 18 30
1476 19 39
1476 20 0
1476 21 0
1476 22 0
1476 23 34
1476 24 38
1476 25 42
1476 26 0
1476 27 0
1476 28 27
1476 29 30
1476 30 38
1476 31 0
1476 32 0
1476 33 0
1476 34 39
1476 35 43
1476 36 45
1476 37 0
1476 38 0
1476 39 0
1476 40 39
1476 41 35
1476 42 28
1476 43 0
1476 44 0
1476 45 0
1476 46 0
1476 47 40
1476 48 39
1476 49 38
1476 50 11
1476 51 44
1476 52 39
1476 53 37
1476 54 0
1476 55 0
1476 56 0
1476 57 0
1476 58 33
1476 59 38
1476 60 37
1476 61 0
1476 62 33
1476 63 42
1476 64 38
1476 65 0
1476 66 0
1476 67 0
1476 68 0
1476 69 31
1476 70 40
1476 71 38
1476 72 0
1476 73 0
1476 74 0
1476 75 0
1476 76 0
1476 77 0
1476 78 0
1476 79 0
1476 80 0
1476 81 0
1476 82 0
1476 83 0
1476 84 0
1476 85 0
1476 86 0
1476 87 0
1476 88 0
1476 89 0
1476 90 0
1476 91 40
1476 92 41
1476 93 37
1476 94 0
1476 95 35
1476 96 40
1476 97 39
1476 98 0
1476 99 0
1476 100 0
1476 101 0
1476 102 40
1476 103 50
1476 104 41
1476 105 0
1476 106 37
1476 107 42
1476 108 39
1476 109 34
1476 110 39
1476 111 0
1476 112 0
1476 113 41
1476 114 33
1476 115 31
1476 116 0
1476 117 29
1476 118 39
1476 119 36
1476 120 37
1476 121 35
1501 1 39
1501 2 40
1501 3 34
1501 4 39
1501 5 32
1501 6 36
1501 7 39
1501 8 34
1501 9 0
1501 10 0
1501 11 0
1501 12 40
1501 13 32
1501 14 41
1501 15 39
1501 16 38
1501 17 24
1501 18 35
1501 19 39
1501 20 0
1501 21 0
1501 22 0
1501 23 33
1501 24 35
1501 25 44
1501 26 0
1501 27 0
1501 28 32
1501 29 28
1501 30 43
1501 31 0
1501 32 0
1501 33 0
1501 34 38
1501 35 39
1501 36 37
1501 37 0
1501 38 0
1501 39 0
1501 40 36
1501 41 40
1501 42 38
1501 43 0
1501 44 0
1501 45 0
1501 46 0
1501 47 39
1501 48 40
1501 49 30
1501 50 11
1501 51 41
1501 52 36
1501 53 39
1501 54 0
1501 55 0
1501 56 0
1501 57 0
1501 58 40
1501 59 32
1501 60 39
1501 61 0
1501 62 31
1501 63 42
1501 64 42
1501 65 0
1501 66 0
1501 67 0
1501 68 0
1501 69 31
1501 70 40
1501 71 43
1501 72 0
1501 73 0
1501 74 0
1501 75 0
1501 76 0
1501 77 0
1501 78 0
1501 79 0
1501 80 0
1501 81 0
1501 82 0
1501 83 0
1501 84 0
1501 85 0
1501 86 0
1501 87 0
1501 88 0
1501 89 0
1501 90 0
1501 91 40
1501 92 41
1501 93 42
1501 94 0
1501 95 32
1501 96 39
1501 97 40
1501 98 0
1501 99 0
1501 100 0
1501 101 0
1501 102 40
1501 103 39
1501 104 41
1501 105 0
1501 106 40
1501 107 43
1501 108 41
1501 109 31
1501 110 42
1501 111 0
1501 112 0
1501 113 41
1501 114 32
1501 115 43
1501 116 0
1501 117 36
1501 118 38
1501 119 36
1501 120 47
1501 121 40
1526 1 41
1526 2 29
1526 3 40
1526 4 36
1526 5 42
1526 6 32
1526 7 41
1526 8 40
1526 9 0
1526 10 0
1526 11 0
1526 12 50
1526 13 33
1526 14 37
1526 15 39
1526 16 34
1526 17 32
1526 18 34
1526 19 40
1526 20 0
1526 21 0
1526 22 0
1526 23 33
1526 24 40
1526 25 39
1526 26 0
1526 27 0
1526 28 37
1526 29 36
1526 30 44
1526 31 0
1526 32 0
1526 33 0
1526 34 41
1526 35 40
1526 36 42
1526 37 0
1526 38 0
1526 39 0
1526 40 45
1526 41 30
1526 42 35
1526 43 0
1526 44 0
1526 45 0
1526 46 0
1526 47 40
1526 48 39
1526 49 34
1526 50 10
1526 51 48
1526 52 41
1526 53 40
1526 54 0
1526 55 0
1526 56 0
1526 57 0
1526 58 37
1526 59 40
1526 60 39
1526 61 0
1526 62 30
1526 63 41
1526 64 40
1526 65 0
1526 66 0
1526 67 0
1526 68 0
1526 69 22
1526 70 46
1526 71 40
1526 72 0
1526 73 0
1526 74 0
1526 75 0
1526 76 0
1526 77 0
1526 78 0
1526 79 0
1526 80 0
1526 81 0
1526 82 0
1526 83 0
1526 84 0
1526 85 0
1526 86 0
1526 87 0
1526 88 0
1526 89 0
1526 90 0
1526 91 42
1526 92 38
1526 93 37
1526 94 0
1526 95 32
1526 96 33
1526 97 42
1526 98 0
1526 99 0
1526 100 0
1526 101 0
1526 102 38
1526 103 50
1526 104 40
1526 105 0
1526 106 40
1526 107 34
1526 108 32
1526 109 37
1526 110 40
1526 111 0
1526 112 0
1526 113 39
1526 114 37
1526 115 42
1526 116 0
1526 117 28
1526 118 42
1526 119 34
1526 120 42
1526 121 31
1551 1 43
1551 2 32
1551 3 39
1551 4 38
1551 5 38
1551 6 36
1551 7 40
1551 8 35
1551 9 0
1551 10 0
1551 11 0
1551 12 49
1551 13 39
1551 14 41
1551 15 42
1551 16 29
1551 17 31
1551 18 29
1551 19 37
1551 20 0
1551 21 0
1551 22 0
1551 23 40
1551 24 40
1551 25 38
1551 26 0
1551 27 0
1551 28 32
1551 29 32
1551 30 39
1551 31 0
1551 32 0
1551 33 0
1551 34 40
1551 35 30
1551 36 39
1551 37 0
1551 38 0
1551 39 0
1551 40 40
1551 41 40
1551 42 36
1551 43 0
1551 44 0
1551 45 0
1551 46 0
1551 47 40
1551 48 41
1551 49 32
1551 50 13
1551 51 46
1551 52 41
1551 53 35
1551 54 0
1551 55 0
1551 56 0
1551 57 0
1551 58 32
1551 59 40
1551 60 36
1551 61 0
1551 62 35
1551 63 40
1551 64 39
1551 65 0
1551 66 0
1551 67 0
1551 68 0
1551 69 31
1551 70 41
1551 71 40
1551 72 0
1551 73 0
1551 74 0
1551 75 0
1551 76 0
1551 77 0
1551 78 0
1551 79 0
1551 80 0
1551 81 0
1551 82 0
1551 83 0
1551 84 0
1551 85 0
1551 86 0
1551 87 0
1551 88 0
1551 89 0
1551 90 0
1551 91 35
1551 92 40
1551 93 38
1551 94 0
1551 95 41
1551 96 39
1551 97 39
1551 98 0
1551 99 0
1551 100 0
1551 101 0
1551 102 41
1551 103 50
1551 104 29
1551 105 0
1551 106 41
1551 107 33
1551 108 42
1551 109 39
1551 110 41
1551 111 0
1551 112 0
1551 113 38
1551 114 37
1551 115 40
1551 116 0
1551 117 30
1551 118 39
1551 119 42
1551 120 40
1551 121 39
1576 1 37
1576 2 32
1576 3 37
1576 4 39
1576 5 34
1576 6 40
1576 7 40
1576 8 41
1576 9 0
1576 10 0
1576 11 0
1576 12 44
1576 13 40
1576 14 37
1576 15 49
1576 16 40
1576 17 30
1576 18 39
1576 19 40
1576 20 0
1576 21 0
1576 22 0
1576 23 39
1576 24 36
1576 25 41
1576 26 0
1576 27 0
1576 28 32
1576 29 33
1576 30 42
1576 31 0
1576 32 0
1576 33 0
1576 34 40
1576 35 33
1576 36 37
1576 37 0
1576 38 0
1576 39 0
1576 40 40
1576 41 41
1576 42 38
1576 43 0
1576 44 0
1576 45 0
1576 46 0
1576 47 39
1576 48 36
1576 49 31
1576 50 12
1576 51 48
1576 52 41
1576 53 40
1576 54 0
1576 55 0
1576 56 0
1576 57 0
1576 58 36
1576 59 37
1576 60 39
1576 61 0
1576 62 38
1576 63 41
1576 64 42
1576 65 0
1576 66 0
1576 67 0
1576 68 0
1576 69 28
1576 70 44
1576 71 37
1576 72 0
1576 73 0
1576 74 0
1576 75 0
1576 76 0
1576 77 0
1576 78 0
1576 79 0
1576 80 0
1576 81 0
1576 82 0
1576 83 0
1576 84 0
1576 85 0
1576 86 0
1576 87 0
1576 88 0
1576 89 0
1576 90 0
1576 91 42
1576 92 44
1576 93 37
1576 94 0
1576 95 32
1576 96 40
1576 97 41
1576 98 0
1576 99 0
1576 100 0
1576 101 0
1576 102 37
1576 103 51
1576 104 40
1576 105 0
1576 106 38
1576 107 39
1576 108 38
1576 109 39
1576 110 38
1576 111 0
1576 112 0
1576 113 35
1576 114 40
1576 115 37
1576 116 0
1576 117 30
1576 118 38
1576 119 44
1576 120 38
1576 121 40
1601 1 40
1601 2 39
1601 3 38
1601 4 37
1601 5 42
1601 6 42
1601 7 36
1601 8 39
1601 9 0
1601 10 0
1601 11 0
1601 12 40
1601 13 34
1601 14 40
1601 15 40
1601 16 35
1601 17 32
1601 18 35
1601 19 40
1601 20 0
1601 21 0
1601 22 0
1601 23 39
1601 24 37
1601 25 40
1601 26 0
1601 27 0
1601 28 32
1601 29 31
1601 30 40
1601 31 0
1601 32 0
1601 33 0
1601 34 40
1601 35 37
1601 36 40
1601 37 0
1601 38 0
1601 39 0
1601 40 39
1601 41 40
1601 42 39
1601 43 0
1601 44 0
1601 45 0
1601 46 0
1601 47 39
1601 48 43
1601 49 31
1601 50 18
1601 51 47
1601 52 40
1601 53 36
1601 54 0
1601 55 0
1601 56 0
1601 57 0
1601 58 39
1601 59 31
1601 60 37
1601 61 0
1601 62 32
1601 63 49
1601 64 39
1601 65 0
1601 66 0
1601 67 0
1601 68 0
1601 69 32
1601 70 50
1601 71 34
1601 72 0
1601 73 0
1601 74 0
1601 75 0
1601 76 0
1601 77 0
1601 78 0
1601 79 0
1601 80 0
1601 81 0
1601 82 0
1601 83 0
1601 84 0
1601 85 0
1601 86 0
1601 87 0
1601 88 0
1601 89 0
1601 90 0
1601 91 39
1601 92 44
1601 93 38
1601 94 0
1601 95 36
1601 96 34
1601 97 40
1601 98 0
1601 99 0
1601 100 0
1601 101 0
1601 102 42
1601 103 50
1601 104 40
1601 105 0
1601 106 38
1601 107 38
1601 108 38
1601 109 35
1601 110 44
1601 111 0
1601 112 0
1601 113 36
1601 114 38
1601 115 38
1601 116 0
1601 117 34
1601 118 29
1601 119 38
1601 120 41
1601 121 32
1626 1 37
1626 2 40
1626 3 31
1626 4 32
1626 5 38
1626 6 40
1626 7 42
1626 8 36
1626 9 0
1626 10 0
1626 11 0
1626 12 49
1626 13 35
1626 14 40
1626 15 41
1626 16 34
1626 17 32
1626 18 30
1626 19 39
1626 20 0
1626 21 0
1626 22 0
1626 23 36
1626 24 36
1626 25 41
1626 26 0
1626 27 0
1626 28 31
1626 29 30
1626 30 38
1626 31 0
1626 32 0
1626 33 0
1626 34 36
1626 35 41
1626 36 39
1626 37 0
1626 38 0
1626 39 0
1626 40 36
1626 41 41
1626 42 29
1626 43 0
1626 44 0
1626 45 0
1626 46 0
1626 47 38
1626 48 38
1626 49 40
1626 50 12
1626 51 50
1626 52 38
1626 53 35
1626 54 0
1626 55 0
1626 56 0
1626 57 0
1626 58 34
1626 59 32
1626 60 42
1626 61 0
1626 62 35
1626 63 37
1626 64 41
1626 65 0
1626 66 0
1626 67 0
1626 68 0
1626 69 29
1626 70 40
1626 71 37
1626 72 0
1626 73 0
1626 74 0
1626 75 0
1626 76 0
1626 77 0
1626 78 0
1626 79 0
1626 80 0
1626 81 0
1626 82 0
1626 83 0
1626 84 0
1626 85 0
1626 86 0
1626 87 0
1626 88 0
1626 89 0
1626 90 0
1626 91 39
1626 92 43
1626 93 39
1626 94 0
1626 95 32
1626 96 37
1626 97 43
1626 98 0
1626 99 0
1626 100 0
1626 101 0
1626 102 44
1626 103 46
1626 104 40
1626 105 0
1626 106 42
1626 107 35
1626 108 37
1626 109 40
1626 110 37
1626 111 0
1626 112 0
1626 113 38
1626 114 41
1626 115 40
1626 116 0
1626 117 33
1626 118 39
1626 119 38
1626 120 38
1626 121 42
1651 1 43
1651 2 40
1651 3 30
1651 4 37
1651 5 37
1651 6 42
1651 7 38
1651 8 42
1651 9 0
1651 10 0
1651 11 0
1651 12 40
1651 13 30
1651 14 35
1651 15 42
1651 16 32
1651 17 28
1651 18 30
1651 19 40
1651 20 0
1651 21 0
1651 22 0
1651 23 37
1651 24 35
1651 25 39
1651 26 0
1651 27 0
1651 28 31
1651 29 30
1651 30 37
1651 31 0
1651 32 0
1651 33 0
1651 34 39
1651 35 36
1651 36 39
1651 37 0
1651 38 0
1651 39 0
1651 40 38
1651 41 40
1651 42 41
1651 43 0
1651 44 0
1651 45 0
1651 46 0
1651 47 30
1651 48 45
1651 49 38
1651 50 16
1651 51 42
1651 52 37
1651 53 41
1651 54 0
1651 55 0
1651 56 0
1651 57 0
1651 58 37
1651 59 40
1651 60 36
1651 61 0
1651 62 38
1651 63 45
1651 64 43
1651 65 0
1651 66 0
1651 67 0
1651 68 0
1651 69 24
1651 70 40
1651 71 33
1651 72 0
1651 73 0
1651 74 0
1651 75 0
1651 76 0
1651 77 0
1651 78 0
1651 79 0
1651 80 0
1651 81 0
1651 82 0
1651 83 0
1651 84 0
1651 85 0
1651 86 0
1651 87 0
1651 88 0
1651 89 0
1651 90 0
1651 91 41
1651 92 45
1651 93 38
1651 94 0
1651 95 38
1651 96 40
1651 97 40
1651 98 0
1651 99 0
1651 100 0
1651 101 0
1651 102 40
1651 103 42
1651 104 40
1651 105 0
1651 106 39
1651 107 38
1651 108 38
1651 109 39
1651 110 40
1651 111 0
1651 112 0
1651 113 40
1651 114 36
1651 115 41
1651 116 0
1651 117 29
1651 118 31
1651 119 42
1651 120 37
1651 121 37
1676 1 40
1676 2 39
1676 3 36
1676 4 37
1676 5 34
1676 6 35
1676 7 33
1676 8 40
1676 9 0
1676 10 0
1676 11 0
1676 12 42
1676 13 40
1676 14 40
1676 15 40
1676 16 38
1676 17 27
1676 18 41
1676 19 41
1676 20 0
1676 21 0
1676 22 0
1676 23 35
1676 24 39
1676 25 34
1676 26 0
1676 27 0
1676 28 30
1676 29 33
1676 30 34
1676 31 0
1676 32 0
1676 33 0
1676 34 42
1676 35 36
1676 36 43
1676 37 0
1676 38 0
1676 39 0
1676 40 42
1676 41 39
1676 42 40
1676 43 0
1676 44 0
1676 45 0
1676 46 0
1676 47 39
1676 48 42
1676 49 34
1676 50 11
1676 51 51
1676 52 36
1676 53 39
1676 54 0
1676 55 0
1676 56 0
1676 57 0
1676 58 35
1676 59 39
1676 60 39
1676 61 0
1676 62 31
1676 63 47
1676 64 38
1676 65 0
1676 66 0
1676 67 0
1676 68 0
1676 69 31
1676 70 40
1676 71 40
1676 72 0
1676 73 0
1676 74 0
1676 75 0
1676 76 0
1676 77 0
1676 78 0
1676 79 0
1676 80 0
1676 81 0
1676 82 0
1676 83 0
1676 84 0
1676 85 0
1676 86 0
1676 87 0
1676 88 0
1676 89 0
1676 90 0
1676 91 35
1676 92 47
1676 93 41
1676 94 0
1676 95 30
1676 96 40
1676 97 38
1676 98 0
1676 99 0
1676 100 0
1676 101 0
1676 102 36
1676 103 48
1676 104 34
1676 105 0
1676 106 31
1676 107 33
1676 108 38
1676 109 40
1676 110 47
1676 111 0
1676 112 0
1676 113 37
1676 114 27
1676 115 39
1676 116 0
1676 117 35
1676 118 39
1676 119 33
1676 120 39
1676 121 41
1701 1 38
1701 2 40
1701 3 37
1701 4 40
1701 5 40
1701 6 43
1701 7 43
1701 8 40
1701 9 0
1701 10 0
1701 11 0
1701 12 49
1701 13 37
1701 14 38
1701 15 41
1701 16 36
1701 17 33
1701 18 35
1701 19 40
1701 20 0
1701 21 0
1701 22 0
1701 23 35
1701 24 37
1701 25 40
1701 26 0
1701 27 0
1701 28 27
1701 29 41
1701 30 35
1701 31 0
1701 32 0
1701 33 0
1701 34 41
1701 35 38
1701 36 38
1701 37 0
1701 38 0
1701 39 0
1701 40 40
1701 41 31
1701 42 34
1701 43 0
1701 44 0
1701 45 0
1701 46 0
1701 47 38
1701 48 43
1701 49 28
1701 50 11
1701 51 39
1701 52 43
1701 53 38
1701 54 0
1701 55 0
1701 56 0
1701 57 0
1701 58 34
1701 59 36
1701 60 41
1701 61 0
1701 62 37
1701 63 37
1701 64 39
1701 65 0
1701 66 0
1701 67 0
1701 68 0
1701 69 36
1701 70 41
1701 71 35
1701 72 0
1701 73 0
1701 74 0
1701 75 0
1701 76 0
1701 77 0
1701 78 0
1701 79 0
1701 80 0
1701 81 0
1701 82 0
1701 83 0
1701 84 0
1701 85 0
1701 86 0
1701 87 0
1701 88 0
1701 89 0
1701 90 0
1701 91 40
1701 92 41
1701 93 40
1701 94 0
1701 95 31
1701 96 37
1701 97 40
1701 98 0
1701 99 0
1701 100 0
1701 101 0
1701 102 37
1701 103 44
1701 104 38
1701 105 0
1701 106 35
1701 107 39
1701 108 41
1701 109 40
1701 110 40
1701 111 0
1701 112 0
1701 113 38
1701 114 31
1701 115 35
1701 116 0
1701 117 30
1701 118 38
1701 119 37
1701 120 39
1701 121 30
1726 1 39
1726 2 39
1726 3 33
1726 4 38
1726 5 35
1726 6 39
1726 7 44
1726 8 38
1726 9 0
1726 10 0
1726 11 0
1726 12 49
1726 13 43
1726 14 32
1726 15 39
1726 16 40
1726 17 30
1726 18 41
1726 19 40
1726 20 0
1726 21 0
1726 22 0
1726 23 36
1726 24 39
1726 25 37
1726 26 0
1726 27 0
1726 28 30
1726 29 32
1726 30 40
1726 31 0
1726 32 0
1726 33 0
1726 34 36
1726 35 37
1726 36 43
1726 37 0
1726 38 0
1726 39 0
1726 40 32
1726 41 35
1726 42 35
1726 43 0
1726 44 0
1726 45 0
1726 46 0
1726 47 41
1726 48 41
1726 49 33
1726 50 11
1726 51 45
1726 52 36
1726 53 40
1726 54 0
1726 55 0
1726 56 0
1726 57 0
1726 58 39
1726 59 43
1726 60 39
1726 61 0
1726 62 30
1726 63 38
1726 64 34
1726 65 0
1726 66 0
1726 67 0
1726 68 0
1726 69 30
1726 70 45
1726 71 44
1726 72 0
1726 73 0
1726 74 0
1726 75 0
1726 76 0
1726 77 0
1726 78 0
1726 79 0
1726 80 0
1726 81 0
1726 82 0
1726 83 0
1726 84 0
1726 85 0
1726 86 0
1726 87 0
1726 88 0
1726 89 0
1726 90 0
1726 91 40
1726 92 50
1726 93 40
1726 94 0
1726 95 39
1726 96 36
1726 97 40
1726 98 0
1726 99 0
1726 100 0
1726 101 0
1726 102 39
1726 103 44
1726 104 41
1726 105 0
1726 106 33
1726 107 41
1726 108 31
1726 109 31
1726 110 40
1726 111 0
1726 112 0
1726 113 41
1726 114 35
1726 115 39
1726 116 0
1726 117 30
1726 118 33
1726 119 39
1726 120 37
1726 121 40
1751 1 45
1751 2 30
1751 3 41
1751 4 37
1751 5 41
1751 6 35
1751 7 38
1751 8 42
1751 9 0
1751 10 0
1751 11 0
1751 12 42
1751 13 33
1751 14 37
1751 15 40
1751 16 41
1751 17 31
1751 18 35
1751 19 40
1751 20 0
1751 21 0
1751 22 0
1751 23 41
1751 24 38
1751 25 42
1751 26 0
1751 27 0
1751 28 33
1751 29 32
1751 30 40
1751 31 0
1751 32 0
1751 33 0
1751 34 46
1751 35 30
1751 36 38
1751 37 0
1751 38 0
1751 39 0
1751 40 36
1751 41 34
1751 42 36
1751 43 0
1751 44 0
1751 45 0
1751 46 0
1751 47 39
1751 48 41
1751 49 40
1751 50 8
1751 51 49
1751 52 39
1751 53 35
1751 54 0
1751 55 0
1751 56 0
1751 57 0
1751 58 31
1751 59 39
1751 60 40
1751 61 0
1751 62 28
1751 63 43
1751 64 31
1751 65 0
1751 66 0
1751 67 0
1751 68 0
1751 69 26
1751 70 39
1751 71 38
1751 72 0
1751 73 0
1751 74 0
1751 75 0
1751 76 0
1751 77 0
1751 78 0
1751 79 0
1751 80 0
1751 81 0
1751 82 0
1751 83 0
1751 84 0
1751 85 0
1751 86 0
1751 87 0
1751 88 0
1751 89 0
1751 90 0
1751 91 41
1751 92 46
1751 93 39
1751 94 0
1751 95 28
1751 96 41
1751 97 43
1751 98 0
1751 99 0
1751 100 0
1751 101 0
1751 102 38
1751 103 50
1751 104 32
1751 105 0
1751 106 33
1751 107 35
1751 108 34
1751 109 30
1751 110 41
1751 111 0
1751 112 0
1751 113 45
1751 114 37
1751 115 38
1751 116 0
1751 117 30
1751 118 42
1751 119 40
1751 120 37
1751 121 41
1776 1 40
1776 2 35
1776 3 40
1776 4 40
1776 5 40
1776 6 38
1776 7 39
1776 8 40
1776 9 0
1776 10 0
1776 11 0
1776 12 49
1776 13 36
1776 14 40
1776 15 43
1776 16 35
1776 17 31
1776 18 38
1776 19 41
1776 20 0
1776 21 0
1776 22 0
1776 23 40
1776 24 38
1776 25 40
1776 26 0
1776 27 0
1776 28 30
1776 29 32
1776 30 39
1776 31 0
1776 32 0
1776 33 0
1776 34 38
1776 35 32
1776 36 40
1776 37 0
1776 38 0
1776 39 0
1776 40 47
1776 41 39
1776 42 36
1776 43 0
1776 44 0
1776 45 0
1776 46 0
1776 47 39
1776 48 41
1776 49 32
1776 50 11
1776 51 39
1776 52 41
1776 53 36
1776 54 0
1776 55 0
1776 56 0
1776 57 0
1776 58 34
1776 59 40
1776 60 41
1776 61 0
1776 62 40
1776 63 41
1776 64 40
1776 65 0
1776 66 0
1776 67 0
1776 68 0
1776 69 28
1776 70 43
1776 71 38
1776 72 0
1776 73 0
1776 74 0
1776 75 0
1776 76 0
1776 77 0
1776 78 0
1776 79 0
1776 80 0
1776 81 0
1776 82 0
1776 83 0
1776 84 0
1776 85 0
1776 86 0
1776 87 0
1776 88 0
1776 89 0
1776 90 0
1776 91 33
1776 92 43
1776 93 40
1776 94 0
1776 95 40
1776 96 30
1776 97 40
1776 98 0
1776 99 0
1776 100 0
1776 101 0
1776 102 37
1776 103 43
1776 104 40
1776 105 0
1776 106 37
1776 107 42
1776 108 31
1776 109 39
1776 110 39
1776 111 0
1776 112 0
1776 113 39
1776 114 40
1776 115 40
1776 116 0
1776 117 37
1776 118 38
1776 119 31
1776 120 39
1776 121 39
1801 1 35
1801 2 38
1801 3 41
1801 4 44
1801 5 34
1801 6 40
1801 7 35
1801 8 40
1801 9 0
1801 10 0
1801 11 0
1801 12 46
1801 13 40
1801 14 37
1801 15 45
1801 16 37
1801 17 32
1801 18 34
1801 19 35
1801 20 0
1801 21 0
1801 22 0
1801 23 35
1801 24 40
1801 25 41
1801 26 0
1801 27 0
1801 28 30
1801 29 34
1801 30 40
1801 31 0
1801 32 0
1801 33 0
1801 34 39
1801 35 30
1801 36 39
1801 37 0
1801 38 0
1801 39 0
1801 40 33
1801 41 39
1801 42 35
1801 43 0
1801 44 0
1801 45 0
1801 46 0
1801 47 46
1801 48 37
1801 49 34
1801 50 15
1801 51 44
1801 52 39
1801 53 40
1801 54 0
1801 55 0
1801 56 0
1801 57 0
1801 58 35
1801 59 39
1801 60 46
1801 61 0
1801 62 31
1801 63 41
1801 64 47
1801 65 0
1801 66 0
1801 67 0
1801 68 0
1801 69 30
1801 70 42
1801 71 37
1801 72 0
1801 73 0
1801 74 0
1801 75 0
1801 76 0
1801 77 0
1801 78 0
1801 79 0
1801 80 0
1801 81 0
1801 82 0
1801 83 0
1801 84 0
1801 85 0
1801 86 0
1801 87 0
1801 88 0
1801 89 0
1801 90 0
1801 91 33
1801 92 41
1801 93 40
1801 94 0
1801 95 38
1801 96 39
1801 97 42
1801 98 0
1801 99 0
1801 100 0
1801 101 0
1801 102 40
1801 103 47
1801 104 42
1801 105 0
1801 106 40
1801 107 38
1801 108 32
1801 109 36
1801 110 40
1801 111 0
1801 112 0
1801 113 40
1801 114 40
1801 115 37
1801 116 0
1801 117 37
1801 118 33
1801 119 38
1801 120 42
1801 121 40
1826 1 43
1826 2 40
1826 3 39
1826 4 44
1826 5 37
1826 6 41
1826 7 36
1826 8 40
1826 9 0
1826 10 0
1826 11 0
1826 12 46
1826 13 33
1826 14 40
1826 15 47
1826 16 39
1826 17 30
1826 18 40
1826 19 44
1826 20 0
1826 21 0
1826 22 0
1826 23 41
1826 24 35
1826 25 40
1826 26 0
1826 27 0
1826 28 29
1826 29 31
1826 30 41
1826 31 0
1826 32 0
1826 33 0
1826 34 40
1826 35 30
1826 36 41
1826 37 0
1826 38 0
1826 39 0
1826 40 34
1826 41 43
1826 42 35
1826 43 0
1826 44 0
1826 45 0
1826 46 0
1826 47 38
1826 48 41
1826 49 33
1826 50 13
1826 51 46
1826 52 40
1826 53 40
1826 54 0
1826 55 0
1826 56 0
1826 57 0
1826 58 35
1826 59 41
1826 60 38
1826 61 0
1826 62 30
1826 63 41
1826 64 42
1826 65 0
1826 66 0
1826 67 0
1826 68 0
1826 69 29
1826 70 42
1826 71 41
1826 72 0
1826 73 0
1826 74 0
1826 75 0
1826 76 0
1826 77 0
1826 78 0
1826 79 0
1826 80 0
1826 81 0
1826 82 0
1826 83 0
1826 84 0
1826 85 0
1826 86 0
1826 87 0
1826 88 0
1826 89 0
1826 90 0
1826 91 39
1826 92 49
1826 93 37
1826 94 0
1826 95 38
1826 96 32
1826 97 36
1826 98 0
1826 99 0
1826 100 0
1826 101 0
1826 102 41
1826 103 54
1826 104 37
1826 105 0
1826 106 42
1826 107 35
1826 108 37
1826 109 37
1826 110 40
1826 111 0
1826 112 0
1826 113 39
1826 114 33
1826 115 38
1826 116 0
1826 117 31
1826 118 33
1826 119 40
1826 120 41
1826 121 30
1851 1 43
1851 2 40
1851 3 31
1851 4 30
1851 5 42
1851 6 47
1851 7 38
1851 8 40
1851 9 0
1851 10 0
1851 11 0
1851 12 48
1851 13 42
1851 14 41
1851 15 41
1851 16 32
1851 17 36
1851 18 34
1851 19 40
1851 20 0
1851 21 0
1851 22 0
1851 23 36
1851 24 38
1851 25 35
1851 26 0
1851 27 0
1851 28 27
1851 29 32
1851 30 41
1851 31 0
1851 32 0
1851 33 0
1851 34 40
1851 35 30
1851 36 39
1851 37 0
1851 38 0
1851 39 0
1851 40 40
1851 41 43
1851 42 36
1851 43 0
1851 44 0
1851 45 0
1851 46 0
1851 47 39
1851 48 37
1851 49 41
1851 50 12
1851 51 46
1851 52 34
1851 53 40
1851 54 0
1851 55 0
1851 56 0
1851 57 0
1851 58 34
1851 59 41
1851 60 34
1851 61 0
1851 62 41
1851 63 46
1851 64 37
1851 65 0
1851 66 0
1851 67 0
1851 68 0
1851 69 30
1851 70 41
1851 71 39
1851 72 0
1851 73 0
1851 74 0
1851 75 0
1851 76 0
1851 77 0
1851 78 0
1851 79 0
1851 80 0
1851 81 0
1851 82 0
1851 83 0
1851 84 0
1851 85 0
1851 86 0
1851 87 0
1851 88 0
1851 89 0
1851 90 0
1851 91 40
1851 92 41
1851 93 40
1851 94 0
1851 95 40
1851 96 34
1851 97 43
1851 98 0
1851 99 0
1851 100 0
1851 101 0
1851 102 38
1851 103 50
1851 104 40
1851 105 0
1851 106 32
1851 107 30
1851 108 40
1851 109 41
1851 110 44
1851 111 0
1851 112 0
1851 113 34
1851 114 40
1851 115 39
1851 116 0
1851 117 32
1851 118 33
1851 119 40
1851 120 40
1851 121 37
1876 1 41
1876 2 30
1876 3 40
1876 4 35
1876 5 35
1876 6 36
1876 7 37
1876 8 40
1876 9 0
1876 10 0
1876 11 0
1876 12 41
1876 13 36
1876 14 45
1876 15 41
1876 16 40
1876 17 31
1876 18 36
1876 19 41
1876 20 0
1876 21 0
1876 22 0
1876 23 40
1876 24 41
1876 25 39
1876 26 0
1876 27 0
1876 28 30
1876 29 29
1876 30 34
1876 31 0
1876 32 0
1876 33 0
1876 34 42
1876 35 36
1876 36 40
1876 37 0
1876 38 0
1876 39 0
1876 40 39
1876 41 41
1876 42 33
1876 43 0
1876 44 0
1876 45 0
1876 46 0
1876 47 39
1876 48 31
1876 49 33
1876 50 12
1876 51 48
1876 52 39
1876 53 35
1876 54 0
1876 55 0
1876 56 0
1876 57 0
1876 58 34
1876 59 37
1876 60 39
1876 61 0
1876 62 30
1876 63 37
1876 64 40
1876 65 0
1876 66 0
1876 67 0
1876 68 0
1876 69 33
1876 70 38
1876 71 40
1876 72 0
1876 73 0
1876 74 0
1876 75 0
1876 76 0
1876 77 0
1876 78 0
1876 79 0
1876 80 0
1876 81 0
1876 82 0
1876 83 0
1876 84 0
1876 85 0
1876 86 0
1876 87 0
1876 88 0
1876 89 0
1876 90 0
1876 91 42
1876 92 42
1876 93 39
1876 94 0
1876 95 31
1876 96 42
1876 97 39
1876 98 0
1876 99 0
1876 100 0
1876 101 0
1876 102 33
1876 103 40
1876 104 37
1876 105 0
1876 106 40
1876 107 34
1876 108 36
1876 109 38
1876 110 37
1876 111 0
1876 112 0
1876 113 36
1876 114 35
1876 115 40
1876 116 0
1876 117 30
1876 118 39
1876 119 40
1876 120 38
1876 121 32
1901 1 40
1901 2 33
1901 3 35
1901 4 41
1901 5 38
1901 6 37
1901 7 40
1901 8 40
1901 9 0
1901 10 0
1901 11 0
1901 12 41
1901 13 33
1901 14 40
1901 15 35
1901 16 23
1901 17 24
1901 18 37
1901 19 38
1901 20 0
1901 21 0
1901 22 0
1901 23 35
1901 24 40
1901 25 40
1901 26 0
1901 27 0
1901 28 33
1901 29 30
1901 30 41
1901 31 0
1901 32 0
1901 33 0
1901 34 40
1901 35 35
1901 36 33
1901 37 0
1901 38 0
1901 39 0
1901 40 41
1901 41 39
1901 42 35
1901 43 0
1901 44 0
1901 45 0
1901 46 0
1901 47 35
1901 48 37
1901 49 38
1901 50 11
1901 51 40
1901 52 41
1901 53 42
1901 54 0
1901 55 0
1901 56 0
1901 57 0
1901 58 33
1901 59 38
1901 60 42
1901 61 0
1901 62 30
1901 63 41
1901 64 40
1901 65 0
1901 66 0
1901 67 0
1901 68 0
1901 69 32
1901 70 48
1901 71 35
1901 72 0
1901 73 0
1901 74 0
1901 75 0
1901 76 0
1901 77 0
1901 78 0
1901 79 0
1901 80 0
1901 81 0
1901 82 0
1901 83 0
1901 84 0
1901 85 0
1901 86 0
1901 87 0
1901 88 0
1901 89 0
1901 90 0
1901 91 41
1901 92 42
1901 93 39
1901 94 0
1901 95 40
1901 96 31
1901 97 35
1901 98 0
1901 99 0
1901 100 0
1901 101 0
1901 102 41
1901 103 44
1901 104 34
1901 105 0
1901 106 40
1901 107 38
1901 108 40
1901 109 38
1901 110 41
1901 111 0
1901 112 0
1901 113 34
1901 114 29
1901 115 41
1901 116 0
1901 117 31
1901 118 36
1901 119 32
1901 120 37
1901 121 30
1926 1 41
1926 2 35
1926 3 40
1926 4 38
1926 5 39
1926 6 39
1926 7 36
1926 8 42
1926 9 0
1926 10 0
1926 11 0
1926 12 39
1926 13 41
1926 14 36
1926 15 47
1926 16 32
1926 17 30
1926 18 36
1926 19 43
1926 20 0
1926 21 0
1926 22 0
1926 23 40
1926 24 38
1926 25 40
1926 26 0
1926 27 0
1926 28 36
1926 29 37
1926 30 36
1926 31 0
1926 32 0
1926 33 0
1926 34 39
1926 35 37
1926 36 41
1926 37 0
1926 38 0
1926 39 0
1926 40 37
1926 41 40
1926 42 34
1926 43 0
1926 44 0
1926 45 0
1926 46 0
1926 47 40
1926 48 42
1926 49 32
1926 50 10
1926 51 41
1926 52 42
1926 53 38
1926 54 0
1926 55 0
1926 56 0
1926 57 0
1926 58 37
1926 59 41
1926 60 42
1926 61 0
1926 62 31
1926 63 49
1926 64 39
1926 65 0
1926 66 0
1926 67 0
1926 68 0
1926 69 30
1926 70 40
1926 71 40
1926 72 0
1926 73 0
1926 74 0
1926 75 0
1926 76 0
1926 77 0
1926 78 0
1926 79 0
1926 80 0
1926 81 0
1926 82 0
1926 83 0
1926 84 0
1926 85 0
1926 86 0
1926 87 0
1926 88 0
1926 89 0
1926 90 0
1926 91 41
1926 92 40
1926 93 40
1926 94 0
1926 95 30
1926 96 43
1926 97 39
1926 98 0
1926 99 0
1926 100 0
1926 101 0
1926 102 35
1926 103 47
1926 104 41
1926 105 0
1926 106 40
1926 107 34
1926 108 42
1926 109 34
1926 110 35
1926 111 0
1926 112 0
1926 113 32
1926 114 39
1926 115 40
1926 116 0
1926 117 37
1926 118 33
1926 119 41
1926 120 42
1926 121 40
1951 1 34
1951 2 40
1951 3 34
1951 4 39
1951 5 41
1951 6 40
1951 7 43
1951 8 43
1951 9 0
1951 10 0
1951 11 0
1951 12 45
1951 13 35
1951 14 35
1951 15 42
1951 16 34
1951 17 37
1951 18 39
1951 19 34
1951 20 0
1951 21 0
1951 22 0
1951 23 40
1951 24 41
1951 25 40
1951 26 0
1951 27 0
1951 28 31
1951 29 30
1951 30 41
1951 31 0
1951 32 0
1951 33 0
1951 34 40
1951 35 36
1951 36 40
1951 37 0
1951 38 0
1951 39 0
1951 40 42
1951 41 36
1951 42 34
1951 43 0
1951 44 0
1951 45 0
1951 46 0
1951 47 39
1951 48 40
1951 49 39
1951 50 13
1951 51 39
1951 52 31
1951 53 37
1951 54 0
1951 55 0
1951 56 0
1951 57 0
1951 58 27
1951 59 38
1951 60 40
1951 61 0
1951 62 41
1951 63 41
1951 64 43
1951 65 0
1951 66 0
1951 67 0
1951 68 0
1951 69 20
1951 70 44
1951 71 38
1951 72 0
1951 73 0
1951 74 0
1951 75 0
1951 76 0
1951 77 0
1951 78 0
1951 79 0
1951 80 0
1951 81 0
1951 82 0
1951 83 0
1951 84 0
1951 85 0
1951 86 0
1951 87 0
1951 88 0
1951 89 0
1951 90 0
1951 91 39
1951 92 41
1951 93 40
1951 94 0
1951 95 39
1951 96 37
1951 97 40
1951 98 0
1951 99 0
1951 100 0
1951 101 0
1951 102 40
1951 103 40
1951 104 35
1951 105 0
1951 106 36
1951 107 40
1951 108 32
1951 109 41
1951 110 42
1951 111 0
1951 112 0
1951 113 40
1951 114 31
1951 115 39
1951 116 0
1951 117 33
1951 118 36
1951 119 41
1951 120 37
1951 121 32
1976 1 40
1976 2 39
1976 3 33
1976 4 38
1976 5 37
1976 6 42
1976 7 39
1976 8 43
1976 9 0
1976 10 0
1976 11 0
1976 12 42
1976 13 32
1976 14 37
1976 15 46
1976 16 37
1976 17 32
1976 18 36
1976 19 40
1976 20 0
1976 21 0
1976 22 0
1976 23 39
1976 24 39
1976 25 44
1976 26 0
1976 27 0
1976 28 26
1976 29 40
1976 30 36
1976 31 0
1976 32 0
1976 33 0
1976 34 36
1976 35 30
1976 36 43
1976 37 0
1976 38 0
1976 39 0
1976 40 42
1976 41 41
1976 42 40
1976 43 0
1976 44 0
1976 45 0
1976 46 0
1976 47 40
1976 48 40
1976 49 40
1976 50 15
1976 51 42
1976 52 43
1976 53 38
1976 54 0
1976 55 0
1976 56 0
1976 57 0
1976 58 31
1976 59 41
1976 60 37
1976 61 0
1976 62 30
1976 63 42
1976 64 39
1976 65 0
1976 66 0
1976 67 0
1976 68 0
1976 69 30
1976 70 49
1976 71 33
1976 72 0
1976 73 0
1976 74 0
1976 75 0
1976 76 0
1976 77 0
1976 78 0
1976 79 0
1976 80 0
1976 81 0
1976 82 0
1976 83 0
1976 84 0
1976 85 0
1976 86 0
1976 87 0
1976 88 0
1976 89 0
1976 90 0
1976 91 38
1976 92 43
1976 93 38
1976 94 0
1976 95 41
1976 96 37
1976 97 41
1976 98 0
1976 99 0
1976 100 0
1976 101 0
1976 102 42
1976 103 46
1976 104 39
1976 105 0
1976 106 36
1976 107 35
1976 108 40
1976 109 39
1976 110 39
1976 111 0
1976 112 0
1976 113 39
1976 114 39
1976 115 42
1976 116 0
1976 117 34
1976 118 41
1976 119 40
1976 120 41
1976 121 33
