1 4460
26 2200
51 2150
76 2149
101 2163
126 2159
151 2131
176 2165
201 2170
226 2159
251 2120
276 2133
301 2070
326 2126
351 2151
376 2147
401 2130
426 2107
451 2095
476 2127
501 2153
526 2173
551 2110
576 2122
601 2114
626 2126
651 2095
676 2099
701 2139
726 2122
751 2102
776 2147
801 2083
826 2124
851 2140
876 2117
901 2117
926 2106
951 2122
976 2050
1001 2117
1026 2130
1051 2099
1076 2088
1101 2122
1126 2101
1151 2101
1176 2112
1201 2100
1226 2103
1251 2146
1276 2129
1301 2096
1326 2150
1351 2115
1376 2118
1401 2085
1426 2101
1451 2122
1476 2124
1501 2106
1526 2114
1551 2142
1576 2067
1601 2121
1626 2121
1651 2086
1676 2065
1701 2125
1726 2068
1751 2084
1776 2069
1801 2114
1826 2083
1851 2119
1876 2061
1901 2117
1926 2050
1951 2065
1976 2121
