1 4732
26 3181
51 3211
76 3211
101 3302
126 3396
151 3502
176 3409
201 3489
226 3496
251 3454
276 3465
301 3484
326 3453
351 3479
376 3420
401 3499
426 3497
451 3482
476 3485
501 3497
526 3542
551 3526
576 3473
601 3478
626 3549
651 3530
676 3442
701 3499
726 3475
751 3502
776 3512
801 3440
826 3517
851 3579
876 3515
901 3521
926 3458
951 3424
976 3448
1001 3456
1026 3505
1051 3459
1076 3480
1101 3487
1126 3510
1151 3474
1176 3434
1201 3448
1226 3434
1251 3416
1276 3482
1301 3476
1326 3407
1351 3440
1376 3530
1401 3531
1426 3495
1451 3430
1476 3478
1501 3448
1526 3512
1551 3429
1576 3470
1601 3460
1626 3488
1651 3425
1676 3511
1701 3473
1726 3442
1751 3442
1776 3459
1801 3446
1826 3542
1851 3459
1876 3491
1901 3451
1926 3437
1951 3472
1976 3466
