1 1 33
1 2 35
1 3 33
1 4 36
1 5 40
1 6 44
1 7 39
1 8 41
1 9 36
1 10 35
1 11 38
1 12 36
1 13 35
1 14 33
1 15 36
1 16 40
1 17 45
1 18 41
1 19 45
1 20 38
1 21 29
1 22 36
1 23 39
1 24 32
1 25 32
1 26 36
1 27 38
1 28 39
1 29 44
1 30 44
1 31 42
1 32 33
1 33 39
1 34 35
1 35 39
1 36 35
1 37 39
1 38 38
1 39 32
1 40 39
1 41 34
1 42 38
1 43 30
1 44 34
1 45 38
1 46 36
1 47 37
1 48 38
1 49 32
1 50 32
1 51 38
1 52 38
1 53 33
1 54 35
1 55 33
1 56 35
1 57 37
1 58 35
1 59 30
1 60 26
1 61 37
1 62 38
1 63 34
1 64 36
1 65 29
1 66 36
1 67 32
1 68 38
1 69 32
1 70 33
1 71 36
1 72 38
1 73 38
1 74 37
1 75 32
1 76 30
1 77 40
1 78 38
1 79 35
1 80 41
1 81 35
1 82 33
1 83 32
1 84 38
1 85 33
1 86 34
1 87 37
1 88 34
1 89 32
1 90 35
1 91 40
1 92 37
1 93 34
1 94 39
1 95 36
1 96 37
1 97 39
1 98 35
1 99 35
1 100 41
1 101 39
1 102 38
1 103 33
1 104 32
1 105 33
1 106 40
1 107 39
1 108 39
1 109 40
1 110 44
1 111 34
1 112 28
1 113 35
1 114 33
1 115 30
1 116 32
1 117 36
1 118 33
1 119 34
1 120 40
1 121 44
26 1 2
26 2 8
26 3 10
26 4 9
26 5 12
26 6 44
26 7 40
26 8 40
26 9 10
26 10 10
26 11 11
26 12 11
26 13 0
26 14 5
26 15 10
26 16 10
26 17 42
26 18 40
26 19 44
26 20 9
26 21 11
26 22 7
26 23 10
26 24 0
26 25 2
26 26 11
26 27 9
26 28 40
26 29 41
26 30 42
26 31 11
26 32 0
26 33 6
26 34 12
26 35 10
26 36 0
26 37 2
26 38 8
26 39 11
26 40 9
26 41 12
26 42 8
26 43 6
26 44 0
26 45 8
26 46 12
26 47 0
26 48 0
26 49 5
26 50 6
26 51 12
26 52 7
26 53 1
26 54 3
26 55 10
26 56 3
26 57 4
26 58 3
26 59 0
26 60 0
26 61 0
26 62 6
26 63 5
26 64 10
26 65 6
26 66 8
26 67 8
26 68 5
26 69 16
26 70 10
26 71 5
26 72 10
26 73 10
26 74 9
26 75 6
26 76 5
26 77 11
26 78 11
26 79 11
26 80 10
26 81 10
26 82 11
26 83 9
26 84 8
26 85 9
26 86 12
26 87 0
26 88 0
26 89 11
26 90 5
26 91 8
26 92 11
26 93 5
26 94 8
26 95 0
26 96 9
26 97 6
26 98 12
26 99 10
26 100 10
26 101 10
26 102 6
26 103 2
26 104 10
26 105 8
26 106 11
26 107 6
26 108 13
26 109 39
26 110 42
26 111 13
26 112 9
26 113 11
26 114 11
26 115 6
26 116 10
26 117 6
26 118 14
26 119 11
26 120 40
26 121 40
51 1 12
51 2 10
51 3 6
51 4 7
51 5 8
51 6 43
51 7 41
51 8 42
51 9 14
51 10 18
51 11 12
51 12 9
51 13 13
51 14 10
51 15 9
51 16 16
51 17 38
51 18 42
51 19 41
51 20 15
51 21 5
51 22 11
51 23 8
51 24 10
51 25 10
51 26 11
51 27 12
51 28 38
51 29 41
51 30 41
51 31 11
51 32 10
51 33 10
51 34 10
51 35 8
51 36 7
51 37 0
51 38 0
51 39 13
51 40 13
51 41 16
51 42 7
51 43 0
51 44 0
51 45 7
51 46 3
51 47 0
51 48 10
51 49 12
51 50 0
51 51 10
51 52 9
51 53 0
51 54 0
51 55 0
51 56 7
51 57 8
51 58 9
51 59 7
51 60 9
51 61 9
51 62 0
51 63 0
51 64 0
51 65 0
51 66 0
51 67 8
51 68 8
51 69 5
51 70 12
51 71 9
51 72 3
51 73 0
51 74 0
51 75 3
51 76 7
51 77 10
51 78 7
51 79 11
51 80 14
51 81 13
51 82 10
51 83 10
51 84 0
51 85 0
51 86 11
51 87 9
51 88 10
51 89 9
51 90 6
51 91 9
51 92 8
51 93 9
51 94 10
51 95 0
51 96 0
51 97 10
51 98 10
51 99 10
51 100 9
51 101 9
51 102 11
51 103 10
51 104 10
51 105 0
51 106 0
51 107 8
51 108 10
51 109 38
51 110 42
51 111 10
51 112 10
51 113 9
51 114 11
51 115 9
51 116 14
51 117 5
51 118 8
51 119 10
51 120 41
51 121 41
76 1 9
76 2 12
76 3 0
76 4 10
76 5 12
76 6 43
76 7 43
76 8 43
76 9 11
76 10 5
76 11 12
76 12 7
76 13 9
76 14 10
76 15 6
76 16 24
76 17 40
76 18 41
76 19 39
76 20 12
76 21 10
76 22 12
76 23 9
76 24 0
76 25 9
76 26 8
76 27 13
76 28 44
76 29 41
76 30 39
76 31 12
76 32 10
76 33 17
76 34 12
76 35 9
76 36 10
76 37 10
76 38 13
76 39 11
76 40 11
76 41 12
76 42 10
76 43 7
76 44 12
76 45 0
76 46 7
76 47 9
76 48 9
76 49 7
76 50 7
76 51 0
76 52 5
76 53 0
76 54 0
76 55 0
76 56 10
76 57 10
76 58 0
76 59 9
76 60 5
76 61 10
76 62 9
76 63 0
76 64 0
76 65 0
76 66 0
76 67 10
76 68 7
76 69 5
76 70 13
76 71 6
76 72 1
76 73 0
76 74 0
76 75 0
76 76 0
76 77 10
76 78 5
76 79 11
76 80 0
76 81 10
76 82 11
76 83 4
76 84 2
76 85 7
76 86 9
76 87 4
76 88 9
76 89 6
76 90 10
76 91 11
76 92 12
76 93 12
76 94 13
76 95 8
76 96 7
76 97 9
76 98 11
76 99 12
76 100 13
76 101 9
76 102 11
76 103 8
76 104 8
76 105 10
76 106 10
76 107 7
76 108 9
76 109 37
76 110 39
76 111 11
76 112 7
76 113 12
76 114 6
76 115 9
76 116 14
76 117 13
76 118 17
76 119 17
76 120 38
76 121 33
101 1 10
101 2 8
101 3 10
101 4 10
101 5 13
101 6 40
101 7 44
101 8 40
101 9 9
101 10 11
101 11 14
101 12 7
101 13 8
101 14 9
101 15 9
101 16 14
101 17 40
101 18 39
101 19 40
101 20 10
101 21 8
101 22 7
101 23 10
101 24 9
101 25 4
101 26 12
101 27 11
101 28 43
101 29 43
101 30 40
101 31 9
101 32 12
101 33 11
101 34 13
101 35 10
101 36 9
101 37 5
101 38 13
101 39 11
101 40 13
101 41 10
101 42 8
101 43 10
101 44 6
101 45 9
101 46 10
101 47 9
101 48 8
101 49 11
101 50 15
101 51 9
101 52 0
101 53 8
101 54 11
101 55 8
101 56 9
101 57 7
101 58 12
101 59 7
101 60 10
101 61 6
101 62 0
101 63 0
101 64 9
101 65 10
101 66 0
101 67 8
101 68 0
101 69 12
101 70 9
101 71 0
101 72 4
101 73 9
101 74 0
101 75 11
101 76 0
101 77 0
101 78 10
101 79 12
101 80 11
101 81 10
101 82 14
101 83 9
101 84 10
101 85 10
101 86 9
101 87 0
101 88 0
101 89 7
101 90 11
101 91 9
101 92 8
101 93 10
101 94 12
101 95 11
101 96 8
101 97 13
101 98 16
101 99 8
101 100 9
101 101 13
101 102 8
101 103 11
101 104 0
101 105 9
101 106 8
101 107 10
101 108 13
101 109 40
101 110 39
101 111 11
101 112 11
101 113 10
101 114 9
101 115 11
101 116 7
101 117 15
101 118 11
101 119 17
101 120 39
101 121 37
126 1 10
126 2 12
126 3 10
126 4 10
126 5 12
126 6 40
126 7 40
126 8 42
126 9 9
126 10 14
126 11 15
126 12 10
126 13 10
126 14 17
126 15 9
126 16 11
126 17 36
126 18 43
126 19 43
126 20 10
126 21 9
126 22 10
126 23 9
126 24 0
126 25 11
126 26 19
126 27 9
126 28 42
126 29 39
126 30 41
126 31 10
126 32 0
126 33 11
126 34 7
126 35 8
126 36 0
126 37 9
126 38 12
126 39 9
126 40 18
126 41 10
126 42 8
126 43 9
126 44 5
126 45 10
126 46 11
126 47 10
126 48 10
126 49 8
126 50 9
126 51 12
126 52 0
126 53 11
126 54 10
126 55 11
126 56 8
126 57 12
126 58 11
126 59 8
126 60 12
126 61 14
126 62 9
126 63 0
126 64 0
126 65 9
126 66 9
126 67 9
126 68 10
126 69 11
126 70 9
126 71 9
126 72 8
126 73 7
126 74 6
126 75 9
126 76 8
126 77 8
126 78 10
126 79 9
126 80 6
126 81 13
126 82 9
126 83 13
126 84 9
126 85 11
126 86 15
126 87 12
126 88 8
126 89 11
126 90 12
126 91 6
126 92 3
126 93 10
126 94 7
126 95 7
126 96 10
126 97 10
126 98 12
126 99 9
126 100 10
126 101 8
126 102 0
126 103 9
126 104 10
126 105 11
126 106 12
126 107 0
126 108 10
126 109 42
126 110 36
126 111 10
126 112 7
126 113 0
126 114 7
126 115 6
126 116 11
126 117 15
126 118 13
126 119 15
126 120 43
126 121 40
151 1 14
151 2 0
151 3 6
151 4 10
151 5 11
151 6 40
151 7 40
151 8 42
151 9 9
151 10 13
151 11 11
151 12 10
151 13 0
151 14 15
151 15 8
151 16 17
151 17 41
151 18 38
151 19 40
151 20 13
151 21 10
151 22 11
151 23 17
151 24 19
151 25 10
151 26 8
151 27 11
151 28 42
151 29 41
151 30 41
151 31 13
151 32 9
151 33 10
151 34 7
151 35 11
151 36 0
151 37 0
151 38 8
151 39 12
151 40 10
151 41 11
151 42 10
151 43 10
151 44 18
151 45 11
151 46 15
151 47 14
151 48 8
151 49 12
151 50 9
151 51 11
151 52 10
151 53 8
151 54 7
151 55 11
151 56 12
151 57 10
151 58 8
151 59 9
151 60 14
151 61 6
151 62 10
151 63 0
151 64 9
151 65 10
151 66 10
151 67 7
151 68 11
151 69 10
151 70 9
151 71 12
151 72 8
151 73 12
151 74 12
151 75 14
151 76 9
151 77 8
151 78 10
151 79 10
151 80 8
151 81 13
151 82 8
151 83 8
151 84 12
151 85 10
151 86 10
151 87 12
151 88 11
151 89 13
151 90 7
151 91 7
151 92 10
151 93 10
151 94 10
151 95 9
151 96 8
151 97 6
151 98 11
151 99 10
151 100 9
151 101 3
151 102 5
151 103 11
151 104 9
151 105 12
151 106 5
151 107 0
151 108 17
151 109 41
151 110 39
151 111 10
151 112 10
151 113 0
151 114 8
151 115 10
151 116 19
151 117 19
151 118 13
151 119 8
151 120 39
151 121 41
176 1 19
176 2 7
176 3 7
176 4 12
176 5 12
176 6 40
176 7 43
176 8 40
176 9 10
176 10 13
176 11 8
176 12 12
176 13 9
176 14 11
176 15 13
176 16 11
176 17 40
176 18 42
176 19 39
176 20 12
176 21 10
176 22 0
176 23 19
176 24 18
176 25 14
176 26 16
176 27 12
176 28 41
176 29 42
176 30 40
176 31 19
176 32 7
176 33 19
176 34 15
176 35 20
176 36 0
176 37 11
176 38 10
176 39 12
176 40 16
176 41 14
176 42 10
176 43 8
176 44 12
176 45 6
176 46 10
176 47 10
176 48 11
176 49 13
176 50 9
176 51 3
176 52 9
176 53 13
176 54 7
176 55 9
176 56 10
176 57 8
176 58 10
176 59 0
176 60 10
176 61 1
176 62 13
176 63 11
176 64 9
176 65 8
176 66 11
176 67 9
176 68 8
176 69 10
176 70 10
176 71 12
176 72 11
176 73 10
176 74 10
176 75 9
176 76 9
176 77 10
176 78 8
176 79 4
176 80 9
176 81 2
176 82 8
176 83 2
176 84 15
176 85 10
176 86 12
176 87 6
176 88 8
176 89 11
176 90 11
176 91 12
176 92 10
176 93 11
176 94 7
176 95 8
176 96 10
176 97 10
176 98 12
176 99 10
176 100 14
176 101 11
176 102 10
176 103 9
176 104 10
176 105 9
176 106 11
176 107 11
176 108 10
176 109 42
176 110 40
176 111 10
176 112 10
176 113 12
176 114 9
176 115 10
176 116 17
176 117 10
176 118 13
176 119 8
176 120 40
176 121 40
201 1 20
201 2 0
201 3 10
201 4 13
201 5 14
201 6 41
201 7 43
201 8 40
201 9 13
201 10 11
201 11 6
201 12 11
201 13 11
201 14 15
201 15 2
201 16 10
201 17 43
201 18 43
201 19 41
201 20 9
201 21 7
201 22 0
201 23 19
201 24 11
201 25 8
201 26 8
201 27 16
201 28 40
201 29 44
201 30 43
201 31 5
201 32 14
201 33 11
201 34 10
201 35 10
201 36 16
201 37 13
201 38 9
201 39 8
201 40 8
201 41 10
201 42 0
201 43 19
201 44 13
201 45 0
201 46 15
201 47 16
201 48 11
201 49 10
201 50 5
201 51 9
201 52 12
201 53 9
201 54 2
201 55 13
201 56 10
201 57 6
201 58 9
201 59 11
201 60 10
201 61 9
201 62 5
201 63 7
201 64 9
201 65 8
201 66 9
201 67 14
201 68 11
201 69 12
201 70 14
201 71 13
201 72 11
201 73 9
201 74 10
201 75 12
201 76 11
201 77 11
201 78 11
201 79 7
201 80 8
201 81 7
201 82 8
201 83 12
201 84 11
201 85 8
201 86 10
201 87 7
201 88 6
201 89 9
201 90 12
201 91 10
201 92 9
201 93 10
201 94 15
201 95 9
201 96 10
201 97 9
201 98 20
201 99 9
201 100 16
201 101 8
201 102 9
201 103 10
201 104 13
201 105 12
201 106 9
201 107 8
201 108 11
201 109 42
201 110 39
201 111 11
201 112 9
201 113 11
201 114 11
201 115 10
201 116 16
201 117 15
201 118 11
201 119 9
201 120 39
201 121 37
226 1 0
226 2 11
226 3 8
226 4 6
226 5 8
226 6 42
226 7 44
226 8 43
226 9 11
226 10 8
226 11 10
226 12 18
226 13 15
226 14 0
226 15 9
226 16 11
226 17 44
226 18 45
226 19 39
226 20 13
226 21 11
226 22 0
226 23 16
226 24 14
226 25 10
226 26 10
226 27 10
226 28 42
226 29 43
226 30 41
226 31 19
226 32 19
226 33 20
226 34 20
226 35 19
226 36 17
226 37 18
226 38 5
226 39 9
226 40 13
226 41 22
226 42 15
226 43 13
226 44 20
226 45 12
226 46 10
226 47 12
226 48 8
226 49 12
226 50 16
226 51 11
226 52 10
226 53 15
226 54 11
226 55 14
226 56 7
226 57 9
226 58 0
226 59 9
226 60 3
226 61 11
226 62 10
226 63 10
226 64 16
226 65 7
226 66 15
226 67 12
226 68 8
226 69 11
226 70 10
226 71 11
226 72 9
226 73 10
226 74 8
226 75 4
226 76 1
226 77 10
226 78 12
226 79 5
226 80 7
226 81 12
226 82 11
226 83 12
226 84 4
226 85 13
226 86 10
226 87 10
226 88 10
226 89 10
226 90 7
226 91 12
226 92 15
226 93 10
226 94 9
226 95 11
226 96 11
226 97 13
226 98 12
226 99 9
226 100 15
226 101 10
226 102 6
226 103 10
226 104 13
226 105 8
226 106 10
226 107 7
226 108 10
226 109 41
226 110 42
226 111 10
226 112 0
226 113 10
226 114 7
226 115 9
226 116 10
226 117 16
226 118 11
226 119 11
226 120 39
226 121 40
251 1 12
251 2 11
251 3 0
251 4 19
251 5 12
251 6 40
251 7 43
251 8 43
251 9 9
251 10 12
251 11 7
251 12 11
251 13 16
251 14 14
251 15 20
251 16 14
251 17 44
251 18 39
251 19 39
251 20 10
251 21 12
251 22 0
251 23 16
251 24 16
251 25 20
251 26 20
251 27 12
251 28 38
251 29 41
251 30 40
251 31 19
251 32 9
251 33 17
251 34 21
251 35 14
251 36 10
251 37 19
251 38 12
251 39 15
251 40 19
251 41 12
251 42 19
251 43 18
251 44 14
251 45 12
251 46 11
251 47 13
251 48 18
251 49 20
251 50 12
251 51 10
251 52 12
251 53 13
251 54 12
251 55 14
251 56 10
251 57 11
251 58 10
251 59 10
251 60 11
251 61 15
251 62 14
251 63 15
251 64 10
251 65 11
251 66 18
251 67 10
251 68 7
251 69 8
251 70 0
251 71 11
251 72 21
251 73 0
251 74 5
251 75 0
251 76 9
251 77 10
251 78 8
251 79 12
251 80 10
251 81 9
251 82 0
251 83 0
251 84 0
251 85 8
251 86 7
251 87 11
251 88 8
251 89 9
251 90 6
251 91 10
251 92 7
251 93 9
251 94 12
251 95 11
251 96 11
251 97 8
251 98 11
251 99 11
251 100 10
251 101 11
251 102 10
251 103 10
251 104 10
251 105 11
251 106 9
251 107 10
251 108 15
251 109 40
251 110 37
251 111 17
251 112 9
251 113 9
251 114 8
251 115 6
251 116 12
251 117 10
251 118 18
251 119 15
251 120 41
251 121 42
276 1 14
276 2 19
276 3 17
276 4 14
276 5 14
276 6 40
276 7 37
276 8 37
276 9 10
276 10 21
276 11 12
276 12 18
276 13 18
276 14 15
276 15 14
276 16 18
276 17 42
276 18 42
276 19 40
276 20 15
276 21 8
276 22 0
276 23 21
276 24 10
276 25 18
276 26 18
276 27 20
276 28 43
276 29 39
276 30 40
276 31 20
276 32 13
276 33 15
276 34 14
276 35 12
276 36 17
276 37 18
276 38 14
276 39 16
276 40 14
276 41 18
276 42 10
276 43 10
276 44 19
276 45 14
276 46 12
276 47 13
276 48 15
276 49 14
276 50 10
276 51 12
276 52 15
276 53 11
276 54 20
276 55 17
276 56 14
276 57 20
276 58 20
276 59 17
276 60 18
276 61 13
276 62 11
276 63 18
276 64 17
276 65 20
276 66 11
276 67 18
276 68 14
276 69 9
276 70 0
276 71 11
276 72 18
276 73 16
276 74 11
276 75 18
276 76 7
276 77 12
276 78 10
276 79 10
276 80 11
276 81 5
276 82 0
276 83 16
276 84 15
276 85 19
276 86 0
276 87 8
276 88 11
276 89 10
276 90 10
276 91 10
276 92 10
276 93 10
276 94 8
276 95 18
276 96 14
276 97 7
276 98 11
276 99 8
276 100 9
276 101 10
276 102 0
276 103 7
276 104 0
276 105 5
276 106 0
276 107 5
276 108 16
276 109 42
276 110 39
276 111 8
276 112 8
276 113 7
276 114 9
276 115 10
276 116 11
276 117 12
276 118 12
276 119 12
276 120 38
276 121 40
301 1 14
301 2 13
301 3 11
301 4 16
301 5 16
301 6 43
301 7 41
301 8 40
301 9 9
301 10 11
301 11 12
301 12 18
301 13 9
301 14 15
301 15 15
301 16 21
301 17 44
301 18 40
301 19 44
301 20 10
301 21 9
301 22 0
301 23 15
301 24 15
301 25 14
301 26 17
301 27 15
301 28 44
301 29 42
301 30 40
301 31 18
301 32 19
301 33 15
301 34 16
301 35 10
301 36 20
301 37 13
301 38 17
301 39 19
301 40 20
301 41 10
301 42 14
301 43 17
301 44 17
301 45 15
301 46 17
301 47 10
301 48 19
301 49 17
301 50 22
301 51 10
301 52 12
301 53 13
301 54 14
301 55 11
301 56 20
301 57 11
301 58 16
301 59 14
301 60 18
301 61 22
301 62 14
301 63 10
301 64 10
301 65 11
301 66 11
301 67 11
301 68 16
301 69 9
301 70 12
301 71 20
301 72 13
301 73 13
301 74 20
301 75 15
301 76 11
301 77 14
301 78 20
301 79 11
301 80 13
301 81 8
301 82 0
301 83 12
301 84 19
301 85 20
301 86 11
301 87 14
301 88 8
301 89 4
301 90 15
301 91 8
301 92 12
301 93 8
301 94 10
301 95 11
301 96 10
301 97 11
301 98 13
301 99 12
301 100 12
301 101 9
301 102 6
301 103 0
301 104 7
301 105 4
301 106 11
301 107 10
301 108 8
301 109 42
301 110 38
301 111 10
301 112 0
301 113 9
301 114 10
301 115 15
301 116 11
301 117 14
301 118 9
301 119 17
301 120 40
301 121 40
326 1 18
326 2 15
326 3 16
326 4 23
326 5 15
326 6 40
326 7 41
326 8 41
326 9 10
326 10 9
326 11 11
326 12 9
326 13 19
326 14 20
326 15 15
326 16 13
326 17 40
326 18 42
326 19 40
326 20 10
326 21 10
326 22 13
326 23 15
326 24 14
326 25 14
326 26 11
326 27 13
326 28 42
326 29 41
326 30 43
326 31 15
326 32 14
326 33 17
326 34 13
326 35 17
326 36 20
326 37 13
326 38 10
326 39 12
326 40 14
326 41 11
326 42 20
326 43 15
326 44 17
326 45 8
326 46 11
326 47 16
326 48 9
326 49 16
326 50 17
326 51 18
326 52 15
326 53 11
326 54 10
326 55 18
326 56 22
326 57 12
326 58 11
326 59 19
326 60 17
326 61 11
326 62 16
326 63 20
326 64 16
326 65 11
326 66 11
326 67 8
326 68 16
326 69 16
326 70 6
326 71 11
326 72 12
326 73 19
326 74 17
326 75 19
326 76 15
326 77 18
326 78 10
326 79 13
326 80 11
326 81 0
326 82 15
326 83 17
326 84 18
326 85 14
326 86 10
326 87 15
326 88 21
326 89 8
326 90 7
326 91 1
326 92 13
326 93 11
326 94 11
326 95 10
326 96 13
326 97 13
326 98 9
326 99 10
326 100 9
326 101 13
326 102 0
326 103 13
326 104 19
326 105 11
326 106 15
326 107 5
326 108 15
326 109 39
326 110 42
326 111 9
326 112 10
326 113 10
326 114 19
326 115 10
326 116 9
326 117 15
326 118 8
326 119 9
326 120 41
326 121 40
351 1 7
351 2 11
351 3 19
351 4 17
351 5 13
351 6 40
351 7 42
351 8 41
351 9 8
351 10 15
351 11 10
351 12 13
351 13 17
351 14 13
351 15 14
351 16 18
351 17 40
351 18 41
351 19 40
351 20 14
351 21 10
351 22 15
351 23 13
351 24 11
351 25 15
351 26 9
351 27 21
351 28 38
351 29 42
351 30 41
351 31 14
351 32 14
351 33 12
351 34 10
351 35 15
351 36 14
351 37 17
351 38 21
351 39 19
351 40 9
351 41 14
351 42 17
351 43 20
351 44 14
351 45 17
351 46 16
351 47 20
351 48 14
351 49 19
351 50 18
351 51 19
351 52 17
351 53 11
351 54 19
351 55 11
351 56 14
351 57 2
351 58 13
351 59 18
351 60 15
351 61 17
351 62 13
351 63 14
351 64 13
351 65 13
351 66 19
351 67 12
351 68 11
351 69 9
351 70 19
351 71 20
351 72 19
351 73 13
351 74 20
351 75 11
351 76 10
351 77 10
351 78 13
351 79 8
351 80 11
351 81 20
351 82 11
351 83 21
351 84 11
351 85 10
351 86 21
351 87 17
351 88 8
351 89 13
351 90 13
351 91 16
351 92 22
351 93 19
351 94 14
351 95 18
351 96 17
351 97 17
351 98 11
351 99 11
351 100 12
351 101 3
351 102 13
351 103 13
351 104 15
351 105 12
351 106 14
351 107 14
351 108 12
351 109 33
351 110 40
351 111 10
351 112 10
351 113 21
351 114 20
351 115 10
351 116 9
351 117 12
351 118 14
351 119 11
351 120 40
351 121 38
376 1 6
376 2 14
376 3 11
376 4 15
376 5 10
376 6 39
376 7 41
376 8 39
376 9 12
376 10 17
376 11 11
376 12 18
376 13 16
376 14 12
376 15 13
376 16 19
376 17 44
376 18 39
376 19 42
376 20 11
376 21 12
376 22 0
376 23 22
376 24 11
376 25 21
376 26 19
376 27 20
376 28 39
376 29 39
376 30 42
376 31 13
376 32 18
376 33 10
376 34 5
376 35 12
376 36 16
376 37 15
376 38 19
376 39 20
376 40 20
376 41 23
376 42 18
376 43 9
376 44 18
376 45 19
376 46 23
376 47 15
376 48 18
376 49 16
376 50 21
376 51 15
376 52 19
376 53 8
376 54 17
376 55 10
376 56 18
376 57 16
376 58 17
376 59 12
376 60 21
376 61 13
376 62 14
376 63 16
376 64 19
376 65 18
376 66 15
376 67 9
376 68 11
376 69 10
376 70 13
376 71 13
376 72 22
376 73 13
376 74 20
376 75 12
376 76 12
376 77 12
376 78 20
376 79 21
376 80 11
376 81 9
376 82 10
376 83 22
376 84 10
376 85 12
376 86 11
376 87 14
376 88 11
376 89 12
376 90 15
376 91 18
376 92 15
376 93 17
376 94 19
376 95 18
376 96 10
376 97 12
376 98 11
376 99 7
376 100 15
376 101 19
376 102 22
376 103 10
376 104 8
376 105 14
376 106 12
376 107 8
376 108 14
376 109 40
376 110 41
376 111 13
376 112 14
376 113 20
376 114 22
376 115 17
376 116 16
376 117 10
376 118 10
376 119 13
376 120 40
376 121 39
401 1 1
401 2 16
401 3 20
401 4 16
401 5 15
401 6 44
401 7 40
401 8 44
401 9 23
401 10 13
401 11 10
401 12 21
401 13 19
401 14 16
401 15 23
401 16 21
401 17 40
401 18 42
401 19 40
401 20 19
401 21 8
401 22 0
401 23 12
401 24 16
401 25 19
401 26 11
401 27 21
401 28 40
401 29 41
401 30 39
401 31 8
401 32 7
401 33 17
401 34 10
401 35 12
401 36 16
401 37 12
401 38 17
401 39 9
401 40 15
401 41 20
401 42 10
401 43 21
401 44 17
401 45 15
401 46 14
401 47 18
401 48 21
401 49 18
401 50 16
401 51 11
401 52 10
401 53 9
401 54 16
401 55 12
401 56 14
401 57 11
401 58 19
401 59 14
401 60 21
401 61 13
401 62 17
401 63 17
401 64 13
401 65 18
401 66 17
401 67 9
401 68 21
401 69 18
401 70 11
401 71 13
401 72 9
401 73 12
401 74 15
401 75 20
401 76 15
401 77 17
401 78 21
401 79 9
401 80 15
401 81 18
401 82 13
401 83 10
401 84 16
401 85 8
401 86 15
401 87 13
401 88 9
401 89 16
401 90 14
401 91 9
401 92 9
401 93 10
401 94 20
401 95 11
401 96 19
401 97 2
401 98 11
401 99 10
401 100 18
401 101 16
401 102 13
401 103 9
401 104 9
401 105 12
401 106 16
401 107 10
401 108 13
401 109 42
401 110 37
401 111 12
401 112 10
401 113 16
401 114 19
401 115 20
401 116 21
401 117 21
401 118 20
401 119 11
401 120 42
401 121 42
426 1 11
426 2 17
426 3 19
426 4 13
426 5 19
426 6 42
426 7 41
426 8 41
426 9 14
426 10 20
426 11 12
426 12 15
426 13 10
426 14 10
426 15 21
426 16 13
426 17 40
426 18 36
426 19 40
426 20 13
426 21 11
426 22 8
426 23 16
426 24 18
426 25 17
426 26 14
426 27 18
426 28 36
426 29 40
426 30 40
426 31 12
426 32 11
426 33 12
426 34 10
426 35 15
426 36 17
426 37 18
426 38 16
426 39 18
426 40 14
426 41 18
426 42 17
426 43 12
426 44 12
426 45 24
426 46 18
426 47 20
426 48 16
426 49 19
426 50 11
426 51 12
426 52 13
426 53 21
426 54 12
426 55 11
426 56 16
426 57 14
426 58 11
426 59 10
426 60 19
426 61 14
426 62 11
426 63 17
426 64 10
426 65 22
426 66 15
426 67 11
426 68 11
426 69 15
426 70 17
426 71 18
426 72 9
426 73 11
426 74 13
426 75 16
426 76 11
426 77 16
426 78 16
426 79 14
426 80 15
426 81 17
426 82 12
426 83 20
426 84 17
426 85 14
426 86 14
426 87 5
426 88 15
426 89 12
426 90 17
426 91 10
426 92 21
426 93 13
426 94 17
426 95 18
426 96 0
426 97 0
426 98 10
426 99 11
426 100 9
426 101 16
426 102 10
426 103 17
426 104 16
426 105 17
426 106 12
426 107 15
426 108 10
426 109 36
426 110 40
426 111 13
426 112 13
426 113 15
426 114 18
426 115 19
426 116 19
426 117 14
426 118 11
426 119 16
426 120 40
426 121 42
451 1 13
451 2 10
451 3 20
451 4 20
451 5 21
451 6 43
451 7 44
451 8 43
451 9 18
451 10 13
451 11 10
451 12 11
451 13 18
451 14 15
451 15 14
451 16 15
451 17 40
451 18 39
451 19 38
451 20 15
451 21 6
451 22 20
451 23 20
451 24 18
451 25 22
451 26 17
451 27 17
451 28 44
451 29 39
451 30 40
451 31 20
451 32 10
451 33 10
451 34 19
451 35 17
451 36 11
451 37 18
451 38 17
451 39 18
451 40 20
451 41 17
451 42 18
451 43 10
451 44 13
451 45 7
451 46 15
451 47 16
451 48 14
451 49 14
451 50 22
451 51 10
451 52 16
451 53 19
451 54 19
451 55 18
451 56 19
451 57 15
451 58 13
451 59 10
451 60 24
451 61 18
451 62 14
451 63 10
451 64 22
451 65 19
451 66 14
451 67 19
451 68 12
451 69 13
451 70 11
451 71 20
451 72 20
451 73 20
451 74 20
451 75 9
451 76 21
451 77 17
451 78 9
451 79 14
451 80 17
451 81 15
451 82 20
451 83 20
451 84 17
451 85 10
451 86 14
451 87 14
451 88 15
451 89 11
451 90 10
451 91 10
451 92 13
451 93 20
451 94 9
451 95 12
451 96 10
451 97 10
451 98 9
451 99 12
451 100 7
451 101 16
451 102 12
451 103 15
451 104 15
451 105 10
451 106 5
451 107 7
451 108 13
451 109 38
451 110 39
451 111 11
451 112 10
451 113 15
451 114 12
451 115 16
451 116 12
451 117 14
451 118 7
451 119 10
451 120 37
451 121 44
476 1 18
476 2 9
476 3 21
476 4 16
476 5 19
476 6 40
476 7 41
476 8 41
476 9 9
476 10 15
476 11 13
476 12 19
476 13 20
476 14 22
476 15 18
476 16 19
476 17 42
476 18 40
476 19 43
476 20 12
476 21 10
476 22 0
476 23 16
476 24 16
476 25 17
476 26 10
476 27 20
476 28 43
476 29 43
476 30 40
476 31 14
476 32 12
476 33 12
476 34 19
476 35 15
476 36 12
476 37 12
476 38 12
476 39 18
476 40 20
476 41 18
476 42 14
476 43 13
476 44 19
476 45 16
476 46 16
476 47 19
476 48 16
476 49 21
476 50 12
476 51 11
476 52 20
476 53 19
476 54 20
476 55 19
476 56 9
476 57 18
476 58 17
476 59 16
476 60 11
476 61 12
476 62 15
476 63 11
476 64 19
476 65 18
476 66 13
476 67 10
476 68 18
476 69 9
476 70 15
476 71 19
476 72 20
476 73 12
476 74 16
476 75 13
476 76 10
476 77 10
476 78 9
476 79 14
476 80 11
476 81 21
476 82 10
476 83 13
476 84 9
476 85 9
476 86 9
476 87 12
476 88 9
476 89 0
476 90 17
476 91 17
476 92 15
476 93 20
476 94 10
476 95 12
476 96 18
476 97 11
476 98 11
476 99 11
476 100 10
476 101 11
476 102 19
476 103 12
476 104 13
476 105 17
476 106 10
476 107 9
476 108 8
476 109 36
476 110 34
476 111 14
476 112 9
476 113 13
476 114 14
476 115 16
476 116 20
476 117 11
476 118 12
476 119 11
476 120 41
476 121 42
501 1 10
501 2 10
501 3 14
501 4 15
501 5 8
501 6 38
501 7 43
501 8 39
501 9 13
501 10 15
501 11 9
501 12 18
501 13 11
501 14 11
501 15 11
501 16 17
501 17 41
501 18 42
501 19 41
501 20 10
501 21 16
501 22 14
501 23 21
501 24 18
501 25 21
501 26 13
501 27 17
501 28 42
501 29 43
501 30 38
501 31 20
501 32 11
501 33 14
501 34 17
501 35 13
501 36 13
501 37 10
501 38 16
501 39 13
501 40 12
501 41 12
501 42 22
501 43 15
501 44 12
501 45 14
501 46 10
501 47 17
501 48 20
501 49 12
501 50 15
501 51 14
501 52 17
501 53 17
501 54 13
501 55 21
501 56 16
501 57 13
501 58 17
501 59 17
501 60 16
501 61 16
501 62 18
501 63 18
501 64 20
501 65 12
501 66 12
501 67 10
501 68 10
501 69 14
501 70 15
501 71 23
501 72 6
501 73 18
501 74 20
501 75 15
501 76 9
501 77 17
501 78 20
501 79 17
501 80 10
501 81 19
501 82 18
501 83 17
501 84 14
501 85 20
501 86 13
501 87 12
501 88 17
501 89 10
501 90 15
501 91 17
501 92 12
501 93 11
501 94 13
501 95 13
501 96 11
501 97 4
501 98 10
501 99 11
501 100 14
501 101 16
501 102 17
501 103 18
501 104 17
501 105 18
501 106 15
501 107 14
501 108 14
501 109 42
501 110 41
501 111 7
501 112 14
501 113 16
501 114 20
501 115 8
501 116 16
501 117 13
501 118 8
501 119 10
501 120 42
501 121 36
526 1 17
526 2 19
526 3 17
526 4 10
526 5 19
526 6 41
526 7 41
526 8 39
526 9 12
526 10 11
526 11 12
526 12 17
526 13 14
526 14 19
526 15 13
526 16 12
526 17 40
526 18 40
526 19 40
526 20 12
526 21 11
526 22 18
526 23 20
526 24 15
526 25 23
526 26 12
526 27 17
526 28 41
526 29 40
526 30 40
526 31 15
526 32 19
526 33 16
526 34 19
526 35 11
526 36 16
526 37 11
526 38 11
526 39 17
526 40 17
526 41 10
526 42 20
526 43 14
526 44 10
526 45 16
526 46 9
526 47 20
526 48 20
526 49 18
526 50 13
526 51 13
526 52 16
526 53 8
526 54 11
526 55 14
526 56 15
526 57 17
526 58 20
526 59 16
526 60 22
526 61 11
526 62 10
526 63 10
526 64 11
526 65 12
526 66 20
526 67 15
526 68 19
526 69 17
526 70 20
526 71 10
526 72 15
526 73 17
526 74 12
526 75 16
526 76 16
526 77 13
526 78 8
526 79 16
526 80 17
526 81 18
526 82 11
526 83 11
526 84 10
526 85 12
526 86 9
526 87 13
526 88 10
526 89 6
526 90 16
526 91 14
526 92 11
526 93 16
526 94 19
526 95 18
526 96 13
526 97 16
526 98 9
526 99 10
526 100 12
526 101 11
526 102 9
526 103 17
526 104 15
526 105 12
526 106 9
526 107 18
526 108 11
526 109 39
526 110 40
526 111 10
526 112 16
526 113 16
526 114 13
526 115 15
526 116 19
526 117 20
526 118 10
526 119 13
526 120 38
526 121 39
551 1 12
551 2 10
551 3 15
551 4 21
551 5 13
551 6 41
551 7 40
551 8 43
551 9 16
551 10 19
551 11 15
551 12 19
551 13 17
551 14 19
551 15 16
551 16 15
551 17 42
551 18 40
551 19 41
551 20 12
551 21 10
551 22 16
551 23 20
551 24 23
551 25 17
551 26 12
551 27 6
551 28 42
551 29 38
551 30 42
551 31 10
551 32 8
551 33 17
551 34 22
551 35 19
551 36 12
551 37 18
551 38 14
551 39 18
551 40 10
551 41 14
551 42 15
551 43 11
551 44 22
551 45 8
551 46 10
551 47 24
551 48 18
551 49 13
551 50 17
551 51 20
551 52 23
551 53 11
551 54 11
551 55 20
551 56 21
551 57 10
551 58 19
551 59 14
551 60 9
551 61 18
551 62 16
551 63 12
551 64 18
551 65 13
551 66 14
551 67 17
551 68 10
551 69 17
551 70 11
551 71 11
551 72 15
551 73 11
551 74 16
551 75 12
551 76 10
551 77 19
551 78 11
551 79 14
551 80 9
551 81 21
551 82 11
551 83 14
551 84 13
551 85 13
551 86 22
551 87 10
551 88 11
551 89 10
551 90 12
551 91 20
551 92 13
551 93 20
551 94 20
551 95 20
551 96 14
551 97 0
551 98 12
551 99 10
551 100 10
551 101 14
551 102 16
551 103 21
551 104 16
551 105 21
551 106 13
551 107 15
551 108 10
551 109 44
551 110 39
551 111 12
551 112 10
551 113 6
551 114 18
551 115 19
551 116 11
551 117 21
551 118 14
551 119 17
551 120 40
551 121 41
576 1 17
576 2 17
576 3 18
576 4 11
576 5 9
576 6 39
576 7 39
576 8 38
576 9 7
576 10 19
576 11 11
576 12 18
576 13 21
576 14 12
576 15 15
576 16 10
576 17 40
576 18 41
576 19 40
576 20 13
576 21 10
576 22 12
576 23 23
576 24 18
576 25 20
576 26 13
576 27 19
576 28 40
576 29 41
576 30 41
576 31 17
576 32 14
576 33 12
576 34 12
576 35 17
576 36 15
576 37 22
576 38 17
576 39 16
576 40 12
576 41 8
576 42 18
576 43 16
576 44 13
576 45 19
576 46 23
576 47 16
576 48 20
576 49 13
576 50 12
576 51 18
576 52 15
576 53 21
576 54 10
576 55 15
576 56 14
576 57 21
576 58 16
576 59 9
576 60 14
576 61 17
576 62 14
576 63 15
576 64 20
576 65 10
576 66 16
576 67 15
576 68 20
576 69 15
576 70 19
576 71 17
576 72 11
576 73 17
576 74 20
576 75 20
576 76 12
576 77 15
576 78 12
576 79 10
576 80 11
576 81 19
576 82 16
576 83 8
576 84 15
576 85 14
576 86 15
576 87 10
576 88 10
576 89 11
576 90 16
576 91 12
576 92 11
576 93 11
576 94 18
576 95 8
576 96 21
576 97 0
576 98 11
576 99 14
576 100 7
576 101 20
576 102 10
576 103 15
576 104 13
576 105 13
576 106 20
576 107 14
576 108 7
576 109 39
576 110 40
576 111 6
576 112 19
576 113 18
576 114 19
576 115 18
576 116 13
576 117 11
576 118 10
576 119 11
576 120 38
576 121 38
601 1 11
601 2 15
601 3 9
601 4 12
601 5 11
601 6 34
601 7 41
601 8 36
601 9 9
601 10 11
601 11 14
601 12 17
601 13 18
601 14 11
601 15 12
601 16 10
601 17 39
601 18 40
601 19 38
601 20 21
601 21 17
601 22 11
601 23 18
601 24 20
601 25 25
601 26 14
601 27 21
601 28 39
601 29 37
601 30 40
601 31 17
601 32 20
601 33 16
601 34 8
601 35 17
601 36 21
601 37 16
601 38 19
601 39 19
601 40 14
601 41 17
601 42 11
601 43 13
601 44 13
601 45 11
601 46 17
601 47 10
601 48 12
601 49 19
601 50 17
601 51 12
601 52 12
601 53 10
601 54 13
601 55 12
601 56 15
601 57 16
601 58 10
601 59 19
601 60 17
601 61 11
601 62 14
601 63 14
601 64 14
601 65 18
601 66 11
601 67 14
601 68 9
601 69 15
601 70 14
601 71 14
601 72 18
601 73 9
601 74 12
601 75 23
601 76 13
601 77 13
601 78 19
601 79 16
601 80 13
601 81 16
601 82 18
601 83 9
601 84 17
601 85 15
601 86 10
601 87 10
601 88 13
601 89 18
601 90 21
601 91 18
601 92 20
601 93 10
601 94 11
601 95 13
601 96 20
601 97 9
601 98 11
601 99 10
601 100 17
601 101 12
601 102 9
601 103 11
601 104 20
601 105 16
601 106 13
601 107 6
601 108 6
601 109 38
601 110 38
601 111 11
601 112 14
601 113 14
601 114 18
601 115 10
601 116 11
601 117 12
601 118 8
601 119 12
601 120 37
601 121 39
626 1 16
626 2 18
626 3 21
626 4 20
626 5 10
626 6 39
626 7 42
626 8 43
626 9 18
626 10 14
626 11 10
626 12 17
626 13 20
626 14 14
626 15 17
626 16 18
626 17 35
626 18 41
626 19 42
626 20 10
626 21 17
626 22 18
626 23 18
626 24 19
626 25 20
626 26 16
626 27 17
626 28 37
626 29 40
626 30 38
626 31 4
626 32 16
626 33 16
626 34 19
626 35 20
626 36 20
626 37 18
626 38 15
626 39 11
626 40 17
626 41 17
626 42 17
626 43 19
626 44 15
626 45 14
626 46 15
626 47 21
626 48 16
626 49 18
626 50 14
626 51 13
626 52 10
626 53 11
626 54 14
626 55 12
626 56 15
626 57 13
626 58 16
626 59 15
626 60 19
626 61 22
626 62 13
626 63 12
626 64 18
626 65 11
626 66 10
626 67 14
626 68 16
626 69 15
626 70 14
626 71 20
626 72 11
626 73 16
626 74 10
626 75 15
626 76 19
626 77 9
626 78 14
626 79 10
626 80 16
626 81 21
626 82 14
626 83 10
626 84 16
626 85 16
626 86 13
626 87 15
626 88 22
626 89 10
626 90 15
626 91 18
626 92 21
626 93 15
626 94 13
626 95 19
626 96 11
626 97 10
626 98 12
626 99 11
626 100 12
626 101 16
626 102 15
626 103 18
626 104 18
626 105 11
626 106 11
626 107 11
626 108 10
626 109 39
626 110 42
626 111 8
626 112 11
626 113 15
626 114 17
626 115 14
626 116 16
626 117 14
626 118 18
626 119 10
626 120 38
626 121 40
651 1 11
651 2 15
651 3 16
651 4 13
651 5 5
651 6 43
651 7 40
651 8 40
651 9 14
651 10 13
651 11 10
651 12 14
651 13 20
651 14 15
651 15 14
651 16 11
651 17 40
651 18 42
651 19 41
651 20 10
651 21 8
651 22 8
651 23 19
651 24 14
651 25 18
651 26 12
651 27 13
651 28 41
651 29 42
651 30 41
651 31 9
651 32 12
651 33 13
651 34 14
651 35 17
651 36 14
651 37 20
651 38 18
651 39 16
651 40 16
651 41 14
651 42 18
651 43 17
651 44 18
651 45 20
651 46 10
651 47 18
651 48 19
651 49 16
651 50 15
651 51 8
651 52 10
651 53 11
651 54 10
651 55 10
651 56 9
651 57 15
651 58 14
651 59 19
651 60 16
651 61 7
651 62 15
651 63 16
651 64 20
651 65 20
651 66 16
651 67 18
651 68 11
651 69 10
651 70 11
651 71 14
651 72 15
651 73 17
651 74 9
651 75 16
651 76 11
651 77 11
651 78 17
651 79 15
651 80 12
651 81 12
651 82 14
651 83 19
651 84 17
651 85 18
651 86 14
651 87 10
651 88 13
651 89 0
651 90 11
651 91 17
651 92 12
651 93 16
651 94 12
651 95 12
651 96 15
651 97 6
651 98 8
651 99 10
651 100 12
651 101 11
651 102 7
651 103 10
651 104 12
651 105 16
651 106 19
651 107 17
651 108 17
651 109 39
651 110 39
651 111 13
651 112 16
651 113 18
651 114 13
651 115 10
651 116 22
651 117 10
651 118 13
651 119 9
651 120 39
651 121 40
676 1 15
676 2 9
676 3 13
676 4 11
676 5 13
676 6 38
676 7 41
676 8 40
676 9 12
676 10 9
676 11 7
676 12 11
676 13 8
676 14 12
676 15 15
676 16 14
676 17 43
676 18 43
676 19 39
676 20 11
676 21 12
676 22 15
676 23 17
676 24 13
676 25 19
676 26 10
676 27 19
676 28 40
676 29 41
676 30 42
676 31 11
676 32 19
676 33 14
676 34 19
676 35 14
676 36 19
676 37 13
676 38 10
676 39 10
676 40 14
676 41 1
676 42 10
676 43 15
676 44 11
676 45 13
676 46 11
676 47 18
676 48 15
676 49 18
676 50 15
676 51 19
676 52 18
676 53 13
676 54 20
676 55 21
676 56 8
676 57 14
676 58 18
676 59 20
676 60 19
676 61 20
676 62 13
676 63 19
676 64 15
676 65 16
676 66 17
676 67 10
676 68 15
676 69 11
676 70 20
676 71 16
676 72 19
676 73 16
676 74 15
676 75 16
676 76 10
676 77 9
676 78 10
676 79 12
676 80 15
676 81 15
676 82 15
676 83 9
676 84 20
676 85 19
676 86 10
676 87 13
676 88 17
676 89 0
676 90 15
676 91 19
676 92 19
676 93 12
676 94 11
676 95 16
676 96 17
676 97 11
676 98 9
676 99 11
676 100 11
676 101 17
676 102 20
676 103 15
676 104 11
676 105 15
676 106 13
676 107 18
676 108 12
676 109 40
676 110 39
676 111 16
676 112 12
676 113 20
676 114 16
676 115 5
676 116 11
676 117 2
676 118 9
676 119 10
676 120 42
676 121 39
701 1 0
701 2 19
701 3 10
701 4 5
701 5 10
701 6 39
701 7 38
701 8 40
701 9 15
701 10 13
701 11 13
701 12 20
701 13 17
701 14 14
701 15 14
701 16 8
701 17 43
701 18 44
701 19 39
701 20 16
701 21 11
701 22 19
701 23 19
701 24 19
701 25 19
701 26 11
701 27 11
701 28 43
701 29 42
701 30 44
701 31 6
701 32 18
701 33 18
701 34 15
701 35 10
701 36 20
701 37 18
701 38 13
701 39 11
701 40 12
701 41 8
701 42 10
701 43 16
701 44 17
701 45 17
701 46 15
701 47 15
701 48 11
701 49 16
701 50 16
701 51 15
701 52 11
701 53 16
701 54 19
701 55 21
701 56 20
701 57 12
701 58 10
701 59 16
701 60 18
701 61 20
701 62 19
701 63 12
701 64 19
701 65 12
701 66 10
701 67 10
701 68 9
701 69 13
701 70 14
701 71 10
701 72 10
701 73 20
701 74 11
701 75 16
701 76 12
701 77 14
701 78 11
701 79 9
701 80 13
701 81 20
701 82 13
701 83 16
701 84 20
701 85 13
701 86 18
701 87 10
701 88 19
701 89 17
701 90 19
701 91 18
701 92 10
701 93 17
701 94 16
701 95 19
701 96 11
701 97 13
701 98 14
701 99 13
701 100 15
701 101 14
701 102 18
701 103 12
701 104 19
701 105 17
701 106 11
701 107 10
701 108 8
701 109 39
701 110 36
701 111 10
701 112 11
701 113 20
701 114 12
701 115 8
701 116 8
701 117 8
701 118 18
701 119 13
701 120 45
701 121 43
726 1 12
726 2 14
726 3 16
726 4 9
726 5 11
726 6 40
726 7 40
726 8 42
726 9 14
726 10 17
726 11 15
726 12 20
726 13 16
726 14 12
726 15 10
726 16 12
726 17 40
726 18 36
726 19 42
726 20 10
726 21 18
726 22 18
726 23 18
726 24 12
726 25 10
726 26 10
726 27 11
726 28 43
726 29 41
726 30 40
726 31 9
726 32 10
726 33 22
726 34 14
726 35 11
726 36 12
726 37 19
726 38 11
726 39 10
726 40 10
726 41 10
726 42 10
726 43 11
726 44 13
726 45 13
726 46 15
726 47 13
726 48 14
726 49 19
726 50 14
726 51 0
726 52 9
726 53 20
726 54 18
726 55 14
726 56 17
726 57 16
726 58 14
726 59 10
726 60 9
726 61 10
726 62 12
726 63 11
726 64 17
726 65 18
726 66 12
726 67 18
726 68 21
726 69 17
726 70 10
726 71 20
726 72 20
726 73 16
726 74 18
726 75 11
726 76 16
726 77 7
726 78 11
726 79 16
726 80 15
726 81 22
726 82 19
726 83 14
726 84 15
726 85 14
726 86 10
726 87 5
726 88 15
726 89 20
726 90 12
726 91 9
726 92 13
726 93 17
726 94 18
726 95 12
726 96 10
726 97 10
726 98 13
726 99 6
726 100 7
726 101 13
726 102 20
726 103 15
726 104 11
726 105 15
726 106 18
726 107 10
726 108 15
726 109 40
726 110 39
726 111 13
726 112 16
726 113 10
726 114 9
726 115 9
726 116 10
726 117 15
726 118 11
726 119 9
726 120 36
726 121 38
751 1 12
751 2 20
751 3 17
751 4 8
751 5 11
751 6 37
751 7 41
751 8 40
751 9 16
751 10 18
751 11 14
751 12 20
751 13 19
751 14 13
751 15 10
751 16 13
751 17 43
751 18 40
751 19 45
751 20 14
751 21 13
751 22 19
751 23 15
751 24 18
751 25 16
751 26 12
751 27 11
751 28 43
751 29 45
751 30 37
751 31 13
751 32 10
751 33 16
751 34 19
751 35 19
751 36 14
751 37 19
751 38 10
751 39 12
751 40 13
751 41 13
751 42 17
751 43 18
751 44 15
751 45 21
751 46 16
751 47 9
751 48 11
751 49 15
751 50 11
751 51 17
751 52 9
751 53 9
751 54 22
751 55 15
751 56 14
751 57 11
751 58 16
751 59 15
751 60 13
751 61 15
751 62 18
751 63 13
751 64 10
751 65 20
751 66 15
751 67 16
751 68 13
751 69 11
751 70 18
751 71 13
751 72 20
751 73 19
751 74 12
751 75 21
751 76 13
751 77 15
751 78 19
751 79 10
751 80 18
751 81 16
751 82 11
751 83 12
751 84 16
751 85 20
751 86 13
751 87 13
751 88 11
751 89 14
751 90 6
751 91 22
751 92 9
751 93 18
751 94 15
751 95 10
751 96 10
751 97 10
751 98 11
751 99 8
751 100 11
751 101 14
751 102 10
751 103 12
751 104 12
751 105 15
751 106 12
751 107 12
751 108 8
751 109 38
751 110 39
751 111 12
751 112 9
751 113 19
751 114 15
751 115 0
751 116 11
751 117 11
751 118 10
751 119 10
751 120 41
751 121 40
776 1 11
776 2 17
776 3 19
776 4 7
776 5 17
776 6 41
776 7 40
776 8 41
776 9 11
776 10 16
776 11 13
776 12 16
776 13 13
776 14 13
776 15 10
776 16 15
776 17 42
776 18 44
776 19 39
776 20 10
776 21 10
776 22 14
776 23 16
776 24 17
776 25 20
776 26 12
776 27 10
776 28 39
776 29 44
776 30 41
776 31 16
776 32 19
776 33 18
776 34 15
776 35 21
776 36 16
776 37 9
776 38 6
776 39 11
776 40 9
776 41 16
776 42 10
776 43 13
776 44 13
776 45 16
776 46 17
776 47 12
776 48 11
776 49 12
776 50 0
776 51 4
776 52 16
776 53 24
776 54 10
776 55 20
776 56 13
776 57 16
776 58 18
776 59 13
776 60 13
776 61 11
776 62 11
776 63 12
776 64 12
776 65 13
776 66 16
776 67 12
776 68 15
776 69 18
776 70 11
776 71 18
776 72 14
776 73 10
776 74 17
776 75 11
776 76 10
776 77 16
776 78 7
776 79 14
776 80 19
776 81 10
776 82 13
776 83 15
776 84 16
776 85 11
776 86 13
776 87 17
776 88 7
776 89 10
776 90 14
776 91 19
776 92 20
776 93 18
776 94 19
776 95 16
776 96 18
776 97 0
776 98 9
776 99 8
776 100 11
776 101 15
776 102 19
776 103 16
776 104 12
776 105 8
776 106 9
776 107 11
776 108 7
776 109 41
776 110 43
776 111 12
776 112 10
776 113 11
776 114 14
776 115 10
776 116 9
776 117 10
776 118 9
776 119 11
776 120 40
776 121 40
801 1 16
801 2 17
801 3 11
801 4 12
801 5 10
801 6 39
801 7 41
801 8 39
801 9 20
801 10 16
801 11 10
801 12 16
801 13 17
801 14 15
801 15 14
801 16 16
801 17 39
801 18 40
801 19 40
801 20 16
801 21 11
801 22 16
801 23 19
801 24 21
801 25 10
801 26 15
801 27 11
801 28 39
801 29 42
801 30 39
801 31 10
801 32 12
801 33 10
801 34 11
801 35 20
801 36 17
801 37 17
801 38 11
801 39 9
801 40 11
801 41 20
801 42 12
801 43 20
801 44 21
801 45 20
801 46 17
801 47 9
801 48 18
801 49 15
801 50 16
801 51 13
801 52 10
801 53 17
801 54 12
801 55 12
801 56 20
801 57 16
801 58 20
801 59 12
801 60 11
801 61 12
801 62 10
801 63 19
801 64 14
801 65 13
801 66 14
801 67 19
801 68 17
801 69 11
801 70 14
801 71 12
801 72 13
801 73 25
801 74 17
801 75 17
801 76 18
801 77 16
801 78 17
801 79 11
801 80 15
801 81 8
801 82 13
801 83 12
801 84 10
801 85 11
801 86 12
801 87 20
801 88 20
801 89 15
801 90 13
801 91 13
801 92 11
801 93 19
801 94 20
801 95 15
801 96 15
801 97 10
801 98 11
801 99 14
801 100 10
801 101 11
801 102 14
801 103 15
801 104 15
801 105 10
801 106 6
801 107 11
801 108 15
801 109 41
801 110 42
801 111 14
801 112 15
801 113 18
801 114 11
801 115 10
801 116 10
801 117 7
801 118 12
801 119 11
801 120 38
801 121 41
826 1 8
826 2 19
826 3 13
826 4 9
826 5 12
826 6 43
826 7 39
826 8 38
826 9 11
826 10 15
826 11 16
826 12 10
826 13 12
826 14 15
826 15 11
826 16 9
826 17 41
826 18 39
826 19 42
826 20 9
826 21 10
826 22 19
826 23 13
826 24 20
826 25 8
826 26 11
826 27 7
826 28 40
826 29 39
826 30 39
826 31 11
826 32 11
826 33 17
826 34 19
826 35 21
826 36 21
826 37 18
826 38 15
826 39 4
826 40 9
826 41 9
826 42 12
826 43 10
826 44 13
826 45 15
826 46 10
826 47 18
826 48 23
826 49 18
826 50 14
826 51 15
826 52 11
826 53 18
826 54 14
826 55 19
826 56 13
826 57 18
826 58 17
826 59 10
826 60 15
826 61 14
826 62 15
826 63 14
826 64 20
826 65 20
826 66 18
826 67 10
826 68 15
826 69 10
826 70 15
826 71 13
826 72 20
826 73 20
826 74 16
826 75 15
826 76 10
826 77 17
826 78 12
826 79 18
826 80 18
826 81 14
826 82 16
826 83 18
826 84 16
826 85 20
826 86 17
826 87 15
826 88 15
826 89 12
826 90 13
826 91 21
826 92 17
826 93 15
826 94 12
826 95 14
826 96 13
826 97 11
826 98 11
826 99 21
826 100 11
826 101 8
826 102 15
826 103 16
826 104 13
826 105 12
826 106 11
826 107 12
826 108 17
826 109 42
826 110 41
826 111 10
826 112 20
826 113 14
826 114 10
826 115 10
826 116 12
826 117 10
826 118 11
826 119 15
826 120 40
826 121 39
851 1 12
851 2 13
851 3 10
851 4 10
851 5 14
851 6 39
851 7 44
851 8 45
851 9 9
851 10 17
851 11 16
851 12 11
851 13 12
851 14 19
851 15 9
851 16 15
851 17 41
851 18 44
851 19 44
851 20 11
851 21 10
851 22 11
851 23 14
851 24 19
851 25 9
851 26 14
851 27 9
851 28 38
851 29 39
851 30 46
851 31 10
851 32 10
851 33 12
851 34 18
851 35 12
851 36 16
851 37 13
851 38 12
851 39 11
851 40 12
851 41 14
851 42 9
851 43 16
851 44 10
851 45 11
851 46 11
851 47 10
851 48 21
851 49 20
851 50 13
851 51 20
851 52 10
851 53 19
851 54 20
851 55 20
851 56 18
851 57 14
851 58 11
851 59 19
851 60 18
851 61 13
851 62 21
851 63 12
851 64 19
851 65 13
851 66 13
851 67 20
851 68 10
851 69 13
851 70 19
851 71 12
851 72 18
851 73 17
851 74 19
