1 1 4
1 2 129
1 3 16
1 4 1
1 5 0
1 6 0
1 7 0
1 8 0
1 9 0
1 10 0
1 11 0
1 12 83
1 13 0
1 14 16
1 15 32
1 16 0
1 17 60
1 18 0
1 19 30
1 20 21
1 21 0
1 22 0
1 23 12
1 24 0
1 25 0
1 26 1
1 27 35
1 28 1
1 29 0
1 30 40
1 31 0
1 32 57
1 33 82
1 34 0
1 35 0
1 36 0
1 37 1
1 38 313
1 39 0
1 40 0
1 41 120
1 42 32
1 43 1
1 44 24
1 45 256
1 46 0
1 47 2
1 48 0
1 49 2
1 50 5
1 51 0
1 52 403
1 53 153
1 54 0
1 55 241
1 56 354
1 57 0
1 58 1
1 59 41
1 60 12
1 61 0
1 62 0
1 63 303
1 64 0
1 65 0
1 66 118
1 67 1
1 68 0
1 69 0
1 70 0
1 71 0
1 72 0
1 73 74
1 74 242
1 75 0
1 76 7
1 77 0
1 78 70
1 79 44
1 80 0
1 81 16
1 82 121
1 83 0
1 84 253
1 85 0
1 86 22
1 87 324
1 88 49
1 89 82
1 90 44
1 91 0
1 92 28
1 93 121
1 94 1
1 95 0
26 1 11
26 2 96
26 3 7
26 4 0
26 5 0
26 6 0
26 7 3
26 8 22
26 9 0
26 10 7
26 11 13
26 12 45
26 13 17
26 14 19
26 15 0
26 16 0
26 17 4
26 18 0
26 19 24
26 20 0
26 21 20
26 22 21
26 23 14
26 24 0
26 25 0
26 26 24
26 27 0
26 28 0
26 29 21
26 30 42
26 31 13
26 32 22
26 33 55
26 34 0
26 35 0
26 36 0
26 37 0
26 38 162
26 39 0
26 40 0
26 41 59
26 42 53
26 43 0
26 44 51
26 45 131
26 46 0
26 47 0
26 48 0
26 49 11
26 50 16
26 51 0
26 52 190
26 53 83
26 54 0
26 55 169
26 56 211
26 57 19
26 58 1
26 59 38
26 60 20
26 61 0
26 62 0
26 63 130
26 64 4
26 65 0
26 66 65
26 67 0
26 68 0
26 69 0
26 70 0
26 71 0
26 72 0
26 73 38
26 74 87
26 75 0
26 76 0
26 77 0
26 78 37
26 79 32
26 80 0
26 81 20
26 82 1
26 83 0
26 84 77
26 85 0
26 86 21
26 87 76
26 88 0
26 89 40
26 90 34
26 91 0
26 92 0
26 93 41
26 94 10
26 95 0
51 1 10
51 2 94
51 3 0
51 4 0
51 5 0
51 6 0
51 7 0
51 8 17
51 9 0
51 10 0
51 11 10
51 12 22
51 13 16
51 14 25
51 15 0
51 16 0
51 17 0
51 18 0
51 19 13
51 20 0
51 21 22
51 22 51
51 23 20
51 24 0
51 25 21
51 26 20
51 27 0
51 28 0
51 29 25
51 30 39
51 31 10
51 32 13
51 33 61
51 34 0
51 35 0
51 36 0
51 37 1
51 38 145
51 39 0
51 40 0
51 41 64
51 42 30
51 43 0
51 44 46
51 45 145
51 46 0
51 47 0
51 48 0
51 49 16
51 50 17
51 51 0
51 52 211
51 53 87
51 54 27
51 55 178
51 56 229
51 57 20
51 58 18
51 59 38
51 60 16
51 61 0
51 62 0
51 63 125
51 64 0
51 65 0
51 66 60
51 67 18
51 68 19
51 69 8
51 70 0
51 71 0
51 72 0
51 73 40
51 74 81
51 75 0
51 76 0
51 77 0
51 78 37
51 79 39
51 80 0
51 81 38
51 82 0
51 83 0
51 84 69
51 85 0
51 86 41
51 87 95
51 88 0
51 89 36
51 90 30
51 91 0
51 92 0
51 93 52
51 94 24
51 95 25
76 1 32
76 2 113
76 3 0
76 4 0
76 5 11
76 6 0
76 7 0
76 8 17
76 9 0
76 10 0
76 11 0
76 12 27
76 13 13
76 14 17
76 15 0
76 16 0
76 17 0
76 18 0
76 19 23
76 20 0
76 21 33
76 22 61
76 23 38
76 24 0
76 25 20
76 26 18
76 27 0
76 28 0
76 29 39
76 30 34
76 31 18
76 32 18
76 33 61
76 34 0
76 35 0
76 36 0
76 37 19
76 38 152
76 39 0
76 40 0
76 41 45
76 42 32
76 43 0
76 44 20
76 45 138
76 46 0
76 47 0
76 48 0
76 49 8
76 50 21
76 51 0
76 52 185
76 53 78
76 54 46
76 55 167
76 56 194
76 57 26
76 58 40
76 59 25
76 60 26
76 61 13
76 62 0
76 63 136
76 64 0
76 65 0
76 66 64
76 67 20
76 68 17
76 69 0
76 70 0
76 71 0
76 72 0
76 73 42
76 74 121
76 75 0
76 76 0
76 77 3
76 78 41
76 79 48
76 80 0
76 81 41
76 82 1
76 83 0
76 84 59
76 85 1
76 86 38
76 87 83
76 88 0
76 89 38
76 90 45
76 91 0
76 92 0
76 93 43
76 94 38
76 95 21
101 1 37
101 2 97
101 3 0
101 4 17
101 5 0
101 6 15
101 7 0
101 8 16
101 9 0
101 10 0
101 11 0
101 12 21
101 13 11
101 14 15
101 15 0
101 16 0
101 17 0
101 18 19
101 19 42
101 20 0
101 21 40
101 22 81
101 23 37
101 24 2
101 25 17
101 26 36
101 27 0
101 28 20
101 29 40
101 30 36
101 31 31
101 32 17
101 33 59
101 34 1
101 35 1
101 36 0
101 37 11
101 38 162
101 39 0
101 40 26
101 41 36
101 42 41
101 43 0
101 44 9
101 45 146
101 46 0
101 47 0
101 48 2
101 49 0
101 50 11
101 51 10
101 52 187
101 53 89
101 54 56
101 55 175
101 56 185
101 57 17
101 58 73
101 59 46
101 60 30
101 61 6
101 62 0
101 63 121
101 64 0
101 65 0
101 66 55
101 67 17
101 68 19
101 69 0
101 70 9
101 71 0
101 72 0
101 73 36
101 74 125
101 75 0
101 76 0
101 77 25
101 78 41
101 79 40
101 80 0
101 81 33
101 82 0
101 83 20
101 84 90
101 85 1
101 86 29
101 87 92
101 88 1
101 89 34
101 90 38
101 91 0
101 92 0
101 93 34
101 94 13
101 95 18
126 1 42
126 2 100
126 3 0
126 4 14
126 5 1
126 6 9
126 7 3
126 8 13
126 9 14
126 10 0
126 11 0
126 12 22
126 13 18
126 14 26
126 15 0
126 16 0
126 17 0
126 18 16
126 19 36
126 20 0
126 21 49
126 22 77
126 23 24
126 24 15
126 25 21
126 26 36
126 27 0
126 28 21
126 29 40
126 30 35
126 31 30
126 32 16
126 33 68
126 34 0
126 35 0
126 36 0
126 37 14
126 38 161
126 39 0
126 40 0
126 41 40
126 42 46
126 43 0
126 44 16
126 45 164
126 46 0
126 47 1
126 48 1
126 49 0
126 50 9
126 51 16
126 52 189
126 53 80
126 54 58
126 55 138
126 56 198
126 57 18
126 58 64
126 59 41
126 60 37
126 61 5
126 62 0
126 63 116
126 64 0
126 65 0
126 66 72
126 67 22
126 68 17
126 69 0
126 70 20
126 71 0
126 72 0
126 73 38
126 74 119
126 75 0
126 76 0
126 77 21
126 78 37
126 79 37
126 80 0
126 81 23
126 82 1
126 83 20
126 84 84
126 85 0
126 86 35
126 87 88
126 88 1
126 89 39
126 90 34
126 91 0
126 92 0
126 93 45
126 94 11
126 95 42
151 1 41
151 2 112
151 3 0
151 4 12
151 5 0
151 6 15
151 7 2
151 8 12
151 9 18
151 10 0
151 11 0
151 12 23
151 13 43
151 14 31
151 15 0
151 16 0
151 17 0
151 18 12
151 19 38
151 20 0
151 21 38
151 22 94
151 23 19
151 24 22
151 25 23
151 26 38
151 27 0
151 28 15
151 29 39
151 30 36
151 31 37
151 32 0
151 33 63
151 34 0
151 35 0
151 36 0
151 37 19
151 38 175
151 39 0
151 40 0
151 41 38
151 42 48
151 43 0
151 44 23
151 45 183
151 46 0
151 47 0
151 48 0
151 49 0
151 50 18
151 51 31
151 52 189
151 53 84
151 54 60
151 55 117
151 56 197
151 57 21
151 58 62
151 59 18
151 60 23
151 61 0
151 62 1
151 63 120
151 64 0
151 65 0
151 66 55
151 67 25
151 68 20
151 69 1
151 70 35
151 71 0
151 72 0
151 73 38
151 74 118
151 75 0
151 76 0
151 77 18
151 78 41
151 79 34
151 80 0
151 81 19
151 82 2
151 83 16
151 84 73
151 85 0
151 86 55
151 87 92
151 88 2
151 89 39
151 90 28
151 91 0
151 92 0
151 93 37
151 94 10
151 95 30
176 1 27
176 2 108
176 3 0
176 4 16
176 5 0
176 6 20
176 7 6
176 8 15
176 9 25
176 10 0
176 11 1
176 12 11
176 13 31
176 14 30
176 15 0
176 16 0
176 17 0
176 18 17
176 19 32
176 20 1
176 21 40
176 22 90
176 23 39
176 24 21
176 25 40
176 26 38
176 27 0
176 28 24
176 29 39
176 30 33
176 31 27
176 32 0
176 33 40
176 34 0
176 35 11
176 36 0
176 37 18
176 38 149
176 39 0
176 40 19
176 41 41
176 42 54
176 43 0
176 44 16
176 45 190
176 46 0
176 47 0
176 48 0
176 49 11
176 50 41
176 51 46
176 52 218
176 53 76
176 54 66
176 55 131
176 56 185
176 57 21
176 58 59
176 59 28
176 60 20
176 61 0
176 62 0
176 63 113
176 64 0
176 65 0
176 66 69
176 67 17
176 68 45
176 69 0
176 70 28
176 71 0
176 72 0
176 73 31
176 74 119
176 75 0
176 76 2
176 77 19
176 78 40
176 79 44
176 80 0
176 81 24
176 82 0
176 83 21
176 84 80
176 85 0
176 86 55
176 87 76
176 88 0
176 89 40
176 90 40
176 91 0
176 92 0
176 93 38
176 94 13
176 95 31
201 1 21
201 2 111
201 3 0
201 4 19
201 5 0
201 6 23
201 7 4
201 8 0
201 9 22
201 10 0
201 11 0
201 12 0
201 13 30
201 14 28
201 15 0
201 16 0
201 17 14
201 18 21
201 19 22
201 20 4
201 21 46
201 22 126
201 23 40
201 24 18
201 25 32
201 26 32
201 27 1
201 28 39
201 29 40
201 30 45
201 31 37
201 32 0
201 33 26
201 34 0
201 35 1
201 36 5
201 37 10
201 38 113
201 39 0
201 40 21
201 41 36
201 42 58
201 43 0
201 44 12
201 45 200
201 46 0
201 47 0
201 48 0
201 49 13
201 50 26
201 51 22
201 52 233
201 53 46
201 54 80
201 55 145
201 56 156
201 57 41
201 58 65
201 59 26
201 60 18
201 61 0
201 62 0
201 63 117
201 64 18
201 65 0
201 66 70
201 67 36
201 68 30
201 69 0
201 70 33
201 71 1
201 72 0
201 73 24
201 74 119
201 75 0
201 76 2
201 77 18
201 78 42
201 79 54
201 80 0
201 81 24
201 82 0
201 83 21
201 84 62
201 85 0
201 86 52
201 87 84
201 88 0
201 89 40
201 90 80
201 91 0
201 92 0
201 93 43
201 94 12
201 95 17
226 1 15
226 2 101
226 3 0
226 4 25
226 5 0
226 6 27
226 7 0
226 8 0
226 9 44
226 10 0
226 11 5
226 12 0
226 13 29
226 14 33
226 15 0
226 16 2
226 17 29
226 18 13
226 19 28
226 20 0
226 21 35
226 22 112
226 23 36
226 24 21
226 25 34
226 26 39
226 27 0
226 28 34
226 29 42
226 30 39
226 31 15
226 32 0
226 33 19
226 34 0
226 35 0
226 36 0
226 37 16
226 38 118
226 39 0
226 40 21
226 41 9
226 42 58
226 43 0
226 44 16
226 45 226
226 46 0
226 47 0
226 48 0
226 49 14
226 50 20
226 51 33
226 52 244
226 53 38
226 54 83
226 55 128
226 56 208
226 57 66
226 58 68
226 59 41
226 60 19
226 61 0
226 62 0
226 63 116
226 64 20
226 65 0
226 66 67
226 67 37
226 68 20
226 69 0
226 70 27
226 71 0
226 72 0
226 73 9
226 74 117
226 75 0
226 76 21
226 77 36
226 78 40
226 79 53
226 80 0
226 81 29
226 82 0
226 83 22
226 84 64
226 85 0
226 86 53
226 87 90
226 88 0
226 89 37
226 90 72
226 91 0
226 92 0
226 93 29
226 94 16
226 95 21
251 1 15
251 2 99
251 3 0
251 4 21
251 5 1
251 6 34
251 7 0
251 8 0
251 9 65
251 10 0
251 11 2
251 12 0
251 13 30
251 14 13
251 15 0
251 16 0
251 17 38
251 18 13
251 19 22
251 20 0
251 21 39
251 22 108
251 23 59
251 24 15
251 25 30
251 26 36
251 27 31
251 28 39
251 29 39
251 30 43
251 31 11
251 32 0
251 33 12
251 34 4
251 35 0
251 36 0
251 37 20
251 38 115
251 39 0
251 40 35
251 41 0
251 42 74
251 43 0
251 44 19
251 45 243
251 46 0
251 47 1
251 48 0
251 49 12
251 50 19
251 51 47
251 52 232
251 53 37
251 54 88
251 55 121
251 56 206
251 57 48
251 58 79
251 59 56
251 60 20
251 61 0
251 62 0
251 63 105
251 64 7
251 65 0
251 66 50
251 67 36
251 68 19
251 69 0
251 70 15
251 71 0
251 72 0
251 73 1
251 74 126
251 75 0
251 76 30
251 77 29
251 78 36
251 79 43
251 80 0
251 81 39
251 82 1
251 83 15
251 84 77
251 85 1
251 86 81
251 87 85
251 88 0
251 89 40
251 90 95
251 91 0
251 92 0
251 93 44
251 94 11
251 95 20
276 1 11
276 2 104
276 3 0
276 4 17
276 5 0
276 6 38
276 7 2
276 8 15
276 9 61
276 10 0
276 11 0
276 12 0
276 13 30
276 14 2
276 15 0
276 16 0
276 17 43
276 18 37
276 19 22
276 20 0
276 21 35
276 22 101
276 23 69
276 24 18
276 25 33
276 26 33
276 27 39
276 28 45
276 29 39
276 30 32
276 31 10
276 32 0
276 33 6
276 34 15
276 35 1
276 36 0
276 37 11
276 38 130
276 39 0
276 40 42
276 41 1
276 42 63
276 43 0
276 44 5
276 45 236
276 46 0
276 47 0
276 48 0
276 49 18
276 50 15
276 51 39
276 52 245
276 53 39
276 54 73
276 55 119
276 56 213
276 57 47
276 58 83
276 59 50
276 60 15
276 61 7
276 62 0
276 63 108
276 64 6
276 65 0
276 66 68
276 67 43
276 68 12
276 69 0
276 70 19
276 71 0
276 72 1
276 73 0
276 74 123
276 75 0
276 76 14
276 77 26
276 78 39
276 79 29
276 80 0
276 81 49
276 82 0
276 83 39
276 84 64
276 85 0
276 86 74
276 87 81
276 88 0
276 89 39
276 90 110
276 91 0
276 92 0
276 93 37
276 94 14
276 95 21
301 1 17
301 2 108
301 3 0
301 4 11
301 5 1
301 6 34
301 7 1
301 8 11
301 9 59
301 10 0
301 11 0
301 12 0
301 13 33
301 14 2
301 15 1
301 16 0
301 17 42
301 18 34
301 19 16
301 20 0
301 21 41
301 22 96
301 23 58
301 24 12
301 25 15
301 26 40
301 27 36
301 28 48
301 29 38
301 30 30
301 31 19
301 32 0
301 33 16
301 34 16
301 35 8
301 36 0
301 37 19
301 38 113
301 39 0
301 40 45
301 41 0
301 42 33
301 43 0
301 44 7
301 45 244
301 46 0
301 47 0
301 48 0
301 49 13
301 50 11
301 51 45
301 52 231
301 53 38
301 54 91
301 55 124
301 56 217
301 57 39
301 58 104
301 59 59
301 60 19
301 61 0
301 62 0
301 63 117
301 64 11
301 65 0
301 66 62
301 67 39
301 68 1
301 69 0
301 70 9
301 71 1
301 72 0
301 73 0
301 74 130
301 75 0
301 76 0
301 77 32
301 78 37
301 79 33
301 80 0
301 81 49
301 82 5
301 83 36
301 84 75
301 85 0
301 86 66
301 87 79
301 88 0
301 89 41
301 90 107
301 91 0
301 92 0
301 93 44
301 94 14
301 95 13
326 1 12
326 2 111
326 3 0
326 4 11
326 5 0
326 6 32
326 7 0
326 8 11
326 9 67
326 10 0
326 11 0
326 12 0
326 13 29
326 14 0
326 15 18
326 16 0
326 17 26
326 18 9
326 19 32
326 20 0
326 21 36
326 22 108
326 23 66
326 24 21
326 25 19
326 26 35
326 27 53
326 28 56
326 29 41
326 30 40
326 31 23
326 32 0
326 33 25
326 34 19
326 35 3
326 36 0
326 37 20
326 38 131
326 39 0
326 40 32
326 41 0
326 42 15
326 43 1
326 44 21
326 45 249
326 46 0
326 47 0
326 48 0
326 49 9
326 50 17
326 51 47
326 52 223
326 53 42
326 54 81
326 55 111
326 56 193
326 57 43
326 58 90
326 59 64
326 60 6
326 61 7
326 62 0
326 63 107
326 64 16
326 65 0
326 66 57
326 67 41
326 68 0
326 69 0
326 70 19
326 71 0
326 72 0
326 73 0
326 74 109
326 75 0
326 76 2
326 77 30
326 78 35
326 79 41
326 80 0
326 81 52
326 82 6
326 83 34
326 84 77
326 85 0
326 86 62
326 87 107
326 88 0
326 89 38
326 90 114
326 91 0
326 92 0
326 93 40
326 94 13
326 95 11
351 1 9
351 2 106
351 3 0
351 4 19
351 5 0
351 6 40
351 7 0
351 8 16
351 9 64
351 10 0
351 11 0
351 12 0
351 13 29
351 14 0
351 15 43
351 16 2
351 17 4
351 18 18
351 19 26
351 20 0
351 21 42
351 22 83
351 23 54
351 24 20
351 25 16
351 26 27
351 27 76
351 28 54
351 29 37
351 30 40
351 31 13
351 32 0
351 33 36
351 34 15
351 35 0
351 36 0
351 37 20
351 38 124
351 39 0
351 40 38
351 41 0
351 42 24
351 43 3
351 44 29
351 45 237
351 46 2
351 47 0
351 48 0
351 49 15
351 50 18
351 51 43
351 52 217
351 53 48
351 54 83
351 55 124
351 56 178
351 57 35
351 58 99
351 59 37
351 60 13
351 61 21
351 62 0
351 63 111
351 64 19
351 65 0
351 66 76
351 67 37
351 68 0
351 69 0
351 70 18
351 71 1
351 72 0
351 73 0
351 74 87
351 75 0
351 76 0
351 77 41
351 78 22
351 79 37
351 80 0
351 81 37
351 82 0
351 83 35
351 84 83
351 85 0
351 86 68
351 87 112
351 88 0
351 89 41
351 90 112
351 91 0
351 92 0
351 93 26
351 94 15
351 95 35
376 1 17
376 2 102
376 3 0
376 4 18
376 5 0
376 6 19
376 7 1
376 8 18
376 9 71
376 10 0
376 11 1
376 12 0
376 13 30
376 14 0
376 15 39
376 16 1
376 17 1
376 18 15
376 19 29
376 20 0
376 21 46
376 22 84
376 23 64
376 24 22
376 25 18
376 26 17
376 27 81
376 28 60
376 29 30
376 30 30
376 31 13
376 32 0
376 33 39
376 34 16
376 35 0
376 36 0
376 37 16
376 38 126
376 39 0
376 40 54
376 41 1
376 42 31
376 43 0
376 44 33
376 45 239
376 46 6
376 47 1
376 48 0
376 49 11
376 50 18
376 51 33
376 52 250
376 53 45
376 54 84
376 55 124
376 56 189
376 57 47
376 58 117
376 59 28
376 60 16
376 61 17
376 62 0
376 63 107
376 64 41
376 65 0
376 66 73
376 67 57
376 68 0
376 69 0
376 70 11
376 71 0
376 72 0
376 73 1
376 74 76
376 75 0
376 76 0
376 77 37
376 78 14
376 79 40
376 80 0
376 81 49
376 82 0
376 83 40
376 84 69
376 85 0
376 86 65
376 87 81
376 88 0
376 89 33
376 90 108
376 91 0
376 92 0
376 93 22
376 94 1
376 95 43
401 1 9
401 2 106
401 3 0
401 4 10
401 5 0
401 6 0
401 7 0
401 8 9
401 9 53
401 10 0
401 11 13
401 12 0
401 13 33
401 14 0
401 15 38
401 16 1
401 17 0
401 18 20
401 19 25
401 20 0
401 21 37
401 22 65
401 23 61
401 24 20
401 25 22
401 26 41
401 27 81
401 28 85
401 29 35
401 30 39
401 31 14
401 32 0
401 33 58
401 34 14
401 35 0
401 36 0
401 37 18
401 38 151
401 39 2
401 40 56
401 41 0
401 42 30
401 43 0
401 44 36
401 45 241
401 46 10
401 47 0
401 48 0
401 49 13
401 50 13
401 51 37
401 52 215
401 53 40
401 54 99
401 55 131
401 56 188
401 57 37
401 58 113
401 59 27
401 60 16
401 61 18
401 62 0
401 63 105
401 64 40
401 65 0
401 66 66
401 67 53
401 68 0
401 69 0
401 70 12
401 71 8
401 72 0
401 73 1
401 74 75
401 75 0
401 76 0
401 77 44
401 78 3
401 79 34
401 80 0
401 81 49
401 82 1
401 83 41
401 84 61
401 85 0
401 86 98
401 87 81
401 88 0
401 89 39
401 90 114
401 91 0
401 92 0
401 93 18
401 94 1
401 95 31
426 1 0
426 2 93
426 3 0
426 4 20
426 5 0
426 6 0
426 7 0
426 8 1
426 9 62
426 10 1
426 11 0
426 12 0
426 13 31
426 14 0
426 15 40
426 16 0
426 17 0
426 18 21
426 19 26
426 20 0
426 21 44
426 22 47
426 23 57
426 24 20
426 25 19
426 26 30
426 27 82
426 28 69
426 29 37
426 30 39
426 31 15
426 32 0
426 33 52
426 34 16
426 35 0
426 36 0
426 37 19
426 38 99
426 39 17
426 40 83
426 41 0
426 42 22
426 43 0
426 44 35
426 45 249
426 46 0
426 47 0
426 48 0
426 49 9
426 50 18
426 51 14
426 52 222
426 53 4
426 54 87
426 55 128
426 56 190
426 57 43
426 58 109
426 59 40
426 60 10
426 61 15
426 62 2
426 63 102
426 64 41
426 65 0
426 66 63
426 67 68
426 68 0
426 69 0
426 70 20
426 71 11
426 72 0
426 73 8
426 74 86
426 75 0
426 76 0
426 77 40
426 78 0
426 79 37
426 80 0
426 81 51
426 82 5
426 83 33
426 84 92
426 85 0
426 86 116
426 87 118
426 88 0
426 89 29
426 90 111
426 91 0
426 92 0
426 93 41
426 94 0
426 95 52
451 1 0
451 2 98
451 3 0
451 4 21
451 5 0
451 6 0
451 7 0
451 8 0
451 9 64
451 10 1
451 11 0
451 12 1
451 13 14
451 14 3
451 15 38
451 16 7
451 17 0
451 18 14
451 19 38
451 20 0
451 21 43
451 22 51
451 23 48
451 24 20
451 25 19
451 26 39
451 27 76
451 28 66
451 29 38
451 30 39
451 31 13
451 32 0
451 33 60
451 34 26
451 35 0
451 36 0
451 37 20
451 38 101
451 39 17
451 40 82
451 41 0
451 42 37
451 43 1
451 44 43
451 45 270
451 46 0
451 47 0
451 48 0
451 49 19
451 50 23
451 51 41
451 52 231
451 53 0
451 54 72
451 55 112
451 56 197
451 57 36
451 58 97
451 59 54
451 60 6
451 61 20
451 62 0
451 63 107
451 64 59
451 65 0
451 66 57
451 67 83
451 68 3
451 69 0
451 70 0
451 71 9
451 72 0
451 73 27
451 74 78
451 75 0
451 76 0
451 77 42
451 78 0
451 79 28
451 80 0
451 81 44
451 82 7
451 83 25
451 84 63
451 85 0
451 86 106
451 87 134
451 88 0
451 89 14
451 90 94
451 91 0
451 92 0
451 93 38
451 94 0
451 95 56
476 1 0
476 2 98
476 3 0
476 4 12
476 5 0
476 6 0
476 7 0
476 8 4
476 9 65
476 10 0
476 11 0
476 12 0
476 13 0
476 14 0
476 15 26
476 16 8
476 17 0
476 18 17
476 19 45
476 20 0
476 21 32
476 22 40
476 23 63
476 24 22
476 25 20
476 26 31
476 27 81
476 28 54
476 29 9
476 30 39
476 31 14
476 32 0
476 33 52
476 34 30
476 35 0
476 36 0
476 37 11
476 38 83
476 39 19
476 40 84
476 41 1
476 42 39
476 43 0
476 44 22
476 45 285
476 46 0
476 47 7
476 48 0
476 49 17
476 50 0
476 51 51
476 52 228
476 53 0
476 54 92
476 55 105
476 56 207
476 57 42
476 58 92
476 59 59
476 60 1
476 61 10
476 62 0
476 63 105
476 64 55
476 65 0
476 66 67
476 67 78
476 68 14
476 69 0
476 70 0
476 71 12
476 72 0
476 73 28
476 74 80
476 75 0
476 76 33
476 77 48
476 78 0
476 79 35
476 80 0
476 81 67
476 82 6
476 83 20
476 84 80
476 85 2
476 86 110
476 87 146
476 88 1
476 89 12
476 90 94
476 91 1
476 92 1
476 93 41
476 94 0
476 95 58
501 1 0
501 2 104
501 3 0
501 4 15
501 5 0
501 6 0
501 7 0
501 8 1
501 9 62
501 10 0
501 11 0
501 12 0
501 13 0
501 14 1
501 15 30
501 16 11
501 17 0
501 18 20
501 19 39
501 20 0
501 21 33
501 22 43
501 23 55
501 24 20
501 25 37
501 26 38
501 27 85
501 28 60
501 29 5
501 30 35
501 31 15
501 32 0
501 33 62
501 34 37
501 35 1
501 36 0
501 37 20
501 38 98
501 39 18
501 40 80
501 41 0
501 42 28
501 43 0
501 44 14
501 45 289
501 46 2
501 47 0
501 48 0
501 49 10
501 50 0
501 51 49
501 52 230
501 53 0
501 54 98
501 55 95
501 56 219
501 57 44
501 58 75
501 59 52
501 60 0
501 61 0
501 62 0
501 63 119
501 64 55
501 65 0
501 66 19
501 67 95
501 68 23
501 69 0
501 70 1
501 71 11
501 72 0
501 73 30
501 74 78
501 75 0
501 76 31
501 77 41
501 78 0
501 79 35
501 80 0
501 81 67
501 82 3
501 83 15
501 84 60
501 85 0
501 86 96
501 87 165
501 88 0
501 89 8
501 90 85
501 91 0
501 92 0
501 93 51
501 94 0
501 95 63
526 1 0
526 2 128
526 3 2
526 4 11
526 5 0
526 6 0
526 7 0
526 8 1
526 9 71
526 10 0
526 11 4
526 12 0
526 13 0
526 14 0
526 15 28
526 16 10
526 17 0
526 18 35
526 19 42
526 20 0
526 21 38
526 22 38
526 23 61
526 24 22
526 25 20
526 26 34
526 27 80
526 28 59
526 29 1
526 30 31
526 31 15
526 32 1
526 33 46
526 34 42
526 35 0
526 36 0
526 37 21
526 38 101
526 39 19
526 40 81
526 41 0
526 42 41
526 43 0
526 44 7
526 45 271
526 46 7
526 47 0
526 48 4
526 49 8
526 50 0
526 51 37
526 52 240
526 53 0
526 54 90
526 55 127
526 56 189
526 57 43
526 58 62
526 59 46
526 60 0
526 61 3
526 62 0
526 63 98
526 64 53
526 65 0
526 66 31
526 67 99
526 68 33
526 69 0
526 70 0
526 71 22
526 72 0
526 73 42
526 74 82
526 75 0
526 76 29
526 77 42
526 78 0
526 79 37
526 80 0
526 81 73
526 82 0
526 83 18
526 84 62
526 85 1
526 86 66
526 87 162
526 88 0
526 89 0
526 90 100
526 91 0
526 92 0
526 93 47
526 94 0
526 95 64
551 1 0
551 2 132
551 3 0
551 4 20
551 5 0
551 6 0
551 7 0
551 8 0
551 9 63
551 10 0
551 11 7
551 12 0
551 13 0
551 14 0
551 15 21
551 16 10
551 17 0
551 18 25
551 19 24
551 20 0
551 21 41
551 22 47
551 23 62
551 24 18
551 25 30
551 26 24
551 27 80
551 28 55
551 29 0
551 30 42
551 31 28
551 32 0
551 33 59
551 34 40
551 35 0
551 36 0
551 37 26
551 38 83
551 39 26
551 40 83
551 41 0
551 42 19
551 43 0
551 44 0
551 45 287
551 46 25
551 47 0
551 48 9
551 49 9
551 50 0
551 51 48
551 52 195
551 53 0
551 54 100
551 55 118
551 56 223
551 57 38
551 58 56
551 59 46
551 60 0
551 61 0
551 62 1
551 63 104
551 64 35
551 65 0
551 66 22
551 67 90
551 68 38
551 69 0
551 70 0
551 71 29
551 72 0
551 73 38
551 74 78
551 75 0
551 76 31
551 77 39
551 78 0
551 79 43
551 80 0
551 81 35
551 82 0
551 83 17
551 84 64
551 85 0
551 86 43
551 87 152
551 88 0
551 89 0
551 90 119
551 91 1
551 92 0
551 93 67
551 94 1
551 95 58
576 1 2
576 2 122
576 3 1
576 4 9
576 5 4
576 6 16
576 7 0
576 8 0
576 9 55
576 10 0
576 11 11
576 12 1
576 13 0
576 14 0
576 15 37
576 16 12
576 17 0
576 18 21
576 19 18
576 20 1
576 21 44
576 22 49
576 23 58
576 24 17
576 25 31
576 26 20
576 27 76
576 28 65
576 29 0
576 30 34
576 31 38
576 32 0
576 33 58
576 34 30
576 35 0
576 36 0
576 37 13
576 38 88
576 39 18
576 40 80
576 41 0
576 42 21
576 43 0
576 44 0
576 45 287
576 46 14
576 47 1
576 48 18
576 49 12
576 50 0
576 51 53
576 52 214
576 53 0
576 54 101
576 55 120
576 56 187
576 57 43
576 58 61
576 59 50
576 60 0
576 61 0
576 62 0
576 63 102
576 64 39
576 65 0
576 66 28
576 67 94
576 68 20
576 69 0
576 70 0
576 71 14
576 72 0
576 73 35
576 74 88
576 75 4
576 76 27
576 77 33
576 78 0
576 79 38
576 80 1
576 81 44
576 82 0
576 83 18
576 84 75
576 85 0
576 86 47
576 87 141
576 88 0
576 89 0
576 90 109
576 91 0
576 92 0
576 93 65
576 94 0
576 95 61
601 1 3
601 2 146
601 3 0
601 4 18
601 5 0
601 6 20
601 7 0
601 8 0
601 9 72
601 10 0
601 11 12
601 12 0
601 13 0
601 14 0
601 15 26
601 16 14
601 17 1
601 18 29
601 19 26
601 20 3
601 21 39
601 22 43
601 23 57
601 24 18
601 25 30
601 26 19
601 27 72
601 28 50
601 29 1
601 30 39
601 31 53
601 32 0
601 33 59
601 34 17
601 35 0
601 36 0
601 37 20
601 38 81
601 39 16
601 40 110
601 41 1
601 42 33
601 43 0
601 44 0
601 45 279
601 46 8
601 47 0
601 48 48
601 49 12
601 50 0
601 51 45
601 52 180
601 53 0
601 54 103
601 55 154
601 56 176
601 57 39
601 58 70
601 59 60
601 60 0
601 61 0
601 62 0
601 63 111
601 64 37
601 65 4
601 66 31
601 67 94
601 68 30
601 69 2
601 70 1
601 71 5
601 72 1
601 73 36
601 74 75
601 75 10
601 76 2
601 77 35
601 78 0
601 79 36
601 80 0
601 81 42
601 82 0
601 83 34
601 84 68
601 85 0
601 86 62
601 87 131
601 88 0
601 89 0
601 90 110
601 91 0
601 92 3
601 93 60
601 94 0
601 95 60
626 1 0
626 2 142
626 3 0
626 4 24
626 5 0
626 6 29
626 7 0
626 8 0
626 9 68
626 10 0
626 11 10
626 12 0
626 13 0
626 14 0
626 15 34
626 16 0
626 17 0
626 18 38
626 19 25
626 20 0
626 21 40
626 22 46
626 23 69
626 24 18
626 25 36
626 26 21
626 27 76
626 28 69
626 29 0
626 30 39
626 31 19
626 32 0
626 33 67
626 34 5
626 35 0
626 36 0
626 37 21
626 38 82
626 39 10
626 40 104
626 41 0
626 42 26
626 43 0
626 44 0
626 45 275
626 46 10
626 47 0
626 48 45
626 49 12
626 50 0
626 51 53
626 52 188
626 53 0
626 54 112
626 55 123
626 56 217
626 57 43
626 58 51
626 59 63
626 60 1
626 61 0
626 62 0
626 63 108
626 64 44
626 65 0
626 66 36
626 67 85
626 68 27
626 69 1
626 70 0
626 71 1
626 72 1
626 73 39
626 74 84
626 75 3
626 76 0
626 77 40
626 78 0
626 79 30
626 80 0
626 81 49
626 82 0
626 83 36
626 84 78
626 85 0
626 86 42
626 87 165
626 88 2
626 89 0
626 90 115
626 91 0
626 92 3
626 93 45
626 94 1
626 95 58
651 1 0
651 2 128
651 3 0
651 4 20
651 5 0
651 6 38
651 7 0
651 8 1
651 9 77
651 10 0
651 11 8
651 12 0
651 13 0
651 14 0
651 15 22
651 16 0
651 17 0
651 18 36
651 19 23
651 20 0
651 21 66
651 22 42
651 23 68
651 24 21
651 25 35
651 26 8
651 27 54
651 28 98
651 29 0
651 30 33
651 31 11
651 32 0
651 33 60
651 34 0
651 35 7
651 36 0
651 37 39
651 38 85
651 39 24
651 40 103
651 41 1
651 42 25
651 43 0
651 44 0
651 45 283
651 46 9
651 47 0
651 48 27
651 49 13
651 50 0
651 51 41
651 52 188
651 53 0
651 54 100
651 55 153
651 56 253
651 57 38
651 58 58
651 59 67
651 60 0
651 61 0
651 62 0
651 63 112
651 64 42
651 65 2
651 66 22
651 67 64
651 68 32
651 69 0
651 70 1
651 71 1
651 72 0
651 73 38
651 74 83
651 75 0
651 76 0
651 77 41
651 78 0
651 79 30
651 80 0
651 81 39
651 82 0
651 83 39
651 84 77
651 85 0
651 86 52
651 87 172
651 88 3
651 89 0
651 90 118
651 91 0
651 92 0
651 93 44
651 94 0
651 95 68
676 1 21
676 2 131
676 3 0
676 4 22
676 5 1
676 6 36
676 7 0
676 8 9
676 9 83
676 10 0
676 11 16
676 12 1
676 13 5
676 14 0
676 15 27
676 16 0
676 17 0
676 18 37
676 19 22
676 20 0
676 21 57
676 22 42
676 23 61
676 24 19
676 25 40
676 26 0
676 27 37
676 28 91
676 29 0
676 30 35
676 31 18
676 32 0
676 33 54
676 34 0
676 35 1
676 36 0
676 37 25
676 38 92
676 39 11
676 40 106
676 41 0
676 42 46
676 43 0
676 44 0
676 45 270
676 46 11
676 47 0
676 48 32
676 49 2
676 50 1
676 51 44
676 52 189
676 53 0
676 54 101
676 55 170
676 56 235
676 57 62
676 58 69
676 59 64
676 60 0
676 61 0
676 62 0
676 63 111
676 64 37
676 65 0
676 66 22
676 67 75
676 68 20
676 69 0
676 70 0
676 71 0
676 72 0
676 73 41
676 74 82
676 75 0
676 76 0
676 77 42
676 78 0
676 79 41
676 80 0
676 81 29
676 82 0
676 83 43
676 84 69
676 85 1
676 86 56
676 87 142
676 88 0
676 89 0
676 90 114
676 91 0
676 92 0
676 93 39
676 94 0
676 95 67
701 1 15
701 2 155
701 3 0
701 4 27
701 5 0
701 6 29
701 7 0
701 8 26
701 9 99
701 10 1
701 11 13
701 12 0
701 13 0
701 14 0
701 15 33
701 16 0
701 17 0
701 18 30
701 19 18
701 20 0
701 21 69
701 22 38
701 23 63
701 24 11
701 25 40
701 26 0
701 27 40
701 28 88
701 29 0
701 30 37
701 31 23
701 32 0
701 33 36
701 34 0
701 35 0
701 36 0
701 37 31
701 38 86
701 39 20
701 40 111
701 41 0
701 42 48
701 43 0
701 44 1
701 45 281
701 46 8
701 47 1
701 48 18
701 49 0
701 50 0
701 51 48
701 52 173
701 53 11
701 54 93
701 55 151
701 56 275
701 57 61
701 58 64
701 59 65
701 60 0
701 61 0
701 62 0
701 63 125
701 64 39
701 65 0
701 66 24
701 67 63
701 68 6
701 69 0
701 70 0
701 71 0
701 72 0
701 73 46
701 74 82
701 75 0
701 76 0
701 77 40
701 78 0
701 79 28
701 80 0
701 81 29
701 82 0
701 83 44
701 84 68
701 85 0
701 86 53
701 87 143
701 88 0
701 89 0
701 90 112
701 91 0
701 92 6
701 93 38
701 94 0
701 95 60
726 1 9
726 2 151
726 3 0
726 4 31
726 5 0
726 6 32
726 7 0
726 8 26
726 9 83
726 10 0
726 11 8
726 12 0
726 13 0
726 14 0
726 15 32
726 16 0
726 17 0
726 18 41
726 19 16
726 20 0
726 21 59
726 22 40
726 23 58
726 24 29
726 25 27
726 26 0
726 27 42
726 28 102
726 29 0
726 30 40
726 31 21
726 32 0
726 33 31
726 34 0
726 35 0
726 36 0
726 37 28
726 38 74
726 39 16
726 40 112
726 41 0
726 42 36
726 43 0
726 44 0
726 45 282
726 46 11
726 47 0
726 48 7
726 49 0
726 50 0
726 51 41
726 52 164
726 53 20
726 54 95
726 55 129
726 56 301
726 57 67
726 58 55
726 59 89
726 60 0
726 61 0
726 62 0
726 63 140
726 64 31
726 65 1
726 66 25
726 67 79
726 68 11
726 69 0
726 70 1
726 71 5
726 72 0
726 73 47
726 74 83
726 75 0
726 76 0
726 77 39
726 78 0
726 79 32
726 80 0
726 81 20
726 82 0
726 83 40
726 84 72
726 85 0
726 86 56
726 87 151
726 88 0
726 89 0
726 90 113
726 91 0
726 92 1
726 93 43
726 94 0
726 95 61
751 1 11
751 2 134
751 3 0
751 4 37
751 5 0
751 6 32
751 7 0
751 8 27
751 9 97
751 10 0
751 11 7
751 12 0
751 13 0
751 14 0
751 15 27
751 16 0
751 17 1
751 18 34
751 19 20
751 20 0
751 21 40
751 22 43
751 23 64
751 24 47
751 25 31
751 26 0
751 27 40
751 28 93
751 29 0
751 30 38
751 31 29
751 32 0
751 33 35
751 34 0
751 35 0
751 36 4
751 37 38
751 38 80
751 39 10
751 40 85
751 41 0
751 42 43
751 43 0
751 44 0
751 45 289
751 46 10
751 47 0
751 48 0
751 49 0
751 50 11
751 51 43
751 52 158
751 53 29
751 54 89
751 55 127
751 56 280
751 57 71
751 58 49
751 59 75
751 60 0
751 61 0
751 62 0
751 63 148
751 64 54
751 65 2
751 66 24
751 67 75
751 68 7
751 69 0
751 70 1
751 71 0
751 72 0
751 73 46
751 74 83
751 75 0
751 76 1
751 77 21
751 78 0
751 79 43
751 80 18
751 81 19
751 82 0
751 83 39
751 84 77
751 85 0
751 86 58
751 87 154
751 88 0
751 89 0
751 90 102
751 91 0
751 92 0
751 93 42
751 94 0
751 95 70
776 1 13
776 2 150
776 3 0
776 4 37
776 5 0
776 6 13
776 7 0
776 8 31
776 9 90
776 10 4
776 11 2
776 12 0
776 13 0
776 14 0
776 15 31
776 16 0
776 17 0
776 18 28
776 19 21
776 20 1
776 21 16
776 22 39
776 23 61
776 24 45
776 25 41
776 26 3
776 27 42
776 28 101
776 29 8
776 30 41
776 31 31
776 32 0
776 33 22
776 34 1
776 35 0
776 36 20
776 37 30
776 38 75
776 39 18
776 40 83
776 41 0
776 42 67
776 43 8
776 44 0
776 45 258
776 46 0
776 47 0
776 48 0
776 49 0
776 50 11
776 51 44
776 52 150
776 53 36
776 54 106
776 55 123
776 56 291
776 57 66
776 58 64
776 59 66
776 60 0
776 61 0
776 62 0
776 63 150
776 64 68
776 65 0
776 66 26
776 67 60
776 68 1
776 69 1
776 70 0
776 71 0
776 72 1
776 73 35
776 74 82
776 75 0
776 76 1
776 77 21
776 78 0
776 79 40
776 80 15
776 81 17
776 82 0
776 83 37
776 84 79
776 85 1
776 86 49
776 87 153
776 88 0
776 89 0
776 90 116
776 91 0
776 92 0
776 93 39
776 94 0
776 95 77
801 1 11
801 2 129
801 3 0
801 4 27
801 5 0
801 6 17
801 7 3
801 8 30
801 9 88
801 10 0
801 11 11
801 12 0
801 13 0
801 14 0
801 15 43
801 16 0
801 17 0
801 18 22
801 19 20
801 20 3
801 21 19
801 22 35
801 23 63
801 24 38
801 25 36
801 26 0
801 27 47
801 28 93
801 29 9
801 30 30
801 31 30
801 32 0
801 33 16
801 34 0
801 35 0
801 36 1
801 37 38
801 38 75
801 39 33
801 40 84
801 41 6
801 42 60
801 43 16
801 44 0
801 45 267
801 46 0
801 47 0
801 48 0
801 49 0
801 50 0
801 51 27
801 52 141
801 53 41
801 54 87
801 55 133
801 56 271
801 57 92
801 58 62
801 59 74
801 60 0
801 61 0
801 62 0
801 63 143
801 64 80
801 65 0
801 66 24
801 67 73
801 68 1
801 69 0
801 70 0
801 71 0
801 72 4
801 73 32
801 74 83
801 75 0
801 76 0
801 77 22
801 78 0
801 79 40
801 80 18
801 81 12
801 82 0
801 83 44
801 84 82
801 85 0
801 86 46
801 87 127
801 88 0
801 89 0
801 90 121
801 91 0
801 92 0
801 93 46
801 94 0
801 95 76
826 1 11
826 2 145
826 3 0
826 4 22
826 5 0
826 6 21
826 7 0
826 8 34
826 9 83
826 10 1
826 11 13
826 12 1
826 13 0
826 14 0
826 15 38
826 16 0
826 17 0
826 18 9
826 19 27
826 20 0
826 21 20
826 22 40
826 23 58
826 24 28
826 25 34
826 26 0
826 27 39
826 28 105
826 29 9
826 30 38
826 31 38
826 32 0
826 33 15
826 34 0
826 35 0
826 36 11
826 37 39
826 38 85
826 39 10
826 40 87
826 41 8
826 42 87
826 43 14
826 44 0
826 45 236
826 46 2
826 47 0
826 48 0
826 49 0
826 50 0
826 51 42
826 52 138
826 53 41
826 54 114
826 55 126
826 56 271
826 57 78
826 58 71
826 59 79
826 60 0
826 61 0
826 62 0
826 63 143
826 64 81
826 65 0
826 66 24
826 67 69
826 68 0
826 69 2
826 70 0
826 71 0
826 72 4
826 73 39
826 74 84
826 75 0
826 76 0
826 77 40
826 78 0
826 79 38
826 80 12
826 81 18
826 82 1
826 83 39
826 84 77
826 85 0
826 86 50
826 87 123
826 88 0
826 89 0
826 90 106
826 91 0
826 92 1
826 93 42
826 94 0
826 95 76
851 1 14
851 2 145
851 3 0
851 4 25
851 5 0
851 6 19
851 7 8
851 8 30
851 9 88
851 10 0
851 11 9
851 12 0
851 13 0
851 14 0
851 15 40
851 16 0
851 17 1
851 18 16
851 19 27
851 20 1
851 21 21
851 22 47
851 23 57
851 24 41
851 25 55
851 26 0
851 27 39
851 28 88
851 29 4
851 30 34
851 31 5
851 32 0
851 33 16
851 34 0
851 35 0
851 36 0
851 37 37
851 38 94
851 39 15
851 40 86
851 41 0
851 42 83
851 43 13
851 44 0
851 45 222
851 46 2
851 47 0
851 48 0
851 49 0
851 50 0
851 51 28
851 52 165
851 53 39
851 54 98
851 55 127
851 56 270
851 57 69
851 58 59
851 59 65
851 60 0
851 61 2
851 62 0
851 63 151
851 64 76
851 65 0
851 66 30
851 67 93
851 68 0
851 69 0
851 70 0
851 71 0
851 72 29
851 73 38
851 74 75
851 75 0
851 76 0
851 77 37
851 78 0
851 79 38
851 80 0
851 81 11
851 82 0
851 83 43
851 84 65
851 85 27
851 86 66
851 87 104
851 88 0
851 89 0
851 90 111
851 91 0
851 92 0
851 93 53
851 94 1
851 95 87
876 1 9
876 2 107
876 3 2
876 4 29
876 5 0
876 6 21
876 7 25
876 8 34
876 9 86
876 10 0
876 11 1
876 12 1
876 13 0
876 14 1
876 15 43
876 16 0
876 17 2
876 18 19
876 19 23
876 20 0
876 21 22
876 22 40
876 23 56
876 24 45
876 25 41
876 26 0
876 27 41
876 28 97
876 29 19
876 30 32
876 31 1
876 32 0
876 33 15
876 34 0
876 35 0
876 36 0
876 37 36
876 38 77
876 39 14
876 40 79
876 41 2
876 42 109
876 43 26
876 44 0
876 45 202
876 46 6
876 47 0
876 48 0
876 49 0
876 50 0
876 51 27
876 52 135
876 53 41
876 54 106
876 55 102
876 56 282
876 57 82
876 58 70
876 59 78
876 60 0
876 61 0
876 62 0
876 63 131
876 64 59
876 65 0
876 66 15
876 67 69
876 68 0
876 69 0
876 70 4
876 71 0
876 72 32
876 73 35
876 74 80
876 75 0
876 76 0
876 77 44
876 78 0
876 79 35
876 80 0
876 81 17
876 82 1
876 83 42
876 84 69
876 85 36
876 86 72
876 87 95
876 88 0
876 89 0
876 90 119
876 91 0
876 92 0
876 93 51
876 94 0
876 95 88
901 1 11
901 2 113
901 3 12
901 4 21
901 5 0
901 6 19
901 7 39
901 8 34
901 9 97
901 10 0
901 11 0
901 12 0
901 13 0
901 14 0
901 15 51
901 16 1
901 17 10
901 18 21
901 19 26
901 20 1
901 21 24
901 22 39
901 23 61
901 24 35
901 25 56
901 26 0
901 27 48
901 28 90
901 29 25
901 30 44
901 31 0
901 32 0
901 33 17
901 34 0
901 35 0
901 36 0
901 37 40
901 38 90
901 39 19
901 40 57
901 41 41
901 42 93
901 43 25
901 44 1
901 45 188
901 46 4
901 47 0
901 48 0
901 49 11
901 50 0
901 51 27
901 52 126
901 53 44
901 54 100
901 55 128
901 56 260
901 57 52
901 58 53
901 59 67
901 60 0
901 61 0
901 62 0
901 63 143
901 64 57
901 65 0
901 66 23
901 67 94
901 68 0
901 69 0
901 70 14
901 71 0
901 72 5
901 73 39
901 74 76
901 75 0
901 76 0
901 77 43
901 78 0
901 79 34
901 80 0
901 81 15
901 82 0
901 83 35
901 84 66
901 85 36
901 86 65
901 87 107
901 88 0
901 89 0
901 90 107
901 91 0
901 92 0
901 93 59
901 94 1
901 95 80
926 1 21
926 2 118
926 3 9
926 4 32
926 5 0
926 6 19
926 7 30
926 8 25
926 9 76
926 10 0
926 11 0
926 12 0
926 13 0
926 14 0
926 15 54
926 16 0
926 17 20
926 18 15
926 19 25
926 20 0
926 21 35
926 22 48
926 23 54
926 24 42
926 25 42
926 26 4
926 27 41
926 28 96
926 29 33
926 30 39
926 31 0
926 32 0
926 33 16
926 34 0
926 35 0
926 36 0
926 37 25
926 38 91
926 39 18
926 40 63
926 41 55
926 42 89
926 43 20
926 44 0
926 45 169
926 46 0
926 47 0
926 48 0
926 49 7
926 50 1
926 51 24
926 52 141
926 53 56
926 54 102
926 55 115
926 56 289
926 57 49
926 58 77
926 59 69
926 60 0
926 61 0
926 62 2
926 63 146
926 64 42
926 65 0
926 66 31
926 67 87
926 68 0
926 69 0
926 70 11
926 71 0
926 72 0
926 73 40
926 74 80
926 75 0
926 76 1
926 77 38
926 78 0
926 79 41
926 80 0
926 81 18
926 82 19
926 83 30
926 84 66
926 85 38
926 86 53
926 87 73
926 88 0
926 89 5
926 90 46
926 91 0
926 92 0
926 93 41
926 94 0
926 95 78
951 1 16
951 2 113
951 3 8
951 4 36
951 5 0
951 6 15
951 7 32
951 8 21
951 9 90
951 10 0
951 11 0
951 12 1
951 13 0
951 14 0
951 15 64
951 16 0
951 17 34
951 18 19
951 19 19
951 20 0
951 21 34
951 22 40
951 23 66
951 24 41
951 25 42
951 26 0
951 27 39
951 28 94
951 29 43
951 30 40
951 31 0
951 32 0
951 33 10
951 34 1
951 35 0
951 36 0
951 37 37
951 38 94
951 39 21
951 40 73
951 41 78
951 42 87
951 43 28
951 44 2
951 45 152
951 46 0
951 47 0
951 48 0
951 49 19
951 50 0
951 51 11
951 52 116
951 53 56
951 54 104
951 55 133
951 56 267
951 57 46
951 58 92
951 59 65
951 60 15
951 61 0
951 62 3
951 63 151
951 64 42
951 65 0
951 66 23
951 67 89
951 68 0
951 69 0
951 70 11
951 71 1
951 72 0
951 73 40
951 74 67
951 75 0
951 76 1
951 77 38
951 78 0
951 79 41
951 80 1
951 81 17
951 82 37
951 83 35
951 84 74
951 85 33
951 86 44
951 87 92
951 88 0
951 89 0
951 90 8
951 91 0
951 92 1
951 93 54
951 94 0
951 95 88
976 1 19
976 2 117
976 3 12
976 4 19
976 5 0
976 6 19
976 7 33
976 8 0
976 9 91
976 10 0
976 11 0
976 12 1
976 13 0
976 14 0
976 15 60
976 16 2
976 17 14
976 18 19
976 19 19
976 20 17
976 21 41
976 22 36
976 23 62
976 24 37
976 25 31
976 26 2
976 27 43
976 28 91
976 29 37
976 30 23
976 31 0
976 32 0
976 33 17
976 34 0
976 35 0
976 36 0
976 37 42
976 38 92
976 39 1
976 40 55
976 41 84
976 42 93
976 43 18
976 44 0
976 45 151
976 46 0
976 47 7
976 48 0
976 49 11
976 50 0
976 51 15
976 52 121
976 53 68
976 54 110
976 55 115
976 56 268
976 57 37
976 58 88
976 59 56
976 60 20
976 61 1
976 62 17
976 63 153
976 64 36
976 65 0
976 66 26
976 67 95
976 68 16
976 69 0
976 70 14
976 71 0
976 72 0
976 73 39
976 74 76
976 75 0
976 76 0
976 77 38
976 78 0
976 79 41
976 80 0
976 81 22
976 82 40
976 83 38
976 84 101
976 85 33
976 86 61
976 87 73
976 88 0
976 89 0
976 90 25
976 91 0
976 92 0
976 93 57
976 94 2
976 95 73
1001 1 8
1001 2 108
1001 3 18
1001 4 15
1001 5 0
1001 6 19
1001 7 29
1001 8 0
1001 9 82
1001 10 0
1001 11 0
1001 12 0
1001 13 0
1001 14 0
1001 15 43
1001 16 2
1001 17 21
1001 18 0
1001 19 26
1001 20 21
1001 21 50
1001 22 41
1001 23 66
1001 24 38
1001 25 23
1001 26 1
1001 27 41
1001 28 99
1001 29 36
1001 30 23
1001 31 0
1001 32 0
1001 33 16
1001 34 0
1001 35 0
1001 36 0
1001 37 40
1001 38 84
1001 39 0
1001 40 80
1001 41 80
1001 42 76
1001 43 13
1001 44 6
1001 45 145
1001 46 0
1001 47 15
1001 48 0
1001 49 0
1001 50 0
1001 51 9
1001 52 130
1001 53 79
1001 54 122
1001 55 112
1001 56 251
1001 57 45
1001 58 90
1001 59 65
1001 60 16
1001 61 0
1001 62 22
1001 63 144
1001 64 42
1001 65 0
1001 66 32
1001 67 98
1001 68 21
1001 69 5
1001 70 16
1001 71 0
1001 72 0
1001 73 40
1001 74 78
1001 75 0
1001 76 15
1001 77 40
1001 78 0
1001 79 38
1001 80 0
1001 81 19
1001 82 37
1001 83 40
1001 84 121
1001 85 32
1001 86 51
1001 87 96
1001 88 0
1001 89 0
1001 90 19
1001 91 1
1001 92 0
1001 93 66
1001 94 0
1001 95 73
1026 1 11
1026 2 96
1026 3 0
1026 4 13
1026 5 0
1026 6 21
1026 7 39
1026 8 0
1026 9 81
1026 10 0
1026 11 0
1026 12 0
1026 13 0
1026 14 0
1026 15 62
1026 16 0
1026 17 21
1026 18 0
1026 19 27
1026 20 8
1026 21 37
1026 22 38
1026 23 61
1026 24 38
1026 25 27
1026 26 0
1026 27 40
1026 28 88
1026 29 35
1026 30 32
1026 31 0
1026 32 0
1026 33 25
1026 34 0
1026 35 0
1026 36 0
1026 37 35
1026 38 89
1026 39 0
1026 40 66
1026 41 82
1026 42 86
1026 43 17
1026 44 15
1026 45 144
1026 46 0
1026 47 19
1026 48 1
1026 49 0
1026 50 0
1026 51 19
1026 52 149
1026 53 86
1026 54 118
1026 55 125
1026 56 270
1026 57 43
1026 58 100
1026 59 62
1026 60 16
1026 61 0
1026 62 29
1026 63 126
1026 64 44
1026 65 0
1026 66 34
1026 67 91
1026 68 19
1026 69 0
1026 70 13
1026 71 0
1026 72 0
1026 73 41
1026 74 83
1026 75 0
1026 76 0
1026 77 47
1026 78 0
1026 79 42
1026 80 0
1026 81 14
1026 82 40
1026 83 34
1026 84 103
1026 85 34
1026 86 61
1026 87 89
1026 88 1
1026 89 2
1026 90 18
1026 91 0
1026 92 0
1026 93 54
1026 94 0
1026 95 84
1051 1 14
1051 2 113
1051 3 0
1051 4 12
1051 5 0
1051 6 18
1051 7 31
1051 8 0
1051 9 91
1051 10 0
1051 11 0
1051 12 0
1051 13 1
1051 14 0
1051 15 77
1051 16 0
1051 17 30
1051 18 4
1051 19 28
1051 20 12
1051 21 38
1051 22 53
1051 23 68
1051 24 41
1051 25 31
1051 26 0
1051 27 36
1051 28 70
1051 29 39
1051 30 30
1051 31 1
1051 32 0
1051 33 19
1051 34 0
1051 35 0
1051 36 0
1051 37 21
1051 38 87
1051 39 0
1051 40 61
1051 41 82
1051 42 88
1051 43 7
1051 44 19
1051 45 137
1051 46 0
1051 47 17
1051 48 0
1051 49 0
1051 50 0
1051 51 4
1051 52 125
1051 53 86
1051 54 106
1051 55 128
1051 56 259
1051 57 40
1051 58 92
1051 59 68
1051 60 36
1051 61 0
1051 62 40
1051 63 144
1051 64 52
1051 65 0
1051 66 26
1051 67 93
1051 68 16
1051 69 0
1051 70 12
1051 71 0
1051 72 0
1051 73 29
1051 74 88
1051 75 0
1051 76 1
1051 77 40
1051 78 0
1051 79 31
1051 80 0
1051 81 14
1051 82 42
1051 83 41
1051 84 86
1051 85 56
1051 86 59
1051 87 95
1051 88 5
1051 89 0
1051 90 9
1051 91 0
1051 92 0
1051 93 55
1051 94 0
1051 95 82
1076 1 13
1076 2 118
1076 3 0
1076 4 20
1076 5 0
1076 6 21
1076 7 26
1076 8 0
1076 9 91
1076 10 5
1076 11 0
1076 12 0
1076 13 0
1076 14 0
1076 15 80
1076 16 11
1076 17 38
1076 18 18
1076 19 21
1076 20 0
1076 21 34
1076 22 41
1076 23 63
1076 24 41
1076 25 38
1076 26 0
1076 27 41
1076 28 86
1076 29 36
1076 30 30
1076 31 8
1076 32 0
1076 33 22
1076 34 0
1076 35 0
1076 36 0
1076 37 20
1076 38 86
1076 39 0
1076 40 59
1076 41 81
1076 42 81
1076 43 22
1076 44 21
1076 45 141
1076 46 0
1076 47 11
1076 48 0
1076 49 0
1076 50 0
1076 51 11
1076 52 130
1076 53 81
1076 54 104
1076 55 122
1076 56 268
1076 57 33
1076 58 84
1076 59 49
1076 60 14
1076 61 0
1076 62 28
1076 63 148
1076 64 57
1076 65 2
1076 66 27
1076 67 105
1076 68 21
1076 69 0
1076 70 17
1076 71 0
1076 72 12
1076 73 40
1076 74 80
1076 75 0
1076 76 0
1076 77 38
1076 78 0
1076 79 40
1076 80 0
1076 81 0
1076 82 42
1076 83 51
1076 84 86
1076 85 42
1076 86 43
1076 87 75
1076 88 11
1076 89 0
1076 90 1
1076 91 0
1076 92 0
1076 93 64
1076 94 0
1076 95 77
1101 1 10
1101 2 112
1101 3 0
1101 4 32
1101 5 0
1101 6 19
1101 7 33
1101 8 0
1101 9 93
1101 10 5
1101 11 0
1101 12 0
1101 13 0
1101 14 0
1101 15 86
1101 16 18
1101 17 35
1101 18 9
1101 19 16
1101 20 0
1101 21 39
1101 22 40
1101 23 55
1101 24 48
1101 25 30
1101 26 0
1101 27 35
1101 28 76
1101 29 34
1101 30 37
1101 31 8
1101 32 0
1101 33 25
1101 34 0
1101 35 0
1101 36 0
1101 37 20
1101 38 95
1101 39 32
1101 40 41
1101 41 87
1101 42 88
1101 43 16
1101 44 16
1101 45 118
1101 46 0
1101 47 5
1101 48 0
1101 49 1
1101 50 0
1101 51 17
1101 52 124
1101 53 72
1101 54 104
1101 55 119
1101 56 255
1101 57 44
1101 58 98
1101 59 51
1101 60 7
1101 61 16
1101 62 40
1101 63 153
1101 64 54
1101 65 0
1101 66 32
1101 67 71
1101 68 16
1101 69 0
1101 70 10
1101 71 0
1101 72 12
1101 73 37
1101 74 89
1101 75 0
1101 76 0
1101 77 40
1101 78 0
1101 79 35
1101 80 0
1101 81 0
1101 82 37
1101 83 43
1101 84 77
1101 85 35
1101 86 31
1101 87 82
1101 88 17
1101 89 2
1101 90 0
1101 91 0
1101 92 0
1101 93 61
1101 94 0
1101 95 84
1126 1 13
1126 2 118
1126 3 0
1126 4 37
1126 5 0
1126 6 18
1126 7 31
1126 8 2
1126 9 84
1126 10 2
1126 11 0
1126 12 0
1126 13 0
1126 14 0
1126 15 85
1126 16 15
1126 17 44
1126 18 21
1126 19 15
1126 20 0
1126 21 43
1126 22 45
1126 23 64
1126 24 41
1126 25 32
1126 26 0
1126 27 46
1126 28 60
1126 29 39
1126 30 33
1126 31 4
1126 32 0
1126 33 26
1126 34 10
1126 35 0
1126 36 0
1126 37 19
1126 38 83
1126 39 26
1126 40 40
1126 41 84
1126 42 76
1126 43 10
1126 44 14
1126 45 123
1126 46 0
1126 47 0
1126 48 0
1126 49 0
1126 50 0
1126 51 14
1126 52 132
1126 53 58
1126 54 110
1126 55 121
1126 56 238
1126 57 47
1126 58 100
1126 59 43
1126 60 13
1126 61 34
1126 62 33
1126 63 160
1126 64 57
1126 65 1
1126 66 21
1126 67 78
1126 68 12
1126 69 1
1126 70 14
1126 71 0
1126 72 1
1126 73 37
1126 74 123
1126 75 0
1126 76 0
1126 77 40
1126 78 1
1126 79 40
1126 80 0
1126 81 0
1126 82 40
1126 83 39
1126 84 68
1126 85 14
1126 86 36
1126 87 87
1126 88 26
1126 89 0
1126 90 0
1126 91 0
1126 92 0
1126 93 63
1126 94 0
1126 95 80
1151 1 13
1151 2 129
1151 3 0
1151 4 50
1151 5 0
1151 6 19
1151 7 28
1151 8 0
1151 9 76
1151 10 0
1151 11 0
1151 12 0
1151 13 0
1151 14 1
1151 15 77
1151 16 13
1151 17 38
1151 18 19
1151 19 24
1151 20 0
1151 21 35
1151 22 44
1151 23 72
1151 24 24
1151 25 39
1151 26 0
1151 27 45
1151 28 78
1151 29 33
1151 30 41
1151 31 9
1151 32 4
1151 33 20
1151 34 13
1151 35 0
1151 36 0
1151 37 9
1151 38 71
1151 39 32
1151 40 43
1151 41 67
1151 42 96
1151 43 6
1151 44 13
1151 45 131
1151 46 0
1151 47 1
1151 48 2
1151 49 0
1151 50 0
1151 51 20
1151 52 124
1151 53 30
1151 54 123
1151 55 118
1151 56 262
1151 57 22
1151 58 93
1151 59 48
1151 60 15
1151 61 46
1151 62 32
1151 63 151
1151 64 65
1151 65 1
1151 66 16
1151 67 85
1151 68 16
1151 69 0
1151 70 13
1151 71 0
1151 72 0
1151 73 39
1151 74 108
1151 75 0
1151 76 0
1151 77 42
1151 78 4
1151 79 37
1151 80 0
1151 81 3
1151 82 41
1151 83 38
1151 84 80
1151 85 8
1151 86 50
1151 87 77
1151 88 25
1151 89 0
1151 90 0
1151 91 0
1151 92 1
1151 93 76
1151 94 0
1151 95 79
1176 1 14
1176 2 120
1176 3 0
1176 4 53
1176 5 0
1176 6 20
1176 7 29
1176 8 9
1176 9 102
1176 10 1
1176 11 0
1176 12 1
1176 13 0
1176 14 0
1176 15 85
1176 16 0
1176 17 43
1176 18 12
1176 19 20
1176 20 0
1176 21 39
1176 22 39
1176 23 85
1176 24 12
1176 25 28
1176 26 0
1176 27 72
1176 28 80
1176 29 0
1176 30 30
1176 31 20
1176 32 0
1176 33 20
1176 34 13
1176 35 1
1176 36 0
1176 37 20
1176 38 68
1176 39 35
1176 40 42
1176 41 64
1176 42 73
1176 43 1
1176 44 20
1176 45 142
1176 46 0
1176 47 0
1176 48 1
1176 49 0
1176 50 0
1176 51 18
1176 52 119
1176 53 33
1176 54 99
1176 55 130
1176 56 271
1176 57 23
1176 58 92
1176 59 49
1176 60 21
1176 61 57
1176 62 25
1176 63 152
1176 64 59
1176 65 1
1176 66 20
1176 67 90
1176 68 19
1176 69 0
1176 70 15
1176 71 0
1176 72 0
1176 73 39
1176 74 114
1176 75 2
1176 76 0
1176 77 45
1176 78 8
1176 79 30
1176 80 0
1176 81 1
1176 82 40
1176 83 40
1176 84 77
1176 85 1
1176 86 41
1176 87 70
1176 88 13
1176 89 0
1176 90 1
1176 91 0
1176 92 0
1176 93 92
1176 94 0
1176 95 83
1201 1 22
1201 2 107
1201 3 0
1201 4 60
1201 5 0
1201 6 19
1201 7 29
1201 8 9
1201 9 100
1201 10 0
1201 11 0
1201 12 5
1201 13 0
1201 14 0
1201 15 84
1201 16 2
1201 17 42
1201 18 11
1201 19 23
1201 20 0
1201 21 38
1201 22 37
1201 23 81
1201 24 26
1201 25 31
1201 26 0
1201 27 74
1201 28 75
1201 29 1
1201 30 37
1201 31 26
1201 32 0
1201 33 12
1201 34 12
1201 35 0
1201 36 0
1201 37 21
1201 38 88
1201 39 40
1201 40 40
1201 41 75
1201 42 71
1201 43 1
1201 44 15
1201 45 144
1201 46 0
1201 47 0
1201 48 0
1201 49 0
1201 50 0
1201 51 10
1201 52 117
1201 53 12
1201 54 109
1201 55 128
1201 56 271
1201 57 19
1201 58 94
1201 59 60
1201 60 14
1201 61 64
1201 62 37
1201 63 160
1201 64 59
1201 65 2
1201 66 27
1201 67 104
1201 68 16
1201 69 0
1201 70 18
1201 71 1
1201 72 0
1201 73 42
1201 74 120
1201 75 0
1201 76 11
1201 77 45
1201 78 4
1201 79 39
1201 80 0
1201 81 0
1201 82 40
1201 83 39
1201 84 81
1201 85 0
1201 86 48
1201 87 81
1201 88 5
1201 89 0
1201 90 0
1201 91 1
1201 92 0
1201 93 100
1201 94 0
1201 95 71
1226 1 11
1226 2 150
1226 3 0
1226 4 59
1226 5 0
1226 6 19
1226 7 30
1226 8 15
1226 9 97
1226 10 0
1226 11 0
1226 12 12
1226 13 0
1226 14 0
1226 15 89
1226 16 0
1226 17 39
1226 18 11
1226 19 23
1226 20 0
1226 21 45
1226 22 40
1226 23 81
1226 24 24
1226 25 38
1226 26 0
1226 27 82
1226 28 76
1226 29 0
1226 30 33
1226 31 33
1226 32 0
1226 33 21
1226 34 8
1226 35 0
1226 36 1
1226 37 15
1226 38 82
1226 39 25
1226 40 38
1226 41 77
1226 42 70
1226 43 0
1226 44 0
1226 45 136
1226 46 0
1226 47 0
1226 48 0
1226 49 0
1226 50 0
1226 51 18
1226 52 122
1226 53 0
1226 54 112
1226 55 117
1226 56 275
1226 57 20
1226 58 91
1226 59 52
1226 60 15
1226 61 48
1226 62 31
1226 63 145
1226 64 44
1226 65 0
1226 66 24
1226 67 93
1226 68 17
1226 69 0
1226 70 11
1226 71 9
1226 72 0
1226 73 15
1226 74 113
1226 75 0
1226 76 15
1226 77 35
1226 78 1
1226 79 40
1226 80 0
1226 81 0
1226 82 39
1226 83 38
1226 84 107
1226 85 0
1226 86 48
1226 87 67
1226 88 2
1226 89 0
1226 90 0
1226 91 0
1226 92 0
1226 93 104
1226 94 0
1226 95 60
1251 1 13
1251 2 135
1251 3 0
1251 4 66
1251 5 0
1251 6 19
1251 7 34
1251 8 14
1251 9 71
1251 10 0
1251 11 0
1251 12 10
1251 13 0
1251 14 0
1251 15 76
1251 16 1
1251 17 42
1251 18 17
1251 19 25
1251 20 0
1251 21 35
1251 22 39
1251 23 79
1251 24 18
1251 25 36
1251 26 0
1251 27 82
1251 28 69
1251 29 0
1251 30 36
1251 31 32
1251 32 0
1251 33 18
1251 34 15
1251 35 0
1251 36 0
1251 37 19
1251 38 91
1251 39 35
1251 40 39
1251 41 52
1251 42 65
1251 43 0
1251 44 0
1251 45 141
1251 46 0
1251 47 4
1251 48 1
1251 49 0
1251 50 0
1251 51 21
1251 52 111
1251 53 0
1251 54 110
1251 55 150
1251 56 251
1251 57 22
1251 58 89
1251 59 46
1251 60 17
1251 61 60
1251 62 30
1251 63 140
1251 64 58
1251 65 0
1251 66 19
1251 67 101
1251 68 20
1251 69 0
1251 70 20
1251 71 0
1251 72 1
1251 73 16
1251 74 110
1251 75 1
1251 76 9
1251 77 39
1251 78 2
1251 79 48
1251 80 0
1251 81 0
1251 82 44
1251 83 15
1251 84 99
1251 85 0
1251 86 52
1251 87 73
1251 88 6
1251 89 32
1251 90 0
1251 91 0
1251 92 0
1251 93 99
1251 94 0
1251 95 56
1276 1 14
1276 2 131
1276 3 0
1276 4 55
1276 5 0
1276 6 10
1276 7 42
1276 8 19
1276 9 95
1276 10 1
1276 11 0
1276 12 0
1276 13 0
1276 14 0
1276 15 92
1276 16 7
1276 17 42
1276 18 17
1276 19 23
1276 20 0
1276 21 38
1276 22 41
1276 23 91
1276 24 20
1276 25 16
1276 26 0
1276 27 85
1276 28 75
1276 29 1
1276 30 33
1276 31 29
1276 32 0
1276 33 17
1276 34 10
1276 35 0
1276 36 0
1276 37 19
1276 38 86
1276 39 40
1276 40 45
1276 41 41
1276 42 70
1276 43 0
1276 44 0
1276 45 140
1276 46 0
1276 47 0
1276 48 0
1276 49 0
1276 50 0
1276 51 13
1276 52 124
1276 53 0
1276 54 128
1276 55 151
1276 56 233
1276 57 22
1276 58 88
1276 59 53
1276 60 11
1276 61 54
1276 62 38
1276 63 149
1276 64 53
1276 65 0
1276 66 24
1276 67 92
1276 68 21
1276 69 0
1276 70 19
1276 71 0
1276 72 0
1276 73 22
1276 74 92
1276 75 0
1276 76 13
1276 77 48
1276 78 0
1276 79 44
1276 80 0
1276 81 0
1276 82 39
1276 83 33
1276 84 105
1276 85 1
1276 86 46
1276 87 56
1276 88 0
1276 89 40
1276 90 0
1276 91 2
1276 92 0
1276 93 113
1276 94 0
1276 95 61
1301 1 16
1301 2 137
1301 3 22
1301 4 60
1301 5 0
1301 6 21
1301 7 42
1301 8 13
1301 9 86
1301 10 0
1301 11 0
1301 12 0
1301 13 0
1301 14 0
1301 15 92
1301 16 11
1301 17 40
1301 18 21
1301 19 22
1301 20 0
1301 21 39
1301 22 42
1301 23 75
1301 24 24
1301 25 30
1301 26 0
1301 27 93
1301 28 74
1301 29 0
1301 30 35
1301 31 30
1301 32 0
1301 33 15
1301 34 16
1301 35 4
1301 36 0
1301 37 21
1301 38 87
1301 39 39
1301 40 35
1301 41 35
1301 42 76
1301 43 0
1301 44 0
1301 45 120
1301 46 0
1301 47 0
1301 48 0
1301 49 0
1301 50 1
1301 51 18
1301 52 128
1301 53 0
1301 54 130
1301 55 139
1301 56 251
1301 57 20
1301 58 88
1301 59 56
1301 60 19
1301 61 50
1301 62 37
1301 63 149
1301 64 58
1301 65 0
1301 66 25
1301 67 86
1301 68 18
1301 69 0
1301 70 13
1301 71 0
1301 72 0
1301 73 24
1301 74 95
1301 75 0
1301 76 0
1301 77 43
1301 78 0
1301 79 41
1301 80 0
1301 81 0
1301 82 42
1301 83 35
1301 84 99
1301 85 0
1301 86 35
1301 87 63
1301 88 3
1301 89 39
1301 90 0
1301 91 0
1301 92 0
1301 93 94
1301 94 0
1301 95 60
1326 1 16
1326 2 143
1326 3 20
1326 4 46
1326 5 0
1326 6 18
1326 7 39
1326 8 15
1326 9 89
1326 10 1
1326 11 0
1326 12 0
1326 13 0
1326 14 0
1326 15 80
1326 16 13
1326 17 40
1326 18 17
1326 19 23
1326 20 0
1326 21 36
1326 22 42
1326 23 78
1326 24 21
1326 25 29
1326 26 0
1326 27 99
1326 28 89
1326 29 0
1326 30 44
1326 31 30
1326 32 0
1326 33 23
1326 34 17
1326 35 1
1326 36 0
1326 37 19
1326 38 86
1326 39 38
1326 40 43
1326 41 40
1326 42 63
1326 43 0
1326 44 0
1326 45 119
1326 46 0
1326 47 0
1326 48 0
1326 49 0
1326 50 0
1326 51 17
1326 52 134
1326 53 0
1326 54 137
1326 55 140
1326 56 246
1326 57 21
1326 58 102
1326 59 38
1326 60 11
1326 61 46
1326 62 30
1326 63 135
1326 64 44
1326 65 0
1326 66 24
1326 67 96
1326 68 21
1326 69 0
1326 70 16
1326 71 0
1326 72 0
1326 73 31
1326 74 87
1326 75 0
1326 76 0
1326 77 37
1326 78 0
1326 79 30
1326 80 0
1326 81 0
1326 82 38
1326 83 37
1326 84 102
1326 85 0
1326 86 36
1326 87 70
1326 88 0
1326 89 39
1326 90 0
1326 91 0
1326 92 0
1326 93 96
1326 94 0
1326 95 61
1351 1 16
1351 2 136
1351 3 19
1351 4 53
1351 5 0
1351 6 40
1351 7 39
1351 8 10
1351 9 81
1351 10 0
1351 11 0
1351 12 8
1351 13 0
1351 14 0
1351 15 85
1351 16 10
1351 17 44
1351 18 19
1351 19 23
1351 20 0
1351 21 41
1351 22 37
1351 23 78
1351 24 21
1351 25 40
1351 26 0
1351 27 95
1351 28 96
1351 29 0
1351 30 30
1351 31 28
1351 32 0
1351 33 11
1351 34 0
1351 35 0
1351 36 0
1351 37 18
1351 38 80
1351 39 35
1351 40 45
1351 41 44
1351 42 72
1351 43 0
1351 44 1
1351 45 119
1351 46 0
1351 47 0
1351 48 0
1351 49 0
1351 50 0
1351 51 16
1351 52 119
1351 53 0
1351 54 127
1351 55 148
1351 56 235
1351 57 16
1351 58 74
1351 59 59
1351 60 21
1351 61 43
1351 62 35
1351 63 148
1351 64 35
1351 65 0
1351 66 26
1351 67 76
1351 68 17
1351 69 0
1351 70 11
1351 71 0
1351 72 0
1351 73 39
1351 74 77
1351 75 0
1351 76 1
1351 77 41
1351 78 0
1351 79 40
1351 80 0
1351 81 0
1351 82 37
1351 83 33
1351 84 89
1351 85 0
1351 86 41
1351 87 65
1351 88 0
1351 89 38
1351 90 0
1351 91 0
1351 92 0
1351 93 102
1351 94 0
1351 95 59
1376 1 3
1376 2 120
1376 3 17
1376 4 44
1376 5 0
1376 6 34
1376 7 60
1376 8 20
1376 9 82
1376 10 0
1376 11 0
1376 12 10
1376 13 3
1376 14 0
1376 15 91
1376 16 0
1376 17 40
1376 18 16
1376 19 20
1376 20 0
1376 21 32
1376 22 39
1376 23 76
1376 24 19
1376 25 41
1376 26 0
1376 27 86
1376 28 94
1376 29 0
1376 30 41
1376 31 30
1376 32 0
1376 33 15
1376 34 0
1376 35 0
1376 36 0
1376 37 20
1376 38 76
1376 39 42
1376 40 43
1376 41 54
1376 42 61
1376 43 0
1376 44 3
1376 45 124
1376 46 2
1376 47 0
1376 48 0
1376 49 0
1376 50 1
1376 51 18
1376 52 104
1376 53 0
1376 54 169
1376 55 147
1376 56 239
1376 57 21
1376 58 77
1376 59 45
1376 60 18
1376 61 44
1376 62 35
1376 63 146
1376 64 50
1376 65 1
1376 66 28
1376 67 63
1376 68 14
1376 69 0
1376 70 17
1376 71 0
1376 72 5
1376 73 41
1376 74 80
1376 75 0
1376 76 0
1376 77 40
1376 78 0
1376 79 44
1376 80 1
1376 81 13
1376 82 38
1376 83 36
1376 84 94
1376 85 0
1376 86 32
1376 87 78
1376 88 0
1376 89 41
1376 90 0
1376 91 0
1376 92 0
1376 93 100
1376 94 0
1376 95 54
1401 1 0
1401 2 105
1401 3 25
1401 4 19
1401 5 0
1401 6 41
1401 7 66
1401 8 10
1401 9 86
1401 10 30
1401 11 0
1401 12 8
1401 13 11
1401 14 0
1401 15 78
1401 16 0
1401 17 38
1401 18 23
1401 19 40
1401 20 0
1401 21 25
1401 22 43
1401 23 85
1401 24 22
1401 25 34
1401 26 1
1401 27 84
1401 28 82
1401 29 0
1401 30 36
1401 31 29
1401 32 0
1401 33 20
1401 34 0
1401 35 0
1401 36 0
1401 37 12
1401 38 84
1401 39 38
1401 40 54
1401 41 48
1401 42 63
1401 43 0
1401 44 0
1401 45 119
1401 46 0
1401 47 0
1401 48 0
1401 49 2
1401 50 0
1401 51 14
1401 52 111
1401 53 1
1401 54 169
1401 55 149
1401 56 238
1401 57 30
1401 58 90
1401 59 37
1401 60 18
1401 61 35
1401 62 33
1401 63 138
1401 64 48
1401 65 1
1401 66 26
1401 67 66
1401 68 13
1401 69 0
1401 70 16
1401 71 1
1401 72 0
1401 73 41
1401 74 81
1401 75 0
1401 76 1
1401 77 51
1401 78 0
1401 79 43
1401 80 0
1401 81 10
1401 82 39
1401 83 36
1401 84 96
1401 85 0
1401 86 39
1401 87 78
1401 88 0
1401 89 29
1401 90 0
1401 91 5
1401 92 0
1401 93 87
1401 94 0
1401 95 58
1426 1 0
1426 2 94
1426 3 15
1426 4 21
1426 5 0
1426 6 35
1426 7 79
1426 8 18
1426 9 87
1426 10 41
1426 11 0
1426 12 0
1426 13 21
1426 14 0
1426 15 79
1426 16 0
1426 17 40
1426 18 14
1426 19 41
1426 20 0
1426 21 25
1426 22 44
1426 23 67
1426 24 19
1426 25 33
1426 26 0
1426 27 108
1426 28 93
1426 29 0
1426 30 33
1426 31 33
1426 32 0
1426 33 22
1426 34 15
1426 35 0
1426 36 0
1426 37 23
1426 38 82
1426 39 30
1426 40 75
1426 41 50
1426 42 75
1426 43 0
1426 44 16
1426 45 119
1426 46 0
1426 47 2
1426 48 0
1426 49 0
1426 50 1
1426 51 12
1426 52 123
1426 53 0
1426 54 166
1426 55 168
1426 56 230
1426 57 19
1426 58 97
1426 59 28
1426 60 15
1426 61 22
1426 62 40
1426 63 126
1426 64 38
1426 65 0
1426 66 33
1426 67 54
1426 68 20
1426 69 0
1426 70 16
1426 71 0
1426 72 2
1426 73 31
1426 74 84
1426 75 0
1426 76 0
1426 77 51
1426 78 0
1426 79 41
1426 80 0
1426 81 10
1426 82 38
1426 83 46
1426 84 97
1426 85 0
1426 86 32
1426 87 59
1426 88 0
1426 89 40
1426 90 0
1426 91 0
1426 92 0
1426 93 90
1426 94 0
1426 95 46
1451 1 9
1451 2 91
1451 3 10
1451 4 16
1451 5 2
1451 6 44
1451 7 78
1451 8 11
1451 9 99
1451 10 45
1451 11 0
1451 12 0
1451 13 11
1451 14 0
1451 15 82
1451 16 0
1451 17 41
1451 18 20
1451 19 44
1451 20 0
1451 21 33
1451 22 28
1451 23 71
1451 24 8
1451 25 31
1451 26 0
1451 27 95
1451 28 92
1451 29 0
1451 30 30
1451 31 29
1451 32 0
1451 33 13
1451 34 16
1451 35 0
1451 36 1
1451 37 10
1451 38 80
1451 39 36
1451 40 71
1451 41 65
1451 42 71
1451 43 0
1451 44 12
1451 45 129
1451 46 0
1451 47 0
1451 48 0
1451 49 0
1451 50 0
1451 51 17
1451 52 109
1451 53 2
1451 54 186
1451 55 161
1451 56 230
1451 57 16
1451 58 96
1451 59 28
1451 60 1
1451 61 25
1451 62 38
1451 63 136
1451 64 46
1451 65 0
1451 66 30
1451 67 54
1451 68 15
1451 69 0
1451 70 16
1451 71 1
1451 72 0
1451 73 39
1451 74 83
1451 75 0
1451 76 0
1451 77 44
1451 78 0
1451 79 39
1451 80 0
1451 81 8
1451 82 40
1451 83 39
1451 84 96
1451 85 0
1451 86 36
1451 87 69
1451 88 0
1451 89 31
1451 90 0
1451 91 0
1451 92 0
1451 93 106
1451 94 0
1451 95 50
1476 1 15
1476 2 68
1476 3 18
1476 4 12
1476 5 2
1476 6 34
1476 7 82
1476 8 10
1476 9 104
1476 10 37
1476 11 0
1476 12 0
1476 13 16
1476 14 0
1476 15 80
1476 16 0
1476 17 43
1476 18 19
1476 19 39
1476 20 0
1476 21 35
1476 22 33
1476 23 65
1476 24 0
1476 25 43
1476 26 1
1476 27 101
1476 28 87
1476 29 0
1476 30 33
1476 31 34
1476 32 0
1476 33 21
1476 34 12
1476 35 0
1476 36 0
1476 37 17
1476 38 98
1476 39 41
1476 40 81
1476 41 74
1476 42 60
1476 43 0
1476 44 19
1476 45 116
1476 46 0
1476 47 0
1476 48 0
1476 49 0
1476 50 0
1476 51 13
1476 52 112
1476 53 0
1476 54 184
1476 55 168
1476 56 269
1476 57 20
1476 58 84
1476 59 32
1476 60 2
1476 61 27
1476 62 44
1476 63 130
1476 64 61
1476 65 1
1476 66 24
1476 67 45
1476 68 22
1476 69 0
1476 70 15
1476 71 0
1476 72 0
1476 73 36
1476 74 81
1476 75 0
1476 76 0
1476 77 34
1476 78 0
1476 79 40
1476 80 0
1476 81 0
1476 82 43
1476 83 33
1476 84 85
1476 85 2
1476 86 27
1476 87 69
1476 88 0
1476 89 40
1476 90 13
1476 91 0
1476 92 0
1476 93 92
1476 94 0
1476 95 47
1501 1 26
1501 2 34
1501 3 20
1501 4 9
1501 5 0
1501 6 35
1501 7 72
1501 8 1
1501 9 107
1501 10 37
1501 11 0
1501 12 0
1501 13 19
1501 14 0
1501 15 83
1501 16 3
1501 17 40
1501 18 15
1501 19 56
1501 20 5
1501 21 36
1501 22 33
1501 23 60
1501 24 0
1501 25 40
1501 26 0
1501 27 95
1501 28 115
1501 29 0
1501 30 30
1501 31 28
1501 32 3
1501 33 11
1501 34 15
1501 35 0
1501 36 2
1501 37 22
1501 38 75
1501 39 34
1501 40 84
1501 41 59
1501 42 67
1501 43 0
1501 44 13
1501 45 119
1501 46 1
1501 47 0
1501 48 0
1501 49 0
1501 50 0
1501 51 21
1501 52 97
1501 53 0
1501 54 199
1501 55 166
1501 56 264
1501 57 13
1501 58 94
1501 59 30
1501 60 14
1501 61 29
1501 62 29
1501 63 125
1501 64 49
1501 65 0
1501 66 22
1501 67 52
1501 68 11
1501 69 0
1501 70 10
1501 71 0
1501 72 1
1501 73 40
1501 74 80
1501 75 0
1501 76 20
1501 77 54
1501 78 0
1501 79 33
1501 80 0
1501 81 0
1501 82 42
1501 83 16
1501 84 89
1501 85 0
1501 86 35
1501 87 76
1501 88 0
1501 89 38
1501 90 33
1501 91 1
1501 92 0
1501 93 93
1501 94 0
1501 95 40
1526 1 36
1526 2 48
1526 3 15
1526 4 19
1526 5 0
1526 6 41
1526 7 74
1526 8 0
1526 9 111
1526 10 38
1526 11 0
1526 12 0
1526 13 10
1526 14 0
1526 15 84
1526 16 1
1526 17 77
1526 18 15
1526 19 41
1526 20 1
1526 21 38
1526 22 27
1526 23 42
1526 24 0
1526 25 37
1526 26 0
1526 27 90
1526 28 108
1526 29 0
1526 30 27
1526 31 10
1526 32 0
1526 33 22
1526 34 16
1526 35 1
1526 36 23
1526 37 5
1526 38 70
1526 39 45
1526 40 98
1526 41 41
1526 42 64
1526 43 0
1526 44 14
1526 45 136
1526 46 0
1526 47 2
1526 48 2
1526 49 0
1526 50 0
1526 51 4
1526 52 92
1526 53 0
1526 54 187
1526 55 151
1526 56 255
1526 57 0
1526 58 79
1526 59 39
1526 60 15
1526 61 33
1526 62 41
1526 63 136
1526 64 38
1526 65 0
1526 66 23
1526 67 60
1526 68 0
1526 69 0
1526 70 1
1526 71 0
1526 72 0
1526 73 41
1526 74 81
1526 75 0
1526 76 38
1526 77 36
1526 78 1
1526 79 38
1526 80 0
1526 81 0
1526 82 40
1526 83 19
1526 84 101
1526 85 0
1526 86 29
1526 87 68
1526 88 1
1526 89 43
1526 90 29
1526 91 0
1526 92 3
1526 93 99
1526 94 0
1526 95 39
1551 1 23
1551 2 27
1551 3 16
1551 4 0
1551 5 0
1551 6 37
1551 7 67
1551 8 0
1551 9 107
1551 10 37
1551 11 0
1551 12 0
1551 13 10
1551 14 11
1551 15 64
1551 16 0
1551 17 83
1551 18 19
1551 19 56
1551 20 7
1551 21 39
1551 22 21
1551 23 40
1551 24 0
1551 25 39
1551 26 0
1551 27 85
1551 28 121
1551 29 0
1551 30 31
1551 31 0
1551 32 0
1551 33 15
1551 34 16
1551 35 0
1551 36 23
1551 37 18
1551 38 76
1551 39 55
1551 40 82
1551 41 39
1551 42 79
1551 43 0
1551 44 52
1551 45 126
1551 46 0
1551 47 0
1551 48 0
1551 49 0
1551 50 9
1551 51 1
1551 52 70
1551 53 1
1551 54 213
1551 55 148
1551 56 270
1551 57 0
1551 58 58
1551 59 26
1551 60 16
1551 61 42
1551 62 37
1551 63 117
1551 64 66
1551 65 0
1551 66 19
1551 67 67
1551 68 1
1551 69 0
1551 70 0
1551 71 0
1551 72 0
1551 73 40
1551 74 81
1551 75 0
1551 76 32
1551 77 40
1551 78 0
1551 79 37
1551 80 18
1551 81 0
1551 82 30
1551 83 47
1551 84 92
1551 85 0
1551 86 33
1551 87 61
1551 88 0
1551 89 35
1551 90 37
1551 91 0
1551 92 0
1551 93 100
1551 94 0
1551 95 42
1576 1 24
1576 2 37
1576 3 22
1576 4 0
1576 5 0
1576 6 38
1576 7 67
1576 8 0
1576 9 105
1576 10 38
1576 11 1
1576 12 0
1576 13 9
1576 14 15
1576 15 87
1576 16 1
1576 17 80
1576 18 30
1576 19 52
1576 20 0
1576 21 36
1576 22 29
1576 23 40
1576 24 0
1576 25 28
1576 26 0
1576 27 79
1576 28 119
1576 29 2
1576 30 30
1576 31 4
1576 32 0
1576 33 17
1576 34 26
1576 35 1
1576 36 20
1576 37 10
1576 38 91
1576 39 25
1576 40 81
1576 41 41
1576 42 66
1576 43 0
1576 44 41
1576 45 125
1576 46 0
1576 47 0
1576 48 0
1576 49 0
1576 50 0
1576 51 0
1576 52 53
1576 53 0
1576 54 192
1576 55 152
1576 56 253
1576 57 2
1576 58 47
1576 59 33
1576 60 18
1576 61 20
1576 62 28
1576 63 125
1576 64 58
1576 65 0
1576 66 23
1576 67 37
1576 68 21
1576 69 0
1576 70 0
1576 71 0
1576 72 0
1576 73 38
1576 74 82
1576 75 0
1576 76 36
1576 77 42
1576 78 0
1576 79 31
1576 80 18
1576 81 7
1576 82 42
1576 83 61
1576 84 88
1576 85 0
1576 86 30
1576 87 68
1576 88 0
1576 89 29
1576 90 31
1576 91 0
1576 92 0
1576 93 125
1576 94 0
1576 95 47
1601 1 25
1601 2 42
1601 3 26
1601 4 0
1601 5 0
1601 6 35
1601 7 82
1601 8 0
1601 9 107
1601 10 34
1601 11 1
1601 12 0
1601 13 12
1601 14 10
1601 15 79
1601 16 0
1601 17 80
1601 18 43
1601 19 52
1601 20 0
1601 21 38
1601 22 42
1601 23 51
1601 24 0
1601 25 35
1601 26 0
1601 27 89
1601 28 128
1601 29 0
1601 30 32
1601 31 0
1601 32 0
1601 33 24
1601 34 25
1601 35 7
1601 36 21
1601 37 16
1601 38 83
1601 39 15
1601 40 75
1601 41 37
1601 42 54
1601 43 0
1601 44 43
1601 45 130
1601 46 0
1601 47 1
1601 48 0
1601 49 0
1601 50 0
1601 51 0
1601 52 45
1601 53 0
1601 54 193
1601 55 161
1601 56 249
1601 57 0
1601 58 70
1601 59 33
1601 60 17
1601 61 17
1601 62 21
1601 63 128
1601 64 47
1601 65 0
1601 66 25
1601 67 42
1601 68 19
1601 69 0
1601 70 0
1601 71 0
1601 72 0
1601 73 40
1601 74 81
1601 75 0
1601 76 31
1601 77 46
1601 78 0
1601 79 35
1601 80 17
1601 81 15
1601 82 40
1601 83 61
1601 84 78
1601 85 0
1601 86 51
1601 87 78
1601 88 0
1601 89 16
1601 90 36
1601 91 0
1601 92 1
1601 93 135
1601 94 0
1601 95 42
1626 1 28
1626 2 41
1626 3 22
1626 4 0
1626 5 0
1626 6 38
1626 7 72
1626 8 0
1626 9 112
1626 10 42
1626 11 1
1626 12 0
1626 13 10
1626 14 9
1626 15 122
1626 16 0
1626 17 79
1626 18 32
1626 19 48
1626 20 0
1626 21 40
1626 22 51
1626 23 31
1626 24 0
1626 25 32
1626 26 0
1626 27 77
1626 28 135
1626 29 0
1626 30 28
1626 31 0
1626 32 0
1626 33 28
1626 34 21
1626 35 12
1626 36 22
1626 37 18
1626 38 85
1626 39 18
1626 40 83
1626 41 40
1626 42 77
1626 43 0
1626 44 52
1626 45 120
1626 46 0
1626 47 0
1626 48 0
1626 49 0
1626 50 0
1626 51 0
1626 52 39
1626 53 0
1626 54 207
1626 55 196
1626 56 249
1626 57 0
1626 58 67
1626 59 17
1626 60 17
1626 61 19
1626 62 17
1626 63 106
1626 64 47
1626 65 0
1626 66 31
1626 67 31
1626 68 9
1626 69 0
1626 70 0
1626 71 1
1626 72 0
1626 73 41
1626 74 79
1626 75 0
1626 76 41
1626 77 45
1626 78 0
1626 79 38
1626 80 13
1626 81 13
1626 82 48
1626 83 75
1626 84 86
1626 85 3
1626 86 49
1626 87 50
1626 88 0
1626 89 0
1626 90 39
1626 91 0
1626 92 0
1626 93 132
1626 94 0
1626 95 41
1651 1 23
1651 2 40
1651 3 18
1651 4 0
1651 5 0
1651 6 44
1651 7 68
1651 8 0
1651 9 111
1651 10 39
1651 11 13
1651 12 0
1651 13 0
1651 14 15
1651 15 116
1651 16 0
1651 17 90
1651 18 30
1651 19 40
1651 20 0
1651 21 38
1651 22 39
1651 23 39
1651 24 0
1651 25 26
1651 26 0
1651 27 54
1651 28 124
1651 29 0
1651 30 33
1651 31 0
1651 32 0
1651 33 23
1651 34 32
1651 35 8
1651 36 22
1651 37 19
1651 38 80
1651 39 21
1651 40 90
1651 41 39
1651 42 82
1651 43 0
1651 44 47
1651 45 127
1651 46 0
1651 47 0
1651 48 0
1651 49 1
1651 50 0
1651 51 0
1651 52 40
1651 53 0
1651 54 204
1651 55 214
1651 56 252
1651 57 0
1651 58 76
1651 59 14
1651 60 30
1651 61 22
1651 62 16
1651 63 104
1651 64 42
1651 65 0
1651 66 32
1651 67 41
1651 68 20
1651 69 0
1651 70 0
1651 71 0
1651 72 0
1651 73 36
1651 74 76
1651 75 10
1651 76 40
1651 77 39
1651 78 0
1651 79 30
1651 80 19
1651 81 9
1651 82 39
1651 83 63
1651 84 78
1651 85 0
1651 86 61
1651 87 61
1651 88 0
1651 89 0
1651 90 36
1651 91 0
1651 92 0
1651 93 132
1651 94 0
1651 95 41
1676 1 24
1676 2 41
1676 3 16
1676 4 0
1676 5 3
1676 6 34
1676 7 61
1676 8 0
1676 9 118
1676 10 36
1676 11 3
1676 12 0
1676 13 0
1676 14 14
1676 15 117
1676 16 0
1676 17 113
1676 18 49
1676 19 45
1676 20 0
1676 21 36
1676 22 38
1676 23 38
1676 24 0
1676 25 23
1676 26 0
1676 27 50
1676 28 106
1676 29 0
1676 30 29
1676 31 0
1676 32 0
1676 33 19
1676 34 26
1676 35 9
1676 36 39
1676 37 22
1676 38 91
1676 39 17
1676 40 74
1676 41 41
1676 42 63
1676 43 0
1676 44 44
1676 45 130
1676 46 0
1676 47 0
1676 48 0
1676 49 0
1676 50 0
1676 51 0
1676 52 46
1676 53 0
1676 54 195
1676 55 236
1676 56 259
1676 57 1
1676 58 104
1676 59 10
1676 60 38
1676 61 16
1676 62 20
1676 63 97
1676 64 38
1676 65 0
1676 66 26
1676 67 16
1676 68 20
1676 69 0
1676 70 0
1676 71 0
1676 72 0
1676 73 9
1676 74 78
1676 75 13
1676 76 34
1676 77 39
1676 78 0
1676 79 44
1676 80 14
1676 81 16
1676 82 42
1676 83 54
1676 84 59
1676 85 1
1676 86 31
1676 87 73
1676 88 0
1676 89 0
1676 90 36
1676 91 0
1676 92 0
1676 93 115
1676 94 0
1676 95 42
1701 1 31
1701 2 40
1701 3 18
1701 4 0
1701 5 3
1701 6 38
1701 7 62
1701 8 0
1701 9 104
1701 10 37
1701 11 0
1701 12 0
1701 13 0
1701 14 16
1701 15 125
1701 16 0
1701 17 91
1701 18 57
1701 19 35
1701 20 0
1701 21 37
1701 22 47
1701 23 41
1701 24 0
1701 25 37
1701 26 0
1701 27 44
1701 28 129
1701 29 0
1701 30 21
1701 31 0
1701 32 0
1701 33 15
1701 34 37
1701 35 9
1701 36 38
1701 37 16
1701 38 79
1701 39 20
1701 40 84
1701 41 53
1701 42 53
1701 43 0
1701 44 60
1701 45 114
1701 46 0
1701 47 3
1701 48 0
1701 49 0
1701 50 0
1701 51 1
1701 52 42
1701 53 0
1701 54 183
1701 55 215
1701 56 236
1701 57 0
1701 58 95
1701 59 14
1701 60 33
1701 61 22
1701 62 19
1701 63 100
1701 64 43
1701 65 0
1701 66 29
1701 67 16
1701 68 14
1701 69 0
1701 70 0
1701 71 1
1701 72 0
1701 73 0
1701 74 81
1701 75 17
1701 76 32
1701 77 49
1701 78 0
1701 79 55
1701 80 15
1701 81 16
1701 82 42
1701 83 54
1701 84 83
1701 85 0
1701 86 27
1701 87 104
1701 88 0
1701 89 0
1701 90 38
1701 91 0
1701 92 0
1701 93 119
1701 94 0
1701 95 37
1726 1 27
1726 2 31
1726 3 24
1726 4 1
1726 5 0
1726 6 24
1726 7 40
1726 8 13
1726 9 108
1726 10 41
1726 11 0
1726 12 6
1726 13 1
1726 14 13
1726 15 121
1726 16 0
1726 17 77
1726 18 49
1726 19 37
1726 20 1
1726 21 41
1726 22 48
1726 23 41
1726 24 6
1726 25 38
1726 26 0
1726 27 41
1726 28 113
1726 29 0
1726 30 30
1726 31 0
1726 32 0
1726 33 16
1726 34 15
1726 35 8
1726 36 46
1726 37 19
1726 38 97
1726 39 16
1726 40 78
1726 41 70
1726 42 76
1726 43 0
1726 44 68
1726 45 111
1726 46 0
1726 47 17
1726 48 0
1726 49 0
1726 50 12
1726 51 0
1726 52 40
1726 53 0
1726 54 198
1726 55 236
1726 56 244
1726 57 0
1726 58 98
1726 59 16
1726 60 28
1726 61 16
1726 62 18
1726 63 85
1726 64 39
1726 65 0
1726 66 25
1726 67 24
1726 68 19
1726 69 0
1726 70 1
1726 71 0
1726 72 0
1726 73 0
1726 74 81
1726 75 18
1726 76 37
1726 77 39
1726 78 0
1726 79 38
1726 80 13
1726 81 17
1726 82 45
1726 83 65
1726 84 59
1726 85 0
1726 86 22
1726 87 100
1726 88 0
1726 89 0
1726 90 42
1726 91 2
1726 92 0
1726 93 104
1726 94 3
1726 95 39
1751 1 36
1751 2 40
1751 3 21
1751 4 0
1751 5 0
1751 6 18
1751 7 33
1751 8 13
1751 9 103
1751 10 37
1751 11 1
1751 12 2
1751 13 0
1751 14 18
1751 15 113
1751 16 0
1751 17 73
1751 18 42
1751 19 25
1751 20 0
1751 21 45
1751 22 37
1751 23 40
1751 24 18
1751 25 36
1751 26 0
1751 27 14
1751 28 118
1751 29 3
1751 30 38
1751 31 0
1751 32 0
1751 33 18
1751 34 10
1751 35 17
1751 36 45
1751 37 17
1751 38 69
1751 39 12
1751 40 92
1751 41 66
1751 42 68
1751 43 2
1751 44 63
1751 45 121
1751 46 0
1751 47 18
1751 48 0
1751 49 0
1751 50 22
1751 51 0
1751 52 38
1751 53 0
1751 54 177
1751 55 204
1751 56 267
1751 57 0
1751 58 85
1751 59 14
1751 60 43
1751 61 19
1751 62 18
1751 63 98
1751 64 42
1751 65 0
1751 66 24
1751 67 20
1751 68 19
1751 69 0
1751 70 0
1751 71 0
1751 72 0
1751 73 0
1751 74 80
1751 75 10
1751 76 35
1751 77 26
1751 78 2
1751 79 34
1751 80 14
1751 81 21
1751 82 76
1751 83 60
1751 84 89
1751 85 0
1751 86 19
1751 87 101
1751 88 0
1751 89 1
1751 90 40
1751 91 24
1751 92 0
1751 93 85
1751 94 4
1751 95 37
1776 1 30
1776 2 41
1776 3 23
1776 4 0
1776 5 1
1776 6 17
1776 7 40
1776 8 19
1776 9 124
1776 10 32
1776 11 0
1776 12 1
1776 13 0
1776 14 10
1776 15 120
1776 16 0
1776 17 80
1776 18 55
1776 19 44
1776 20 0
1776 21 33
1776 22 38
1776 23 41
1776 24 4
1776 25 37
1776 26 0
1776 27 2
1776 28 115
1776 29 0
1776 30 20
1776 31 0
1776 32 0
1776 33 22
1776 34 19
1776 35 14
1776 36 73
1776 37 31
1776 38 77
1776 39 19
1776 40 86
1776 41 89
1776 42 61
1776 43 0
1776 44 61
1776 45 118
1776 46 0
1776 47 20
1776 48 0
1776 49 0
1776 50 15
1776 51 0
1776 52 44
1776 53 0
1776 54 174
1776 55 195
1776 56 268
1776 57 0
1776 58 99
1776 59 12
1776 60 36
1776 61 15
1776 62 16
1776 63 95
1776 64 38
1776 65 0
1776 66 26
1776 67 18
1776 68 11
1776 69 0
1776 70 0
1776 71 1
1776 72 0
1776 73 0
1776 74 78
1776 75 17
1776 76 40
1776 77 20
1776 78 0
1776 79 31
1776 80 0
1776 81 19
1776 82 76
1776 83 63
1776 84 86
1776 85 0
1776 86 17
1776 87 126
1776 88 0
1776 89 0
1776 90 41
1776 91 12
1776 92 0
1776 93 97
1776 94 0
1776 95 42
1801 1 29
1801 2 42
1801 3 17
1801 4 0
1801 5 0
1801 6 22
1801 7 36
1801 8 13
1801 9 131
1801 10 41
1801 11 0
1801 12 2
1801 13 0
1801 14 10
1801 15 115
1801 16 0
1801 17 76
1801 18 56
1801 19 38
1801 20 0
1801 21 40
1801 22 38
1801 23 39
1801 24 6
1801 25 20
1801 26 5
1801 27 2
1801 28 119
1801 29 0
1801 30 11
1801 31 0
1801 32 0
1801 33 56
1801 34 19
1801 35 9
1801 36 58
1801 37 11
1801 38 75
1801 39 19
1801 40 86
1801 41 107
1801 42 58
1801 43 0
1801 44 33
1801 45 126
1801 46 0
1801 47 21
1801 48 0
1801 49 0
1801 50 16
1801 51 0
1801 52 48
1801 53 0
1801 54 171
1801 55 213
1801 56 245
1801 57 1
1801 58 95
1801 59 16
1801 60 40
1801 61 22
1801 62 21
1801 63 91
1801 64 29
1801 65 0
1801 66 24
1801 67 17
1801 68 20
1801 69 0
1801 70 2
1801 71 13
1801 72 0
1801 73 2
1801 74 77
1801 75 21
1801 76 52
1801 77 29
1801 78 0
1801 79 46
1801 80 7
1801 81 22
1801 82 78
1801 83 64
1801 84 84
1801 85 0
1801 86 20
1801 87 108
1801 88 5
1801 89 1
1801 90 40
1801 91 0
1801 92 0
1801 93 71
1801 94 0
1801 95 44
1826 1 32
1826 2 38
1826 3 19
1826 4 0
1826 5 1
1826 6 20
1826 7 30
1826 8 11
1826 9 128
1826 10 40
1826 11 0
1826 12 0
1826 13 0
1826 14 10
1826 15 128
1826 16 0
1826 17 70
1826 18 30
1826 19 44
1826 20 0
1826 21 37
1826 22 25
1826 23 44
1826 24 0
1826 25 20
1826 26 0
1826 27 0
1826 28 128
1826 29 0
1826 30 18
1826 31 0
1826 32 0
1826 33 63
1826 34 34
1826 35 12
1826 36 67
1826 37 16
1826 38 69
1826 39 15
1826 40 90
1826 41 106
1826 42 68
1826 43 0
1826 44 26
1826 45 114
1826 46 1
1826 47 19
1826 48 0
1826 49 0
1826 50 12
1826 51 0
1826 52 46
1826 53 3
1826 54 199
1826 55 218
1826 56 229
1826 57 0
1826 58 66
1826 59 52
1826 60 26
1826 61 10
1826 62 15
1826 63 91
1826 64 42
1826 65 0
1826 66 22
1826 67 18
1826 68 10
1826 69 0
1826 70 16
1826 71 13
1826 72 0
1826 73 0
1826 74 82
1826 75 30
1826 76 38
1826 77 44
1826 78 0
1826 79 42
1826 80 0
1826 81 17
1826 82 78
1826 83 59
1826 84 89
1826 85 0
1826 86 19
1826 87 110
1826 88 0
1826 89 1
1826 90 38
1826 91 2
1826 92 0
1826 93 70
1826 94 0
1826 95 39
1851 1 37
1851 2 41
1851 3 13
1851 4 2
1851 5 0
1851 6 5
1851 7 34
1851 8 13
1851 9 128
1851 10 38
1851 11 2
1851 12 0
1851 13 0
1851 14 19
1851 15 128
1851 16 0
1851 17 68
1851 18 27
1851 19 42
1851 20 1
1851 21 39
1851 22 29
1851 23 35
1851 24 0
1851 25 6
1851 26 0
1851 27 0
1851 28 102
1851 29 0
1851 30 16
1851 31 0
1851 32 0
1851 33 65
1851 34 29
1851 35 16
1851 36 70
1851 37 16
1851 38 85
1851 39 38
1851 40 77
1851 41 102
1851 42 60
1851 43 0
1851 44 20
1851 45 119
1851 46 0
1851 47 15
1851 48 0
1851 49 0
1851 50 11
1851 51 0
1851 52 79
1851 53 21
1851 54 194
1851 55 214
1851 56 219
1851 57 0
1851 58 59
1851 59 58
1851 60 39
1851 61 21
1851 62 20
1851 63 95
1851 64 39
1851 65 0
1851 66 30
1851 67 19
1851 68 18
1851 69 0
1851 70 10
1851 71 15
1851 72 0
1851 73 0
1851 74 79
1851 75 43
1851 76 47
1851 77 34
1851 78 0
1851 79 39
1851 80 1
1851 81 19
1851 82 78
1851 83 55
1851 84 80
1851 85 0
1851 86 17
1851 87 123
1851 88 0
1851 89 0
1851 90 39
1851 91 0
1851 92 0
1851 93 51
1851 94 0
1851 95 42
1876 1 18
1876 2 57
1876 3 18
1876 4 0
1876 5 0
1876 6 6
1876 7 19
1876 8 11
1876 9 135
1876 10 37
1876 11 0
1876 12 0
1876 13 0
1876 14 17
1876 15 179
1876 16 0
1876 17 51
1876 18 34
1876 19 38
1876 20 0
1876 21 37
1876 22 49
1876 23 44
1876 24 0
1876 25 6
1876 26 0
1876 27 0
1876 28 111
1876 29 2
1876 30 6
1876 31 0
1876 32 0
1876 33 85
1876 34 29
1876 35 4
1876 36 77
1876 37 19
1876 38 56
1876 39 32
1876 40 77
1876 41 101
1876 42 69
1876 43 0
1876 44 18
1876 45 125
1876 46 0
1876 47 21
1876 48 1
1876 49 0
1876 50 15
1876 51 0
1876 52 86
1876 53 30
1876 54 184
1876 55 240
1876 56 217
1876 57 0
1876 58 54
1876 59 64
1876 60 24
1876 61 20
1876 62 19
1876 63 94
1876 64 32
1876 65 0
1876 66 33
1876 67 20
1876 68 12
1876 69 0
1876 70 19
1876 71 16
1876 72 0
1876 73 1
1876 74 84
1876 75 40
1876 76 35
1876 77 20
1876 78 0
1876 79 35
1876 80 1
1876 81 14
1876 82 70
1876 83 59
1876 84 94
1876 85 0
1876 86 16
1876 87 106
1876 88 0
1876 89 0
1876 90 41
1876 91 0
1876 92 0
1876 93 42
1876 94 0
1876 95 41
1901 1 29
1901 2 68
1901 3 29
1901 4 0
1901 5 0
1901 6 0
1901 7 1
1901 8 11
1901 9 134
1901 10 43
1901 11 0
1901 12 0
1901 13 0
1901 14 9
1901 15 188
1901 16 0
1901 17 46
1901 18 36
1901 19 49
1901 20 0
1901 21 38
1901 22 43
1901 23 46
1901 24 1
1901 25 16
1901 26 0
1901 27 0
1901 28 114
1901 29 0
1901 30 0
1901 31 0
1901 32 0
1901 33 103
1901 34 14
1901 35 1
1901 36 90
1901 37 9
1901 38 51
1901 39 37
1901 40 108
1901 41 62
1901 42 59
1901 43 0
1901 44 19
1901 45 129
1901 46 0
1901 47 15
1901 48 1
1901 49 0
1901 50 7
1901 51 0
1901 52 83
1901 53 39
1901 54 183
1901 55 244
1901 56 216
1901 57 0
1901 58 51
1901 59 45
1901 60 29
1901 61 18
1901 62 30
1901 63 87
1901 64 49
1901 65 0
1901 66 28
1901 67 23
1901 68 14
1901 69 1
1901 70 19
1901 71 12
1901 72 0
1901 73 0
1901 74 82
1901 75 42
1901 76 36
1901 77 20
1901 78 0
1901 79 38
1901 80 0
1901 81 13
1901 82 46
1901 83 53
1901 84 120
1901 85 0
1901 86 21
1901 87 117
1901 88 0
1901 89 24
1901 90 42
1901 91 0
1901 92 0
1901 93 44
1901 94 0
1901 95 39
1926 1 26
1926 2 68
1926 3 33
1926 4 0
1926 5 0
1926 6 0
1926 7 1
1926 8 3
1926 9 122
1926 10 39
1926 11 0
1926 12 0
1926 13 0
1926 14 16
1926 15 195
1926 16 0
1926 17 42
1926 18 38
1926 19 41
1926 20 2
1926 21 41
1926 22 39
1926 23 43
1926 24 0
1926 25 17
1926 26 0
1926 27 0
1926 28 94
1926 29 0
1926 30 0
1926 31 0
1926 32 0
1926 33 93
1926 34 11
1926 35 0
1926 36 79
1926 37 18
1926 38 47
1926 39 33
1926 40 90
1926 41 43
1926 42 72
1926 43 0
1926 44 20
1926 45 117
1926 46 1
1926 47 26
1926 48 1
1926 49 0
1926 50 19
1926 51 0
1926 52 74
1926 53 37
1926 54 187
1926 55 229
1926 56 225
1926 57 0
1926 58 67
1926 59 50
1926 60 28
1926 61 14
1926 62 36
1926 63 92
1926 64 42
1926 65 0
1926 66 28
1926 67 20
1926 68 17
1926 69 1
1926 70 16
1926 71 17
1926 72 1
1926 73 0
1926 74 80
1926 75 46
1926 76 34
1926 77 19
1926 78 0
1926 79 36
1926 80 0
1926 81 4
1926 82 63
1926 83 44
1926 84 123
1926 85 0
1926 86 14
1926 87 133
1926 88 0
1926 89 21
1926 90 39
1926 91 7
1926 92 0
1926 93 39
1926 94 0
1926 95 45
1951 1 27
1951 2 76
1951 3 38
1951 4 0
1951 5 1
1951 6 1
1951 7 0
1951 8 0
1951 9 146
1951 10 43
1951 11 0
1951 12 0
1951 13 0
1951 14 15
1951 15 176
1951 16 0
1951 17 40
1951 18 32
1951 19 46
1951 20 4
1951 21 37
1951 22 62
1951 23 40
1951 24 0
1951 25 18
1951 26 0
1951 27 0
1951 28 81
1951 29 0
1951 30 0
1951 31 0
1951 32 0
1951 33 96
1951 34 12
1951 35 0
1951 36 91
1951 37 20
1951 38 50
1951 39 42
1951 40 107
1951 41 42
1951 42 53
1951 43 1
1951 44 24
1951 45 123
1951 46 1
1951 47 40
1951 48 0
1951 49 0
1951 50 28
1951 51 2
1951 52 87
1951 53 35
1951 54 166
1951 55 242
1951 56 203
1951 57 0
1951 58 70
1951 59 51
1951 60 40
1951 61 18
1951 62 30
1951 63 91
1951 64 45
1951 65 0
1951 66 23
1951 67 20
1951 68 15
1951 69 0
1951 70 0
1951 71 9
1951 72 0
1951 73 0
1951 74 78
1951 75 52
1951 76 51
1951 77 21
1951 78 0
1951 79 31
1951 80 0
1951 81 0
1951 82 75
1951 83 55
1951 84 133
1951 85 0
1951 86 17
1951 87 121
1951 88 0
1951 89 3
1951 90 38
1951 91 2
1951 92 0
1951 93 46
1951 94 0
1951 95 27
1976 1 22
1976 2 73
1976 3 48
1976 4 0
1976 5 0
1976 6 0
1976 7 0
1976 8 0
1976 9 136
1976 10 31
1976 11 0
1976 12 0
1976 13 0
1976 14 27
1976 15 172
1976 16 1
1976 17 41
1976 18 31
1976 19 51
1976 20 8
1976 21 46
1976 22 78
1976 23 41
1976 24 0
1976 25 10
1976 26 0
1976 27 5
1976 28 59
1976 29 1
1976 30 0
1976 31 0
1976 32 1
1976 33 111
1976 34 12
1976 35 0
1976 36 84
1976 37 18
1976 38 51
1976 39 35
1976 40 96
1976 41 41
1976 42 64
1976 43 0
1976 44 43
1976 45 124
1976 46 0
1976 47 41
1976 48 0
1976 49 0
1976 50 20
1976 51 0
1976 52 82
1976 53 38
1976 54 183
1976 55 230
1976 56 222
1976 57 0
1976 58 83
1976 59 37
1976 60 31
1976 61 16
1976 62 14
1976 63 88
1976 64 35
1976 65 0
1976 66 19
1976 67 18
1976 68 20
1976 69 0
1976 70 0
1976 71 3
1976 72 0
1976 73 0
1976 74 77
1976 75 42
1976 76 50
1976 77 20
1976 78 0
1976 79 40
1976 80 6
1976 81 0
1976 82 80
1976 83 46
1976 84 123
1976 85 0
1976 86 22
1976 87 103
1976 88 1
1976 89 0
1976 90 39
1976 91 0
1976 92 0
1976 93 42
1976 94 0
1976 95 15
