1 1 108
1 2 109
1 3 136
1 4 128
1 5 116
1 6 121
1 7 122
1 8 131
1 9 108
1 10 107
1 11 103
1 12 87
1 13 127
1 14 120
1 15 112
1 16 120
1 17 107
1 18 125
1 19 130
1 20 121
1 21 118
1 22 103
1 23 120
1 24 111
1 25 102
1 26 110
1 27 116
1 28 90
1 29 110
1 30 115
1 31 128
1 32 117
1 33 111
1 34 118
1 35 139
1 36 116
1 37 99
1 38 122
1 39 129
1 40 102
1 41 131
1 42 113
1 43 131
1 44 119
1 45 114
1 46 123
1 47 102
1 48 125
1 49 130
1 50 109
1 51 97
1 52 125
1 53 117
1 54 117
1 55 128
1 56 135
1 57 121
1 58 114
1 59 124
1 60 106
1 61 123
1 62 123
1 63 119
1 64 138
1 65 125
1 66 121
1 67 123
1 68 115
1 69 117
1 70 96
1 71 116
1 72 127
1 73 108
1 74 101
1 75 127
1 76 129
1 77 119
1 78 117
1 79 112
1 80 103
1 81 102
1 82 133
1 83 128
1 84 122
1 85 114
1 86 132
1 87 109
1 88 127
1 89 117
1 90 130
1 91 123
1 92 120
1 93 132
1 94 133
1 95 130
26 1 7
26 2 4
26 3 35
26 4 18
26 5 110
26 6 4
26 7 111
26 8 6
26 9 19
26 10 8
26 11 46
26 12 6
26 13 269
26 14 12
26 15 7
26 16 8
26 17 5
26 18 296
26 19 9
26 20 2
26 21 0
26 22 137
26 23 157
26 24 21
26 25 5
26 26 63
26 27 8
26 28 1
26 29 34
26 30 15
26 31 54
26 32 1
26 33 7
26 34 5
26 35 162
26 36 4
26 37 0
26 38 7
26 39 197
26 40 75
26 41 215
26 42 99
26 43 204
26 44 7
26 45 17
26 46 51
26 47 67
26 48 10
26 49 25
26 50 9
26 51 10
26 52 33
26 53 15
26 54 26
26 55 17
26 56 12
26 57 388
26 58 3
26 59 8
26 60 6
26 61 92
26 62 13
26 63 121
26 64 6
26 65 2
26 66 29
26 67 275
26 68 3
26 69 7
26 70 22
26 71 58
26 72 26
26 73 167
26 74 10
26 75 37
26 76 31
26 77 72
26 78 12
26 79 44
26 80 14
26 81 3
26 82 9
26 83 5
26 84 12
26 85 39
26 86 8
26 87 115
26 88 4
26 89 241
26 90 18
26 91 3
26 92 6
26 93 3
26 94 57
26 95 68
51 1 1
51 2 0
51 3 7
51 4 3
51 5 180
51 6 0
51 7 82
51 8 2
51 9 0
51 10 2
51 11 49
51 12 0
51 13 455
51 14 1
51 15 0
51 16 1
51 17 0
51 18 560
51 19 0
51 20 0
51 21 0
51 22 145
51 23 132
51 24 3
51 25 0
51 26 95
51 27 1
51 28 0
51 29 17
51 30 1
51 31 20
51 32 0
51 33 0
51 34 0
51 35 195
51 36 1
51 37 0
51 38 2
51 39 236
51 40 105
51 41 158
51 42 71
51 43 158
51 44 2
51 45 1
51 46 23
51 47 101
51 48 3
51 49 2
51 50 6
51 51 9
51 52 18
51 53 1
51 54 5
51 55 0
51 56 2
51 57 459
51 58 0
51 59 0
51 60 0
51 61 173
51 62 0
51 63 203
51 64 0
51 65 0
51 66 0
51 67 304
51 68 0
51 69 0
51 70 16
51 71 56
51 72 1
51 73 183
51 74 0
51 75 14
51 76 3
51 77 68
51 78 0
51 79 5
51 80 0
51 81 0
51 82 0
51 83 0
51 84 0
51 85 25
51 86 0
51 87 229
51 88 0
51 89 416
51 90 0
51 91 0
51 92 0
51 93 0
51 94 21
51 95 105
76 1 0
76 2 0
76 3 1
76 4 0
76 5 212
76 6 0
76 7 71
76 8 0
76 9 0
76 10 0
76 11 14
76 12 0
76 13 497
76 14 0
76 15 0
76 16 0
76 17 0
76 18 571
76 19 0
76 20 0
76 21 0
76 22 180
76 23 162
76 24 0
76 25 0
76 26 103
76 27 0
76 28 0
76 29 2
76 30 0
76 31 18
76 32 0
76 33 0
76 34 0
76 35 263
76 36 0
76 37 0
76 38 0
76 39 269
76 40 79
76 41 157
76 42 74
76 43 162
76 44 0
76 45 2
76 46 15
76 47 86
76 48 0
76 49 0
76 50 0
76 51 1
76 52 5
76 53 0
76 54 0
76 55 0
76 56 0
76 57 348
76 58 0
76 59 0
76 60 0
76 61 164
76 62 0
76 63 219
76 64 0
76 65 0
76 66 0
76 67 364
76 68 0
76 69 0
76 70 22
76 71 43
76 72 0
76 73 166
76 74 0
76 75 5
76 76 0
76 77 50
76 78 0
76 79 24
76 80 0
76 81 0
76 82 0
76 83 0
76 84 0
76 85 11
76 86 0
76 87 230
76 88 0
76 89 473
76 90 0
76 91 0
76 92 0
76 93 0
76 94 8
76 95 97
101 1 0
101 2 0
101 3 0
101 4 0
101 5 247
101 6 0
101 7 22
101 8 0
101 9 0
101 10 0
101 11 1
101 12 0
101 13 510
101 14 0
101 15 0
101 16 0
101 17 0
101 18 569
101 19 0
101 20 0
101 21 0
101 22 222
101 23 171
101 24 0
101 25 0
101 26 111
101 27 0
101 28 0
101 29 0
101 30 0
101 31 0
101 32 0
101 33 0
101 34 0
101 35 294
101 36 0
101 37 0
101 38 0
101 39 281
101 40 79
101 41 153
101 42 42
101 43 174
101 44 0
101 45 1
101 46 12
101 47 94
101 48 0
101 49 0
101 50 0
101 51 0
101 52 21
101 53 0
101 54 0
101 55 0
101 56 0
101 57 355
101 58 0
101 59 0
101 60 0
101 61 177
101 62 0
101 63 207
101 64 0
101 65 0
101 66 0
101 67 382
101 68 0
101 69 0
101 70 3
101 71 46
101 72 0
101 73 176
101 74 0
101 75 0
101 76 0
101 77 51
101 78 0
101 79 61
101 80 0
101 81 0
101 82 0
101 83 0
101 84 0
101 85 4
101 86 0
101 87 165
101 88 0
101 89 535
101 90 0
101 91 0
101 92 0
101 93 0
101 94 4
101 95 95
126 1 0
126 2 0
126 3 0
126 4 0
126 5 267
126 6 0
126 7 12
126 8 0
126 9 0
126 10 0
126 11 0
126 12 0
126 13 489
126 14 0
126 15 0
126 16 0
126 17 0
126 18 601
126 19 0
126 20 0
126 21 0
126 22 229
126 23 154
126 24 0
126 25 0
126 26 107
126 27 0
126 28 0
126 29 0
126 30 0
126 31 0
126 32 0
126 33 0
126 34 0
126 35 313
126 36 0
126 37 0
126 38 0
126 39 285
126 40 85
126 41 137
126 42 45
126 43 209
126 44 0
126 45 0
126 46 0
126 47 73
126 48 0
126 49 0
126 50 0
126 51 0
126 52 2
126 53 0
126 54 0
126 55 0
126 56 0
126 57 315
126 58 0
126 59 0
126 60 0
126 61 171
126 62 0
126 63 196
126 64 0
126 65 0
126 66 0
126 67 420
126 68 0
126 69 0
126 70 0
126 71 43
126 72 0
126 73 174
126 74 0
126 75 0
126 76 0
126 77 42
126 78 0
126 79 67
126 80 0
126 81 0
126 82 0
126 83 0
126 84 0
126 85 0
126 86 0
126 87 177
126 88 0
126 89 587
126 90 0
126 91 0
126 92 0
126 93 0
126 94 0
126 95 78
151 1 0
151 2 0
151 3 0
151 4 0
151 5 257
151 6 0
151 7 24
151 8 0
151 9 0
151 10 0
151 11 0
151 12 0
151 13 491
151 14 0
151 15 0
151 16 0
151 17 0
151 18 625
151 19 0
151 20 0
151 21 0
151 22 228
151 23 153
151 24 0
151 25 0
151 26 117
151 27 0
151 28 0
151 29 0
151 30 0
151 31 0
151 32 0
151 33 0
151 34 0
151 35 305
151 36 0
151 37 0
151 38 0
151 39 320
151 40 78
151 41 122
151 42 44
151 43 180
151 44 0
151 45 0
151 46 0
151 47 80
151 48 0
151 49 0
151 50 0
151 51 0
151 52 0
151 53 0
151 54 0
151 55 0
151 56 0
151 57 287
151 58 0
151 59 0
151 60 0
151 61 178
151 62 0
151 63 214
151 64 0
151 65 0
151 66 0
151 67 420
151 68 0
151 69 0
151 70 0
151 71 47
151 72 0
151 73 180
151 74 0
151 75 0
151 76 0
151 77 40
151 78 0
151 79 56
151 80 0
151 81 0
151 82 0
151 83 0
151 84 0
151 85 0
151 86 0
151 87 192
151 88 0
151 89 575
151 90 0
151 91 0
151 92 0
151 93 0
151 94 0
151 95 71
176 1 0
176 2 0
176 3 0
176 4 0
176 5 247
176 6 0
176 7 13
176 8 0
176 9 0
176 10 0
176 11 0
176 12 0
176 13 479
176 14 0
176 15 0
176 16 0
176 17 0
176 18 629
176 19 0
176 20 0
176 21 0
176 22 212
176 23 149
176 24 0
176 25 0
176 26 131
176 27 0
176 28 0
176 29 0
176 30 0
176 31 0
176 32 0
176 33 0
176 34 0
176 35 305
176 36 0
176 37 0
176 38 0
176 39 305
176 40 77
176 41 126
176 42 41
176 43 171
176 44 0
176 45 0
176 46 0
176 47 76
176 48 0
176 49 0
176 50 0
176 51 0
176 52 0
176 53 0
176 54 0
176 55 0
176 56 0
176 57 293
176 58 0
176 59 0
176 60 0
176 61 179
176 62 0
176 63 215
176 64 0
176 65 0
176 66 0
176 67 445
176 68 0
176 69 0
176 70 0
176 71 46
176 72 0
176 73 185
176 74 0
176 75 0
176 76 0
176 77 39
176 78 0
176 79 41
176 80 0
176 81 0
176 82 0
176 83 0
176 84 0
176 85 0
176 86 0
176 87 178
176 88 0
176 89 567
176 90 0
176 91 0
176 92 0
176 93 0
176 94 0
176 95 73
201 1 0
201 2 0
201 3 0
201 4 0
201 5 237
201 6 0
201 7 27
201 8 0
201 9 0
201 10 0
201 11 0
201 12 0
201 13 507
201 14 0
201 15 0
201 16 0
201 17 0
201 18 634
201 19 0
201 20 0
201 21 0
201 22 223
201 23 139
201 24 0
201 25 0
201 26 139
201 27 0
201 28 0
201 29 0
201 30 0
201 31 0
201 32 0
201 33 0
201 34 0
201 35 310
201 36 0
201 37 0
201 38 0
201 39 298
201 40 57
201 41 112
201 42 37
201 43 203
201 44 0
201 45 0
201 46 0
201 47 77
201 48 0
201 49 0
201 50 0
201 51 0
201 52 0
201 53 0
201 54 0
201 55 0
201 56 0
201 57 312
201 58 0
201 59 0
201 60 0
201 61 175
201 62 0
201 63 214
201 64 0
201 65 0
201 66 0
201 67 439
201 68 0
201 69 0
201 70 0
201 71 45
201 72 0
201 73 175
201 74 0
201 75 0
201 76 0
201 77 47
201 78 0
201 79 50
201 80 0
201 81 0
201 82 0
201 83 0
201 84 0
201 85 0
201 86 0
201 87 170
201 88 0
201 89 574
201 90 0
201 91 0
201 92 0
201 93 0
201 94 0
201 95 68
226 1 0
226 2 0
226 3 0
226 4 0
226 5 249
226 6 0
226 7 17
226 8 0
226 9 0
226 10 0
226 11 0
226 12 0
226 13 519
226 14 0
226 15 0
226 16 0
226 17 0
226 18 644
226 19 0
226 20 0
226 21 0
226 22 248
226 23 135
226 24 0
226 25 0
226 26 133
226 27 0
226 28 0
226 29 0
226 30 0
226 31 0
226 32 0
226 33 0
226 34 0
226 35 322
226 36 0
226 37 0
226 38 0
226 39 302
226 40 53
226 41 113
226 42 40
226 43 190
226 44 0
226 45 0
226 46 0
226 47 77
226 48 0
226 49 0
226 50 0
226 51 0
226 52 0
226 53 0
226 54 0
226 55 0
226 56 0
226 57 334
226 58 0
226 59 0
226 60 0
226 61 171
226 62 0
226 63 201
226 64 0
226 65 0
226 66 0
226 67 427
226 68 0
226 69 0
226 70 0
226 71 43
226 72 0
226 73 166
226 74 0
226 75 0
226 76 0
226 77 41
226 78 0
226 79 46
226 80 0
226 81 0
226 82 0
226 83 0
226 84 0
226 85 0
226 86 0
226 87 174
226 88 0
226 89 571
226 90 0
226 91 0
226 92 0
226 93 0
226 94 0
226 95 88
251 1 0
251 2 0
251 3 0
251 4 0
251 5 241
251 6 0
251 7 15
251 8 0
251 9 0
251 10 0
251 11 0
251 12 0
251 13 498
251 14 0
251 15 0
251 16 0
251 17 0
251 18 635
251 19 0
251 20 0
251 21 0
251 22 232
251 23 138
251 24 0
251 25 0
251 26 144
251 27 0
251 28 0
251 29 0
251 30 0
251 31 0
251 32 0
251 33 0
251 34 0
251 35 296
251 36 0
251 37 0
251 38 0
251 39 293
251 40 50
251 41 109
251 42 40
251 43 188
251 44 0
251 45 0
251 46 0
251 47 72
251 48 0
251 49 0
251 50 0
251 51 0
251 52 0
251 53 0
251 54 0
251 55 0
251 56 0
251 57 308
251 58 0
251 59 0
251 60 0
251 61 175
251 62 0
251 63 210
251 64 0
251 65 0
251 66 0
251 67 422
251 68 0
251 69 0
251 70 0
251 71 41
251 72 0
251 73 175
251 74 0
251 75 0
251 76 0
251 77 43
251 78 0
251 79 39
251 80 0
251 81 0
251 82 0
251 83 0
251 84 0
251 85 0
251 86 0
251 87 162
251 88 0
251 89 544
251 90 0
251 91 0
251 92 0
251 93 0
251 94 0
251 95 78
276 1 0
276 2 0
276 3 0
276 4 0
276 5 240
276 6 0
276 7 12
276 8 0
276 9 0
276 10 0
276 11 0
276 12 0
276 13 482
276 14 0
276 15 0
276 16 0
276 17 0
276 18 645
276 19 0
276 20 0
276 21 0
276 22 254
276 23 147
276 24 0
276 25 0
276 26 143
276 27 0
276 28 0
276 29 0
276 30 0
276 31 0
276 32 0
276 33 0
276 34 0
276 35 316
276 36 0
276 37 0
276 38 0
276 39 317
276 40 55
276 41 111
276 42 45
276 43 178
276 44 0
276 45 0
276 46 0
276 47 78
276 48 0
276 49 0
276 50 0
276 51 0
276 52 0
276 53 0
276 54 0
276 55 0
276 56 0
276 57 294
276 58 0
276 59 0
276 60 0
276 61 180
276 62 0
276 63 214
276 64 0
276 65 0
276 66 0
276 67 436
276 68 0
276 69 0
276 70 0
276 71 41
276 72 0
276 73 176
276 74 0
276 75 0
276 76 0
276 77 40
276 78 0
276 79 44
276 80 0
276 81 0
276 82 0
276 83 0
276 84 0
276 85 0
276 86 0
276 87 176
276 88 0
276 89 577
276 90 0
276 91 0
276 92 0
276 93 0
276 94 0
276 95 89
301 1 0
301 2 0
301 3 0
301 4 0
301 5 277
301 6 0
301 7 1
301 8 0
301 9 0
301 10 0
301 11 0
301 12 0
301 13 510
301 14 0
301 15 0
301 16 0
301 17 0
301 18 627
301 19 0
301 20 0
301 21 0
301 22 253
301 23 165
301 24 0
301 25 0
301 26 143
301 27 0
301 28 0
301 29 0
301 30 0
301 31 0
301 32 0
301 33 0
301 34 0
301 35 317
301 36 0
301 37 0
301 38 0
301 39 304
301 40 42
301 41 117
301 42 49
301 43 186
301 44 0
301 45 0
301 46 0
301 47 72
301 48 0
301 49 0
301 50 0
301 51 0
301 52 0
301 53 0
301 54 0
301 55 0
301 56 0
301 57 290
301 58 0
301 59 0
301 60 0
301 61 174
301 62 0
301 63 226
301 64 0
301 65 0
301 66 0
301 67 425
301 68 0
301 69 0
301 70 0
301 71 41
301 72 0
301 73 178
301 74 0
301 75 0
301 76 0
301 77 37
301 78 0
301 79 40
301 80 0
301 81 0
301 82 0
301 83 0
301 84 0
301 85 0
301 86 0
301 87 175
301 88 0
301 89 543
301 90 0
301 91 0
301 92 0
301 93 0
301 94 0
301 95 91
326 1 0
326 2 0
326 3 0
326 4 0
326 5 273
326 6 0
326 7 0
326 8 0
326 9 0
326 10 0
326 11 0
326 12 0
326 13 532
326 14 0
326 15 0
326 16 0
326 17 0
326 18 647
326 19 0
326 20 0
326 21 0
326 22 245
326 23 162
326 24 0
326 25 0
326 26 148
326 27 0
326 28 0
326 29 0
326 30 0
326 31 0
326 32 0
326 33 0
326 34 0
326 35 316
326 36 0
326 37 0
326 38 0
326 39 316
326 40 53
326 41 112
326 42 39
326 43 190
326 44 0
326 45 0
326 46 0
326 47 79
326 48 0
326 49 0
326 50 0
326 51 0
326 52 0
326 53 0
326 54 0
326 55 0
326 56 0
326 57 301
326 58 0
326 59 0
326 60 0
326 61 178
326 62 0
326 63 227
326 64 0
326 65 0
326 66 0
326 67 423
326 68 0
326 69 0
326 70 0
326 71 42
326 72 0
326 73 175
326 74 0
326 75 0
326 76 0
326 77 40
326 78 0
326 79 53
326 80 0
326 81 0
326 82 0
326 83 0
326 84 0
326 85 0
326 86 0
326 87 174
326 88 0
326 89 562
326 90 0
326 91 0
326 92 0
326 93 0
326 94 0
326 95 92
351 1 0
351 2 0
351 3 0
351 4 0
351 5 261
351 6 0
351 7 0
351 8 0
351 9 0
351 10 0
351 11 0
351 12 0
351 13 487
351 14 0
351 15 0
351 16 0
351 17 0
351 18 654
351 19 0
351 20 0
351 21 0
351 22 240
351 23 154
351 24 0
351 25 0
351 26 145
351 27 0
351 28 0
351 29 0
351 30 0
351 31 0
351 32 0
351 33 0
351 34 0
351 35 306
351 36 0
351 37 0
351 38 0
351 39 311
351 40 49
351 41 114
351 42 41
351 43 193
351 44 0
351 45 0
351 46 0
351 47 82
351 48 0
351 49 0
351 50 0
351 51 0
351 52 0
351 53 0
351 54 0
351 55 0
351 56 0
351 57 281
351 58 0
351 59 0
351 60 0
351 61 170
351 62 0
351 63 229
351 64 0
351 65 0
351 66 0
351 67 436
351 68 0
351 69 0
351 70 0
351 71 40
351 72 0
351 73 178
351 74 0
351 75 0
351 76 0
351 77 42
351 78 0
351 79 50
351 80 0
351 81 0
351 82 0
351 83 0
351 84 0
351 85 0
351 86 0
351 87 155
351 88 0
351 89 575
351 90 0
351 91 0
351 92 0
351 93 0
351 94 0
351 95 96
376 1 0
376 2 0
376 3 0
376 4 0
376 5 275
376 6 0
376 7 0
376 8 0
376 9 0
376 10 0
376 11 0
376 12 0
376 13 492
376 14 0
376 15 0
376 16 0
376 17 0
376 18 631
376 19 0
376 20 0
376 21 0
376 22 241
376 23 162
376 24 0
376 25 0
376 26 141
376 27 0
376 28 0
376 29 0
376 30 0
376 31 0
376 32 0
376 33 0
376 34 0
376 35 309
376 36 0
376 37 0
376 38 0
376 39 310
376 40 63
376 41 117
376 42 39
376 43 185
376 44 0
376 45 0
376 46 0
376 47 84
376 48 0
376 49 0
376 50 0
376 51 0
376 52 0
376 53 0
376 54 0
376 55 0
376 56 0
376 57 279
376 58 0
376 59 0
376 60 0
376 61 189
376 62 0
376 63 215
376 64 0
376 65 0
376 66 0
376 67 413
376 68 0
376 69 0
376 70 0
376 71 41
376 72 0
376 73 182
376 74 0
376 75 0
376 76 0
376 77 43
376 78 0
376 79 40
376 80 0
376 81 0
376 82 0
376 83 0
376 84 0
376 85 0
376 86 0
376 87 159
376 88 0
376 89 563
376 90 0
376 91 0
376 92 0
376 93 0
376 94 0
376 95 82
401 1 0
401 2 0
401 3 0
401 4 0
401 5 252
401 6 0
401 7 0
401 8 0
401 9 0
401 10 0
401 11 0
401 12 0
401 13 481
401 14 0
401 15 0
401 16 0
401 17 0
401 18 639
401 19 0
401 20 0
401 21 0
401 22 237
401 23 164
401 24 0
401 25 0
401 26 133
401 27 0
401 28 0
401 29 0
401 30 0
401 31 0
401 32 0
401 33 0
401 34 0
401 35 313
401 36 0
401 37 0
401 38 0
401 39 310
401 40 58
401 41 121
401 42 43
401 43 197
401 44 0
401 45 0
401 46 0
401 47 79
401 48 0
401 49 0
401 50 0
401 51 0
401 52 0
401 53 0
401 54 0
401 55 0
401 56 0
401 57 285
401 58 0
401 59 0
401 60 0
401 61 164
401 62 0
401 63 240
401 64 0
401 65 0
401 66 0
401 67 407
401 68 0
401 69 0
401 70 0
401 71 38
401 72 0
401 73 185
401 74 0
401 75 0
401 76 0
401 77 40
401 78 0
401 79 55
401 80 0
401 81 0
401 82 0
401 83 0
401 84 0
401 85 0
401 86 0
401 87 169
401 88 0
401 89 558
401 90 0
401 91 0
401 92 0
401 93 0
401 94 0
401 95 87
426 1 0
426 2 0
426 3 0
426 4 0
426 5 263
426 6 0
426 7 0
426 8 0
426 9 0
426 10 0
426 11 0
426 12 0
426 13 502
426 14 0
426 15 0
426 16 0
426 17 0
426 18 615
426 19 0
426 20 0
426 21 0
426 22 248
426 23 161
426 24 0
426 25 0
426 26 146
426 27 0
426 28 0
426 29 0
426 30 0
426 31 0
426 32 0
426 33 0
426 34 0
426 35 305
426 36 0
426 37 0
426 38 0
426 39 300
426 40 61
426 41 116
426 42 39
426 43 188
426 44 0
426 45 0
426 46 0
426 47 69
426 48 0
426 49 0
426 50 0
426 51 0
426 52 0
426 53 0
426 54 0
426 55 0
426 56 0
426 57 287
426 58 0
426 59 0
426 60 0
426 61 180
426 62 0
426 63 224
426 64 0
426 65 0
426 66 0
426 67 406
426 68 0
426 69 0
426 70 0
426 71 40
426 72 0
426 73 168
426 74 0
426 75 0
426 76 0
426 77 41
426 78 0
426 79 41
426 80 0
426 81 0
426 82 0
426 83 0
426 84 0
426 85 0
426 86 0
426 87 168
426 88 0
426 89 562
426 90 0
426 91 0
426 92 0
426 93 0
426 94 0
426 95 87
451 1 0
451 2 0
451 3 0
451 4 0
451 5 271
451 6 0
451 7 0
451 8 0
451 9 0
451 10 0
451 11 0
451 12 0
451 13 497
451 14 0
451 15 0
451 16 0
451 17 0
451 18 627
451 19 0
451 20 0
451 21 0
451 22 241
451 23 160
451 24 0
451 25 0
451 26 132
451 27 0
451 28 0
451 29 0
451 30 0
451 31 0
451 32 0
451 33 0
451 34 0
451 35 313
451 36 0
451 37 0
451 38 0
451 39 300
451 40 67
451 41 118
451 42 41
451 43 198
451 44 0
451 45 0
451 46 0
451 47 78
451 48 0
451 49 0
451 50 0
451 51 0
451 52 0
451 53 0
451 54 0
451 55 0
451 56 0
451 57 292
451 58 0
451 59 0
451 60 0
451 61 170
451 62 0
451 63 224
451 64 0
451 65 0
451 66 0
451 67 419
451 68 0
451 69 0
451 70 0
451 71 37
451 72 0
451 73 179
451 74 0
451 75 0
451 76 0
451 77 41
451 78 0
451 79 42
451 80 0
451 81 0
451 82 0
451 83 0
451 84 0
451 85 0
451 86 0
451 87 158
451 88 0
451 89 557
451 90 0
451 91 0
451 92 0
451 93 0
451 94 0
451 95 81
476 1 0
476 2 0
476 3 0
476 4 0
476 5 276
476 6 0
476 7 0
476 8 0
476 9 0
476 10 0
476 11 0
476 12 0
476 13 492
476 14 0
476 15 0
476 16 0
476 17 0
476 18 616
476 19 0
476 20 0
476 21 0
476 22 233
476 23 160
476 24 0
476 25 0
476 26 131
476 27 0
476 28 0
476 29 0
476 30 0
476 31 0
476 32 0
476 33 0
476 34 0
476 35 304
476 36 0
476 37 0
476 38 0
476 39 313
476 40 60
476 41 116
476 42 47
476 43 192
476 44 0
476 45 0
476 46 0
476 47 81
476 48 0
476 49 0
476 50 0
476 51 0
476 52 0
476 53 0
476 54 0
476 55 0
476 56 0
476 57 290
476 58 0
476 59 0
476 60 0
476 61 177
476 62 0
476 63 242
476 64 0
476 65 0
476 66 0
476 67 428
476 68 0
476 69 0
476 70 0
476 71 39
476 72 0
476 73 176
476 74 0
476 75 0
476 76 0
476 77 47
476 78 0
476 79 50
476 80 0
476 81 0
476 82 0
476 83 0
476 84 0
476 85 0
476 86 0
476 87 167
476 88 0
476 89 570
476 90 0
476 91 0
476 92 0
476 93 0
476 94 0
476 95 85
