1 1 34
1 2 37
1 3 37
1 4 34
1 5 34
1 6 41
1 7 42
1 8 38
1 9 28
1 10 33
1 11 37
1 12 33
1 13 36
1 14 32
1 15 42
1 16 41
1 17 41
1 18 41
1 19 39
1 20 38
1 21 33
1 22 39
1 23 33
1 24 37
1 25 30
1 26 39
1 27 40
1 28 42
1 29 39
1 30 36
1 31 35
1 32 32
1 33 33
1 34 38
1 35 36
1 36 36
1 37 36
1 38 38
1 39 44
1 40 40
1 41 33
1 42 36
1 43 34
1 44 39
1 45 39
1 46 40
1 47 40
1 48 41
1 49 39
1 50 42
1 51 39
1 52 34
1 53 35
1 54 32
1 55 34
1 56 37
1 57 37
1 58 40
1 59 36
1 60 35
1 61 41
1 62 38
1 63 28
1 64 33
1 65 36
1 66 37
1 67 35
1 68 38
1 69 39
1 70 36
1 71 45
1 72 40
1 73 34
1 74 35
1 75 38
1 76 29
1 77 37
1 78 38
1 79 37
1 80 37
1 81 40
1 82 30
1 83 39
1 84 42
1 85 37
1 86 41
1 87 35
1 88 40
1 89 44
1 90 38
1 91 31
1 92 34
1 93 39
1 94 38
1 95 37
1 96 40
1 97 44
1 98 41
1 99 43
1 100 36
1 101 40
1 102 36
1 103 42
1 104 40
1 105 45
1 106 46
1 107 42
1 108 44
1 109 46
1 110 41
1 111 30
1 112 37
1 113 35
1 114 36
1 115 27
1 116 44
1 117 40
1 118 42
1 119 41
1 120 42
1 121 40
26 1 10
26 2 12
26 3 9
26 4 4
26 5 19
26 6 41
26 7 40
26 8 7
26 9 13
26 10 11
26 11 13
26 12 8
26 13 11
26 14 11
26 15 5
26 16 41
26 17 42
26 18 22
26 19 13
26 20 11
26 21 0
26 22 7
26 23 4
26 24 8
26 25 7
26 26 42
26 27 40
26 28 39
26 29 20
26 30 12
26 31 11
26 32 2
26 33 10
26 34 10
26 35 11
26 36 9
26 37 17
26 38 44
26 39 43
26 40 41
26 41 11
26 42 7
26 43 0
26 44 4
26 45 41
26 46 10
26 47 16
26 48 40
26 49 42
26 50 42
26 51 39
26 52 16
26 53 13
26 54 6
26 55 10
26 56 10
26 57 9
26 58 12
26 59 18
26 60 15
26 61 40
26 62 15
26 63 11
26 64 9
26 65 0
26 66 14
26 67 10
26 68 11
26 69 39
26 70 19
26 71 37
26 72 39
26 73 9
26 74 12
26 75 10
26 76 5
26 77 11
26 78 11
26 79 9
26 80 12
26 81 9
26 82 18
26 83 39
26 84 42
26 85 40
26 86 40
26 87 10
26 88 9
26 89 42
26 90 11
26 91 8
26 92 12
26 93 11
26 94 16
26 95 18
26 96 45
26 97 41
26 98 38
26 99 43
26 100 22
26 101 15
26 102 10
26 103 40
26 104 40
26 105 41
26 106 43
26 107 44
26 108 44
26 109 45
26 110 42
26 111 11
26 112 12
26 113 7
26 114 10
26 115 14
26 116 44
26 117 40
26 118 40
26 119 39
26 120 40
26 121 41
51 1 11
51 2 8
51 3 12
51 4 11
51 5 17
51 6 41
51 7 40
51 8 10
51 9 12
51 10 18
51 11 15
51 12 5
51 13 8
51 14 10
51 15 11
51 16 38
51 17 40
51 18 18
51 19 9
51 20 0
51 21 4
51 22 12
51 23 9
51 24 5
51 25 10
51 26 41
51 27 42
51 28 42
51 29 10
51 30 8
51 31 0
51 32 0
51 33 0
51 34 12
51 35 6
51 36 10
51 37 18
51 38 40
51 39 40
51 40 39
51 41 13
51 42 11
51 43 0
51 44 10
51 45 38
51 46 10
51 47 11
51 48 40
51 49 44
51 50 41
51 51 39
51 52 18
51 53 6
51 54 10
51 55 1
51 56 10
51 57 10
51 58 16
51 59 19
51 60 20
51 61 41
51 62 12
51 63 10
51 64 6
51 65 3
51 66 11
51 67 8
51 68 14
51 69 40
51 70 20
51 71 39
51 72 38
51 73 12
51 74 10
51 75 9
51 76 11
51 77 11
51 78 11
51 79 10
51 80 15
51 81 7
51 82 14
51 83 40
51 84 40
51 85 38
51 86 40
51 87 17
51 88 11
51 89 40
51 90 10
51 91 10
51 92 8
51 93 11
51 94 15
51 95 11
51 96 40
51 97 42
51 98 42
51 99 39
51 100 9
51 101 9
51 102 11
51 103 40
51 104 40
51 105 41
51 106 38
51 107 44
51 108 43
51 109 37
51 110 41
51 111 9
51 112 7
51 113 6
51 114 11
51 115 14
51 116 42
51 117 37
51 118 40
51 119 40
51 120 42
51 121 43
76 1 10
76 2 9
76 3 7
76 4 11
76 5 18
76 6 38
76 7 38
76 8 8
76 9 11
76 10 7
76 11 8
76 12 9
76 13 10
76 14 13
76 15 18
76 16 42
76 17 40
76 18 11
76 19 10
76 20 5
76 21 8
76 22 10
76 23 7
76 24 10
76 25 10
76 26 41
76 27 38
76 28 42
76 29 20
76 30 11
76 31 12
76 32 7
76 33 10
76 34 9
76 35 9
76 36 13
76 37 13
76 38 38
76 39 42
76 40 43
76 41 11
76 42 9
76 43 6
76 44 6
76 45 41
76 46 15
76 47 14
76 48 39
76 49 42
76 50 43
76 51 38
76 52 10
76 53 10
76 54 8
76 55 5
76 56 11
76 57 11
76 58 11
76 59 10
76 60 15
76 61 40
76 62 13
76 63 10
76 64 10
76 65 11
76 66 14
76 67 14
76 68 12
76 69 38
76 70 16
76 71 39
76 72 40
76 73 19
76 74 9
76 75 9
76 76 5
76 77 8
76 78 8
76 79 9
76 80 16
76 81 9
76 82 13
76 83 40
76 84 41
76 85 41
76 86 40
76 87 20
76 88 11
76 89 35
76 90 10
76 91 8
76 92 17
76 93 10
76 94 13
76 95 20
76 96 37
76 97 41
76 98 40
76 99 40
76 100 12
76 101 10
76 102 8
76 103 41
76 104 41
76 105 45
76 106 41
76 107 41
76 108 43
76 109 45
76 110 40
76 111 8
76 112 10
76 113 9
76 114 9
76 115 12
76 116 40
76 117 45
76 118 44
76 119 40
76 120 39
76 121 40
101 1 11
101 2 14
101 3 8
101 4 10
101 5 20
101 6 40
101 7 42
101 8 22
101 9 10
101 10 17
101 11 13
101 12 9
101 13 11
101 14 9
101 15 20
101 16 43
101 17 40
101 18 13
101 19 7
101 20 12
101 21 7
101 22 9
101 23 9
101 24 7
101 25 13
101 26 40
101 27 37
101 28 42
101 29 17
101 30 10
101 31 10
101 32 5
101 33 14
101 34 12
101 35 11
101 36 10
101 37 15
101 38 42
101 39 39
101 40 38
101 41 15
101 42 11
101 43 11
101 44 10
101 45 32
101 46 9
101 47 12
101 48 41
101 49 45
101 50 40
101 51 41
101 52 10
101 53 11
101 54 10
101 55 9
101 56 11
101 57 12
101 58 10
101 59 13
101 60 17
101 61 40
101 62 11
101 63 7
101 64 11
101 65 11
101 66 8
101 67 11
101 68 10
101 69 43
101 70 10
101 71 40
101 72 41
101 73 21
101 74 17
101 75 11
101 76 9
101 77 10
101 78 15
101 79 10
101 80 13
101 81 14
101 82 12
101 83 41
101 84 39
101 85 40
101 86 44
101 87 14
101 88 13
101 89 37
101 90 8
101 91 14
101 92 11
101 93 13
101 94 16
101 95 21
101 96 43
101 97 46
101 98 41
101 99 42
101 100 6
101 101 10
101 102 8
101 103 38
101 104 41
101 105 40
101 106 42
101 107 40
101 108 43
101 109 44
101 110 39
101 111 9
101 112 3
101 113 6
101 114 8
101 115 23
101 116 40
101 117 39
101 118 41
101 119 40
101 120 40
101 121 40
126 1 11
126 2 10
126 3 11
126 4 10
126 5 12
126 6 40
126 7 36
126 8 15
126 9 13
126 10 11
126 11 9
126 12 12
126 13 10
126 14 10
126 15 16
126 16 46
126 17 42
126 18 14
126 19 9
126 20 10
126 21 12
126 22 9
126 23 5
126 24 6
126 25 11
126 26 40
126 27 41
126 28 43
126 29 17
126 30 10
126 31 10
126 32 10
126 33 9
126 34 14
126 35 7
126 36 10
126 37 16
126 38 39
126 39 40
126 40 40
126 41 9
126 42 4
126 43 11
126 44 10
126 45 40
126 46 6
126 47 14
126 48 36
126 49 42
126 50 42
126 51 42
126 52 9
126 53 9
126 54 9
126 55 11
126 56 12
126 57 9
126 58 8
126 59 12
126 60 17
126 61 43
126 62 16
126 63 10
126 64 9
126 65 15
126 66 11
126 67 10
126 68 8
126 69 43
126 70 16
126 71 35
126 72 42
126 73 10
126 74 15
126 75 9
126 76 11
126 77 8
126 78 12
126 79 12
126 80 9
126 81 13
126 82 9
126 83 38
126 84 39
126 85 41
126 86 40
126 87 15
126 88 11
126 89 40
126 90 12
126 91 9
126 92 10
126 93 17
126 94 13
126 95 19
126 96 40
126 97 44
126 98 41
126 99 40
126 100 14
126 101 10
126 102 17
126 103 40
126 104 42
126 105 42
126 106 42
126 107 37
126 108 43
126 109 42
126 110 42
126 111 13
126 112 7
126 113 9
126 114 16
126 115 17
126 116 40
126 117 40
126 118 42
126 119 35
126 120 43
126 121 39
151 1 11
151 2 11
151 3 12
151 4 10
151 5 16
151 6 42
151 7 40
151 8 15
151 9 15
151 10 11
151 11 16
151 12 5
151 13 10
151 14 7
151 15 13
151 16 40
151 17 41
151 18 13
151 19 13
151 20 11
151 21 7
151 22 9
151 23 4
151 24 10
151 25 15
151 26 40
151 27 41
151 28 39
151 29 16
151 30 9
151 31 7
151 32 9
151 33 11
151 34 12
151 35 10
151 36 5
151 37 17
151 38 41
151 39 41
151 40 39
151 41 11
151 42 7
151 43 9
151 44 13
151 45 37
151 46 6
151 47 7
151 48 41
151 49 41
151 50 40
151 51 41
151 52 14
151 53 6
151 54 12
151 55 7
151 56 9
151 57 7
151 58 11
151 59 12
151 60 16
151 61 43
151 62 18
151 63 5
151 64 10
151 65 8
151 66 13
151 67 7
151 68 13
151 69 41
151 70 7
151 71 40
151 72 36
151 73 11
151 74 15
151 75 9
151 76 11
151 77 8
151 78 12
151 79 13
151 80 10
151 81 8
151 82 17
151 83 41
151 84 40
151 85 42
151 86 40
151 87 12
151 88 13
151 89 40
151 90 15
151 91 10
151 92 20
151 93 12
151 94 20
151 95 22
151 96 45
151 97 44
151 98 43
151 99 38
151 100 14
151 101 6
151 102 13
151 103 43
151 104 37
151 105 42
151 106 40
151 107 40
151 108 47
151 109 43
151 110 45
151 111 15
151 112 5
151 113 13
151 114 12
151 115 18
151 116 45
151 117 41
151 118 44
151 119 44
151 120 42
151 121 39
176 1 7
176 2 17
176 3 12
176 4 7
176 5 10
176 6 40
176 7 42
176 8 10
176 9 13
176 10 14
176 11 15
176 12 12
176 13 9
176 14 11
176 15 11
176 16 45
176 17 40
176 18 20
176 19 2
176 20 12
176 21 14
176 22 14
176 23 7
176 24 12
176 25 9
176 26 40
176 27 41
176 28 41
176 29 22
176 30 11
176 31 8
176 32 9
176 33 9
176 34 9
176 35 10
176 36 10
176 37 21
176 38 41
176 39 42
176 40 42
176 41 10
176 42 0
176 43 7
176 44 10
176 45 42
176 46 13
176 47 19
176 48 42
176 49 45
176 50 43
176 51 40
176 52 18
176 53 10
176 54 12
176 55 12
176 56 12
176 57 8
176 58 9
176 59 15
176 60 17
176 61 39
176 62 15
176 63 10
176 64 9
176 65 8
176 66 9
176 67 4
176 68 9
176 69 40
176 70 16
176 71 37
176 72 41
176 73 11
176 74 14
176 75 10
176 76 14
176 77 12
176 78 16
176 79 9
176 80 11
176 81 12
176 82 14
176 83 41
176 84 39
176 85 39
176 86 39
176 87 19
176 88 11
176 89 43
176 90 9
176 91 13
176 92 10
176 93 7
176 94 15
176 95 20
176 96 39
176 97 40
176 98 41
176 99 39
176 100 13
176 101 6
176 102 9
176 103 39
176 104 41
176 105 39
176 106 42
176 107 40
176 108 40
176 109 42
176 110 39
176 111 13
176 112 10
176 113 10
176 114 12
176 115 9
176 116 41
176 117 39
176 118 42
176 119 42
176 120 42
176 121 42
201 1 12
201 2 10
201 3 7
201 4 8
201 5 15
201 6 41
201 7 39
201 8 11
201 9 9
201 10 11
201 11 16
201 12 11
201 13 9
201 14 11
201 15 15
201 16 40
201 17 41
201 18 12
201 19 9
201 20 5
201 21 11
201 22 12
201 23 11
201 24 15
201 25 10
201 26 41
201 27 43
201 28 42
201 29 9
201 30 9
201 31 9
201 32 12
201 33 14
201 34 12
201 35 13
201 36 10
201 37 19
201 38 40
201 39 41
201 40 40
201 41 13
201 42 12
201 43 9
201 44 7
201 45 40
201 46 10
201 47 6
201 48 40
201 49 40
201 50 43
201 51 40
201 52 10
201 53 10
201 54 11
201 55 12
201 56 16
201 57 10
201 58 11
201 59 12
201 60 13
201 61 40
201 62 15
201 63 9
201 64 8
201 65 10
201 66 8
201 67 10
201 68 10
201 69 35
201 70 11
201 71 41
201 72 41
201 73 14
201 74 11
201 75 12
201 76 10
201 77 11
201 78 9
201 79 9
201 80 9
201 81 10
201 82 11
201 83 36
201 84 35
201 85 40
201 86 38
201 87 13
201 88 14
201 89 41
201 90 10
201 91 9
201 92 4
201 93 11
201 94 13
201 95 12
201 96 40
201 97 40
201 98 45
201 99 39
201 100 17
201 101 12
201 102 12
201 103 43
201 104 42
201 105 42
201 106 42
201 107 41
201 108 41
201 109 43
201 110 40
201 111 10
201 112 7
201 113 8
201 114 8
201 115 8
201 116 41
201 117 42
201 118 40
201 119 40
201 120 41
201 121 40
226 1 8
226 2 10
226 3 11
226 4 9
226 5 12
226 6 38
226 7 43
226 8 16
226 9 14
226 10 12
226 11 4
226 12 9
226 13 8
226 14 10
226 15 10
226 16 40
226 17 40
226 18 14
226 19 11
226 20 10
226 21 13
226 22 8
226 23 13
226 24 11
226 25 14
226 26 38
226 27 41
226 28 40
226 29 10
226 30 11
226 31 9
226 32 9
226 33 10
226 34 9
226 35 13
226 36 12
226 37 21
226 38 41
226 39 39
226 40 42
226 41 13
226 42 8
226 43 13
226 44 10
226 45 39
226 46 10
226 47 16
226 48 43
226 49 40
226 50 43
226 51 39
226 52 10
226 53 10
226 54 9
226 55 11
226 56 6
226 57 9
226 58 10
226 59 11
226 60 17
226 61 41
226 62 11
226 63 10
226 64 8
226 65 10
226 66 7
226 67 12
226 68 7
226 69 37
226 70 16
226 71 36
226 72 38
226 73 12
226 74 11
226 75 11
226 76 7
226 77 9
226 78 6
226 79 10
226 80 7
226 81 12
226 82 11
226 83 39
226 84 38
226 85 39
226 86 40
226 87 10
226 88 10
226 89 39
226 90 12
226 91 4
226 92 9
226 93 10
226 94 11
226 95 8
226 96 42
226 97 42
226 98 44
226 99 41
226 100 11
226 101 6
226 102 11
226 103 37
226 104 40
226 105 42
226 106 42
226 107 43
226 108 42
226 109 42
226 110 40
226 111 6
226 112 14
226 113 5
226 114 9
226 115 15
226 116 43
226 117 40
226 118 41
226 119 44
226 120 40
226 121 42
251 1 6
251 2 10
251 3 6
251 4 8
251 5 12
251 6 41
251 7 40
251 8 11
251 9 13
251 10 13
251 11 14
251 12 5
251 13 7
251 14 8
251 15 19
251 16 36
251 17 40
251 18 10
251 19 10
251 20 8
251 21 8
251 22 10
251 23 10
251 24 13
251 25 10
251 26 39
251 27 41
251 28 39
251 29 10
251 30 10
251 31 5
251 32 10
251 33 5
251 34 10
251 35 12
251 36 7
251 37 14
251 38 41
251 39 42
251 40 38
251 41 17
251 42 12
251 43 5
251 44 11
251 45 40
251 46 10
251 47 15
251 48 39
251 49 43
251 50 39
251 51 39
251 52 12
251 53 11
251 54 9
251 55 12
251 56 11
251 57 13
251 58 13
251 59 16
251 60 18
251 61 40
251 62 12
251 63 10
251 64 6
251 65 9
251 66 8
251 67 10
251 68 9
251 69 36
251 70 8
251 71 39
251 72 39
251 73 14
251 74 10
251 75 7
251 76 9
251 77 15
251 78 10
251 79 8
251 80 7
251 81 4
251 82 18
251 83 41
251 84 40
251 85 44
251 86 39
251 87 9
251 88 11
251 89 39
251 90 12
251 91 3
251 92 0
251 93 7
251 94 0
251 95 10
251 96 45
251 97 40
251 98 38
251 99 41
251 100 9
251 101 0
251 102 9
251 103 41
251 104 35
251 105 42
251 106 41
251 107 41
251 108 40
251 109 38
251 110 39
251 111 4
251 112 0
251 113 5
251 114 1
251 115 9
251 116 39
251 117 42
251 118 42
251 119 40
251 120 40
251 121 40
276 1 10
276 2 8
276 3 8
276 4 9
276 5 10
276 6 40
276 7 42
276 8 9
276 9 9
276 10 14
276 11 9
276 12 11
276 13 0
276 14 9
276 15 12
276 16 39
276 17 41
276 18 11
276 19 6
276 20 5
276 21 6
276 22 10
276 23 8
276 24 0
276 25 10
276 26 39
276 27 36
276 28 40
276 29 10
276 30 8
276 31 10
276 32 10
276 33 8
276 34 14
276 35 10
276 36 9
276 37 9
276 38 42
276 39 43
276 40 43
276 41 11
276 42 9
276 43 10
276 44 10
276 45 40
276 46 14
276 47 12
276 48 39
276 49 44
276 50 41
276 51 37
276 52 10
276 53 10
276 54 7
276 55 9
276 56 13
276 57 3
276 58 6
276 59 9
276 60 14
276 61 41
276 62 9
276 63 11
276 64 10
276 65 10
276 66 10
276 67 2
276 68 13
276 69 36
276 70 13
276 71 40
276 72 41
276 73 4
276 74 9
276 75 11
276 76 10
276 77 0
276 78 6
276 79 0
276 80 11
276 81 8
276 82 13
276 83 42
276 84 40
276 85 39
276 86 39
276 87 0
276 88 13
276 89 39
276 90 10
276 91 13
276 92 0
276 93 1
276 94 12
276 95 14
276 96 40
276 97 39
276 98 43
276 99 41
276 100 4
276 101 9
276 102 0
276 103 38
276 104 38
276 105 40
276 106 45
276 107 40
276 108 42
276 109 41
276 110 41
276 111 7
276 112 5
276 113 12
276 114 10
276 115 8
276 116 41
276 117 43
276 118 42
276 119 37
276 120 37
276 121 40
301 1 0
301 2 10
301 3 8
301 4 9
301 5 10
301 6 40
301 7 40
301 8 10
301 9 8
301 10 4
301 11 1
301 12 0
301 13 8
301 14 8
301 15 7
301 16 40
301 17 39
301 18 10
301 19 9
301 20 0
301 21 9
301 22 9
301 23 5
301 24 8
301 25 8
301 26 41
301 27 41
301 28 38
301 29 12
301 30 9
301 31 6
301 32 9
301 33 8
301 34 10
301 35 9
301 36 9
301 37 16
301 38 41
301 39 43
301 40 41
301 41 9
301 42 11
301 43 11
301 44 13
301 45 39
301 46 18
301 47 8
301 48 39
301 49 41
301 50 43
301 51 41
301 52 4
301 53 9
301 54 10
301 55 11
301 56 12
301 57 9
301 58 10
301 59 10
301 60 12
301 61 38
301 62 10
301 63 4
301 64 7
301 65 10
301 66 11
301 67 9
301 68 10
301 69 38
301 70 4
301 71 40
301 72 40
301 73 6
301 74 8
301 75 5
301 76 5
301 77 2
301 78 8
301 79 10
301 80 0
301 81 1
301 82 9
301 83 37
301 84 42
301 85 42
301 86 41
301 87 7
301 88 0
301 89 39
301 90 9
301 91 8
301 92 6
301 93 6
301 94 0
301 95 13
301 96 39
301 97 46
301 98 39
301 99 38
301 100 4
301 101 0
301 102 2
301 103 41
301 104 39
301 105 39
301 106 40
301 107 40
301 108 43
301 109 40
301 110 40
301 111 0
301 112 8
301 113 12
301 114 3
301 115 7
301 116 39
301 117 42
301 118 40
301 119 41
301 120 40
301 121 41
326 1 13
326 2 0
326 3 10
326 4 0
326 5 11
326 6 42
326 7 42
326 8 9
326 9 4
326 10 0
326 11 0
326 12 11
326 13 9
326 14 3
326 15 11
326 16 39
326 17 40
326 18 11
326 19 3
326 20 9
326 21 0
326 22 3
326 23 10
326 24 11
326 25 8
326 26 35
326 27 39
326 28 43
326 29 10
326 30 11
326 31 2
326 32 10
326 33 11
326 34 12
326 35 9
326 36 8
326 37 11
326 38 39
326 39 46
326 40 39
326 41 8
326 42 12
326 43 9
326 44 6
326 45 40
326 46 4
326 47 9
326 48 39
326 49 38
326 50 42
326 51 40
326 52 10
326 53 10
326 54 6
326 55 8
326 56 10
326 57 0
326 58 9
326 59 5
326 60 8
326 61 40
326 62 10
326 63 10
326 64 9
326 65 0
326 66 5
326 67 0
326 68 7
326 69 40
326 70 13
326 71 38
326 72 39
326 73 10
326 74 12
326 75 0
326 76 0
326 77 0
326 78 0
326 79 10
326 80 0
326 81 0
326 82 0
326 83 38
326 84 40
326 85 39
326 86 40
326 87 6
326 88 0
326 89 40
326 90 8
326 91 0
326 92 0
326 93 0
326 94 3
326 95 3
326 96 42
326 97 41
326 98 40
326 99 40
326 100 9
326 101 0
326 102 0
326 103 40
326 104 40
326 105 41
326 106 38
326 107 40
326 108 40
326 109 42
326 110 43
326 111 1
326 112 0
326 113 0
326 114 1
326 115 8
326 116 42
326 117 38
326 118 42
326 119 41
326 120 40
326 121 40
351 1 0
351 2 0
351 3 0
351 4 0
351 5 15
351 6 42
351 7 39
351 8 8
351 9 0
351 10 9
351 11 6
351 12 7
351 13 4
351 14 10
351 15 10
351 16 36
351 17 42
351 18 8
351 19 11
351 20 0
351 21 4
351 22 10
351 23 9
351 24 0
351 25 10
351 26 39
351 27 41
351 28 43
351 29 14
351 30 7
351 31 9
351 32 6
351 33 5
351 34 8
351 35 0
351 36 0
351 37 5
351 38 40
351 39 45
351 40 39
351 41 10
351 42 0
351 43 0
351 44 0
351 45 39
351 46 7
351 47 12
351 48 40
351 49 38
351 50 39
351 51 40
351 52 9
351 53 6
351 54 0
351 55 8
351 56 7
351 57 0
351 58 0
351 59 0
351 60 9
351 61 41
351 62 6
351 63 0
351 64 0
351 65 0
351 66 5
351 67 0
351 68 0
351 69 38
351 70 2
351 71 34
351 72 39
351 73 8
351 74 6
351 75 0
351 76 0
351 77 0
351 78 0
351 79 0
351 80 0
351 81 0
351 82 5
351 83 39
351 84 41
351 85 41
351 86 40
351 87 0
351 88 7
351 89 38
351 90 0
351 91 0
351 92 0
351 93 0
351 94 11
351 95 12
351 96 39
351 97 40
351 98 44
351 99 43
351 100 4
351 101 5
351 102 3
351 103 39
351 104 37
351 105 41
351 106 41
351 107 40
351 108 42
351 109 41
351 110 40
351 111 1
351 112 0
351 113 0
351 114 7
351 115 7
351 116 40
351 117 39
351 118 41
351 119 34
351 120 39
351 121 43
376 1 0
376 2 0
376 3 7
376 4 11
376 5 13
376 6 39
376 7 40
376 8 1
376 9 2
376 10 6
376 11 3
376 12 0
376 13 8
376 14 8
376 15 10
376 16 41
376 17 43
376 18 13
376 19 5
376 20 6
376 21 7
376 22 4
376 23 0
376 24 0
376 25 6
376 26 41
376 27 38
376 28 41
376 29 11
376 30 0
376 31 5
376 32 4
376 33 0
376 34 0
376 35 0
376 36 0
376 37 1
376 38 39
376 39 40
376 40 40
376 41 14
376 42 10
376 43 4
376 44 0
376 45 39
376 46 0
376 47 0
376 48 40
376 49 39
376 50 42
376 51 38
376 52 5
376 53 0
376 54 0
376 55 0
376 56 0
376 57 3
376 58 0
376 59 1
376 60 3
376 61 39
376 62 8
376 63 0
376 64 0
376 65 0
376 66 0
376 67 0
376 68 0
376 69 40
376 70 8
376 71 40
376 72 40
376 73 11
376 74 5
376 75 5
376 76 0
376 77 0
376 78 0
376 79 0
376 80 6
376 81 0
376 82 11
376 83 38
376 84 36
376 85 42
376 86 37
376 87 2
376 88 3
376 89 40
376 90 4
376 91 0
376 92 0
376 93 2
376 94 8
376 95 11
376 96 43
376 97 37
376 98 40
376 99 42
376 100 6
376 101 0
376 102 0
376 103 40
376 104 35
376 105 38
376 106 39
376 107 39
376 108 42
376 109 37
376 110 40
376 111 4
376 112 0
376 113 0
376 114 9
376 115 6
376 116 39
376 117 43
376 118 45
376 119 39
376 120 40
376 121 40
401 1 0
401 2 7
401 3 9
401 4 11
401 5 10
401 6 38
401 7 41
401 8 11
401 9 0
401 10 3
401 11 10
401 12 0
401 13 0
401 14 0
401 15 4
401 16 37
401 17 39
401 18 8
401 19 0
401 20 0
401 21 0
401 22 0
401 23 0
401 24 0
401 25 9
401 26 39
401 27 40
401 28 42
401 29 13
401 30 0
401 31 9
401 32 0
401 33 9
401 34 10
401 35 0
401 36 0
401 37 10
401 38 40
401 39 40
401 40 39
401 41 0
401 42 0
401 43 0
401 44 0
401 45 34
401 46 0
401 47 0
401 48 39
401 49 40
401 50 40
401 51 40
401 52 6
401 53 0
401 54 0
401 55 5
401 56 0
401 57 0
401 58 0
401 59 0
401 60 19
401 61 39
401 62 11
401 63 7
401 64 0
401 65 0
401 66 0
401 67 0
401 68 0
401 69 40
401 70 8
401 71 38
401 72 39
401 73 7
401 74 7
401 75 0
401 76 0
401 77 0
401 78 1
401 79 0
401 80 0
401 81 0
401 82 11
401 83 38
401 84 41
401 85 41
401 86 44
401 87 9
401 88 0
401 89 42
401 90 0
401 91 1
401 92 8
401 93 0
401 94 15
401 95 5
401 96 40
401 97 43
401 98 42
401 99 41
401 100 3
401 101 1
401 102 0
401 103 38
401 104 37
401 105 42
401 106 40
401 107 40
401 108 43
401 109 37
401 110 40
401 111 0
401 112 0
401 113 8
401 114 12
401 115 11
401 116 40
401 117 37
401 118 43
401 119 38
401 120 42
401 121 40
426 1 0
426 2 0
426 3 0
426 4 7
426 5 8
426 6 39
426 7 44
426 8 10
426 9 11
426 10 6
426 11 11
426 12 0
426 13 0
426 14 0
426 15 2
426 16 43
426 17 40
426 18 14
426 19 0
426 20 0
426 21 0
426 22 0
426 23 0
426 24 0
426 25 10
426 26 41
426 27 42
426 28 40
426 29 9
426 30 4
426 31 0
426 32 0
426 33 0
426 34 3
426 35 0
426 36 0
426 37 5
426 38 40
426 39 43
426 40 43
426 41 12
426 42 0
426 43 0
426 44 0
426 45 36
426 46 2
426 47 2
426 48 38
426 49 42
426 50 43
426 51 37
426 52 4
426 53 0
426 54 0
426 55 0
426 56 0
426 57 0
426 58 0
426 59 0
426 60 0
426 61 39
426 62 0
426 63 0
426 64 0
426 65 0
426 66 0
426 67 0
426 68 2
426 69 40
426 70 11
426 71 38
426 72 41
426 73 11
426 74 13
426 75 0
426 76 0
426 77 0
426 78 1
426 79 0
426 80 2
426 81 2
426 82 12
426 83 40
426 84 37
426 85 39
426 86 40
426 87 3
426 88 3
426 89 38
426 90 0
426 91 0
426 92 0
426 93 8
426 94 5
426 95 9
426 96 42
426 97 40
426 98 38
426 99 38
426 100 10
426 101 0
426 102 10
426 103 42
426 104 43
426 105 40
426 106 40
426 107 38
426 108 38
426 109 39
426 110 35
426 111 0
426 112 0
426 113 0
426 114 12
426 115 9
426 116 38
426 117 38
426 118 41
426 119 42
426 120 36
426 121 42
451 1 0
451 2 0
451 3 0
451 4 9
451 5 9
451 6 40
451 7 39
451 8 9
451 9 6
451 10 10
451 11 6
451 12 0
451 13 0
451 14 0
451 15 8
451 16 45
451 17 41
451 18 11
451 19 0
451 20 0
451 21 0
451 22 0
451 23 8
451 24 0
451 25 11
451 26 39
451 27 40
451 28 40
451 29 5
451 30 0
451 31 0
451 32 0
451 33 0
451 34 1
451 35 0
451 36 0
451 37 10
451 38 39
451 39 37
451 40 37
451 41 0
451 42 0
451 43 0
451 44 0
451 45 39
451 46 5
451 47 9
451 48 37
451 49 42
451 50 42
451 51 40
451 52 0
451 53 0
451 54 0
451 55 0
451 56 0
451 57 7
451 58 12
451 59 13
451 60 12
451 61 40
451 62 0
451 63 0
451 64 0
451 65 0
451 66 0
451 67 0
451 68 7
451 69 38
451 70 16
451 71 38
451 72 40
451 73 9
451 74 8
451 75 10
451 76 0
451 77 0
451 78 0
451 79 0
451 80 11
451 81 13
451 82 10
451 83 40
451 84 40
451 85 40
451 86 37
451 87 6
451 88 7
451 89 41
451 90 0
451 91 0
451 92 8
451 93 0
451 94 11
451 95 26
451 96 40
451 97 37
451 98 40
451 99 39
451 100 0
451 101 3
451 102 7
451 103 40
451 104 36
451 105 39
451 106 42
451 107 39
451 108 42
451 109 41
451 110 40
451 111 0
451 112 0
451 113 5
451 114 6
451 115 15
451 116 39
451 117 37
451 118 42
451 119 39
451 120 40
451 121 40
476 1 12
476 2 0
476 3 6
476 4 0
476 5 11
476 6 42
476 7 39
476 8 5
476 9 9
476 10 9
476 11 10
476 12 10
476 13 8
476 14 7
476 15 5
476 16 41
476 17 40
476 18 9
476 19 0
476 20 0
476 21 0
476 22 9
476 23 11
476 24 0
476 25 0
476 26 40
476 27 42
476 28 40
476 29 10
476 30 0
476 31 0
476 32 0
476 33 0
476 34 8
476 35 0
476 36 0
476 37 10
476 38 40
476 39 39
476 40 41
476 41 10
476 42 0
476 43 0
476 44 7
476 45 40
476 46 11
476 47 9
476 48 38
476 49 34
476 50 44
476 51 41
476 52 5
476 53 0
476 54 4
476 55 0
476 56 11
476 57 12
476 58 20
476 59 10
476 60 15
476 61 40
476 62 4
476 63 8
476 64 0
476 65 5
476 66 0
476 67 0
476 68 6
476 69 39
476 70 21
476 71 40
476 72 38
476 73 11
476 74 9
476 75 0
476 76 0
476 77 0
476 78 0
476 79 5
476 80 14
476 81 8
476 82 20
476 83 34
476 84 40
476 85 42
476 86 41
476 87 8
476 88 8
476 89 38
476 90 0
476 91 0
476 92 9
476 93 7
476 94 8
476 95 10
476 96 43
476 97 40
476 98 41
476 99 40
476 100 11
476 101 0
476 102 7
476 103 40
476 104 41
476 105 37
476 106 43
476 107 42
476 108 43
476 109 40
476 110 39
476 111 9
476 112 11
476 113 9
476 114 7
476 115 10
476 116 42
476 117 40
476 118 40
476 119 40
476 120 39
476 121 40
501 1 2
501 2 9
501 3 0
501 4 0
501 5 8
501 6 41
501 7 42
501 8 6
501 9 10
501 10 0
501 11 3
501 12 0
501 13 0
501 14 0
501 15 13
501 16 41
501 17 37
501 18 10
501 19 0
501 20 10
501 21 0
501 22 0
501 23 0
501 24 2
501 25 4
501 26 39
501 27 39
501 28 43
501 29 10
501 30 0
501 31 0
501 32 0
501 33 0
501 34 9
501 35 0
501 36 0
501 37 19
501 38 41
501 39 39
501 40 39
501 41 0
501 42 0
501 43 0
501 44 0
501 45 40
501 46 8
501 47 13
501 48 36
501 49 39
501 50 39
501 51 41
501 52 10
501 53 0
501 54 0
501 55 5
501 56 8
501 57 7
501 58 20
501 59 10
501 60 15
501 61 41
501 62 7
501 63 7
501 64 0
501 65 0
501 66 0
501 67 9
501 68 11
501 69 37
501 70 17
501 71 40
501 72 41
501 73 9
501 74 8
501 75 3
501 76 0
501 77 0
501 78 4
501 79 8
501 80 15
501 81 7
501 82 10
501 83 38
501 84 41
501 85 37
501 86 41
501 87 11
501 88 12
501 89 37
501 90 10
501 91 0
501 92 0
501 93 0
501 94 0
501 95 10
501 96 39
501 97 36
501 98 40
501 99 40
501 100 9
501 101 9
501 102 6
501 103 39
501 104 40
501 105 38
501 106 40
501 107 41
501 108 45
501 109 39
501 110 39
501 111 8
501 112 8
501 113 9
501 114 2
501 115 11
501 116 41
501 117 43
501 118 38
501 119 41
501 120 40
501 121 39
526 1 0
526 2 0
526 3 0
526 4 5
526 5 8
526 6 38
526 7 39
526 8 10
526 9 9
526 10 12
526 11 10
526 12 0
526 13 0
526 14 0
526 15 5
526 16 41
526 17 38
526 18 11
526 19 9
526 20 4
526 21 6
526 22 0
526 23 9
526 24 0
526 25 0
526 26 39
526 27 40
526 28 36
526 29 11
526 30 12
526 31 0
526 32 0
526 33 0
526 34 12
526 35 2
526 36 9
526 37 10
526 38 42
526 39 42
526 40 40
526 41 14
526 42 8
526 43 0
526 44 0
526 45 40
526 46 9
526 47 12
526 48 39
526 49 41
526 50 39
526 51 40
526 52 6
526 53 0
526 54 0
526 55 5
526 56 8
526 57 8
526 58 11
526 59 9
526 60 10
526 61 40
526 62 6
526 63 0
526 64 0
526 65 6
526 66 0
526 67 3
526 68 14
526 69 40
526 70 13
526 71 40
526 72 39
526 73 19
526 74 13
526 75 8
526 76 6
526 77 12
526 78 11
526 79 9
526 80 14
526 81 0
526 82 6
526 83 41
526 84 37
526 85 40
526 86 39
526 87 19
526 88 7
526 89 38
526 90 10
526 91 0
526 92 2
526 93 11
526 94 10
526 95 17
526 96 37
526 97 44
526 98 38
526 99 39
526 100 14
526 101 0
526 102 0
526 103 40
526 104 38
526 105 41
526 106 40
526 107 39
526 108 42
526 109 39
526 110 38
526 111 16
526 112 0
526 113 0
526 114 0
526 115 10
526 116 42
526 117 36
526 118 38
526 119 40
526 120 42
526 121 39
551 1 3
551 2 0
551 3 0
551 4 0
551 5 9
551 6 39
551 7 39
551 8 11
551 9 4
551 10 10
551 11 9
551 12 0
551 13 0
551 14 0
551 15 10
551 16 41
551 17 41
551 18 7
551 19 8
551 20 7
551 21 2
551 22 0
551 23 0
551 24 0
551 25 8
551 26 40
551 27 41
551 28 40
551 29 9
551 30 5
551 31 0
551 32 0
551 33 0
551 34 0
551 35 0
551 36 1
551 37 12
551 38 41
551 39 38
551 40 43
551 41 17
551 42 0
551 43 0
551 44 0
551 45 39
551 46 0
551 47 4
551 48 36
551 49 39
551 50 44
551 51 40
551 52 10
551 53 0
551 54 0
551 55 1
551 56 9
551 57 5
551 58 5
551 59 1
551 60 9
551 61 41
551 62 13
551 63 9
551 64 0
551 65 6
551 66 7
551 67 7
551 68 14
551 69 39
551 70 11
551 71 38
551 72 39
551 73 15
551 74 5
551 75 10
551 76 7
551 77 0
551 78 11
551 79 7
551 80 13
551 81 5
551 82 14
551 83 37
551 84 39
551 85 43
551 86 41
551 87 24
551 88 16
551 89 42
551 90 9
551 91 6
551 92 0
551 93 0
551 94 10
551 95 18
551 96 40
551 97 42
551 98 37
551 99 39
551 100 26
551 101 0
551 102 12
551 103 37
551 104 40
551 105 41
551 106 38
551 107 41
551 108 46
551 109 43
551 110 43
551 111 10
551 112 0
551 113 0
551 114 0
551 115 10
551 116 40
551 117 42
551 118 40
551 119 37
551 120 39
551 121 42
576 1 6
576 2 0
576 3 0
576 4 10
576 5 9
576 6 40
576 7 41
576 8 0
576 9 8
576 10 5
576 11 14
576 12 0
576 13 0
576 14 0
576 15 10
576 16 42
576 17 40
576 18 0
576 19 0
576 20 0
576 21 0
576 22 0
576 23 0
576 24 0
576 25 5
576 26 42
576 27 40
576 28 42
576 29 0
576 30 0
576 31 0
576 32 0
576 33 0
576 34 0
576 35 0
576 36 0
576 37 9
576 38 39
576 39 40
576 40 39
576 41 11
576 42 10
576 43 0
576 44 0
576 45 39
576 46 0
576 47 0
576 48 42
576 49 39
576 50 40
576 51 39
576 52 0
576 53 0
576 54 0
576 55 0
576 56 0
576 57 0
576 58 9
576 59 0
576 60 6
576 61 38
576 62 7
576 63 6
576 64 0
576 65 0
576 66 0
576 67 8
576 68 6
576 69 39
576 70 13
576 71 36
576 72 41
576 73 16
576 74 13
576 75 11
576 76 0
576 77 0
576 78 8
576 79 3
576 80 14
576 81 3
576 82 11
576 83 39
576 84 40
576 85 37
576 86 39
576 87 9
576 88 10
576 89 39
576 90 11
576 91 0
576 92 0
576 93 0
576 94 15
576 95 11
576 96 43
576 97 38
576 98 40
576 99 40
576 100 18
576 101 9
576 102 0
576 103 40
576 104 42
576 105 41
576 106 39
576 107 43
576 108 40
576 109 38
576 110 40
576 111 9
576 112 0
576 113 11
576 114 7
576 115 9
576 116 34
576 117 42
576 118 40
576 119 37
576 120 41
576 121 37
601 1 2
601 2 0
601 3 0
601 4 0
601 5 10
601 6 39
601 7 41
601 8 10
601 9 9
601 10 7
601 11 3
601 12 0
601 13 0
601 14 0
601 15 10
601 16 37
601 17 41
601 18 10
601 19 6
601 20 2
601 21 0
601 22 0
601 23 0
601 24 0
601 25 0
601 26 39
601 27 38
601 28 39
601 29 12
601 30 10
601 31 0
601 32 0
601 33 0
601 34 0
601 35 0
601 36 0
601 37 10
601 38 41
601 39 42
601 40 41
601 41 9
601 42 0
601 43 0
601 44 0
601 45 39
601 46 0
601 47 3
601 48 36
601 49 40
601 50 39
601 51 39
601 52 14
601 53 0
601 54 0
601 55 0
601 56 1
601 57 0
601 58 4
601 59 7
601 60 2
601 61 37
601 62 19
601 63 0
601 64 10
601 65 0
601 66 0
601 67 0
601 68 6
601 69 40
601 70 0
601 71 37
601 72 39
601 73 10
601 74 16
601 75 20
601 76 0
601 77 6
601 78 20
601 79 0
601 80 0
601 81 0
601 82 9
601 83 38
601 84 44
601 85 37
601 86 40
601 87 13
601 88 14
601 89 40
601 90 8
601 91 0
601 92 0
601 93 8
601 94 5
601 95 14
601 96 38
601 97 41
601 98 41
601 99 39
601 100 11
601 101 6
601 102 7
601 103 41
601 104 40
601 105 40
601 106 43
601 107 38
601 108 39
601 109 38
601 110 40
601 111 10
601 112 9
601 113 0
601 114 0
601 115 14
601 116 41
601 117 41
601 118 40
601 119 40
601 120 37
601 121 39
626 1 10
626 2 5
626 3 0
626 4 0
626 5 10
626 6 35
626 7 35
626 8 18
626 9 8
626 10 10
626 11 6
626 12 0
626 13 0
626 14 0
626 15 10
626 16 40
626 17 40
626 18 12
626 19 0
626 20 0
626 21 0
626 22 0
626 23 0
626 24 0
626 25 0
626 26 39
626 27 41
626 28 37
626 29 6
626 30 0
626 31 0
626 32 0
626 33 0
626 34 0
626 35 0
626 36 0
626 37 11
626 38 42
626 39 41
626 40 40
626 41 7
626 42 0
626 43 0
626 44 0
626 45 33
626 46 6
626 47 11
626 48 41
626 49 42
626 50 38
626 51 40
626 52 8
626 53 3
626 54 0
626 55 0
626 56 0
626 57 5
626 58 7
626 59 13
626 60 10
626 61 42
626 62 11
626 63 0
626 64 0
626 65 0
626 66 0
626 67 5
626 68 8
626 69 35
626 70 0
626 71 41
626 72 40
626 73 10
626 74 0
626 75 1
626 76 0
626 77 11
626 78 2
626 79 0
626 80 5
626 81 0
626 82 10
626 83 40
626 84 41
626 85 44
626 86 35
626 87 9
626 88 10
626 89 36
626 90 0
626 91 0
626 92 0
626 93 0
626 94 10
626 95 16
626 96 38
626 97 41
626 98 40
626 99 39
626 100 12
626 101 11
626 102 0
626 103 37
626 104 41
626 105 40
626 106 42
626 107 43
626 108 39
626 109 39
626 110 38
626 111 6
626 112 3
626 113 0
626 114 6
626 115 8
626 116 41
626 117 38
626 118 39
626 119 38
626 120 38
626 121 41
651 1 0
651 2 0
651 3 0
651 4 15
651 5 16
651 6 39
651 7 39
651 8 11
651 9 11
651 10 10
651 11 11
651 12 0
651 13 0
651 14 10
651 15 12
651 16 39
651 17 40
651 18 1
651 19 10
651 20 0
651 21 0
651 22 0
651 23 0
651 24 0
651 25 9
651 26 40
651 27 43
651 28 40
651 29 9
651 30 6
651 31 0
651 32 5
651 33 0
651 34 3
651 35 1
651 36 0
651 37 11
651 38 40
651 39 40
651 40 38
651 41 5
651 42 6
651 43 0
651 44 0
651 45 38
651 46 4
651 47 7
651 48 33
651 49 40
651 50 39
651 51 40
651 52 9
651 53 0
651 54 0
651 55 7
651 56 0
651 57 0
651 58 0
651 59 3
651 60 14
651 61 40
651 62 12
651 63 8
651 64 9
651 65 0
651 66 0
651 67 0
651 68 0
651 69 31
651 70 1
651 71 41
651 72 37
651 73 1
651 74 8
651 75 12
651 76 0
651 77 0
651 78 7
651 79 0
651 80 0
651 81 0
651 82 1
651 83 39
651 84 38
651 85 39
651 86 39
651 87 10
651 88 10
651 89 39
651 90 11
651 91 0
651 92 4
651 93 0
651 94 12
651 95 10
651 96 39
651 97 38
651 98 42
651 99 36
651 100 6
651 101 0
651 102 0
651 103 39
651 104 43
651 105 38
651 106 41
651 107 41
651 108 39
651 109 40
651 110 40
651 111 8
651 112 0
651 113 0
651 114 0
651 115 8
651 116 38
651 117 41
651 118 41
651 119 39
651 120 39
651 121 38
676 1 0
676 2 0
676 3 0
676 4 9
676 5 9
676 6 39
676 7 40
676 8 8
676 9 12
676 10 11
676 11 5
676 12 0
676 13 0
676 14 0
676 15 9
676 16 39
676 17 40
676 18 19
676 19 2
676 20 0
676 21 0
676 22 0
676 23 0
676 24 0
676 25 10
676 26 40
676 27 40
676 28 38
676 29 9
676 30 10
676 31 0
676 32 0
676 33 0
676 34 0
676 35 0
676 36 0
676 37 20
676 38 36
676 39 39
676 40 37
676 41 9
676 42 0
676 43 0
676 44 0
676 45 42
676 46 0
676 47 8
676 48 35
676 49 40
676 50 40
676 51 39
676 52 10
676 53 0
676 54 0
676 55 0
676 56 1
676 57 0
676 58 8
676 59 0
676 60 12
676 61 44
676 62 7
676 63 0
676 64 0
676 65 0
676 66 0
676 67 0
676 68 10
676 69 38
676 70 0
676 71 39
676 72 40
676 73 7
676 74 10
676 75 9
676 76 0
676 77 0
676 78 7
676 79 9
676 80 9
676 81 0
676 82 12
676 83 42
676 84 39
676 85 40
676 86 35
676 87 9
676 88 10
676 89 39
676 90 10
676 91 3
676 92 4
676 93 10
676 94 6
676 95 16
676 96 38
676 97 39
676 98 41
676 99 39
676 100 4
676 101 0
676 102 9
676 103 38
676 104 40
676 105 39
676 106 38
676 107 37
676 108 39
676 109 41
676 110 41
676 111 8
676 112 5
676 113 0
676 114 4
676 115 8
676 116 40
676 117 44
676 118 39
676 119 40
676 120 38
676 121 42
701 1 0
701 2 0
701 3 0
701 4 4
701 5 11
701 6 38
701 7 39
701 8 12
701 9 7
701 10 0
701 11 0
701 12 0
701 13 0
701 14 0
701 15 6
701 16 41
701 17 42
701 18 17
701 19 8
701 20 10
701 21 0
701 22 0
701 23 0
701 24 0
701 25 12
701 26 40
701 27 41
701 28 40
701 29 11
701 30 7
701 31 8
701 32 0
701 33 0
701 34 0
701 35 0
701 36 8
701 37 19
701 38 40
701 39 42
701 40 41
701 41 8
701 42 7
701 43 0
701 44 0
701 45 39
701 46 0
701 47 10
701 48 39
701 49 39
701 50 39
701 51 39
701 52 11
701 53 0
701 54 0
701 55 0
701 56 0
701 57 3
701 58 9
701 59 10
701 60 16
701 61 40
701 62 11
701 63 7
701 64 10
701 65 6
701 66 0
701 67 0
701 68 0
701 69 38
701 70 9
701 71 40
701 72 38
701 73 11
701 74 5
701 75 6
701 76 5
701 77 0
701 78 2
701 79 6
701 80 9
701 81 0
701 82 9
701 83 35
701 84 37
701 85 40
701 86 42
701 87 17
701 88 9
701 89 39
701 90 8
701 91 2
701 92 3
701 93 0
701 94 8
701 95 15
701 96 42
701 97 40
701 98 40
701 99 40
701 100 0
701 101 0
701 102 0
701 103 31
701 104 36
701 105 39
701 106 40
701 107 40
701 108 37
701 109 43
701 110 40
701 111 5
701 112 0
701 113 0
701 114 0
701 115 11
701 116 41
701 117 40
701 118 40
701 119 39
701 120 40
701 121 38
726 1 7
726 2 0
726 3 8
726 4 9
726 5 14
726 6 41
726 7 34
726 8 15
726 9 7
726 10 4
726 11 2
726 12 0
726 13 0
726 14 6
726 15 13
726 16 40
726 17 39
726 18 18
726 19 7
726 20 11
726 21 12
726 22 0
726 23 2
726 24 4
726 25 17
726 26 40
726 27 39
726 28 42
726 29 10
726 30 9
726 31 8
726 32 5
726 33 0
726 34 0
726 35 0
726 36 12
726 37 12
726 38 41
726 39 41
726 40 37
726 41 11
726 42 10
726 43 0
726 44 0
726 45 39
726 46 4
726 47 10
726 48 39
726 49 40
726 50 38
726 51 39
726 52 9
726 53 4
726 54 7
726 55 7
726 56 0
726 57 1
726 58 11
726 59 9
726 60 18
726 61 41
726 62 18
726 63 11
726 64 4
726 65 13
726 66 5
726 67 11
726 68 0
726 69 39
726 70 13
726 71 42
726 72 41
726 73 15
726 74 11
726 75 6
726 76 12
726 77 10
726 78 2
726 79 1
726 80 5
726 81 10
726 82 12
726 83 40
726 84 41
726 85 40
726 86 40
726 87 9
726 88 12
726 89 41
726 90 0
726 91 0
726 92 0
726 93 12
726 94 13
726 95 16
726 96 41
726 97 38
726 98 40
726 99 39
726 100 8
726 101 4
726 102 0
726 103 41
726 104 36
726 105 39
726 106 40
726 107 39
726 108 42
726 109 44
726 110 41
726 111 8
726 112 0
726 113 1
726 114 0
726 115 8
726 116 40
726 117 41
726 118 40
726 119 37
726 120 42
726 121 41
751 1 9
751 2 10
751 3 12
751 4 10
751 5 18
751 6 37
751 7 39
751 8 11
751 9 10
751 10 12
751 11 14
751 12 9
751 13 10
751 14 10
751 15 10
751 16 39
751 17 41
751 18 10
751 19 10
751 20 6
751 21 10
751 22 12
751 23 8
751 24 10
751 25 8
751 26 42
751 27 40
751 28 40
751 29 16
751 30 7
751 31 10
751 32 9
751 33 9
751 34 3
751 35 0
751 36 9
751 37 13
751 38 40
751 39 40
751 40 39
751 41 11
751 42 11
751 43 2
751 44 9
751 45 39
751 46 10
751 47 12
751 48 40
751 49 41
751 50 41
751 51 37
751 52 10
751 53 6
751 54 7
751 55 10
751 56 0
751 57 4
751 58 10
751 59 11
751 60 22
751 61 41
751 62 13
751 63 12
751 64 12
751 65 9
751 66 7
751 67 0
751 68 9
751 69 37
751 70 9
751 71 41
751 72 36
751 73 12
751 74 13
751 75 11
751 76 8
751 77 10
751 78 10
751 79 4
751 80 10
751 81 10
751 82 18
751 83 40
751 84 40
751 85 41
751 86 38
751 87 13
751 88 10
751 89 40
751 90 8
751 91 0
751 92 8
751 93 10
751 94 10
751 95 20
751 96 43
751 97 38
751 98 40
751 99 41
751 100 10
751 101 0
751 102 0
751 103 36
751 104 41
751 105 43
751 106 48
751 107 39
751 108 40
751 109 37
751 110 42
751 111 18
751 112 11
751 113 4
751 114 10
751 115 11
751 116 39
751 117 43
751 118 39
751 119 39
751 120 39
751 121 39
776 1 11
776 2 9
776 3 10
776 4 8
776 5 14
776 6 42
776 7 38
776 8 18
776 9 10
776 10 11
776 11 11
776 12 9
776 13 10
776 14 9
776 15 10
776 16 41
776 17 39
776 18 10
776 19 9
776 20 10
776 21 7
776 22 12
776 23 10
776 24 4
776 25 9
776 26 36
776 27 45
776 28 47
776 29 7
776 30 9
776 31 7
776 32 7
776 33 10
776 34 1
776 35 8
776 36 9
776 37 11
776 38 38
776 39 41
776 40 40
776 41 13
776 42 0
776 43 8
776 44 7
776 45 40
776 46 11
776 47 10
776 48 42
776 49 39
776 50 43
776 51 40
776 52 11
776 53 12
776 54 4
776 55 9
776 56 9
776 57 11
776 58 10
776 59 10
776 60 20
776 61 42
776 62 13
776 63 11
776 64 6
776 65 8
776 66 12
776 67 13
776 68 13
776 69 39
776 70 16
776 71 41
776 72 40
776 73 14
776 74 8
776 75 11
776 76 10
776 77 10
776 78 19
776 79 9
776 80 10
776 81 10
776 82 18
776 83 43
776 84 39
776 85 42
776 86 41
776 87 17
776 88 11
776 89 41
776 90 8
776 91 0
776 92 8
776 93 9
776 94 13
776 95 20
776 96 40
776 97 40
776 98 41
776 99 41
776 100 11
776 101 8
776 102 6
776 103 42
776 104 40
776 105 42
776 106 41
776 107 41
776 108 41
776 109 37
776 110 39
776 111 9
776 112 9
776 113 10
776 114 6
776 115 11
776 116 41
776 117 38
776 118 39
776 119 41
776 120 41
776 121 43
801 1 7
801 2 9
801 3 10
801 4 10
801 5 11
801 6 40
801 7 44
801 8 11
801 9 11
801 10 15
801 11 10
801 12 7
801 13 9
801 14 8
801 15 9
801 16 42
801 17 42
801 18 7
801 19 4
801 20 9
801 21 10
801 22 7
801 23 4
801 24 0
801 25 11
801 26 40
801 27 40
801 28 42
801 29 8
801 30 11
801 31 9
801 32 8
801 33 11
801 34 7
801 35 0
801 36 8
801 37 13
801 38 44
801 39 40
801 40 37
801 41 11
801 42 8
801 43 7
801 44 10
801 45 42
801 46 9
801 47 10
801 48 38
801 49 43
801 50 39
801 51 33
801 52 9
801 53 11
801 54 9
801 55 9
801 56 9
801 57 8
801 58 10
801 59 8
801 60 16
801 61 43
801 62 10
801 63 9
801 64 10
801 65 14
801 66 9
801 67 6
801 68 9
801 69 37
801 70 21
801 71 41
801 72 40
801 73 10
801 74 13
801 75 16
801 76 9
801 77 10
801 78 14
801 79 8
801 80 13
801 81 8
801 82 16
801 83 44
801 84 33
801 85 41
801 86 41
801 87 12
801 88 20
801 89 40
801 90 12
801 91 10
801 92 11
801 93 10
801 94 11
801 95 14
801 96 44
801 97 45
801 98 38
801 99 40
801 100 10
801 101 13
801 102 9
801 103 40
801 104 35
801 105 39
801 106 41
801 107 42
801 108 42
801 109 43
801 110 44
801 111 11
801 112 6
801 113 9
801 114 4
801 115 9
801 116 43
801 117 41
801 118 38
801 119 40
801 120 41
801 121 40
826 1 0
826 2 10
826 3 11
826 4 11
826 5 16
826 6 40
826 7 40
826 8 12
826 9 13
826 10 9
826 11 4
826 12 10
826 13 10
826 14 9
826 15 13
826 16 41
826 17 41
826 18 17
826 19 12
826 20 5
826 21 10
826 22 8
826 23 6
826 24 10
826 25 9
826 26 39
826 27 39
826 28 40
826 29 10
826 30 9
826 31 7
826 32 10
826 33 10
826 34 9
826 35 16
826 36 0
826 37 16
826 38 42
826 39 43
826 40 39
826 41 12
826 42 4
826 43 10
826 44 8
826 45 41
826 46 10
826 47 11
826 48 39
826 49 42
826 50 42
826 51 41
826 52 0
826 53 10
826 54 7
826 55 13
826 56 9
826 57 7
826 58 11
826 59 9
826 60 10
826 61 41
826 62 5
826 63 10
826 64 10
826 65 8
826 66 9
826 67 9
826 68 10
826 69 39
826 70 12
826 71 33
826 72 43
826 73 13
826 74 7
826 75 8
826 76 10
826 77 8
826 78 14
826 79 10
826 80 11
826 81 9
826 82 12
826 83 36
826 84 40
826 85 40
826 86 38
826 87 10
826 88 15
826 89 38
826 90 17
826 91 6
826 92 4
826 93 13
826 94 10
826 95 21
826 96 39
826 97 39
826 98 38
826 99 41
826 100 14
826 101 10
826 102 12
826 103 40
826 104 42
826 105 41
826 106 42
826 107 45
826 108 45
826 109 41
826 110 40
826 111 10
826 112 0
826 113 8
826 114 9
826 115 19
826 116 40
826 117 40
826 118 41
826 119 44
826 120 44
826 121 41
851 1 10
851 2 10
851 3 14
851 4 10
851 5 10
851 6 41
851 7 43
851 8 11
851 9 9
851 10 11
851 11 17
851 12 12
851 13 9
851 14 4
851 15 14
851 16 40
851 17 38
851 18 9
851 19 8
851 20 14
851 21 8
851 22 17
851 23 10
851 24 11
851 25 11
851 26 36
851 27 41
851 28 39
851 29 7
851 30 10
851 31 3
851 32 8
851 33 10
851 34 7
851 35 9
851 36 6
851 37 15
851 38 41
851 39 44
851 40 41
851 41 9
851 42 6
851 43 10
851 44 8
851 45 39
851 46 8
851 47 10
851 48 40
851 49 43
851 50 39
851 51 39
851 52 11
851 53 12
851 54 10
851 55 15
851 56 6
851 57 7
851 58 8
851 59 8
851 60 7
851 61 39
851 62 13
851 63 9
851 64 9
851 65 0
851 66 0
851 67 10
851 68 10
851 69 35
851 70 17
851 71 41
851 72 40
851 73 12
851 74 6
851 75 8
851 76 11
851 77 0
851 78 13
851 79 4
851 80 12
851 81 5
851 82 16
851 83 39
851 84 42
851 85 38
851 86 41
851 87 21
851 88 13
851 89 38
851 90 10
851 91 12
851 92 10
851 93 11
851 94 11
851 95 8
851 96 40
851 97 43
851 98 42
851 99 38
851 100 9
851 101 7
851 102 7
851 103 38
851 104 38
851 105 40
851 106 40
851 107 43
851 108 45
851 109 45
851 110 41
851 111 10
851 112 10
851 113 1
851 114 9
851 115 10
851 116 41
851 117 38
851 118 39
851 119 39
851 120 41
851 121 42
876 1 5
876 2 0
876 3 8
876 4 2
876 5 12
876 6 41
876 7 39
876 8 10
876 9 9
876 10 9
876 11 2
876 12 4
876 13 0
876 14 0
876 15 7
876 16 39
876 17 37
876 18 10
876 19 5
876 20 8
876 21 3
876 22 9
876 23 2
876 24 12
876 25 7
876 26 35
876 27 40
876 28 38
876 29 0
876 30 0
876 31 4
876 32 9
876 33 5
876 34 5
876 35 1
876 36 0
876 37 10
876 38 42
876 39 36
876 40 39
876 41 0
876 42 3
876 43 9
876 44 9
876 45 38
876 46 0
876 47 10
876 48 38
876 49 42
876 50 38
876 51 38
876 52 3
876 53 0
876 54 12
876 55 11
876 56 4
876 57 5
876 58 8
876 59 9
876 60 17
876 61 42
876 62 10
876 63 0
876 64 6
876 65 10
876 66 12
876 67 0
876 68 0
876 69 40
876 70 9
876 71 39
876 72 39
876 73 10
876 74 5
876 75 8
876 76 7
876 77 4
876 78 9
876 79 0
876 80 0
876 81 0
876 82 3
876 83 41
876 84 39
876 85 40
876 86 42
876 87 10
876 88 9
876 89 43
876 90 10
876 91 0
876 92 9
876 93 13
876 94 9
876 95 8
876 96 42
876 97 41
876 98 43
876 99 43
876 100 19
876 101 10
876 102 10
876 103 38
876 104 41
876 105 42
876 106 45
876 107 42
876 108 46
876 109 40
876 110 41
876 111 4
876 112 8
876 113 0
876 114 0
876 115 9
876 116 39
876 117 43
876 118 42
876 119 40
876 120 40
876 121 41
901 1 3
901 2 0
901 3 0
901 4 2
901 5 16
901 6 39
901 7 40
901 8 8
901 9 13
901 10 10
901 11 0
901 12 0
901 13 0
901 14 0
901 15 10
901 16 41
901 17 41
901 18 8
901 19 3
901 20 9
901 21 7
901 22 1
901 23 10
901 24 10
901 25 14
901 26 42
901 27 39
901 28 42
901 29 8
901 30 0
901 31 0
901 32 2
901 33 9
901 34 10
901 35 7
901 36 0
901 37 7
901 38 39
901 39 39
901 40 40
901 41 1
901 42 8
901 43 10
901 44 7
901 45 46
901 46 0
901 47 2
901 48 40
901 49 43
901 50 40
901 51 41
901 52 10
901 53 4
901 54 8
901 55 13
901 56 0
901 57 9
901 58 9
901 59 0
901 60 6
901 61 38
901 62 7
901 63 0
901 64 0
901 65 0
901 66 0
901 67 0
901 68 8
901 69 42
901 70 10
901 71 39
901 72 37
901 73 9
901 74 5
901 75 0
901 76 3
901 77 8
901 78 8
901 79 0
901 80 7
901 81 5
901 82 7
901 83 41
901 84 41
901 85 40
901 86 40
901 87 8
901 88 6
901 89 41
901 90 8
901 91 0
901 92 0
901 93 9
901 94 10
901 95 9
901 96 42
901 97 44
901 98 43
901 99 40
901 100 8
901 101 7
901 102 11
901 103 39
901 104 40
901 105 43
901 106 38
901 107 44
901 108 43
901 109 42
901 110 41
901 111 10
901 112 8
901 113 0
901 114 10
901 115 8
901 116 41
901 117 43
901 118 43
901 119 39
901 120 40
901 121 40
926 1 0
926 2 0
926 3 0
926 4 12
926 5 12
926 6 43
926 7 39
926 8 0
926 9 9
926 10 11
926 11 0
926 12 0
926 13 0
926 14 0
926 15 16
926 16 43
926 17 33
926 18 0
926 19 0
926 20 0
926 21 7
926 22 7
926 23 7
926 24 0
926 25 9
926 26 41
926 27 43
926 28 39
926 29 5
926 30 9
926 31 0
926 32 13
926 33 8
926 34 9
926 35 3
926 36 6
926 37 12
926 38 43
926 39 41
926 40 40
926 41 2
926 42 7
926 43 10
926 44 11
926 45 39
926 46 0
926 47 0
926 48 39
926 49 40
926 50 36
926 51 40
926 52 1
926 53 0
926 54 11
926 55 0
926 56 3
926 57 0
926 58 0
926 59 0
926 60 13
926 61 40
926 62 8
926 63 0
926 64 0
926 65 0
926 66 0
926 67 0
926 68 0
926 69 38
926 70 10
926 71 42
926 72 39
926 73 8
926 74 0
926 75 0
926 76 0
926 77 0
926 78 0
926 79 0
926 80 0
926 81 0
926 82 0
926 83 38
926 84 40
926 85 40
926 86 41
926 87 10
926 88 11
926 89 39
926 90 0
926 91 0
926 92 4
926 93 5
926 94 0
926 95 0
926 96 38
926 97 41
926 98 40
926 99 45
926 100 10
926 101 9
926 102 8
926 103 40
926 104 42
926 105 39
926 106 42
926 107 39
926 108 42
926 109 42
926 110 38
926 111 9
926 112 11
926 113 0
926 114 0
926 115 9
926 116 42
926 117 42
926 118 41
926 119 41
926 120 43
926 121 40
951 1 10
951 2 9
951 3 11
951 4 6
951 5 10
951 6 40
951 7 42
951 8 9
951 9 2
951 10 0
951 11 9
951 12 10
951 13 11
951 14 11
951 15 14
951 16 41
951 17 39
951 18 10
951 19 0
951 20 0
951 21 9
951 22 9
951 23 9
951 24 0
951 25 17
951 26 38
951 27 41
951 28 40
951 29 13
951 30 0
951 31 2
951 32 9
951 33 10
951 34 12
951 35 0
951 36 13
951 37 10
951 38 42
951 39 42
951 40 41
951 41 10
951 42 5
951 43 10
951 44 15
951 45 37
951 46 0
951 47 11
951 48 38
951 49 44
951 50 42
951 51 39
951 52 0
951 53 3
951 54 4
951 55 2
951 56 0
951 57 0
951 58 0
951 59 9
951 60 3
951 61 38
951 62 0
951 63 0
951 64 8
951 65 0
951 66 0
951 67 0
951 68 0
951 69 37
951 70 9
951 71 40
951 72 40
951 73 13
951 74 3
951 75 5
951 76 0
951 77 0
951 78 0
951 79 0
951 80 0
951 81 0
951 82 0
951 83 40
951 84 42
951 85 40
951 86 40
951 87 10
951 88 4
951 89 39
951 90 4
951 91 0
951 92 0
951 93 3
951 94 17
951 95 6
951 96 45
951 97 41
951 98 40
951 99 42
951 100 11
951 101 1
951 102 7
951 103 42
951 104 41
951 105 39
951 106 40
951 107 37
951 108 39
951 109 42
951 110 39
951 111 14
951 112 11
951 113 6
951 114 0
951 115 5
951 116 40
951 117 40
951 118 38
951 119 42
951 120 44
951 121 45
976 1 11
976 2 18
976 3 10
976 4 9
976 5 11
976 6 41
976 7 40
976 8 10
976 9 7
976 10 0
976 11 8
976 12 12
976 13 0
976 14 11
976 15 20
976 16 40
976 17 42
976 18 11
976 19 5
976 20 3
976 21 11
976 22 8
976 23 13
976 24 10
976 25 18
976 26 39
976 27 43
976 28 40
976 29 17
976 30 10
976 31 0
976 32 9
976 33 7
976 34 4
976 35 9
976 36 10
976 37 15
976 38 40
976 39 40
976 40 41
976 41 17
976 42 8
976 43 9
976 44 13
976 45 38
976 46 0
976 47 7
976 48 41
976 49 40
976 50 39
976 51 38
976 52 11
976 53 0
976 54 6
976 55 0
976 56 4
976 57 0
976 58 13
976 59 9
976 60 7
976 61 40
976 62 16
976 63 7
976 64 7
976 65 8
976 66 0
976 67 0
976 68 0
976 69 41
976 70 11
976 71 41
976 72 41
976 73 0
976 74 7
976 75 10
976 76 0
976 77 0
976 78 0
976 79 0
976 80 0
976 81 12
976 82 12
976 83 40
976 84 43
976 85 43
976 86 37
976 87 9
976 88 0
976 89 38
976 90 1
976 91 4
976 92 6
976 93 11
976 94 8
976 95 0
976 96 41
976 97 38
976 98 38
976 99 40
976 100 0
976 101 6
976 102 7
976 103 39
976 104 39
976 105 43
976 106 42
976 107 43
976 108 40
976 109 42
976 110 38
976 111 0
976 112 7
976 113 0
976 114 0
976 115 11
976 116 41
976 117 41
976 118 40
976 119 42
976 120 40
976 121 41
1001 1 5
1001 2 7
1001 3 6
1001 4 15
1001 5 7
1001 6 39
1001 7 39
1001 8 10
1001 9 3
1001 10 13
1001 11 10
1001 12 12
1001 13 12
1001 14 9
1001 15 8
1001 16 40
1001 17 39
1001 18 10
1001 19 9
1001 20 16
1001 21 11
1001 22 10
1001 23 12
1001 24 10
1001 25 10
1001 26 41
1001 27 40
1001 28 38
1001 29 19
1001 30 8
1001 31 8
1001 32 10
1001 33 10
1001 34 9
1001 35 6
1001 36 4
1001 37 20
1001 38 43
1001 39 44
1001 40 42
1001 41 10
1001 42 11
1001 43 6
1001 44 7
1001 45 38
1001 46 9
1001 47 14
1001 48 42
1001 49 41
1001 50 38
1001 51 39
1001 52 9
1001 53 11
1001 54 5
1001 55 10
1001 56 0
1001 57 0
1001 58 9
1001 59 13
1001 60 14
1001 61 42
1001 62 10
1001 63 0
1001 64 5
1001 65 0
1001 66 0
1001 67 1
1001 68 2
1001 69 44
1001 70 0
1001 71 35
1001 72 40
1001 73 17
1001 74 4
1001 75 0
1001 76 0
1001 77 0
1001 78 3
1001 79 0
1001 80 0
1001 81 0
1001 82 2
1001 83 39
1001 84 40
1001 85 40
1001 86 41
1001 87 11
1001 88 10
1001 89 40
1001 90 2
1001 91 0
1001 92 0
1001 93 10
1001 94 10
1001 95 15
1001 96 40
1001 97 39
1001 98 41
1001 99 44
1001 100 8
1001 101 0
1001 102 0
1001 103 39
1001 104 37
1001 105 39
1001 106 41
1001 107 40
1001 108 40
1001 109 38
1001 110 40
1001 111 10
1001 112 0
1001 113 0
1001 114 3
1001 115 10
1001 116 39
1001 117 41
1001 118 38
1001 119 40
1001 120 41
1001 121 40
1026 1 0
1026 2 0
1026 3 9
1026 4 12
1026 5 14
1026 6 42
1026 7 40
1026 8 9
1026 9 8
1026 10 12
1026 11 7
1026 12 0
1026 13 9
1026 14 11
1026 15 10
1026 16 38
1026 17 39
1026 18 12
1026 19 9
1026 20 10
1026 21 3
1026 22 7
1026 23 8
1026 24 10
1026 25 11
1026 26 37
1026 27 41
1026 28 38
1026 29 11
1026 30 7
1026 31 12
1026 32 9
1026 33 13
1026 34 10
1026 35 5
1026 36 7
1026 37 20
1026 38 40
1026 39 40
1026 40 36
1026 41 8
1026 42 10
1026 43 8
1026 44 11
1026 45 38
1026 46 9
1026 47 20
1026 48 41
1026 49 43
1026 50 42
1026 51 40
1026 52 4
1026 53 9
1026 54 3
1026 55 0
1026 56 3
1026 57 0
1026 58 10
1026 59 13
1026 60 11
1026 61 39
1026 62 13
1026 63 0
1026 64 0
1026 65 0
1026 66 0
1026 67 0
1026 68 2
1026 69 40
1026 70 0
1026 71 40
1026 72 42
1026 73 8
1026 74 14
1026 75 0
1026 76 0
1026 77 0
1026 78 0
1026 79 0
1026 80 0
1026 81 0
1026 82 0
1026 83 39
1026 84 38
1026 85 39
1026 86 39
1026 87 10
1026 88 0
1026 89 40
1026 90 5
1026 91 0
1026 92 1
1026 93 10
1026 94 9
1026 95 19
1026 96 40
1026 97 40
1026 98 42
1026 99 41
1026 100 0
1026 101 0
1026 102 0
1026 103 36
1026 104 42
1026 105 40
1026 106 40
1026 107 41
1026 108 42
1026 109 42
1026 110 43
1026 111 0
1026 112 0
1026 113 0
1026 114 2
1026 115 13
1026 116 40
1026 117 40
1026 118 41
1026 119 41
1026 120 40
1026 121 39
1051 1 0
1051 2 14
1051 3 10
1051 4 13
1051 5 16
1051 6 40
1051 7 40
1051 8 7
1051 9 0
1051 10 1
1051 11 4
1051 12 10
1051 13 10
1051 14 16
1051 15 14
1051 16 40
1051 17 35
1051 18 10
1051 19 0
1051 20 0
1051 21 0
1051 22 10
1051 23 9
1051 24 13
1051 25 9
1051 26 39
1051 27 41
1051 28 35
1051 29 12
1051 30 8
1051 31 7
1051 32 11
1051 33 8
1051 34 12
1051 35 10
1051 36 8
1051 37 10
1051 38 39
1051 39 36
1051 40 37
1051 41 11
1051 42 9
1051 43 9
1051 44 12
1051 45 34
1051 46 12
1051 47 9
1051 48 41
1051 49 41
1051 50 37
1051 51 39
1051 52 8
1051 53 10
1051 54 8
1051 55 11
1051 56 8
1051 57 0
1051 58 6
1051 59 13
1051 60 14
1051 61 40
1051 62 12
1051 63 6
1051 64 6
1051 65 9
1051 66 7
1051 67 10
1051 68 0
1051 69 40
1051 70 7
1051 71 41
1051 72 41
1051 73 10
1051 74 10
1051 75 14
1051 76 9
1051 77 9
1051 78 7
1051 79 9
1051 80 0
1051 81 10
1051 82 10
1051 83 41
1051 84 39
1051 85 39
1051 86 39
1051 87 14
1051 88 9
1051 89 36
1051 90 7
1051 91 0
1051 92 10
1051 93 11
1051 94 17
1051 95 22
1051 96 38
1051 97 43
1051 98 42
1051 99 35
1051 100 11
1051 101 0
1051 102 0
1051 103 38
1051 104 40
1051 105 38
1051 106 43
1051 107 39
1051 108 37
1051 109 39
1051 110 40
1051 111 0
1051 112 0
1051 113 0
1051 114 7
1051 115 14
1051 116 40
1051 117 39
1051 118 42
1051 119 40
1051 120 39
1051 121 41
1076 1 0
1076 2 8
1076 3 8
1076 4 10
1076 5 11
1076 6 42
1076 7 41
1076 8 23
1076 9 10
1076 10 10
1076 11 1
1076 12 8
1076 13 11
1076 14 7
1076 15 11
1076 16 40
1076 17 40
1076 18 20
1076 19 12
1076 20 12
1076 21 10
1076 22 10
1076 23 7
1076 24 8
1076 25 10
1076 26 37
1076 27 41
1076 28 37
1076 29 15
1076 30 7
1076 31 5
1076 32 8
1076 33 7
1076 34 11
1076 35 8
1076 36 2
1076 37 6
1076 38 41
1076 39 38
1076 40 42
1076 41 10
1076 42 10
1076 43 6
1076 44 9
1076 45 42
1076 46 11
1076 47 10
1076 48 40
1076 49 41
1076 50 40
1076 51 40
1076 52 9
1076 53 4
1076 54 9
1076 55 12
1076 56 10
1076 57 9
1076 58 9
1076 59 10
1076 60 17
1076 61 39
1076 62 9
1076 63 10
1076 64 8
1076 65 9
1076 66 10
1076 67 0
1076 68 0
1076 69 38
1076 70 10
1076 71 41
1076 72 44
1076 73 11
1076 74 10
1076 75 12
1076 76 7
1076 77 4
1076 78 0
1076 79 0
1076 80 0
1076 81 12
1076 82 15
1076 83 38
1076 84 41
1076 85 41
1076 86 41
1076 87 14
1076 88 4
1076 89 39
1076 90 0
1076 91 5
1076 92 8
1076 93 11
1076 94 11
1076 95 18
1076 96 40
1076 97 44
1076 98 43
1076 99 40
1076 100 0
1076 101 0
1076 102 9
1076 103 41
1076 104 44
1076 105 42
1076 106 42
1076 107 39
1076 108 39
1076 109 37
1076 110 36
1076 111 0
1076 112 0
1076 113 3
1076 114 10
1076 115 12
1076 116 36
1076 117 39
1076 118 42
1076 119 45
1076 120 40
1076 121 39
1101 1 9
1101 2 10
1101 3 4
1101 4 6
1101 5 9
1101 6 42
1101 7 40
1101 8 10
1101 9 11
1101 10 8
1101 11 11
1101 12 11
1101 13 6
1101 14 10
1101 15 11
1101 16 38
1101 17 42
1101 18 12
1101 19 7
1101 20 10
1101 21 10
1101 22 10
1101 23 8
1101 24 11
1101 25 8
1101 26 40
1101 27 42
1101 28 36
1101 29 12
1101 30 13
1101 31 8
1101 32 14
1101 33 10
1101 34 16
1101 35 10
1101 36 9
1101 37 19
1101 38 43
1101 39 41
1101 40 42
1101 41 6
1101 42 8
1101 43 7
1101 44 9
1101 45 39
1101 46 0
1101 47 10
1101 48 36
1101 49 39
1101 50 39
1101 51 37
1101 52 13
1101 53 5
1101 54 4
1101 55 9
1101 56 10
1101 57 9
1101 58 10
1101 59 14
1101 60 17
1101 61 41
1101 62 13
1101 63 10
1101 64 14
1101 65 10
1101 66 10
1101 67 4
1101 68 6
1101 69 41
1101 70 8
1101 71 36
1101 72 40
1101 73 17
1101 74 0
1101 75 4
1101 76 10
1101 77 6
1101 78 2
1101 79 5
1101 80 12
1101 81 7
1101 82 17
1101 83 40
1101 84 39
1101 85 39
1101 86 39
1101 87 21
1101 88 10
1101 89 38
1101 90 0
1101 91 2
1101 92 0
1101 93 10
1101 94 10
1101 95 17
1101 96 42
1101 97 40
1101 98 40
1101 99 40
1101 100 0
1101 101 0
1101 102 9
1101 103 38
1101 104 40
1101 105 39
1101 106 40
1101 107 41
1101 108 41
1101 109 36
1101 110 40
1101 111 8
1101 112 11
1101 113 8
1101 114 0
1101 115 7
1101 116 39
1101 117 41
1101 118 39
1101 119 38
1101 120 41
1101 121 43
1126 1 8
1126 2 5
1126 3 6
1126 4 10
1126 5 19
1126 6 40
1126 7 39
1126 8 17
1126 9 16
1126 10 9
1126 11 9
1126 12 11
1126 13 13
1126 14 5
1126 15 14
1126 16 42
1126 17 42
1126 18 16
1126 19 10
1126 20 12
1126 21 4
1126 22 7
1126 23 7
1126 24 8
1126 25 10
1126 26 38
1126 27 42
1126 28 45
1126 29 13
1126 30 6
1126 31 13
1126 32 8
1126 33 7
1126 34 10
1126 35 7
1126 36 0
1126 37 13
1126 38 42
1126 39 39
1126 40 40
1126 41 14
1126 42 10
1126 43 5
1126 44 9
1126 45 42
1126 46 0
1126 47 0
1126 48 42
1126 49 40
1126 50 42
1126 51 40
1126 52 12
1126 53 11
1126 54 12
1126 55 6
1126 56 10
1126 57 5
1126 58 0
1126 59 7
1126 60 18
1126 61 43
1126 62 16
1126 63 6
1126 64 12
1126 65 13
1126 66 11
1126 67 10
1126 68 12
1126 69 42
1126 70 11
1126 71 40
1126 72 42
1126 73 16
1126 74 18
1126 75 13
1126 76 17
1126 77 9
1126 78 11
1126 79 4
1126 80 11
1126 81 4
1126 82 12
1126 83 42
1126 84 44
1126 85 43
1126 86 38
1126 87 12
1126 88 14
1126 89 39
1126 90 5
1126 91 10
1126 92 8
1126 93 10
1126 94 14
1126 95 21
1126 96 41
1126 97 40
1126 98 42
1126 99 40
1126 100 8
1126 101 0
1126 102 5
1126 103 41
1126 104 42
1126 105 39
1126 106 36
1126 107 39
1126 108 40
1126 109 41
1126 110 43
1126 111 0
1126 112 4
1126 113 10
1126 114 7
1126 115 16
1126 116 40
1126 117 40
1126 118 39
1126 119 40
1126 120 39
1126 121 39
1151 1 12
1151 2 10
1151 3 9
1151 4 8
1151 5 15
1151 6 40
1151 7 41
1151 8 20
1151 9 15
1151 10 10
1151 11 10
1151 12 7
1151 13 3
1151 14 11
1151 15 14
1151 16 44
1151 17 42
1151 18 13
1151 19 10
1151 20 9
1151 21 8
1151 22 8
1151 23 11
1151 24 5
1151 25 12
1151 26 40
1151 27 40
1151 28 40
1151 29 15
1151 30 7
1151 31 6
1151 32 11
1151 33 6
1151 34 5
1151 35 3
1151 36 14
1151 37 14
1151 38 39
1151 39 41
1151 40 40
1151 41 10
1151 42 8
1151 43 8
1151 44 11
1151 45 39
1151 46 10
1151 47 9
1151 48 44
1151 49 43
1151 50 40
1151 51 38
1151 52 12
1151 53 8
1151 54 10
1151 55 8
1151 56 8
1151 57 0
1151 58 9
1151 59 11
1151 60 15
1151 61 41
1151 62 10
1151 63 6
1151 64 5
1151 65 10
1151 66 9
1151 67 10
1151 68 8
1151 69 38
1151 70 13
1151 71 40
1151 72 38
1151 73 12
1151 74 9
1151 75 11
1151 76 11
1151 77 7
1151 78 11
1151 79 10
1151 80 10
1151 81 14
1151 82 11
1151 83 39
1151 84 40
1151 85 41
1151 86 40
1151 87 16
1151 88 10
1151 89 38
1151 90 12
1151 91 8
1151 92 10
1151 93 8
1151 94 14
1151 95 17
1151 96 39
1151 97 41
1151 98 44
1151 99 40
1151 100 11
1151 101 9
1151 102 9
1151 103 40
1151 104 38
1151 105 41
1151 106 42
1151 107 40
1151 108 39
1151 109 42
1151 110 38
1151 111 13
1151 112 4
1151 113 8
1151 114 11
1151 115 15
1151 116 42
1151 117 41
1151 118 44
1151 119 43
1151 120 40
1151 121 40
1176 1 0
1176 2 3
1176 3 0
1176 4 7
1176 5 9
1176 6 42
1176 7 38
1176 8 18
1176 9 10
1176 10 10
1176 11 8
1176 12 10
1176 13 10
1176 14 5
1176 15 9
1176 16 41
1176 17 39
1176 18 11
1176 19 11
1176 20 7
1176 21 12
1176 22 10
1176 23 10
1176 24 0
1176 25 6
1176 26 39
1176 27 43
1176 28 41
1176 29 16
1176 30 8
1176 31 9
1176 32 7
1176 33 9
1176 34 0
1176 35 0
1176 36 5
1176 37 13
1176 38 40
1176 39 40
1176 40 39
1176 41 11
1176 42 9
1176 43 10
1176 44 10
1176 45 40
1176 46 10
1176 47 10
1176 48 41
1176 49 39
1176 50 41
1176 51 39
1176 52 10
1176 53 10
1176 54 10
1176 55 9
1176 56 0
1176 57 3
1176 58 7
1176 59 9
1176 60 14
1176 61 40
1176 62 16
1176 63 6
1176 64 8
1176 65 8
1176 66 8
1176 67 8
1176 68 10
1176 69 42
1176 70 12
1176 71 39
1176 72 37
1176 73 10
1176 74 9
1176 75 9
1176 76 10
1176 77 6
1176 78 8
1176 79 11
1176 80 10
1176 81 11
1176 82 13
1176 83 41
1176 84 38
1176 85 39
1176 86 42
1176 87 21
1176 88 8
1176 89 37
1176 90 8
1176 91 10
1176 92 8
1176 93 9
1176 94 15
1176 95 13
1176 96 40
1176 97 39
1176 98 38
1176 99 41
1176 100 13
1176 101 8
1176 102 11
1176 103 42
1176 104 37
1176 105 40
1176 106 39
1176 107 41
1176 108 39
1176 109 41
1176 110 43
1176 111 9
1176 112 8
1176 113 5
1176 114 13
1176 115 18
1176 116 39
1176 117 38
1176 118 40
1176 119 39
1176 120 39
1176 121 39
1201 1 0
1201 2 5
1201 3 5
1201 4 5
1201 5 13
1201 6 39
1201 7 41
1201 8 16
1201 9 9
1201 10 12
1201 11 9
1201 12 0
1201 13 0
1201 14 11
1201 15 11
1201 16 41
1201 17 39
1201 18 13
1201 19 4
1201 20 10
1201 21 10
1201 22 7
1201 23 0
1201 24 0
1201 25 0
1201 26 38
1201 27 35
1201 28 40
1201 29 8
1201 30 11
1201 31 7
1201 32 8
1201 33 8
1201 34 0
1201 35 3
1201 36 1
1201 37 7
1201 38 38
1201 39 42
1201 40 40
1201 41 6
1201 42 8
1201 43 10
1201 44 11
1201 45 36
1201 46 8
1201 47 11
1201 48 40
1201 49 38
1201 50 43
1201 51 41
1201 52 11
1201 53 5
1201 54 12
1201 55 8
1201 56 15
1201 57 0
1201 58 14
1201 59 10
1201 60 16
1201 61 41
1201 62 14
1201 63 10
1201 64 11
1201 65 7
1201 66 8
1201 67 12
1201 68 9
1201 69 39
1201 70 11
1201 71 39
1201 72 40
1201 73 10
1201 74 13
1201 75 14
1201 76 10
1201 77 10
1201 78 6
1201 79 8
1201 80 2
1201 81 7
1201 82 17
1201 83 39
1201 84 37
1201 85 39
1201 86 43
1201 87 16
1201 88 11
1201 89 39
1201 90 9
1201 91 12
1201 92 7
1201 93 14
1201 94 21
1201 95 19
1201 96 42
1201 97 39
1201 98 42
1201 99 39
1201 100 16
1201 101 9
1201 102 8
1201 103 40
1201 104 39
1201 105 39
1201 106 39
1201 107 44
1201 108 41
1201 109 38
1201 110 41
1201 111 9
1201 112 11
1201 113 10
1201 114 12
1201 115 10
1201 116 40
1201 117 41
1201 118 43
1201 119 40
1201 120 42
1201 121 41
1226 1 10
1226 2 12
1226 3 4
1226 4 4
1226 5 9
1226 6 41
1226 7 40
1226 8 18
1226 9 14
1226 10 8
1226 11 12
1226 12 9
1226 13 5
1226 14 0
1226 15 9
1226 16 39
1226 17 44
1226 18 8
1226 19 10
1226 20 10
1226 21 5
1226 22 7
1226 23 6
1226 24 9
1226 25 6
1226 26 38
1226 27 44
1226 28 40
1226 29 13
1226 30 7
1226 31 4
1226 32 8
1226 33 0
1226 34 10
1226 35 0
1226 36 0
1226 37 17
1226 38 42
1226 39 40
1226 40 40
1226 41 14
1226 42 5
1226 43 11
1226 44 8
1226 45 37
1226 46 2
1226 47 1
1226 48 40
1226 49 39
1226 50 40
1226 51 40
1226 52 7
1226 53 6
1226 54 7
1226 55 2
1226 56 0
1226 57 0
1226 58 0
1226 59 1
1226 60 12
1226 61 40
1226 62 10
1226 63 10
1226 64 8
1226 65 10
1226 66 6
1226 67 9
1226 68 10
1226 69 39
1226 70 9
1226 71 42
1226 72 41
1226 73 16
1226 74 10
1226 75 14
1226 76 11
1226 77 10
1226 78 15
1226 79 2
1226 80 11
1226 81 7
1226 82 8
1226 83 35
1226 84 40
1226 85 38
1226 86 41
1226 87 20
1226 88 21
1226 89 41
1226 90 14
1226 91 10
1226 92 10
1226 93 11
1226 94 10
1226 95 16
1226 96 41
1226 97 40
1226 98 42
1226 99 41
1226 100 10
1226 101 9
1226 102 14
1226 103 42
1226 104 35
1226 105 41
1226 106 45
1226 107 43
1226 108 44
1226 109 42
1226 110 39
1226 111 8
1226 112 9
1226 113 11
1226 114 12
1226 115 10
1226 116 39
1226 117 45
1226 118 42
1226 119 37
1226 120 39
1226 121 39
1251 1 0
1251 2 0
1251 3 0
1251 4 5
1251 5 7
1251 6 41
1251 7 37
1251 8 10
1251 9 9
1251 10 11
1251 11 9
1251 12 8
1251 13 4
1251 14 0
1251 15 6
1251 16 39
1251 17 40
1251 18 11
1251 19 12
1251 20 5
1251 21 9
1251 22 7
1251 23 0
1251 24 6
1251 25 4
1251 26 40
1251 27 42
1251 28 41
1251 29 8
1251 30 9
1251 31 0
1251 32 0
1251 33 0
1251 34 0
1251 35 0
1251 36 7
1251 37 10
1251 38 41
1251 39 40
1251 40 44
1251 41 8
1251 42 0
1251 43 0
1251 44 0
1251 45 40
1251 46 0
1251 47 0
1251 48 42
1251 49 38
1251 50 40
1251 51 41
1251 52 13
1251 53 6
1251 54 6
1251 55 10
1251 56 7
1251 57 0
1251 58 0
1251 59 12
1251 60 10
1251 61 39
1251 62 9
1251 63 10
1251 64 16
1251 65 6
1251 66 7
1251 67 9
1251 68 7
1251 69 42
1251 70 12
1251 71 34
1251 72 41
1251 73 11
1251 74 11
1251 75 9
1251 76 8
1251 77 8
1251 78 15
1251 79 8
1251 80 10
1251 81 5
1251 82 12
1251 83 41
1251 84 40
1251 85 44
1251 86 40
1251 87 8
1251 88 8
1251 89 39
1251 90 13
1251 91 10
1251 92 20
1251 93 9
1251 94 14
1251 95 12
1251 96 41
1251 97 40
1251 98 40
1251 99 40
1251 100 16
1251 101 3
1251 102 10
1251 103 40
1251 104 38
1251 105 43
1251 106 40
1251 107 38
1251 108 39
1251 109 40
1251 110 38
1251 111 12
1251 112 7
1251 113 13
1251 114 8
1251 115 11
1251 116 40
1251 117 38
1251 118 42
1251 119 41
1251 120 33
1251 121 39
1276 1 8
1276 2 0
1276 3 0
1276 4 8
1276 5 10
1276 6 43
1276 7 40
1276 8 10
1276 9 12
1276 10 10
1276 11 8
1276 12 0
1276 13 0
1276 14 0
1276 15 8
1276 16 39
1276 17 39
1276 18 0
1276 19 0
1276 20 4
1276 21 8
1276 22 0
1276 23 0
1276 24 0
1276 25 8
1276 26 40
1276 27 35
1276 28 42
1276 29 10
1276 30 0
1276 31 0
1276 32 0
1276 33 0
1276 34 1
1276 35 8
1276 36 6
1276 37 10
1276 38 42
1276 39 40
1276 40 38
1276 41 0
1276 42 0
1276 43 0
1276 44 10
1276 45 41
1276 46 7
1276 47 12
1276 48 40
1276 49 40
1276 50 38
1276 51 41
1276 52 10
1276 53 8
1276 54 15
1276 55 7
1276 56 0
1276 57 0
1276 58 11
1276 59 11
1276 60 13
1276 61 40
1276 62 7
1276 63 10
1276 64 15
1276 65 11
1276 66 9
1276 67 9
1276 68 12
1276 69 39
1276 70 11
1276 71 40
1276 72 38
1276 73 11
1276 74 11
1276 75 9
1276 76 9
1276 77 14
1276 78 10
1276 79 8
1276 80 5
1276 81 9
1276 82 2
1276 83 39
1276 84 40
1276 85 40
1276 86 43
1276 87 16
1276 88 12
1276 89 39
1276 90 12
1276 91 8
1276 92 9
1276 93 9
1276 94 6
1276 95 9
1276 96 39
1276 97 39
1276 98 43
1276 99 41
1276 100 18
1276 101 6
1276 102 11
1276 103 39
1276 104 40
1276 105 41
1276 106 41
1276 107 42
1276 108 42
1276 109 40
1276 110 40
1276 111 6
1276 112 9
1276 113 10
1276 114 6
1276 115 13
1276 116 42
1276 117 39
1276 118 45
1276 119 40
1276 120 39
1276 121 40
1301 1 11
1301 2 6
1301 3 0
1301 4 0
1301 5 5
1301 6 39
1301 7 40
1301 8 4
1301 9 11
1301 10 12
1301 11 10
1301 12 0
1301 13 0
1301 14 0
1301 15 5
1301 16 40
1301 17 39
1301 18 10
1301 19 0
1301 20 0
1301 21 9
1301 22 5
1301 23 0
1301 24 0
1301 25 0
1301 26 42
1301 27 39
1301 28 38
1301 29 13
1301 30 9
1301 31 2
1301 32 0
1301 33 0
1301 34 0
1301 35 0
1301 36 12
1301 37 11
1301 38 37
1301 39 40
1301 40 39
1301 41 14
1301 42 0
1301 43 7
1301 44 0
1301 45 40
1301 46 0
1301 47 7
1301 48 39
1301 49 38
1301 50 40
1301 51 39
1301 52 7
1301 53 5
1301 54 9
1301 55 3
1301 56 12
1301 57 0
1301 58 0
1301 59 7
1301 60 11
1301 61 41
1301 62 13
1301 63 10
1301 64 11
1301 65 9
1301 66 11
1301 67 6
1301 68 9
1301 69 38
1301 70 4
1301 71 40
1301 72 43
1301 73 13
1301 74 10
1301 75 16
1301 76 9
1301 77 10
1301 78 16
1301 79 11
1301 80 10
1301 81 0
1301 82 4
1301 83 42
1301 84 41
1301 85 44
1301 86 41
1301 87 10
1301 88 11
1301 89 38
1301 90 10
1301 91 10
1301 92 9
1301 93 4
1301 94 10
1301 95 20
1301 96 40
1301 97 39
1301 98 40
1301 99 41
1301 100 9
1301 101 10
1301 102 0
1301 103 40
1301 104 40
1301 105 44
1301 106 40
1301 107 41
1301 108 43
1301 109 38
1301 110 41
1301 111 10
1301 112 11
1301 113 9
1301 114 8
1301 115 9
1301 116 41
1301 117 42
1301 118 40
1301 119 41
1301 120 40
1301 121 39
1326 1 4
1326 2 11
1326 3 16
1326 4 12
1326 5 9
1326 6 41
1326 7 36
1326 8 17
1326 9 7
1326 10 8
1326 11 12
1326 12 10
1326 13 7
1326 14 12
1326 15 10
1326 16 39
1326 17 40
1326 18 12
1326 19 8
1326 20 0
1326 21 8
1326 22 11
1326 23 3
1326 24 3
1326 25 14
1326 26 39
1326 27 38
1326 28 41
1326 29 15
1326 30 0
1326 31 0
1326 32 0
1326 33 0
1326 34 0
1326 35 7
1326 36 8
1326 37 14
1326 38 40
1326 39 44
1326 40 42
1326 41 11
1326 42 7
1326 43 0
1326 44 0
1326 45 39
1326 46 0
1326 47 5
1326 48 40
1326 49 37
1326 50 35
1326 51 39
1326 52 13
1326 53 0
1326 54 6
1326 55 9
1326 56 0
1326 57 0
1326 58 8
1326 59 10
1326 60 17
1326 61 39
1326 62 10
1326 63 0
1326 64 8
1326 65 10
1326 66 7
1326 67 9
1326 68 14
1326 69 40
1326 70 0
1326 71 40
1326 72 40
1326 73 7
1326 74 0
1326 75 12
1326 76 8
1326 77 11
1326 78 10
1326 79 9
1326 80 0
1326 81 0
1326 82 9
1326 83 41
1326 84 38
1326 85 40
1326 86 44
1326 87 12
1326 88 9
1326 89 37
1326 90 8
1326 91 3
1326 92 0
1326 93 11
1326 94 8
1326 95 18
1326 96 41
1326 97 40
1326 98 40
1326 99 40
1326 100 6
1326 101 12
1326 102 0
1326 103 40
1326 104 39
1326 105 37
1326 106 35
1326 107 37
1326 108 39
1326 109 42
1326 110 37
1326 111 9
1326 112 11
1326 113 13
1326 114 0
1326 115 10
1326 116 39
1326 117 40
1326 118 40
1326 119 43
1326 120 39
1326 121 35
1351 1 5
1351 2 7
1351 3 7
1351 4 11
1351 5 15
1351 6 40
1351 7 39
1351 8 3
1351 9 10
1351 10 8
1351 11 9
1351 12 4
1351 13 10
1351 14 7
1351 15 12
1351 16 41
1351 17 39
1351 18 10
1351 19 0
1351 20 8
1351 21 6
1351 22 8
1351 23 12
1351 24 9
1351 25 7
1351 26 39
1351 27 42
1351 28 41
1351 29 20
1351 30 4
1351 31 8
1351 32 6
1351 33 9
1351 34 10
1351 35 0
1351 36 0
1351 37 10
1351 38 42
1351 39 38
1351 40 37
1351 41 0
1351 42 4
1351 43 8
1351 44 15
1351 45 40
1351 46 9
1351 47 0
1351 48 41
1351 49 44
1351 50 40
1351 51 39
1351 52 10
1351 53 10
1351 54 15
1351 55 11
1351 56 6
1351 57 6
1351 58 3
1351 59 10
1351 60 9
1351 61 39
1351 62 19
1351 63 10
1351 64 9
1351 65 8
1351 66 3
1351 67 0
1351 68 1
1351 69 40
1351 70 9
1351 71 40
1351 72 42
1351 73 13
1351 74 5
1351 75 5
1351 76 10
1351 77 0
1351 78 0
1351 79 9
1351 80 9
1351 81 0
1351 82 14
1351 83 41
1351 84 39
1351 85 39
1351 86 38
1351 87 9
1351 88 9
1351 89 37
1351 90 9
1351 91 6
1351 92 2
1351 93 8
1351 94 4
1351 95 10
1351 96 43
1351 97 40
1351 98 40
1351 99 42
1351 100 10
1351 101 6
1351 102 7
1351 103 41
1351 104 40
1351 105 41
1351 106 38
1351 107 38
1351 108 43
1351 109 39
1351 110 43
1351 111 10
1351 112 10
1351 113 0
1351 114 9
1351 115 7
1351 116 39
1351 117 40
1351 118 38
1351 119 40
1351 120 38
1351 121 41
1376 1 6
1376 2 10
1376 3 7
1376 4 12
1376 5 12
1376 6 40
1376 7 38
1376 8 14
1376 9 13
1376 10 12
1376 11 10
1376 12 11
1376 13 8
1376 14 8
1376 15 13
1376 16 40
1376 17 39
1376 18 9
1376 19 9
1376 20 6
1376 21 10
1376 22 2
1376 23 0
1376 24 4
1376 25 10
1376 26 41
1376 27 39
1376 28 40
1376 29 15
1376 30 0
1376 31 1
1376 32 9
1376 33 0
1376 34 0
1376 35 0
1376 36 0
1376 37 14
1376 38 40
1376 39 37
1376 40 39
1376 41 10
1376 42 11
1376 43 0
1376 44 7
1376 45 39
1376 46 7
1376 47 0
1376 48 35
1376 49 40
1376 50 41
1376 51 42
1376 52 10
1376 53 8
1376 54 9
1376 55 6
1376 56 0
1376 57 0
1376 58 0
1376 59 14
1376 60 16
1376 61 37
1376 62 8
1376 63 1
1376 64 10
1376 65 0
1376 66 0
1376 67 0
1376 68 3
1376 69 37
1376 70 19
1376 71 39
1376 72 42
1376 73 10
1376 74 9
1376 75 9
1376 76 8
1376 77 0
1376 78 0
1376 79 1
1376 80 0
1376 81 5
1376 82 19
1376 83 39
1376 84 38
1376 85 36
1376 86 35
1376 87 0
1376 88 0
1376 89 40
1376 90 5
1376 91 0
1376 92 7
1376 93 11
1376 94 10
1376 95 9
1376 96 39
1376 97 40
1376 98 40
1376 99 38
1376 100 10
1376 101 5
1376 102 0
1376 103 40
1376 104 36
1376 105 40
1376 106 40
1376 107 38
1376 108 42
1376 109 42
1376 110 37
1376 111 10
1376 112 5
1376 113 0
1376 114 9
1376 115 0
1376 116 40
1376 117 40
1376 118 37
1376 119 40
1376 120 37
1376 121 39
1401 1 11
1401 2 13
1401 3 11
1401 4 12
1401 5 10
1401 6 39
1401 7 41
1401 8 10
1401 9 12
1401 10 7
1401 11 11
1401 12 10
1401 13 9
1401 14 6
1401 15 12
1401 16 40
1401 17 44
1401 18 13
1401 19 9
1401 20 13
1401 21 9
1401 22 11
1401 23 0
1401 24 7
1401 25 10
1401 26 40
1401 27 41
1401 28 40
1401 29 10
1401 30 6
1401 31 5
1401 32 10
1401 33 10
1401 34 9
1401 35 0
1401 36 12
1401 37 18
1401 38 37
1401 39 40
1401 40 38
1401 41 11
1401 42 6
1401 43 10
1401 44 8
1401 45 38
1401 46 0
1401 47 5
1401 48 39
1401 49 36
1401 50 40
1401 51 39
1401 52 7
1401 53 7
1401 54 7
1401 55 5
1401 56 0
1401 57 0
1401 58 0
1401 59 16
1401 60 8
1401 61 40
1401 62 11
1401 63 7
1401 64 0
1401 65 9
1401 66 0
1401 67 3
1401 68 0
1401 69 36
1401 70 12
1401 71 43
1401 72 40
1401 73 16
1401 74 13
1401 75 7
1401 76 10
1401 77 0
1401 78 4
1401 79 0
1401 80 0
1401 81 12
1401 82 12
1401 83 38
1401 84 40
1401 85 40
1401 86 39
1401 87 14
1401 88 0
1401 89 42
1401 90 0
1401 91 0
1401 92 10
1401 93 14
1401 94 10
1401 95 10
1401 96 34
1401 97 41
1401 98 40
1401 99 42
1401 100 6
1401 101 1
1401 102 11
1401 103 36
1401 104 43
1401 105 39
1401 106 42
1401 107 38
1401 108 40
1401 109 44
1401 110 36
1401 111 8
1401 112 13
1401 113 11
1401 114 11
1401 115 10
1401 116 40
1401 117 40
1401 118 39
1401 119 40
1401 120 39
1401 121 43
1426 1 9
1426 2 7
1426 3 10
1426 4 5
1426 5 0
1426 6 38
1426 7 39
1426 8 11
1426 9 8
1426 10 11
1426 11 15
1426 12 9
1426 13 9
1426 14 8
1426 15 11
1426 16 40
1426 17 41
1426 18 11
1426 19 8
1426 20 9
1426 21 9
1426 22 10
1426 23 3
1426 24 2
1426 25 10
1426 26 37
1426 27 37
1426 28 40
1426 29 15
1426 30 13
1426 31 10
1426 32 8
1426 33 8
1426 34 0
1426 35 0
1426 36 0
1426 37 19
1426 38 40
1426 39 40
1426 40 41
1426 41 11
1426 42 11
1426 43 9
1426 44 9
1426 45 39
1426 46 0
1426 47 9
1426 48 38
1426 49 43
1426 50 40
1426 51 40
1426 52 12
1426 53 11
1426 54 9
1426 55 18
1426 56 0
1426 57 0
1426 58 0
1426 59 12
1426 60 12
1426 61 33
1426 62 12
1426 63 11
1426 64 11
1426 65 7
1426 66 6
1426 67 10
1426 68 0
1426 69 37
1426 70 11
1426 71 40
1426 72 38
1426 73 8
1426 74 9
1426 75 0
1426 76 8
1426 77 9
1426 78 0
1426 79 0
1426 80 0
1426 81 0
1426 82 10
1426 83 40
1426 84 41
1426 85 40
1426 86 41
1426 87 11
1426 88 5
1426 89 41
1426 90 0
1426 91 0
1426 92 10
1426 93 10
1426 94 12
1426 95 10
1426 96 37
1426 97 39
1426 98 41
1426 99 38
1426 100 14
1426 101 9
1426 102 11
1426 103 41
1426 104 38
1426 105 41
1426 106 38
1426 107 39
1426 108 38
1426 109 39
1426 110 41
1426 111 9
1426 112 10
1426 113 10
1426 114 8
1426 115 10
1426 116 41
1426 117 40
1426 118 37
1426 119 40
1426 120 42
1426 121 42
1451 1 10
1451 2 8
1451 3 8
1451 4 10
1451 5 15
1451 6 43
1451 7 40
1451 8 9
1451 9 1
1451 10 19
1451 11 13
1451 12 8
1451 13 16
1451 14 12
1451 15 11
1451 16 41
1451 17 39
1451 18 12
1451 19 11
1451 20 7
1451 21 8
1451 22 8
1451 23 10
1451 24 7
1451 25 12
1451 26 41
1451 27 39
1451 28 40
1451 29 20
1451 30 10
1451 31 9
1451 32 9
1451 33 5
1451 34 0
1451 35 0
1451 36 4
1451 37 11
1451 38 42
1451 39 40
1451 40 40
1451 41 7
1451 42 9
1451 43 7
1451 44 0
1451 45 39
1451 46 0
1451 47 6
1451 48 38
1451 49 41
1451 50 39
1451 51 42
1451 52 11
1451 53 12
1451 54 7
1451 55 0
1451 56 0
1451 57 0
1451 58 0
1451 59 13
1451 60 18
1451 61 43
1451 62 11
1451 63 10
1451 64 11
1451 65 5
1451 66 0
1451 67 4
1451 68 0
1451 69 38
1451 70 10
1451 71 43
1451 72 39
1451 73 13
1451 74 10
1451 75 10
1451 76 0
1451 77 5
1451 78 1
1451 79 0
1451 80 4
1451 81 6
1451 82 10
1451 83 40
1451 84 41
1451 85 39
1451 86 34
1451 87 11
1451 88 9
1451 89 45
1451 90 2
1451 91 0
1451 92 17
1451 93 14
1451 94 9
1451 95 12
1451 96 39
1451 97 39
1451 98 41
1451 99 39
1451 100 16
1451 101 13
1451 102 14
1451 103 40
1451 104 41
1451 105 39
1451 106 40
1451 107 38
1451 108 40
1451 109 37
1451 110 33
1451 111 17
1451 112 8
1451 113 0
1451 114 17
1451 115 18
1451 116 41
1451 117 36
1451 118 39
1451 119 41
1451 120 42
1451 121 38
1476 1 0
1476 2 7
1476 3 9
1476 4 6
1476 5 16
1476 6 37
1476 7 40
1476 8 14
1476 9 18
1476 10 10
1476 11 12
1476 12 11
1476 13 8
1476 14 6
1476 15 14
1476 16 40
1476 17 38
1476 18 14
1476 19 11
1476 20 9
1476 21 0
1476 22 0
1476 23 10
1476 24 7
1476 25 10
1476 26 40
1476 27 40
1476 28 40
1476 29 17
1476 30 10
1476 31 5
1476 32 0
1476 33 0
1476 34 11
1476 35 10
1476 36 14
1476 37 18
1476 38 45
1476 39 40
1476 40 35
1476 41 18
1476 42 8
1476 43 8
1476 44 0
1476 45 39
1476 46 9
1476 47 9
1476 48 36
1476 49 40
1476 50 38
1476 51 42
1476 52 10
1476 53 9
1476 54 10
1476 55 7
1476 56 0
1476 57 7
1476 58 11
1476 59 7
1476 60 15
1476 61 40
1476 62 9
1476 63 7
1476 64 9
1476 65 0
1476 66 0
1476 67 10
1476 68 0
1476 69 39
1476 70 10
1476 71 38
1476 72 42
1476 73 21
1476 74 15
1476 75 9
1476 76 0
1476 77 0
1476 78 9
1476 79 0
1476 80 9
1476 81 0
1476 82 16
1476 83 40
1476 84 38
1476 85 41
1476 86 42
1476 87 11
1476 88 10
1476 89 40
1476 90 6
1476 91 0
1476 92 12
1476 93 14
1476 94 10
1476 95 12
1476 96 39
1476 97 39
1476 98 38
1476 99 44
1476 100 9
1476 101 5
1476 102 8
1476 103 40
1476 104 39
1476 105 40
1476 106 40
1476 107 41
1476 108 44
1476 109 44
1476 110 41
1476 111 20
1476 112 6
1476 113 10
1476 114 10
1476 115 13
1476 116 39
1476 117 41
1476 118 41
1476 119 39
1476 120 38
1476 121 40
1501 1 10
1501 2 7
1501 3 9
1501 4 10
1501 5 12
1501 6 38
1501 7 40
1501 8 12
1501 9 10
1501 10 0
1501 11 12
1501 12 4
1501 13 11
1501 14 11
1501 15 15
1501 16 40
1501 17 42
1501 18 17
1501 19 14
1501 20 11
1501 21 0
1501 22 0
1501 23 0
1501 24 9
1501 25 11
1501 26 39
1501 27 42
1501 28 39
1501 29 10
1501 30 10
1501 31 9
1501 32 2
1501 33 0
1501 34 7
1501 35 9
1501 36 9
1501 37 17
1501 38 40
1501 39 40
1501 40 42
1501 41 15
1501 42 10
1501 43 7
1501 44 9
1501 45 36
1501 46 8
1501 47 11
1501 48 41
1501 49 39
1501 50 39
1501 51 41
1501 52 13
1501 53 10
1501 54 7
1501 55 13
1501 56 10
1501 57 0
1501 58 10
1501 59 12
1501 60 12
1501 61 37
1501 62 15
1501 63 11
1501 64 0
1501 65 0
1501 66 2
1501 67 11
1501 68 10
1501 69 38
1501 70 12
1501 71 42
1501 72 38
1501 73 9
1501 74 5
1501 75 13
1501 76 0
1501 77 4
1501 78 11
1501 79 6
1501 80 12
1501 81 9
1501 82 9
1501 83 40
1501 84 39
1501 85 43
1501 86 41
1501 87 7
1501 88 8
1501 89 42
1501 90 0
1501 91 3
1501 92 9
1501 93 10
1501 94 14
1501 95 18
1501 96 39
1501 97 42
1501 98 39
1501 99 39
1501 100 11
1501 101 10
1501 102 7
1501 103 35
1501 104 39
1501 105 41
1501 106 40
1501 107 39
1501 108 38
1501 109 44
1501 110 39
1501 111 10
1501 112 9
1501 113 4
1501 114 11
1501 115 14
1501 116 39
1501 117 40
1501 118 39
1501 119 41
1501 120 40
1501 121 41
1526 1 0
1526 2 12
1526 3 12
1526 4 6
1526 5 13
1526 6 40
1526 7 40
1526 8 10
1526 9 5
1526 10 9
1526 11 10
1526 12 1
1526 13 8
1526 14 7
1526 15 10
1526 16 42
1526 17 39
1526 18 14
1526 19 8
1526 20 5
1526 21 11
1526 22 7
1526 23 9
1526 24 0
1526 25 9
1526 26 41
1526 27 42
1526 28 39
1526 29 19
1526 30 11
1526 31 9
1526 32 3
1526 33 8
1526 34 0
1526 35 0
1526 36 14
1526 37 19
1526 38 40
1526 39 43
1526 40 43
1526 41 16
1526 42 12
1526 43 9
1526 44 0
1526 45 40
1526 46 9
1526 47 10
1526 48 38
1526 49 40
1526 50 41
1526 51 39
1526 52 10
1526 53 9
1526 54 5
1526 55 7
1526 56 0
1526 57 0
1526 58 10
1526 59 9
1526 60 16
1526 61 41
1526 62 11
1526 63 8
1526 64 11
1526 65 0
1526 66 0
1526 67 6
1526 68 0
1526 69 39
1526 70 13
1526 71 37
1526 72 41
1526 73 10
1526 74 13
1526 75 11
1526 76 0
1526 77 0
1526 78 0
1526 79 0
1526 80 10
1526 81 8
1526 82 12
1526 83 41
1526 84 42
1526 85 40
1526 86 39
1526 87 10
1526 88 10
1526 89 38
1526 90 15
1526 91 6
1526 92 9
1526 93 10
1526 94 11
1526 95 19
1526 96 40
1526 97 39
1526 98 40
1526 99 41
1526 100 13
1526 101 9
1526 102 14
1526 103 41
1526 104 37
1526 105 39
1526 106 40
1526 107 41
1526 108 46
1526 109 38
1526 110 39
1526 111 9
1526 112 5
1526 113 9
1526 114 7
1526 115 9
1526 116 40
1526 117 39
1526 118 41
1526 119 41
1526 120 40
1526 121 40
1551 1 5
1551 2 9
1551 3 6
1551 4 7
1551 5 16
1551 6 39
1551 7 38
1551 8 16
1551 9 9
1551 10 8
1551 11 12
1551 12 6
1551 13 11
1551 14 12
1551 15 12
1551 16 40
1551 17 39
1551 18 12
1551 19 12
1551 20 10
1551 21 9
1551 22 10
1551 23 0
1551 24 9
1551 25 14
1551 26 41
1551 27 40
1551 28 36
1551 29 15
1551 30 6
1551 31 2
1551 32 0
1551 33 9
1551 34 0
1551 35 0
1551 36 10
1551 37 17
1551 38 42
1551 39 37
1551 40 37
1551 41 10
1551 42 9
1551 43 0
1551 44 0
1551 45 40
1551 46 0
1551 47 11
1551 48 43
1551 49 40
1551 50 39
1551 51 38
1551 52 11
1551 53 0
1551 54 0
1551 55 0
1551 56 0
1551 57 0
1551 58 11
1551 59 8
1551 60 13
1551 61 40
1551 62 15
1551 63 5
1551 64 10
1551 65 0
1551 66 0
1551 67 0
1551 68 5
1551 69 39
1551 70 5
1551 71 41
1551 72 41
1551 73 9
1551 74 10
1551 75 0
1551 76 0
1551 77 0
1551 78 12
1551 79 7
1551 80 12
1551 81 0
1551 82 9
1551 83 41
1551 84 40
1551 85 38
1551 86 37
1551 87 16
1551 88 6
1551 89 40
1551 90 7
1551 91 3
1551 92 7
1551 93 10
1551 94 14
1551 95 12
1551 96 35
1551 97 39
1551 98 40
1551 99 41
1551 100 10
1551 101 9
1551 102 11
1551 103 32
1551 104 40
1551 105 42
1551 106 40
1551 107 40
1551 108 40
1551 109 39
1551 110 40
1551 111 10
1551 112 8
1551 113 9
1551 114 7
1551 115 9
1551 116 40
1551 117 36
1551 118 40
1551 119 40
1551 120 38
1551 121 39
1576 1 11
1576 2 10
1576 3 9
1576 4 10
1576 5 19
1576 6 42
1576 7 37
1576 8 12
1576 9 14
1576 10 8
1576 11 15
1576 12 10
1576 13 12
1576 14 11
1576 15 14
1576 16 42
1576 17 41
1576 18 20
1576 19 13
1576 20 9
1576 21 11
1576 22 10
1576 23 10
1576 24 7
1576 25 0
1576 26 42
1576 27 39
1576 28 43
1576 29 16
1576 30 10
1576 31 9
1576 32 4
1576 33 9
1576 34 10
1576 35 0
1576 36 0
1576 37 12
1576 38 38
1576 39 44
1576 40 42
1576 41 11
1576 42 10
1576 43 2
1576 44 0
1576 45 38
1576 46 0
1576 47 10
1576 48 40
1576 49 41
1576 50 41
1576 51 40
1576 52 10
1576 53 0
1576 54 0
1576 55 0
1576 56 0
1576 57 0
1576 58 0
1576 59 9
1576 60 12
1576 61 42
1576 62 13
1576 63 12
1576 64 10
1576 65 0
1576 66 0
1576 67 0
1576 68 10
1576 69 36
1576 70 3
1576 71 39
1576 72 40
1576 73 7
1576 74 10
1576 75 0
1576 76 0
1576 77 0
1576 78 13
1576 79 0
1576 80 7
1576 81 0
1576 82 8
1576 83 42
1576 84 39
1576 85 42
1576 86 33
1576 87 10
1576 88 11
1576 89 41
1576 90 11
1576 91 10
1576 92 8
1576 93 16
1576 94 10
1576 95 18
1576 96 36
1576 97 34
1576 98 44
1576 99 37
1576 100 17
1576 101 12
1576 102 11
1576 103 41
1576 104 39
1576 105 41
1576 106 43
1576 107 43
1576 108 40
1576 109 39
1576 110 45
1576 111 7
1576 112 7
1576 113 12
1576 114 12
1576 115 20
1576 116 44
1576 117 41
1576 118 41
1576 119 40
1576 120 37
1576 121 40
1601 1 9
1601 2 11
1601 3 8
1601 4 9
1601 5 13
1601 6 37
1601 7 40
1601 8 15
1601 9 14
1601 10 11
1601 11 8
1601 12 10
1601 13 10
1601 14 9
1601 15 11
1601 16 40
1601 17 40
1601 18 10
1601 19 13
1601 20 9
1601 21 11
1601 22 11
1601 23 0
1601 24 7
1601 25 14
1601 26 43
1601 27 40
1601 28 40
1601 29 11
1601 30 10
1601 31 11
1601 32 3
1601 33 0
1601 34 0
1601 35 0
1601 36 8
1601 37 14
1601 38 44
1601 39 42
1601 40 40
1601 41 11
1601 42 0
1601 43 0
1601 44 0
1601 45 41
1601 46 8
1601 47 10
1601 48 37
1601 49 42
1601 50 39
1601 51 39
1601 52 0
1601 53 0
1601 54 0
1601 55 5
1601 56 0
1601 57 0
1601 58 0
1601 59 3
1601 60 12
1601 61 44
1601 62 12
1601 63 8
1601 64 0
1601 65 0
1601 66 0
1601 67 0
1601 68 8
1601 69 39
1601 70 10
1601 71 41
1601 72 42
1601 73 5
1601 74 11
1601 75 13
1601 76 0
1601 77 0
1601 78 12
1601 79 0
1601 80 9
1601 81 0
1601 82 10
1601 83 44
1601 84 37
1601 85 41
1601 86 39
1601 87 20
1601 88 13
1601 89 38
1601 90 12
1601 91 12
1601 92 13
1601 93 15
1601 94 8
1601 95 17
1601 96 36
1601 97 41
1601 98 40
1601 99 40
1601 100 19
1601 101 12
1601 102 11
1601 103 40
1601 104 44
1601 105 38
1601 106 42
1601 107 39
1601 108 40
1601 109 41
1601 110 41
1601 111 12
1601 112 10
1601 113 10
1601 114 12
1601 115 13
1601 116 42
1601 117 43
1601 118 43
1601 119 37
1601 120 40
1601 121 40
1626 1 11
1626 2 13
1626 3 7
1626 4 11
1626 5 11
1626 6 43
1626 7 44
1626 8 20
1626 9 13
1626 10 12
1626 11 17
1626 12 0
1626 13 9
1626 14 10
1626 15 13
1626 16 41
1626 17 43
1626 18 9
1626 19 7
1626 20 20
1626 21 11
1626 22 9
1626 23 0
1626 24 8
1626 25 4
1626 26 44
1626 27 42
1626 28 41
1626 29 8
1626 30 0
1626 31 3
1626 32 4
1626 33 0
1626 34 0
1626 35 0
1626 36 0
1626 37 12
1626 38 41
1626 39 40
1626 40 43
1626 41 0
1626 42 0
1626 43 0
1626 44 0
1626 45 41
1626 46 0
1626 47 0
1626 48 39
1626 49 39
1626 50 40
1626 51 38
1626 52 0
1626 53 0
1626 54 0
1626 55 0
1626 56 3
1626 57 0
1626 58 5
1626 59 10
1626 60 0
1626 61 39
1626 62 0
1626 63 9
1626 64 8
1626 65 0
1626 66 0
1626 67 0
1626 68 9
1626 69 40
1626 70 12
1626 71 38
1626 72 40
1626 73 8
1626 74 11
1626 75 16
1626 76 10
1626 77 0
1626 78 14
1626 79 8
1626 80 2
1626 81 6
1626 82 12
1626 83 37
1626 84 43
1626 85 38
1626 86 41
1626 87 14
1626 88 11
1626 89 41
1626 90 10
1626 91 10
1626 92 11
1626 93 9
1626 94 13
1626 95 18
1626 96 41
1626 97 43
1626 98 40
1626 99 42
1626 100 17
1626 101 11
1626 102 11
1626 103 40
1626 104 40
1626 105 40
1626 106 42
1626 107 40
1626 108 41
1626 109 43
1626 110 41
1626 111 9
1626 112 6
1626 113 7
1626 114 17
1626 115 13
1626 116 40
1626 117 41
1626 118 40
1626 119 41
1626 120 40
1626 121 38
1651 1 6
1651 2 7
1651 3 10
1651 4 10
1651 5 8
1651 6 41
1651 7 39
1651 8 10
1651 9 9
1651 10 18
1651 11 11
1651 12 7
1651 13 7
1651 14 4
1651 15 18
1651 16 40
1651 17 39
1651 18 11
1651 19 9
1651 20 10
1651 21 8
1651 22 11
1651 23 0
1651 24 0
1651 25 12
1651 26 43
1651 27 40
1651 28 41
1651 29 0
1651 30 0
1651 31 10
1651 32 10
1651 33 0
1651 34 0
1651 35 0
1651 36 0
1651 37 14
1651 38 40
1651 39 42
1651 40 39
1651 41 8
1651 42 9
1651 43 0
1651 44 0
1651 45 38
1651 46 7
1651 47 5
1651 48 39
1651 49 41
1651 50 41
1651 51 40
1651 52 6
1651 53 8
1651 54 8
1651 55 0
1651 56 8
1651 57 0
1651 58 1
1651 59 3
1651 60 8
1651 61 40
1651 62 8
1651 63 8
1651 64 8
1651 65 9
1651 66 11
1651 67 8
1651 68 12
1651 69 38
1651 70 0
1651 71 40
1651 72 35
1651 73 7
1651 74 8
1651 75 9
1651 76 8
1651 77 11
1651 78 11
1651 79 11
1651 80 10
1651 81 0
1651 82 18
1651 83 40
1651 84 33
1651 85 43
1651 86 40
1651 87 17
1651 88 12
1651 89 39
1651 90 13
1651 91 8
1651 92 17
1651 93 10
1651 94 14
1651 95 13
1651 96 44
1651 97 41
1651 98 40
1651 99 39
1651 100 16
1651 101 13
1651 102 14
1651 103 41
1651 104 38
1651 105 39
1651 106 42
1651 107 44
1651 108 37
1651 109 43
1651 110 38
1651 111 14
1651 112 7
1651 113 10
1651 114 15
1651 115 12
1651 116 40
1651 117 39
1651 118 40
1651 119 40
1651 120 40
1651 121 39
1676 1 7
1676 2 12
1676 3 8
1676 4 10
1676 5 13
1676 6 40
1676 7 42
1676 8 14
1676 9 13
1676 10 9
1676 11 9
1676 12 4
1676 13 0
1676 14 0
1676 15 7
1676 16 41
1676 17 45
1676 18 0
1676 19 8
1676 20 4
1676 21 7
1676 22 9
1676 23 0
1676 24 0
1676 25 11
1676 26 38
1676 27 38
1676 28 40
1676 29 10
1676 30 0
1676 31 0
1676 32 12
1676 33 5
1676 34 1
1676 35 0
1676 36 10
1676 37 6
1676 38 38
1676 39 41
1676 40 38
1676 41 10
1676 42 10
1676 43 9
1676 44 0
1676 45 39
1676 46 6
1676 47 0
1676 48 41
1676 49 40
1676 50 41
1676 51 38
1676 52 9
1676 53 9
1676 54 11
1676 55 7
1676 56 1
1676 57 9
1676 58 0
1676 59 0
1676 60 5
1676 61 39
1676 62 10
1676 63 9
1676 64 9
1676 65 0
1676 66 0
1676 67 3
1676 68 9
1676 69 39
1676 70 10
1676 71 41
1676 72 41
1676 73 9
1676 74 6
1676 75 13
1676 76 6
1676 77 4
1676 78 8
1676 79 9
1676 80 7
1676 81 6
1676 82 0
1676 83 41
1676 84 40
1676 85 38
1676 86 40
1676 87 14
1676 88 11
1676 89 39
1676 90 10
1676 91 14
1676 92 8
1676 93 18
1676 94 13
1676 95 13
1676 96 44
1676 97 46
1676 98 43
1676 99 44
1676 100 12
1676 101 12
1676 102 12
1676 103 40
1676 104 40
1676 105 41
1676 106 42
1676 107 42
1676 108 41
1676 109 43
1676 110 39
1676 111 10
1676 112 9
1676 113 10
1676 114 11
1676 115 12
1676 116 38
1676 117 41
1676 118 40
1676 119 39
1676 120 40
1676 121 44
1701 1 10
1701 2 10
1701 3 9
1701 4 5
1701 5 6
1701 6 41
1701 7 38
1701 8 8
1701 9 10
1701 10 12
1701 11 13
1701 12 0
1701 13 10
1701 14 1
1701 15 8
1701 16 45
1701 17 42
1701 18 6
1701 19 8
1701 20 7
1701 21 5
1701 22 0
1701 23 0
1701 24 0
1701 25 0
1701 26 40
1701 27 40
1701 28 37
1701 29 18
1701 30 0
1701 31 0
1701 32 10
1701 33 0
1701 34 1
1701 35 2
1701 36 0
1701 37 9
1701 38 37
1701 39 39
1701 40 38
1701 41 10
1701 42 7
1701 43 6
1701 44 11
1701 45 34
1701 46 1
1701 47 7
1701 48 36
1701 49 37
1701 50 37
1701 51 39
1701 52 2
1701 53 10
1701 54 0
1701 55 9
1701 56 0
1701 57 10
1701 58 3
1701 59 8
1701 60 10
1701 61 37
1701 62 6
1701 63 9
1701 64 6
1701 65 0
1701 66 0
1701 67 0
1701 68 0
1701 69 40
1701 70 0
1701 71 40
1701 72 37
1701 73 10
1701 74 10
1701 75 12
1701 76 10
1701 77 10
1701 78 9
1701 79 0
1701 80 10
1701 81 0
1701 82 13
1701 83 41
1701 84 42
1701 85 39
1701 86 40
1701 87 18
1701 88 12
1701 89 37
1701 90 11
1701 91 4
1701 92 14
1701 93 7
1701 94 8
1701 95 10
1701 96 40
1701 97 35
1701 98 42
1701 99 38
1701 100 18
1701 101 9
1701 102 7
1701 103 40
1701 104 38
1701 105 41
1701 106 38
1701 107 41
1701 108 42
1701 109 38
1701 110 36
1701 111 13
1701 112 9
1701 113 12
1701 114 10
1701 115 14
1701 116 43
1701 117 39
1701 118 40
1701 119 41
1701 120 39
1701 121 39
1726 1 10
1726 2 9
1726 3 9
1726 4 5
1726 5 10
1726 6 42
1726 7 40
1726 8 13
1726 9 13
1726 10 12
1726 11 10
1726 12 10
1726 13 5
1726 14 3
1726 15 10
1726 16 35
1726 17 40
1726 18 6
1726 19 3
1726 20 9
1726 21 9
1726 22 8
1726 23 0
1726 24 0
1726 25 0
1726 26 39
1726 27 38
1726 28 40
1726 29 12
1726 30 0
1726 31 0
1726 32 0
1726 33 0
1726 34 5
1726 35 0
1726 36 0
1726 37 9
1726 38 40
1726 39 40
1726 40 40
1726 41 0
1726 42 0
1726 43 0
1726 44 0
1726 45 39
1726 46 0
1726 47 10
1726 48 40
1726 49 37
1726 50 42
1726 51 36
1726 52 9
1726 53 0
1726 54 0
1726 55 0
1726 56 0
1726 57 0
1726 58 0
1726 59 6
1726 60 13
1726 61 37
1726 62 5
1726 63 6
1726 64 7
1726 65 5
1726 66 0
1726 67 0
1726 68 3
1726 69 38
1726 70 5
1726 71 39
1726 72 39
1726 73 9
1726 74 9
1726 75 13
1726 76 6
1726 77 9
1726 78 12
1726 79 0
1726 80 9
1726 81 0
1726 82 3
1726 83 39
1726 84 38
1726 85 41
1726 86 39
1726 87 15
1726 88 15
1726 89 40
1726 90 12
1726 91 8
1726 92 9
1726 93 10
1726 94 13
1726 95 14
1726 96 38
1726 97 43
1726 98 42
1726 99 40
1726 100 17
1726 101 11
1726 102 13
1726 103 42
1726 104 42
1726 105 42
1726 106 40
1726 107 41
1726 108 43
1726 109 42
1726 110 43
1726 111 7
1726 112 9
1726 113 11
1726 114 11
1726 115 13
1726 116 41
1726 117 42
1726 118 40
1726 119 40
1726 120 40
1726 121 39
1751 1 11
1751 2 10
1751 3 7
1751 4 0
1751 5 12
1751 6 35
1751 7 42
1751 8 15
1751 9 10
1751 10 9
1751 11 9
1751 12 9
1751 13 13
1751 14 10
1751 15 7
1751 16 41
1751 17 40
1751 18 18
1751 19 9
1751 20 4
1751 21 9
1751 22 10
1751 23 0
1751 24 0
1751 25 9
1751 26 40
1751 27 41
1751 28 39
1751 29 12
1751 30 12
1751 31 1
1751 32 10
1751 33 0
1751 34 0
1751 35 0
1751 36 2
1751 37 8
1751 38 40
1751 39 38
1751 40 41
1751 41 9
1751 42 0
1751 43 0
1751 44 0
1751 45 40
1751 46 5
1751 47 13
1751 48 39
1751 49 40
1751 50 41
1751 51 40
1751 52 13
1751 53 0
1751 54 0
1751 55 0
1751 56 0
1751 57 0
1751 58 5
1751 59 11
1751 60 0
1751 61 38
1751 62 6
1751 63 3
1751 64 10
1751 65 0
1751 66 2
1751 67 9
1751 68 4
1751 69 39
1751 70 9
1751 71 41
1751 72 42
1751 73 18
1751 74 13
1751 75 5
1751 76 8
1751 77 8
1751 78 12
1751 79 10
1751 80 0
1751 81 0
1751 82 8
1751 83 41
1751 84 41
1751 85 39
1751 86 40
1751 87 12
1751 88 10
1751 89 39
1751 90 8
1751 91 8
1751 92 0
1751 93 1
1751 94 7
1751 95 7
1751 96 40
1751 97 40
1751 98 39
1751 99 40
1751 100 11
1751 101 11
1751 102 13
1751 103 42
1751 104 39
1751 105 43
1751 106 39
1751 107 42
1751 108 40
1751 109 40
1751 110 40
1751 111 8
1751 112 10
1751 113 11
1751 114 0
1751 115 10
1751 116 39
1751 117 38
1751 118 43
1751 119 40
1751 120 42
1751 121 38
1776 1 7
1776 2 12
1776 3 8
1776 4 9
1776 5 5
1776 6 37
1776 7 41
1776 8 9
1776 9 10
1776 10 10
1776 11 10
1776 12 6
1776 13 0
1776 14 0
1776 15 1
1776 16 39
1776 17 41
1776 18 8
1776 19 4
1776 20 1
1776 21 10
1776 22 4
1776 23 0
1776 24 0
1776 25 9
1776 26 40
1776 27 42
1776 28 38
1776 29 14
1776 30 7
1776 31 10
1776 32 0
1776 33 0
1776 34 0
1776 35 0
1776 36 0
1776 37 19
1776 38 41
1776 39 40
1776 40 41
1776 41 0
1776 42 9
1776 43 0
1776 44 0
1776 45 38
1776 46 11
1776 47 10
1776 48 39
1776 49 41
1776 50 40
1776 51 40
1776 52 8
1776 53 4
1776 54 0
1776 55 0
1776 56 3
1776 57 5
1776 58 12
1776 59 8
1776 60 13
1776 61 41
1776 62 8
1776 63 10
1776 64 0
1776 65 0
1776 66 0
1776 67 10
1776 68 10
1776 69 40
1776 70 10
1776 71 38
1776 72 40
1776 73 8
1776 74 9
1776 75 6
1776 76 5
1776 77 10
1776 78 11
1776 79 11
1776 80 13
1776 81 0
1776 82 0
1776 83 41
1776 84 43
1776 85 42
1776 86 38
1776 87 15
1776 88 4
1776 89 40
1776 90 10
1776 91 11
1776 92 4
1776 93 5
1776 94 5
1776 95 12
1776 96 42
1776 97 44
1776 98 39
1776 99 41
1776 100 14
1776 101 9
1776 102 10
1776 103 33
1776 104 42
1776 105 39
1776 106 40
1776 107 40
1776 108 43
1776 109 40
1776 110 41
1776 111 15
1776 112 0
1776 113 13
1776 114 4
1776 115 7
1776 116 42
1776 117 38
1776 118 40
1776 119 40
1776 120 43
1776 121 40
1801 1 11
1801 2 9
1801 3 7
1801 4 0
1801 5 11
1801 6 41
1801 7 40
1801 8 7
1801 9 6
1801 10 10
1801 11 10
1801 12 0
1801 13 12
1801 14 0
1801 15 7
1801 16 43
1801 17 42
1801 18 11
1801 19 8
1801 20 8
1801 21 7
1801 22 0
1801 23 0
1801 24 0
1801 25 0
1801 26 42
1801 27 40
1801 28 42
1801 29 10
1801 30 9
1801 31 10
1801 32 8
1801 33 0
1801 34 10
1801 35 0
1801 36 0
1801 37 9
1801 38 39
1801 39 41
1801 40 39
1801 41 12
1801 42 9
1801 43 9
1801 44 11
1801 45 40
1801 46 10
1801 47 11
1801 48 36
1801 49 42
1801 50 39
1801 51 39
1801 52 8
1801 53 9
1801 54 10
1801 55 6
1801 56 11
1801 57 9
1801 58 10
1801 59 11
1801 60 18
1801 61 37
1801 62 10
1801 63 4
1801 64 8
1801 65 7
1801 66 8
1801 67 8
1801 68 14
1801 69 36
1801 70 16
1801 71 40
1801 72 40
1801 73 19
1801 74 9
1801 75 9
1801 76 10
1801 77 9
1801 78 14
1801 79 15
1801 80 12
1801 81 9
1801 82 11
1801 83 40
1801 84 40
1801 85 39
1801 86 39
1801 87 12
1801 88 10
1801 89 41
1801 90 10
1801 91 5
1801 92 10
1801 93 6
1801 94 6
1801 95 15
1801 96 41
1801 97 41
1801 98 42
1801 99 40
1801 100 11
1801 101 7
1801 102 11
1801 103 36
1801 104 40
1801 105 42
1801 106 41
1801 107 44
1801 108 42
1801 109 39
1801 110 39
1801 111 10
1801 112 6
1801 113 0
1801 114 12
1801 115 7
1801 116 39
1801 117 39
1801 118 43
1801 119 41
1801 120 41
1801 121 41
1826 1 10
1826 2 12
1826 3 5
1826 4 0
1826 5 0
1826 6 40
1826 7 38
1826 8 5
1826 9 9
1826 10 0
1826 11 11
1826 12 9
1826 13 9
1826 14 8
1826 15 0
1826 16 37
1826 17 41
1826 18 0
1826 19 10
1826 20 11
1826 21 10
1826 22 8
1826 23 10
1826 24 6
1826 25 5
1826 26 37
1826 27 39
1826 28 38
1826 29 13
1826 30 7
1826 31 7
1826 32 5
1826 33 9
1826 34 10
1826 35 5
1826 36 9
1826 37 22
1826 38 42
1826 39 40
1826 40 40
1826 41 10
1826 42 9
1826 43 0
1826 44 0
1826 45 38
1826 46 8
1826 47 11
1826 48 39
1826 49 33
1826 50 40
1826 51 30
1826 52 10
1826 53 13
1826 54 15
1826 55 11
1826 56 10
1826 57 10
1826 58 0
1826 59 11
1826 60 10
1826 61 40
1826 62 8
1826 63 13
1826 64 8
1826 65 10
1826 66 11
1826 67 8
1826 68 19
1826 69 39
1826 70 7
1826 71 40
1826 72 40
1826 73 9
1826 74 7
1826 75 9
1826 76 8
1826 77 18
1826 78 0
1826 79 13
1826 80 10
1826 81 9
1826 82 10
1826 83 44
1826 84 43
1826 85 41
1826 86 33
1826 87 4
1826 88 10
1826 89 39
1826 90 11
1826 91 8
1826 92 0
1826 93 9
1826 94 8
1826 95 10
1826 96 42
1826 97 38
1826 98 40
1826 99 38
1826 100 7
1826 101 3
1826 102 1
1826 103 42
1826 104 40
1826 105 36
1826 106 40
1826 107 42
1826 108 40
1826 109 40
1826 110 38
1826 111 8
1826 112 0
1826 113 0
1826 114 6
1826 115 7
1826 116 40
1826 117 35
1826 118 37
1826 119 30
1826 120 39
1826 121 40
1851 1 0
1851 2 5
1851 3 0
1851 4 7
1851 5 9
1851 6 40
1851 7 38
1851 8 2
1851 9 2
1851 10 2
1851 11 10
1851 12 10
1851 13 8
1851 14 12
1851 15 15
1851 16 42
1851 17 40
1851 18 4
1851 19 11
1851 20 9
1851 21 3
1851 22 9
1851 23 12
1851 24 12
1851 25 10
1851 26 41
1851 27 39
1851 28 41
1851 29 7
1851 30 12
1851 31 7
1851 32 9
1851 33 10
1851 34 11
1851 35 0
1851 36 10
1851 37 13
1851 38 42
1851 39 41
1851 40 42
1851 41 13
1851 42 10
1851 43 9
1851 44 9
1851 45 39
1851 46 11
1851 47 6
1851 48 40
1851 49 42
1851 50 43
1851 51 40
1851 52 8
1851 53 9
1851 54 9
1851 55 5
1851 56 0
1851 57 0
1851 58 8
1851 59 10
1851 60 11
1851 61 43
1851 62 10
1851 63 12
1851 64 0
1851 65 0
1851 66 4
1851 67 0
1851 68 12
1851 69 40
1851 70 12
1851 71 38
1851 72 39
1851 73 11
1851 74 0
1851 75 0
1851 76 0
1851 77 0
1851 78 9
1851 79 11
1851 80 6
1851 81 9
1851 82 11
1851 83 41
1851 84 43
1851 85 37
1851 86 38
1851 87 10
1851 88 0
1851 89 42
1851 90 9
1851 91 3
1851 92 0
1851 93 11
1851 94 15
1851 95 10
1851 96 39
1851 97 38
1851 98 40
1851 99 38
1851 100 13
1851 101 9
1851 102 12
1851 103 40
1851 104 40
1851 105 39
1851 106 40
1851 107 31
1851 108 40
1851 109 45
1851 110 43
1851 111 0
1851 112 5
1851 113 8
1851 114 3
1851 115 12
1851 116 40
1851 117 38
1851 118 41
1851 119 39
1851 120 42
1851 121 39
1876 1 0
1876 2 0
1876 3 11
1876 4 11
1876 5 11
1876 6 38
1876 7 40
1876 8 9
1876 9 3
1876 10 4
1876 11 11
1876 12 9
1876 13 0
1876 14 8
1876 15 12
1876 16 40
1876 17 40
1876 18 0
1876 19 4
1876 20 0
1876 21 9
1876 22 8
1876 23 0
1876 24 18
1876 25 9
1876 26 41
1876 27 41
1876 28 41
1876 29 15
1876 30 8
1876 31 9
1876 32 11
1876 33 9
1876 34 9
1876 35 0
1876 36 9
1876 37 18
1876 38 40
1876 39 42
1876 40 41
1876 41 8
1876 42 7
1876 43 12
1876 44 5
1876 45 39
1876 46 10
1876 47 8
1876 48 42
1876 49 45
1876 50 42
1876 51 39
1876 52 7
1876 53 8
1876 54 6
1876 55 1
1876 56 0
1876 57 7
1876 58 14
1876 59 15
1876 60 16
1876 61 39
1876 62 10
1876 63 7
1876 64 7
1876 65 11
1876 66 14
1876 67 0
1876 68 11
1876 69 39
1876 70 8
1876 71 39
1876 72 38
1876 73 6
1876 74 1
1876 75 0
1876 76 8
1876 77 1
1876 78 7
1876 79 6
1876 80 17
1876 81 6
1876 82 12
1876 83 37
1876 84 42
1876 85 42
1876 86 39
1876 87 0
1876 88 1
1876 89 41
1876 90 9
1876 91 9
1876 92 8
1876 93 0
1876 94 6
1876 95 12
1876 96 37
1876 97 41
1876 98 46
1876 99 43
1876 100 8
1876 101 8
1876 102 12
1876 103 38
1876 104 39
1876 105 44
1876 106 39
1876 107 41
1876 108 35
1876 109 42
1876 110 40
1876 111 7
1876 112 7
1876 113 11
1876 114 0
1876 115 10
1876 116 39
1876 117 41
1876 118 40
1876 119 38
1876 120 42
1876 121 40
1901 1 7
1901 2 6
1901 3 0
1901 4 5
1901 5 15
1901 6 39
1901 7 38
1901 8 8
1901 9 0
1901 10 6
1901 11 8
1901 12 10
1901 13 1
1901 14 0
1901 15 21
1901 16 37
1901 17 41
1901 18 12
1901 19 6
1901 20 0
1901 21 1
1901 22 10
1901 23 12
1901 24 0
1901 25 10
1901 26 40
1901 27 40
1901 28 44
1901 29 10
1901 30 6
1901 31 6
1901 32 5
1901 33 13
1901 34 0
1901 35 2
1901 36 11
1901 37 13
1901 38 41
1901 39 41
1901 40 43
1901 41 10
1901 42 11
1901 43 10
1901 44 10
1901 45 42
1901 46 4
1901 47 14
1901 48 40
1901 49 40
1901 50 41
1901 51 39
1901 52 20
1901 53 10
1901 54 11
1901 55 3
1901 56 5
1901 57 7
1901 58 15
1901 59 11
1901 60 19
1901 61 40
1901 62 11
1901 63 8
1901 64 7
1901 65 7
1901 66 0
1901 67 0
1901 68 13
1901 69 39
1901 70 16
1901 71 38
1901 72 41
1901 73 13
1901 74 9
1901 75 14
1901 76 0
1901 77 0
1901 78 0
1901 79 9
1901 80 13
1901 81 6
1901 82 10
1901 83 38
1901 84 38
1901 85 39
1901 86 43
1901 87 2
1901 88 0
1901 89 42
1901 90 5
1901 91 10
1901 92 10
1901 93 10
1901 94 0
1901 95 4
1901 96 39
1901 97 40
1901 98 38
1901 99 42
1901 100 11
1901 101 9
1901 102 0
1901 103 38
1901 104 42
1901 105 40
1901 106 41
1901 107 37
1901 108 40
1901 109 39
1901 110 41
1901 111 9
1901 112 13
1901 113 9
1901 114 10
1901 115 3
1901 116 37
1901 117 39
1901 118 38
1901 119 42
1901 120 41
1901 121 40
1926 1 0
1926 2 2
1926 3 10
1926 4 8
1926 5 11
1926 6 39
1926 7 39
1926 8 5
1926 9 0
1926 10 0
1926 11 0
1926 12 10
1926 13 10
1926 14 10
1926 15 19
1926 16 39
1926 17 40
1926 18 1
1926 19 0
1926 20 0
1926 21 0
1926 22 0
1926 23 7
1926 24 9
1926 25 9
1926 26 40
1926 27 42
1926 28 36
1926 29 8
1926 30 6
1926 31 7
1926 32 12
1926 33 9
1926 34 10
1926 35 8
1926 36 0
1926 37 19
1926 38 38
1926 39 43
1926 40 39
1926 41 13
1926 42 9
1926 43 11
1926 44 4
1926 45 40
1926 46 0
1926 47 11
1926 48 41
1926 49 41
1926 50 40
1926 51 41
1926 52 10
1926 53 10
1926 54 11
1926 55 10
1926 56 0
1926 57 11
1926 58 9
1926 59 0
1926 60 21
1926 61 40
1926 62 18
1926 63 6
1926 64 0
1926 65 0
1926 66 0
1926 67 0
1926 68 8
1926 69 39
1926 70 13
1926 71 44
1926 72 42
1926 73 13
1926 74 13
1926 75 0
1926 76 0
1926 77 0
1926 78 10
1926 79 6
1926 80 15
1926 81 9
1926 82 12
1926 83 38
1926 84 40
1926 85 40
1926 86 40
1926 87 0
1926 88 0
1926 89 36
1926 90 0
1926 91 5
1926 92 4
1926 93 0
1926 94 16
1926 95 0
1926 96 39
1926 97 41
1926 98 41
1926 99 40
1926 100 0
1926 101 11
1926 102 10
1926 103 41
1926 104 40
1926 105 37
1926 106 40
1926 107 38
1926 108 39
1926 109 38
1926 110 37
1926 111 0
1926 112 0
1926 113 9
1926 114 6
1926 115 0
1926 116 38
1926 117 42
1926 118 39
1926 119 38
1926 120 39
1926 121 40
1951 1 1
1951 2 7
1951 3 10
1951 4 10
1951 5 7
1951 6 40
1951 7 41
1951 8 0
1951 9 9
1951 10 7
1951 11 0
1951 12 10
1951 13 15
1951 14 9
1951 15 16
1951 16 41
1951 17 39
1951 18 0
1951 19 0
1951 20 4
1951 21 0
1951 22 9
1951 23 11
1951 24 2
1951 25 10
1951 26 41
1951 27 43
1951 28 38
1951 29 8
1951 30 5
1951 31 0
1951 32 0
1951 33 8
1951 34 10
1951 35 6
1951 36 10
1951 37 12
1951 38 40
1951 39 40
1951 40 40
1951 41 10
1951 42 8
1951 43 1
1951 44 5
1951 45 39
1951 46 9
1951 47 0
1951 48 35
1951 49 39
1951 50 41
1951 51 42
1951 52 8
1951 53 11
1951 54 0
1951 55 1
1951 56 7
1951 57 0
1951 58 12
1951 59 10
1951 60 9
1951 61 39
1951 62 9
1951 63 5
1951 64 8
1951 65 0
1951 66 0
1951 67 9
1951 68 10
1951 69 41
1951 70 11
1951 71 39
1951 72 40
1951 73 11
1951 74 0
1951 75 8
1951 76 0
1951 77 0
1951 78 9
1951 79 15
1951 80 17
1951 81 8
1951 82 14
1951 83 41
1951 84 37
1951 85 39
1951 86 39
1951 87 9
1951 88 4
1951 89 40
1951 90 12
1951 91 11
1951 92 2
1951 93 9
1951 94 19
1951 95 8
1951 96 43
1951 97 42
1951 98 41
1951 99 41
1951 100 8
1951 101 4
1951 102 9
1951 103 41
1951 104 43
1951 105 42
1951 106 40
1951 107 43
1951 108 40
1951 109 42
1951 110 42
1951 111 0
1951 112 1
1951 113 12
1951 114 3
1951 115 1
1951 116 38
1951 117 41
1951 118 42
1951 119 41
1951 120 38
1951 121 39
1976 1 6
1976 2 5
1976 3 9
1976 4 2
1976 5 10
1976 6 39
1976 7 38
1976 8 10
1976 9 5
1976 10 8
1976 11 0
1976 12 0
1976 13 3
1976 14 5
1976 15 4
1976 16 39
1976 17 40
1976 18 7
1976 19 0
1976 20 8
1976 21 0
1976 22 0
1976 23 13
1976 24 9
1976 25 12
1976 26 42
1976 27 39
1976 28 39
1976 29 7
1976 30 8
1976 31 8
1976 32 10
1976 33 0
1976 34 4
1976 35 9
1976 36 6
1976 37 12
1976 38 41
1976 39 40
1976 40 41
1976 41 6
1976 42 0
1976 43 0
1976 44 0
1976 45 40
1976 46 9
1976 47 0
1976 48 41
1976 49 36
1976 50 40
1976 51 40
1976 52 8
1976 53 0
1976 54 0
1976 55 2
1976 56 6
1976 57 9
1976 58 9
1976 59 9
1976 60 6
1976 61 38
1976 62 8
1976 63 0
1976 64 8
1976 65 0
1976 66 0
1976 67 0
1976 68 9
1976 69 42
1976 70 10
1976 71 39
1976 72 40
1976 73 13
1976 74 1
1976 75 0
1976 76 0
1976 77 0
1976 78 7
1976 79 4
1976 80 6
1976 81 4
1976 82 17
1976 83 41
1976 84 42
1976 85 41
1976 86 40
1976 87 0
1976 88 1
1976 89 40
1976 90 9
1976 91 4
1976 92 10
1976 93 0
1976 94 14
1976 95 10
1976 96 40
1976 97 39
1976 98 40
1976 99 40
1976 100 11
1976 101 7
1976 102 7
1976 103 33
1976 104 38
1976 105 39
1976 106 37
1976 107 39
1976 108 40
1976 109 41
1976 110 41
1976 111 0
1976 112 1
1976 113 0
1976 114 16
1976 115 7
1976 116 39
1976 117 40
1976 118 40
1976 119 38
1976 120 41
1976 121 37
