1 58
26 44
51 47
76 53
101 56
126 58
151 63
176 59
201 56
226 60
251 60
276 62
301 56
326 56
351 58
376 58
401 63
426 60
451 61
476 61
501 63
526 59
551 56
576 58
601 62
626 57
651 59
676 55
701 52
726 57
751 55
776 58
801 58
826 54
851 58
876 52
901 54
926 57
951 52
976 54
1001 57
1026 54
1051 51
1076 52
1101 56
1126 54
1151 53
1176 52
1201 50
1226 53
1251 54
1276 58
1301 60
1326 59
1351 57
1376 56
1401 54
1426 57
1451 55
1476 57
1501 58
1526 65
1551 62
1576 60
1601 62
1626 58
1651 54
1676 53
1701 53
1726 53
1751 57
1776 53
1801 55
1826 54
1851 55
1876 51
1901 54
1926 50
1951 52
1976 54
