1 4915
26 4863
51 4875
76 4908
101 4866
126 4847
151 4898
176 4941
201 4885
226 4870
251 4873
276 4868
301 4937
326 4837
351 4910
376 4811
401 4909
426 4895
451 4917
476 4946
501 4896
526 4881
551 4896
576 4913
601 4847
626 4977
651 4911
676 4902
701 4903
726 4897
751 4938
776 4881
801 4932
826 4925
851 4909
876 4884
901 4914
926 4854
951 4889
976 4943
1001 4864
1026 4938
1051 4860
1076 4900
1101 4851
1126 4889
1151 4920
1176 4953
1201 4802
1226 4865
1251 4878
1276 4933
1301 4927
1326 4878
1351 4820
1376 4924
1401 4926
1426 4999
1451 4901
1476 4963
1501 4893
1526 4876
1551 4864
1576 4859
1601 4895
1626 4864
1651 4907
1676 4919
1701 4914
1726 4855
1751 4885
1776 4859
1801 4910
1826 4873
1851 4901
1876 4878
1901 4893
1926 4878
1951 4870
1976 4912
