1 1 40
1 2 31
1 3 36
1 4 37
1 5 42
1 6 41
1 7 40
1 8 36
1 9 41
1 10 41
1 11 40
1 12 40
1 13 37
1 14 38
1 15 38
1 16 40
1 17 40
1 18 32
1 19 36
1 20 38
1 21 41
1 22 42
1 23 41
1 24 39
1 25 37
1 26 37
1 27 38
1 28 29
1 29 41
1 30 41
1 31 44
1 32 43
1 33 42
1 34 39
1 35 40
1 36 35
1 37 37
1 38 41
1 39 41
1 40 40
1 41 47
1 42 43
1 43 40
1 44 42
1 45 38
1 46 36
1 47 39
1 48 39
1 49 38
1 50 42
1 51 41
1 52 42
1 53 43
1 54 44
1 55 39
1 56 35
1 57 39
1 58 36
1 59 33
1 60 44
1 61 42
1 62 43
1 63 40
1 64 41
1 65 40
1 66 40
1 67 30
1 68 34
1 69 37
1 70 32
1 71 38
1 72 41
1 73 43
1 74 41
1 75 42
1 76 38
1 77 37
1 78 37
1 79 37
1 80 38
1 81 34
1 82 34
1 83 42
1 84 42
1 85 40
1 86 34
1 87 41
1 88 41
1 89 39
1 90 35
1 91 35
1 92 37
1 93 37
1 94 44
1 95 44
1 96 41
1 97 41
1 98 42
1 99 42
1 100 37
1 101 37
1 102 37
1 103 38
1 104 38
1 105 44
1 106 39
1 107 44
1 108 36
1 109 42
1 110 41
1 111 35
1 112 35
1 113 33
1 114 35
1 115 39
1 116 43
1 117 37
1 118 44
1 119 43
1 120 40
1 121 42
26 1 13
26 2 15
26 3 9
26 4 11
26 5 14
26 6 12
26 7 18
26 8 21
26 9 22
26 10 29
26 11 40
26 12 7
26 13 16
26 14 8
26 15 11
26 16 12
26 17 10
26 18 21
26 19 25
26 20 18
26 21 43
26 22 46
26 23 19
26 24 7
26 25 11
26 26 9
26 27 13
26 28 19
26 29 40
26 30 40
26 31 42
26 32 43
26 33 41
26 34 15
26 35 11
26 36 6
26 37 12
26 38 38
26 39 40
26 40 41
26 41 42
26 42 44
26 43 41
26 44 44
26 45 19
26 46 18
26 47 10
26 48 16
26 49 41
26 50 39
26 51 43
26 52 43
26 53 43
26 54 43
26 55 45
26 56 21
26 57 20
26 58 20
26 59 6
26 60 39
26 61 43
26 62 42
26 63 41
26 64 41
26 65 44
26 66 44
26 67 11
26 68 0
26 69 28
26 70 21
26 71 29
26 72 43
26 73 40
26 74 41
26 75 41
26 76 41
26 77 45
26 78 16
26 79 12
26 80 16
26 81 14
26 82 24
26 83 41
26 84 41
26 85 42
26 86 20
26 87 41
26 88 42
26 89 13
26 90 18
26 91 5
26 92 18
26 93 8
26 94 40
26 95 20
26 96 41
26 97 26
26 98 40
26 99 38
26 100 13
26 101 10
26 102 4
26 103 11
26 104 15
26 105 41
26 106 41
26 107 40
26 108 23
26 109 38
26 110 37
26 111 18
26 112 8
26 113 10
26 114 11
26 115 39
26 116 42
26 117 15
26 118 44
26 119 43
26 120 41
26 121 39
51 1 18
51 2 17
51 3 7
51 4 4
51 5 9
51 6 22
51 7 20
51 8 25
51 9 21
51 10 27
51 11 40
51 12 14
51 13 16
51 14 8
51 15 6
51 16 15
51 17 20
51 18 19
51 19 27
51 20 30
51 21 39
51 22 40
51 23 20
51 24 16
51 25 7
51 26 19
51 27 14
51 28 23
51 29 40
51 30 40
51 31 42
51 32 40
51 33 39
51 34 23
51 35 13
51 36 16
51 37 26
51 38 41
51 39 40
51 40 41
51 41 42
51 42 45
51 43 45
51 44 42
51 45 30
51 46 18
51 47 13
51 48 27
51 49 44
51 50 42
51 51 41
51 52 45
51 53 41
51 54 42
51 55 43
51 56 25
51 57 21
51 58 16
51 59 19
51 60 46
51 61 42
51 62 41
51 63 38
51 64 41
51 65 44
51 66 40
51 67 18
51 68 16
51 69 19
51 70 19
51 71 26
51 72 42
51 73 45
51 74 41
51 75 42
51 76 41
51 77 36
51 78 23
51 79 17
51 80 12
51 81 19
51 82 27
51 83 45
51 84 40
51 85 44
51 86 33
51 87 42
51 88 41
51 89 20
51 90 16
51 91 19
51 92 15
51 93 20
51 94 43
51 95 26
51 96 42
51 97 21
51 98 40
51 99 41
51 100 27
51 101 23
51 102 19
51 103 19
51 104 8
51 105 45
51 106 41
51 107 42
51 108 31
51 109 43
51 110 43
51 111 17
51 112 22
51 113 16
51 114 10
51 115 39
51 116 42
51 117 30
51 118 44
51 119 41
51 120 46
51 121 43
76 1 29
76 2 17
76 3 17
76 4 17
76 5 20
76 6 19
76 7 21
76 8 24
76 9 22
76 10 27
76 11 40
76 12 25
76 13 15
76 14 13
76 15 7
76 16 23
76 17 19
76 18 15
76 19 18
76 20 27
76 21 42
76 22 42
76 23 25
76 24 18
76 25 13
76 26 18
76 27 25
76 28 29
76 29 38
76 30 40
76 31 40
76 32 43
76 33 44
76 34 21
76 35 14
76 36 21
76 37 24
76 38 39
76 39 39
76 40 42
76 41 41
76 42 45
76 43 44
76 44 42
76 45 21
76 46 20
76 47 18
76 48 20
76 49 41
76 50 43
76 51 38
76 52 41
76 53 46
76 54 43
76 55 41
76 56 24
76 57 9
76 58 14
76 59 21
76 60 40
76 61 43
76 62 43
76 63 42
76 64 46
76 65 45
76 66 41
76 67 27
76 68 20
76 69 17
76 70 14
76 71 26
76 72 43
76 73 41
76 74 40
76 75 44
76 76 44
76 77 45
76 78 25
76 79 10
76 80 12
76 81 18
76 82 19
76 83 44
76 84 43
76 85 42
76 86 37
76 87 40
76 88 39
76 89 20
76 90 14
76 91 18
76 92 18
76 93 21
76 94 40
76 95 33
76 96 39
76 97 31
76 98 41
76 99 41
76 100 23
76 101 14
76 102 14
76 103 12
76 104 22
76 105 41
76 106 40
76 107 38
76 108 32
76 109 41
76 110 39
76 111 22
76 112 20
76 113 15
76 114 17
76 115 39
76 116 38
76 117 28
76 118 41
76 119 40
76 120 42
76 121 36
101 1 19
101 2 11
101 3 10
101 4 21
101 5 21
101 6 24
101 7 22
101 8 20
101 9 29
101 10 36
101 11 40
101 12 21
101 13 11
101 14 14
101 15 7
101 16 9
101 17 20
101 18 22
101 19 23
101 20 22
101 21 42
101 22 40
101 23 20
101 24 10
101 25 14
101 26 18
101 27 22
101 28 35
101 29 42
101 30 40
101 31 40
101 32 41
101 33 36
101 34 22
101 35 10
101 36 13
101 37 27
101 38 39
101 39 41
101 40 43
101 41 39
101 42 40
101 43 41
101 44 40
101 45 20
101 46 20
101 47 20
101 48 23
101 49 45
101 50 41
101 51 45
101 52 42
101 53 42
101 54 45
101 55 42
101 56 19
101 57 17
101 58 10
101 59 22
101 60 41
101 61 42
101 62 43
101 63 43
101 64 40
101 65 41
101 66 43
101 67 20
101 68 17
101 69 16
101 70 16
101 71 28
101 72 43
101 73 42
101 74 41
101 75 41
101 76 44
101 77 39
101 78 26
101 79 20
101 80 20
101 81 22
101 82 20
101 83 39
101 84 42
101 85 40
101 86 30
101 87 42
101 88 40
101 89 21
101 90 10
101 91 12
101 92 17
101 93 20
101 94 35
101 95 33
101 96 40
101 97 28
101 98 40
101 99 41
101 100 19
101 101 18
101 102 14
101 103 19
101 104 29
101 105 41
101 106 39
101 107 42
101 108 31
101 109 41
101 110 41
101 111 22
101 112 16
101 113 21
101 114 20
101 115 38
101 116 39
101 117 29
101 118 43
101 119 41
101 120 41
101 121 40
126 1 27
126 2 19
126 3 20
126 4 12
126 5 28
126 6 23
126 7 12
126 8 20
126 9 25
126 10 28
126 11 32
126 12 13
126 13 14
126 14 16
126 15 13
126 16 19
126 17 22
126 18 22
126 19 20
126 20 30
126 21 37
126 22 40
126 23 23
126 24 18
126 25 19
126 26 15
126 27 20
126 28 26
126 29 38
126 30 40
126 31 42
126 32 42
126 33 39
126 34 25
126 35 14
126 36 17
126 37 19
126 38 43
126 39 42
126 40 40
126 41 42
126 42 45
126 43 40
126 44 41
126 45 22
126 46 13
126 47 18
126 48 21
126 49 40
126 50 39
126 51 43
126 52 42
126 53 42
126 54 40
126 55 40
126 56 23
126 57 8
126 58 10
126 59 20
126 60 39
126 61 40
126 62 39
126 63 39
126 64 39
126 65 43
126 66 40
126 67 25
126 68 13
126 69 11
126 70 19
126 71 20
126 72 41
126 73 43
126 74 39
126 75 44
126 76 40
126 77 40
126 78 19
126 79 22
126 80 11
126 81 19
126 82 22
126 83 39
126 84 42
126 85 36
126 86 25
126 87 44
126 88 40
126 89 21
126 90 19
126 91 10
126 92 16
126 93 19
126 94 41
126 95 29
126 96 42
126 97 25
126 98 42
126 99 42
126 100 24
126 101 15
126 102 17
126 103 18
126 104 20
126 105 36
126 106 40
126 107 39
126 108 27
126 109 44
126 110 37
126 111 21
126 112 18
126 113 18
126 114 19
126 115 39
126 116 38
126 117 31
126 118 41
126 119 40
126 120 41
126 121 39
151 1 22
151 2 15
151 3 19
151 4 20
151 5 20
151 6 21
151 7 13
151 8 20
151 9 23
151 10 32
151 11 40
151 12 21
151 13 19
151 14 16
151 15 14
151 16 19
151 17 16
151 18 21
151 19 19
151 20 21
151 21 40
151 22 40
151 23 23
151 24 15
151 25 13
151 26 15
151 27 21
151 28 21
151 29 41
151 30 42
151 31 41
151 32 38
151 33 40
151 34 22
151 35 16
151 36 17
151 37 21
151 38 44
151 39 42
151 40 40
151 41 40
151 42 42
151 43 43
151 44 42
151 45 17
151 46 18
151 47 21
151 48 19
151 49 41
151 50 45
151 51 45
151 52 45
151 53 44
151 54 40
151 55 42
151 56 26
151 57 20
151 58 20
151 59 18
151 60 38
151 61 45
151 62 44
151 63 46
151 64 44
151 65 43
151 66 41
151 67 20
151 68 14
151 69 16
151 70 20
151 71 27
151 72 41
151 73 47
151 74 42
151 75 45
151 76 47
151 77 46
151 78 22
151 79 19
151 80 21
151 81 20
151 82 23
151 83 42
151 84 44
151 85 43
151 86 34
151 87 47
151 88 43
151 89 21
151 90 14
151 91 15
151 92 14
151 93 19
151 94 40
151 95 37
151 96 43
151 97 29
151 98 41
151 99 40
151 100 22
151 101 22
151 102 10
151 103 20
151 104 28
151 105 39
151 106 43
151 107 38
151 108 35
151 109 44
151 110 40
151 111 26
151 112 17
151 113 15
151 114 21
151 115 38
151 116 38
151 117 22
151 118 40
151 119 40
151 120 41
151 121 39
176 1 20
176 2 20
176 3 9
176 4 17
176 5 20
176 6 19
176 7 26
176 8 25
176 9 21
176 10 29
176 11 41
176 12 22
176 13 19
176 14 18
176 15 17
176 16 17
176 17 21
176 18 22
176 19 24
176 20 29
176 21 42
176 22 44
176 23 19
176 24 23
176 25 15
176 26 15
176 27 20
176 28 22
176 29 42
176 30 44
176 31 44
176 32 43
176 33 41
176 34 29
176 35 18
176 36 19
176 37 22
176 38 39
176 39 42
176 40 43
176 41 42
176 42 44
176 43 45
176 44 39
176 45 27
176 46 21
176 47 19
176 48 26
176 49 44
176 50 45
176 51 41
176 52 44
176 53 42
176 54 40
176 55 43
176 56 28
176 57 17
176 58 16
176 59 22
176 60 39
176 61 44
176 62 46
176 63 39
176 64 43
176 65 42
176 66 43
176 67 27
176 68 19
176 69 17
176 70 12
176 71 26
176 72 43
176 73 45
176 74 43
176 75 39
176 76 42
176 77 40
176 78 20
176 79 17
176 80 19
176 81 20
176 82 22
176 83 41
176 84 40
176 85 40
176 86 29
176 87 44
176 88 39
176 89 28
176 90 15
176 91 18
176 92 14
176 93 29
176 94 40
176 95 31
176 96 40
176 97 32
176 98 40
176 99 39
176 100 27
176 101 20
176 102 6
176 103 20
176 104 23
176 105 41
176 106 38
176 107 43
176 108 26
176 109 39
176 110 42
176 111 19
176 112 16
176 113 12
176 114 24
176 115 38
176 116 43
176 117 32
176 118 39
176 119 37
176 120 42
176 121 40
201 1 26
201 2 18
201 3 19
201 4 12
201 5 19
201 6 18
201 7 19
201 8 28
201 9 28
201 10 31
201 11 40
201 12 20
201 13 14
201 14 12
201 15 20
201 16 19
201 17 15
201 18 27
201 19 21
201 20 34
201 21 41
201 22 39
201 23 28
201 24 14
201 25 14
201 26 17
201 27 20
201 28 22
201 29 42
201 30 40
201 31 39
201 32 41
201 33 40
201 34 18
201 35 19
201 36 14
201 37 27
201 38 43
201 39 43
201 40 39
201 41 41
201 42 39
201 43 42
201 44 44
201 45 19
201 46 11
201 47 10
201 48 20
201 49 40
201 50 38
201 51 41
201 52 39
201 53 41
201 54 40
201 55 40
201 56 24
201 57 21
201 58 18
201 59 20
201 60 38
201 61 43
201 62 40
201 63 44
201 64 41
201 65 41
201 66 43
201 67 20
201 68 21
201 69 20
201 70 15
201 71 22
201 72 42
201 73 43
201 74 43
201 75 40
201 76 42
201 77 40
201 78 17
201 79 17
201 80 15
201 81 12
201 82 29
201 83 45
201 84 37
201 85 39
201 86 29
201 87 40
201 88 41
201 89 19
201 90 18
201 91 21
201 92 18
201 93 25
201 94 40
201 95 34
201 96 39
201 97 25
201 98 41
201 99 40
201 100 28
201 101 18
201 102 12
201 103 14
201 104 18
201 105 42
201 106 40
201 107 39
201 108 27
201 109 42
201 110 40
201 111 21
201 112 17
201 113 10
201 114 23
201 115 42
201 116 38
201 117 29
201 118 39
201 119 39
201 120 40
201 121 40
226 1 22
226 2 10
226 3 16
226 4 16
226 5 18
226 6 15
226 7 20
226 8 25
226 9 22
226 10 21
226 11 39
226 12 16
226 13 21
226 14 21
226 15 20
226 16 9
226 17 19
226 18 23
226 19 26
226 20 28
226 21 40
226 22 40
226 23 24
226 24 20
226 25 14
226 26 16
226 27 21
226 28 28
226 29 42
226 30 40
226 31 44
226 32 40
226 33 43
226 34 18
226 35 17
226 36 16
226 37 17
226 38 41
226 39 45
226 40 40
226 41 43
226 42 42
226 43 41
226 44 42
226 45 14
226 46 8
226 47 17
226 48 20
226 49 42
226 50 42
226 51 39
226 52 42
226 53 40
226 54 36
226 55 39
226 56 25
226 57 16
226 58 19
226 59 18
226 60 38
226 61 39
226 62 45
226 63 42
226 64 44
226 65 42
226 66 42
226 67 15
226 68 12
226 69 18
226 70 21
226 71 25
226 72 43
226 73 43
226 74 39
226 75 41
226 76 39
226 77 40
226 78 19
226 79 20
226 80 20
226 81 10
226 82 27
226 83 42
226 84 40
226 85 40
226 86 28
226 87 40
226 88 42
226 89 20
226 90 12
226 91 18
226 92 16
226 93 28
226 94 40
226 95 30
226 96 40
226 97 27
226 98 37
226 99 41
226 100 19
226 101 20
226 102 15
226 103 22
226 104 29
226 105 41
226 106 41
226 107 41
226 108 32
226 109 41
226 110 42
226 111 22
226 112 14
226 113 20
226 114 18
226 115 40
226 116 38
226 117 30
226 118 40
226 119 40
226 120 39
226 121 40
251 1 22
251 2 17
251 3 14
251 4 10
251 5 21
251 6 28
251 7 20
251 8 24
251 9 26
251 10 31
251 11 38
251 12 26
251 13 16
251 14 15
251 15 19
251 16 15
251 17 16
251 18 18
251 19 20
251 20 21
251 21 40
251 22 42
251 23 24
251 24 18
251 25 16
251 26 18
251 27 19
251 28 29
251 29 44
251 30 42
251 31 42
251 32 42
251 33 38
251 34 19
251 35 16
251 36 20
251 37 26
251 38 40
251 39 41
251 40 46
251 41 41
251 42 40
251 43 42
251 44 40
251 45 22
251 46 17
251 47 11
251 48 31
251 49 40
251 50 42
251 51 43
251 52 44
251 53 43
251 54 42
251 55 41
251 56 29
251 57 14
251 58 11
251 59 22
251 60 40
251 61 43
251 62 43
251 63 43
251 64 44
251 65 44
251 66 39
251 67 21
251 68 20
251 69 20
251 70 20
251 71 30
251 72 41
251 73 45
251 74 42
251 75 44
251 76 44
251 77 42
251 78 19
251 79 14
251 80 4
251 81 22
251 82 20
251 83 42
251 84 44
251 85 41
251 86 24
251 87 41
251 88 42
251 89 23
251 90 20
251 91 10
251 92 17
251 93 22
251 94 43
251 95 37
251 96 40
251 97 27
251 98 43
251 99 42
251 100 22
251 101 11
251 102 17
251 103 17
251 104 22
251 105 44
251 106 41
251 107 43
251 108 31
251 109 39
251 110 40
251 111 21
251 112 16
251 113 10
251 114 20
251 115 39
251 116 41
251 117 31
251 118 41
251 119 37
251 120 38
251 121 40
276 1 28
276 2 11
276 3 17
276 4 22
276 5 24
276 6 24
276 7 18
276 8 24
276 9 23
276 10 30
276 11 40
276 12 26
276 13 12
276 14 16
276 15 13
276 16 16
276 17 17
276 18 22
276 19 21
276 20 23
276 21 42
276 22 43
276 23 20
276 24 13
276 25 15
276 26 21
276 27 20
276 28 32
276 29 37
276 30 40
276 31 40
276 32 43
276 33 41
276 34 22
276 35 15
276 36 19
276 37 21
276 38 41
276 39 42
276 40 43
276 41 41
276 42 44
276 43 46
276 44 44
276 45 21
276 46 20
276 47 19
276 48 11
276 49 41
276 50 47
276 51 45
276 52 44
276 53 41
276 54 43
276 55 43
276 56 29
276 57 18
276 58 15
276 59 21
276 60 42
276 61 44
276 62 41
276 63 43
276 64 42
276 65 40
276 66 46
276 67 22
276 68 20
276 69 13
276 70 19
276 71 26
276 72 41
276 73 41
276 74 43
276 75 46
276 76 42
276 77 44
276 78 23
276 79 8
276 80 20
276 81 18
276 82 22
276 83 41
276 84 36
276 85 41
276 86 17
276 87 42
276 88 40
276 89 30
276 90 17
276 91 17
276 92 17
276 93 19
276 94 39
276 95 31
276 96 39
276 97 32
276 98 46
276 99 41
276 100 23
276 101 14
276 102 9
276 103 20
276 104 25
276 105 39
276 106 38
276 107 40
276 108 24
276 109 41
276 110 40
276 111 20
276 112 17
276 113 15
276 114 17
276 115 40
276 116 40
276 117 29
276 118 40
276 119 39
276 120 40
276 121 42
301 1 23
301 2 22
301 3 10
301 4 19
301 5 20
301 6 20
301 7 22
301 8 24
301 9 25
301 10 35
301 11 41
301 12 18
301 13 11
301 14 19
301 15 19
301 16 21
301 17 17
301 18 21
301 19 25
301 20 28
301 21 40
301 22 40
301 23 23
301 24 17
301 25 13
301 26 18
301 27 20
301 28 24
301 29 40
301 30 41
301 31 42
301 32 41
301 33 40
301 34 19
301 35 9
301 36 11
301 37 23
301 38 38
301 39 41
301 40 38
301 41 41
301 42 47
301 43 43
301 44 39
301 45 20
301 46 10
301 47 20
301 48 25
301 49 45
301 50 40
301 51 39
301 52 44
301 53 46
301 54 43
301 55 41
301 56 20
301 57 12
301 58 9
301 59 20
301 60 42
301 61 42
301 62 42
301 63 46
301 64 43
301 65 45
301 66 43
301 67 20
301 68 23
301 69 18
301 70 18
301 71 23
301 72 39
301 73 41
301 74 44
301 75 39
301 76 40
301 77 40
301 78 21
301 79 14
301 80 17
301 81 11
301 82 19
301 83 40
301 84 41
301 85 44
301 86 28
301 87 42
301 88 40
301 89 25
301 90 16
301 91 12
301 92 10
301 93 21
301 94 35
301 95 32
301 96 39
301 97 27
301 98 43
301 99 39
301 100 28
301 101 19
301 102 21
301 103 11
301 104 29
301 105 40
301 106 41
301 107 41
301 108 28
301 109 36
301 110 42
301 111 20
301 112 14
301 113 12
301 114 21
301 115 41
301 116 42
301 117 25
301 118 41
301 119 40
301 120 40
301 121 41
326 1 25
326 2 19
326 3 15
326 4 21
326 5 24
326 6 25
326 7 23
326 8 21
326 9 18
326 10 27
326 11 41
326 12 19
326 13 14
326 14 9
326 15 11
326 16 22
326 17 23
326 18 17
326 19 21
326 20 30
326 21 44
326 22 42
326 23 19
326 24 19
326 25 12
326 26 18
326 27 18
326 28 26
326 29 42
326 30 41
326 31 41
326 32 42
326 33 40
326 34 19
326 35 13
326 36 13
326 37 22
326 38 40
326 39 40
326 40 40
326 41 44
326 42 43
326 43 41
326 44 43
326 45 20
326 46 19
326 47 13
326 48 21
326 49 43
326 50 43
326 51 41
326 52 45
326 53 40
326 54 42
326 55 39
326 56 23
326 57 14
326 58 12
326 59 23
326 60 39
326 61 42
326 62 43
326 63 39
326 64 44
326 65 39
326 66 42
326 67 22
326 68 15
326 69 17
326 70 19
326 71 26
326 72 40
326 73 39
326 74 40
326 75 39
326 76 43
326 77 41
326 78 20
326 79 15
326 80 19
326 81 12
326 82 30
326 83 42
326 84 42
326 85 45
326 86 22
326 87 40
326 88 41
326 89 22
326 90 12
326 91 10
326 92 20
326 93 18
326 94 40
326 95 36
326 96 42
326 97 25
326 98 39
326 99 45
326 100 22
326 101 16
326 102 17
326 103 17
326 104 25
326 105 39
326 106 42
326 107 40
326 108 32
326 109 38
326 110 44
326 111 21
326 112 17
326 113 18
326 114 28
326 115 37
326 116 41
326 117 29
326 118 44
326 119 44
326 120 41
326 121 40
351 1 27
351 2 13
351 3 18
351 4 12
351 5 21
351 6 21
351 7 16
351 8 20
351 9 26
351 10 30
351 11 39
351 12 21
351 13 20
351 14 13
351 15 21
351 16 16
351 17 25
351 18 23
351 19 20
351 20 22
351 21 41
351 22 41
351 23 19
351 24 20
351 25 10
351 26 18
351 27 29
351 28 20
351 29 40
351 30 39
351 31 44
351 32 44
351 33 42
351 34 23
351 35 11
351 36 19
351 37 21
351 38 43
351 39 42
351 40 45
351 41 43
351 42 44
351 43 47
351 44 41
351 45 20
351 46 15
351 47 21
351 48 21
351 49 47
351 50 43
351 51 40
351 52 42
351 53 44
351 54 47
351 55 41
351 56 21
351 57 16
351 58 17
351 59 21
351 60 41
351 61 43
351 62 40
351 63 39
351 64 43
351 65 42
351 66 42
351 67 26
351 68 21
351 69 15
351 70 20
351 71 24
351 72 40
351 73 40
351 74 43
351 75 41
351 76 40
351 77 42
351 78 23
351 79 14
351 80 11
351 81 18
351 82 20
351 83 42
351 84 40
351 85 42
351 86 29
351 87 42
351 88 40
351 89 19
351 90 16
351 91 11
351 92 11
351 93 19
351 94 41
351 95 35
351 96 38
351 97 23
351 98 42
351 99 40
351 100 23
351 101 8
351 102 10
351 103 16
351 104 30
351 105 40
351 106 39
351 107 41
351 108 33
351 109 43
351 110 42
351 111 21
351 112 15
351 113 20
351 114 20
351 115 40
351 116 40
351 117 31
351 118 39
351 119 42
351 120 39
351 121 40
376 1 21
376 2 10
376 3 12
376 4 12
376 5 22
376 6 17
376 7 23
376 8 26
376 9 31
376 10 32
376 11 42
376 12 23
376 13 16
376 14 11
376 15 13
376 16 14
376 17 22
376 18 20
376 19 23
376 20 27
376 21 38
376 22 40
376 23 22
376 24 19
376 25 20
376 26 14
376 27 22
376 28 21
376 29 40
376 30 44
376 31 39
376 32 39
376 33 43
376 34 28
376 35 21
376 36 8
376 37 28
376 38 42
376 39 42
376 40 39
376 41 45
376 42 44
376 43 40
376 44 41
376 45 28
376 46 19
376 47 14
376 48 18
376 49 41
376 50 43
376 51 38
376 52 43
376 53 47
376 54 38
376 55 41
376 56 20
376 57 20
376 58 14
376 59 21
376 60 40
376 61 43
376 62 43
376 63 40
376 64 41
376 65 42
376 66 43
376 67 28
376 68 13
376 69 16
376 70 24
376 71 26
376 72 41
376 73 43
376 74 41
376 75 45
376 76 46
376 77 39
376 78 25
376 79 20
376 80 11
376 81 18
376 82 20
376 83 41
376 84 41
376 85 40
376 86 33
376 87 41
376 88 40
376 89 22
376 90 17
376 91 17
376 92 10
376 93 22
376 94 39
376 95 30
376 96 40
376 97 24
376 98 43
376 99 40
376 100 22
376 101 18
376 102 12
376 103 17
376 104 27
376 105 43
376 106 41
376 107 41
376 108 27
376 109 35
376 110 39
376 111 25
376 112 15
376 113 20
376 114 23
376 115 40
376 116 38
376 117 26
376 118 41
376 119 35
376 120 41
376 121 40
401 1 24
401 2 13
401 3 20
401 4 12
401 5 18
401 6 29
401 7 14
401 8 22
401 9 20
401 10 31
401 11 45
401 12 24
401 13 21
401 14 13
401 15 18
401 16 20
401 17 17
401 18 23
401 19 24
401 20 31
401 21 41
401 22 40
401 23 17
401 24 20
401 25 15
401 26 19
401 27 27
401 28 29
401 29 40
401 30 40
401 31 40
401 32 44
401 33 39
401 34 28
401 35 12
401 36 13
401 37 20
401 38 44
401 39 41
401 40 40
401 41 42
401 42 45
401 43 41
401 44 41
401 45 31
401 46 15
401 47 14
401 48 23
401 49 45
401 50 35
401 51 40
401 52 39
401 53 37
401 54 37
401 55 39
401 56 22
401 57 16
401 58 11
401 59 19
401 60 40
401 61 41
401 62 44
401 63 43
401 64 43
401 65 42
401 66 43
401 67 20
401 68 20
401 69 5
401 70 21
401 71 30
401 72 40
401 73 41
401 74 41
401 75 40
401 76 40
401 77 41
401 78 20
401 79 18
401 80 15
401 81 11
401 82 19
401 83 41
401 84 45
401 85 39
401 86 30
401 87 40
401 88 46
401 89 27
401 90 13
401 91 19
401 92 20
401 93 23
401 94 39
401 95 31
401 96 40
401 97 22
401 98 39
401 99 37
401 100 22
401 101 21
401 102 9
401 103 16
401 104 33
401 105 42
401 106 41
401 107 39
401 108 33
401 109 39
401 110 40
401 111 24
401 112 15
401 113 17
401 114 19
401 115 41
401 116 42
401 117 29
401 118 43
401 119 42
401 120 42
401 121 41
426 1 27
426 2 12
426 3 13
426 4 12
426 5 20
426 6 20
426 7 12
426 8 17
426 9 24
426 10 30
426 11 44
426 12 21
426 13 17
426 14 12
426 15 11
426 16 24
426 17 17
426 18 26
426 19 20
426 20 29
426 21 40
426 22 42
426 23 24
426 24 17
426 25 21
426 26 17
426 27 21
426 28 20
426 29 42
426 30 37
426 31 41
426 32 40
426 33 37
426 34 25
426 35 20
426 36 11
426 37 22
426 38 42
426 39 42
426 40 42
426 41 41
426 42 40
426 43 39
426 44 37
426 45 20
426 46 16
426 47 15
426 48 28
426 49 42
426 50 40
426 51 41
426 52 43
426 53 43
426 54 42
426 55 39
426 56 22
426 57 19
426 58 21
426 59 21
426 60 40
426 61 41
426 62 45
426 63 40
426 64 40
426 65 40
426 66 39
426 67 19
426 68 18
426 69 19
426 70 14
426 71 29
426 72 41
426 73 45
426 74 42
426 75 40
426 76 43
426 77 44
426 78 21
426 79 16
426 80 18
426 81 12
426 82 22
426 83 41
426 84 38
426 85 40
426 86 27
426 87 39
426 88 41
426 89 18
426 90 14
426 91 16
426 92 17
426 93 19
426 94 40
426 95 25
426 96 42
426 97 35
426 98 40
426 99 40
426 100 26
426 101 12
426 102 16
426 103 16
426 104 21
426 105 38
426 106 38
426 107 37
426 108 29
426 109 42
426 110 39
426 111 26
426 112 13
426 113 16
426 114 22
426 115 40
426 116 36
426 117 32
426 118 40
426 119 36
426 120 41
426 121 40
451 1 19
451 2 14
451 3 14
451 4 10
451 5 21
451 6 22
451 7 19
451 8 18
451 9 26
451 10 27
451 11 38
451 12 20
451 13 16
451 14 19
451 15 12
451 16 17
451 17 19
451 18 23
451 19 20
451 20 24
451 21 40
451 22 43
451 23 20
451 24 13
451 25 9
451 26 21
451 27 25
451 28 29
451 29 43
451 30 41
451 31 43
451 32 44
451 33 45
451 34 29
451 35 20
451 36 22
451 37 19
451 38 41
451 39 44
451 40 44
451 41 42
451 42 44
451 43 40
451 44 41
451 45 20
451 46 15
451 47 16
451 48 22
451 49 41
451 50 44
451 51 45
451 52 46
451 53 43
451 54 42
451 55 42
451 56 24
451 57 18
451 58 13
451 59 20
451 60 42
451 61 42
451 62 45
451 63 40
451 64 42
451 65 47
451 66 40
451 67 29
451 68 16
451 69 17
451 70 16
451 71 22
451 72 43
451 73 47
451 74 42
451 75 41
451 76 44
451 77 39
451 78 22
451 79 16
451 80 20
451 81 15
451 82 21
451 83 41
451 84 40
451 85 38
451 86 26
451 87 41
451 88 42
451 89 28
451 90 13
451 91 17
451 92 11
451 93 21
451 94 42
451 95 31
451 96 37
451 97 27
451 98 42
451 99 41
451 100 20
451 101 12
451 102 12
451 103 21
451 104 22
451 105 41
451 106 40
451 107 41
451 108 21
451 109 42
451 110 42
451 111 26
451 112 16
451 113 18
451 114 21
451 115 38
451 116 35
451 117 26
451 118 38
451 119 30
451 120 37
451 121 42
476 1 20
476 2 19
476 3 16
476 4 20
476 5 20
476 6 17
476 7 18
476 8 27
476 9 21
476 10 30
476 11 37
476 12 20
476 13 21
476 14 21
476 15 16
476 16 9
476 17 20
476 18 25
476 19 23
476 20 27
476 21 42
476 22 41
476 23 17
476 24 14
476 25 13
476 26 18
476 27 21
476 28 26
476 29 44
476 30 40
476 31 42
476 32 39
476 33 39
476 34 20
476 35 15
476 36 10
476 37 23
476 38 40
476 39 38
476 40 39
476 41 42
476 42 41
476 43 40
476 44 41
476 45 29
476 46 18
476 47 14
476 48 25
476 49 39
476 50 39
476 51 40
476 52 41
476 53 41
476 54 38
476 55 41
476 56 22
476 57 17
476 58 22
476 59 23
476 60 35
476 61 40
476 62 42
476 63 42
476 64 42
476 65 40
476 66 43
476 67 28
476 68 15
476 69 11
476 70 10
476 71 27
476 72 40
476 73 41
476 74 43
476 75 42
476 76 41
476 77 42
476 78 23
476 79 17
476 80 17
476 81 13
476 82 26
476 83 43
476 84 39
476 85 42
476 86 25
476 87 42
476 88 40
476 89 27
476 90 20
476 91 21
476 92 15
476 93 20
476 94 42
476 95 32
476 96 38
476 97 22
476 98 42
476 99 40
476 100 22
476 101 21
476 102 12
476 103 16
476 104 29
476 105 42
476 106 41
476 107 41
476 108 23
476 109 42
476 110 42
476 111 17
476 112 10
476 113 19
476 114 18
476 115 40
476 116 39
476 117 35
476 118 45
476 119 42
476 120 39
476 121 39
501 1 22
501 2 19
501 3 19
501 4 14
501 5 18
501 6 20
501 7 20
501 8 21
501 9 26
501 10 26
501 11 39
501 12 20
501 13 20
501 14 15
501 15 10
501 16 16
501 17 18
501 18 26
501 19 20
501 20 26
501 21 36
501 22 41
501 23 22
501 24 14
501 25 16
501 26 21
501 27 21
501 28 31
501 29 39
501 30 38
501 31 41
501 32 40
501 33 39
501 34 19
501 35 12
501 36 14
501 37 15
501 38 39
501 39 45
501 40 44
501 41 46
501 42 39
501 43 43
501 44 36
501 45 22
501 46 17
501 47 11
501 48 23
501 49 42
501 50 43
501 51 41
501 52 44
501 53 39
501 54 42
501 55 38
501 56 23
501 57 11
501 58 10
501 59 22
501 60 39
501 61 41
501 62 43
501 63 43
501 64 41
501 65 42
501 66 41
501 67 18
501 68 20
501 69 13
501 70 13
501 71 23
501 72 42
501 73 40
501 74 42
501 75 42
501 76 42
501 77 43
501 78 22
501 79 21
501 80 17
501 81 17
501 82 20
501 83 40
501 84 42
501 85 39
501 86 31
501 87 40
501 88 43
501 89 24
501 90 15
501 91 15
501 92 18
501 93 20
501 94 40
501 95 34
501 96 42
501 97 24
501 98 39
501 99 43
501 100 21
501 101 16
501 102 21
501 103 14
501 104 20
501 105 41
501 106 43
501 107 42
501 108 29
501 109 40
501 110 42
501 111 21
501 112 15
501 113 10
501 114 19
501 115 39
501 116 38
501 117 38
501 118 42
501 119 44
501 120 43
501 121 39
526 1 18
526 2 13
526 3 17
526 4 18
526 5 20
526 6 19
526 7 18
526 8 25
526 9 22
526 10 32
526 11 41
526 12 21
526 13 14
526 14 21
526 15 20
526 16 12
526 17 20
526 18 24
526 19 19
526 20 29
526 21 38
526 22 44
526 23 27
526 24 22
526 25 8
526 26 15
526 27 20
526 28 31
526 29 40
526 30 42
526 31 41
526 32 42
526 33 41
526 34 20
526 35 20
526 36 14
526 37 25
526 38 42
526 39 40
526 40 41
526 41 44
526 42 43
526 43 39
526 44 39
526 45 21
526 46 13
526 47 17
526 48 20
526 49 40
526 50 44
526 51 44
526 52 41
526 53 42
526 54 42
526 55 41
526 56 22
526 57 19
526 58 15
526 59 15
526 60 38
526 61 48
526 62 45
526 63 42
526 64 41
526 65 44
526 66 42
526 67 20
526 68 12
526 69 15
526 70 19
526 71 26
526 72 41
526 73 43
526 74 38
526 75 37
526 76 42
526 77 40
526 78 23
526 79 11
526 80 15
526 81 20
526 82 16
526 83 41
526 84 41
526 85 41
526 86 36
526 87 43
526 88 40
526 89 21
526 90 15
526 91 15
526 92 15
526 93 23
526 94 42
526 95 29
526 96 38
526 97 27
526 98 39
526 99 42
526 100 20
526 101 12
526 102 10
526 103 14
526 104 20
526 105 41
526 106 40
526 107 41
526 108 22
526 109 42
526 110 39
526 111 24
526 112 19
526 113 20
526 114 20
526 115 41
526 116 40
526 117 28
526 118 45
526 119 39
526 120 39
526 121 41
551 1 24
551 2 18
551 3 22
551 4 16
551 5 21
551 6 20
551 7 20
551 8 21
551 9 16
551 10 30
551 11 35
551 12 25
551 13 14
551 14 17
551 15 11
551 16 19
551 17 18
551 18 21
551 19 22
551 20 30
551 21 40
551 22 42
551 23 15
551 24 12
551 25 18
551 26 16
551 27 26
551 28 30
551 29 33
551 30 40
551 31 41
551 32 43
551 33 40
551 34 26
551 35 18
551 36 17
551 37 21
551 38 41
551 39 43
551 40 41
551 41 41
551 42 44
551 43 39
551 44 42
551 45 19
551 46 21
551 47 19
551 48 18
551 49 40
551 50 46
551 51 44
551 52 43
551 53 41
551 54 39
551 55 40
551 56 20
551 57 12
551 58 17
551 59 23
551 60 42
551 61 37
551 62 42
551 63 43
551 64 44
551 65 42
551 66 40
551 67 19
551 68 17
551 69 16
551 70 16
551 71 28
551 72 43
551 73 41
551 74 41
551 75 41
551 76 43
551 77 41
551 78 21
551 79 19
551 80 17
551 81 21
551 82 21
551 83 41
551 84 41
551 85 42
551 86 33
551 87 43
551 88 40
551 89 14
551 90 13
551 91 19
551 92 10
551 93 20
551 94 37
551 95 31
551 96 42
551 97 29
551 98 43
551 99 40
551 100 23
551 101 18
551 102 15
551 103 14
551 104 23
551 105 40
551 106 40
551 107 44
551 108 31
551 109 40
551 110 41
551 111 20
551 112 18
551 113 18
551 114 22
551 115 39
551 116 42
551 117 27
551 118 41
551 119 40
551 120 36
551 121 38
576 1 19
576 2 18
576 3 18
576 4 19
576 5 27
576 6 20
576 7 15
576 8 19
576 9 20
576 10 23
576 11 37
576 12 26
576 13 20
576 14 11
576 15 10
576 16 15
576 17 17
576 18 22
576 19 22
576 20 33
576 21 42
576 22 41
576 23 21
576 24 18
576 25 19
576 26 17
576 27 30
576 28 22
576 29 47
576 30 41
576 31 40
576 32 42
576 33 42
576 34 21
576 35 16
576 36 18
576 37 27
576 38 41
576 39 41
576 40 43
576 41 41
576 42 47
576 43 43
576 44 43
576 45 17
576 46 11
576 47 12
576 48 22
576 49 44
576 50 42
576 51 43
576 52 45
576 53 43
576 54 38
576 55 41
576 56 17
576 57 21
576 58 10
576 59 22
576 60 41
576 61 45
576 62 44
576 63 40
576 64 44
576 65 42
576 66 40
576 67 23
576 68 19
576 69 15
576 70 12
576 71 24
576 72 41
576 73 40
576 74 46
576 75 42
576 76 39
576 77 41
576 78 23
576 79 13
576 80 21
576 81 10
576 82 20
576 83 40
576 84 46
576 85 41
576 86 28
576 87 41
576 88 39
576 89 26
576 90 17
576 91 18
576 92 15
576 93 18
576 94 40
576 95 30
576 96 40
576 97 25
576 98 44
576 99 41
576 100 20
576 101 20
576 102 15
576 103 15
576 104 24
576 105 42
576 106 39
576 107 40
576 108 32
576 109 42
576 110 37
576 111 17
576 112 13
576 113 12
576 114 20
576 115 39
576 116 43
576 117 28
576 118 41
576 119 41
576 120 39
576 121 39
601 1 21
601 2 19
601 3 11
601 4 20
601 5 19
601 6 19
601 7 22
601 8 21
601 9 26
601 10 32
601 11 40
601 12 22
601 13 17
601 14 0
601 15 16
601 16 11
601 17 20
601 18 21
601 19 30
601 20 34
601 21 40
601 22 42
601 23 24
601 24 20
601 25 13
601 26 11
601 27 23
601 28 28
601 29 44
601 30 41
601 31 45
601 32 43
601 33 41
601 34 28
601 35 12
601 36 15
601 37 21
601 38 41
601 39 41
601 40 46
601 41 45
601 42 41
601 43 41
601 44 40
601 45 29
601 46 20
601 47 20
601 48 21
601 49 43
601 50 44
601 51 45
601 52 38
601 53 46
601 54 43
601 55 41
601 56 20
601 57 15
601 58 17
601 59 25
601 60 40
601 61 41
601 62 46
601 63 44
601 64 39
601 65 40
601 66 42
601 67 22
601 68 16
601 69 12
601 70 21
601 71 29
601 72 40
601 73 43
601 74 42
601 75 35
601 76 44
601 77 42
601 78 21
601 79 21
601 80 15
601 81 13
601 82 22
601 83 40
601 84 45
601 85 45
601 86 29
601 87 45
601 88 40
601 89 18
601 90 14
601 91 7
601 92 12
601 93 25
601 94 40
601 95 29
601 96 42
601 97 32
601 98 40
601 99 44
601 100 27
601 101 19
601 102 15
601 103 16
601 104 28
601 105 38
601 106 36
601 107 41
601 108 27
601 109 40
601 110 43
601 111 20
601 112 10
601 113 20
601 114 15
601 115 41
601 116 38
601 117 30
601 118 38
601 119 40
601 120 43
601 121 42
626 1 25
626 2 20
626 3 18
626 4 20
626 5 24
626 6 26
626 7 19
626 8 20
626 9 30
626 10 30
626 11 39
626 12 27
626 13 16
626 14 13
626 15 20
626 16 17
626 17 19
626 18 26
626 19 26
626 20 23
626 21 40
626 22 42
626 23 21
626 24 17
626 25 19
626 26 14
626 27 25
626 28 28
626 29 39
626 30 38
626 31 42
626 32 42
626 33 40
626 34 29
626 35 20
626 36 12
626 37 21
626 38 44
626 39 43
626 40 47
626 41 46
626 42 40
626 43 40
626 44 39
626 45 29
626 46 15
626 47 20
626 48 23
626 49 42
626 50 42
626 51 42
626 52 42
626 53 41
626 54 40
626 55 44
626 56 24
626 57 19
626 58 18
626 59 21
626 60 43
626 61 42
626 62 43
626 63 43
626 64 43
626 65 41
626 66 42
626 67 20
626 68 16
626 69 17
626 70 21
626 71 25
626 72 41
626 73 44
626 74 44
626 75 41
626 76 41
626 77 39
626 78 32
626 79 19
626 80 19
626 81 16
626 82 18
626 83 39
626 84 39
626 85 44
626 86 31
626 87 44
626 88 40
626 89 20
626 90 18
626 91 4
626 92 15
626 93 21
626 94 41
626 95 30
626 96 40
626 97 32
626 98 37
626 99 42
626 100 25
626 101 8
626 102 18
626 103 12
626 104 25
626 105 37
626 106 38
626 107 42
626 108 23
626 109 40
626 110 43
626 111 23
626 112 17
626 113 17
626 114 20
626 115 38
626 116 40
626 117 29
626 118 39
626 119 43
626 120 43
626 121 40
651 1 20
651 2 18
651 3 14
651 4 10
651 5 20
651 6 20
651 7 18
651 8 24
651 9 27
651 10 22
651 11 39
651 12 26
651 13 14
651 14 20
651 15 12
651 16 15
651 17 21
651 18 20
651 19 24
651 20 26
651 21 40
651 22 41
651 23 23
651 24 11
651 25 20
651 26 20
651 27 24
651 28 22
651 29 42
651 30 40
651 31 43
651 32 37
651 33 41
651 34 21
651 35 18
651 36 16
651 37 20
651 38 42
651 39 43
651 40 43
651 41 44
651 42 40
651 43 41
651 44 40
651 45 26
651 46 20
651 47 18
651 48 21
651 49 40
651 50 42
651 51 42
651 52 40
651 53 43
651 54 41
651 55 41
651 56 18
651 57 16
651 58 17
651 59 19
651 60 35
651 61 43
651 62 41
651 63 41
651 64 40
651 65 43
651 66 40
651 67 18
651 68 15
651 69 18
651 70 20
651 71 22
651 72 42
651 73 42
651 74 42
651 75 41
651 76 44
651 77 40
651 78 28
651 79 15
651 80 19
651 81 17
651 82 22
651 83 41
651 84 40
651 85 43
651 86 31
651 87 38
651 88 41
651 89 22
651 90 13
651 91 17
651 92 11
651 93 20
651 94 38
651 95 31
651 96 42
651 97 22
651 98 41
651 99 41
651 100 20
651 101 10
651 102 21
651 103 19
651 104 27
651 105 44
651 106 42
651 107 45
651 108 29
651 109 38
651 110 41
651 111 24
651 112 10
651 113 19
651 114 22
651 115 36
651 116 35
651 117 27
651 118 43
651 119 40
651 120 40
651 121 40
676 1 21
676 2 11
676 3 9
676 4 21
676 5 21
676 6 19
676 7 20
676 8 20
676 9 22
676 10 28
676 11 39
676 12 14
676 13 10
676 14 13
676 15 18
676 16 15
676 17 17
676 18 17
676 19 23
676 20 28
676 21 42
676 22 41
676 23 24
676 24 18
676 25 16
676 26 17
676 27 23
676 28 29
676 29 37
676 30 40
676 31 42
676 32 43
676 33 40
676 34 27
676 35 18
676 36 21
676 37 26
676 38 41
676 39 38
676 40 43
676 41 47
676 42 42
676 43 44
676 44 40
676 45 20
676 46 10
676 47 13
676 48 18
676 49 43
676 50 45
676 51 43
676 52 39
676 53 40
676 54 39
676 55 38
676 56 20
676 57 15
676 58 13
676 59 21
676 60 42
676 61 39
676 62 41
676 63 40
676 64 44
676 65 41
676 66 42
676 67 26
676 68 19
676 69 15
676 70 24
676 71 22
676 72 41
676 73 39
676 74 37
676 75 37
676 76 41
676 77 40
676 78 21
676 79 18
676 80 11
676 81 22
676 82 17
676 83 42
676 84 43
676 85 40
676 86 32
676 87 42
676 88 38
676 89 21
676 90 11
676 91 17
676 92 15
676 93 20
676 94 38
676 95 37
676 96 40
676 97 33
676 98 43
676 99 41
676 100 20
676 101 10
676 102 19
676 103 18
676 104 20
676 105 40
676 106 42
676 107 40
676 108 29
676 109 43
676 110 40
676 111 20
676 112 14
676 113 11
676 114 19
676 115 38
676 116 40
676 117 31
676 118 44
676 119 40
676 120 39
676 121 39
701 1 20
701 2 18
701 3 12
701 4 15
701 5 21
701 6 18
701 7 21
701 8 28
701 9 21
701 10 29
701 11 38
701 12 21
701 13 15
701 14 16
701 15 19
701 16 18
701 17 20
701 18 24
701 19 26
701 20 22
701 21 36
701 22 39
701 23 20
701 24 19
701 25 19
701 26 16
701 27 20
701 28 18
701 29 39
701 30 42
701 31 40
701 32 42
701 33 37
701 34 17
701 35 18
701 36 10
701 37 20
701 38 42
701 39 37
701 40 42
701 41 43
701 42 42
701 43 41
701 44 40
701 45 22
701 46 19
701 47 17
701 48 22
701 49 40
701 50 43
701 51 42
701 52 40
701 53 42
701 54 39
701 55 38
701 56 21
701 57 13
701 58 10
701 59 22
701 60 41
701 61 42
701 62 43
701 63 40
701 64 44
701 65 44
701 66 41
701 67 22
701 68 15
701 69 14
701 70 17
701 71 19
701 72 43
701 73 40
701 74 42
701 75 37
701 76 41
701 77 39
701 78 20
701 79 12
701 80 18
701 81 9
701 82 21
701 83 43
701 84 43
701 85 40
701 86 32
701 87 39
701 88 44
701 89 21
701 90 19
701 91 20
701 92 11
701 93 24
701 94 42
701 95 34
701 96 41
701 97 21
701 98 38
701 99 43
701 100 21
701 101 17
701 102 19
701 103 15
701 104 30
701 105 39
701 106 40
701 107 42
701 108 28
701 109 40
701 110 39
701 111 21
701 112 18
701 113 15
701 114 20
701 115 38
701 116 39
701 117 23
701 118 38
701 119 38
701 120 39
701 121 41
726 1 20
726 2 13
726 3 16
726 4 17
726 5 23
726 6 19
726 7 14
726 8 22
726 9 22
726 10 30
726 11 39
726 12 23
726 13 15
726 14 10
726 15 12
726 16 11
726 17 21
726 18 18
726 19 22
726 20 31
726 21 37
726 22 42
726 23 19
726 24 13
726 25 14
726 26 21
726 27 28
726 28 26
726 29 42
726 30 43
726 31 41
726 32 45
726 33 40
726 34 21
726 35 12
726 36 17
726 37 22
726 38 39
726 39 43
726 40 46
726 41 42
726 42 43
726 43 43
726 44 41
726 45 24
726 46 16
726 47 23
726 48 24
726 49 42
726 50 43
726 51 44
726 52 43
726 53 43
726 54 42
726 55 37
726 56 23
726 57 15
726 58 16
726 59 27
726 60 42
726 61 42
726 62 44
726 63 46
726 64 47
726 65 47
726 66 41
726 67 18
726 68 19
726 69 19
726 70 19
726 71 29
726 72 42
726 73 42
726 74 45
726 75 41
726 76 42
726 77 41
726 78 25
726 79 19
726 80 22
726 81 20
726 82 22
726 83 42
726 84 38
726 85 44
726 86 30
726 87 41
726 88 40
726 89 12
726 90 14
726 91 16
726 92 17
726 93 22
726 94 47
726 95 39
726 96 44
726 97 31
726 98 42
726 99 44
726 100 26
726 101 13
726 102 11
726 103 19
726 104 23
726 105 45
726 106 40
726 107 42
726 108 35
726 109 42
726 110 39
726 111 25
726 112 15
726 113 7
726 114 20
726 115 42
726 116 40
726 117 30
726 118 38
726 119 42
726 120 43
726 121 39
751 1 23
751 2 21
751 3 11
751 4 20
751 5 23
751 6 20
751 7 19
751 8 22
751 9 23
751 10 30
751 11 37
751 12 20
751 13 10
751 14 12
751 15 11
751 16 17
751 17 20
751 18 22
751 19 24
751 20 29
751 21 39
751 22 43
751 23 23
751 24 21
751 25 19
751 26 11
751 27 20
751 28 26
751 29 40
751 30 40
751 31 38
751 32 42
751 33 38
751 34 21
751 35 19
751 36 21
751 37 22
751 38 40
751 39 40
751 40 43
751 41 44
751 42 45
751 43 42
751 44 42
751 45 25
751 46 20
751 47 18
751 48 25
751 49 41
751 50 42
751 51 45
751 52 45
751 53 41
751 54 45
751 55 41
751 56 22
751 57 20
751 58 21
751 59 29
751 60 45
751 61 43
751 62 41
751 63 42
751 64 40
751 65 41
751 66 40
751 67 21
751 68 18
751 69 19
751 70 22
751 71 29
751 72 44
751 73 40
751 74 41
751 75 42
751 76 44
751 77 45
751 78 25
751 79 17
751 80 21
751 81 14
751 82 21
751 83 40
751 84 41
751 85 43
751 86 37
751 87 41
751 88 42
751 89 27
751 90 13
751 91 21
751 92 20
751 93 21
751 94 39
751 95 29
751 96 39
751 97 24
751 98 39
751 99 39
751 100 20
751 101 14
751 102 16
751 103 20
751 104 21
751 105 39
751 106 40
751 107 40
751 108 30
751 109 40
751 110 42
751 111 21
751 112 19
751 113 11
751 114 17
751 115 38
751 116 38
751 117 27
751 118 40
751 119 42
751 120 41
751 121 40
776 1 20
776 2 20
776 3 15
776 4 17
776 5 18
776 6 19
776 7 15
776 8 20
776 9 20
776 10 25
776 11 40
776 12 28
776 13 21
776 14 18
776 15 20
776 16 18
776 17 20
776 18 20
776 19 23
776 20 30
776 21 40
776 22 40
776 23 18
776 24 17
776 25 19
776 26 19
776 27 18
776 28 28
776 29 37
776 30 43
776 31 45
776 32 39
776 33 42
776 34 24
776 35 22
776 36 20
776 37 26
776 38 41
776 39 44
776 40 42
776 41 40
776 42 41
776 43 41
776 44 42
776 45 18
776 46 11
776 47 19
776 48 24
776 49 40
776 50 43
776 51 40
776 52 42
776 53 41
776 54 44
776 55 41
776 56 21
776 57 15
776 58 20
776 59 25
776 60 40
776 61 39
776 62 40
776 63 40
776 64 43
776 65 45
776 66 42
776 67 20
776 68 12
776 69 14
776 70 13
776 71 28
776 72 40
776 73 44
776 74 38
776 75 43
776 76 40
776 77 43
776 78 23
776 79 12
776 80 18
776 81 21
776 82 18
776 83 38
776 84 39
776 85 37
776 86 34
776 87 38
776 88 42
776 89 21
776 90 19
776 91 12
776 92 13
776 93 20
776 94 43
776 95 32
776 96 43
776 97 31
776 98 44
776 99 39
776 100 21
776 101 19
776 102 9
776 103 20
776 104 22
776 105 41
776 106 41
776 107 37
776 108 28
776 109 41
776 110 42
776 111 20
776 112 14
776 113 12
776 114 17
776 115 42
776 116 40
776 117 27
776 118 35
776 119 37
776 120 39
776 121 42
801 1 21
801 2 14
801 3 10
801 4 14
801 5 20
801 6 19
801 7 11
801 8 22
801 9 26
801 10 24
801 11 40
801 12 20
801 13 16
801 14 18
801 15 20
801 16 9
801 17 19
801 18 18
801 19 22
801 20 21
801 21 42
801 22 38
801 23 20
801 24 8
801 25 11
801 26 19
801 27 22
801 28 31
801 29 42
801 30 40
801 31 39
801 32 41
801 33 39
801 34 19
801 35 13
801 36 19
801 37 23
801 38 39
801 39 40
801 40 43
801 41 43
801 42 45
801 43 42
801 44 43
801 45 20
801 46 15
801 47 15
801 48 20
801 49 41
801 50 42
801 51 43
801 52 44
801 53 41
801 54 41
801 55 38
801 56 24
801 57 19
801 58 17
801 59 23
801 60 44
801 61 42
801 62 41
801 63 41
801 64 46
801 65 39
801 66 42
801 67 31
801 68 18
801 69 20
801 70 16
801 71 21
801 72 41
801 73 39
801 74 44
801 75 44
801 76 45
801 77 41
801 78 22
801 79 18
801 80 15
801 81 9
801 82 24
801 83 41
801 84 41
801 85 40
801 86 29
801 87 40
801 88 39
801 89 20
801 90 18
801 91 20
801 92 11
801 93 22
801 94 40
801 95 32
801 96 41
801 97 25
801 98 40
801 99 40
801 100 20
801 101 16
801 102 14
801 103 20
801 104 21
801 105 40
801 106 41
801 107 39
801 108 19
801 109 42
801 110 43
801 111 19
801 112 9
801 113 19
801 114 20
801 115 40
801 116 43
801 117 20
801 118 41
801 119 41
801 120 38
801 121 34
826 1 14
826 2 18
826 3 13
826 4 13
826 5 20
826 6 19
826 7 19
826 8 22
826 9 23
826 10 32
826 11 39
826 12 21
826 13 15
826 14 16
826 15 15
826 16 20
826 17 16
826 18 29
826 19 21
826 20 28
826 21 38
826 22 41
826 23 22
826 24 11
826 25 19
826 26 20
826 27 19
826 28 33
826 29 42
826 30 46
826 31 46
826 32 43
826 33 42
826 34 28
826 35 21
826 36 16
826 37 20
826 38 38
826 39 43
826 40 45
826 41 43
826 42 46
826 43 41
826 44 37
826 45 26
826 46 18
826 47 14
826 48 27
826 49 42
826 50 43
826 51 43
826 52 44
826 53 43
826 54 47
826 55 42
826 56 18
826 57 17
826 58 23
826 59 30
826 60 41
826 61 47
826 62 44
826 63 45
826 64 44
826 65 41
826 66 40
826 67 22
826 68 18
826 69 15
826 70 15
826 71 36
826 72 44
826 73 43
826 74 44
826 75 46
826 76 44
826 77 42
826 78 20
826 79 13
826 80 18
826 81 18
826 82 28
826 83 44
826 84 41
826 85 40
826 86 41
826 87 42
826 88 40
826 89 19
826 90 20
826 91 9
826 92 18
826 93 20
826 94 40
826 95 28
826 96 41
826 97 33
826 98 41
826 99 38
826 100 16
826 101 19
826 102 14
826 103 14
826 104 24
826 105 41
826 106 41
826 107 40
826 108 29
826 109 40
826 110 40
826 111 20
826 112 19
826 113 17
826 114 21
826 115 40
826 116 38
826 117 32
826 118 40
826 119 40
826 120 39
826 121 39
851 1 19
851 2 16
851 3 10
851 4 17