1 1 6
1 2 7
1 3 5
1 4 4
1 5 5
1 6 4
1 7 7
1 8 4
1 9 5
1 10 5
1 11 5
1 12 5
1 13 5
1 14 5
1 15 5
1 16 4
1 17 4
1 18 5
1 19 6
1 20 4
1 21 5
1 22 4
1 23 5
1 24 5
1 25 5
1 26 5
1 27 6
1 28 5
1 29 4
1 30 4
1 31 6
1 32 5
1 33 4
1 34 4
1 35 6
1 36 4
1 37 4
1 38 4
1 39 4
1 40 4
1 41 5
1 42 4
1 43 5
1 44 5
1 45 4
1 46 5
1 47 4
1 48 4
1 49 6
1 50 5
1 51 6
1 52 5
1 53 4
1 54 4
1 55 4
1 56 4
1 57 5
1 58 4
1 59 4
1 60 6
1 61 4
1 62 4
1 63 4
1 64 3
1 65 3
1 66 4
1 67 4
1 68 5
1 69 5
1 70 4
1 71 3
1 72 5
1 73 5
1 74 6
1 75 3
1 76 4
1 77 4
1 78 5
1 79 5
1 80 5
1 81 6
1 82 5
1 83 5
1 84 4
1 85 5
1 86 5
1 87 5
1 88 5
1 89 5
1 90 5
1 91 5
1 92 6
1 93 5
1 94 5
1 95 6
1 96 5
1 97 5
1 98 5
1 99 5
1 100 6
1 101 5
1 102 4
1 103 6
1 104 5
1 105 5
1 106 5
1 107 6
1 108 5
1 109 5
1 110 5
1 111 6
1 112 5
1 113 5
1 114 5
1 115 5
1 116 4
1 117 5
1 118 4
1 119 5
1 120 4
1 121 5
26 1 4
26 2 3
26 3 4
26 4 4
26 5 2
26 6 2
26 7 4
26 8 2
26 9 4
26 10 4
26 11 4
26 12 1
26 13 5
26 14 4
26 15 4
26 16 4
26 17 3
26 18 4
26 19 3
26 20 4
26 21 4
26 22 5
26 23 2
26 24 4
26 25 2
26 26 4
26 27 2
26 28 2
26 29 3
26 30 3
26 31 3
26 32 2
26 33 4
26 34 4
26 35 4
26 36 3
26 37 3
26 38 3
26 39 3
26 40 3
26 41 3
26 42 4
26 43 3
26 44 2
26 45 4
26 46 4
26 47 1
26 48 3
26 49 3
26 50 3
26 51 4
26 52 5
26 53 3
26 54 2
26 55 2
26 56 4
26 57 4
26 58 5
26 59 3
26 60 3
26 61 5
26 62 3
26 63 4
26 64 4
26 65 3
26 66 4
26 67 4
26 68 4
26 69 3
26 70 4
26 71 4
26 72 3
26 73 3
26 74 4
26 75 4
26 76 3
26 77 4
26 78 4
26 79 2
26 80 3
26 81 4
26 82 4
26 83 1
26 84 4
26 85 4
26 86 5
26 87 3
26 88 3
26 89 4
26 90 4
26 91 3
26 92 4
26 93 3
26 94 2
26 95 3
26 96 2
26 97 5
26 98 1
26 99 3
26 100 4
26 101 4
26 102 4
26 103 4
26 104 2
26 105 3
26 106 5
26 107 4
26 108 4
26 109 5
26 110 3
26 111 4
26 112 2
26 113 1
26 114 1
26 115 1
26 116 1
26 117 4
26 118 3
26 119 4
26 120 5
26 121 5
51 1 3
51 2 4
51 3 4
51 4 2
51 5 2
51 6 1
51 7 4
51 8 3
51 9 3
51 10 3
51 11 3
51 12 3
51 13 5
51 14 4
51 15 3
51 16 3
51 17 3
51 18 4
51 19 3
51 20 2
51 21 4
51 22 4
51 23 2
51 24 3
51 25 3
51 26 4
51 27 2
51 28 3
51 29 3
51 30 4
51 31 4
51 32 4
51 33 2
51 34 3
51 35 2
51 36 3
51 37 3
51 38 4
51 39 3
51 40 3
51 41 3
51 42 2
51 43 4
51 44 2
51 45 3
51 46 3
51 47 1
51 48 3
51 49 4
51 50 5
51 51 5
51 52 4
51 53 3
51 54 4
51 55 2
51 56 4
51 57 5
51 58 4
51 59 3
51 60 3
51 61 4
51 62 4
51 63 5
51 64 4
51 65 4
51 66 4
51 67 3
51 68 4
51 69 5
51 70 5
51 71 3
51 72 2
51 73 3
51 74 5
51 75 5
51 76 4
51 77 4
51 78 4
51 79 4
51 80 4
51 81 4
51 82 4
51 83 4
51 84 3
51 85 5
51 86 4
51 87 3
51 88 3
51 89 3
51 90 3
51 91 4
51 92 4
51 93 4
51 94 1
51 95 3
51 96 2
51 97 2
51 98 1
51 99 3
51 100 3
51 101 4
51 102 3
51 103 3
51 104 4
51 105 3
51 106 4
51 107 3
51 108 3
51 109 3
51 110 3
51 111 3
51 112 3
51 113 2
51 114 1
51 115 2
51 116 2
51 117 3
51 118 4
51 119 3
51 120 5
51 121 3
76 1 2
76 2 2
76 3 4
76 4 4
76 5 2
76 6 1
76 7 3
76 8 2
76 9 4
76 10 4
76 11 4
76 12 3
76 13 5
76 14 5
76 15 3
76 16 4
76 17 3
76 18 4
76 19 3
76 20 4
76 21 3
76 22 5
76 23 2
76 24 4
76 25 3
76 26 3
76 27 3
76 28 3
76 29 3
76 30 3
76 31 2
76 32 3
76 33 3
76 34 2
76 35 3
76 36 3
76 37 3
76 38 3
76 39 4
76 40 4
76 41 4
76 42 3
76 43 2
76 44 2
76 45 3
76 46 3
76 47 1
76 48 2
76 49 4
76 50 4
76 51 4
76 52 5
76 53 5
76 54 5
76 55 2
76 56 4
76 57 4
76 58 4
76 59 3
76 60 4
76 61 5
76 62 5
76 63 5
76 64 3
76 65 4
76 66 4
76 67 3
76 68 2
76 69 4
76 70 3
76 71 4
76 72 4
76 73 4
76 74 4
76 75 3
76 76 4
76 77 4
76 78 3
76 79 3
76 80 4
76 81 4
76 82 4
76 83 1
76 84 4
76 85 3
76 86 4
76 87 2
76 88 1
76 89 5
76 90 4
76 91 3
76 92 4
76 93 5
76 94 3
76 95 3
76 96 3
76 97 2
76 98 2
76 99 4
76 100 2
76 101 3
76 102 4
76 103 3
76 104 4
76 105 5
76 106 3
76 107 2
76 108 3
76 109 3
76 110 4
76 111 3
76 112 2
76 113 2
76 114 3
76 115 1
76 116 3
76 117 2
76 118 3
76 119 3
76 120 4
76 121 5
101 1 4
101 2 4
101 3 4
101 4 4
101 5 2
101 6 1
101 7 4
101 8 2
101 9 4
101 10 4
101 11 4
101 12 4
101 13 4
101 14 2
101 15 4
101 16 5
101 17 3
101 18 5
101 19 3
101 20 3
101 21 5
101 22 5
101 23 2
101 24 3
101 25 2
101 26 3
101 27 2
101 28 1
101 29 4
101 30 3
101 31 1
101 32 4
101 33 3
101 34 4
101 35 1
101 36 2
101 37 3
101 38 3
101 39 2
101 40 3
101 41 3
101 42 2
101 43 2
101 44 1
101 45 3
101 46 2
101 47 2
101 48 3
101 49 4
101 50 3
101 51 2
101 52 3
101 53 3
101 54 4
101 55 4
101 56 3
101 57 4
101 58 4
101 59 3
101 60 3
101 61 3
101 62 3
101 63 4
101 64 4
101 65 4
101 66 3
101 67 4
101 68 4
101 69 3
101 70 5
101 71 3
101 72 4
101 73 3
101 74 3
101 75 4
101 76 4
101 77 3
101 78 4
101 79 4
101 80 3
101 81 3
101 82 3
101 83 2
101 84 1
101 85 3
101 86 4
101 87 2
101 88 4
101 89 3
101 90 4
101 91 3
101 92 5
101 93 2
101 94 2
101 95 3
101 96 2
101 97 2
101 98 3
101 99 4
101 100 4
101 101 5
101 102 3
101 103 4
101 104 2
101 105 3
101 106 2
101 107 2
101 108 4
101 109 3
101 110 5
101 111 2
101 112 3
101 113 2
101 114 4
101 115 1
101 116 3
101 117 2
101 118 2
101 119 3
101 120 3
101 121 4
126 1 3
126 2 2
126 3 2
126 4 3
126 5 3
126 6 1
126 7 2
126 8 3
126 9 4
126 10 4
126 11 6
126 12 4
126 13 4
126 14 3
126 15 4
126 16 4
126 17 3
126 18 3
126 19 3
126 20 4
126 21 5
126 22 6
126 23 3
126 24 2
126 25 2
126 26 2
126 27 2
126 28 1
126 29 2
126 30 3
126 31 1
126 32 2
126 33 3
126 34 3
126 35 2
126 36 2
126 37 2
126 38 2
126 39 2
126 40 3
126 41 3
126 42 3
126 43 2
126 44 2
126 45 2
126 46 3
126 47 1
126 48 3
126 49 4
126 50 2
126 51 3
126 52 4
126 53 3
126 54 3
126 55 3
126 56 4
126 57 4
126 58 3
126 59 4
126 60 4
126 61 3
126 62 4
126 63 3
126 64 4
126 65 4
126 66 4
126 67 4
126 68 3
126 69 4
126 70 3
126 71 3
126 72 2
126 73 3
126 74 3
126 75 4
126 76 3
126 77 3
126 78 4
126 79 4
126 80 4
126 81 3
126 82 3
126 83 3
126 84 2
126 85 3
126 86 4
126 87 2
126 88 3
126 89 3
126 90 4
126 91 5
126 92 5
126 93 3
126 94 2
126 95 3
126 96 3
126 97 1
126 98 1
126 99 2
126 100 5
126 101 4
126 102 2
126 103 4
126 104 5
126 105 3
126 106 4
126 107 2
126 108 2
126 109 4
126 110 5
126 111 4
126 112 2
126 113 1
126 114 3
126 115 1
126 116 3
126 117 2
126 118 2
126 119 2
126 120 5
126 121 5
151 1 3
151 2 2
151 3 1
151 4 4
151 5 2
151 6 1
151 7 3
151 8 2
151 9 4
151 10 4
151 11 4
151 12 6
151 13 3
151 14 4
151 15 4
151 16 4
151 17 3
151 18 3
151 19 3
151 20 4
151 21 4
151 22 3
151 23 2
151 24 3
151 25 3
151 26 2
151 27 3
151 28 2
151 29 2
151 30 3
151 31 3
151 32 2
151 33 3
151 34 2
151 35 3
151 36 3
151 37 3
151 38 2
151 39 2
151 40 2
151 41 2
151 42 2
151 43 2
151 44 2
151 45 4
151 46 3
151 47 1
151 48 3
151 49 4
151 50 2
151 51 2
151 52 3
151 53 3
151 54 3
151 55 3
151 56 4
151 57 3
151 58 4
151 59 4
151 60 2
151 61 4
151 62 2
151 63 2
151 64 4
151 65 3
151 66 3
151 67 3
151 68 2
151 69 4
151 70 5
151 71 1
151 72 2
151 73 3
151 74 2
151 75 3
151 76 3
151 77 3
151 78 4
151 79 3
151 80 3
151 81 3
151 82 3
151 83 1
151 84 2
151 85 2
151 86 3
151 87 3
151 88 3
151 89 4
151 90 4
151 91 3
151 92 4
151 93 3
151 94 2
151 95 2
151 96 3
151 97 4
151 98 3
151 99 4
151 100 4
151 101 4
151 102 3
151 103 4
151 104 4
151 105 3
151 106 2
151 107 3
151 108 3
151 109 4
151 110 6
151 111 2
151 112 2
151 113 2
151 114 3
151 115 1
151 116 3
151 117 3
151 118 3
151 119 2
151 120 6
151 121 5
176 1 2
176 2 3
176 3 2
176 4 3
176 5 2
176 6 1
176 7 4
176 8 2
176 9 4
176 10 3
176 11 4
176 12 4
176 13 4
176 14 4
176 15 2
176 16 3
176 17 2
176 18 3
176 19 4
176 20 3
176 21 2
176 22 3
176 23 2
176 24 2
176 25 3
176 26 4
176 27 3
176 28 3
176 29 2
176 30 3
176 31 2
176 32 3
176 33 3
176 34 2
176 35 3
176 36 2
176 37 3
176 38 3
176 39 2
176 40 2
176 41 2
176 42 4
176 43 2
176 44 1
176 45 2
176 46 2
176 47 1
176 48 3
176 49 3
176 50 2
176 51 2
176 52 1
176 53 2
176 54 2
176 55 1
176 56 2
176 57 2
176 58 4
176 59 4
176 60 3
176 61 3
176 62 2
176 63 2
176 64 2
176 65 3
176 66 4
176 67 2
176 68 2
176 69 3
176 70 5
176 71 4
176 72 2
176 73 2
176 74 3
176 75 3
176 76 3
176 77 3
176 78 3
176 79 3
176 80 3
176 81 3
176 82 2
176 83 2
176 84 1
176 85 3
176 86 3
176 87 3
176 88 3
176 89 3
176 90 2
176 91 5
176 92 4
176 93 3
176 94 3
176 95 1
176 96 2
176 97 2
176 98 3
176 99 3
176 100 3
176 101 3
176 102 4
176 103 4
176 104 4
176 105 3
176 106 3
176 107 2
176 108 3
176 109 4
176 110 6
176 111 4
176 112 2
176 113 2
176 114 4
176 115 2
176 116 2
176 117 3
176 118 2
176 119 2
176 120 5
176 121 4
201 1 3
201 2 2
201 3 2
201 4 3
201 5 2
201 6 1
201 7 2
201 8 4
201 9 2
201 10 4
201 11 3
201 12 4
201 13 3
201 14 3
201 15 4
201 16 4
201 17 3
201 18 4
201 19 4
201 20 2
201 21 4
201 22 3
201 23 2
201 24 1
201 25 2
201 26 4
201 27 2
201 28 2
201 29 2
201 30 4
201 31 2
201 32 2
201 33 3
201 34 3
201 35 3
201 36 3
201 37 4
201 38 3
201 39 2
201 40 2
201 41 2
201 42 2
201 43 2
201 44 2
201 45 3
201 46 3
201 47 1
201 48 3
201 49 3
201 50 3
201 51 3
201 52 3
201 53 3
201 54 4
201 55 2
201 56 3
201 57 3
201 58 3
201 59 4
201 60 4
201 61 3
201 62 2
201 63 3
201 64 2
201 65 4
201 66 3
201 67 2
201 68 3
201 69 3
201 70 4
201 71 3
201 72 2
201 73 1
201 74 3
201 75 3
201 76 3
201 77 3
201 78 2
201 79 3
201 80 3
201 81 4
201 82 4
201 83 1
201 84 3
201 85 3
201 86 3
201 87 2
201 88 3
201 89 2
201 90 3
201 91 3
201 92 4
201 93 3
201 94 2
201 95 1
201 96 3
201 97 3
201 98 2
201 99 3
201 100 3
201 101 3
201 102 3
201 103 4
201 104 3
201 105 3
201 106 3
201 107 3
201 108 2
201 109 4
201 110 4
201 111 3
201 112 1
201 113 2
201 114 1
201 115 1
201 116 2
201 117 2
201 118 2
201 119 3
201 120 4
201 121 2
226 1 1
226 2 2
226 3 2
226 4 2
226 5 2
226 6 2
226 7 3
226 8 2
226 9 4
226 10 4
226 11 4
226 12 3
226 13 2
226 14 3
226 15 3
226 16 4
226 17 3
226 18 4
226 19 4
226 20 3
226 21 3
226 22 3
226 23 2
226 24 2
226 25 1
226 26 3
226 27 4
226 28 2
226 29 3
226 30 4
226 31 1
226 32 3
226 33 2
226 34 2
226 35 2
226 36 2
226 37 4
226 38 2
226 39 2
226 40 2
226 41 3
226 42 3
226 43 3
226 44 1
226 45 3
226 46 3
226 47 1
226 48 3
226 49 3
226 50 3
226 51 3
226 52 3
226 53 2
226 54 3
226 55 2
226 56 3
226 57 3
226 58 3
226 59 4
226 60 3
226 61 2
226 62 3
226 63 3
226 64 3
226 65 3
226 66 2
226 67 3
226 68 3
226 69 3
226 70 5
226 71 2
226 72 2
226 73 2
226 74 3
226 75 3
226 76 3
226 77 3
226 78 3
226 79 3
226 80 4
226 81 4
226 82 3
226 83 2
226 84 2
226 85 2
226 86 3
226 87 2
226 88 3
226 89 2
226 90 3
226 91 4
226 92 4
226 93 3
226 94 2
226 95 3
226 96 3
226 97 2
226 98 3
226 99 3
226 100 3
226 101 3
226 102 4
226 103 4
226 104 4
226 105 4
226 106 3
226 107 3
226 108 3
226 109 4
226 110 3
226 111 1
226 112 3
226 113 2
226 114 1
226 115 1
226 116 4
226 117 3
226 118 3
226 119 1
226 120 4
226 121 3
251 1 2
251 2 2
251 3 2
251 4 2
251 5 2
251 6 1
251 7 3
251 8 2
251 9 3
251 10 4
251 11 4
251 12 2
251 13 1
251 14 3
251 15 4
251 16 3
251 17 4
251 18 4
251 19 4
251 20 3
251 21 3
251 22 3
251 23 2
251 24 2
251 25 2
251 26 3
251 27 2
251 28 2
251 29 4
251 30 4
251 31 2
251 32 2
251 33 1
251 34 2
251 35 2
251 36 2
251 37 3
251 38 2
251 39 2
251 40 2
251 41 5
251 42 2
251 43 2
251 44 2
251 45 3
251 46 3
251 47 2
251 48 2
251 49 3
251 50 2
251 51 3
251 52 3
251 53 3
251 54 3
251 55 2
251 56 3
251 57 3
251 58 3
251 59 4
251 60 1
251 61 4
251 62 4
251 63 3
251 64 3
251 65 3
251 66 3
251 67 2
251 68 3
251 69 3
251 70 3
251 71 3
251 72 2
251 73 2
251 74 2
251 75 1
251 76 2
251 77 3
251 78 3
251 79 3
251 80 2
251 81 2
251 82 2
251 83 2
251 84 2
251 85 3
251 86 3
251 87 2
251 88 1
251 89 2
251 90 3
251 91 3
251 92 4
251 93 3
251 94 1
251 95 2
251 96 3
251 97 1
251 98 1
251 99 3
251 100 4
251 101 3
251 102 2
251 103 2
251 104 3
251 105 4
251 106 4
251 107 2
251 108 4
251 109 4
251 110 4
251 111 2
251 112 2
251 113 1
251 114 3
251 115 1
251 116 3
251 117 4
251 118 3
251 119 1
251 120 4
251 121 4
276 1 2
276 2 2
276 3 2
276 4 3
276 5 2
276 6 1
276 7 4
276 8 3
276 9 4
276 10 5
276 11 4
276 12 3
276 13 2
276 14 4
276 15 3
276 16 4
276 17 5
276 18 5
276 19 4
276 20 2
276 21 4
276 22 4
276 23 2
276 24 2
276 25 2
276 26 4
276 27 2
276 28 2
276 29 2
276 30 3
276 31 3
276 32 3
276 33 2
276 34 2
276 35 1
276 36 3
276 37 3
276 38 3
276 39 2
276 40 2
276 41 3
276 42 3
276 43 2
276 44 1
276 45 3
276 46 2
276 47 1
276 48 2
276 49 3
276 50 3
276 51 3
276 52 2
276 53 2
276 54 2
276 55 3
276 56 2
276 57 2
276 58 2
276 59 3
276 60 3
276 61 3
276 62 4
276 63 3
276 64 2
276 65 3
276 66 3
276 67 3
276 68 3
276 69 3
276 70 3
276 71 2
276 72 3
276 73 1
276 74 2
276 75 2
276 76 3
276 77 4
276 78 2
276 79 4
276 80 4
276 81 2
276 82 2
276 83 2
276 84 2
276 85 3
276 86 3
276 87 1
276 88 4
276 89 2
276 90 1
276 91 3
276 92 3
276 93 2
276 94 3
276 95 2
276 96 2
276 97 3
276 98 2
276 99 3
276 100 2
276 101 2
276 102 2
276 103 1
276 104 3
276 105 3
276 106 2
276 107 3
276 108 4
276 109 3
276 110 4
276 111 2
276 112 2
276 113 1
276 114 2
276 115 1
276 116 2
276 117 3
276 118 3
276 119 2
276 120 4
276 121 4
301 1 5
301 2 2
301 3 3
301 4 2
301 5 2
301 6 1
301 7 4
301 8 2
301 9 5
301 10 4
301 11 4
301 12 4
301 13 2
301 14 3
301 15 3
301 16 3
301 17 2
301 18 3
301 19 3
301 20 4
301 21 5
301 22 4
301 23 2
301 24 2
301 25 2
301 26 2
301 27 4
301 28 2
301 29 3
301 30 2
301 31 2
301 32 2
301 33 2
301 34 3
301 35 2
301 36 2
301 37 3
301 38 3
301 39 1
301 40 2
301 41 3
301 42 2
301 43 3
301 44 2
301 45 2
301 46 3
301 47 1
301 48 3
301 49 3
301 50 3
301 51 3
301 52 3
301 53 3
301 54 3
301 55 1
301 56 2
301 57 3
301 58 5
301 59 4
301 60 4
301 61 4
301 62 4
301 63 3
301 64 2
301 65 3
301 66 4
301 67 4
301 68 4
301 69 3
301 70 5
301 71 2
301 72 2
301 73 4
301 74 4
301 75 3
301 76 3
301 77 4
301 78 3
301 79 3
301 80 3
301 81 2
301 82 3
301 83 2
301 84 1
301 85 3
301 86 4
301 87 2
301 88 3
301 89 3
301 90 2
301 91 3
301 92 2
301 93 4
301 94 3
301 95 2
301 96 2
301 97 4
301 98 2
301 99 2
301 100 2
301 101 2
301 102 3
301 103 1
301 104 2
301 105 2
301 106 2
301 107 3
301 108 3
301 109 3
301 110 2
301 111 2
301 112 1
301 113 2
301 114 2
301 115 1
301 116 3
301 117 3
301 118 3
301 119 3
301 120 3
301 121 4
326 1 4
326 2 2
326 3 2
326 4 3
326 5 2
326 6 1
326 7 3
326 8 2
326 9 2
326 10 4
326 11 4
326 12 3
326 13 4
326 14 2
326 15 3
326 16 3
326 17 3
326 18 2
326 19 1
326 20 4
326 21 4
326 22 4
326 23 2
326 24 2
326 25 2
326 26 4
326 27 2
326 28 2
326 29 3
326 30 1
326 31 2
326 32 2
326 33 2
326 34 1
326 35 2
326 36 3
326 37 3
326 38 3
326 39 2
326 40 3
326 41 4
326 42 2
326 43 3
326 44 2
326 45 4
326 46 4
326 47 1
326 48 3
326 49 2
326 50 3
326 51 3
326 52 2
326 53 3
326 54 5
326 55 4
326 56 4
326 57 4
326 58 4
326 59 3
326 60 3
326 61 3
326 62 3
326 63 4
326 64 4
326 65 4
326 66 5
326 67 4
326 68 3
326 69 4
326 70 4
326 71 3
326 72 2
326 73 3
326 74 4
326 75 2
326 76 5
326 77 4
326 78 4
326 79 4
326 80 3
326 81 3
326 82 2
326 83 2
326 84 2
326 85 4
326 86 3
326 87 4
326 88 3
326 89 3
326 90 3
326 91 3
326 92 2
326 93 2
326 94 2
326 95 2
326 96 4
326 97 2
326 98 2
326 99 4
326 100 3
326 101 3
326 102 2
326 103 2
326 104 3
326 105 3
326 106 3
326 107 3
326 108 3
326 109 4
326 110 4
326 111 2
326 112 2
326 113 2
326 114 2
326 115 1
326 116 1
326 117 4
326 118 3
326 119 2
326 120 4
326 121 4
351 1 3
351 2 3
351 3 2
351 4 3
351 5 1
351 6 1
351 7 3
351 8 2
351 9 3
351 10 3
351 11 4
351 12 4
351 13 2
351 14 3
351 15 2
351 16 3
351 17 3
351 18 2
351 19 3
351 20 3
351 21 3
351 22 2
351 23 2
351 24 3
351 25 3
351 26 3
351 27 3
351 28 1
351 29 2
351 30 2
351 31 2
351 32 1
351 33 2
351 34 3
351 35 3
351 36 3
351 37 3
351 38 3
351 39 2
351 40 3
351 41 3
351 42 2
351 43 2
351 44 2
351 45 3
351 46 3
351 47 1
351 48 3
351 49 3
351 50 3
351 51 3
351 52 2
351 53 4
351 54 2
351 55 2
351 56 4
351 57 3
351 58 3
351 59 3
351 60 3
351 61 3
351 62 3
351 63 3
351 64 3
351 65 2
351 66 5
351 67 4
351 68 3
351 69 3
351 70 4
351 71 3
351 72 2
351 73 2
351 74 2
351 75 3
351 76 3
351 77 3
351 78 3
351 79 4
351 80 2
351 81 3
351 82 3
351 83 2
351 84 2
351 85 3
351 86 3
351 87 2
351 88 3
351 89 2
351 90 4
351 91 2
351 92 2
351 93 2
351 94 4
351 95 3
351 96 3
351 97 2
351 98 2
351 99 3
351 100 3
351 101 4
351 102 4
351 103 2
351 104 3
351 105 3
351 106 4
351 107 2
351 108 4
351 109 4
351 110 3
351 111 3
351 112 2
351 113 2
351 114 2
351 115 1
351 116 2
351 117 1
351 118 3
351 119 3
351 120 4
351 121 3
376 1 2
376 2 2
376 3 2
376 4 3
376 5 2
376 6 1
376 7 3
376 8 2
376 9 2
376 10 2
376 11 2
376 12 2
376 13 3
376 14 3
376 15 2
376 16 3
376 17 2
376 18 2
376 19 2
376 20 3
376 21 3
376 22 3
376 23 3
376 24 2
376 25 2
376 26 3
376 27 2
376 28 3
376 29 3
376 30 2
376 31 2
376 32 2
376 33 2
376 34 3
376 35 3
376 36 2
376 37 3
376 38 3
376 39 3
376 40 3
376 41 3
376 42 2
376 43 2
376 44 3
376 45 2
376 46 3
376 47 1
376 48 3
376 49 3
376 50 2
376 51 3
376 52 3
376 53 3
376 54 4
376 55 4
376 56 3
376 57 3
376 58 3
376 59 2
376 60 3
376 61 3
376 62 3
376 63 4
376 64 4
376 65 4
376 66 4
376 67 2
376 68 3
376 69 3
376 70 2
376 71 2
376 72 3
376 73 2
376 74 2
376 75 2
376 76 3
376 77 3
376 78 3
376 79 3
376 80 2
376 81 2
376 82 2
376 83 1
376 84 2
376 85 3
376 86 1
376 87 3
376 88 2
376 89 3
376 90 4
376 91 2
376 92 1
376 93 2
376 94 1
376 95 1
376 96 3
376 97 2
376 98 3
376 99 3
376 100 3
376 101 4
376 102 2
376 103 2
376 104 3
376 105 2
376 106 2
376 107 3
376 108 2
376 109 3
376 110 3
376 111 3
376 112 3
376 113 2
376 114 1
376 115 1
376 116 2
376 117 3
376 118 3
376 119 1
376 120 2
376 121 2
401 1 3
401 2 3
401 3 2
401 4 3
401 5 1
401 6 1
401 7 2
401 8 2
401 9 2
401 10 3
401 11 3
401 12 2
401 13 3
401 14 3
401 15 1
401 16 2
401 17 3
401 18 2
401 19 3
401 20 2
401 21 3
401 22 3
401 23 3
401 24 3
401 25 2
401 26 3
401 27 2
401 28 2
401 29 3
401 30 4
401 31 1
401 32 4
401 33 2
401 34 3
401 35 4
401 36 3
401 37 2
401 38 3
401 39 2
401 40 2
401 41 4
401 42 3
401 43 3
401 44 3
401 45 3
401 46 3
401 47 2
401 48 2
401 49 3
401 50 3
401 51 3
401 52 4
401 53 4
401 54 4
401 55 4
401 56 3
401 57 3
401 58 3
401 59 2
401 60 2
401 61 3
401 62 3
401 63 4
401 64 4
401 65 3
401 66 3
401 67 1
401 68 3
401 69 3
401 70 2
401 71 2
401 72 1
401 73 3
401 74 3
401 75 3
401 76 3
401 77 4
401 78 2
401 79 3
401 80 2
401 81 2
401 82 2
401 83 2
401 84 2
401 85 3
401 86 3
401 87 3
401 88 2
401 89 3
401 90 3
401 91 2
401 92 2
401 93 2
401 94 1
401 95 3
401 96 3
401 97 4
401 98 3
401 99 2
401 100 2
401 101 3
401 102 3
401 103 1
401 104 2
401 105 3
401 106 3
401 107 2
401 108 3
401 109 2
401 110 1
401 111 2
401 112 2
401 113 2
401 114 2
401 115 1
401 116 2
401 117 3
401 118 3
401 119 2
401 120 2
401 121 2
426 1 2
426 2 2
426 3 2
426 4 3
426 5 2
426 6 1
426 7 3
426 8 2
426 9 2
426 10 2
426 11 3
426 12 3
426 13 2
426 14 2
426 15 3
426 16 2
426 17 3
426 18 3
426 19 3
426 20 2
426 21 2
426 22 3
426 23 3
426 24 2
426 25 2
426 26 2
426 27 2
426 28 2
426 29 3
426 30 3
426 31 2
426 32 3
426 33 2
426 34 3
426 35 3
426 36 3
426 37 3
426 38 3
426 39 2
426 40 3
426 41 3
426 42 2
426 43 2
426 44 2
426 45 2
426 46 2
426 47 1
426 48 3
426 49 3
426 50 3
426 51 3
426 52 3
426 53 3
426 54 3
426 55 2
426 56 3
426 57 3
426 58 2
426 59 3
426 60 3
426 61 3
426 62 3
426 63 4
426 64 3
426 65 2
426 66 3
426 67 3
426 68 3
426 69 2
426 70 2
426 71 2
426 72 3
426 73 4
426 74 2
426 75 4
426 76 3
426 77 2
426 78 3
426 79 2
426 80 2
426 81 2
426 82 2
426 83 2
426 84 3
426 85 4
426 86 4
426 87 2
426 88 2
426 89 2
426 90 2
426 91 2
426 92 2
426 93 3
426 94 2
426 95 2
426 96 2
426 97 2
426 98 2
426 99 2
426 100 2
426 101 2
426 102 2
426 103 2
426 104 1
426 105 2
426 106 3
426 107 2
426 108 2
426 109 2
426 110 2
426 111 3
426 112 1
426 113 1
426 114 1
426 115 1
426 116 2
426 117 3
426 118 3
426 119 2
426 120 2
426 121 3
451 1 1
451 2 2
451 3 2
451 4 3
451 5 3
451 6 1
451 7 4
451 8 2
451 9 2
451 10 3
451 11 3
451 12 2
451 13 2
451 14 2
451 15 2
451 16 3
451 17 3
451 18 3
451 19 2
451 20 2
451 21 2
451 22 2
451 23 2
451 24 2
451 25 2
451 26 2
451 27 2
451 28 2
451 29 3
451 30 1
451 31 2
451 32 2
451 33 2
451 34 2
451 35 2
451 36 3
451 37 2
451 38 3
451 39 2
451 40 2
451 41 2
451 42 2
451 43 1
451 44 2
451 45 2
451 46 2
451 47 1
451 48 3
451 49 3
451 50 2
451 51 2
451 52 3
451 53 2
451 54 3
451 55 3
451 56 2
451 57 2
451 58 2
451 59 2
451 60 2
451 61 2
451 62 3
451 63 3
451 64 3
451 65 3
451 66 3
451 67 3
451 68 2
451 69 2
451 70 2
451 71 2
451 72 2
451 73 2
451 74 3
451 75 3
451 76 3
451 77 3
451 78 3
451 79 2
451 80 2
451 81 2
451 82 1
451 83 2
451 84 3
451 85 4
451 86 3
451 87 2
451 88 2
451 89 2
451 90 2
451 91 2
451 92 2
451 93 2
451 94 2
451 95 3
451 96 3
451 97 2
451 98 3
451 99 2
451 100 2
451 101 1
451 102 2
451 103 2
451 104 4
451 105 3
451 106 3
451 107 3
451 108 3
451 109 3
451 110 2
451 111 2
451 112 2
451 113 2
451 114 3
451 115 1
451 116 2
451 117 3
451 118 4
451 119 3
451 120 2
451 121 2
476 1 2
476 2 2
476 3 2
476 4 2
476 5 2
476 6 1
476 7 4
476 8 2
476 9 2
476 10 2
476 11 2
476 12 2
476 13 2
476 14 2
476 15 3
476 16 1
476 17 3
476 18 3
476 19 2
476 20 2
476 21 2
476 22 2
476 23 2
476 24 2
476 25 2
476 26 2
476 27 2
476 28 2
476 29 2
476 30 3
476 31 2
476 32 2
476 33 2
476 34 2
476 35 3
476 36 2
476 37 2
476 38 3
476 39 2
476 40 2
476 41 3
476 42 2
476 43 2
476 44 1
476 45 2
476 46 2
476 47 2
476 48 3
476 49 3
476 50 3
476 51 2
476 52 3
476 53 3
476 54 2
476 55 1
476 56 2
476 57 2
476 58 2
476 59 2
476 60 2
476 61 2
476 62 2
476 63 2
476 64 3
476 65 2
476 66 2
476 67 3
476 68 1
476 69 2
476 70 2
476 71 3
476 72 2
476 73 1
476 74 3
476 75 4
476 76 3
476 77 1
476 78 2
476 79 2
476 80 2
476 81 2
476 82 2
476 83 2
476 84 2
476 85 4
476 86 3
476 87 2
476 88 2
476 89 3
476 90 2
476 91 2
476 92 2
476 93 2
476 94 2
476 95 2
476 96 3
476 97 2
476 98 2
476 99 2
476 100 2
476 101 2
476 102 2
476 103 2
476 104 4
476 105 3
476 106 3
476 107 2
476 108 3
476 109 2
476 110 2
476 111 2
476 112 2
476 113 1
476 114 1
476 115 2
476 116 3
476 117 4
476 118 3
476 119 2
476 120 2
476 121 2
501 1 2
501 2 2
501 3 2
501 4 3
501 5 2
501 6 1
501 7 3
501 8 2
501 9 2
501 10 2
501 11 2
501 12 2
501 13 3
501 14 2
501 15 3
501 16 2
501 17 3
501 18 3
501 19 2
501 20 1
501 21 2
501 22 2
501 23 2
501 24 2
501 25 2
501 26 2
501 27 3
501 28 2
501 29 3
501 30 3
501 31 2
501 32 1
501 33 2
501 34 2
501 35 2
501 36 3
501 37 3
501 38 3
501 39 2
501 40 2
501 41 2
501 42 1
501 43 2
501 44 2
501 45 2
501 46 2
501 47 1
501 48 3
501 49 3
501 50 2
501 51 2
501 52 2
501 53 2
501 54 3
501 55 2
501 56 2
501 57 2
501 58 2
501 59 2
501 60 3
501 61 1
501 62 2
501 63 2
501 64 3
501 65 3
501 66 2
501 67 2
501 68 2
501 69 2
501 70 2
501 71 3
501 72 1
501 73 1
501 74 2
501 75 2
501 76 2
501 77 2
501 78 3
501 79 3
501 80 2
501 81 2
501 82 2
501 83 2
501 84 1
501 85 2
501 86 2
501 87 1
501 88 1
501 89 2
501 90 2
501 91 2
501 92 3
501 93 2
501 94 3
501 95 3
501 96 3
501 97 2
501 98 2
501 99 2
501 100 2
501 101 2
501 102 2
501 103 3
501 104 2
501 105 4
501 106 3
501 107 4
501 108 2
501 109 2
501 110 2
501 111 2
501 112 1
501 113 2
501 114 3
501 115 1
501 116 2
501 117 3
501 118 2
501 119 1
501 120 2
501 121 2
526 1 2
526 2 2
526 3 2
526 4 2
526 5 1
526 6 1
526 7 4
526 8 2
526 9 2
526 10 2
526 11 2
526 12 3
526 13 3
526 14 3
526 15 2
526 16 2
526 17 3
526 18 3
526 19 1
526 20 2
526 21 2
526 22 2
526 23 2
526 24 3
526 25 2
526 26 2
526 27 2
526 28 2
526 29 3
526 30 2
526 31 2
526 32 2
526 33 2
526 34 2
526 35 2
526 36 3
526 37 2
526 38 2
526 39 2
526 40 2
526 41 2
526 42 3
526 43 2
526 44 2
526 45 2
526 46 2
526 47 2
526 48 3
526 49 3
526 50 3
526 51 3
526 52 3
526 53 3
526 54 3
526 55 2
526 56 2
526 57 2
526 58 2
526 59 2
526 60 3
526 61 3
526 62 3
526 63 2
526 64 2
526 65 3
526 66 2
526 67 2
526 68 2
526 69 2
526 70 2
526 71 2
526 72 2
526 73 1
526 74 2
526 75 2
526 76 2
526 77 2
526 78 2
526 79 2
526 80 2
526 81 2
526 82 2
526 83 2
526 84 2
526 85 2
526 86 2
526 87 2
526 88 1
526 89 2
526 90 2
526 91 2
526 92 2
526 93 2
526 94 3
526 95 4
526 96 2
526 97 2
526 98 2
526 99 2
526 100 2
526 101 2
526 102 2
526 103 2
526 104 1
526 105 3
526 106 4
526 107 4
526 108 3
526 109 2
526 110 2
526 111 2
526 112 1
526 113 2
526 114 2
526 115 1
526 116 3
526 117 4
526 118 3
526 119 2
526 120 2
526 121 2
551 1 2
551 2 2
551 3 2
551 4 1
551 5 2
551 6 1
551 7 4
551 8 3
551 9 2
551 10 2
551 11 2
551 12 2
551 13 2
551 14 3
551 15 2
551 16 2
551 17 3
551 18 3
551 19 2
551 20 2
551 21 2
551 22 2
551 23 2
551 24 3
551 25 2
551 26 3
551 27 2
551 28 2
551 29 3
551 30 2
551 31 1
551 32 2
551 33 2
551 34 2
551 35 3
551 36 3
551 37 2
551 38 3
551 39 3
551 40 1
551 41 2
551 42 1
551 43 2
551 44 2
551 45 2
551 46 2
551 47 2
551 48 3
551 49 3
551 50 3
551 51 2
551 52 2
551 53 2
551 54 2
551 55 2
551 56 2
551 57 2
551 58 3
551 59 3
551 60 3
551 61 2
551 62 3
551 63 2
551 64 2
551 65 1
551 66 2
551 67 2
551 68 2
551 69 2
551 70 3
551 71 3
551 72 2
551 73 2
551 74 3
551 75 2
551 76 2
551 77 2
551 78 2
551 79 2
551 80 2
551 81 2
551 82 2
551 83 1
551 84 2
551 85 3
551 86 2
551 87 2
551 88 2
551 89 2
551 90 2
551 91 2
551 92 2
551 93 2
551 94 2
551 95 3
551 96 2
551 97 1
551 98 2
551 99 2
551 100 2
551 101 2
551 102 2
551 103 2
551 104 2
551 105 3
551 106 4
551 107 2
551 108 2
551 109 2
551 110 2
551 111 2
551 112 1
551 113 2
551 114 2
551 115 1
551 116 2
551 117 4
551 118 3
551 119 2
551 120 2
551 121 1
576 1 2
576 2 2
576 3 2
576 4 3
576 5 2
576 6 1
576 7 3
576 8 1
576 9 2
576 10 2
576 11 1
576 12 2
576 13 2
576 14 3
576 15 2
576 16 2
576 17 2
576 18 3
576 19 2
576 20 2
576 21 2
576 22 2
576 23 2
576 24 2
576 25 2
576 26 3
576 27 3
576 28 2
576 29 2
576 30 2
576 31 1
576 32 2
576 33 2
576 34 2
576 35 3
576 36 2
576 37 2
576 38 3
576 39 2
576 40 2
576 41 2
576 42 2
576 43 2
576 44 2
576 45 2
576 46 2
576 47 1
576 48 3
576 49 2
576 50 3
576 51 2
576 52 2
576 53 2
576 54 2
576 55 2
576 56 2
576 57 2
576 58 3
576 59 3
576 60 2
576 61 3
576 62 2
576 63 2
576 64 2
576 65 2
576 66 2
576 67 2
576 68 2
576 69 3
576 70 2
576 71 3
576 72 2
576 73 1
576 74 2
576 75 2
576 76 2
576 77 2
576 78 2
576 79 2
576 80 2
576 81 2
576 82 2
576 83 2
576 84 2
576 85 2
576 86 2
576 87 2
576 88 2
576 89 2
576 90 2
576 91 2
576 92 2
576 93 2
576 94 2
576 95 2
576 96 2
576 97 2
576 98 2
576 99 2
576 100 2
576 101 2
576 102 2
576 103 2
576 104 2
576 105 2
576 106 2
576 107 2
576 108 2
576 109 2
576 110 2
576 111 2
576 112 2
576 113 2
576 114 2
576 115 1
576 116 2
576 117 2
576 118 2
576 119 2
576 120 2
576 121 2
601 1 1
601 2 2
601 3 3
601 4 3
601 5 2
601 6 1
601 7 2
601 8 2
601 9 2
601 10 2
601 11 1
601 12 2
601 13 2
601 14 3
601 15 2
601 16 1
601 17 3
601 18 3
601 19 2
601 20 2
601 21 2
601 22 2
601 23 2
601 24 3
601 25 2
601 26 3
601 27 2
601 28 1
601 29 2
601 30 2
601 31 2
601 32 1
601 33 2
601 34 3
601 35 3
601 36 3
601 37 3
601 38 3
601 39 2
601 40 2
601 41 2
601 42 2
601 43 2
601 44 2
601 45 3
601 46 2
601 47 1
601 48 3
601 49 3
601 50 2
601 51 2
601 52 2
601 53 2
601 54 2
601 55 2
601 56 2
601 57 2
601 58 2
601 59 2
601 60 2
601 61 3
601 62 2
601 63 2
601 64 2
601 65 2
601 66 2
601 67 2
601 68 2
601 69 2
601 70 3
601 71 2
601 72 3
601 73 1
601 74 2
601 75 2
601 76 2
601 77 2
601 78 2
601 79 2
601 80 2
601 81 2
601 82 2
601 83 2
601 84 2
601 85 2
601 86 2
601 87 2
601 88 2
601 89 2
601 90 2
601 91 2
601 92 1
601 93 2
601 94 2
601 95 2
601 96 2
601 97 2
601 98 2
601 99 2
601 100 2
601 101 2
601 102 2
601 103 2
601 104 2
601 105 2
601 106 2
601 107 2
601 108 2
601 109 2
601 110 2
601 111 2
601 112 2
601 113 1
601 114 1
601 115 1
601 116 2
601 117 2
601 118 2
601 119 2
601 120 2
601 121 2
626 1 2
626 2 2
626 3 2
626 4 3
626 5 2
626 6 2
626 7 3
626 8 2
626 9 1
626 10 2
626 11 2
626 12 2
626 13 2
626 14 3
626 15 2
626 16 2
626 17 3
626 18 3
626 19 2
626 20 2
626 21 2
626 22 2
626 23 2
626 24 3
626 25 2
626 26 2
626 27 3
626 28 2
626 29 2
626 30 2
626 31 2
626 32 2
626 33 2
626 34 3
626 35 3
626 36 1
626 37 1
626 38 3
626 39 2
626 40 2
626 41 2
626 42 2
626 43 2
626 44 3
626 45 2
626 46 3
626 47 1
626 48 3
626 49 3
626 50 3
626 51 2
626 52 2
626 53 2
626 54 1
626 55 2
626 56 2
626 57 2
626 58 2
626 59 3
626 60 3
626 61 3
626 62 2
626 63 2
626 64 2
626 65 2
626 66 2
626 67 2
626 68 2
626 69 2
626 70 2
626 71 3
626 72 3
626 73 2
626 74 2
626 75 1
626 76 2
626 77 2
626 78 2
626 79 2
626 80 2
626 81 2
626 82 2
626 83 2
626 84 2
626 85 2
626 86 2
626 87 1
626 88 2
626 89 2
626 90 2
626 91 2
626 92 2
626 93 2
626 94 2
626 95 2
626 96 2
626 97 2
626 98 2
626 99 2
626 100 2
626 101 1
626 102 2
626 103 2
626 104 2
626 105 2
626 106 2
626 107 2
626 108 2
626 109 2
626 110 2
626 111 1
626 112 1
626 113 2
626 114 2
626 115 1
626 116 2
626 117 2
626 118 2
626 119 2
626 120 2
626 121 2
651 1 2
651 2 2
651 3 2
651 4 2
651 5 1
651 6 1
651 7 3
651 8 2
651 9 2
651 10 2
651 11 2
651 12 2
651 13 2
651 14 3
651 15 2
651 16 2
651 17 3
651 18 2
651 19 2
651 20 2
651 21 2
651 22 2
651 23 2
651 24 2
651 25 2
651 26 2
651 27 2
651 28 2
651 29 2
651 30 2
651 31 2
651 32 2
651 33 3
651 34 2
651 35 1
651 36 2
651 37 2
651 38 3
651 39 2
651 40 2
651 41 2
651 42 2
651 43 2
651 44 2
651 45 2
651 46 3
651 47 2
651 48 3
651 49 3
651 50 3
651 51 2
651 52 2
651 53 2
651 54 2
651 55 1
651 56 2
651 57 2
651 58 2
651 59 2
651 60 3
651 61 2
651 62 2
651 63 2
651 64 1
651 65 2
651 66 2
651 67 1
651 68 2
651 69 2
651 70 2
651 71 3
651 72 1
651 73 1
651 74 2
651 75 2
651 76 2
651 77 2
651 78 2
651 79 2
651 80 2
651 81 2
651 82 2
651 83 2
651 84 2
651 85 2
651 86 2
651 87 2
651 88 2
651 89 2
651 90 2
651 91 2
651 92 2
651 93 2
651 94 2
651 95 2
651 96 2
651 97 2
651 98 2
651 99 1
651 100 2
651 101 2
651 102 2
651 103 2
651 104 2
651 105 2
651 106 2
651 107 2
651 108 2
651 109 2
651 110 2
651 111 2
651 112 2
651 113 2
651 114 2
651 115 2
651 116 2
651 117 2
651 118 2
651 119 2
651 120 2
651 121 1
676 1 2
676 2 2
676 3 2
676 4 3
676 5 2
676 6 1
676 7 1
676 8 2
676 9 2
676 10 2
676 11 2
676 12 3
676 13 2
676 14 3
676 15 3
676 16 2
676 17 2
676 18 3
676 19 2
676 20 2
676 21 2
676 22 2
676 23 2
676 24 3
676 25 2
676 26 2
676 27 2
676 28 2
676 29 3
676 30 3
676 31 2
676 32 2
676 33 3
676 34 2
676 35 2
676 36 1
676 37 3
676 38 3
676 39 2
676 40 2
676 41 2
676 42 2
676 43 2
676 44 2
676 45 3
676 46 2
676 47 1
676 48 3
676 49 3
676 50 3
676 51 3
676 52 2
676 53 2
676 54 2
676 55 2
676 56 2
676 57 2
676 58 2
676 59 2
676 60 3
676 61 3
676 62 3
676 63 3
676 64 2
676 65 2
676 66 2
676 67 1
676 68 1
676 69 2
676 70 2
676 71 2
676 72 3
676 73 2
676 74 2
676 75 2
676 76 2
676 77 1
676 78 2
676 79 2
676 80 2
676 81 2
676 82 2
676 83 2
676 84 2
676 85 1
676 86 2
676 87 2
676 88 2
676 89 2
676 90 2
676 91 2
676 92 2
676 93 2
676 94 2
676 95 2
676 96 2
676 97 2
676 98 2
676 99 2
676 100 2
676 101 1
676 102 2
676 103 2
676 104 2
676 105 2
676 106 2
676 107 2
676 108 2
676 109 2
676 110 2
676 111 2
676 112 2
676 113 1
676 114 1
676 115 1
676 116 2
676 117 2
676 118 2
676 119 2
676 120 2
676 121 2
701 1 2
701 2 2
701 3 3
701 4 3
701 5 2
701 6 1
701 7 2
701 8 1
701 9 2
701 10 2
701 11 2
701 12 2
701 13 2
701 14 3
701 15 2
701 16 2
701 17 3
701 18 2
701 19 2
701 20 1
701 21 2
701 22 2
701 23 2
701 24 2
701 25 2
701 26 2
701 27 2
701 28 1
701 29 2
701 30 2
701 31 2
701 32 2
701 33 1
701 34 2
701 35 2
701 36 2
701 37 2
701 38 3
701 39 2
701 40 2
701 41 2
701 42 2
701 43 2
701 44 1
701 45 3
701 46 3
701 47 1
701 48 2
701 49 2
701 50 3
701 51 2
701 52 2
701 53 1
701 54 2
701 55 3
701 56 2
701 57 2
701 58 2
701 59 2
701 60 3
701 61 2
701 62 3
701 63 3
701 64 1
701 65 2
701 66 2
701 67 2
701 68 2
701 69 2
701 70 2
701 71 3
701 72 3
701 73 1
701 74 2
701 75 2
701 76 2
701 77 2
701 78 2
701 79 2
701 80 2
701 81 2
701 82 2
701 83 2
701 84 2
701 85 2
701 86 2
701 87 2
701 88 2
701 89 2
701 90 2
701 91 2
701 92 2
701 93 2
701 94 2
701 95 1
701 96 2
701 97 2
701 98 2
701 99 2
701 100 2
701 101 2
701 102 2
701 103 2
701 104 2
701 105 2
701 106 2
701 107 2
701 108 2
701 109 2
701 110 2
701 111 2
701 112 2
701 113 2
701 114 2
701 115 1
701 116 2
701 117 2
701 118 2
701 119 2
701 120 2
701 121 2
726 1 2
726 2 3
726 3 3
726 4 3
726 5 2
726 6 2
726 7 2
726 8 2
726 9 2
726 10 2
726 11 2
726 12 3
726 13 3
726 14 3
726 15 2
726 16 1
726 17 3
726 18 2
726 19 2
726 20 2
726 21 2
726 22 2
726 23 2
726 24 3
726 25 2
726 26 2
726 27 2
726 28 3
726 29 2
726 30 1
726 31 2
726 32 2
726 33 2
726 34 3
726 35 3
726 36 2
726 37 2
726 38 3
726 39 3
726 40 3
726 41 2
726 42 2
726 43 2
726 44 2
726 45 3
726 46 3
726 47 1
726 48 2
726 49 2
726 50 3
726 51 2
726 52 2
726 53 2
726 54 2
726 55 2
726 56 2
726 57 2
726 58 2
726 59 3
726 60 3
726 61 3
726 62 3
726 63 3
726 64 2
726 65 2
726 66 2
726 67 2
726 68 2
726 69 2
726 70 3
726 71 3
726 72 2
726 73 2
726 74 2
726 75 1
726 76 2
726 77 2
726 78 2
726 79 2
726 80 2
726 81 2
726 82 2
726 83 1
726 84 1
726 85 2
726 86 2
726 87 2
726 88 2
726 89 2
726 90 2
726 91 2
726 92 2
726 93 2
726 94 2
726 95 2
726 96 2
726 97 2
726 98 1
726 99 2
726 100 2
726 101 2
726 102 2
726 103 2
726 104 1
726 105 2
726 106 2
726 107 2
726 108 2
726 109 2
726 110 2
726 111 2
726 112 1
726 113 2
726 114 1
726 115 1
726 116 2
726 117 2
726 118 2
726 119 2
726 120 2
726 121 2
751 1 2
751 2 2
751 3 2
751 4 3
751 5 2
751 6 1
751 7 2
751 8 2
751 9 2
751 10 2
751 11 2
751 12 2
751 13 2
751 14 2
751 15 2
751 16 2
751 17 2
751 18 2
751 19 2
751 20 1
751 21 1
751 22 2
751 23 2
751 24 3
751 25 2
751 26 2
751 27 2
751 28 3
751 29 2
751 30 2
751 31 2
751 32 2
751 33 2
751 34 2
751 35 2
751 