1 1 57
1 2 63
1 3 59
1 4 54
1 5 65
1 6 60
1 7 61
1 8 64
1 9 65
1 10 58
1 11 55
1 12 59
1 13 59
1 14 60
1 15 60
1 16 57
1 17 54
1 18 65
1 19 63
1 20 60
1 21 62
1 22 62
1 23 59
1 24 65
1 25 57
1 26 61
1 27 52
1 28 63
1 29 58
1 30 57
1 31 52
1 32 62
1 33 57
1 34 59
1 35 55
1 36 59
1 37 57
1 38 61
1 39 64
1 40 57
1 41 64
1 42 58
1 43 61
1 44 61
1 45 63
1 46 58
1 47 58
1 48 59
1 49 57
1 50 58
1 51 57
1 52 61
1 53 58
1 54 58
1 55 63
1 56 59
1 57 60
1 58 55
1 59 61
1 60 55
1 61 58
1 62 57
1 63 61
1 64 53
1 65 55
1 66 56
1 67 65
1 68 61
1 69 59
1 70 57
1 71 58
1 72 63
1 73 57
1 74 58
1 75 67
1 76 57
1 77 57
1 78 63
1 79 59
1 80 63
1 81 62
1 82 59
1 83 56
1 84 61
1 85 63
1 86 61
1 87 56
1 88 63
1 89 57
1 90 57
1 91 59
1 92 61
1 93 55
1 94 54
1 95 62
1 96 57
1 97 56
1 98 59
1 99 66
1 100 60
1 101 60
1 102 62
1 103 59
1 104 60
1 105 63
1 106 61
1 107 57
1 108 57
1 109 60
1 110 60
1 111 62
1 112 60
1 113 55
1 114 59
1 115 65
1 116 59
1 117 56
1 118 58
1 119 58
1 120 60
1 121 59
26 1 4
26 2 5
26 3 7
26 4 6
26 5 6
26 6 4
26 7 7
26 8 4
26 9 8
26 10 7
26 11 7
26 12 5
26 13 9
26 14 8
26 15 5
26 16 4
26 17 3
26 18 4
26 19 6
26 20 7
26 21 4
26 22 8
26 23 4
26 24 5
26 25 6
26 26 7
26 27 5
26 28 5
26 29 6
26 30 7
26 31 9
26 32 8
26 33 5
26 34 7
26 35 4
26 36 6
26 37 5
26 38 5
26 39 7
26 40 5
26 41 6
26 42 8
26 43 9
26 44 5
26 45 6
26 46 2
26 47 5
26 48 5
26 49 6
26 50 8
26 51 4
26 52 3
26 53 4
26 54 6
26 55 8
26 56 4
26 57 5
26 58 6
26 59 6
26 60 7
26 61 7
26 62 5
26 63 5
26 64 6
26 65 5
26 66 5
26 67 6
26 68 5
26 69 8
26 70 4
26 71 6
26 72 6
26 73 5
26 74 4
26 75 8
26 76 5
26 77 4
26 78 6
26 79 8
26 80 6
26 81 8
26 82 3
26 83 3
26 84 8
26 85 5
26 86 4
26 87 5
26 88 3
26 89 3
26 90 5
26 91 6
26 92 7
26 93 6
26 94 7
26 95 5
26 96 9
26 97 3
26 98 3
26 99 4
26 100 4
26 101 6
26 102 2
26 103 11
26 104 6
26 105 5
26 106 6
26 107 4
26 108 6
26 109 9
26 110 4
26 111 9
26 112 5
26 113 9
26 114 4
26 115 6
26 116 3
26 117 7
26 118 4
26 119 5
26 120 5
26 121 5
51 1 2
51 2 3
51 3 3
51 4 3
51 5 4
51 6 2
51 7 3
51 8 3
51 9 3
51 10 3
51 11 1
51 12 2
51 13 2
51 14 2
51 15 2
51 16 1
51 17 2
51 18 2
51 19 3
51 20 4
51 21 2
51 22 3
51 23 1
51 24 4
51 25 4
51 26 2
51 27 2
51 28 3
51 29 3
51 30 2
51 31 3
51 32 4
51 33 1
51 34 3
51 35 2
51 36 3
51 37 2
51 38 3
51 39 2
51 40 3
51 41 3
51 42 3
51 43 3
51 44 3
51 45 2
51 46 2
51 47 2
51 48 3
51 49 2
51 50 6
51 51 1
51 52 2
51 53 2
51 54 3
51 55 4
51 56 4
51 57 2
51 58 2
51 59 1
51 60 3
51 61 2
51 62 1
51 63 3
51 64 2
51 65 3
51 66 2
51 67 2
51 68 4
51 69 3
51 70 2
51 71 3
51 72 2
51 73 3
51 74 2
51 75 3
51 76 2
51 77 3
51 78 3
51 79 2
51 80 2
51 81 4
51 82 2
51 83 1
51 84 3
51 85 1
51 86 2
51 87 1
51 88 2
51 89 2
51 90 2
51 91 4
51 92 3
51 93 3
51 94 4
51 95 1
51 96 3
51 97 2
51 98 1
51 99 1
51 100 2
51 101 3
51 102 1
51 103 3
51 104 3
51 105 2
51 106 1
51 107 2
51 108 2
51 109 1
51 110 1
51 111 4
51 112 2
51 113 3
51 114 2
51 115 2
51 116 2
51 117 3
51 118 3
51 119 3
51 120 3
51 121 3
76 1 2
76 2 2
76 3 2
76 4 3
76 5 3
76 6 2
76 7 3
76 8 3
76 9 2
76 10 2
76 11 1
76 12 2
76 13 2
76 14 2
76 15 2
76 16 1
76 17 2
76 18 2
76 19 2
76 20 2
76 21 2
76 22 2
76 23 1
76 24 2
76 25 3
76 26 2
76 27 1
76 28 2
76 29 2
76 30 1
76 31 3
76 32 3
76 33 1
76 34 3
76 35 2
76 36 3
76 37 2
76 38 1
76 39 2
76 40 2
76 41 2
76 42 2
76 43 1
76 44 3
76 45 1
76 46 2
76 47 1
76 48 2
76 49 1
76 50 2
76 51 1
76 52 2
76 53 2
76 54 2
76 55 3
76 56 3
76 57 2
76 58 1
76 59 1
76 60 3
76 61 2
76 62 1
76 63 2
76 64 2
76 65 3
76 66 2
76 67 2
76 68 3
76 69 2
76 70 2
76 71 3
76 72 2
76 73 2
76 74 2
76 75 2
76 76 1
76 77 2
76 78 3
76 79 2
76 80 2
76 81 3
76 82 2
76 83 1
76 84 2
76 85 1
76 86 2
76 87 1
76 88 2
76 89 2
76 90 2
76 91 3
76 92 2
76 93 2
76 94 3
76 95 1
76 96 3
76 97 2
76 98 1
76 99 1
76 100 2
76 101 3
76 102 1
76 103 3
76 104 2
76 105 2
76 106 1
76 107 2
76 108 1
76 109 1
76 110 1
76 111 1
76 112 2
76 113 2
76 114 1
76 115 2
76 116 2
76 117 3
76 118 3
76 119 2
76 120 2
76 121 3
101 1 2
101 2 2
101 3 1
101 4 3
101 5 3
101 6 2
101 7 2
101 8 2
101 9 1
101 10 2
101 11 1
101 12 2
101 13 2
101 14 1
101 15 2
101 16 1
101 17 2
101 18 2
101 19 2
101 20 2
101 21 2
101 22 2
101 23 1
101 24 2
101 25 1
101 26 2
101 27 1
101 28 2
101 29 2
101 30 1
101 31 3
101 32 2
101 33 1
101 34 2
101 35 2
101 36 3
101 37 2
101 38 1
101 39 2
101 40 1
101 41 1
101 42 2
101 43 1
101 44 3
101 45 1
101 46 2
101 47 1
101 48 2
101 49 1
101 50 1
101 51 1
101 52 1
101 53 2
101 54 1
101 55 2
101 56 2
101 57 2
101 58 1
101 59 1
101 60 2
101 61 2
101 62 1
101 63 2
101 64 2
101 65 1
101 66 2
101 67 2
101 68 2
101 69 2
101 70 2
101 71 1
101 72 2
101 73 2
101 74 2
101 75 1
101 76 1
101 77 2
101 78 3
101 79 2
101 80 1
101 81 2
101 82 1
101 83 1
101 84 2
101 85 1
101 86 2
101 87 1
101 88 1
101 89 2
101 90 2
101 91 1
101 92 2
101 93 2
101 94 2
101 95 1
101 96 2
101 97 2
101 98 1
101 99 1
101 100 1
101 101 2
101 102 1
101 103 3
101 104 1
101 105 1
101 106 1
101 107 1
101 108 1
101 109 1
101 110 1
101 111 1
101 112 2
101 113 2
101 114 1
101 115 2
101 116 2
101 117 3
101 118 1
101 119 2
101 120 2
101 121 2
126 1 2
126 2 2
126 3 1
126 4 3
126 5 1
126 6 2
126 7 2
126 8 2
126 9 1
126 10 1
126 11 1
126 12 1
126 13 2
126 14 1
126 15 2
126 16 1
126 17 1
126 18 2
126 19 1
126 20 2
126 21 2
126 22 1
126 23 1
126 24 2
126 25 1
126 26 2
126 27 1
126 28 2
126 29 1
126 30 1
126 31 2
126 32 2
126 33 1
126 34 2
126 35 2
126 36 3
126 37 2
126 38 1
126 39 2
126 40 1
126 41 1
126 42 1
126 43 1
126 44 2
126 45 1
126 46 1
126 47 1
126 48 1
126 49 1
126 50 1
126 51 1
126 52 1
126 53 2
126 54 1
126 55 2
126 56 2
126 57 2
126 58 1
126 59 1
126 60 1
126 61 2
126 62 1
126 63 2
126 64 1
126 65 1
126 66 2
126 67 2
126 68 2
126 69 1
126 70 2
126 71 1
126 72 2
126 73 1
126 74 2
126 75 1
126 76 1
126 77 2
126 78 2
126 79 2
126 80 1
126 81 2
126 82 1
126 83 1
126 84 2
126 85 1
126 86 2
126 87 1
126 88 1
126 89 2
126 90 1
126 91 1
126 92 2
126 93 2
126 94 2
126 95 1
126 96 2
126 97 1
126 98 1
126 99 1
126 100 1
126 101 2
126 102 1
126 103 3
126 104 1
126 105 1
126 106 1
126 107 1
126 108 1
126 109 1
126 110 1
126 111 1
126 112 2
126 113 2
126 114 1
126 115 2
126 116 2
126 117 3
126 118 1
126 119 1
126 120 2
126 121 1
151 1 1
151 2 2
151 3 1
151 4 2
151 5 1
151 6 2
151 7 2
151 8 1
151 9 1
151 10 1
151 11 1
151 12 1
151 13 2
151 14 1
151 15 2
151 16 1
151 17 1
151 18 2
151 19 1
151 20 2
151 21 2
151 22 1
151 23 1
151 24 2
151 25 1
151 26 1
151 27 1
151 28 2
151 29 1
151 30 1
151 31 2
151 32 2
151 33 1
151 34 2
151 35 2
151 36 2
151 37 2
151 38 1
151 39 2
151 40 1
151 41 1
151 42 1
151 43 1
151 44 2
151 45 1
151 46 1
151 47 1
151 48 1
151 49 1
151 50 1
151 51 1
151 52 1
151 53 2
151 54 1
151 55 1
151 56 2
151 57 2
151 58 1
151 59 1
151 60 1
151 61 1
151 62 1
151 63 2
151 64 1
151 65 1
151 66 2
151 67 2
151 68 2
151 69 1
151 70 2
151 71 1
151 72 2
151 73 1
151 74 2
151 75 1
151 76 1
151 77 2
151 78 1
151 79 2
151 80 1
151 81 2
151 82 1
151 83 1
151 84 2
151 85 1
151 86 2
151 87 1
151 88 1
151 89 2
151 90 1
151 91 1
151 92 2
151 93 2
151 94 2
151 95 1
151 96 2
151 97 1
151 98 1
151 99 1
151 100 1
151 101 2
151 102 1
151 103 3
151 104 1
151 105 1
151 106 1
151 107 1
151 108 1
151 109 1
151 110 1
151 111 1
151 112 2
151 113 2
151 114 1
151 115 2
151 116 2
151 117 2
151 118 1
151 119 1
151 120 2
151 121 1
176 1 1
176 2 2
176 3 1
176 4 1
176 5 1
176 6 2
176 7 2
176 8 1
176 9 1
176 10 1
176 11 1
176 12 1
176 13 1
176 14 1
176 15 2
176 16 1
176 17 1
176 18 2
176 19 1
176 20 2
176 21 2
176 22 1
176 23 1
176 24 2
176 25 1
176 26 1
176 27 1
176 28 2
176 29 1
176 30 1
176 31 2
176 32 2
176 33 1
176 34 2
176 35 2
176 36 2
176 37 2
176 38 1
176 39 2
176 40 1
176 41 1
176 42 1
176 43 1
176 44 1
176 45 1
176 46 1
176 47 1
176 48 1
176 49 1
176 50 1
176 51 1
176 52 1
176 53 2
176 54 1
176 55 1
176 56 2
176 57 2
176 58 1
176 59 1
176 60 1
176 61 1
176 62 1
176 63 2
176 64 1
176 65 1
176 66 2
176 67 2
176 68 2
176 69 1
176 70 2
176 71 1
176 72 2
176 73 1
176 74 2
176 75 1
176 76 1
176 77 2
176 78 1
176 79 2
176 80 1
176 81 2
176 82 1
176 83 1
176 84 1
176 85 1
176 86 2
176 87 1
176 88 1
176 89 2
176 90 1
176 91 1
176 92 2
176 93 2
176 94 2
176 95 1
176 96 2
176 97 1
176 98 1
176 99 1
176 100 1
176 101 2
176 102 1
176 103 3
176 104 1
176 105 1
176 106 1
176 107 1
176 108 1
176 109 1
176 110 1
176 111 1
176 112 2
176 113 2
176 114 1
176 115 1
176 116 2
176 117 2
176 118 1
176 119 1
176 120 2
176 121 1
201 1 1
201 2 2
201 3 1
201 4 1
201 5 1
201 6 2
201 7 2
201 8 1
201 9 1
201 10 1
201 11 1
201 12 1
201 13 1
201 14 1
201 15 2
201 16 1
201 17 1
201 18 1
201 19 1
201 20 2
201 21 2
201 22 1
201 23 1
201 24 2
201 25 1
201 26 1
201 27 1
201 28 2
201 29 1
201 30 1
201 31 2
201 32 2
201 33 1
201 34 1
201 35 2
201 36 2
201 37 2
201 38 1
201 39 2
201 40 1
201 41 1
201 42 1
201 43 1
201 44 1
201 45 1
201 46 1
201 47 1
201 48 1
201 49 1
201 50 1
201 51 1
201 52 1
201 53 2
201 54 1
201 55 1
201 56 2
201 57 2
201 58 1
201 59 1
201 60 1
201 61 1
201 62 1
201 63 2
201 64 1
201 65 1
201 66 2
201 67 2
201 68 2
201 69 1
201 70 2
201 71 1
201 72 1
201 73 1
201 74 2
201 75 1
201 76 1
201 77 2
201 78 1
201 79 2
201 80 1
201 81 2
201 82 1
201 83 1
201 84 1
201 85 1
201 86 2
201 87 1
201 88 1
201 89 2
201 90 1
201 91 1
201 92 2
201 93 2
201 94 2
201 95 1
201 96 2
201 97 1
201 98 1
201 99 1
201 100 1
201 101 2
201 102 1
201 103 2
201 104 1
201 105 1
201 106 1
201 107 1
201 108 1
201 109 1
201 110 1
201 111 1
201 112 2
201 113 2
201 114 1
201 115 1
201 116 2
201 117 2
201 118 1
201 119 1
201 120 2
201 121 1
226 1 1
226 2 2
226 3 1
226 4 1
226 5 1
226 6 2
226 7 2
226 8 1
226 9 1
226 10 1
226 11 1
226 12 1
226 13 1
226 14 1
226 15 2
226 16 1
226 17 1
226 18 1
226 19 1
226 20 2
226 21 2
226 22 1
226 23 1
226 24 2
226 25 1
226 26 1
226 27 1
226 28 2
226 29 1
226 30 1
226 31 2
226 32 2
226 33 1
226 34 1
226 35 2
226 36 2
226 37 1
226 38 1
226 39 2
226 40 1
226 41 1
226 42 1
226 43 1
226 44 1
226 45 1
226 46 1
226 47 1
226 48 1
226 49 1
226 50 1
226 51 1
226 52 1
226 53 2
226 54 1
226 55 1
226 56 2
226 57 2
226 58 1
226 59 1
226 60 1
226 61 1
226 62 1
226 63 2
226 64 1
226 65 1
226 66 2
226 67 2
226 68 1
226 69 1
226 70 2
226 71 1
226 72 1
226 73 1
226 74 2
226 75 1
226 76 1
226 77 1
226 78 1
226 79 2
226 80 1
226 81 2
226 82 1
226 83 1
226 84 1
226 85 1
226 86 2
226 87 1
226 88 1
226 89 2
226 90 1
226 91 1
226 92 2
226 93 2
226 94 2
226 95 1
226 96 2
226 97 1
226 98 1
226 99 1
226 100 1
226 101 2
226 102 1
226 103 2
226 104 1
226 105 1
226 106 1
226 107 1
226 108 1
226 109 1
226 110 1
226 111 1
226 112 2
226 113 2
226 114 1
226 115 1
226 116 2
226 117 2
226 118 1
226 119 1
226 120 2
226 121 1
251 1 1
251 2 2
251 3 1
251 4 1
251 5 1
251 6 2
251 7 2
251 8 1
251 9 1
251 10 1
251 11 1
251 12 1
251 13 1
251 14 1
251 15 2
251 16 1
251 17 1
251 18 1
251 19 1
251 20 1
251 21 2
251 22 1
251 23 1
251 24 2
251 25 1
251 26 1
251 27 1
251 28 2
251 29 1
251 30 1
251 31 2
251 32 2
251 33 1
251 34 1
251 35 2
251 36 2
251 37 1
251 38 1
251 39 2
251 40 1
251 41 1
251 42 1
251 43 1
251 44 1
251 45 1
251 46 1
251 47 1
251 48 1
251 49 1
251 50 1
251 51 1
251 52 1
251 53 2
251 54 1
251 55 1
251 56 2
251 57 2
251 58 1
251 59 1
251 60 1
251 61 1
251 62 1
251 63 2
251 64 1
251 65 1
251 66 2
251 67 2
251 68 1
251 69 1
251 70 2
251 71 1
251 72 1
251 73 1
251 74 2
251 75 1
251 76 1
251 77 1
251 78 1
251 79 2
251 80 1
251 81 2
251 82 1
251 83 1
251 84 1
251 85 1
251 86 2
251 87 1
251 88 1
251 89 2
251 90 1
251 91 1
251 92 2
251 93 2
251 94 2
251 95 1
251 96 2
251 97 1
251 98 1
251 99 1
251 100 1
251 101 2
251 102 1
251 103 2
251 104 1
251 105 1
251 106 1
251 107 1
251 108 1
251 109 1
251 110 1
251 111 1
251 112 2
251 113 2
251 114 1
251 115 1
251 116 1
251 117 2
251 118 1
251 119 1
251 120 2
251 121 1
276 1 1
276 2 2
276 3 1
276 4 1
276 5 1
276 6 2
276 7 2
276 8 1
276 9 1
276 10 1
276 11 1
276 12 1
276 13 1
276 14 1
276 15 2
276 16 1
276 17 1
276 18 1
276 19 1
276 20 1
276 21 2
276 22 1
276 23 1
276 24 2
276 25 1
276 26 1
276 27 1
276 28 2
276 29 1
276 30 1
276 31 2
276 32 2
276 33 1
276 34 1
276 35 2
276 36 2
276 37 1
276 38 1
276 39 2
276 40 1
276 41 1
276 42 1
276 43 1
276 44 1
276 45 1
276 46 1
276 47 1
276 48 1
276 49 1
276 50 1
276 51 1
276 52 1
276 53 2
276 54 1
276 55 1
276 56 2
276 57 2
276 58 1
276 59 1
276 60 1
276 61 1
276 62 1
276 63 2
276 64 1
276 65 1
276 66 2
276 67 2
276 68 1
276 69 1
276 70 2
276 71 1
276 72 1
276 73 1
276 74 2
276 75 1
276 76 1
276 77 1
276 78 1
276 79 2
276 80 1
276 81 2
276 82 1
276 83 1
276 84 1
276 85 1
276 86 2
276 87 1
276 88 1
276 89 2
276 90 1
276 91 1
276 92 2
276 93 2
276 94 2
276 95 1
276 96 2
276 97 1
276 98 1
276 99 1
276 100 1
276 101 2
276 102 1
276 103 2
276 104 1
276 105 1
276 106 1
276 107 1
276 108 1
276 109 1
276 110 1
276 111 1
276 112 2
276 113 2
276 114 1
276 115 1
276 116 1
276 117 2
276 118 1
276 119 1
276 120 2
276 121 1
301 1 1
301 2 2
301 3 1
301 4 1
301 5 1
301 6 2
301 7 2
301 8 1
301 9 1
301 10 1
301 11 1
301 12 1
301 13 1
301 14 1
301 15 2
301 16 1
301 17 1
301 18 1
301 19 1
301 20 1
301 21 2
301 22 1
301 23 1
301 24 2
301 25 1
301 26 1
301 27 1
301 28 2
301 29 1
301 30 1
301 31 2
301 32 2
301 33 1
301 34 1
301 35 2
301 36 2
301 37 1
301 38 1
301 39 2
301 40 1
301 41 1
301 42 1
301 43 1
301 44 1
301 45 1
301 46 1
301 47 1
301 48 1
301 49 1
301 50 1
301 51 1
301 52 1
301 53 2
301 54 1
301 55 1
301 56 2
301 57 2
301 58 1
301 59 1
301 60 1
301 61 1
301 62 1
301 63 2
301 64 1
301 65 1
301 66 2
301 67 2
301 68 1
301 69 1
301 70 2
301 71 1
301 72 1
301 73 1
301 74 2
301 75 1
301 76 1
301 77 1
301 78 1
301 79 2
301 80 1
301 81 2
301 82 1
301 83 1
301 84 1
301 85 1
301 86 2
301 87 1
301 88 1
301 89 2
301 90 1
301 91 1
301 92 2
301 93 2
301 94 2
301 95 1
301 96 2
301 97 1
301 98 1
301 99 1
301 100 1
301 101 2
301 102 1
301 103 2
301 104 1
301 105 1
301 106 1
301 107 1
301 108 1
301 109 1
301 110 1
301 111 1
301 112 2
301 113 2
301 114 1
301 115 1
301 116 1
301 117 2
301 118 1
301 119 1
301 120 2
301 121 1
326 1 1
326 2 2
326 3 1
326 4 1
326 5 1
326 6 2
326 7 1
326 8 1
326 9 1
326 10 1
326 11 1
326 12 1
326 13 1
326 14 1
326 15 2
326 16 1
326 17 1
326 18 1
326 19 1
326 20 1
326 21 2
326 22 1
326 23 1
326 24 2
326 25 1
326 26 1
326 27 1
326 28 2
326 29 1
326 30 1
326 31 2
326 32 2
326 33 1
326 34 1
326 35 2
326 36 2
326 37 1
326 38 1
326 39 2
326 40 1
326 41 1
326 42 1
326 43 1
326 44 1
326 45 1
326 46 1
326 47 1
326 48 1
326 49 1
326 50 1
326 51 1
326 52 1
326 53 2
326 54 1
326 55 1
326 56 2
326 57 2
326 58 1
326 59 1
326 60 1
326 61 1
326 62 1
326 63 2
326 64 1
326 65 1
326 66 2
326 67 2
326 68 1
326 69 1
326 70 2
326 71 1
326 72 1
326 73 1
326 74 2
326 75 1
326 76 1
326 77 1
326 78 1
326 79 2
326 80 1
326 81 2
326 82 1
326 83 1
326 84 1
326 85 1
326 86 2
326 87 1
326 88 1
326 89 2
326 90 1
326 91 1
326 92 2
326 93 2
326 94 2
326 95 1
326 96 2
326 97 1
326 98 1
326 99 1
326 100 1
326 101 2
326 102 1
326 103 1
326 104 1
326 105 1
326 106 1
326 107 1
326 108 1
326 109 1
326 110 1
326 111 1
326 112 2
326 113 2
326 114 1
326 115 1
326 116 1
326 117 2
326 118 1
326 119 1
326 120 1
326 121 1
351 1 1
351 2 2
351 3 1
351 4 1
351 5 1
351 6 2
351 7 1
351 8 1
351 9 1
351 10 1
351 11 1
351 12 1
351 13 1
351 14 1
351 15 2
351 16 1
351 17 1
351 18 1
351 19 1
351 20 1
351 21 2
351 22 1
351 23 1
351 24 2
351 25 1
351 26 1
351 27 1
351 28 2
351 29 1
351 30 1
351 31 1
351 32 2
351 33 1
351 34 1
351 35 2
351 36 2
351 37 1
351 38 1
351 39 2
351 40 1
351 41 1
351 42 1
351 43 1
351 44 1
351 45 1
351 46 1
351 47 1
351 48 1
351 49 1
351 50 1
351 51 1
351 52 1
351 53 2
351 54 1
351 55 1
351 56 2
351 57 2
351 58 1
351 59 1
351 60 1
351 61 1
351 62 1
351 63 2
351 64 1
351 65 1
351 66 2
351 67 2
351 68 1
351 69 1
351 70 2
351 71 1
351 72 1
351 73 1
351 74 2
351 75 1
351 76 1
351 77 1
351 78 1
351 79 2
351 80 1
351 81 2
351 82 1
351 83 1
351 84 1
351 85 1
351 86 2
351 87 1
351 88 1
351 89 2
351 90 1
351 91 1
351 92 2
351 93 2
351 94 2
351 95 1
351 96 2
351 97 1
351 98 1
351 99 1
351 100 1
351 101 2
351 102 1
351 103 1
351 104 1
351 105 1
351 106 1
351 107 1
351 108 1
351 109 1
351 110 1
351 111 1
351 112 2
351 113 2
351 114 1
351 115 1
351 116 1
351 117 2
351 118 1
351 119 1
351 120 1
351 121 1
376 1 1
376 2 2
376 3 1
376 4 1
376 5 1
376 6 2
376 7 1
376 8 1
376 9 1
376 10 1
376 11 1
376 12 1
376 13 1
376 14 1
376 15 2
376 16 1
376 17 1
376 18 1
376 19 1
376 20 1
376 21 2
376 22 1
376 23 1
376 24 2
376 25 1
376 26 1
376 27 1
376 28 2
376 29 1
376 30 1
376 31 1
376 32 2
376 33 1
376 34 1
376 35 2
376 36 2
376 37 1
376 38 1
376 39 2
376 40 1
376 41 1
376 42 1
376 43 1
376 44 1
376 45 1
376 46 1
376 47 1
376 48 1
376 49 1
376 50 1
376 51 1
376 52 1
376 53 2
376 54 1
376 55 1
376 56 2
376 57 2
376 58 1
376 59 1
376 60 1
376 61 1
376 62 1
376 63 1
376 64 1
376 65 1
376 66 2
376 67 2
376 68 1
376 69 1
376 70 2
376 71 1
376 72 1
376 73 1
376 74 2
376 75 1
376 76 1
376 77 1
376 78 1
376 79 2
376 80 1
376 81 2
376 82 1
376 83 1
376 84 1
376 85 1
376 86 2
376 87 1
376 88 1
376 89 2
376 90 1
376 91 1
376 92 2
376 93 2
376 94 2
376 95 1
376 96 2
376 97 1
376 98 1
376 99 1
376 100 1
376 101 2
376 102 1
376 103 1
376 104 1
376 105 1
376 106 1
376 107 1
376 108 1
376 109 1
376 110 1
376 111 1
376 112 2
376 113 2
376 114 1
376 115 1
376 116 1
376 117 2
376 118 1
376 119 1
376 120 1
376 121 1
401 1 1
401 2 2
401 3 1
401 4 1
401 5 1
401 6 2
401 7 1
401 8 1
401 9 1
401 10 1
401 11 1
401 12 1
401 13 1
401 14 1
401 15 2
401 16 1
401 17 1
401 18 1
401 19 1
401 20 1
401 21 2
401 22 1
401 23 1
401 24 2
401 25 1
401 26 1
401 27 1
401 28 2
401 29 1
401 30 1
401 31 1
401 32 2
401 33 1
401 34 1
401 35 2
401 36 2
401 37 1
401 38 1
401 39 2
401 40 1
401 41 1
401 42 1
401 43 1
401 44 1
401 45 1
401 46 1
401 47 1
401 48 1
401 49 1
401 50 1
401 51 1
401 52 1
401 53 2
401 54 1
401 55 1
401 56 2
401 57 2
401 58 1
401 59 1
401 60 1
401 61 1
401 62 1
401 63 1
401 64 1
401 65 1
401 66 2
401 67 2
401 68 1
401 69 1
401 70 1
401 71 1
401 72 1
401 73 1
401 74 2
401 75 1
401 76 1
401 77 1
401 78 1
401 79 2
401 80 1
401 81 2
401 82 1
401 83 1
401 84 1
401 85 1
401 86 2
401 87 1
401 88 1
401 89 2
401 90 1
401 91 1
401 92 2
401 93 2
401 94 2
401 95 1
401 96 2
401 97 1
401 98 1
401 99 1
401 100 1
401 101 2
401 102 1
401 103 1
401 104 1
401 105 1
401 106 1
401 107 1
401 108 1
401 109 1
401 110 1
401 111 1
401 112 2
401 113 2
401 114 1
401 115 1
401 116 1
401 117 2
401 118 1
401 119 1
401 120 1
401 121 1
426 1 1
426 2 2
426 3 1
426 4 1
426 5 1
426 6 2
426 7 1
426 8 1
426 9 1
426 10 1
426 11 1
426 12 1
426 13 1
426 14 1
426 15 2
426 16 1
426 17 1
426 18 1
426 19 1
426 20 1
426 21 2
426 22 1
426 23 1
426 24 2
426 25 1
426 26 1
426 27 1
426 28 2
426 29 1
426 30 1
426 31 1
426 32 2
426 33 1
426 34 1
426 35 2
426 36 2
426 37 1
426 38 1
426 39 2
426 40 1
426 41 1
426 42 1
426 43 1
426 44 1
426 45 1
426 46 1
426 47 1
426 48 1
426 49 1
426 50 1
426 51 1
426 52 1
426 53 2
426 54 1
426 55 1
426 56 2
426 57 2
426 58 1
426 59 1
426 60 1
426 61 1
426 62 1
426 63 1
426 64 1
426 65 1
426 66 2
426 67 2
426 68 1
426 69 1
426 70 1
426 71 1
426 72 1
426 73 1
426 74 2
426 75 1
426 76 1
426 77 1
426 78 1
426 79 2
426 80 1
426 81 2
426 82 1
426 83 1
426 84 1
426 85 1
426 86 2
426 87 1
426 88 1
426 89 2
426 90 1
426 91 1
426 92 2
426 93 2
426 94 2
426 95 1
426 96 2
426 97 1
426 98 1
426 99 1
426 100 1
426 101 2
426 102 1
426 103 1
426 104 1
426 105 1
426 106 1
426 107 1
426 108 1
426 109 1
426 110 1
426 111 1
426 112 2
426 113 2
426 114 1
426 115 1
426 116 1
426 117 2
426 118 1
426 119 1
426 120 1
426 121 1
451 1 1
451 2 2
451 3 1
451 4 1
451 5 1
451 6 2
451 7 1
451 8 1
451 9 1
451 10 1
451 11 1
451 12 1
451 13 1
451 14 1
451 15 2
451 16 1
451 17 1
451 18 1
451 19 1
451 20 1
451 21 2
451 22 1
451 23 1
451 24 2
451 25 1
451 26 1
451 27 1
451 28 2
451 29 1
451 30 1
451 31 1
451 32 2
451 33 1
451 34 1
451 35 2
451 36 2
451 37 1
451 38 1
451 39 2
451 40 1
451 41 1
451 42 1
451 43 1
451 44 1
451 45 1
451 46 1
451 47 1
451 48 1
451 49 1
451 50 1
451 51 1
451 52 1
451 53 2
451 54 1
451 55 1
451 56 2
451 57 2
451 58 1
451 59 1
451 60 1
451 61 1
451 62 1
451 63 1
451 64 1
451 65 1
451 66 2
451 67 2
451 68 1
451 69 1
451 70 1
451 71 1
451 72 1
451 73 1
451 74 2
451 75 1
451 76 1
451 77 1
451 78 1
451 79 2
451 80 1
451 81 2
451 82 1
451 83 1
451 84 1
451 85 1
451 86 2
451 87 1
451 88 1
451 89 2
451 90 1
451 91 1
451 92 2
451 93 2
451 94 2
451 95 1
451 96 2
451 97 1
451 98 1
451 99 1
451 100 1
451 101 2
451 102 1
451 103 1
451 104 1
451 105 1
451 106 1
451 107 1
451 108 1
451 109 1
451 110 1
451 111 1
451 112 2
451 113 2
451 114 1
451 115 1
451 116 1
451 117 2
451 118 1
451 119 1
451 120 1
451 121 1
476 1 1
476 2 2
476 3 1
476 4 1
476 5 1
476 6 2
476 7 1
476 8 1
476 9 1
476 10 1
476 11 1
476 12 1
476 13 1
476 14 1
476 15 2
476 16 1
476 17 1
476 18 1
476 19 1
476 20 1
476 21 2
476 22 1
476 23 1
476 24 2
476 25 1
476 26 1
476 27 1
476 28 2
476 29 1
476 30 1
476 31 1
476 32 2
476 33 1
476 34 1
476 35 2
476 36 2
476 37 1
476 38 1
476 39 2
476 40 1
476 41 1
476 42 1
476 43 1
476 44 1
476 45 1
476 46 1
476 47 1
476 48 1
476 49 1
476 50 1
476 51 1
476 52 1
476 53 2
476 54 1
476 55 1
476 56 2
476 57 1
476 58 1
476 59 1
476 60 1
476 61 1
476 62 1
476 63 1
476 64 1
476 65 1
476 66 2
476 67 2
476 68 1
476 69 1
476 70 1
476 71 1
476 72 1
476 73 1
476 74 2
476 75 1
476 76 1
476 77 1
476 78 1
476 79 2
476 80 1
476 81 2
476 82 1
476 83 1
476 84 1
476 85 1
476 86 2
476 87 1
476 88 1
476 89 2
476 90 1
476 91 1
476 92 2
476 93 2
476 94 2
476 95 1
476 96 2
476 97 1
476 98 1
476 99 1
476 100 1
476 101 2
476 102 1
476 103 1
476 104 1
476 105 1
476 106 1
476 107 1
476 108 1
476 109 1
476 110 1
476 111 1
476 112 2
476 113 2
476 114 1
476 115 1
476 116 1
476 117 2
476 118 1
476 119 1
476 120 1
476 121 1
