1 41
26 27
51 25
76 24
101 24
126 24
151 24
176 24
201 23
226 22
251 22
276 22
301 21
326 21
351 21
376 21
401 21
426 21
451 20
476 20
501 20
526 20
551 20
576 20
601 20
626 20
651 20
676 20
701 20
726 20
751 20
776 20
801 20
826 20
851 20
876 20
901 20
926 20
951 20
976 20
1001 20
1026 20
1051 20
1076 20
1101 20
1126 20
1151 20
1176 20
1201 20
1226 20
1251 20
1276 20
1301 20
1326 20
1351 20
1376 20
1401 20
1426 20
1451 20
1476 20
1501 20
1526 20
1551 20
1576 20
1601 19
1626 19
1651 19
1676 19
1701 19
1726 19
1751 19
1776 19
1801 19
1826 19
1851 19
1876 19
1901 19
1926 19
1951 19
1976 19
