1 5512
26 4099
51 3964
76 4004
101 4021
126 4080
151 4013
176 4073
201 4040
226 4020
251 4031
276 3987
301 3970
326 3937
351 3950
376 3954
401 3984
426 4055
451 4061
476 4154
501 4025
526 4028
551 4052
576 4045
601 4004
626 3932
651 3925
676 4065
701 3964
726 3980
751 3981
776 4061
801 3998
826 4020
851 4039
876 4093
901 4122
926 4071
951 4063
976 4079
1001 4044
1026 4015
1051 3934
1076 3960
1101 4009
1126 4001
1151 4084
1176 4082
1201 4039
1226 4053
1251 4137
1276 4157
1301 4042
1326 4079
1351 3859
1376 3940
1401 3870
1426 3841
1451 3943
1476 3820
1501 3860
1526 3888
1551 3852
1576 3942
1601 3924
1626 3875
1651 3868
1676 3890
1701 4003
1726 4006
1751 3955
1776 3933
1801 3893
1826 3920
1851 3999
1876 3892
1901 3968
1926 3971
1951 3960
1976 3939
