1 1 0
1 2 0
1 3 35
1 4 0
1 5 0
1 6 0
1 7 0
1 8 1
1 9 55
1 10 0
1 11 67
1 12 2
1 13 99
1 14 9
1 15 8
1 16 0
1 17 0
1 18 211
1 19 1
1 20 30
1 21 0
1 22 0
1 23 3
1 24 0
1 25 59
1 26 728
1 27 0
1 28 23
1 29 0
1 30 282
1 31 63
1 32 0
1 33 17
1 34 30
1 35 63
1 36 0
1 37 33
1 38 50
1 39 16
1 40 68
1 41 120
1 42 27
1 43 0
1 44 286
1 45 0
1 46 37
1 47 90
1 48 200
1 49 122
1 50 0
1 51 0
1 52 0
1 53 207
1 54 88
1 55 0
1 56 0
1 57 0
1 58 0
1 59 46
1 60 0
1 61 574
1 62 0
1 63 112
1 64 185
1 65 0
1 66 0
1 67 0
1 68 3
1 69 0
1 70 0
1 71 79
1 72 6
1 73 0
1 74 0
1 75 0
1 76 0
1 77 1
1 78 0
1 79 0
1 80 0
1 81 0
1 82 0
1 83 19
1 84 7
1 85 74
1 86 104
1 87 0
1 88 0
1 89 1
1 90 288
1 91 52
1 92 69
1 93 0
1 94 28
1 95 0
26 1 0
26 2 15
26 3 40
26 4 0
26 5 0
26 6 0
26 7 0
26 8 0
26 9 48
26 10 0
26 11 32
26 12 0
26 13 95
26 14 4
26 15 32
26 16 0
26 17 0
26 18 198
26 19 0
26 20 9
26 21 0
26 22 0
26 23 0
26 24 1
26 25 62
26 26 658
26 27 0
26 28 19
26 29 2
26 30 237
26 31 56
26 32 0
26 33 19
26 34 24
26 35 49
26 36 2
26 37 32
26 38 52
26 39 26
26 40 67
26 41 82
26 42 31
26 43 0
26 44 222
26 45 0
26 46 41
26 47 46
26 48 185
26 49 164
26 50 2
26 51 0
26 52 0
26 53 181
26 54 61
26 55 0
26 56 0
26 57 0
26 58 0
26 59 39
26 60 0
26 61 504
26 62 0
26 63 113
26 64 158
26 65 0
26 66 0
26 67 1
26 68 0
26 69 0
26 70 0
26 71 95
26 72 13
26 73 0
26 74 0
26 75 0
26 76 0
26 77 1
26 78 0
26 79 1
26 80 0
26 81 19
26 82 0
26 83 21
26 84 0
26 85 51
26 86 95
26 87 0
26 88 0
26 89 0
26 90 214
26 91 62
26 92 75
26 93 0
26 94 11
26 95 0
51 1 0
51 2 26
51 3 37
51 4 1
51 5 0
51 6 0
51 7 0
51 8 1
51 9 49
51 10 0
51 11 22
51 12 0
51 13 101
51 14 0
51 15 29
51 16 0
51 17 0
51 18 210
51 19 0
51 20 1
51 21 20
51 22 0
51 23 0
51 24 0
51 25 45
51 26 677
51 27 0
51 28 23
51 29 0
51 30 248
51 31 69
51 32 0
51 33 21
51 34 13
51 35 47
51 36 0
51 37 33
51 38 50
51 39 37
51 40 65
51 41 100
51 42 26
51 43 0
51 44 204
51 45 1
51 46 39
51 47 47
51 48 206
51 49 179
51 50 0
51 51 0
51 52 0
51 53 193
51 54 58
51 55 0
51 56 0
51 57 0
51 58 0
51 59 36
51 60 0
51 61 515
51 62 0
51 63 99
51 64 184
51 65 0
51 66 0
51 67 0
51 68 0
51 69 0
51 70 21
51 71 79
51 72 14
51 73 0
51 74 0
51 75 3
51 76 0
51 77 1
51 78 0
51 79 0
51 80 0
51 81 19
51 82 0
51 83 13
51 84 0
51 85 49
51 86 103
51 87 1
51 88 0
51 89 0
51 90 201
51 91 56
51 92 75
51 93 0
51 94 21
51 95 0
76 1 1
76 2 27
76 3 47
76 4 1
76 5 0
76 6 0
76 7 0
76 8 0
76 9 11
76 10 1
76 11 28
76 12 0
76 13 109
76 14 0
76 15 31
76 16 0
76 17 13
76 18 195
76 19 0
76 20 0
76 21 20
76 22 0
76 23 0
76 24 0
76 25 47
76 26 661
76 27 1
76 28 40
76 29 0
76 30 256
76 31 93
76 32 0
76 33 12
76 34 15
76 35 57
76 36 0
76 37 31
76 38 53
76 39 38
76 40 49
76 41 89
76 42 28
76 43 0
76 44 216
76 45 0
76 46 41
76 47 49
76 48 201
76 49 181
76 50 0
76 51 0
76 52 1
76 53 202
76 54 53
76 55 0
76 56 1
76 57 0
76 58 0
76 59 46
76 60 0
76 61 508
76 62 1
76 63 108
76 64 177
76 65 3
76 66 1
76 67 13
76 68 2
76 69 0
76 70 18
76 71 89
76 72 12
76 73 0
76 74 1
76 75 22
76 76 0
76 77 0
76 78 0
76 79 0
76 80 0
76 81 17
76 82 0
76 83 3
76 84 0
76 85 65
76 86 103
76 87 0
76 88 0
76 89 1
76 90 214
76 91 48
76 92 52
76 93 0
76 94 17
76 95 0
101 1 0
101 2 24
101 3 49
101 4 0
101 5 1
101 6 1
101 7 0
101 8 0
101 9 0
101 10 0
101 11 16
101 12 0
101 13 100
101 14 1
101 15 35
101 16 0
101 17 6
101 18 196
101 19 13
101 20 0
101 21 14
101 22 0
101 23 0
101 24 0
101 25 28
101 26 717
101 27 0
101 28 33
101 29 0
101 30 267
101 31 74
101 32 0
101 33 19
101 34 46
101 35 54
101 36 2
101 37 40
101 38 42
101 39 43
101 40 36
101 41 83
101 42 30
101 43 0
101 44 229
101 45 2
101 46 54
101 47 51
101 48 184
101 49 170
101 50 0
101 51 0
101 52 0
101 53 167
101 54 71
101 55 0
101 56 1
101 57 0
101 58 0
101 59 55
101 60 0
101 61 547
101 62 0
101 63 88
101 64 199
101 65 7
101 66 0
101 67 21
101 68 1
101 69 1
101 70 18
101 71 94
101 72 0
101 73 0
101 74 0
101 75 18
101 76 1
101 77 0
101 78 0
101 79 3
101 80 0
101 81 0
101 82 0
101 83 16
101 84 0
101 85 95
101 86 109
101 87 4
101 88 0
101 89 0
101 90 168
101 91 46
101 92 45
101 93 0
101 94 21
101 95 2
126 1 1
126 2 16
126 3 48
126 4 0
126 5 0
126 6 2
126 7 0
126 8 0
126 9 0
126 10 1
126 11 23
126 12 0
126 13 103
126 14 0
126 15 29
126 16 0
126 17 0
126 18 128
126 19 16
126 20 0
126 21 23
126 22 0
126 23 0
126 24 0
126 25 25
126 26 735
126 27 0
126 28 40
126 29 0
126 30 248
126 31 55
126 32 0
126 33 16
126 34 63
126 35 53
126 36 8
126 37 24
126 38 54
126 39 57
126 40 41
126 41 99
126 42 25
126 43 0
126 44 207
126 45 16
126 46 69
126 47 36
126 48 203
126 49 184
126 50 0
126 51 0
126 52 0
126 53 161
126 54 60
126 55 0
126 56 0
126 57 1
126 58 0
126 59 39
126 60 0
126 61 531
126 62 3
126 63 111
126 64 211
126 65 0
126 66 1
126 67 26
126 68 0
126 69 1
126 70 19
126 71 87
126 72 0
126 73 0
126 74 0
126 75 11
126 76 0
126 77 0
126 78 0
126 79 37
126 80 0
126 81 20
126 82 0
126 83 15
126 84 0
126 85 41
126 86 108
126 87 27
126 88 0
126 89 0
126 90 145
126 91 41
126 92 41
126 93 0
126 94 13
126 95 23
151 1 0
151 2 9
151 3 41
151 4 0
151 5 0
151 6 0
151 7 0
151 8 0
151 9 0
151 10 0
151 11 25
151 12 3
151 13 106
151 14 0
151 15 37
151 16 0
151 17 0
151 18 119
151 19 11
151 20 0
151 21 25
151 22 0
151 23 0
151 24 0
151 25 33
151 26 767
151 27 0
151 28 37
151 29 3
151 30 251
151 31 63
151 32 0
151 33 27
151 34 55
151 35 43
151 36 0
151 37 30
151 38 47
151 39 68
151 40 35
151 41 87
151 42 29
151 43 1
151 44 226
151 45 18
151 46 77
151 47 32
151 48 208
151 49 181
151 50 0
151 51 5
151 52 0
151 53 143
151 54 64
151 55 0
151 56 0
151 57 0
151 58 0
151 59 42
151 60 2
151 61 548
151 62 0
151 63 86
151 64 198
151 65 0
151 66 0
151 67 27
151 68 2
151 69 0
151 70 19
151 71 60
151 72 0
151 73 0
151 74 0
151 75 21
151 76 0
151 77 1
151 78 0
151 79 52
151 80 20
151 81 10
151 82 0
151 83 10
151 84 0
151 85 43
151 86 136
151 87 32
151 88 0
151 89 0
151 90 114
151 91 42
151 92 39
151 93 0
151 94 16
151 95 33
176 1 0
176 2 7
176 3 40
176 4 0
176 5 0
176 6 1
176 7 0
176 8 0
176 9 5
176 10 0
176 11 34
176 12 1
176 13 108
176 14 1
176 15 22
176 16 0
176 17 0
176 18 114
176 19 5
176 20 0
176 21 30
176 22 0
176 23 0
176 24 1
176 25 25
176 26 730
176 27 0
176 28 35
176 29 0
176 30 250
176 31 50
176 32 0
176 33 37
176 34 48
176 35 40
176 36 1
176 37 30
176 38 53
176 39 70
176 40 32
176 41 106
176 42 21
176 43 0
176 44 217
176 45 13
176 46 76
176 47 30
176 48 205
176 49 197
176 50 0
176 51 25
176 52 0
176 53 146
176 54 66
176 55 0
176 56 1
176 57 0
176 58 1
176 59 40
176 60 0
176 61 554
176 62 0
176 63 84
176 64 211
176 65 0
176 66 1
176 67 22
176 68 0
176 69 0
176 70 12
176 71 48
176 72 0
176 73 0
176 74 0
176 75 13
176 76 0
176 77 0
176 78 0
176 79 44
176 80 21
176 81 18
176 82 0
176 83 19
176 84 0
176 85 31
176 86 169
176 87 30
176 88 2
176 89 0
176 90 123
176 91 46
176 92 45
176 93 0
176 94 13
176 95 41
201 1 7
201 2 9
201 3 42
201 4 0
201 5 0
201 6 1
201 7 0
201 8 0
201 9 13
201 10 0
201 11 35
201 12 0
201 13 110
201 14 1
201 15 25
201 16 0
201 17 0
201 18 118
201 19 6
201 20 0
201 21 39
201 22 0
201 23 0
201 24 0
201 25 19
201 26 733
201 27 0
201 28 43
201 29 0
201 30 254
201 31 47
201 32 0
201 33 24
201 34 38
201 35 47
201 36 0
201 37 7
201 38 64
201 39 52
201 40 29
201 41 114
201 42 27
201 43 1
201 44 201
201 45 16
201 46 83
201 47 29
201 48 231
201 49 171
201 50 0
201 51 21
201 52 1
201 53 160
201 54 60
201 55 0
201 56 0
201 57 24
201 58 0
201 59 49
201 60 0
201 61 561
201 62 1
201 63 103
201 64 204
201 65 0
201 66 17
201 67 22
201 68 0
201 69 2
201 70 15
201 71 46
201 72 0
201 73 0
201 74 0
201 75 23
201 76 0
201 77 0
201 78 0
201 79 23
201 80 22
201 81 20
201 82 0
201 83 6
201 84 0
201 85 30
201 86 142
201 87 30
201 88 1
201 89 0
201 90 121
201 91 35
201 92 47
201 93 0
201 94 15
201 95 29
226 1 11
226 2 7
226 3 40
226 4 0
226 5 0
226 6 0
226 7 0
226 8 0
226 9 28
226 10 0
226 11 29
226 12 0
226 13 102
226 14 0
226 15 23
226 16 0
226 17 1
226 18 122
226 19 0
226 20 0
226 21 37
226 22 0
226 23 0
226 24 0
226 25 23
226 26 722
226 27 3
226 28 40
226 29 0
226 30 293
226 31 47
226 32 20
226 33 13
226 34 46
226 35 52
226 36 0
226 37 0
226 38 79
226 39 47
226 40 17
226 41 124
226 42 21
226 43 2
226 44 220
226 45 17
226 46 71
226 47 23
226 48 225
226 49 178
226 50 0
226 51 17
226 52 2
226 53 149
226 54 59
226 55 0
226 56 0
226 57 19
226 58 0
226 59 33
226 60 0
226 61 572
226 62 0
226 63 124
226 64 211
226 65 0
226 66 22
226 67 23
226 68 0
226 69 6
226 70 15
226 71 31
226 72 0
226 73 1
226 74 0
226 75 22
226 76 0
226 77 1
226 78 0
226 79 31
226 80 23
226 81 18
226 82 0
226 83 1
226 84 0
226 85 34
226 86 133
226 87 41
226 88 0
226 89 0
226 90 110
226 91 49
226 92 57
226 93 0
226 94 19
226 95 35
251 1 21
251 2 2
251 3 40
251 4 0
251 5 0
251 6 0
251 7 0
251 8 0
251 9 23
251 10 0
251 11 28
251 12 1
251 13 86
251 14 0
251 15 12
251 16 0
251 17 0
251 18 173
251 19 0
251 20 0
251 21 34
251 22 1
251 23 0
251 24 0
251 25 25
251 26 708
251 27 0
251 28 38
251 29 0
251 30 302
251 31 30
251 32 22
251 33 17
251 34 30
251 35 75
251 36 0
251 37 0
251 38 83
251 39 49
251 40 9
251 41 136
251 42 24
251 43 0
251 44 237
251 45 11
251 46 74
251 47 0
251 48 205
251 49 211
251 50 0
251 51 20
251 52 11
251 53 154
251 54 55
251 55 0
251 56 0
251 57 15
251 58 0
251 59 33
251 60 0
251 61 524
251 62 0
251 63 143
251 64 222
251 65 0
251 66 21
251 67 30
251 68 0
251 69 1
251 70 26
251 71 42
251 72 0
251 73 0
251 74 0
251 75 15
251 76 10
251 77 0
251 78 0
251 79 24
251 80 32
251 81 17
251 82 0
251 83 0
251 84 0
251 85 26
251 86 120
251 87 35
251 88 0
251 89 0
251 90 76
251 91 46
251 92 49
251 93 0
251 94 23
251 95 36
276 1 16
276 2 0
276 3 39
276 4 2
276 5 0
276 6 1
276 7 1
276 8 0
276 9 26
276 10 1
276 11 38
276 12 0
276 13 79
276 14 0
276 15 21
276 16 0
276 17 0
276 18 159
276 19 30
276 20 0
276 21 17
276 22 1
276 23 0
276 24 0
276 25 36
276 26 702
276 27 0
276 28 32
276 29 0
276 30 311
276 31 31
276 32 28
276 33 11
276 34 9
276 35 77
276 36 2
276 37 0
276 38 75
276 39 16
276 40 1
276 41 133
276 42 25
276 43 1
276 44 289
276 45 0
276 46 71
276 47 0
276 48 219
276 49 212
276 50 0
276 51 21
276 52 12
276 53 175
276 54 61
276 55 0
276 56 0
276 57 16
276 58 0
276 59 35
276 60 0
276 61 507
276 62 0
276 63 136
276 64 200
276 65 0
276 66 18
276 67 22
276 68 0
276 69 0
276 70 15
276 71 87
276 72 1
276 73 0
276 74 0
276 75 21
276 76 20
276 77 0
276 78 0
276 79 19
276 80 18
276 81 19
276 82 0
276 83 1
276 84 0
276 85 26
276 86 105
276 87 28
276 88 27
276 89 0
276 90 73
276 91 39
276 92 43
276 93 1
276 94 14
276 95 38
301 1 16
301 2 0
301 3 68
301 4 1
301 5 0
301 6 0
301 7 0
301 8 1
301 9 35
301 10 0
301 11 34
301 12 0
301 13 78
301 14 0
301 15 6
301 16 1
301 17 0
301 18 161
301 19 22
301 20 0
301 21 22
301 22 0
301 23 0
301 24 0
301 25 21
301 26 673
301 27 0
301 28 51
301 29 1
301 30 301
301 31 30
301 32 21
301 33 0
301 34 0
301 35 82
301 36 0
301 37 0
301 38 71
301 39 14
301 40 1
301 41 138
301 42 26
301 43 1
301 44 306
301 45 1
301 46 77
301 47 0
301 48 228
301 49 188
301 50 0
301 51 19
301 52 7
301 53 181
301 54 59
301 55 0
301 56 0
301 57 21
301 58 0
301 59 36
301 60 0
301 61 517
301 62 0
301 63 119
301 64 207
301 65 1
301 66 21
301 67 18
301 68 0
301 69 4
301 70 21
301 71 88
301 72 0
301 73 0
301 74 0
301 75 16
301 76 14
301 77 0
301 78 1
301 79 22
301 80 23
301 81 15
301 82 2
301 83 1
301 84 0
301 85 29
301 86 100
301 87 28
301 88 49
301 89 0
301 90 87
301 91 40
301 92 41
301 93 0
301 94 21
301 95 43
326 1 20
326 2 0
326 3 72
326 4 0
326 5 0
326 6 0
326 7 0
326 8 1
326 9 39
326 10 0
326 11 34
326 12 0
326 13 77
326 14 0
326 15 4
326 16 1
326 17 1
326 18 144
326 19 29
326 20 0
326 21 19
326 22 19
326 23 0
326 24 0
326 25 22
326 26 684
326 27 0
326 28 56
326 29 0
326 30 279
326 31 39
326 32 22
326 33 8
326 34 0
326 35 70
326 36 0
326 37 0
326 38 77
326 39 22
326 40 0
326 41 135
326 42 41
326 43 0
326 44 295
326 45 0
326 46 70
326 47 0
326 48 256
326 49 183
326 50 5
326 51 15
326 52 1
326 53 178
326 54 60
326 55 1
326 56 0
326 57 23
326 58 0
326 59 35
326 60 0
326 61 480
326 62 0
326 63 121
326 64 211
326 65 0
326 66 24
326 67 22
326 68 0
326 69 0
326 70 18
326 71 58
326 72 1
326 73 0
326 74 0
326 75 13
326 76 1
326 77 1
326 78 0
326 79 22
326 80 21
326 81 29
326 82 0
326 83 0
326 84 0
326 85 39
326 86 120
326 87 29
326 88 33
326 89 0
326 90 95
326 91 44
326 92 35
326 93 3
326 94 21
326 95 47
351 1 15
351 2 0
351 3 76
351 4 0
351 5 0
351 6 0
351 7 0
351 8 0
351 9 39
351 10 0
351 11 39
351 12 0
351 13 74
351 14 0
351 15 0
351 16 1
351 17 0
351 18 95
351 19 30
351 20 0
351 21 17
351 22 20
351 23 2
351 24 0
351 25 18
351 26 683
351 27 0
351 28 48
351 29 2
351 30 275
351 31 31
351 32 22
351 33 6
351 34 0
351 35 83
351 36 0
351 37 0
351 38 72
351 39 19
351 40 0
351 41 135
351 42 28
351 43 0
351 44 368
351 45 1
351 46 65
351 47 1
351 48 259
351 49 183
351 50 22
351 51 17
351 52 0
351 53 189
351 54 65
351 55 0
351 56 0
351 57 20
351 58 0
351 59 30
351 60 0
351 61 480
351 62 0
351 63 155
351 64 211
351 65 0
351 66 23
351 67 20
351 68 0
351 69 0
351 70 24
351 71 55
351 72 0
351 73 0
351 74 0
351 75 6
351 76 0
351 77 0
351 78 0
351 79 19
351 80 19
351 81 18
351 82 0
351 83 0
351 84 0
351 85 47
351 86 121
351 87 9
351 88 39
351 89 0
351 90 80
351 91 51
351 92 39
351 93 0
351 94 35
351 95 33
376 1 24
376 2 0
376 3 72
376 4 0
376 5 0
376 6 0
376 7 0
376 8 1
376 9 27
376 10 0
376 11 39
376 12 0
376 13 79
376 14 2
376 15 1
376 16 4
376 17 1
376 18 67
376 19 20
376 20 0
376 21 22
376 22 19
376 23 0
376 24 0
376 25 23
376 26 651
376 27 0
376 28 43
376 29 0
376 30 281
376 31 31
376 32 19
376 33 10
376 34 0
376 35 75
376 36 0
376 37 0
376 38 72
376 39 18
376 40 0
376 41 135
376 42 13
376 43 0
376 44 364
376 45 0
376 46 44
376 47 0
376 48 272
376 49 176
376 50 23
376 51 21
376 52 1
376 53 174
376 54 60
376 55 0
376 56 0
376 57 13
376 58 0
376 59 30
376 60 0
376 61 463
376 62 0
376 63 158
376 64 232
376 65 0
376 66 20
376 67 23
376 68 0
376 69 2
376 70 17
376 71 62
376 72 0
376 73 0
376 74 0
376 75 0
376 76 0
376 77 1
376 78 0
376 79 18
376 80 48
376 81 20
376 82 4
376 83 0
376 84 0
376 85 74
376 86 120
376 87 1
376 88 36
376 89 0
376 90 88
376 91 73
376 92 56
376 93 1
376 94 33
376 95 34
401 1 22
401 2 0
401 3 72
401 4 4
401 5 0
401 6 0
401 7 0
401 8 0
401 9 39
401 10 0
401 11 40
401 12 0
401 13 77
401 14 12
401 15 0
401 16 0
401 17 0
401 18 66
401 19 31
401 20 0
401 21 22
401 22 20
401 23 4
401 24 0
401 25 23
401 26 668
401 27 0
401 28 31
401 29 0
401 30 238
401 31 29
401 32 19
401 33 0
401 34 1
401 35 77
401 36 0
401 37 0
401 38 67
401 39 18
401 40 2
401 41 143
401 42 0
401 43 0
401 44 388
401 45 1
401 46 35
401 47 0
401 48 263
401 49 178
401 50 27
401 51 38
401 52 0
401 53 182
401 54 56
401 55 0
401 56 1
401 57 18
401 58 0
401 59 39
401 60 0
401 61 491
401 62 0
401 63 163
401 64 219
401 65 0
401 66 17
401 67 20
401 68 0
401 69 0
401 70 16
401 71 80
401 72 0
401 73 1
401 74 0
401 75 0
401 76 0
401 77 1
401 78 2
401 79 20
401 80 41
401 81 22
401 82 1
401 83 2
401 84 0
401 85 95
401 86 116
401 87 0
401 88 38
401 89 2
401 90 80
401 91 72
401 92 48
401 93 0
401 94 31
401 95 16
426 1 13
426 2 0
426 3 72
426 4 0
426 5 0
426 6 0
426 7 0
426 8 0
426 9 37
426 10 0
426 11 40
426 12 0
426 13 81
426 14 9
426 15 0
426 16 0
426 17 0
426 18 65
426 19 28
426 20 0
426 21 21
426 22 22
426 23 0
426 24 0
426 25 26
426 26 668
426 27 0
426 28 40
426 29 1
426 30 233
426 31 29
426 32 23
426 33 0
426 34 0
426 35 80
426 36 0
426 37 0
426 38 73
426 39 19
426 40 0
426 41 149
426 42 1
426 43 0
426 44 397
426 45 0
426 46 40
426 47 0
426 48 265
426 49 180
426 50 22
426 51 50
426 52 0
426 53 185
426 54 49
426 55 0
426 56 0
426 57 21
426 58 0
426 59 39
426 60 0
426 61 546
426 62 1
426 63 138
426 64 201
426 65 0
426 66 12
426 67 21
426 68 1
426 69 0
426 70 15
426 71 84
426 72 0
426 73 1
426 74 0
426 75 0
426 76 0
426 77 0
426 78 0
426 79 22
426 80 33
426 81 21
426 82 1
426 83 0
426 84 0
426 85 92
426 86 99
426 87 1
426 88 36
426 89 0
426 90 94
426 91 73
426 92 62
426 93 0
426 94 35
426 95 2
451 1 14
451 2 3
451 3 72
451 4 3
451 5 0
451 6 0
451 7 0
451 8 0
451 9 36
451 10 0
451 11 39
451 12 0
451 13 80
451 14 2
451 15 0
451 16 14
451 17 1
451 18 59
451 19 28
451 20 0
451 21 21
451 22 28
451 23 16
451 24 0
451 25 24
451 26 629
451 27 0
451 28 36
451 29 0
451 30 264
451 31 34
451 32 5
451 33 0
451 34 0
451 35 82
451 36 0
451 37 0
451 38 68
451 39 6
451 40 0
451 41 171
451 42 0
451 43 0
451 44 395
451 45 0
451 46 38
451 47 0
451 48 264
451 49 187
451 50 19
451 51 44
451 52 0
451 53 180
451 54 63
451 55 0
451 56 0
451 57 15
451 58 0
451 59 35
451 60 0
451 61 532
451 62 0
451 63 157
451 64 205
451 65 0
451 66 22
451 67 20
451 68 0
451 69 0
451 70 14
451 71 73
451 72 0
451 73 0
451 74 0
451 75 0
451 76 4
451 77 0
451 78 0
451 79 23
451 80 40
451 81 32
451 82 0
451 83 0
451 84 0
451 85 80
451 86 78
451 87 7
451 88 41
451 89 0
451 90 123
451 91 77
451 92 64
451 93 0
451 94 28
451 95 0
476 1 18
476 2 0
476 3 79
476 4 1
476 5 0
476 6 0
476 7 0
476 8 0
476 9 37
476 10 2
476 11 37
476 12 0
476 13 80
476 14 6
476 15 2
476 16 18
476 17 1
476 18 64
476 19 30
476 20 0
476 21 18
476 22 18
476 23 14
476 24 0
476 25 27
476 26 651
476 27 0
476 28 41
476 29 1
476 30 208
476 31 32
476 32 4
476 33 0
476 34 0
476 35 72
476 36 0
476 37 0
476 38 69
476 39 0
476 40 2
476 41 155
476 42 0
476 43 0
476 44 365
476 45 0
476 46 51
476 47 0
476 48 290
476 49 175
476 50 19
476 51 59
476 52 1
476 53 183
476 54 70
476 55 0
476 56 0
476 57 21
476 58 0
476 59 40
476 60 0
476 61 511
476 62 1
476 63 158
476 64 199
476 65 0
476 66 19
476 67 19
476 68 0
476 69 3
476 70 23
476 71 61
476 72 1
476 73 0
476 74 0
476 75 0
476 76 26
476 77 0
476 78 0
476 79 27
476 80 25
476 81 38
476 82 0
476 83 2
476 84 0
476 85 110
476 86 80
476 87 6
476 88 40
476 89 0
476 90 125
476 91 70
476 92 54
476 93 0
476 94 37
476 95 0
501 1 16
501 2 0
501 3 77
501 4 0
501 5 0
501 6 0
501 7 0
501 8 0
501 9 36
501 10 0
501 11 41
501 12 0
501 13 81
501 14 9
501 15 0
501 16 7
501 17 0
501 18 49
501 19 28
501 20 0
501 21 20
501 22 20
501 23 18
501 24 1
501 25 26
501 26 635
501 27 0
501 28 44
501 29 0
501 30 235
501 31 32
501 32 0
501 33 0
501 34 2
501 35 82
501 36 0
501 37 1
501 38 53
501 39 25
501 40 1
501 41 170
501 42 0
501 43 0
501 44 362
501 45 0
501 46 50
501 47 0
501 48 279
501 49 176
501 50 29
501 51 44
501 52 1
501 53 176
501 54 63
501 55 0
501 56 2
501 57 23
501 58 2
501 59 30
501 60 0
501 61 536
501 62 0
501 63 167
501 64 200
501 65 0
501 66 23
501 67 21
501 68 0
501 69 0
501 70 0
501 71 68
501 72 0
501 73 0
501 74 0
501 75 0
501 76 38
501 77 0
501 78 0
501 79 20
501 80 40
501 81 39
501 82 0
501 83 0
501 84 1
501 85 105
501 86 62
501 87 0
501 88 38
501 89 0
501 90 138
501 91 78
501 92 61
501 93 0
501 94 33
501 95 0
526 1 21
526 2 0
526 3 68
526 4 0
526 5 1
526 6 0
526 7 0
526 8 2
526 9 31
526 10 0
526 11 40
526 12 0
526 13 74
526 14 9
526 15 0
526 16 1
526 17 0
526 18 59
526 19 8
526 20 0
526 21 15
526 22 19
526 23 14
526 24 0
526 25 27
526 26 620
526 27 0
526 28 40
526 29 1
526 30 259
526 31 32
526 32 0
526 33 0
526 34 1
526 35 78
526 36 0
526 37 0
526 38 71
526 39 14
526 40 2
526 41 143
526 42 0
526 43 0
526 44 375
526 45 0
526 46 36
526 47 2
526 48 271
526 49 181
526 50 24
526 51 43
526 52 2
526 53 176
526 54 74
526 55 0
526 56 1
526 57 24
526 58 0
526 59 31
526 60 0
526 61 541
526 62 0
526 63 171
526 64 203
526 65 0
526 66 32
526 67 22
526 68 0
526 69 0
526 70 0
526 71 61
526 72 0
526 73 0
526 74 2
526 75 6
526 76 43
526 77 0
526 78 2
526 79 17
526 80 46
526 81 36
526 82 0
526 83 0
526 84 0
526 85 130
526 86 41
526 87 0
526 88 40
526 89 1
526 90 157
526 91 75
526 92 74
526 93 0
526 94 34
526 95 1
551 1 21
551 2 0
551 3 84
551 4 0
551 5 0
551 6 0
551 7 0
551 8 0
551 9 39
551 10 0
551 11 34
551 12 0
551 13 70
551 14 12
551 15 0
551 16 1
551 17 1
551 18 59
551 19 0
551 20 7
551 21 20
551 22 20
551 23 15
551 24 0
551 25 18
551 26 622
551 27 0
551 28 37
551 29 1
551 30 252
551 31 27
551 32 0
551 33 0
551 34 0
551 35 80
551 36 0
551 37 0
551 38 56
551 39 21
551 40 0
551 41 144
551 42 0
551 43 0
551 44 376
551 45 0
551 46 38
551 47 0
551 48 271
551 49 184
551 50 29
551 51 44
551 52 0
551 53 176
551 54 80
551 55 0
551 56 0
551 57 19
551 58 0
551 59 33
551 60 0
551 61 571
551 62 0
551 63 140
551 64 179
551 65 0
551 66 18
551 67 18
551 68 1
551 69 0
551 70 0
551 71 63
551 72 0
551 73 0
551 74 0
551 75 0
551 76 42
551 77 0
551 78 1
551 79 20
551 80 43
551 81 39
551 82 0
551 83 0
551 84 0
551 85 146
551 86 41
551 87 0
551 88 40
551 89 0
551 90 163
551 91 77
551 92 73
551 93 0
551 94 28
551 95 0
576 1 20
576 2 1
576 3 76
576 4 0
576 5 0
576 6 0
576 7 0
576 8 0
576 9 6
576 10 0
576 11 36
576 12 10
576 13 85
576 14 1
576 15 0
576 16 0
576 17 0
576 18 37
576 19 0
576 20 38
576 21 21
576 22 21
576 23 18
576 24 0
576 25 22
576 26 591
576 27 0
576 28 38
576 29 1
576 30 248
576 31 27
576 32 2
576 33 5
576 34 2
576 35 82
576 36 0
576 37 1
576 38 70
576 39 35
576 40 0
576 41 154
576 42 0
576 43 0
576 44 358
576 45 0
576 46 41
576 47 0
576 48 278
576 49 207
576 50 30
576 51 40
576 52 0
576 53 152
576 54 101
576 55 0
576 56 0
576 57 21
576 58 0
576 59 30
576 60 0
576 61 587
576 62 0
576 63 134
576 64 191
576 65 0
576 66 27
576 67 24
576 68 1
576 69 0
576 70 0
576 71 72
576 72 1
576 73 0
576 74 0
576 75 0
576 76 44
576 77 0
576 78 0
576 79 21
576 80 40
576 81 39
576 82 0
576 83 1
576 84 5
576 85 144
576 86 38
576 87 1
576 88 18
576 89 0
576 90 164
576 91 75
576 92 85
576 93 0
576 94 28
576 95 2
601 1 16
601 2 0
601 3 76
601 4 0
601 5 0
601 6 0
601 7 1
601 8 1
601 9 0
601 10 0
601 11 31
601 12 12
601 13 73
601 14 14
601 15 0
601 16 0
601 17 0
601 18 63
601 19 0
601 20 39
601 21 14
601 22 22
601 23 2
601 24 0
601 25 28
601 26 604
601 27 0
601 28 49
601 29 0
601 30 208
601 31 28
601 32 1
601 33 0
601 34 2
601 35 73
601 36 0
601 37 8
601 38 65
601 39 35
601 40 1
601 41 181
601 42 0
601 43 6
601 44 354
601 45 0
601 46 40
601 47 0
601 48 277
601 49 204
601 50 19
601 51 39
601 52 0
601 53 146
601 54 105
601 55 0
601 56 0
601 57 16
601 58 0
601 59 29
601 60 0
601 61 571
601 62 0
601 63 148
601 64 187
601 65 0
601 66 7
601 67 20
601 68 0
601 69 0
601 70 1
601 71 60
601 72 0
601 73 0
601 74 1
601 75 0
601 76 56
601 77 0
601 78 0
601 79 21
601 80 39
601 81 38
601 82 0
601 83 1
601 84 0
601 85 158
601 86 44
601 87 0
601 88 20
601 89 2
601 90 170
601 91 70
601 92 83
601 93 0
601 94 25
601 95 0
626 1 20
626 2 1
626 3 65
626 4 0
626 5 0
626 6 0
626 7 0
626 8 0
626 9 2
626 10 0
626 11 33
626 12 16
626 13 72
626 14 13
626 15 0
626 16 0
626 17 0
626 18 42
626 19 0
626 20 40
626 21 25
626 22 40
626 23 0
626 24 0
626 25 36
626 26 568
626 27 0
626 28 32
626 29 0
626 30 224
626 31 31
626 32 0
626 33 0
626 34 14
626 35 76
626 36 0
626 37 2
626 38 57
626 39 27
626 40 0
626 41 179
626 42 0
626 43 22
626 44 380
626 45 0
626 46 73
626 47 0
626 48 263
626 49 202
626 50 27
626 51 43
626 52 0
626 53 153
626 54 114
626 55 0
626 56 0
626 57 18
626 58 0
626 59 18
626 60 0
626 61 582
626 62 0
626 63 153
626 64 179
626 65 0
626 66 0
626 67 19
626 68 0
626 69 2
626 70 0
626 71 38
626 72 0
626 73 0
626 74 0
626 75 2
626 76 46
626 77 0
626 78 0
626 79 20
626 80 44
626 81 37
626 82 0
626 83 0
626 84 0
626 85 190
626 86 48
626 87 0
626 88 22
626 89 0
626 90 149
626 91 86
626 92 87
626 93 1
626 94 13
626 95 0
651 1 17
651 2 0
651 3 37
651 4 0
651 5 0
651 6 0
651 7 4
651 8 1
651 9 0
651 10 0
651 11 36
651 12 18
651 13 81
651 14 21
651 15 0
651 16 1
651 17 11
651 18 27
651 19 0
651 20 39
651 21 24
651 22 39
651 23 0
651 24 0
651 25 30
651 26 566
651 27 0
651 28 30
651 29 0
651 30 227
651 31 23
651 32 0
651 33 0
651 34 12
651 35 63
651 36 0
651 37 1
651 38 73
651 39 17
651 40 0
651 41 183
651 42 0
651 43 22
651 44 344
651 45 0
651 46 75
651 47 0
651 48 262
651 49 178
651 50 28
651 51 42
651 52 0
651 53 150
651 54 142
651 55 0
651 56 4
651 57 21
651 58 0
651 59 24
651 60 0
651 61 578
651 62 0
651 63 141
651 64 186
651 65 0
651 66 0
651 67 17
651 68 0
651 69 0
651 70 0
651 71 52
651 72 0
651 73 1
651 74 0
651 75 0
651 76 46
651 77 0
651 78 0
651 79 20
651 80 53
651 81 31
651 82 1
651 83 0
651 84 0
651 85 177
651 86 42
651 87 1
651 88 19
651 89 0
651 90 162
651 91 81
651 92 81
651 93 0
651 94 20
651 95 0
676 1 1
676 2 2
676 3 40
676 4 0
676 5 0
676 6 0
676 7 18
676 8 7
676 9 0
676 10 0
676 11 38
676 12 17
676 13 75
676 14 22
676 15 1
676 16 5
676 17 21
676 18 26
676 19 0
676 20 47
676 21 14
676 22 40
676 23 0
676 24 1
676 25 29
676 26 565
676 27 0
676 28 39
676 29 0
676 30 207
676 31 32
676 32 0
676 33 0
676 34 19
676 35 72
676 36 0
676 37 0
676 38 61
676 39 22
676 40 0
676 41 182
676 42 0
676 43 19
676 44 373
676 45 0
676 46 80
676 47 0
676 48 257
676 49 193
676 50 31
676 51 39
676 52 2
676 53 145
676 54 118
676 55 2
676 56 2
676 57 21
676 58 0
676 59 22
676 60 4
676 61 568
676 62 0
676 63 180
676 64 174
676 65 0
676 66 0
676 67 22
676 68 0
676 69 0
676 70 0
676 71 57
676 72 1
676 73 0
676 74 0
676 75 0
676 76 48
676 77 0
676 78 0
676 79 24
676 80 64
676 81 25
676 82 0
676 83 0
676 84 0
676 85 189
676 86 40
676 87 0
676 88 22
676 89 0
676 90 145
676 91 81
676 92 77
676 93 0
676 94 17
676 95 4
701 1 0
701 2 0
701 3 37
701 4 0
701 5 0
701 6 0
701 7 22
701 8 5
701 9 0
701 10 0
701 11 38
701 12 17
701 13 55
701 14 21
701 15 0
701 16 10
701 17 37
701 18 38
701 19 0
701 20 36
701 21 13
701 22 40
701 23 0
701 24 1
701 25 51
701 26 538
701 27 0
701 28 49
701 29 0
701 30 185
701 31 34
701 32 0
701 33 0
701 34 18
701 35 68
701 36 0
701 37 0
701 38 73
701 39 18
701 40 0
701 41 178
701 42 0
701 43 18
701 44 303
701 45 0
701 46 74
701 47 0
701 48 266
701 49 203
701 50 31
701 51 48
701 52 24
701 53 130
701 54 118
701 55 0
701 56 0
701 57 20
701 58 0
701 59 18
701 60 0
701 61 565
701 62 24
701 63 171
701 64 165
701 65 0
701 66 0
701 67 19
701 68 0
701 69 0
701 70 1
701 71 38
701 72 0
701 73 1
701 74 0
701 75 0
701 76 44
701 77 0
701 78 1
701 79 20
701 80 42
701 81 33
701 82 0
701 83 0
701 84 0
701 85 192
701 86 40
701 87 0
701 88 21
701 89 0
701 90 166
701 91 79
701 92 76
701 93 0
701 94 19
701 95 4
726 1 0
726 2 0
726 3 46
726 4 2
726 5 0
726 6 0
726 7 19
726 8 15
726 9 5
726 10 0
726 11 53
726 12 14
726 13 53
726 14 16
726 15 0
726 16 0
726 17 34
726 18 31
726 19 0
726 20 35
726 21 15
726 22 36
726 23 0
726 24 1
726 25 49
726 26 542
726 27 0
726 28 50
726 29 1
726 30 191
726 31 36
726 32 0
726 33 0
726 34 15
726 35 66
726 36 0
726 37 0
726 38 75
726 39 23
726 40 0
726 41 172
726 42 0
726 43 14
726 44 320
726 45 1
726 46 77
726 47 1
726 48 261
726 49 191
726 50 27
726 51 46
726 52 20
726 53 166
726 54 118
726 55 1
726 56 0
726 57 22
726 58 1
726 59 21
726 60 1
726 61 552
726 62 17
726 63 179
726 64 168
726 65 2
726 66 0
726 67 22
726 68 0
726 69 0
726 70 0
726 71 53
726 72 0
726 73 0
726 74 0
726 75 0
726 76 54
726 77 1
726 78 0
726 79 26
726 80 52
726 81 37
726 82 0
726 83 0
726 84 0
726 85 170
726 86 47
726 87 0
726 88 21
726 89 0
726 90 172
726 91 79
726 92 83
726 93 0
726 94 6
726 95 0
751 1 0
751 2 0
751 3 39
751 4 0
751 5 0
751 6 0
751 7 23
751 8 15
751 9 7
751 10 0
751 11 57
751 12 19
751 13 75
751 14 23
751 15 0
751 16 0
751 17 26
751 18 31
751 19 0
751 20 42
751 21 11
751 22 47
751 23 0
751 24 0
751 25 29
751 26 541
751 27 0
751 28 39
751 29 0
751 30 199
751 31 41
751 32 0
751 33 1
751 34 11
751 35 70
751 36 0
751 37 1
751 38 80
751 39 20
751 40 0
751 41 169
751 42 0
751 43 14
751 44 306
751 45 0
751 46 87
751 47 0
751 48 237
751 49 176
751 50 23
751 51 45
751 52 20
751 53 163
751 54 111
751 55 0
751 56 0
751 57 14
751 58 0
751 59 26
751 60 0
751 61 571
751 62 27
751 63 165
751 64 166
751 65 1
751 66 0
751 67 22
751 68 1
751 69 0
751 70 1
751 71 55
751 72 0
751 73 0
751 74 0
751 75 0
751 76 44
751 77 0
751 78 0
751 79 22
751 80 44
751 81 20
751 82 0
751 83 0
751 84 0
751 85 193
751 86 42
751 87 1
751 88 18
751 89 1
751 90 191
751 91 78
751 92 88
751 93 2
751 94 4
751 95 2
776 1 0
776 2 0
776 3 34
776 4 1
776 5 1
776 6 0
776 7 25
776 8 12
776 9 24
776 10 0
776 11 62
776 12 17
776 13 65
776 14 19
776 15 1
776 16 0
776 17 23
776 18 28
776 19 7
776 20 39
776 21 17
776 22 39
776 23 0
776 24 0
776 25 44
776 26 542
776 27 1
776 28 41
776 29 0
776 30 216
776 31 31
776 32 0
776 33 0
776 34 1
776 35 71
776 36 0
776 37 0
776 38 72
776 39 16
776 40 1
776 41 168
776 42 1
776 43 24
776 44 296
776 45 4
776 46 97
776 47 0
776 48 239
776 49 189
776 50 26
776 51 44
776 52 14
776 53 158
776 54 104
776 55 0
776 56 0
776 57 17
776 58 0
776 59 17
776 60 0
776 61 575
776 62 22
776 63 148
776 64 188
776 65 1
776 66 0
776 67 22
776 68 0
776 69 0
776 70 0
776 71 68
776 72 0
776 73 0
776 74 0
776 75 0
776 76 46
776 77 0
776 78 0
776 79 20
776 80 39
776 81 10
776 82 0
776 83 0
776 84 0
776 85 186
776 86 50
776 87 0
776 88 19
776 89 0
776 90 193
776 91 75
776 92 93
776 93 0
776 94 0
776 95 0
801 1 0
801 2 0
801 3 37
801 4 0
801 5 0
801 6 1
801 7 20
801 8 13
801 9 46
801 10 0
801 11 59
801 12 16
801 13 70
801 14 16
801 15 0
801 16 0
801 17 18
801 18 25
801 19 0
801 20 37
801 21 14
801 22 41
801 23 0
801 24 0
801 25 26
801 26 517
801 27 0
801 28 44
801 29 0
801 30 198
801 31 29
801 32 1
801 33 0
801 34 6
801 35 66
801 36 0
801 37 0
801 38 82
801 39 16
801 40 0
801 41 149
801 42 0
801 43 18
801 44 317
801 45 1
801 46 75
801 47 0
801 48 291
801 49 160
801 50 26
801 51 38
801 52 15
801 53 159
801 54 109
801 55 0
801 56 0
801 57 13
801 58 0
801 59 22
801 60 0
801 61 543
801 62 15
801 63 149
801 64 198
801 65 1
801 66 0
801 67 22
801 68 0
801 69 0
801 70 0
801 71 67
801 72 0
801 73 6
801 74 0
801 75 1
801 76 42
801 77 0
801 78 0
801 79 21
801 80 42
801 81 13
801 82 0
801 83 0
801 84 0
801 85 179
801 86 66
801 87 0
801 88 24
801 89 1
801 90 193
801 91 78
801 92 109
801 93 0
801 94 0
801 95 0
826 1 0
826 2 1
826 3 38
826 4 0
826 5 3
826 6 1
826 7 20
826 8 16
826 9 32
826 10 0
826 11 50
826 12 23
826 13 70
826 14 20
826 15 0
826 16 0
826 17 29
826 18 32
826 19 1
826 20 38
826 21 8
826 22 28
826 23 0
826 24 0
826 25 21
826 26 529
826 27 0
826 28 57
826 29 1
826 30 185
826 31 30
826 32 0
826 33 0
826 34 1
826 35 64
826 36 0
826 37 0
826 38 100
826 39 15
826 40 0
826 41 139
826 42 0
826 43 21
826 44 285
826 45 0
826 46 70
826 47 0
826 48 273
826 49 170
826 50 23
826 51 35
826 52 19
826 53 130
826 54 125
826 55 0
826 56 0
826 57 19
826 58 0
826 59 18
826 60 0
826 61 600
826 62 15
826 63 154
826 64 202
826 65 0
826 66 0
826 67 21
826 68 0
826 69 0
826 70 0
826 71 62
826 72 0
826 73 1
826 74 0
826 75 0
826 76 44
826 77 0
826 78 0
826 79 20
826 80 37
826 81 10
826 82 2
826 83 0
826 84 1
826 85 173
826 86 71
826 87 0
826 88 21
826 89 0
826 90 207
826 91 76
826 92 143
826 93 0
826 94 2
826 95 1
851 1 0
851 2 0
851 3 42
851 4 1
851 5 2
851 6 0
851 7 21
851 8 14
851 9 17
851 10 0
851 11 57
851 12 19
851 13 65
851 14 16
851 15 0
851 16 0
851 17 31
851 18 33
851 19 0
851 20 40
851 21 15
851 22 17
851 23 1
851 24 0
851 25 31
851 26 512
851 27 1
851 28 51
851 29 0
851 30 185
851 31 31
851 32 19
851 33 2
851 34 0
851 35 62
851 36 1
851 37 0
851 38 66
851 39 21
851 40 0
851 41 142
851 42 0
851 43 24
851 44 283
851 45 0
851 46 70
851 47 0
851 48 267
851 49 188
851 50 11
851 51 37
851 52 22
851 53 117
851 54 114
851 55 0
851 56 1
851 57 20
851 58 0
851 59 18
851 60 0
851 61 639
851 62 24
851 63 140
851 64 206
851 65 0
851 66 0
851 67 0
851 68 8
851 69 0
851 70 0
851 71 49
851 72 1
851 73 0
851 74 0
851 75 0
851 76 24
851 77 1
851 78 0
851 79 20
851 80 39
851 81 9
851 82 22
851 83 0
851 84 0
851 85 178
851 86 79
851 87 4
851 88 18
851 89 0
851 90 203
851 91 75
851 92 175
851 93 4
851 94 1
851 95 0
876 1 0
876 2 0
876 3 40
876 4 1
876 5 0
876 6 0
876 7 23
876 8 7
876 9 22
876 10 0
876 11 52
876 12 14
876 13 79
876 14 4
876 15 0
876 16 0
876 17 31
876 18 31
876 19 0
876 20 40
876 21 9
876 22 21
876 23 1
876 24 0
876 25 25
876 26 490
876 27 1
876 28 44
876 29 2
876 30 187
876 31 31
876 32 20
876 33 14
876 34 0
876 35 71
876 36 0
876 37 13
876 38 81
876 39 18
876 40 2
876 41 144
876 42 1
876 43 17
876 44 338
876 45 0
876 46 56
876 47 0
876 48 301
876 49 165
876 50 0
876 51 45
876 52 33
876 53 116
876 54 104
876 55 0
876 56 0
876 57 19
876 58 0
876 59 23
876 60 1
876 61 621
876 62 20
876 63 161
876 64 220
876 65 0
876 66 0
876 67 1
876 68 14
876 69 0
876 70 1
876 71 50
876 72 0
876 73 0
876 74 0
876 75 0
876 76 20
876 77 0
876 78 0
876 79 17
876 80 29
876 81 22
876 82 11
876 83 0
876 84 0
876 85 148
876 86 81
876 87 0
876 88 19
876 89 0
876 90 197
876 91 79
876 92 159
876 93 0
876 94 0
876 95 0
901 1 0
901 2 0
901 3 40
901 4 0
901 5 1
901 6 0
901 7 25
901 8 12
901 9 9
901 10 0
901 11 66
901 12 14
901 13 68
901 14 0
901 15 0
901 16 0
901 17 15
901 18 29
901 19 0
901 20 30
901 21 14
901 22 20
901 23 0
901 24 0
901 25 30
901 26 527
901 27 1
901 28 57
901 29 0
901 30 163
901 31 18
901 32 21
901 33 12
901 34 0
901 35 72
901 36 0
901 37 32
901 38 83
901 39 18
901 40 2
901 41 154
901 42 0
901 43 16
901 44 317
901 45 0
901 46 61
901 47 0
901 48 294
901 49 184
901 50 0
901 51 33
901 52 32
901 53 85
901 54 102
901 55 0
901 56 0
901 57 24
901 58 2
901 59 27
901 60 0
901 61 608
901 62 21
901 63 151
901 64 258
901 65 0
901 66 1
901 67 0
901 68 13
901 69 0
901 70 0
901 71 48
901 72 0
901 73 0
901 74 0
901 75 0
901 76 14
901 77 0
901 78 0
901 79 20
901 80 19
901 81 14
901 82 21
901 83 5
901 84 0
901 85 182
901 86 79
901 87 2
901 88 17
901 89 1
901 90 194
901 91 79
901 92 177
901 93 0
901 94 1
901 95 0
926 1 0
926 2 0
926 3 41
926 4 0
926 5 3
926 6 0
926 7 20
926 8 16
926 9 12
926 10 0
926 11 58
926 12 14
926 13 60
926 14 0
926 15 0
926 16 0
926 17 0
926 18 20
926 19 0
926 20 34
926 21 17
926 22 17
926 23 0
926 24 0
926 25 31
926 26 513
926 27 0
926 28 53
926 29 0
926 30 173
926 31 1
926 32 23
926 33 5
926 34 1
926 35 67
926 36 0
926 37 36
926 38 68
926 39 21
926 40 7
926 41 153
926 42 0
926 43 21
926 44 330
926 45 0
926 46 76
926 47 0
926 48 284
926 49 192
926 50 0
926 51 36
926 52 41
926 53 81
926 54 98
926 55 0
926 56 0
926 57 20
926 58 1
926 59 20
926 60 0
926 61 616
926 62 22
926 63 128
926 64 261
926 65 1
926 66 0
926 67 0
926 68 13
926 69 0
926 70 0
926 71 59
926 72 0
926 73 1
926 74 1
926 75 5
926 76 12
926 77 1
926 78 0
926 79 21
926 80 20
926 81 23
926 82 25
926 83 0
926 84 0
926 85 187
926 86 84
926 87 0
926 88 10
926 89 0
926 90 211
926 91 74
926 92 190
926 93 1
926 94 1
926 95 0
951 1 0
951 2 0
951 3 38
951 4 6
951 5 1
951 6 1
951 7 20
951 8 8
951 9 18
951 10 0
951 11 54
951 12 19
951 13 76
951 14 1
951 15 6
951 16 0
951 17 0
951 18 25
951 19 0
951 20 32
951 21 13
951 22 23
951 23 0
951 24 0
951 25 17
951 26 533
951 27 0
951 28 49
951 29 0
951 30 185
951 31 0
951 32 21
951 33 6
951 34 0
951 35 63
951 36 1
951 37 33
951 38 49
951 39 21
951 40 1
951 41 178
951 42 0
951 43 20
951 44 339
951 45 0
951 46 63
951 47 0
951 48 267
951 49 199
951 50 0
951 51 39
951 52 36
951 53 84
951 54 99
951 55 1
951 56 0
951 57 20
951 58 0
951 59 18
951 60 0
951 61 627
951 62 19
951 63 141
951 64 277
951 65 1
951 66 0
951 67 0
951 68 15
951 69 1
951 70 0
951 71 54
951 72 1
951 73 0
951 74 1
951 75 14
951 76 21
951 77 0
951 78 0
951 79 20
951 80 20
951 81 25
951 82 21
951 83 1
951 84 0
951 85 163
951 86 76
951 87 0
951 88 19
951 89 0
951 90 199
951 91 79
951 92 160
951 93 0
951 94 1
951 95 0
976 1 0
976 2 0
976 3 36
976 4 0
976 5 1
976 6 0
976 7 18
976 8 16
976 9 2
976 10 0
976 11 51
976 12 14
976 13 69
976 14 0
976 15 2
976 16 0
976 17 0
976 18 17
976 19 0
976 20 33
976 21 15
976 22 24
976 23 0
976 24 0
976 25 18
976 26 561
976 27 0
976 28 46
976 29 0
976 30 184
976 31 14
976 32 21
976 33 3
976 34 0
976 35 66
976 36 0
976 37 40
976 38 46
976 39 27
976 40 0
976 41 176
976 42 0
976 43 16
976 44 340
976 45 0
976 46 90
976 47 0
976 48 288
976 49 204
976 50 1
976 51 44
976 52 38
976 53 83
976 54 104
976 55 0
976 56 0
976 57 22
976 58 2
976 59 19
976 60 0
976 61 571
976 62 24
976 63 140
976 64 280
976 65 0
976 66 0
976 67 0
976 68 1
976 69 1
976 70 0
976 71 58
976 72 0
976 73 0
976 74 0
976 75 20
976 76 20
976 77 0
976 78 0
976 79 27
976 80 20
976 81 17
976 82 20
976 83 0
976 84 0
976 85 157
976 86 77
976 87 0
976 88 19
976 89 0
976 90 205
976 91 77
976 92 161
976 93 1
976 94 0
976 95 0
1001 1 5
1001 2 0
1001 3 39
1001 4 0
1001 5 0
1001 6 0
1001 7 23
1001 8 11
1001 9 0
1001 10 0
1001 11 45
1001 12 13
1001 13 69
1001 14 0
1001 15 0
1001 16 0
1001 17 1
1001 18 29
1001 19 0
1001 20 37
1001 21 18
1001 22 20
1001 23 0
1001 24 8
1001 25 29
1001 26 609
1001 27 0
1001 28 58
1001 29 0
1001 30 175
1001 31 13
1001 32 19
1001 33 0
1001 34 0
1001 35 65
1001 36 1
1001 37 40
1001 38 49
1001 39 40
1001 40 0
1001 41 174
1001 42 0
1001 43 12
1001 44 329
1001 45 0
1001 46 104
1001 47 0
1001 48 281
1001 49 170
1001 50 0
1001 51 44
1001 52 30
1001 53 102
1001 54 96
1001 55 0
1001 56 0
1001 57 22
1001 58 0
1001 59 26
1001 60 0
1001 61 534
1001 62 18
1001 63 140
1001 64 299
1001 65 0
1001 66 1
1001 67 0
1001 68 0
1001 69 0
1001 70 1
1001 71 37
1001 72 0
1001 73 0
1001 74 1
1001 75 25
1001 76 16
1001 77 0
1001 78 0
1001 79 25
1001 80 20
1001 81 24
1001 82 25
1001 83 0
1001 84 0
1001 85 142
1001 86 57
1001 87 0
1001 88 10
1001 89 0
1001 90 238
1001 91 78
1001 92 158
1001 93 0
1001 94 0
1001 95 3
1026 1 8
1026 2 0
1026 3 47
1026 4 0
1026 5 0
1026 6 0
1026 7 24
1026 8 9
1026 9 0
1026 10 0
1026 11 35
1026 12 13
1026 13 78
1026 14 0
1026 15 0
1026 16 0
1026 17 0
1026 18 27
1026 19 4
1026 20 42
1026 21 23
1026 22 15
1026 23 0
1026 24 7
1026 25 41
1026 26 616
1026 27 1
1026 28 52
1026 29 0
1026 30 191
1026 31 11
1026 32 26
1026 33 0
1026 34 0
1026 35 67
1026 36 0
1026 37 29
1026 38 53
1026 39 47
1026 40 0
1026 41 177
1026 42 0
1026 43 22
1026 44 323
1026 45 3
1026 46 91
1026 47 0
1026 48 279
1026 49 181
1026 50 0
1026 51 33
1026 52 24
1026 53 118
1026 54 80
1026 55 0
1026 56 1
1026 57 18
1026 58 0
1026 59 20
1026 60 2
1026 61 493
1026 62 24
1026 63 154
1026 64 277
1026 65 1
1026 66 3
1026 67 0
1026 68 0
1026 69 0
1026 70 2
1026 71 14
1026 72 0
1026 73 0
1026 74 0
1026 75 17
1026 76 19
1026 77 0
1026 78 1
1026 79 13
1026 80 26
1026 81 21
1026 82 21
1026 83 0
1026 84 11
1026 85 122
1026 86 41
1026 87 0
1026 88 20
1026 89 1
1026 90 230
1026 91 80
1026 92 152
1026 93 0
1026 94 0
1026 95 14
1051 1 17
1051 2 0
1051 3 35
1051 4 1
1051 5 0
1051 6 2
1051 7 21
1051 8 4
1051 9 0
1051 10 0
1051 11 25
1051 12 19
1051 13 111
1051 14 0
1051 15 2
1051 16 0
1051 17 1
1051 18 29
1051 19 1
1051 20 68
1051 21 15
1051 22 20
1051 23 0
1051 24 0
1051 25 44
1051 26 597
1051 27 0
1051 28 50
1051 29 1
1051 30 176
1051 31 13
1051 32 21
1051 33 1
1051 34 0
1051 35 75
1051 36 1
1051 37 30
1051 38 53
1051 39 22
1051 40 0
1051 41 177
1051 42 0
1051 43 16
1051 44 330
1051 45 4
1051 46 81
1051 47 2
1051 48 264
1051 49 213
1051 50 0
1051 51 41
1051 52 15
1051 53 120
1051 54 103
1051 55 0
1051 56 0
1051 57 20
1051 58 0
1051 59 20
1051 60 7
1051 61 500
1051 62 15
1051 63 158
1051 64 291
1051 65 0
1051 66 0
1051 67 0
1051 68 0
1051 69 0
1051 70 0
1051 71 14
1051 72 0
1051 73 0
1051 74 0
1051 75 18
1051 76 14
1051 77 0
1051 78 0
1051 79 5
1051 80 14
1051 81 19
1051 82 20
1051 83 0
1051 84 15
1051 85 150
1051 86 40
1051 87 0
1051 88 13
1051 89 0
1051 90 178
1051 91 90
1051 92 158
1051 93 0
1051 94 0
1051 95 5
1076 1 20
1076 2 0
1076 3 39
1076 4 1
1076 5 0
1076 6 0
1076 7 21
1076 8 11
1076 9 0
1076 10 0
1076 11 26
1076 12 15
1076 13 96
1076 14 2
1076 15 0
1076 16 0
1076 17 1
1076 18 24
1076 19 0
1076 20 85
1076 21 9
1076 22 23
1076 23 0
1076 24 2
1076 25 57
1076 26 606
1076 27 0
1076 28 45
1076 29 0
1076 30 175
1076 31 16
1076 32 20
1076 33 2
1076 34 2
1076 35 67
1076 36 0
1076 37 25
1076 38 60
1076 39 9
1076 40 0
1076 41 192
1076 42 0
1076 43 25
1076 44 355
1076 45 1
1076 46 90
1076 47 0
1076 48 269
1076 49 189
1076 50 0
1076 51 47
1076 52 19
1076 53 123
1076 54 123
1076 55 1
1076 56 0
1076 57 36
1076 58 0
1076 59 10
1076 60 15
1076 61 451
1076 62 21
1076 63 145
1076 64 284
1076 65 2
1076 66 0
1076 67 0
1076 68 0
1076 69 0
1076 70 0
1076 71 36
1076 72 0
1076 73 0
1076 74 0
1076 75 16
1076 76 20
1076 77 0
1076 78 0
1076 79 2
1076 80 20
1076 81 18
1076 82 17
1076 83 0
1076 84 22
1076 85 93
1076 86 40
1076 87 1
1076 88 24
1076 89 0
1076 90 145
1076 91 136
1076 92 165
1076 93 0
1076 94 0
1076 95 2
1101 1 17
1101 2 0
1101 3 36
1101 4 0
1101 5 0
1101 6 1
1101 7 25
1101 8 3
1101 9 0
1101 10 2
1101 11 19
1101 12 14
1101 13 112
1101 14 0
1101 15 0
1101 16 1
1101 17 0
1101 18 25
1101 19 1
1101 20 79
1101 21 13
1101 22 21
1101 23 0
1101 24 1
1101 25 48
1101 26 618
1101 27 0
1101 28 22
1101 29 0
1101 30 178
1101 31 10
1101 32 21
1101 33 7
1101 34 0
1101 35 82
1101 36 0
1101 37 36
1101 38 38
1101 39 4
1101 40 0
1101 41 157
1101 42 0
1101 43 13
1101 44 374
1101 45 0
1101 46 82
1101 47 2
1101 48 282
1101 49 205
1101 50 0
1101 51 41
1101 52 15
1101 53 123
1101 54 124
1101 55 0
1101 56 0
1101 57 34
1101 58 0
1101 59 24
1101 60 22
1101 61 451
1101 62 19
1101 63 141
1101 64 302
1101 65 0
1101 66 0
1101 67 0
1101 68 0
1101 69 0
1101 70 0
1101 71 47
1101 72 0
1101 73 0
1101 74 0
1101 75 8
1101 76 17
1101 77 0
1101 78 0
1101 79 0
1101 80 20
1101 81 19
1101 82 27
1101 83 0
1101 84 24
1101 85 87
1101 86 75
1101 87 0
1101 88 19
1101 89 1
1101 90 158
1101 91 139
1101 92 168
1101 93 3
1101 94 1
1101 95 0
1126 1 21
1126 2 4
1126 3 39
1126 4 0
1126 5 2
1126 6 1
1126 7 21
1126 8 2
1126 9 0
1126 10 0
1126 11 28
1126 12 21
1126 13 109
1126 14 1
1126 15 0
1126 16 0
1126 17 0
1126 18 27
1126 19 0
1126 20 75
1126 21 11
1126 22 20
1126 23 4
1126 24 0
1126 25 42
1126 26 618
1126 27 0
1126 28 31
1126 29 0
1126 30 173
1126 31 27
1126 32 24
1126 33 8
1126 34 0
1126 35 93
1126 36 0
1126 37 43
1126 38 44
1126 39 0
1126 40 5
1126 41 144
1126 42 2
1126 43 10
1126 44 374
1126 45 0
1126 46 76
1126 47 0
1126 48 280
1126 49 218
1126 50 0
1126 51 37
1126 52 21
1126 53 115
1126 54 116
1126 55 0
1126 56 0
1126 57 37
1126 58 1
1126 59 29
1126 60 20
1126 61 464
1126 62 16
1126 63 137
1126 64 267
1126 65 0
1126 66 0
1126 67 1
1126 68 0
1126 69 0
1126 70 0
1126 71 50
1126 72 0
1126 73 0
1126 74 0
1126 75 13
1126 76 14
1126 77 1
1126 78 0
1126 79 0
1126 80 19
1126 81 19
1126 82 22
1126 83 0
1126 84 21
1126 85 95
1126 86 77
1126 87 1
1126 88 19
1126 89 0
1126 90 143
1126 91 144
1126 92 167
1126 93 0
1126 94 0
1126 95 0
1151 1 23
1151 2 0
1151 3 40
1151 4 0
1151 5 0
1151 6 1
1151 7 20
1151 8 0
1151 9 0
1151 10 0
1151 11 20
1151 12 20
1151 13 84
1151 14 0
1151 15 0
1151 16 1
1151 17 0
1151 18 31
1151 19 0
1151 20 74
1151 21 11
1151 22 21
1151 23 1
1151 24 0
1151 25 60
1151 26 600
1151 27 0
1151 28 11
1151 29 1
1151 30 208
1151 31 30
1151 32 19
1151 33 0
1151 34 0
1151 35 96
1151 36 18
1151 37 31
1151 38 29
1151 39 1
1151 40 0
1151 41 147
1151 42 23
1151 43 17
1151 44 369
1151 45 0
1151 46 80
1151 47 0
1151 48 290
1151 49 218
1151 50 0
1151 51 44
1151 52 21
1151 53 143
1151 54 93
1151 55 0
1151 56 0
1151 57 22
1151 58 0
1151 59 13
1151 60 19
1151 61 463
1151 62 20
1151 63 121
1151 64 268
1151 65 9
1151 66 0
1151 67 0
1151 68 2
1151 69 0
1151 70 0
1151 71 31
1151 72 1
1151 73 0
1151 74 0
1151 75 10
1151 76 18
1151 77 0
1151 78 0
1151 79 0
1151 80 24
1151 81 20
1151 82 18
1151 83 1
1151 84 18
1151 85 114
1151 86 70
1151 87 0
1151 88 16
1151 89 0
1151 90 152
1151 91 114
1151 92 145
1151 93 0
1151 94 0
1151 95 0
1176 1 17
1176 2 0
1176 3 40
1176 4 0
1176 5 3
1176 6 0
1176 7 21
1176 8 0
1176 9 0
1176 10 3
1176 11 11
1176 12 22
1176 13 96
1176 14 0
1176 15 1
1176 16 1
1176 17 1
1176 18 27
1176 19 0
1176 20 69
1176 21 4
1176 22 20
1176 23 0
1176 24 0
1176 25 47
1176 26 613
1176 27 0
1176 28 17
1176 29 0
1176 30 233
1176 31 35
1176 32 19
1176 33 3
1176 34 0
1176 35 74
1176 36 31
1176 37 39
1176 38 45
1176 39 0
1176 40 0
1176 41 169
1176 42 22
1176 43 3
1176 44 359
1176 45 1
1176 46 85
1176 47 0
1176 48 269
1176 49 225
1176 50 1
1176 51 36
1176 52 24
1176 53 144
1176 54 87
1176 55 0
1176 56 0
1176 57 7
1176 58 0
1176 59 12
1176 60 20
1176 61 484
1176 62 25
1176 63 148
1176 64 251
1176 65 12
1176 66 0
1176 67 0
1176 68 0
1176 69 0
1176 70 0
1176 71 23
1176 72 0
1176 73 0
1176 74 0
1176 75 0
1176 76 15
1176 77 1
1176 78 0
1176 79 0
1176 80 21
1176 81 22
1176 82 21
1176 83 0
1176 84 24
1176 85 120
1176 86 78
1176 87 0
1176 88 17
1176 89 0
1176 90 150
1176 91 116
1176 92 134
1176 93 0
1176 94 3
1176 95 1
1201 1 13
1201 2 0
1201 3 36
1201 4 0
1201 5 2
1201 6 0
1201 7 22
1201 8 0
1201 9 0
1201 10 45
1201 11 20
1201 12 26
1201 13 101
1201 14 0
1201 15 0
1201 16 0
1201 17 0
1201 18 34
1201 19 0
1201 20 67
1201 21 14
1201 22 22
1201 23 0
1201 24 0
1201 25 54
1201 26 619
1201 27 0
1201 28 29
1201 29 0
1201 30 238
1201 31 20
1201 32 0
1201 33 2
1201 34 1
1201 35 92
1201 36 29
1201 37 46
1201 38 56
1201 39 0
1201 40 0
1201 41 146
1201 42 21
1201 43 5
1201 44 350
1201 45 0
1201 46 79
1201 47 0
1201 48 269
1201 49 225
1201 50 0
1201 51 38
1201 52 10
1201 53 158
1201 54 76
1201 55 0
1201 56 0
1201 57 0
1201 58 0
1201 59 7
1201 60 14
1201 61 516
1201 62 28
1201 63 136
1201 64 250
1201 65 10
1201 66 0
1201 67 0
1201 68 0
1201 69 2
1201 70 0
1201 71 10
1201 72 0
1201 73 0
1201 74 2
1201 75 0
1201 76 0
1201 77 0
1201 78 0
1201 79 1
1201 80 20
1201 81 20
1201 82 20
1201 83 0
1201 84 22
1201 85 98
1201 86 66
1201 87 0
1201 88 22
1201 89 0
1201 90 146
1201 91 114
1201 92 120
1201 93 0
1201 94 0
1201 95 0
1226 1 20
1226 2 0
1226 3 42
1226 4 0
1226 5 0
1226 6 1
1226 7 20
1226 8 0
1226 9 1
1226 10 38
1226 11 19
1226 12 37
1226 13 101
1226 14 0
1226 15 11
1226 16 0
1226 17 0
1226 18 33
1226 19 0
1226 20 62
1226 21 13
1226 22 25
1226 23 1
1226 24 0
1226 25 52
1226 26 638
1226 27 0
1226 28 24
1226 29 1
1226 30 258
1226 31 19
1226 32 0
1226 33 4
1226 34 1
1226 35 108
1226 36 30
1226 37 46
1226 38 43
1226 39 0
1226 40 0
1226 41 141
1226 42 22
1226 43 0
1226 44 391
1226 45 0
1226 46 78
1226 47 0
1226 48 279
1226 49 172
1226 50 0
1226 51 39
1226 52 1
1226 53 140
1226 54 84
1226 55 0
1226 56 0
1226 57 0
1226 58 0
1226 59 3
1226 60 20
1226 61 495
1226 62 26
1226 63 139
1226 64 270
1226 65 16
1226 66 0
1226 67 0
1226 68 0
1226 69 0
1226 70 0
1226 71 15
1226 72 0
1226 73 0
1226 74 0
1226 75 0
1226 76 1
1226 77 1
1226 78 0
1226 79 0
1226 80 26
1226 81 20
1226 82 19
1226 83 0
1226 84 38
1226 85 91
1226 86 118
1226 87 0
1226 88 21
1226 89 0
1226 90 111
1226 91 125
1226 92 117
1226 93 0
1226 94 0
1226 95 1
1251 1 17
1251 2 0
1251 3 45
1251 4 1
1251 5 0
1251 6 0
1251 7 19
1251 8 0
1251 9 0
1251 10 61
1251 11 20
1251 12 39
1251 13 82
1251 14 0
1251 15 12
1251 16 0
1251 17 1
1251 18 30
1251 19 0
1251 20 65
1251 21 9
1251 22 23
1251 23 3
1251 24 0
1251 25 58
1251 26 693
1251 27 0
1251 28 24
1251 29 0
1251 30 244
1251 31 34
1251 32 0
1251 33 0
1251 34 1
1251 35 86
1251 36 33
1251 37 51
1251 38 47
1251 39 0
1251 40 0
1251 41 156
1251 42 22
1251 43 0
1251 44 329
1251 45 0
1251 46 63
1251 47 1
1251 48 298
1251 49 190
1251 50 1
1251 51 39
1251 52 0
1251 53 137
1251 54 94
1251 55 0
1251 56 1
1251 57 0
1251 58 0
1251 59 2
1251 60 21
1251 61 494
1251 62 26
1251 63 119
1251 64 297
1251 65 1
1251 66 1
1251 67 0
1251 68 0
1251 69 0
1251 70 1
1251 71 12
1251 72 0
1251 73 0
1251 74 0
1251 75 1
1251 76 1
1251 77 0
1251 78 1
1251 79 1
1251 80 16
1251 81 18
1251 82 13
1251 83 0
1251 84 17
1251 85 123
1251 86 115
1251 87 0
1251 88 18
1251 89 0
1251 90 90
1251 91 119
1251 92 121
1251 93 1
1251 94 8
1251 95 8
1276 1 24
1276 2 0
1276 3 47
1276 4 0
1276 5 0
1276 6 0
1276 7 25
1276 8 0
1276 9 0
1276 10 70
1276 11 18
1276 12 37
1276 13 75
1276 14 0
1276 15 17
1276 16 0
1276 17 0
1276 18 28
1276 19 0
1276 20 62
1276 21 14
1276 22 28
1276 23 1
1276 24 0
1276 25 36
1276 26 675
1276 27 0
1276 28 24
1276 29 0
1276 30 240
1276 31 31
1276 32 0
1276 33 0
1276 34 0
1276 35 73
1276 36 30
1276 37 37
1276 38 45
1276 39 0
1276 40 0
1276 41 136
1276 42 29
1276 43 0
1276 44 355
1276 45 1
1276 46 72
1276 47 1
1276 48 334
1276 49 169
1276 50 0
1276 51 34
1276 52 0
1276 53 115
1276 54 86
1276 55 0
1276 56 0
1276 57 0
1276 58 0
1276 59 0
1276 60 23
1276 61 502
1276 62 19
1276 63 125
1276 64 301
1276 65 0
1276 66 0
1276 67 0
1276 68 0
1276 69 0
1276 70 0
1276 71 20
1276 72 1
1276 73 1
1276 74 0
1276 75 2
1276 76 0
1276 77 1
1276 78 0
1276 79 5
1276 80 15
1276 81 18
1276 82 0
1276 83 0
1276 84 13
1276 85 113
1276 86 110
1276 87 0
1276 88 20
1276 89 0
1276 90 99
1276 91 115
1276 92 128
1276 93 0
1276 94 20
1276 95 9
1301 1 21
1301 2 0
1301 3 66
1301 4 1
1301 5 1
1301 6 0
1301 7 20
1301 8 0
1301 9 0
1301 10 63
1301 11 20
1301 12 40
1301 13 83
1301 14 0
1301 15 13
1301 16 0
1301 17 0
1301 18 25
1301 19 1
1301 20 65
1301 21 12
1301 22 28
1301 23 0
1301 24 0
1301 25 45
1301 26 667
1301 27 1
1301 28 25
1301 29 0
1301 30 256
1301 31 5
1301 32 0
1301 33 1
1301 34 0
1301 35 91
1301 36 35
1301 37 43
1301 38 55
1301 39 0
1301 40 0
1301 41 144
1301 42 29
1301 43 0
1301 44 377
1301 45 0
1301 46 77
1301 47 0
1301 48 309
1301 49 142
1301 50 0
1301 51 40
1301 52 0
1301 53 99
1301 54 93
1301 55 0
1301 56 12
1301 57 0
1301 58 0
1301 59 0
1301 60 21
1301 61 531
1301 62 21
1301 63 106
1301 64 281
1301 65 0
1301 66 2
1301 67 0
1301 68 6
1301 69 1
1301 70 0
1301 71 21
1301 72 0
1301 73 0
1301 74 0
1301 75 1
1301 76 0
1301 77 0
1301 78 0
1301 79 0
1301 80 18
1301 81 17
1301 82 0
1301 83 0
1301 84 9
1301 85 98
1301 86 107
1301 87 0
1301 88 17
1301 89 0
1301 90 110
1301 91 126
1301 92 126
1301 93 0
1301 94 15
1301 95 7
1326 1 24
1326 2 0
1326 3 57
1326 4 0
1326 5 0
1326 6 1
1326 7 17
1326 8 0
1326 9 0
1326 10 59
1326 11 16
1326 12 41
1326 13 100
1326 14 0
1326 15 18
1326 16 0
1326 17 0
1326 18 34
1326 19 0
1326 20 80
1326 21 11
1326 22 18
1326 23 0
1326 24 0
1326 25 47
1326 26 646
1326 27 0
1326 28 22
1326 29 0
1326 30 249
1326 31 0
1326 32 0
1326 33 0
1326 34 0
1326 35 72
1326 36 32
1326 37 33
1326 38 73
1326 39 0
1326 40 0
1326 41 164
1326 42 24
1326 43 0
1326 44 390
1326 45 0
1326 46 126
1326 47 0
1326 48 291
1326 49 141
1326 50 0
1326 51 38
1326 52 0
1326 53 86
1326 54 90
1326 55 3
1326 56 22
1326 57 0
1326 58 0
1326 59 0
1326 60 20
1326 61 564
1326 62 25
1326 63 104
1326 64 282
1326 65 0
1326 66 0
1326 67 0
1326 68 0
1326 69 0
1326 70 0
1326 71 15
1326 72 0
1326 73 0
1326 74 0
1326 75 0
1326 76 0
1326 77 0
1326 78 0
1326 79 0
1326 80 17
1326 81 20
1326 82 0
1326 83 0
1326 84 7
1326 85 101
1326 86 81
1326 87 0
1326 88 27
1326 89 1
1326 90 104
1326 91 137
1326 92 125
1326 93 0
1326 94 16
1326 95 13
1351 1 23
1351 2 0
1351 3 50
1351 4 0
1351 5 0
1351 6 1
1351 7 17
1351 8 0
1351 9 0
1351 10 65
1351 11 19
1351 12 42
1351 13 113
1351 14 0
1351 15 9
1351 16 0
1351 17 3
1351 18 23
1351 19 0
1351 20 87
1351 21 8
1351 22 18
1351 23 0
1351 24 0
1351 25 51
1351 26 629
1351 27 0
1351 28 26
1351 29 0
1351 30 253
1351 31 0
1351 32 0
1351 33 0
1351 34 10
1351 35 92
1351 36 45
1351 37 37
1351 38 55
1351 39 0
1351 40 1
1351 41 134
1351 42 17
1351 43 0
1351 44 383
1351 45 0
1351 46 120
1351 47 0
1351 48 318
1351 49 141
1351 50 0
1351 51 44
1351 52 0
1351 53 84
1351 54 77
1351 55 0
1351 56 3
1351 57 0
1351 58 0
1351 59 0
1351 60 21
1351 61 523
1351 62 21
1351 63 137
1351 64 287
1351 65 1
1351 66 0
1351 67 0
1351 68 0
1351 69 0
1351 70 0
1351 71 20
1351 72 0
1351 73 0
1351 74 6
1351 75 0
1351 76 1
1351 77 0
1351 78 0
1351 79 0
1351 80 19
1351 81 21
1351 82 0
1351 83 0
1351 84 3
1351 85 103
1351 86 75
1351 87 0
1351 88 23
1351 89 0
1351 90 121
1351 91 143
1351 92 121
1351 93 0
1351 94 11
1351 95 19
1376 1 22
1376 2 1
1376 3 37
1376 4 3
1376 5 0
1376 6 0
1376 7 17
1376 8 0
1376 9 1
1376 10 38
1376 11 17
1376 12 34
1376 13 127
1376 14 0
1376 15 10
1376 16 0
1376 17 0
1376 18 24
1376 19 0
1376 20 62
1376 21 12
1376 22 22
1376 23 0
1376 24 1
1376 25 47
1376 26 613
1376 27 0
1376 28 20
1376 29 0
1376 30 253
1376 31 0
1376 32 0
1376 33 0
1376 34 0
1376 35 81
1376 36 30
1376 37 39
1376 38 47
1376 39 0
1376 40 2
1376 41 154
1376 42 20
1376 43 14
1376 44 347
1376 45 0
1376 46 116
1376 47 5
1376 48 324
1376 49 150
1376 50 1
1376 51 42
1376 52 0
1376 53 84
1376 54 79
1376 55 0
1376 56 0
1376 57 0
1376 58 0
1376 59 0
1376 60 18
1376 61 558
1376 62 18
1376 63 115
1376 64 292
1376 65 0
1376 66 0
1376 67 0
1376 68 0
1376 69 2
1376 70 0
1376 71 26
1376 72 0
1376 73 0
1376 74 3
1376 75 0
1376 76 0
1376 77 0
1376 78 0
1376 79 2
1376 80 28
1376 81 22
1376 82 0
1376 83 4
1376 84 0
1376 85 108
1376 86 78
1376 87 0
1376 88 31
1376 89 0
1376 90 108
1376 91 144
1376 92 120
1376 93 0
1376 94 14
1376 95 29
1401 1 6
1401 2 0
1401 3 37
1401 4 1
1401 5 0
1401 6 0
1401 7 16
1401 8 0
1401 9 0
1401 10 37
1401 11 25
1401 12 37
1401 13 115
1401 14 0
1401 15 11
1401 16 1
1401 17 1
1401 18 23
1401 19 5
1401 20 49
1401 21 16
1401 22 19
1401 23 0
1401 24 0
1401 25 47
1401 26 629
1401 27 1
1401 28 12
1401 29 0
1401 30 256
1401 31 0
1401 32 0
1401 33 0
1401 34 0
1401 35 95
1401 36 33
1401 37 39
1401 38 38
1401 39 0
1401 40 3
1401 41 167
1401 42 22
1401 43 18
1401 44 375
1401 45 0
1401 46 119
1401 47 9
1401 48 303
1401 49 169
1401 50 0
1401 51 36
1401 52 0
1401 53 88
1401 54 82
1401 55 0
1401 56 0
1401 57 18
1401 58 0
1401 59 0
1401 60 21
1401 61 583
1401 62 15
1401 63 118
1401 64 282
1401 65 0
1401 66 0
1401 67 0
1401 68 1
1401 69 0
1401 70 0
1401 71 14
1401 72 0
1401 73 4
1401 74 10
1401 75 0
1401 76 0
1401 77 0
1401 78 15
1401 79 0
1401 80 21
1401 81 20
1401 82 0
1401 83 8
1401 84 0
1401 85 120
1401 86 75
1401 87 0
1401 88 19
1401 89 1
1401 90 121
1401 91 135
1401 92 113
1401 93 0
1401 94 16
1401 95 28
1426 1 0
1426 2 0
1426 3 39
1426 4 1
1426 5 0
1426 6 0
1426 7 4
1426 8 0
1426 9 1
1426 10 41
1426 11 22
1426 12 35
1426 13 85
1426 14 0
1426 15 10
1426 16 1
1426 17 1
1426 18 39
1426 19 23
1426 20 44
1426 21 17
1426 22 26
1426 23 0
1426 24 0
1426 25 48
1426 26 658
1426 27 0
1426 28 0
1426 29 0
1426 30 245
1426 31 29
1426 32 0
1426 33 0
1426 34 0
1426 35 91
1426 36 36
1426 37 38
1426 38 47
1426 39 0
1426 40 7
1426 41 177
1426 42 23
1426 43 11
1426 44 362
1426 45 0
1426 46 111
1426 47 23
1426 48 319
1426 49 168
1426 50 0
1426 51 41
1426 52 0
1426 53 71
1426 54 87
1426 55 0
1426 56 0
1426 57 17
1426 58 0
1426 59 1
1426 60 16
1426 61 581
1426 62 16
1426 63 109
1426 64 280
1426 65 1
1426 66 1
1426 67 0
1426 68 1
1426 69 0
1426 70 0
1426 71 9
1426 72 2
1426 73 0
1426 74 17
1426 75 0
1426 76 0
1426 77 0
1426 78 18
1426 79 13
1426 80 21
1426 81 21
1426 82 0
1426 83 0
1426 84 1
1426 85 94
1426 86 74
1426 87 0
1426 88 18
1426 89 0
1426 90 132
1426 91 131
1426 92 119
1426 93 0
1426 94 19
1426 95 3
1451 1 1
1451 2 1
1451 3 29
1451 4 1
1451 5 0
1451 6 0
1451 7 0
1451 8 0
1451 9 2
1451 10 40
1451 11 23
1451 12 38
1451 13 73
1451 14 0
1451 15 14
1451 16 0
1451 17 0
1451 18 21
1451 19 21
1451 20 35
1451 21 15
1451 22 23
1451 23 0
1451 24 0
1451 25 41
1451 26 665
1451 27 0
1451 28 0
1451 29 0
1451 30 237
1451 31 33
1451 32 0
1451 33 0
1451 34 4
1451 35 104
1451 36 33
1451 37 40
1451 38 48
1451 39 0
1451 40 8
1451 41 161
1451 42 29
1451 43 19
1451 44 394
1451 45 0
1451 46 116
1451 47 27
1451 48 290
1451 49 131
1451 50 0
1451 51 62
1451 52 0
1451 53 58
1451 54 98
1451 55 0
1451 56 0
1451 57 20
1451 58 0
1451 59 0
1451 60 17
1451 61 600
1451 62 12
1451 63 104
1451 64 262
1451 65 0
1451 66 1
1451 67 0
1451 68 0
1451 69 0
1451 70 0
1451 71 25
1451 72 0
1451 73 2
1451 74 23
1451 75 0
1451 76 1
1451 77 0
1451 78 21
1451 79 20
1451 80 18
1451 81 34
1451 82 1
1451 83 0
1451 84 1
1451 85 102
1451 86 81
1451 87 0
1451 88 10
1451 89 0
1451 90 116
1451 91 114
1451 92 119
1451 93 0
1451 94 19
1451 95 0
1476 1 0
1476 2 0
1476 3 38
1476 4 0
1476 5 0
1476 6 1
1476 7 0
1476 8 0
1476 9 2
1476 10 35
1476 11 22
1476 12 36
1476 13 73
1476 14 0
1476 15 1
1476 16 0
1476 17 0
1476 18 32
1476 19 14
1476 20 38
1476 21 16
1476 22 19
1476 23 0
1476 24 0
1476 25 30
1476 26 666
1476 27 0
1476 28 0
1476 29 0
1476 30 237
1476 31 35
1476 32 0
1476 33 0
1476 34 3
1476 35 81
1476 36 31
1476 37 38
1476 38 40
1476 39 0
1476 40 15
1476 41 177
1476 42 23
1476 43 18
1476 44 372
1476 45 0
1476 46 106
1476 47 12
1476 48 300
1476 49 146
1476 50 1
1476 51 56
1476 52 0
1476 53 57
1476 54 92
1476 55 0
1476 56 0
1476 57 21
1476 58 0
1476 59 0
1476 60 20
1476 61 601
1476 62 21
1476 63 97
1476 64 266
1476 65 1
1476 66 0
1476 67 0
1476 68 0
1476 69 0
1476 70 1
1476 71 8
1476 72 0
1476 73 2
1476 74 23
1476 75 0
1476 76 0
1476 77 0
1476 78 19
1476 79 21
1476 80 27
1476 81 43
1476 82 0
1476 83 1
1476 84 1
1476 85 110
1476 86 74
1476 87 0
1476 88 22
1476 89 19
1476 90 136
1476 91 115
1476 92 126
1476 93 1
1476 94 23
1476 95 1
1501 1 0
1501 2 0
1501 3 23
1501 4 0
1501 5 0
1501 6 1
1501 7 1
1501 8 0
1501 9 1
1501 10 37
1501 11 12
1501 12 28
1501 13 80
1501 14 0
1501 15 0
1501 16 0
1501 17 0
1501 18 20
1501 19 19
1501 20 37
1501 21 23
1501 22 18
1501 23 0
1501 24 19
1501 25 38
1501 26 661
1501 27 0
1501 28 0
1501 29 0
1501 30 262
1501 31 33
1501 32 0
1501 33 0
1501 34 2
1501 35 85
1501 36 30
1501 37 37
1501 38 57
1501 39 0
1501 40 7
1501 41 162
1501 42 31
1501 43 19
1501 44 343
1501 45 0
1501 46 109
1501 47 29
1501 48 283
1501 49 165
1501 50 0
1501 51 61
1501 52 0
1501 53 63
1501 54 91
1501 55 0
1501 56 0
1501 57 18
1501 58 1
1501 59 0
1501 60 0
1501 61 606
1501 62 24
1501 63 109
1501 64 232
1501 65 0
1501 66 8
1501 67 0
1501 68 0
1501 69 0
1501 70 0
1501 71 42
1501 72 0
1501 73 0
1501 74 11
1501 75 0
1501 76 0
1501 77 0
1501 78 21
1501 79 27
1501 80 20
1501 81 48
1501 82 0
1501 83 0
1501 84 0
1501 85 100
1501 86 53
1501 87 0
1501 88 16
1501 89 13
1501 90 141
1501 91 103
1501 92 120
1501 93 0
1501 94 32
1501 95 0
1526 1 0
1526 2 0
1526 3 17
1526 4 0
1526 5 0
1526 6 0
1526 7 0
1526 8 0
1526 9 0
1526 10 38
1526 11 13
1526 12 47
1526 13 101
1526 14 0
1526 15 0
1526 16 0
1526 17 0
1526 18 46
1526 19 18
1526 20 29
1526 21 8
1526 22 16
1526 23 0
1526 24 21
1526 25 15
1526 26 691
1526 27 0
1526 28 0
1526 29 0
1526 30 254
1526 31 20
1526 32 0
1526 33 3
1526 34 34
1526 35 96
1526 36 29
1526 37 37
1526 38 57
1526 39 0
1526 40 9
1526 41 154
1526 42 16
1526 43 7
1526 44 377
1526 45 0
1526 46 119
1526 47 11
1526 48 268
1526 49 152
1526 50 2
1526 51 42
1526 52 0
1526 53 70
1526 54 77
1526 55 0
1526 56 0
1526 57 21
1526 58 1
1526 59 0
1526 60 0
1526 61 564
1526 62 21
1526 63 127
1526 64 252
1526 65 0
1526 66 0
1526 67 0
1526 68 0
1526 69 0
1526 70 0
1526 71 30
1526 72 0
1526 73 2
1526 74 7
1526 75 0
1526 76 0
1526 77 0
1526 78 16
1526 79 22
1526 80 23
1526 81 43
1526 82 0
1526 83 0
1526 84 0
1526 85 112
1526 86 56
1526 87 0
1526 88 24
1526 89 14
1526 90 144
1526 91 82
1526 92 119
1526 93 0
1526 94 30
1526 95 0
1551 1 0
1551 2 1
1551 3 28
1551 4 6
1551 5 0
1551 6 0
1551 7 0
1551 8 0
1551 9 2
1551 10 38
1551 11 14
1551 12 33
1551 13 85
1551 14 0
1551 15 3
1551 16 3
1551 17 0
1551 18 60
1551 19 20
1551 20 40
1551 21 16
1551 22 20
1551 23 0
1551 24 15
1551 25 4
1551 26 716
1551 27 0
1551 28 0
1551 29 0
1551 30 288
1551 31 27
1551 32 1
1551 33 1
1551 34 49
1551 35 105
1551 36 33
1551 37 32
1551 38 55
1551 39 0
1551 40 2
1551 41 155
1551 42 29
1551 43 20
1551 44 349
1551 45 0
1551 46 111
1551 47 7
1551 48 263
1551 49 138
1551 50 1
1551 51 48
1551 52 0
1551 53 79
1551 54 97
1551 55 0
1551 56 0
1551 57 19
1551 58 0
1551 59 0
1551 60 0
1551 61 546
1551 62 21
1551 63 137
1551 64 224
1551 65 0
1551 66 0
1551 67 1
1551 68 0
1551 69 0
1551 70 0
1551 71 20
1551 72 0
1551 73 0
1551 74 19
1551 75 0
1551 76 0
1551 77 1
1551 78 16
1551 79 23
1551 80 24
1551 81 48
1551 82 0
1551 83 0
1551 84 0
1551 85 101
1551 86 44
1551 87 1
1551 88 18
1551 89 20
1551 90 139
1551 91 83
1551 92 117
1551 93 0
1551 94 32
1551 95 0
1576 1 0
1576 2 0
1576 3 35
1576 4 3
1576 5 0
1576 6 0
1576 7 0
1576 8 0
1576 9 1
1576 10 41
1576 11 17
1576 12 38
1576 13 89
1576 14 0
1576 15 9
1576 16 18
1576 17 0
1576 18 87
1576 19 13
1576 20 32
1576 21 10
1576 22 24
1576 23 0
1576 24 15
1576 25 0
1576 26 712
1576 27 0
1576 28 0
1576 29 0
1576 30 273
1576 31 15
1576 32 0
1576 33 0
1576 34 64
1576 35 89
1576 36 27
1576 37 18
1576 38 41
1576 39 0
1576 40 7
1576 41 172
1576 42 31
1576 43 11
1576 44 343
1576 45 0
1576 46 120
1576 47 10
1576 48 285
1576 49 156
1576 50 0
1576 51 45
1576 52 0
1576 53 64
1576 54 105
1576 55 0
1576 56 0
1576 57 22
1576 58 0
1576 59 0
1576 60 0
1576 61 587
1576 62 23
1576 63 143
1576 64 211
1576 65 0
1576 66 0
1576 67 0
1576 68 8
1576 69 0
1576 70 0
1576 71 18
1576 72 0
1576 73 0
1576 74 17
1576 75 2
1576 76 0
1576 77 0
1576 78 21
1576 79 20
1576 80 17
1576 81 35
1576 82 0
1576 83 0
1576 84 1
1576 85 89
1576 86 41
1576 87 0
1576 88 16
1576 89 15
1576 90 131
1576 91 88
1576 92 76
1576 93 0
1576 94 29
1576 95 0
1601 1 0
1601 2 1
1601 3 36
1601 4 1
1601 5 0
1601 6 0
1601 7 0
1601 8 0
1601 9 0
1601 10 39
1601 11 19
1601 12 42
1601 13 80
1601 14 1
1601 15 7
1601 16 20
1601 17 0
1601 18 103
1601 19 20
1601 20 43
1601 21 10
1601 22 19
1601 23 0
1601 24 21
1601 25 2
1601 26 697
1601 27 0
1601 28 0
1601 29 0
1601 30 280
1601 31 18
1601 32 0
1601 33 0
1601 34 62
1601 35 85
1601 36 25
1601 37 2
1601 38 40
1601 39 3
1601 40 11
1601 41 154
1601 42 23
1601 43 13
1601 44 337
1601 45 0
1601 46 109
1601 47 12
1601 48 255
1601 49 171
1601 50 0
1601 51 24
1601 52 0
1601 53 61
1601 54 102
1601 55 15
1601 56 1
1601 57 18
1601 58 0
1601 59 1
1601 60 0
1601 61 592
1601 62 25
1601 63 150
1601 64 244
1601 65 0
1601 66 0
1601 67 0
1601 68 20
1601 69 1
1601 70 0
1601 71 22
1601 72 0
1601 73 0
1601 74 19
1601 75 1
1601 76 1
1601 77 0
1601 78 17
1601 79 20
1601 80 20
1601 81 33
1601 82 0
1601 83 0
1601 84 1
1601 85 120
1601 86 33
1601 87 0
1601 88 21
1601 89 20
1601 90 162
1601 91 88
1601 92 53
1601 93 5
1601 94 31
1601 95 0
1626 1 0
1626 2 1
1626 3 38
1626 4 1
1626 5 0
1626 6 0
1626 7 0
1626 8 0
1626 9 0
1626 10 44
1626 11 10
1626 12 32
1626 13 96
1626 14 1
1626 15 0
1626 16 11
1626 17 0
1626 18 98
1626 19 19
1626 20 41
1626 21 19
1626 22 20
1626 23 0
1626 24 15
1626 25 0
1626 26 710
1626 27 1
1626 28 0
1626 29 0
1626 30 272
1626 31 18
1626 32 0
1626 33 2
1626 34 59
1626 35 100
1626 36 35
1626 37 0
1626 38 50
1626 39 1
1626 40 7
1626 41 141
1626 42 17
1626 43 11
1626 44 354
1626 45 0
1626 46 102
1626 47 19
1626 48 271
1626 49 128
1626 50 0
1626 51 20
1626 52 0
1626 53 64
1626 54 82
1626 55 16
1626 56 0
1626 57 19
1626 58 0
1626 59 1
1626 60 0
1626 61 630
1626 62 25
1626 63 134
1626 64 232
1626 65 0
1626 66 0
1626 67 1
1626 68 20
1626 69 0
1626 70 0
1626 71 19
1626 72 0
1626 73 0
1626 74 16
1626 75 0
1626 76 0
1626 77 0
1626 78 13
1626 79 28
1626 80 22
1626 81 35
1626 82 0
1626 83 0
1626 84 0
1626 85 130
1626 86 41
1626 87 0
1626 88 20
1626 89 21
1626 90 161
1626 91 90
1626 92 51
1626 93 0
1626 94 33
1626 95 0
1651 1 1
1651 2 1
1651 3 69
1651 4 0
1651 5 1
1651 6 0
1651 7 0
1651 8 0
1651 9 0
1651 10 41
1651 11 20
1651 12 34
1651 13 87
1651 14 1
1651 15 0
1651 16 16
1651 17 0
1651 18 104
1651 19 19
1651 20 39
1651 21 12
1651 22 22
1651 23 0
1651 24 16
1651 25 0
1651 26 725
1651 27 0
1651 28 0
1651 29 1
1651 30 237
1651 31 18
1651 32 0
1651 33 1
1651 34 39
1651 35 92
1651 36 27
1651 37 0
1651 38 53
1651 39 0
1651 40 7
1651 41 122
1651 42 25
1651 43 12
1651 44 334
1651 45 0
1651 46 96
1651 47 17
1651 48 245
1651 49 128
1651 50 0
1651 51 17
1651 52 0
1651 53 57
1651 54 106
1651 55 15
1651 56 1
1651 57 15
1651 58 0
1651 59 0
1651 60 0
1651 61 606
1651 62 21
1651 63 180
1651 64 241
1651 65 0
1651 66 0
1651 67 0
1651 68 24
1651 69 2
1651 70 0
1651 71 19
1651 72 0
1651 73 0
1651 74 18
1651 75 0
1651 76 0
1651 77 0
1651 78 20
1651 79 23
1651 80 21
1651 81 33
1651 82 0
1651 83 0
1651 84 0
1651 85 150
1651 86 39
1651 87 0
1651 88 19
1651 89 20
1651 90 164
1651 91 81
1651 92 52
1651 93 0
1651 94 31
1651 95 0
1676 1 0
1676 2 1
1676 3 77
1676 4 3
1676 5 3
1676 6 20
1676 7 0
1676 8 0
1676 9 0
1676 10 45
1676 11 22
1676 12 43
1676 13 81
1676 14 1
1676 15 0
1676 16 15
1676 17 0
1676 18 109
1676 19 18
1676 20 37
1676 21 10
1676 22 19
1676 23 1
1676 24 18
1676 25 0
1676 26 755
1676 27 0
1676 28 1
1676 29 0
1676 30 248
1676 31 20
1676 32 0
1676 33 0
1676 34 15
1676 35 79
1676 36 32
1676 37 0
1676 38 46
1676 39 0
1676 40 0
1676 41 132
1676 42 27
1676 43 11
1676 44 335
1676 45 0
1676 46 112
1676 47 9
1676 48 282
1676 49 104
1676 50 0
1676 51 18
1676 52 0
1676 53 53
1676 54 103
1676 55 24
1676 56 1
1676 57 21
1676 58 0
1676 59 1
1676 60 2
1676 61 563
1676 62 23
1676 63 183
1676 64 239
1676 65 3
1676 66 0
1676 67 1
1676 68 27
1676 69 1
1676 70 0
1676 71 10
1676 72 0
1676 73 1
1676 74 16
1676 75 0
1676 76 0
1676 77 0
1676 78 11
1676 79 22
1676 80 23
1676 81 43
1676 82 0
1676 83 0
1676 84 0
1676 85 157
1676 86 41
1676 87 0
1676 88 20
1676 89 16
1676 90 171
1676 91 83
1676 92 44
1676 93 0
1676 94 29
1676 95 1
1701 1 0
1701 2 0
1701 3 79
1701 4 0
1701 5 0
1701 6 24
1701 7 0
1701 8 0
1701 9 0
1701 10 31
1701 11 47
1701 12 34
1701 13 65
1701 14 0
1701 15 0
1701 16 22
1701 17 0
1701 18 110
1701 19 17
1701 20 36
1701 21 15
1701 22 19
1701 23 0
1701 24 21
1701 25 0
1701 26 762
1701 27 0
1701 28 5
1701 29 0
1701 30 222
1701 31 10
1701 32 0
1701 33 0
1701 34 22
1701 35 75
1701 36 30
1701 37 1
1701 38 48
1701 39 0
1701 40 0
1701 41 137
1701 42 9
1701 43 8
1701 44 313
1701 45 0
1701 46 112
1701 47 20
1701 48 295
1701 49 174
1701 50 0
1701 51 14
1701 52 0
1701 53 58
1701 54 81
1701 55 27
1701 56 0
1701 57 14
1701 58 0
1701 59 0
1701 60 1
1701 61 633
1701 62 36
1701 63 177
1701 64 219
1701 65 5
1701 66 0
1701 67 11
1701 68 19
1701 69 7
1701 70 1
1701 71 26
1701 72 0
1701 73 0
1701 74 12
1701 75 0
1701 76 0
1701 77 0
1701 78 2
1701 79 21
1701 80 18
1701 81 34
1701 82 0
1701 83 0
1701 84 0
1701 85 138
1701 86 40
1701 87 1
1701 88 21
1701 89 17
1701 90 162
1701 91 87
1701 92 41
1701 93 0
1701 94 12
1701 95 0
1726 1 0
1726 2 0
1726 3 71
1726 4 1
1726 5 0
1726 6 31
1726 7 0
1726 8 0
1726 9 0
1726 10 40
1726 11 44
1726 12 34
1726 13 79
1726 14 2
1726 15 0
1726 16 8
1726 17 0
1726 18 98
1726 19 12
1726 20 31
1726 21 21
1726 22 19
1726 23 0
1726 24 15
1726 25 0
1726 26 741
1726 27 2
1726 28 0
1726 29 0
1726 30 256
1726 31 17
1726 32 0
1726 33 0
1726 34 23
1726 35 93
1726 36 30
1726 37 2
1726 38 44
1726 39 0
1726 40 0
1726 41 88
1726 42 0
1726 43 17
1726 44 305
1726 45 0
1726 46 110
1726 47 26
1726 48 267
1726 49 171
1726 50 0
1726 51 16
1726 52 0
1726 53 69
1726 54 113
1726 55 18
1726 56 0
1726 57 16
1726 58 0
1726 59 0
1726 60 0
1726 61 591
1726 62 38
1726 63 179
1726 64 229
1726 65 9
1726 66 0
1726 67 4
1726 68 14
1726 69 7
1726 70 0
1726 71 23
1726 72 0
1726 73 0
1726 74 6
1726 75 0
1726 76 0
1726 77 0
1726 78 0
1726 79 29
1726 80 13
1726 81 27
1726 82 0
1726 83 0
1726 84 0
1726 85 150
1726 86 37
1726 87 3
1726 88 20
1726 89 19
1726 90 160
1726 91 95
1726 92 42
1726 93 0
1726 94 19
1726 95 0
1751 1 6
1751 2 0
1751 3 76
1751 4 0
1751 5 0
1751 6 36
1751 7 1
1751 8 1
1751 9 6
1751 10 38
1751 11 52
1751 12 37
1751 13 85
1751 14 0
1751 15 0
1751 16 1
1751 17 0
1751 18 103
1751 19 0
1751 20 42
1751 21 24
1751 22 22
1751 23 0
1751 24 12
1751 25 0
1751 26 710
1751 27 0
1751 28 0
1751 29 1
1751 30 247
1751 31 23
1751 32 1
1751 33 0
1751 34 20
1751 35 92
1751 36 19
1751 37 0
1751 38 56
1751 39 0
1751 40 0
1751 41 131
1751 42 0
1751 43 14
1751 44 301
1751 45 1
1751 46 102
1751 47 18
1751 48 282
1751 49 185
1751 50 0
1751 51 21
1751 52 0
1751 53 56
1751 54 128
1751 55 24
1751 56 0
1751 57 14
1751 58 0
1751 59 1
1751 60 0
1751 61 586
1751 62 38
1751 63 162
1751 64 265
1751 65 10
1751 66 1
1751 67 0
1751 68 26
1751 69 1
1751 70 0
1751 71 27
1751 72 0
1751 73 0
1751 74 18
1751 75 0
1751 76 0
1751 77 0
1751 78 2
1751 79 19
1751 80 22
1751 81 19
1751 82 0
1751 83 0
1751 84 1
1751 85 153
1751 86 41
1751 87 0
1751 88 21
1751 89 21
1751 90 161
1751 91 102
1751 92 44
1751 93 0
1751 94 21
1751 95 0
1776 1 12
1776 2 1
1776 3 68
1776 4 1
1776 5 0
1776 6 40
1776 7 0
1776 8 0
1776 9 0
1776 10 42
1776 11 40
1776 12 26
1776 13 101
1776 14 0
1776 15 0
1776 16 0
1776 17 1
1776 18 113
1776 19 0
1776 20 30
1776 21 26
1776 22 22
1776 23 1
1776 24 21
1776 25 3
1776 26 766
1776 27 0
1776 28 0
1776 29 1
1776 30 279
1776 31 22
1776 32 0
1776 33 0
1776 34 8
1776 35 83
1776 36 6
1776 37 2
1776 38 48
1776 39 0
1776 40 0
1776 41 129
1776 42 0
1776 43 10
1776 44 324
1776 45 0
1776 46 103
1776 47 12
1776 48 273
1776 49 184
1776 50 0
1776 51 18
1776 52 1
1776 53 60
1776 54 127
1776 55 25
1776 56 0
1776 57 5
1776 58 1
1776 59 0
1776 60 1
1776 61 555
1776 62 38
1776 63 189
1776 64 241
1776 65 7
1776 66 0
1776 67 0
1776 68 19
1776 69 0
1776 70 1
1776 71 15
1776 72 0
1776 73 0
1776 74 22
1776 75 0
1776 76 0
1776 77 1
1776 78 1
1776 79 25
1776 80 19
1776 81 17
1776 82 0
1776 83 0
1776 84 0
1776 85 120
1776 86 42
1776 87 2
1776 88 18
1776 89 23
1776 90 155
1776 91 82
1776 92 43
1776 93 3
1776 94 22
1776 95 0
1801 1 15
1801 2 0
1801 3 71
1801 4 1
1801 5 1
1801 6 41
1801 7 0
1801 8 0
1801 9 0
1801 10 31
1801 11 56
1801 12 34
1801 13 106
1801 14 0
1801 15 0
1801 16 0
1801 17 0
1801 18 108
1801 19 0
1801 20 35
1801 21 21
1801 22 22
1801 23 0
1801 24 20
1801 25 1
1801 26 729
1801 27 0
1801 28 0
1801 29 26
1801 30 268
1801 31 22
1801 32 1
1801 33 0
1801 34 11
1801 35 98
1801 36 0
1801 37 2
1801 38 43
1801 39 0
1801 40 0
1801 41 144
1801 42 0
1801 43 19
1801 44 324
1801 45 0
1801 46 104
1801 47 11
1801 48 288
1801 49 194
1801 50 1
1801 51 20
1801 52 0
1801 53 64
1801 54 144
1801 55 25
1801 56 0
1801 57 0
1801 58 0
1801 59 0
1801 60 1
1801 61 562
1801 62 26
1801 63 171
1801 64 234
1801 65 1
1801 66 0
1801 67 13
1801 68 29
1801 69 0
1801 70 1
1801 71 18
1801 72 0
1801 73 0
1801 74 24
1801 75 0
1801 76 0
1801 77 0
1801 78 0
1801 79 23
1801 80 20
1801 81 19
1801 82 1
1801 83 0
1801 84 0
1801 85 129
1801 86 39
1801 87 0
1801 88 21
1801 89 20
1801 90 157
1801 91 83
1801 92 40
1801 93 0
1801 94 2
1801 95 0
1826 1 18
1826 2 0
1826 3 79
1826 4 0
1826 5 0
1826 6 26
1826 7 0
1826 8 0
1826 9 2
1826 10 29
1826 11 49
1826 12 37
1826 13 108
1826 14 1
1826 15 0
1826 16 0
1826 17 0
1826 18 104
1826 19 0
1826 20 26
1826 21 19
1826 22 19
1826 23 0
1826 24 19
1826 25 0
1826 26 770
1826 27 8
1826 28 2
1826 29 19
1826 30 266
1826 31 13
1826 32 0
1826 33 0
1826 34 5
1826 35 102
1826 36 0
1826 37 1
1826 38 43
1826 39 0
1826 40 0
1826 41 151
1826 42 0
1826 43 21
1826 44 300
1826 45 0
1826 46 94
1826 47 14
1826 48 242
1826 49 208
1826 50 0
1826 51 21
1826 52 0
1826 53 65
1826 54 138
1826 55 30
1826 56 1
1826 57 0
1826 58 0
1826 59 0
1826 60 0
1826 61 585
1826 62 30
1826 63 138
1826 64 242
1826 65 0
1826 66 1
1826 67 25
1826 68 28
1826 69 0
1826 70 7
1826 71 21
1826 72 0
1826 73 6
1826 74 19
1826 75 0
1826 76 0
1826 77 1
1826 78 0
1826 79 21
1826 80 18
1826 81 16
1826 82 0
1826 83 1
1826 84 0
1826 85 138
1826 86 41
1826 87 0
1826 88 10
1826 89 20
1826 90 161
1826 91 85
1826 92 47
1826 93 0
1826 94 0
1826 95 0
1851 1 21
1851 2 0
1851 3 78
1851 4 0
1851 5 0
1851 6 23
1851 7 0
1851 8 0
1851 9 1
1851 10 39
1851 11 53
1851 12 35
1851 13 111
1851 14 0
1851 15 0
1851 16 0
1851 17 0
1851 18 107
1851 19 0
1851 20 14
1851 21 18
1851 22 24
1851 23 0
1851 24 26
1851 25 0
1851 26 749
1851 27 1
1851 28 0
1851 29 17
1851 30 262
1851 31 33
1851 32 0
1851 33 0
1851 34 7
1851 35 104
1851 36 0
1851 37 0
1851 38 31
1851 39 0
1851 40 0
1851 41 170
1851 42 0
1851 43 12
1851 44 290
1851 45 0
1851 46 112
1851 47 16
1851 48 295
1851 49 214
1851 50 0
1851 51 20
1851 52 0
1851 53 74
1851 54 134
1851 55 14
1851 56 1
1851 57 0
1851 58 0
1851 59 1
1851 60 0
1851 61 555
1851 62 34
1851 63 153
1851 64 240
1851 65 2
1851 66 0
1851 67 19
1851 68 20
1851 69 3
1851 70 12
1851 71 24
1851 72 1
1851 73 19
1851 74 9
1851 75 0
1851 76 0
1851 77 1
1851 78 0
1851 79 20
1851 80 23
1851 81 1
1851 82 0
1851 83 1
1851 84 0
1851 85 118
1851 86 39
1851 87 1
1851 88 19
1851 89 20
1851 90 155
1851 91 84
1851 92 41
1851 93 0
1851 94 0
1851 95 4
1876 1 18
1876 2 0
1876 3 77
1876 4 1
1876 5 0
1876 6 23
1876 7 0
1876 8 0
1876 9 2
1876 10 31
1876 11 49
1876 12 33
1876 13 108
1876 14 0
1876 15 0
1876 16 0
1876 17 2
1876 18 102
1876 19 0
1876 20 9
1876 21 7
1876 22 22
1876 23 0
1876 24 21
1876 25 0
1876 26 766
1876 27 0
1876 28 0
1876 29 20
1876 30 267
1876 31 33
1876 32 1
1876 33 0
1876 34 4
1876 35 101
1876 36 1
1876 37 0
1876 38 50
1876 39 1
1876 40 0
1876 41 169
1876 42 1
1876 43 11
1876 44 307
1876 45 0
1876 46 103
1876 47 12
1876 48 282
1876 49 199
1876 50 0
1876 51 23
1876 52 0
1876 53 65
1876 54 149
1876 55 15
1876 56 0
1876 57 0
1876 58 0
1876 59 1
1876 60 0
1876 61 550
1876 62 45
1876 63 178
1876 64 216
1876 65 0
1876 66 0
1876 67 20
1876 68 16
1876 69 1
1876 70 3
1876 71 22
1876 72 0
1876 73 18
1876 74 9
1876 75 1
1876 76 0
1876 77 0
1876 78 0
1876 79 17
1876 80 33
1876 81 0
1876 82 0
1876 83 0
1876 84 4
1876 85 114
1876 86 40
1876 87 0
1876 88 21
1876 89 18
1876 90 154
1876 91 72
1876 92 44
1876 93 1
1876 94 0
1876 95 0
1901 1 20
1901 2 0
1901 3 65
1901 4 0
1901 5 0
1901 6 20
1901 7 1
1901 8 0
1901 9 0
1901 10 43
1901 11 49
1901 12 25
1901 13 111
1901 14 0
1901 15 0
1901 16 0
1901 17 0
1901 18 103
1901 19 0
1901 20 0
1901 21 8
1901 22 25
1901 23 0
1901 24 17
1901 25 0
1901 26 795
1901 27 0
1901 28 0
1901 29 20
1901 30 259
1901 31 21
1901 32 1
1901 33 0
1901 34 20
1901 35 101
1901 36 0
1901 37 0
1901 38 45
1901 39 1
1901 40 0
1901 41 166
1901 42 0
1901 43 17
1901 44 293
1901 45 0
1901 46 108
1901 47 14
1901 48 279
1901 49 233
1901 50 0
1901 51 22
1901 52 0
1901 53 49
1901 54 143
1901 55 13
1901 56 0
1901 57 0
1901 58 1
1901 59 0
1901 60 1
1901 61 587
1901 62 40
1901 63 170
1901 64 236
1901 65 0
1901 66 0
1901 67 20
1901 68 26
1901 69 4
1901 70 1
1901 71 18
1901 72 0
1901 73 20
1901 74 1
1901 75 0
1901 76 0
1901 77 0
1901 78 0
1901 79 26
1901 80 38
1901 81 1
1901 82 1
1901 83 0
1901 84 0
1901 85 88
1901 86 40
1901 87 0
1901 88 14
1901 89 18
1901 90 128
1901 91 77
1901 92 45
1901 93 1
1901 94 0
1901 95 0
1926 1 17
1926 2 0
1926 3 58
1926 4 0
1926 5 0
1926 6 21
1926 7 0
1926 8 0
1926 9 4
1926 10 42
1926 11 54
1926 12 22
1926 13 132
1926 14 1
1926 15 0
1926 16 0
1926 17 0
1926 18 102
1926 19 3
1926 20 0
1926 21 4
1926 22 23
1926 23 3
1926 24 22
1926 25 0
1926 26 752
1926 27 0
1926 28 2
1926 29 20
1926 30 283
1926 31 21
1926 32 0
1926 33 0
1926 34 16
1926 35 87
1926 36 0
1926 37 3
1926 38 49
1926 39 0
1926 40 0
1926 41 175
1926 42 0
1926 43 15
1926 44 288
1926 45 2
1926 46 95
1926 47 19
1926 48 280
1926 49 248
1926 50 0
1926 51 21
1926 52 0
1926 53 58
1926 54 155
1926 55 0
1926 56 0
1926 57 0
1926 58 0
1926 59 0
1926 60 0
1926 61 525
1926 62 46
1926 63 184
1926 64 239
1926 65 7
1926 66 0
1926 67 20
1926 68 20
1926 69 0
1926 70 0
1926 71 19
1926 72 0
1926 73 26
1926 74 0
1926 75 0
1926 76 0
1926 77 0
1926 78 1
1926 79 22
1926 80 46
1926 81 0
1926 82 0
1926 83 0
1926 84 0
1926 85 122
1926 86 46
1926 87 1
1926 88 17
1926 89 12
1926 90 116
1926 91 74
1926 92 44
1926 93 0
1926 94 1
1926 95 0
1951 1 38
1951 2 0
1951 3 60
1951 4 0
1951 5 0
1951 6 23
1951 7 0
1951 8 1
1951 9 0
1951 10 46
1951 11 43
1951 12 27
1951 13 124
1951 14 0
1951 15 0
1951 16 0
1951 17 0
1951 18 106
1951 19 27
1951 20 12
1951 21 8
1951 22 16
1951 23 0
1951 24 24
1951 25 0
1951 26 765
1951 27 0
1951 28 1
1951 29 15
1951 30 293
1951 31 24
1951 32 0
1951 33 0
1951 34 15
1951 35 94
1951 36 0
1951 37 0
1951 38 34
1951 39 1
1951 40 0
1951 41 165
1951 42 0
1951 43 0
1951 44 292
1951 45 0
1951 46 114
1951 47 25
1951 48 292
1951 49 266
1951 50 0
1951 51 19
1951 52 0
1951 53 60
1951 54 115
1951 55 1
1951 56 0
1951 57 0
1951 58 0
1951 59 0
1951 60 0
1951 61 528
1951 62 36
1951 63 159
1951 64 241
1951 65 0
1951 66 1
1951 67 24
1951 68 17
1951 69 21
1951 70 0
1951 71 17
1951 72 0
1951 73 26
1951 74 0
1951 75 0
1951 76 0
1951 77 1
1951 78 1
1951 79 21
1951 80 46
1951 81 0
1951 82 0
1951 83 0
1951 84 0
1951 85 103
1951 86 50
1951 87 0
1951 88 20
1951 89 23
1951 90 119
1951 91 79
1951 92 40
1951 93 0
1951 94 0
1951 95 0
1976 1 39
1976 2 0
1976 3 44
1976 4 0
1976 5 1
1976 6 20
1976 7 0
1976 8 0
1976 9 0
1976 10 41
1976 11 19
1976 12 19
1976 13 151
1976 14 0
1976 15 0
1976 16 2
1976 17 0
1976 18 102
1976 19 32
1976 20 11
1976 21 0
1976 22 20
1976 23 0
1976 24 21
1976 25 2
1976 26 736
1976 27 0
1976 28 0
1976 29 22
1976 30 277
1976 31 16
1976 32 0
1976 33 0
1976 34 25
1976 35 89
1976 36 0
1976 37 1
1976 38 51
1976 39 0
1976 40 0
1976 41 196
1976 42 1
1976 43 0
1976 44 286
1976 45 1
1976 46 99
1976 47 33
1976 48 293
1976 49 286
1976 50 0
1976 51 22
1976 52 0
1976 53 72
1976 54 105
1976 55 0
1976 56 0
1976 57 0
1976 58 0
1976 59 0
1976 60 0
1976 61 513
1976 62 44
1976 63 172
1976 64 223
1976 65 0
1976 66 1
1976 67 24
1976 68 13
1976 69 22
1976 70 0
1976 71 18
1976 72 0
1976 73 35
1976 74 0
1976 75 0
1976 76 0
1976 77 1
1976 78 0
1976 79 21
1976 80 41
1976 81 1
1976 82 0
1976 83 0
1976 84 0
1976 85 112
1976 86 78
1976 87 0
1976 88 14
1976 89 21
1976 90 130
1976 91 63
1976 92 42
1976 93 0
1976 94 0
1976 95 1
