1 5576
26 5132
51 5228
76 5185
101 5185
126 5214
151 5247
176 5143
201 5181
226 5214
251 5241
276 5235
301 5213
326 5228
351 5104
376 5197
401 5176
426 5106
451 5092
476 4985
501 4960
526 5010
551 4996
576 5112
601 5201
626 5213
651 5242
676 5315
701 5350
726 5277
751 5251
776 5191
801 5187
826 5285
851 5257
876 5196
901 5123
926 5093
951 5062
976 4986
1001 5159
1026 5303
1051 5257
1076 5401
1101 5271
1126 5265
1151 5363
1176 5301
1201 5252
1226 5289
1251 5235
1276 5160
1301 5206
1326 5175
1351 5186
1376 5235
1401 5214
1426 5283
1451 5171
1476 5168
1501 5201
1526 5095
1551 5096
1576 5028
1601 5001
1626 5077
1651 4995
1676 5104
1701 5048
1726 5088
1751 5122
1776 5083
1801 5180
1826 5169
1851 5134
1876 5140
1901 5239
1926 5211
1951 5166
1976 5207
