1 4449
26 995
51 939
76 929
101 846
126 803
151 804
176 793
201 755
226 749
251 768
276 766
301 764
326 796
351 786
376 745
401 777
426 750
451 782
476 779
501 756
526 759
551 747
576 761
601 757
626 765
651 738
676 779
701 750
726 750
751 751
776 766
801 734
826 749
851 766
876 740
901 759
926 737
951 744
976 749
1001 749
1026 765
1051 747
1076 736
1101 776
1126 745
1151 755
1176 756
1201 755
1226 754
1251 735
1276 740
1301 726
1326 733
1351 741
1376 720
1401 736
1426 738
1451 722
1476 755
1501 743
1526 732
1551 697
1576 753
1601 748
1626 721
1651 722
1676 728
1701 731
1726 750
1751 714
1776 735
1801 722
1826 735
1851 721
1876 741
1901 724
1926 727
1951 743
1976 733
