1 92
26 87
51 83
76 83
101 79
126 83
151 81
176 83
201 82
226 84
251 84
276 80
301 79
326 84
351 83
376 80
401 81
426 77
451 76
476 77
501 77
526 78
551 80
576 77
601 81
626 68
651 82
676 85
701 78
726 79
751 82
776 75
801 82
826 79
851 75
876 78
901 78
926 79
951 74
976 81
1001 82
1026 81
1051 77
1076 74
1101 79
1126 79
1151 82
1176 78
1201 78
1226 77
1251 78
1276 81
1301 83
1326 82
1351 83
1376 84
1401 80
1426 81
1451 83
1476 79
1501 79
1526 78
1551 70
1576 83
1601 77
1626 80
1651 81
1676 82
1701 81
1726 85
1751 77
1776 76
1801 81
1826 77
1851 71
1876 75
1901 82
1926 80
1951 78
1976 79
