1 4583
26 2661
51 2690
76 2627
101 2676
126 2661
151 2701
176 2691
201 2659
226 2656
251 2712
276 2656
301 2676
326 2646
351 2622
376 2636
401 2658
426 2653
451 2634
476 2650
501 2640
526 2637
551 2669
576 2662
601 2640
626 2661
651 2679
676 2654
701 2634
726 2654
751 2603
776 2648
801 2655
826 2617
851 2675
876 2667
901 2615
926 2627
951 2646
976 2630
1001 2611
1026 2695
1051 2629
1076 2647
1101 2637
1126 2627
1151 2642
1176 2648
1201 2647
1226 2609
1251 2670
1276 2648
1301 2649
1326 2640
1351 2627
1376 2651
1401 2652
1426 2599
1451 2630
1476 2653
1501 2670
1526 2635
1551 2620
1576 2651
1601 2627
1626 2627
1651 2654
1676 2616
1701 2654
1726 2631
1751 2627
1776 2615
1801 2668
1826 2597
1851 2642
1876 2606
1901 2628
1926 2674
1951 2630
1976 2647
