1 4980
26 4609
51 4651
76 4712
101 4670
126 4676
151 4613
176 4639
201 4697
226 4639
251 4669
276 4602
301 4656
326 4683
351 4630
376 4619
401 4635
426 4599
451 4609
476 4691
501 4657
526 4672
551 4685
576 4660
601 4638
626 4683
651 4667
676 4670
701 4606
726 4614
751 4610
776 4684
801 4683
826 4656
851 4644
876 4603
901 4649
926 4709
951 4648
976 4689
1001 4631
1026 4648
1051 4587
1076 4663
1101 4621
1126 4641
1151 4640
1176 4698
1201 4671
1226 4619
1251 4690
1276 4638
1301 4588
1326 4580
1351 4698
1376 4666
1401 4674
1426 4773
1451 4636
1476 4610
1501 4628
1526 4658
1551 4684
1576 4651
1601 4649
1626 4621
1651 4660
1676 4664
1701 4613
1726 4722
1751 4687
1776 4704
1801 4676
1826 4631
1851 4703
1876 4679
1901 4661
1926 4655
1951 4624
1976 4642
