1 1 5
1 2 6
1 3 5
1 4 6
1 5 6
1 6 6
1 7 5
1 8 5
1 9 5
1 10 4
1 11 6
1 12 3
1 13 4
1 14 7
1 15 7
1 16 6
1 17 5
1 18 3
1 19 5
1 20 5
1 21 4
1 22 3
1 23 6
1 24 4
1 25 4
1 26 5
1 27 7
1 28 4
1 29 4
1 30 5
1 31 4
1 32 6
1 33 5
1 34 5
1 35 6
1 36 5
1 37 4
1 38 5
1 39 5
1 40 5
1 41 4
1 42 4
1 43 5
1 44 4
1 45 6
1 46 6
1 47 6
1 48 4
1 49 5
1 50 6
1 51 4
1 52 4
1 53 5
1 54 4
1 55 4
1 56 5
1 57 7
1 58 6
1 59 6
1 60 5
1 61 6
1 62 6
1 63 4
1 64 5
1 65 5
1 66 4
1 67 8
1 68 7
1 69 6
1 70 4
1 71 7
1 72 6
1 73 5
1 74 4
1 75 5
1 76 5
1 77 6
1 78 9
1 79 7
1 80 6
1 81 5
1 82 7
1 83 6
1 84 6
1 85 5
1 86 7
1 87 7
1 88 8
1 89 6
1 90 7
1 91 6
1 92 7
1 93 7
1 94 5
1 95 5
1 96 4
1 97 7
1 98 8
1 99 6
1 100 6
1 101 6
1 102 7
1 103 7
1 104 6
1 105 5
1 106 5
1 107 5
1 108 4
1 109 6
1 110 6
1 111 8
1 112 5
1 113 7
1 114 6
1 115 6
1 116 6
1 117 6
1 118 4
1 119 4
1 120 5
1 121 7
26 1 7
26 2 7
26 3 7
26 4 5
26 5 5
26 6 4
26 7 5
26 8 4
26 9 3
26 10 3
26 11 2
26 12 4
26 13 5
26 14 6
26 15 5
26 16 5
26 17 5
26 18 5
26 19 5
26 20 3
26 21 1
26 22 3
26 23 5
26 24 5
26 25 5
26 26 4
26 27 4
26 28 5
26 29 5
26 30 3
26 31 3
26 32 1
26 33 3
26 34 6
26 35 6
26 36 6
26 37 4
26 38 4
26 39 6
26 40 4
26 41 5
26 42 4
26 43 2
26 44 2
26 45 4
26 46 4
26 47 5
26 48 5
26 49 6
26 50 5
26 51 5
26 52 4
26 53 4
26 54 3
26 55 4
26 56 6
26 57 5
26 58 6
26 59 6
26 60 6
26 61 6
26 62 4
26 63 4
26 64 5
26 65 4
26 66 4
26 67 7
26 68 6
26 69 5
26 70 6
26 71 4
26 72 5
26 73 5
26 74 5
26 75 4
26 76 5
26 77 4
26 78 6
26 79 6
26 80 5
26 81 6
26 82 5
26 83 7
26 84 5
26 85 6
26 86 6
26 87 6
26 88 4
26 89 5
26 90 5
26 91 4
26 92 4
26 93 5
26 94 5
26 95 6
26 96 6
26 97 6
26 98 6
26 99 5
26 100 5
26 101 6
26 102 5
26 103 6
26 104 5
26 105 5
26 106 6
26 107 6
26 108 5
26 109 6
26 110 4
26 111 7
26 112 6
26 113 5
26 114 3
26 115 5
26 116 5
26 117 5
26 118 5
26 119 5
26 120 5
26 121 6
51 1 6
51 2 5
51 3 5
51 4 5
51 5 4
51 6 5
51 7 4
51 8 5
51 9 4
51 10 2
51 11 3
51 12 5
51 13 6
51 14 6
51 15 4
51 16 5
51 17 5
51 18 4
51 19 5
51 20 1
51 21 2
51 22 5
51 23 6
51 24 5
51 25 5
51 26 4
51 27 5
51 28 5
51 29 5
51 30 5
51 31 3
51 32 2
51 33 4
51 34 4
51 35 5
51 36 4
51 37 4
51 38 4
51 39 5
51 40 5
51 41 5
51 42 4
51 43 3
51 44 3
51 45 4
51 46 5
51 47 6
51 48 5
51 49 5
51 50 5
51 51 5
51 52 4
51 53 5
51 54 3
51 55 3
51 56 4
51 57 6
51 58 6
51 59 5
51 60 5
51 61 4
51 62 4
51 63 4
51 64 4
51 65 4
51 66 4
51 67 4
51 68 4
51 69 3
51 70 4
51 71 4
51 72 4
51 73 5
51 74 4
51 75 4
51 76 4
51 77 4
51 78 4
51 79 4
51 80 4
51 81 4
51 82 4
51 83 5
51 84 6
51 85 4
51 86 4
51 87 3
51 88 4
51 89 5
51 90 5
51 91 4
51 92 4
51 93 5
51 94 6
51 95 5
51 96 4
51 97 5
51 98 4
51 99 5
51 100 6
51 101 5
51 102 5
51 103 6
51 104 5
51 105 5
51 106 6
51 107 6
51 108 5
51 109 5
51 110 6
51 111 6
51 112 5
51 113 5
51 114 6
51 115 5
51 116 5
51 117 5
51 118 6
51 119 5
51 120 5
51 121 4
76 1 6
76 2 6
76 3 6
76 4 6
76 5 5
76 6 6
76 7 6
76 8 6
76 9 3
76 10 2
76 11 1
76 12 5
76 13 4
76 14 6
76 15 5
76 16 5
76 17 6
76 18 6
76 19 5
76 20 1
76 21 2
76 22 3
76 23 3
76 24 4
76 25 4
76 26 4
76 27 5
76 28 4
76 29 5
76 30 4
76 31 4
76 32 2
76 33 3
76 34 4
76 35 5
76 36 5
76 37 4
76 38 4
76 39 4
76 40 5
76 41 5
76 42 5
76 43 2
76 44 2
76 45 4
76 46 4
76 47 3
76 48 4
76 49 4
76 50 4
76 51 5
76 52 5
76 53 4
76 54 3
76 55 4
76 56 4
76 57 3
76 58 3
76 59 3
76 60 4
76 61 5
76 62 4
76 63 4
76 64 4
76 65 4
76 66 4
76 67 4
76 68 5
76 69 3
76 70 4
76 71 4
76 72 4
76 73 4
76 74 4
76 75 4
76 76 4
76 77 3
76 78 3
76 79 5
76 80 5
76 81 3
76 82 4
76 83 4
76 84 5
76 85 3
76 86 5
76 87 4
76 88 4
76 89 5
76 90 4
76 91 4
76 92 5
76 93 5
76 94 5
76 95 5
76 96 5
76 97 4
76 98 4
76 99 4
76 100 5
76 101 5
76 102 4
76 103 5
76 104 5
76 105 5
76 106 5
76 107 5
76 108 5
76 109 3
76 110 4
76 111 4
76 112 5
76 113 5
76 114 5
76 115 5
76 116 4
76 117 5
76 118 4
76 119 5
76 120 5
76 121 4
101 1 5
101 2 5
101 3 4
101 4 5
101 5 5
101 6 5
101 7 5
101 8 6
101 9 4
101 10 2
101 11 2
101 12 3
101 13 5
101 14 5
101 15 3
101 16 4
101 17 5
101 18 5
101 19 5
101 20 2
101 21 1
101 22 2
101 23 3
101 24 4
101 25 3
101 26 3
101 27 5
101 28 5
101 29 5
101 30 4
101 31 4
101 32 2
101 33 2
101 34 4
101 35 4
101 36 4
101 37 3
101 38 4
101 39 5
101 40 5
101 41 2
101 42 3
101 43 2
101 44 2
101 45 4
101 46 2
101 47 2
101 48 2
101 49 4
101 50 4
101 51 3
101 52 4
101 53 4
101 54 4
101 55 3
101 56 2
101 57 4
101 58 3
101 59 4
101 60 4
101 61 4
101 62 5
101 63 3
101 64 4
101 65 4
101 66 3
101 67 5
101 68 3
101 69 4
101 70 4
101 71 3
101 72 3
101 73 4
101 74 4
101 75 3
101 76 4
101 77 3
101 78 4
101 79 3
101 80 4
101 81 3
101 82 3
101 83 5
101 84 5
101 85 4
101 86 4
101 87 4
101 88 3
101 89 4
101 90 5
101 91 5
101 92 4
101 93 5
101 94 3
101 95 4
101 96 4
101 97 3
101 98 2
101 99 3
101 100 5
101 101 5
101 102 5
101 103 5
101 104 4
101 105 5
101 106 4
101 107 5
101 108 4
101 109 3
101 110 4
101 111 4
101 112 4
101 113 5
101 114 4
101 115 5
101 116 5
101 117 5
101 118 4
101 119 4
101 120 3
101 121 5
126 1 4
126 2 3
126 3 3
126 4 3
126 5 4
126 6 3
126 7 5
126 8 4
126 9 3
126 10 2
126 11 2
126 12 5
126 13 4
126 14 3
126 15 4
126 16 4
126 17 4
126 18 4
126 19 4
126 20 2
126 21 2
126 22 3
126 23 4
126 24 3
126 25 2
126 26 2
126 27 3
126 28 2
126 29 3
126 30 2
126 31 2
126 32 1
126 33 3
126 34 4
126 35 4
126 36 4
126 37 2
126 38 5
126 39 3
126 40 4
126 41 2
126 42 2
126 43 2
126 44 1
126 45 2
126 46 3
126 47 2
126 48 2
126 49 4
126 50 4
126 51 3
126 52 2
126 53 3
126 54 2
126 55 2
126 56 3
126 57 3
126 58 2
126 59 2
126 60 2
126 61 2
126 62 3
126 63 4
126 64 5
126 65 3
126 66 3
126 67 4
126 68 3
126 69 2
126 70 2
126 71 3
126 72 5
126 73 4
126 74 5
126 75 5
126 76 5
126 77 4
126 78 3
126 79 3
126 80 3
126 81 2
126 82 3
126 83 4
126 84 2
126 85 3
126 86 4
126 87 4
126 88 4
126 89 3
126 90 2
126 91 4
126 92 3
126 93 3
126 94 3
126 95 4
126 96 3
126 97 4
126 98 3
126 99 3
126 100 3
126 101 4
126 102 4
126 103 4
126 104 3
126 105 3
126 106 2
126 107 3
126 108 4
126 109 3
126 110 2
126 111 3
126 112 5
126 113 3
126 114 5
126 115 3
126 116 4
126 117 4
126 118 5
126 119 3
126 120 3
126 121 2
151 1 3
151 2 3
151 3 3
151 4 4
151 5 4
151 6 4
151 7 2
151 8 3
151 9 3
151 10 2
151 11 4
151 12 3
151 13 2
151 14 2
151 15 4
151 16 3
151 17 3
151 18 3
151 19 2
151 20 2
151 21 1
151 22 3
151 23 2
151 24 3
151 25 2
151 26 3
151 27 3
151 28 3
151 29 3
151 30 2
151 31 2
151 32 1
151 33 2
151 34 4
151 35 3
151 36 3
151 37 2
151 38 2
151 39 2
151 40 2
151 41 2
151 42 2
151 43 2
151 44 3
151 45 3
151 46 3
151 47 3
151 48 2
151 49 2
151 50 3
151 51 2
151 52 2
151 53 3
151 54 2
151 55 2
151 56 3
151 57 3
151 58 3
151 59 2
151 60 3
151 61 4
151 62 2
151 63 2
151 64 2
151 65 3
151 66 3
151 67 4
151 68 4
151 69 3
151 70 2
151 71 3
151 72 2
151 73 2
151 74 3
151 75 4
151 76 4
151 77 4
151 78 3
151 79 2
151 80 2
151 81 2
151 82 2
151 83 3
151 84 2
151 85 3
151 86 5
151 87 3
151 88 3
151 89 3
151 90 3
151 91 3
151 92 3
151 93 4
151 94 3
151 95 3
151 96 3
151 97 4
151 98 4
151 99 3
151 100 2
151 101 4
151 102 3
151 103 2
151 104 4
151 105 3
151 106 2
151 107 3
151 108 4
151 109 3
151 110 3
151 111 2
151 112 4
151 113 4
151 114 2
151 115 3
151 116 4
151 117 3
151 118 4
151 119 3
151 120 4
151 121 3
176 1 2
176 2 3
176 3 2
176 4 4
176 5 2
176 6 4
176 7 3
176 8 3
176 9 3
176 10 2
176 11 2
176 12 3
176 13 3
176 14 3
176 15 3
176 16 4
176 17 2
176 18 3
176 19 3
176 20 2
176 21 1
176 22 2
176 23 3
176 24 3
176 25 3
176 26 3
176 27 3
176 28 3
176 29 4
176 30 3
176 31 2
176 32 1
176 33 2
176 34 2
176 35 3
176 36 3
176 37 3
176 38 3
176 39 3
176 40 3
176 41 4
176 42 2
176 43 2
176 44 2
176 45 2
176 46 2
176 47 3
176 48 2
176 49 2
176 50 2
176 51 3
176 52 4
176 53 3
176 54 2
176 55 2
176 56 3
176 57 2
176 58 3
176 59 2
176 60 3
176 61 4
176 62 3
176 63 4
176 64 2
176 65 2
176 66 3
176 67 3
176 68 2
176 69 2
176 70 3
176 71 3
176 72 4
176 73 3
176 74 4
176 75 4
176 76 3
176 77 3
176 78 2
176 79 2
176 80 3
176 81 2
176 82 3
176 83 3
176 84 3
176 85 4
176 86 4
176 87 3
176 88 3
176 89 3
176 90 3
176 91 3
176 92 3
176 93 3
176 94 3
176 95 3
176 96 3
176 97 4
176 98 3
176 99 2
176 100 3
176 101 2
176 102 3
176 103 3
176 104 3
176 105 4
176 106 3
176 107 4
176 108 4
176 109 3
176 110 3
176 111 3
176 112 4
176 113 2
176 114 3
176 115 3
176 116 4
176 117 4
176 118 3
176 119 2
176 120 4
176 121 3
201 1 2
201 2 2
201 3 2
201 4 3
201 5 2
201 6 3
201 7 4
201 8 3
201 9 3
201 10 2
201 11 2
201 12 2
201 13 2
201 14 3
201 15 3
201 16 3
201 17 3
201 18 3
201 19 4
201 20 3
201 21 1
201 22 2
201 23 2
201 24 2
201 25 3
201 26 2
201 27 3
201 28 4
201 29 2
201 30 4
201 31 2
201 32 1
201 33 2
201 34 3
201 35 2
201 36 4
201 37 3
201 38 2
201 39 3
201 40 2
201 41 2
201 42 2
201 43 2
201 44 3
201 45 2
201 46 3
201 47 4
201 48 4
201 49 3
201 50 2
201 51 3
201 52 2
201 53 2
201 54 3
201 55 3
201 56 2
201 57 4
201 58 3
201 59 3
201 60 4
201 61 3
201 62 3
201 63 2
201 64 3
201 65 3
201 66 3
201 67 4
201 68 4
201 69 3
201 70 3
201 71 3
201 72 3
201 73 4
201 74 2
201 75 3
201 76 4
201 77 3
201 78 4
201 79 3
201 80 2
201 81 3
201 82 3
201 83 2
201 84 2
201 85 3
201 86 3
201 87 3
201 88 3
201 89 2
201 90 4
201 91 2
201 92 3
201 93 4
201 94 2
201 95 2
201 96 3
201 97 3
201 98 3
201 99 3
201 100 3
201 101 3
201 102 2
201 103 3
201 104 3
201 105 3
201 106 4
201 107 3
201 108 4
201 109 3
201 110 3
201 111 3
201 112 3
201 113 3
201 114 3
201 115 3
201 116 2
201 117 2
201 118 3
201 119 3
201 120 4
201 121 3
226 1 3
226 2 2
226 3 2
226 4 3
226 5 4
226 6 2
226 7 3
226 8 4
226 9 2
226 10 2
226 11 2
226 12 3
226 13 2
226 14 2
226 15 2
226 16 3
226 17 2
226 18 3
226 19 2
226 20 2
226 21 1
226 22 2
226 23 2
226 24 3
226 25 2
226 26 2
226 27 3
226 28 2
226 29 2
226 30 3
226 31 2
226 32 1
226 33 2
226 34 3
226 35 3
226 36 2
226 37 2
226 38 2
226 39 3
226 40 2
226 41 2
226 42 2
226 43 2
226 44 1
226 45 3
226 46 4
226 47 4
226 48 3
226 49 3
226 50 3
226 51 2
226 52 2
226 53 2
226 54 2
226 55 2
226 56 4
226 57 3
226 58 3
226 59 3
226 60 2
226 61 4
226 62 2
226 63 2
226 64 2
226 65 2
226 66 3
226 67 3
226 68 3
226 69 2
226 70 4
226 71 3
226 72 3
226 73 3
226 74 2
226 75 2
226 76 2
226 77 4
226 78 3
226 79 2
226 80 3
226 81 3
226 82 3
226 83 3
226 84 2
226 85 2
226 86 3
226 87 2
226 88 3
226 89 3
226 90 2
226 91 2
226 92 3
226 93 2
226 94 2
226 95 3
226 96 4
226 97 3
226 98 3
226 99 3
226 100 3
226 101 2
226 102 2
226 103 2
226 104 3
226 105 3
226 106 2
226 107 3
226 108 3
226 109 3
226 110 3
226 111 2
226 112 2
226 113 2
226 114 2
226 115 3
226 116 3
226 117 2
226 118 3
226 119 3
226 120 2
226 121 3
251 1 3
251 2 2
251 3 2
251 4 3
251 5 3
251 6 4
251 7 3
251 8 2
251 9 3
251 10 2
251 11 2
251 12 2
251 13 2
251 14 2
251 15 2
251 16 2
251 17 4
251 18 3
251 19 2
251 20 2
251 21 1
251 22 2
251 23 2
251 24 3
251 25 2
251 26 2
251 27 3
251 28 3
251 29 4
251 30 3
251 31 2
251 32 1
251 33 2
251 34 2
251 35 2
251 36 2
251 37 2
251 38 2
251 39 3
251 40 2
251 41 3
251 42 2
251 43 1
251 44 1
251 45 2
251 46 2
251 47 2
251 48 2
251 49 3
251 50 3
251 51 2
251 52 2
251 53 2
251 54 2
251 55 2
251 56 3
251 57 2
251 58 2
251 59 2
251 60 3
251 61 3
251 62 3
251 63 3
251 64 3
251 65 2
251 66 2
251 67 2
251 68 2
251 69 3
251 70 3
251 71 4
251 72 3
251 73 2
251 74 3
251 75 3
251 76 2
251 77 2
251 78 3
251 79 2
251 80 2
251 81 3
251 82 2
251 83 2
251 84 3
251 85 3
251 86 3
251 87 3
251 88 2
251 89 3
251 90 2
251 91 2
251 92 2
251 93 3
251 94 2
251 95 3
251 96 3
251 97 3
251 98 3
251 99 2
251 100 2
251 101 2
251 102 3
251 103 2
251 104 2
251 105 3
251 106 4
251 107 3
251 108 2
251 109 2
251 110 2
251 111 2
251 112 2
251 113 2
251 114 2
251 115 2
251 116 3
251 117 4
251 118 3
251 119 2
251 120 2
251 121 2
276 1 2
276 2 2
276 3 3
276 4 2
276 5 2
276 6 3
276 7 3
276 8 3
276 9 2
276 10 1
276 11 3
276 12 2
276 13 2
276 14 2
276 15 2
276 16 3
276 17 2
276 18 2
276 19 3
276 20 2
276 21 1
276 22 2
276 23 2
276 24 2
276 25 3
276 26 2
276 27 3
276 28 3
276 29 2
276 30 2
276 31 2
276 32 2
276 33 2
276 34 2
276 35 2
276 36 2
276 37 2
276 38 2
276 39 3
276 40 3
276 41 2
276 42 2
276 43 2
276 44 2
276 45 2
276 46 2
276 47 2
276 48 2
276 49 2
276 50 3
276 51 3
276 52 3
276 53 2
276 54 2
276 55 2
276 56 2
276 57 2
276 58 2
276 59 2
276 60 3
276 61 2
276 62 2
276 63 3
276 64 2
276 65 2
276 66 2
276 67 2
276 68 2
276 69 2
276 70 2
276 71 2
276 72 2
276 73 2
276 74 2
276 75 2
276 76 2
276 77 2
276 78 2
276 79 2
276 80 2
276 81 2
276 82 2
276 83 2
276 84 2
276 85 3
276 86 2
276 87 2
276 88 2
276 89 2
276 90 3
276 91 2
276 92 2
276 93 2
276 94 2
276 95 3
276 96 2
276 97 2
276 98 2
276 99 2
276 100 2
276 101 2
276 102 2
276 103 2
276 104 2
276 105 2
276 106 2
276 107 2
276 108 2
276 109 3
276 110 2
276 111 2
276 112 3
276 113 2
276 114 2
276 115 2
276 116 3
276 117 2
276 118 3
276 119 2
276 120 3
276 121 3
301 1 2
301 2 2
301 3 2
301 4 2
301 5 2
301 6 2
301 7 2
301 8 2
301 9 2
301 10 2
301 11 1
301 12 2
301 13 2
301 14 2
301 15 2
301 16 2
301 17 2
301 18 2
301 19 2
301 20 2
301 21 1
301 22 2
301 23 2
301 24 2
301 25 2
301 26 3
301 27 2
301 28 2
301 29 2
301 30 2
301 31 2
301 32 1
301 33 2
301 34 2
301 35 2
301 36 2
301 37 2
301 38 2
301 39 2
301 40 2
301 41 2
301 42 2
301 43 2
301 44 2
301 45 2
301 46 2
301 47 2
301 48 2
301 49 2
301 50 2
301 51 2
301 52 2
301 53 2
301 54 2
301 55 1
301 56 2
301 57 2
301 58 2
301 59 2
301 60 2
301 61 2
301 62 2
301 63 2
301 64 2
301 65 2
301 66 2
301 67 2
301 68 2
301 69 2
301 70 2
301 71 2
301 72 2
301 73 2
301 74 2
301 75 2
301 76 2
301 77 2
301 78 2
301 79 2
301 80 2
301 81 2
301 82 2
301 83 2
301 84 2
301 85 2
301 86 2
301 87 2
301 88 2
301 89 3
301 90 2
301 91 2
301 92 2
301 93 2
301 94 2
301 95 2
301 96 2
301 97 2
301 98 2
301 99 2
301 100 2
301 101 3
301 102 2
301 103 2
301 104 2
301 105 2
301 106 2
301 107 2
301 108 2
301 109 2
301 110 2
301 111 2
301 112 3
301 113 2
301 114 2
301 115 2
301 116 2
301 117 2
301 118 2
301 119 2
301 120 2
301 121 2
326 1 2
326 2 2
326 3 2
326 4 2
326 5 2
326 6 2
326 7 2
326 8 2
326 9 2
326 10 1
326 11 2
326 12 2
326 13 2
326 14 2
326 15 2
326 16 2
326 17 2
326 18 2
326 19 2
326 20 2
326 21 2
326 22 2
326 23 2
326 24 2
326 25 2
326 26 2
326 27 2
326 28 2
326 29 2
326 30 2
326 31 1
326 32 1
326 33 2
326 34 2
326 35 2
326 36 2
326 37 2
326 38 2
326 39 2
326 40 2
326 41 2
326 42 2
326 43 1
326 44 2
326 45 2
326 46 2
326 47 2
326 48 2
326 49 2
326 50 2
326 51 2
326 52 2
326 53 2
326 54 2
326 55 2
326 56 2
326 57 2
326 58 2
326 59 2
326 60 2
326 61 2
326 62 2
326 63 2
326 64 2
326 65 2
326 66 2
326 67 2
326 68 2
326 69 2
326 70 2
326 71 2
326 72 2
326 73 2
326 74 2
326 75 2
326 76 2
326 77 2
326 78 2
326 79 2
326 80 2
326 81 2
326 82 2
326 83 2
326 84 2
326 85 2
326 86 2
326 87 2
326 88 2
326 89 2
326 90 2
326 91 3
326 92 2
326 93 2
326 94 2
326 95 2
326 96 2
326 97 2
326 98 2
326 99 2
326 100 3
326 101 2
326 102 3
326 103 2
326 104 2
326 105 2
326 106 2
326 107 2
326 108 2
326 109 2
326 110 2
326 111 2
326 112 2
326 113 2
326 114 2
326 115 2
326 116 2
326 117 2
326 118 2
326 119 2
326 120 2
326 121 2
351 1 2
351 2 2
351 3 2
351 4 2
351 5 2
351 6 2
351 7 2
351 8 2
351 9 2
351 10 2
351 11 2
351 12 2
351 13 2
351 14 2
351 15 2
351 16 2
351 17 2
351 18 2
351 19 2
351 20 2
351 21 2
351 22 2
351 23 2
351 24 2
351 25 2
351 26 2
351 27 2
351 28 2
351 29 2
351 30 2
351 31 2
351 32 1
351 33 2
351 34 2
351 35 2
351 36 2
351 37 2
351 38 2
351 39 2
351 40 2
351 41 2
351 42 2
351 43 2
351 44 2
351 45 2
351 46 2
351 47 2
351 48 2
351 49 2
351 50 2
351 51 2
351 52 2
351 53 2
351 54 2
351 55 1
351 56 2
351 57 2
351 58 2
351 59 2
351 60 2
351 61 2
351 62 2
351 63 2
351 64 2
351 65 2
351 66 2
351 67 2
351 68 2
351 69 2
351 70 2
351 71 2
351 72 2
351 73 2
351 74 2
351 75 2
351 76 2
351 77 2
351 78 2
351 79 2
351 80 2
351 81 2
351 82 2
351 83 2
351 84 2
351 85 2
351 86 2
351 87 2
351 88 2
351 89 2
351 90 2
351 91 2
351 92 3
351 93 2
351 94 2
351 95 2
351 96 2
351 97 2
351 98 2
351 99 2
351 100 2
351 101 2
351 102 2
351 103 2
351 104 2
351 105 2
351 106 2
351 107 2
351 108 2
351 109 2
351 110 2
351 111 2
351 112 2
351 113 2
351 114 2
351 115 2
351 116 2
351 117 2
351 118 2
351 119 2
351 120 2
351 121 2
376 1 2
376 2 2
376 3 2
376 4 2
376 5 2
376 6 2
376 7 2
376 8 2
376 9 2
376 10 2
376 11 2
376 12 2
376 13 2
376 14 2
376 15 2
376 16 2
376 17 2
376 18 2
376 19 2
376 20 2
376 21 2
376 22 2
376 23 2
376 24 2
376 25 2
376 26 2
376 27 2
376 28 2
376 29 2
376 30 2
376 31 2
376 32 2
376 33 2
376 34 2
376 35 2
376 36 2
376 37 2
376 38 2
376 39 2
376 40 2
376 41 2
376 42 2
376 43 2
376 44 2
376 45 2
376 46 2
376 47 2
376 48 2
376 49 2
376 50 2
376 51 2
376 52 2
376 53 2
376 54 2
376 55 2
376 56 2
376 57 2
376 58 2
376 59 2
376 60 2
376 61 2
376 62 2
376 63 2
376 64 2
376 65 2
376 66 2
376 67 2
376 68 2
376 69 2
376 70 2
376 71 2
376 72 2
376 73 2
376 74 2
376 75 2
376 76 2
376 77 2
376 78 2
376 79 2
376 80 2
376 81 2
376 82 2
376 83 2
376 84 2
376 85 2
376 86 2
376 87 2
376 88 2
376 89 2
376 90 2
376 91 2
376 92 2
376 93 2
376 94 2
376 95 2
376 96 2
376 97 2
376 98 2
376 99 2
376 100 2
376 101 2
376 102 2
376 103 2
376 104 2
376 105 2
376 106 2
376 107 2
376 108 2
376 109 2
376 110 2
376 111 2
376 112 2
376 113 2
376 114 2
376 115 2
376 116 2
376 117 2
376 118 2
376 119 2
376 120 2
376 121 2
401 1 2
401 2 2
401 3 2
401 4 2
401 5 2
401 6 2
401 7 2
401 8 2
401 9 2
401 10 2
401 11 2
401 12 2
401 13 2
401 14 2
401 15 2
401 16 2
401 17 2
401 18 2
401 19 2
401 20 2
401 21 1
401 22 2
401 23 2
401 24 2
401 25 2
401 26 2
401 27 2
401 28 2
401 29 2
401 30 2
401 31 2
401 32 1
401 33 1
401 34 2
401 35 2
401 36 2
401 37 2
401 38 2
401 39 2
401 40 2
401 41 2
401 42 2
401 43 2
401 44 2
401 45 1
401 46 2
401 47 2
401 48 2
401 49 2
401 50 2
401 51 2
401 52 2
401 53 2
401 54 2
401 55 2
401 56 2
401 57 2
401 58 2
401 59 2
401 60 2
401 61 2
401 62 2
401 63 2
401 64 2
401 65 2
401 66 2
401 67 2
401 68 2
401 69 2
401 70 2
401 71 2
401 72 2
401 73 2
401 74 2
401 75 2
401 76 2
401 77 2
401 78 2
401 79 2
401 80 2
401 81 2
401 82 2
401 83 2
401 84 2
401 85 2
401 86 2
401 87 2
401 88 2
401 89 2
401 90 2
401 91 2
401 92 2
401 93 2
401 94 2
401 95 2
401 96 2
401 97 2
401 98 2
401 99 2
401 100 2
401 101 2
401 102 2
401 103 2
401 104 2
401 105 2
401 106 2
401 107 2
401 108 2
401 109 2
401 110 2
401 111 2
401 112 2
401 113 2
401 114 2
401 115 2
401 116 2
401 117 2
401 118 2
401 119 2
401 120 2
401 121 2
426 1 2
426 2 2
426 3 2
426 4 2
426 5 2
426 6 2
426 7 2
426 8 2
426 9 2
426 10 2
426 11 2
426 12 2
426 13 2
426 14 2
426 15 2
426 16 2
426 17 2
426 18 2
426 19 2
426 20 2
426 21 1
426 22 2
426 23 2
426 24 2
426 25 2
426 26 2
426 27 2
426 28 2
426 29 2
426 30 2
426 31 2
426 32 1
426 33 2
426 34 2
426 35 2
426 36 2
426 37 2
426 38 2
426 39 2
426 40 2
426 41 2
426 42 2
426 43 2
426 44 2
426 45 2
426 46 2
426 47 2
426 48 2
426 49 2
426 50 2
426 51 2
426 52 2
426 53 2
426 54 2
426 55 2
426 56 2
426 57 2
426 58 2
426 59 2
426 60 2
426 61 2
426 62 2
426 63 2
426 64 2
426 65 2
426 66 2
426 67 2
426 68 2
426 69 2
426 70 2
426 71 2
426 72 2
426 73 2
426 74 2
426 75 2
426 76 2
426 77 2
426 78 2
426 79 2
426 80 2
426 81 2
426 82 2
426 83 2
426 84 2
426 85 2
426 86 2
426 87 2
426 88 2
426 89 2
426 90 2
426 91 2
426 92 2
426 93 2
426 94 2
426 95 2
426 96 2
426 97 2
426 98 2
426 99 2
426 100 2
426 101 2
426 102 2
426 103 2
426 104 2
426 105 2
426 106 2
426 107 2
426 108 2
426 109 2
426 110 2
426 111 2
426 112 2
426 113 2
426 114 2
426 115 2
426 116 2
426 117 2
426 118 2
426 119 2
426 120 2
426 121 2
451 1 2
451 2 2
451 3 2
451 4 2
451 5 2
451 6 2
451 7 2
451 8 2
451 9 2
451 10 1
451 11 2
451 12 2
451 13 2
451 14 2
451 15 2
451 16 2
451 17 2
451 18 2
451 19 2
451 20 2
451 21 2
451 22 2
451 23 2
451 24 2
451 25 2
451 26 2
451 27 2
451 28 2
451 29 2
451 30 2
451 31 2
451 32 2
451 33 2
451 34 2
451 35 2
451 36 2
451 37 2
451 38 2
451 39 2
451 40 2
451 41 2
451 42 2
451 43 2
451 44 2
451 45 2
451 46 2
451 47 2
451 48 2
451 49 2
451 50 2
451 51 2
451 52 2
451 53 2
451 54 2
451 55 2
451 56 2
451 57 2
451 58 2
451 59 2
451 60 2
451 61 2
451 62 2
451 63 2
451 64 2
451 65 2
451 66 2
451 67 2
451 68 2
451 69 2
451 70 2
451 71 2
451 72 2
451 73 2
451 74 2
451 75 2
451 76 2
451 77 2
451 78 2
451 79 2
451 80 2
451 81 2
451 82 2
451 83 2
451 84 2
451 85 2
451 86 2
451 87 2
451 88 2
451 89 2
451 90 2
451 91 2
451 92 2
451 93 2
451 94 2
451 95 2
451 96 2
451 97 2
451 98 2
451 99 2
451 100 2
451 101 2
451 102 2
451 103 2
451 104 2
451 105 2
451 106 2
451 107 2
451 108 2
451 109 2
451 110 2
451 111 2
451 112 2
451 113 2
451 114 2
451 115 2
451 116 2
451 117 2
451 118 2
451 119 2
451 120 2
451 121 2
476 1 2
476 2 2
476 3 2
476 4 2
476 5 2
476 6 2
476 7 2
476 8 2
476 9 2
476 10 2
476 11 2
476 12 2
476 13 2
476 14 2
476 15 2
476 16 2
476 17 2
476 18 2
476 19 2
476 20 2
476 21 1
476 22 2
476 23 2
476 24 2
476 25 2
476 26 2
476 27 2
476 28 2
476 29 2
476 30 2
476 31 2
476 32 2
476 33 1
476 34 2
476 35 2
476 36 2
476 37 2
476 38 2
476 39 2
476 40 2
476 41 2
476 42 2
476 43 2
476 44 2
476 45 2
476 46 2
476 47 2
476 48 2
476 49 2
476 50 2
476 51 2
476 52 2
476 53 2
476 54 2
476 55 2
476 56 2
476 57 2
476 58 2
476 59 2
476 60 2
476 61 2
476 62 2
476 63 2
476 64 2
476 65 2
476 66 2
476 67 2
476 68 2
476 69 2
476 70 2
476 71 2
476 72 2
476 73 2
476 74 2
476 75 2
476 76 2
476 77 2
476 78 2
476 79 2
476 80 2
476 81 2
476 82 2
476 83 2
476 84 2
476 85 2
476 86 2
476 87 2
476 88 2
476 89 2
476 90 2
476 91 2
476 92 2
476 93 2
476 94 2
476 95 2
476 96 2
476 97 2
476 98 2
476 99 2
476 100 2
476 101 2
476 102 2
476 103 2
476 104 2
476 105 2
476 106 2
476 107 2
476 108 2
476 109 2
476 110 2
476 111 2
476 112 2
476 113 2
476 114 2
476 115 2
476 116 2
476 117 2
476 118 2
476 119 2
476 120 2
476 121 2
501 1 2
501 2 2
501 3 2
501 4 2
501 5 2
501 6 2
501 7 2
501 8 2
501 9 2
501 10 2
501 11 2
501 12 2
501 13 2
501 14 2
501 15 2
501 16 2
501 17 2
501 18 2
501 19 2
501 20 2
501 21 1
501 22 1
501 23 2
501 24 2
501 25 2
501 26 2
501 27 2
501 28 2
501 29 2
501 30 2
501 31 2
501 32 1
501 33 2
501 34 2
501 35 2
501 36 2
501 37 2
501 38 2
501 39 2
501 40 2
501 41 2
501 42 2
501 43 2
501 44 2
501 45 2
501 46 2
501 47 2
501 48 2
501 49 2
501 50 2
501 51 2
501 52 2
501 53 2
501 54 2
501 55 2
501 56 2
501 57 2
501 58 2
501 59 2
501 60 2
501 61 2
501 62 2
501 63 2
501 64 2
501 65 2
501 66 2
501 67 2
501 68 2
501 69 2
501 70 2
501 71 2
501 72 2
501 73 2
501 74 2
501 75 2
501 76 2
501 77 2
501 78 2
501 79 2
501 80 2
501 81 2
501 82 2
501 83 2
501 84 2
501 85 2
501 86 2
501 87 2
501 88 2
501 89 2
501 90 2
501 91 2
501 92 2
501 93 2
501 94 2
501 95 2
501 96 2
501 97 2
501 98 2
501 99 2
501 100 2
501 101 2
501 102 2
501 103 2
501 104 2
501 105 2
501 106 2
501 107 2
501 108 2
501 109 2
501 110 2
501 111 2
501 112 2
501 113 2
501 114 2
501 115 2
501 116 2
501 117 2
501 118 2
501 119 2
501 120 2
501 121 2
526 1 2
526 2 2
526 3 2
526 4 2
526 5 2
526 6 2
526 7 2
526 8 2
526 9 2
526 10 2
526 11 2
526 12 2
526 13 2
526 14 2
526 15 2
526 16 2
526 17 2
526 18 2
526 19 2
526 20 2
526 21 2
526 22 2
526 23 2
526 24 2
526 25 2
526 26 2
526 27 2
526 28 2
526 29 2
526 30 2
526 31 2
526 32 2
526 33 2
526 34 2
526 35 2
526 36 2
526 37 2
526 38 2
526 39 2
526 40 2
526 41 2
526 42 2
526 43 2
526 44 2
526 45 2
526 46 2
526 47 2
526 48 2
526 49 2
526 50 2
526 51 2
526 52 2
526 53 2
526 54 2
526 55 1
526 56 2
526 57 2
526 58 2
526 59 2
526 60 2
526 61 2
526 62 2
526 63 2
526 64 2
526 65 2
526 66 2
526 67 2
526 68 2
526 69 2
526 70 2
526 71 2
526 72 2
526 73 2
526 74 2
526 75 2
526 76 2
526 77 2
526 78 2
526 79 2
526 80 2
526 81 2
526 82 2
526 83 2
526 84 2
526 85 2
526 86 2
526 87 2
526 88 2
526 89 2
526 90 2
526 91 2
526 92 2
526 93 2
526 94 2
526 95 2
526 96 2
526 97 2
526 98 2
526 99 2
526 100 2
526 101 2
526 102 2
526 103 2
526 104 2
526 105 2
526 106 2
526 107 2
526 108 2
526 109 2
526 110 2
526 111 2
526 112 2
526 113 2
526 114 2
526 115 2
526 116 2
526 117 2
526 118 2
526 119 2
526 120 2
526 121 2
551 1 2
551 2 2
551 3 2
551 4 2
551 5 2
551 6 2
551 7 2
551 8 2
551 9 2
551 10 2
551 11 2
551 12 2
551 13 2
551 14 2
551 15 2
551 16 2
551 17 2
551 18 2
551 19 2
551 20 1
551 21 1
551 22 2
551 23 2
551 24 2
551 25 2
551 26 2
551 27 2
551 28 2
551 29 2
551 30 2
551 31 2
551 32 2
551 33 2
551 34 2
551 35 2
551 36 2
551 37 2
551 38 2
551 39 2
551 40 2
551 41 2
551 42 2
551 43 2
551 44 1
551 45 2
551 46 2
551 47 2
551 48 2
551 49 2
551 50 2
551 51 2
551 52 2
551 53 2
551 54 2
551 55 2
551 56 2
551 57 2
551 58 2
551 59 2
551 60 2
551 61 2
551 62 2
551 63 2
551 64 2
551 65 2
551 66 2
551 67 2
551 68 2
551 69 2
551 70 2
551 71 2
551 72 2
551 73 2
551 74 2
551 75 2
551 76 2
551 77 2
551 78 2
551 79 2
551 80 2
551 81 2
551 82 2
551 83 2
551 84 2
551 85 2
551 86 2
551 87 2
551 88 2
551 89 2
551 90 2
551 91 2
551 92 2
551 93 2
551 94 2
551 95 2
551 96 2
551 97 2
551 98 2
551 99 1
551 100 2
551 101 2
551 102 2
551 103 2
551 104 2
551 105 2
551 106 2
551 107 2
551 108 2
551 109 2
551 110 2
551 111 2
551 112 2
551 113 2
551 114 2
551 115 2
551 116 2
551 117 2
551 118 2
551 119 2
551 120 2
551 121 2
576 1 2
576 2 2
576 3 2
576 4 2
576 5 2
576 6 2
576 7 2
576 8 2
576 9 2
576 10 1
576 11 2
576 12 2
576 13 2
576 14 2
576 15 2
576 16 2
576 17 2
576 18 2
576 19 2
576 20 2
576 21 1
576 22 2
576 23 2
576 24 2
576 25 2
576 26 2
576 27 2
576 28 2
576 29 2
576 30 2
576 31 2
576 32 1
576 33 1
576 34 2
576 35 2
576 36 2
576 37 2
576 38 2
576 39 2
576 40 2
576 41 2
576 42 2
576 43 2
576 44 1
576 45 2
576 46 2
576 47 2
576 48 2
576 49 2
576 50 2
576 51 2
576 52 2
576 53 2
576 54 2
576 55 2
576 56 2
576 57 2
576 58 2
576 59 2
576 60 2
576 61 2
576 62 2
576 63 2
576 64 2
576 65 2
576 66 2
576 67 2
576 68 2
576 69 2
576 70 2
576 71 2
576 72 2
576 73 2
576 74 2
576 75 2
576 76 2
576 77 2
576 78 2
576 79 2
576 80 2
576 81 2
576 82 2
576 83 2
576 84 2
576 85 2
576 86 2
576 87 2
576 88 2
576 89 2
576 90 2
576 91 2
576 92 2
576 93 2
576 94 2
576 95 2
576 96 2
576 97 2
576 98 2
576 99 2
576 100 2
576 101 2
576 102 2
576 103 2
576 104 2
576 105 2
576 106 2
576 107 2
576 108 2
576 109 2
576 110 2
576 111 2
576 112 2
576 113 2
576 114 2
576 115 2
576 116 2
576 117 2
576 118 2
576 119 2
576 120 2
576 121 2
601 1 2
601 2 2
601 3 2
601 4 2
601 5 2
601 6 2
601 7 2
601 8 2
601 9 2
601 10 2
601 11 2
601 12 2
601 13 2
601 14 2
601 15 2
601 16 2
601 17 2
601 18 2
601 19 2
601 20 2
601 21 1
601 22 2
601 23 2
601 24 2
601 25 2
601 26 2
601 27 2
601 28 2
601 29 2
601 30 2
601 31 2
601 32 2
601 33 2
601 34 2
601 35 2
601 36 2
601 37 2
601 38 2
601 39 2
601 40 2
601 41 2
601 42 2
601 43 2
601 44 2
601 45 2
601 46 2
601 47 2
601 48 2
601 49 2
601 50 2
601 51 2
601 52 2
601 53 2
601 54 2
601 55 1
601 56 2
601 57 2
601 58 2
601 59 2
601 60 2
601 61 2
601 62 2
601 63 2
601 64 2
601 65 2
601 66 2
601 67 2
601 68 2
601 69 2
601 70 2
601 71 2
601 72 2
601 73 2
601 74 2
601 75 2
601 76 2
601 77 2
601 78 2
601 79 2
601 80 2
601 81 2
601 82 2
601 83 2
601 84 2
601 85 2
601 86 2
601 87 2
601 88 2
601 89 2
601 90 2
601 91 2
601 92 2
601 93 2
601 94 2
601 95 2
601 96 2
601 97 2
601 98 2
601 99 2
601 100 2
601 101 2
601 102 2
601 103 2
601 104 2
601 105 2
601 106 2
601 107 2
601 108 2
601 109 2
601 110 2
601 111 2
601 112 2
601 113 2
601 114 2
601 115 2
601 116 2
601 117 2
601 118 2
601 119 2
601 120 2
601 121 2
626 1 2
626 2 2
626 3 2
626 4 2
626 5 2
626 6 2
626 7 2
626 8 2
626 9 2
626 10 1
626 11 2
626 12 2
626 13 2
626 14 2
626 15 2
626 16 2
626 17 2
626 18 2
626 19 2
626 20 2
626 21 1
626 22 2
626 23 2
626 24 2
626 25 2
626 26 2
626 27 2
626 28 2
626 29 2
626 30 2
626 31 2
626 32 1
626 33 1
626 34 2
626 35 2
626 36 2
626 37 2
626 38 2
626 39 2
626 40 2
626 41 2
626 42 2
626 43 2
626 44 2
626 45 2
626 46 2
626 47 2
626 48 2
626 49 2
626 50 2
626 51 2
626 52 2
626 53 2
626 54 2
626 55 2
626 56 2
626 57 2
626 58 2
626 59 2
626 60 2
626 61 2
626 62 2
626 63 2
626 64 2
626 65 2
626 66 2
626 67 2
626 68 2
626 69 2
626 70 2
626 71 2
626 72 2
626 73 2
626 74 2
626 75 2
626 76 2
626 77 2
626 78 2
626 79 2
626 80 2
626 81 2
626 82 2
626 83 2
626 84 2
626 85 2
626 86 2
626 87 2
626 88 2
626 89 2
626 90 2
626 91 2
626 92 2
626 93 2
626 94 2
626 95 2
626 96 2
626 97 2
626 98 2
626 99 2
626 100 2
626 101 2
626 102 2
626 103 2
626 104 2
626 105 2
626 106 2
626 107 2
626 108 2
626 109 2
626 110 2
626 111 2
626 112 2
626 113 2
626 114 2
626 115 2
626 116 2
626 117 2
626 118 2
626 119 2
626 120 2
626 121 2
651 1 2
651 2 2
651 3 2
651 4 2
651 5 2
651 6 2
651 7 2
651 8 2
651 9 2
651 10 2
651 11 2
651 12 2
651 13 2
651 14 2
651 15 2
651 16 2
651 17 2
651 18 2
651 19 2
651 20 1
651 21 2
651 22 2
651 23 2
651 24 2
651 25 2
651 26 2
651 27 2
651 28 2
651 29 2
651 30 2
651 31 2
651 32 1
651 33 2
651 34 2
651 35 2
651 36 2
651 37 2
651 38 2
651 39 2
651 40 2
651 41 2
651 42 2
651 43 2
651 44 2
651 45 2
651 46 2
651 47 2
651 48 2
651 49 2
651 50 2
651 51 2
651 52 2
651 53 2
651 54 2
651 55 2
651 56 2
651 57 2
651 58 2
651 59 2
651 60 2
651 61 2
651 62 2
651 63 2
651 64 2
651 65 2
651 66 2
651 67 2
651 68 2
651 69 2
651 70 2
651 71 2
651 72 2
651 73 2
651 74 2
651 75 2
651 76 2
651 77 2
651 78 2
651 79 2
651 80 2
651 81 2
651 82 2
651 83 2
651 84 2
651 85 2
651 86 2
651 87 2
651 88 2
651 89 2
651 90 2
651 91 2
651 92 2
651 93 2
651 94 2
651 95 2
651 96 2
651 97 2
651 98 2
651 99 2
651 100 2
651 101 2
651 102 2
651 103 2
651 104 2
651 105 2
651 106 2
651 107 2
651 108 2
651 109 2
651 110 2
651 111 2
651 112 2
651 113 2
651 114 2
651 115 2
651 116 2
651 117 2
651 118 2
651 119 2
651 120 2
651 121 2
676 1 2
676 2 2
676 3 2
676 4 2
676 5 2
676 6 2
676 7 2
676 8 2
676 9 2
676 10 2
676 11 1
676 12 2
676 13 2
676 14 2
676 15 2
676 16 2
676 17 2
676 18 2
676 19 2
676 20 2
676 21 2
676 22 1
676 23 2
676 24 2
676 25 2
676 26 2
676 27 2
676 28 2
676 29 2
676 30 2
676 31 2
676 32 2
676 33 2
676 34 2
676 35 2
676 36 2
676 37 2
676 38 2
676 39 2
676 40 2
676 41 2
676 42 2
676 43 2
676 44 2
676 45 2
676 46 2
676 47 2
676 48 2
676 49 2
676 50 2
676 51 2
676 52 2
676 53 2
676 54 2
676 55 2
676 56 2
676 57 2
676 58 2
676 59 2
676 60 2
676 61 2
676 62 2
676 63 2
676 64 2
676 65 2
676 66 2
676 67 2
676 68 2
676 69 2
676 70 2
676 71 2
676 72 2
676 73 2
676 74 2
676 75 2
676 76 2
676 77 2
676 78 2
676 79 2
676 80 2
676 81 2
676 82 2
676 83 2
676 84 2
676 85 2
676 86 2
676 87 2
676 88 2
676 89 2
676 90 2
676 91 2
676 92 2
676 93 2
676 94 2
676 95 2
676 96 2
676 97 2
676 98 2
676 99 2
676 100 2
676 101 2
676 102 2
676 103 2
676 104 2
676 105 2
676 106 2
676 107 2
676 108 2
676 109 2
676 110 2
676 111 2
676 112 2
676 113 2
676 114 2
676 115 2
676 116 2
676 117 2
676 118 2
676 119 2
676 120 2
676 121 2
701 1 2
701 2 2
701 3 2
701 4 2
701 5 2
701 6 2
701 7 2
701 8 2
701 9 2
701 10 2
701 11 2
701 12 2
701 13 2
701 14 2
701 15 2
701 16 2
701 17 2
701 18 2
701 19 2
701 20 2
701 21 1
701 22 2
701 23 2
701 24 2
701 25 2
701 26 2
701 27 2
701 28 2
701 29 2
701 30 2
701 31 2
701 32 1
701 33 2
701 34 2
701 35 2
701 36 2
701 37 2
701 38 2
701 39 2
701 40 2
701 41 2
701 42 2
701 43 1
701 44 2
701 45 2
701 46 2
701 47 2
701 48 2
701 49 2
701 50 2
701 51 2
701 52 2
701 53 2
701 54 2
701 55 2
701 56 2
701 57 2
701 58 2
701 59 2
701 60 2
701 61 2
701 62 2
701 63 2
701 64 2
701 65 2
701 66 2
701 67 2
701 68 2
701 69 2
701 70 2
701 71 2
701 72 2
701 73 2
701 74 2
701 75 2
701 76 2
701 77 2
701 78 2
701 79 2
701 80 2
701 81 2
701 82 2
701 83 2
701 84 2
701 85 2
701 86 2
701 87 2
701 88 2
701 89 2
701 90 2
701 91 2
701 92 2
701 93 2
701 94 2
701 95 2
701 96 2
701 97 2
701 98 2
701 99 2
701 100 2
701 101 2
701 102 2
701 103 2
701 104 2
701 105 2
701 106 2
701 107 2
701 108 2
701 109 2
701 110 2
701 111 2
701 112 2
701 113 2
701 114 2
701 115 2
701 116 2
701 117 2
701 118 2
701 119 2
701 120 2
701 121 2
726 1 2
726 2 2
726 3 2
726 4 2
726 5 2
726 6 2
726 7 2
726 8 2
726 9 2
726 10 2
726 11 2
726 12 2
726 13 2
726 14 2
726 15 2
726 16 2
726 17 2
726 18 2
726 19 2
726 20 2
726 21 2
726 22 2
726 23 2
726 24 2
726 25 2
726 26 2
726 27 2
726 28 2
726 29 2
726 30 2
726 31 1
726 32 2
726 33 2
726 34 2
726 35 2
726 36 2
726 37 2
726 38 2
726 39 2
726 40 2
726 41 2
726 42 2
726 43 2
726 44 2
726 45 2
726 46 2
726 47 2
726 48 2
726 49 2
726 50 2
726 51 2
726 52 2
726 53 2
726 54 2
726 55 2
726 56 2
726 57 2
726 58 2
726 59 2
726 60 2
726 61 2
726 62 2
726 63 2
726 64 2
726 65 2
726 66 2
726 67 2
726 68 2
726 69 2
726 70 2
726 71 2
726 72 2
726 73 2
726 74 2
726 75 2
726 76 2
726 77 2
726 78 2
726 79 2
726 80 2
726 81 2
726 82 2
726 83 2
726 84 2
726 85 2
726 86 2
726 87 2
726 88 2
726 89 2
726 90 2
726 91 2
726 92 2
726 93 2
726 94 2
726 95 2
726 96 2
726 97 2
726 98 2
726 99 2
726 100 2
726 101 2
726 102 2
726 103 2
726 104 2
726 105 2
726 106 2
726 107 2
726 108 2
726 109 2
726 110 2
726 111 2
726 112 2
726 113 2
726 114 2
726 115 2
726 116 2
726 117 2
726 118 2
726 119 2
726 120 2
726 121 2
751 1 2
751 2 2
751 3 2
751 4 2
751 5 2
751 6 2
751 7 2
751 8 2
751 9 2
751 10 2
751 11 2
751 12 2
751 13 2
751 14 2
751 15 2
751 16 2
751 17 2
751 18 2
751 19 2
751 20 2
751 21 1
751 22 2
751 23 2
751 24 2
751 25 2
751 26 2
751 27 2
751 28 2
751 29 2
751 30 2
751 31 2
751 32 1
751 33 2
751 34 2
751 35 2
751 