1 5085
26 1930
51 1855
76 1806
101 1836
126 1858
151 1833
176 1749
201 1856
226 1855
251 1879
276 1894
301 1805
326 1795
351 1890
376 1876
401 1857
426 1934
451 1847
476 1793
501 1875
526 1818
551 1723
576 1913
601 1827
626 1861
651 1937
676 1827
701 1782
726 1879
751 1901
776 1853
801 1822
826 1815
851 1796
876 1851
901 1813
926 1833
951 1794
976 1797
1001 1874
1026 1750
1051 1821
1076 1857
1101 1816
1126 1774
1151 1808
1176 1841
1201 1835
1226 1870
1251 1793
1276 1851
1301 1903
1326 1752
1351 1795
1376 1759
1401 1771
1426 1866
1451 1842
1476 1762
1501 1663
1526 1718
1551 1781
1576 1838
1601 1751
1626 1813
1651 1835
1676 1892
1701 1789
1726 1800
1751 1842
1776 1762
1801 1892
1826 1813
1851 1902
1876 1784
1901 1758
1926 1821
1951 1822
1976 1874
