1 1 112
1 2 110
1 3 137
1 4 132
1 5 114
1 6 120
1 7 124
1 8 128
1 9 112
1 10 104
1 11 107
1 12 94
1 13 123
1 14 126
1 15 113
1 16 130
1 17 105
1 18 123
1 19 133
1 20 123
1 21 114
1 22 99
1 23 122
1 24 108
1 25 98
1 26 106
1 27 117
1 28 92
1 29 106
1 30 116
1 31 134
1 32 122
1 33 115
1 34 120
1 35 139
1 36 120
1 37 105
1 38 118
1 39 118
1 40 102
1 41 128
1 42 109
1 43 139
1 44 114
1 45 114
1 46 123
1 47 98
1 48 127
1 49 135
1 50 113
1 51 94
1 52 122
1 53 121
1 54 113
1 55 128
1 56 133
1 57 124
1 58 110
1 59 121
1 60 99
1 61 121
1 62 124
1 63 119
1 64 131
1 65 122
1 66 122
1 67 120
1 68 117
1 69 114
1 70 96
1 71 117
1 72 134
1 73 105
1 74 107
1 75 132
1 76 126
1 77 122
1 78 117
1 79 107
1 80 98
1 81 104
1 82 137
1 83 128
1 84 122
1 85 118
1 86 136
1 87 108
1 88 122
1 89 121
1 90 123
1 91 126
1 92 131
1 93 128
1 94 129
1 95 128
26 1 8
26 2 11
26 3 54
26 4 17
26 5 117
26 6 2
26 7 53
26 8 5
26 9 6
26 10 6
26 11 55
26 12 10
26 13 319
26 14 30
26 15 4
26 16 13
26 17 3
26 18 424
26 19 4
26 20 6
26 21 6
26 22 157
26 23 154
26 24 30
26 25 14
26 26 73
26 27 2
26 28 3
26 29 22
26 30 2
26 31 166
26 32 4
26 33 1
26 34 5
26 35 126
26 36 1
26 37 5
26 38 5
26 39 166
26 40 124
26 41 80
26 42 58
26 43 131
26 44 24
26 45 37
26 46 34
26 47 54
26 48 12
26 49 35
26 50 18
26 51 15
26 52 23
26 53 18
26 54 15
26 55 16
26 56 20
26 57 313
26 58 3
26 59 4
26 60 2
26 61 80
26 62 4
26 63 264
26 64 2
26 65 7
26 66 31
26 67 213
26 68 16
26 69 19
26 70 29
26 71 68
26 72 22
26 73 174
26 74 9
26 75 35
26 76 33
26 77 50
26 78 7
26 79 53
26 80 17
26 81 3
26 82 20
26 83 9
26 84 10
26 85 17
26 86 13
26 87 121
26 88 1
26 89 213
26 90 14
26 91 20
26 92 8
26 93 3
26 94 26
26 95 57
51 1 1
51 2 0
51 3 10
51 4 3
51 5 49
51 6 0
51 7 41
51 8 2
51 9 1
51 10 1
51 11 7
51 12 0
51 13 591
51 14 6
51 15 0
51 16 2
51 17 2
51 18 1216
51 19 1
51 20 0
51 21 0
51 22 262
51 23 121
51 24 3
51 25 2
51 26 57
51 27 0
51 28 1
51 29 7
51 30 0
51 31 64
51 32 0
51 33 0
51 34 0
51 35 340
51 36 0
51 37 0
51 38 0
51 39 94
51 40 42
51 41 31
51 42 23
51 43 95
51 44 9
51 45 6
51 46 9
51 47 14
51 48 0
51 49 8
51 50 4
51 51 2
51 52 9
51 53 1
51 54 5
51 55 0
51 56 1
51 57 257
51 58 1
51 59 1
51 60 0
51 61 62
51 62 0
51 63 387
51 64 0
51 65 4
51 66 1
51 67 238
51 68 1
51 69 1
51 70 1
51 71 15
51 72 4
51 73 253
51 74 0
51 75 3
51 76 7
51 77 15
51 78 3
51 79 22
51 80 2
51 81 0
51 82 2
51 83 0
51 84 2
51 85 0
51 86 0
51 87 49
51 88 0
51 89 605
51 90 1
51 91 0
51 92 0
51 93 1
51 94 11
51 95 12
76 1 0
76 2 1
76 3 2
76 4 0
76 5 4
76 6 0
76 7 17
76 8 1
76 9 0
76 10 0
76 11 3
76 12 0
76 13 301
76 14 0
76 15 1
76 16 1
76 17 0
76 18 1411
76 19 1
76 20 0
76 21 1
76 22 166
76 23 43
76 24 0
76 25 0
76 26 11
76 27 0
76 28 0
76 29 0
76 30 1
76 31 10
76 32 1
76 33 0
76 34 0
76 35 881
76 36 0
76 37 0
76 38 1
76 39 30
76 40 7
76 41 10
76 42 5
76 43 17
76 44 0
76 45 3
76 46 0
76 47 3
76 48 1
76 49 0
76 50 1
76 51 0
76 52 1
76 53 0
76 54 1
76 55 0
76 56 1
76 57 63
76 58 0
76 59 0
76 60 0
76 61 94
76 62 1
76 63 620
76 64 0
76 65 0
76 66 0
76 67 145
76 68 1
76 69 0
76 70 0
76 71 3
76 72 0
76 73 393
76 74 0
76 75 1
76 76 0
76 77 7
76 78 0
76 79 15
76 80 1
76 81 0
76 82 1
76 83 0
76 84 0
76 85 1
76 86 1
76 87 6
76 88 0
76 89 1009
76 90 0
76 91 0
76 92 0
76 93 1
76 94 2
76 95 7
101 1 0
101 2 0
101 3 0
101 4 1
101 5 0
101 6 0
101 7 6
101 8 1
101 9 0
101 10 0
101 11 0
101 12 1
101 13 191
101 14 0
101 15 0
101 16 0
101 17 1
101 18 1301
101 19 1
101 20 0
101 21 0
101 22 24
101 23 19
101 24 0
101 25 0
101 26 4
101 27 0
101 28 1
101 29 0
101 30 0
101 31 1
101 32 0
101 33 0
101 34 0
101 35 1000
101 36 0
101 37 0
101 38 0
101 39 15
101 40 0
101 41 2
101 42 4
101 43 0
101 44 0
101 45 0
101 46 0
101 47 0
101 48 0
101 49 1
101 50 2
101 51 0
101 52 0
101 53 1
101 54 0
101 55 0
101 56 0
101 57 9
101 58 2
101 59 1
101 60 0
101 61 97
101 62 0
101 63 1088
101 64 0
101 65 0
101 66 0
101 67 64
101 68 0
101 69 0
101 70 1
101 71 0
101 72 2
101 73 682
101 74 2
101 75 1
101 76 0
101 77 0
101 78 0
101 79 0
101 80 0
101 81 0
101 82 0
101 83 2
101 84 0
101 85 0
101 86 0
101 87 2
101 88 0
101 89 1008
101 90 0
101 91 0
101 92 0
101 93 0
101 94 0
101 95 0
126 1 0
126 2 0
126 3 0
126 4 0
126 5 0
126 6 0
126 7 4
126 8 0
126 9 0
126 10 0
126 11 2
126 12 0
126 13 112
126 14 1
126 15 1
126 16 0
126 17 0
126 18 1247
126 19 0
126 20 0
126 21 0
126 22 10
126 23 6
126 24 2
126 25 0
126 26 0
126 27 0
126 28 0
126 29 0
126 30 0
126 31 0
126 32 0
126 33 1
126 34 0
126 35 933
126 36 0
126 37 0
126 38 0
126 39 8
126 40 0
126 41 4
126 42 9
126 43 3
126 44 0
126 45 0
126 46 0
126 47 0
126 48 0
126 49 0
126 50 4
126 51 0
126 52 0
126 53 0
126 54 0
126 55 0
126 56 1
126 57 5
126 58 0
126 59 0
126 60 0
126 61 76
126 62 0
126 63 953
126 64 0
126 65 0
126 66 1
126 67 45
126 68 1
126 69 0
126 70 0
126 71 0
126 72 0
126 73 1445
126 74 0
126 75 0
126 76 0
126 77 4
126 78 0
126 79 0
126 80 0
126 81 0
126 82 0
126 83 0
126 84 0
126 85 0
126 86 0
126 87 0
126 88 1
126 89 646
126 90 0
126 91 0
126 92 1
126 93 0
126 94 1
126 95 0
151 1 0
151 2 0
151 3 0
151 4 1
151 5 0
151 6 0
151 7 0
151 8 0
151 9 0
151 10 0
151 11 0
151 12 0
151 13 249
151 14 0
151 15 1
151 16 0
151 17 0
151 18 1531
151 19 0
151 20 0
151 21 2
151 22 0
151 23 0
151 24 0
151 25 0
151 26 0
151 27 1
151 28 0
151 29 0
151 30 1
151 31 0
151 32 0
151 33 0
151 34 0
151 35 1187
151 36 0
151 37 0
151 38 0
151 39 4
151 40 0
151 41 2
151 42 5
151 43 6
151 44 0
151 45 0
151 46 0
151 47 1
151 48 0
151 49 0
151 50 0
151 51 0
151 52 0
151 53 1
151 54 0
151 55 0
151 56 0
151 57 0
151 58 0
151 59 0
151 60 0
151 61 112
151 62 0
151 63 530
151 64 0
151 65 0
151 66 0
151 67 22
151 68 0
151 69 0
151 70 0
151 71 0
151 72 0
151 73 1632
151 74 0
151 75 0
151 76 0
151 77 0
151 78 0
151 79 0
151 80 0
151 81 0
151 82 0
151 83 0
151 84 0
151 85 0
151 86 3
151 87 1
151 88 0
151 89 323
151 90 0
151 91 0
151 92 0
151 93 1
151 94 1
151 95 0
176 1 1
176 2 0
176 3 1
176 4 0
176 5 2
176 6 0
176 7 0
176 8 0
176 9 0
176 10 0
176 11 0
176 12 0
176 13 270
176 14 0
176 15 1
176 16 0
176 17 0
176 18 1311
176 19 0
176 20 0
176 21 0
176 22 0
176 23 0
176 24 0
176 25 0
176 26 1
176 27 0
176 28 0
176 29 0
176 30 0
176 31 2
176 32 1
176 33 0
176 34 0
176 35 1650
176 36 1
176 37 0
176 38 0
176 39 0
176 40 2
176 41 0
176 42 0
176 43 5
176 44 0
176 45 0
176 46 0
176 47 0
176 48 0
176 49 0
176 50 0
176 51 1
176 52 3
176 53 0
176 54 1
176 55 0
176 56 0
176 57 0
176 58 0
176 59 0
176 60 0
176 61 298
176 62 0
176 63 437
176 64 1
176 65 0
176 66 1
176 67 3
176 68 0
176 69 0
176 70 0
176 71 1
176 72 0
176 73 1557
176 74 0
176 75 0
176 76 0
176 77 0
176 78 0
176 79 0
176 80 1
176 81 1
176 82 0
176 83 0
176 84 0
176 85 0
176 86 0
176 87 0
176 88 1
176 89 200
176 90 1
176 91 0
176 92 0
176 93 0
176 94 0
176 95 0
201 1 0
201 2 1
201 3 0
201 4 1
201 5 0
201 6 1
201 7 0
201 8 0
201 9 0
201 10 0
201 11 0
201 12 0
201 13 156
201 14 0
201 15 0
201 16 0
201 17 0
201 18 1329
201 19 0
201 20 0
201 21 1
201 22 0
201 23 0
201 24 0
201 25 0
201 26 0
201 27 0
201 28 0
201 29 0
201 30 0
201 31 1
201 32 0
201 33 1
201 34 0
201 35 1881
201 36 0
201 37 0
201 38 0
201 39 0
201 40 0
201 41 0
201 42 0
201 43 0
201 44 1
201 45 1
201 46 0
201 47 0
201 48 0
201 49 0
201 50 0
201 51 0
201 52 0
201 53 0
201 54 0
201 55 0
201 56 1
201 57 1
201 58 0
201 59 0
201 60 0
201 61 391
201 62 0
201 63 306
201 64 0
201 65 0
201 66 1
201 67 0
201 68 0
201 69 0
201 70 0
201 71 0
201 72 2
201 73 1612
201 74 0
201 75 0
201 76 0
201 77 4
201 78 1
201 79 0
201 80 0
201 81 0
201 82 0
201 83 0
201 84 0
201 85 0
201 86 1
201 87 0
201 88 0
201 89 64
201 90 0
201 91 0
201 92 1
201 93 0
201 94 1
201 95 0
226 1 1
226 2 0
226 3 0
226 4 0
226 5 1
226 6 1
226 7 0
226 8 1
226 9 0
226 10 0
226 11 0
226 12 0
226 13 148
226 14 0
226 15 2
226 16 0
226 17 0
226 18 1277
226 19 0
226 20 1
226 21 0
226 22 0
226 23 0
226 24 0
226 25 0
226 26 0
226 27 0
226 28 0
226 29 0
226 30 0
226 31 2
226 32 0
226 33 0
226 34 1
226 35 2045
226 36 0
226 37 0
226 38 0
226 39 2
226 40 0
226 41 0
226 42 1
226 43 0
226 44 1
226 45 0
226 46 0
226 47 0
226 48 1
226 49 1
226 50 0
226 51 0
226 52 0
226 53 0
226 54 1
226 55 2
226 56 0
226 57 0
226 58 0
226 59 0
226 60 0
226 61 401
226 62 0
226 63 196
226 64 1
226 65 0
226 66 0
226 67 0
226 68 0
226 69 0
226 70 0
226 71 0
226 72 1
226 73 1575
226 74 0
226 75 0
226 76 0
226 77 0
226 78 0
226 79 0
226 80 0
226 81 0
226 82 0
226 83 1
226 84 2
226 85 0
226 86 0
226 87 0
226 88 0
226 89 23
226 90 1
226 91 0
226 92 0
226 93 0
226 94 1
226 95 0
251 1 0
251 2 0
251 3 0
251 4 0
251 5 0
251 6 0
251 7 0
251 8 0
251 9 0
251 10 0
251 11 0
251 12 1
251 13 120
251 14 0
251 15 0
251 16 0
251 17 1
251 18 1262
251 19 0
251 20 0
251 21 0
251 22 6
251 23 0
251 24 0
251 25 1
251 26 1
251 27 0
251 28 1
251 29 0
251 30 1
251 31 4
251 32 0
251 33 0
251 34 0
251 35 2259
251 36 1
251 37 0
251 38 1
251 39 1
251 40 0
251 41 0
251 42 0
251 43 0
251 44 0
251 45 0
251 46 0
251 47 0
251 48 0
251 49 0
251 50 0
251 51 0
251 52 0
251 53 0
251 54 0
251 55 0
251 56 0
251 57 0
251 58 0
251 59 1
251 60 0
251 61 402
251 62 0
251 63 215
251 64 1
251 65 0
251 66 0
251 67 0
251 68 0
251 69 0
251 70 0
251 71 0
251 72 0
251 73 1507
251 74 0
251 75 0
251 76 0
251 77 0
251 78 0
251 79 1
251 80 0
251 81 0
251 82 0
251 83 2
251 84 0
251 85 1
251 86 0
251 87 0
251 88 0
251 89 0
251 90 0
251 91 1
251 92 0
251 93 0
251 94 0
251 95 0
276 1 0
276 2 0
276 3 0
276 4 0
276 5 2
276 6 0
276 7 0
276 8 0
276 9 1
276 10 0
276 11 0
276 12 0
276 13 135
276 14 0
276 15 0
276 16 0
276 17 1
276 18 1223
276 19 0
276 20 0
276 21 0
276 22 1
276 23 0
276 24 0
276 25 0
276 26 0
276 27 1
276 28 0
276 29 0
276 30 0
276 31 0
276 32 0
276 33 0
276 34 0
276 35 2025
276 36 0
276 37 0
276 38 0
276 39 0
276 40 2
276 41 2
276 42 0
276 43 0
276 44 0
276 45 1
276 46 0
276 47 0
276 48 1
276 49 0
276 50 0
276 51 0
276 52 1
276 53 0
276 54 0
276 55 1
276 56 0
276 57 6
276 58 0
276 59 0
276 60 0
276 61 415
276 62 0
276 63 259
276 64 0
276 65 0
276 66 0
276 67 0
276 68 0
276 69 0
276 70 0
276 71 0
276 72 1
276 73 1653
276 74 0
276 75 2
276 76 0
276 77 0
276 78 0
276 79 0
276 80 0
276 81 0
276 82 0
276 83 0
276 84 0
276 85 0
276 86 1
276 87 2
276 88 0
276 89 0
276 90 0
276 91 1
276 92 1
276 93 0
276 94 0
276 95 0
301 1 0
301 2 0
301 3 0
301 4 0
301 5 1
301 6 0
301 7 0
301 8 0
301 9 0
301 10 1
301 11 0
301 12 0
301 13 209
301 14 0
301 15 0
301 16 0
301 17 0
301 18 1153
301 19 0
301 20 2
301 21 0
301 22 2
301 23 0
301 24 0
301 25 1
301 26 0
301 27 2
301 28 0
301 29 0
301 30 0
301 31 0
301 32 0
301 33 0
301 34 0
301 35 1955
301 36 0
301 37 2
301 38 1
301 39 0
301 40 2
301 41 0
301 42 0
301 43 1
301 44 0
301 45 0
301 46 4
301 47 0
301 48 0
301 49 0
301 50 1
301 51 0
301 52 0
301 53 0
301 54 0
301 55 0
301 56 1
301 57 5
301 58 1
301 59 0
301 60 2
301 61 481
301 62 0
301 63 259
301 64 0
301 65 1
301 66 0
301 67 0
301 68 0
301 69 1
301 70 0
301 71 0
301 72 0
301 73 1619
301 74 1
301 75 0
301 76 0
301 77 1
301 78 0
301 79 0
301 80 0
301 81 1
301 82 0
301 83 0
301 84 1
301 85 1
301 86 0
301 87 0
301 88 0
301 89 1
301 90 1
301 91 0
301 92 1
301 93 0
301 94 0
301 95 0
326 1 0
326 2 0
326 3 0
326 4 0
326 5 1
326 6 1
326 7 0
326 8 0
326 9 0
326 10 0
326 11 0
326 12 0
326 13 251
326 14 2
326 15 0
326 16 0
326 17 0
326 18 1006
326 19 0
326 20 0
326 21 1
326 22 0
326 23 3
326 24 0
326 25 0
326 26 1
326 27 0
326 28 0
326 29 0
326 30 0
326 31 0
326 32 0
326 33 0
326 34 0
326 35 1877
326 36 0
326 37 0
326 38 0
326 39 0
326 40 5
326 41 2
326 42 1
326 43 0
326 44 1
326 45 0
326 46 0
326 47 0
326 48 0
326 49 0
326 50 0
326 51 0
326 52 0
326 53 0
326 54 0
326 55 0
326 56 0
326 57 0
326 58 0
326 59 0
326 60 0
326 61 562
326 62 0
326 63 199
326 64 0
326 65 2
326 66 1
326 67 0
326 68 0
326 69 0
326 70 0
326 71 0
326 72 1
326 73 1815
326 74 2
326 75 1
326 76 1
326 77 0
326 78 0
326 79 0
326 80 1
326 81 1
326 82 0
326 83 0
326 84 0
326 85 0
326 86 0
326 87 2
326 88 0
326 89 1
326 90 0
326 91 0
326 92 0
326 93 0
326 94 0
326 95 0
351 1 0
351 2 0
351 3 0
351 4 1
351 5 0
351 6 0
351 7 0
351 8 0
351 9 0
351 10 0
351 11 0
351 12 0
351 13 385
351 14 1
351 15 2
351 16 1
351 17 0
351 18 1055
351 19 0
351 20 0
351 21 0
351 22 0
351 23 3
351 24 1
351 25 0
351 26 0
351 27 0
351 28 0
351 29 1
351 30 0
351 31 0
351 32 1
351 33 0
351 34 0
351 35 1907
351 36 3
351 37 0
351 38 1
351 39 0
351 40 0
351 41 0
351 42 0
351 43 1
351 44 0
351 45 0
351 46 0
351 47 0
351 48 0
351 49 0
351 50 0
351 51 1
351 52 0
351 53 0
351 54 0
351 55 0
351 56 1
351 57 0
351 58 0
351 59 0
351 60 0
351 61 652
351 62 0
351 63 88
351 64 0
351 65 0
351 66 0
351 67 0
351 68 0
351 69 0
351 70 0
351 71 0
351 72 0
351 73 1590
351 74 0
351 75 0
351 76 0
351 77 0
351 78 0
351 79 0
351 80 0
351 81 0
351 82 1
351 83 0
351 84 0
351 85 0
351 86 0
351 87 0
351 88 0
351 89 0
351 90 0
351 91 0
351 92 0
351 93 0
351 94 0
351 95 0
376 1 0
376 2 0
376 3 0
376 4 1
376 5 0
376 6 0
376 7 0
376 8 1
376 9 0
376 10 0
376 11 0
376 12 0
376 13 361
376 14 0
376 15 0
376 16 1
376 17 0
376 18 1180
376 19 0
376 20 0
376 21 1
376 22 1
376 23 0
376 24 1
376 25 0
376 26 0
376 27 1
376 28 0
376 29 0
376 30 0
376 31 0
376 32 0
376 33 0
376 34 0
376 35 2012
376 36 1
376 37 0
376 38 0
376 39 0
376 40 1
376 41 0
376 42 2
376 43 4
376 44 0
376 45 2
376 46 0
376 47 0
376 48 0
376 49 0
376 50 0
376 51 0
376 52 0
376 53 1
376 54 0
376 55 0
376 56 0
376 57 5
376 58 0
376 59 0
376 60 0
376 61 573
376 62 0
376 63 102
376 64 0
376 65 0
376 66 0
376 67 0
376 68 0
376 69 1
376 70 1
376 71 0
376 72 0
376 73 1435
376 74 0
376 75 0
376 76 0
376 77 0
376 78 0
376 79 2
376 80 0
376 81 0
376 82 0
376 83 0
376 84 0
376 85 0
376 86 1
376 87 0
376 88 0
376 89 0
376 90 0
376 91 0
376 92 0
376 93 1
376 94 0
376 95 0
401 1 0
401 2 0
401 3 0
401 4 0
401 5 1
401 6 0
401 7 0
401 8 0
401 9 0
401 10 0
401 11 1
401 12 1
401 13 325
401 14 1
401 15 0
401 16 0
401 17 1
401 18 1060
401 19 2
401 20 0
401 21 0
401 22 0
401 23 0
401 24 1
401 25 1
401 26 0
401 27 0
401 28 0
401 29 0
401 30 1
401 31 0
401 32 0
401 33 0
401 34 0
401 35 2198
401 36 1
401 37 0
401 38 0
401 39 0
401 40 2
401 41 0
401 42 1
401 43 1
401 44 0
401 45 0
401 46 0
401 47 0
401 48 0
401 49 1
401 50 2
401 51 0
401 52 0
401 53 0
401 54 0
401 55 0
401 56 0
401 57 10
401 58 0
401 59 1
401 60 0
401 61 620
401 62 0
401 63 115
401 64 0
401 65 0
401 66 0
401 67 0
401 68 0
401 69 0
401 70 0
401 71 0
401 72 0
401 73 1322
401 74 0
401 75 1
401 76 0
401 77 0
401 78 1
401 79 1
401 80 0
401 81 0
401 82 0
401 83 0
401 84 0
401 85 0
401 86 0
401 87 0
401 88 0
401 89 0
401 90 0
401 91 0
401 92 0
401 93 0
401 94 0
401 95 0
426 1 0
426 2 0
426 3 0
426 4 0
426 5 0
426 6 0
426 7 0
426 8 0
426 9 0
426 10 0
426 11 1
426 12 1
426 13 327
426 14 0
426 15 0
426 16 0
426 17 0
426 18 1133
426 19 3
426 20 0
426 21 0
426 22 0
426 23 0
426 24 3
426 25 2
426 26 1
426 27 0
426 28 0
426 29 1
426 30 0
426 31 2
426 32 0
426 33 0
426 34 0
426 35 2009
426 36 0
426 37 0
426 38 0
426 39 0
426 40 1
426 41 1
426 42 3
426 43 1
426 44 0
426 45 0
426 46 0
426 47 0
426 48 0
426 49 0
426 50 0
426 51 0
426 52 0
426 53 0
426 54 1
426 55 0
426 56 1
426 57 0
426 58 0
426 59 0
426 60 2
426 61 512
426 62 0
426 63 166
426 64 2
426 65 1
426 66 0
426 67 0
426 68 0
426 69 0
426 70 0
426 71 0
426 72 0
426 73 1540
426 74 0
426 75 0
426 76 0
426 77 0
426 78 0
426 79 0
426 80 0
426 81 0
426 82 0
426 83 0
426 84 0
426 85 0
426 86 0
426 87 1
426 88 0
426 89 3
426 90 0
426 91 1
426 92 0
426 93 0
426 94 0
426 95 0
451 1 0
451 2 1
451 3 0
451 4 0
451 5 0
451 6 0
451 7 0
451 8 0
451 9 0
451 10 0
451 11 0
451 12 0
451 13 271
451 14 0
451 15 0
451 16 0
451 17 0
451 18 1146
451 19 2
451 20 1
451 21 0
451 22 0
451 23 0
451 24 0
451 25 0
451 26 1
451 27 0
451 28 0
451 29 1
451 30 0
451 31 0
451 32 0
451 33 0
451 34 2
451 35 1998
451 36 0
451 37 0
451 38 0
451 39 0
451 40 0
451 41 1
451 42 0
451 43 4
451 44 0
451 45 0
451 46 0
451 47 0
451 48 0
451 49 2
451 50 0
451 51 0
451 52 1
451 53 0
451 54 0
451 55 2
451 56 0
451 57 1
451 58 1
451 59 0
451 60 0
451 61 531
451 62 0
451 63 189
451 64 0
451 65 1
451 66 1
451 67 2
451 68 1
451 69 1
451 70 0
451 71 0
451 72 0
451 73 1564
451 74 0
451 75 0
451 76 0
451 77 0
451 78 0
451 79 0
451 80 0
451 81 0
451 82 0
451 83 0
451 84 0
451 85 0
451 86 0
451 87 1
451 88 2
451 89 2
451 90 0
451 91 0
451 92 1
451 93 0
451 94 0
451 95 2
476 1 1
476 2 0
476 3 0
476 4 0
476 5 0
476 6 0
476 7 0
476 8 1
476 9 0
476 10 0
476 11 0
476 12 0
476 13 257
476 14 0
476 15 0
476 16 1
476 17 0
476 18 1076
476 19 1
476 20 1
476 21 0
476 22 0
476 23 0
476 24 0
476 25 0
476 26 1
476 27 0
476 28 0
476 29 0
476 30 0
476 31 0
476 32 0
476 33 1
476 34 1
476 35 1992
476 36 0
476 37 1
476 38 0
476 39 0
476 40 3
476 41 1
476 42 0
476 43 5
476 44 1
476 45 0
476 46 0
476 47 0
476 48 0
476 49 0
476 50 0
476 51 0
476 52 0
476 53 0
476 54 0
476 55 0
476 56 0
476 57 0
476 58 0
476 59 0
476 60 1
476 61 642
476 62 0
476 63 195
476 64 0
476 65 1
476 66 0
476 67 0
476 68 0
476 69 0
476 70 0
476 71 2
476 72 0
476 73 1554
476 74 0
476 75 0
476 76 2
476 77 0
476 78 0
476 79 1
476 80 0
476 81 0
476 82 0
476 83 0
476 84 0
476 85 0
476 86 0
476 87 0
476 88 2
476 89 0
476 90 0
476 91 2
476 92 0
476 93 0
476 94 0
476 95 0
