1 1 3
1 2 1
1 3 33
1 4 7
1 5 15
1 6 4
1 7 1
1 8 1
1 9 7
1 10 2
1 11 111
1 12 5
1 13 161
1 14 4
1 15 6
1 16 3
1 17 0
1 18 16
1 19 4
1 20 70
1 21 3
1 22 8
1 23 3
1 24 3
1 25 71
1 26 479
1 27 4
1 28 19
1 29 2
1 30 182
1 31 5
1 32 1
1 33 4
1 34 1
1 35 88
1 36 5
1 37 3
1 38 58
1 39 3
1 40 3
1 41 212
1 42 14
1 43 5
1 44 382
1 45 20
1 46 43
1 47 5
1 48 554
1 49 105
1 50 5
1 51 3
1 52 2
1 53 120
1 54 200
1 55 2
1 56 0
1 57 4
1 58 7
1 59 3
1 60 9
1 61 573
1 62 31
1 63 202
1 64 346
1 65 3
1 66 9
1 67 4
1 68 46
1 69 1
1 70 1
1 71 76
1 72 14
1 73 3
1 74 22
1 75 1
1 76 6
1 77 3
1 78 1
1 79 4
1 80 14
1 81 2
1 82 4
1 83 3
1 84 0
1 85 180
1 86 132
1 87 6
1 88 2
1 89 3
1 90 149
1 91 29
1 92 131
1 93 5
1 94 5
1 95 2
26 1 2
26 2 2
26 3 37
26 4 5
26 5 7
26 6 25
26 7 1
26 8 1
26 9 9
26 10 18
26 11 90
26 12 1
26 13 99
26 14 26
26 15 2
26 16 10
26 17 0
26 18 5
26 19 15
26 20 52
26 21 4
26 22 22
26 23 1
26 24 1
26 25 70
26 26 354
26 27 1
26 28 23
26 29 11
26 30 154
26 31 1
26 32 1
26 33 10
26 34 3
26 35 72
26 36 13
26 37 2
26 38 57
26 39 18
26 40 2
26 41 132
26 42 13
26 43 1
26 44 318
26 45 40
26 46 54
26 47 23
26 48 454
26 49 139
26 50 10
26 51 1
26 52 1
26 53 99
26 54 142
26 55 0
26 56 13
26 57 26
26 58 6
26 59 30
26 60 45
26 61 413
26 62 33
26 63 167
26 64 283
26 65 0
26 66 17
26 67 4
26 68 25
26 69 1
26 70 17
26 71 45
26 72 6
26 73 15
26 74 3
26 75 23
26 76 7
26 77 7
26 78 3
26 79 5
26 80 4
26 81 1
26 82 6
26 83 5
26 84 1
26 85 101
26 86 156
26 87 4
26 88 9
26 89 4
26 90 155
26 91 24
26 92 148
26 93 12
26 94 9
26 95 5
51 1 1
51 2 3
51 3 31
51 4 3
51 5 2
51 6 22
51 7 1
51 8 5
51 9 4
51 10 22
51 11 82
51 12 0
51 13 104
51 14 32
51 15 2
51 16 4
51 17 3
51 18 4
51 19 17
51 20 60
51 21 0
51 22 10
51 23 2
51 24 21
51 25 70
51 26 303
51 27 0
51 28 39
51 29 18
51 30 167
51 31 13
51 32 3
51 33 0
51 34 0
51 35 62
51 36 31
51 37 0
51 38 68
51 39 24
51 40 2
51 41 132
51 42 1
51 43 3
51 44 384
51 45 14
51 46 51
51 47 14
51 48 501
51 49 88
51 50 14
51 51 2
51 52 4
51 53 127
51 54 174
51 55 1
51 56 2
51 57 35
51 58 19
51 59 3
51 60 42
51 61 375
51 62 27
51 63 152
51 64 281
51 65 7
51 66 3
51 67 13
51 68 20
51 69 1
51 70 18
51 71 49
51 72 7
51 73 12
51 74 1
51 75 15
51 76 1
51 77 50
51 78 2
51 79 1
51 80 2
51 81 16
51 82 1
51 83 1
51 84 34
51 85 128
51 86 134
51 87 4
51 88 25
51 89 0
51 90 168
51 91 13
51 92 176
51 93 14
51 94 12
51 95 8
76 1 2
76 2 1
76 3 38
76 4 1
76 5 10
76 6 29
76 7 3
76 8 5
76 9 1
76 10 17
76 11 88
76 12 4
76 13 95
76 14 57
76 15 3
76 16 4
76 17 2
76 18 6
76 19 19
76 20 52
76 21 2
76 22 20
76 23 3
76 24 21
76 25 67
76 26 257
76 27 2
76 28 47
76 29 41
76 30 163
76 31 13
76 32 1
76 33 3
76 34 5
76 35 70
76 36 18
76 37 0
76 38 97
76 39 13
76 40 6
76 41 122
76 42 2
76 43 2
76 44 370
76 45 23
76 46 49
76 47 2
76 48 493
76 49 97
76 50 10
76 51 3
76 52 0
76 53 137
76 54 161
76 55 2
76 56 5
76 57 22
76 58 28
76 59 0
76 60 32
76 61 366
76 62 22
76 63 171
76 64 295
76 65 9
76 66 18
76 67 19
76 68 14
76 69 6
76 70 19
76 71 39
76 72 1
76 73 20
76 74 1
76 75 27
76 76 2
76 77 20
76 78 1
76 79 0
76 80 2
76 81 32
76 82 13
76 83 0
76 84 33
76 85 97
76 86 121
76 87 2
76 88 24
76 89 6
76 90 181
76 91 9
76 92 165
76 93 4
76 94 12
76 95 16
101 1 4
101 2 13
101 3 41
101 4 2
101 5 5
101 6 41
101 7 2
101 8 4
101 9 18
101 10 8
101 11 92
101 12 0
101 13 97
101 14 51
101 15 4
101 16 15
101 17 1
101 18 3
101 19 20
101 20 43
101 21 1
101 22 7
101 23 1
101 24 24
101 25 65
101 26 237
101 27 0
101 28 45
101 29 30
101 30 141
101 31 23
101 32 3
101 33 2
101 34 29
101 35 79
101 36 5
101 37 2
101 38 78
101 39 22
101 40 4
101 41 150
101 42 0
101 43 5
101 44 376
101 45 27
101 46 50
101 47 4
101 48 491
101 49 81
101 50 17
101 51 4
101 52 2
101 53 151
101 54 159
101 55 2
101 56 26
101 57 16
101 58 19
101 59 4
101 60 20
101 61 400
101 62 22
101 63 171
101 64 299
101 65 1
101 66 38
101 67 29
101 68 13
101 69 12
101 70 8
101 71 33
101 72 1
101 73 22
101 74 3
101 75 24
101 76 2
101 77 32
101 78 4
101 79 3
101 80 2
101 81 41
101 82 21
101 83 2
101 84 27
101 85 68
101 86 77
101 87 1
101 88 14
101 89 3
101 90 147
101 91 15
101 92 158
101 93 2
101 94 10
101 95 35
126 1 2
126 2 5
126 3 37
126 4 9
126 5 5
126 6 32
126 7 11
126 8 8
126 9 37
126 10 24
126 11 104
126 12 0
126 13 99
126 14 60
126 15 16
126 16 16
126 17 2
126 18 4
126 19 39
126 20 16
126 21 1
126 22 25
126 23 4
126 24 14
126 25 76
126 26 272
126 27 0
126 28 40
126 29 34
126 30 170
126 31 13
126 32 1
126 33 5
126 34 27
126 35 83
126 36 0
126 37 4
126 38 54
126 39 22
126 40 3
126 41 168
126 42 3
126 43 1
126 44 360
126 45 15
126 46 56
126 47 3
126 48 487
126 49 83
126 50 3
126 51 9
126 52 1
126 53 111
126 54 159
126 55 18
126 56 29
126 57 7
126 58 2
126 59 0
126 60 15
126 61 452
126 62 19
126 63 131
126 64 341
126 65 4
126 66 23
126 67 11
126 68 17
126 69 19
126 70 10
126 71 22
126 72 2
126 73 3
126 74 3
126 75 30
126 76 2
126 77 15
126 78 0
126 79 4
126 80 3
126 81 47
126 82 24
126 83 1
126 84 28
126 85 57
126 86 68
126 87 1
126 88 28
126 89 0
126 90 155
126 91 20
126 92 193
126 93 15
126 94 6
126 95 31
151 1 23
151 2 3
151 3 35
151 4 7
151 5 2
151 6 7
151 7 22
151 8 6
151 9 25
151 10 21
151 11 97
151 12 0
151 13 91
151 14 32
151 15 25
151 16 16
151 17 4
151 18 2
151 19 40
151 20 12
151 21 1
151 22 36
151 23 2
151 24 9
151 25 65
151 26 321
151 27 3
151 28 38
151 29 31
151 30 209
151 31 14
151 32 2
151 33 7
151 34 30
151 35 85
151 36 21
151 37 0
151 38 57
151 39 3
151 40 1
151 41 104
151 42 3
151 43 4
151 44 334
151 45 13
151 46 60
151 47 3
151 48 468
151 49 92
151 50 1
151 51 3
151 52 3
151 53 77
151 54 203
151 55 43
151 56 13
151 57 21
151 58 1
151 59 1
151 60 1
151 61 445
151 62 5
151 63 125
151 64 328
151 65 0
151 66 21
151 67 24
151 68 25
151 69 7
151 70 9
151 71 18
151 72 4
151 73 4
151 74 12
151 75 19
151 76 4
151 77 6
151 78 0
151 79 0
151 80 1
151 81 30
151 82 22
151 83 2
151 84 68
151 85 44
151 86 68
151 87 0
151 88 37
151 89 6
151 90 187
151 91 16
151 92 202
151 93 8
151 94 4
151 95 30
176 1 22
176 2 6
176 3 15
176 4 3
176 5 1
176 6 4
176 7 27
176 8 4
176 9 1
176 10 23
176 11 80
176 12 3
176 13 90
176 14 15
176 15 30
176 16 3
176 17 7
176 18 2
176 19 29
176 20 9
176 21 5
176 22 45
176 23 4
176 24 11
176 25 49
176 26 348
176 27 3
176 28 25
176 29 5
176 30 203
176 31 1
176 32 0
176 33 2
176 34 44
176 35 76
176 36 14
176 37 9
176 38 61
176 39 3
176 40 7
176 41 87
176 42 2
176 43 2
176 44 301
176 45 8
176 46 54
176 47 11
176 48 531
176 49 141
176 50 0
176 51 6
176 52 0
176 53 71
176 54 238
176 55 34
176 56 13
176 57 30
176 58 3
176 59 4
176 60 3
176 61 386
176 62 1
176 63 145
176 64 372
176 65 6
176 66 20
176 67 22
176 68 41
176 69 9
176 70 4
176 71 0
176 72 5
176 73 1
176 74 9
176 75 41
176 76 5
176 77 2
176 78 5
176 79 3
176 80 2
176 81 42
176 82 24
176 83 5
176 84 55
176 85 46
176 86 103
176 87 1
176 88 38
176 89 15
176 90 191
176 91 10
176 92 219
176 93 5
176 94 17
176 95 11
201 1 18
201 2 0
201 3 9
201 4 3
201 5 10
201 6 9
201 7 29
201 8 1
201 9 3
201 10 19
201 11 80
201 12 10
201 13 106
201 14 13
201 15 30
201 16 2
201 17 4
201 18 4
201 19 43
201 20 14
201 21 3
201 22 31
201 23 3
201 24 20
201 25 51
201 26 375
201 27 3
201 28 39
201 29 26
201 30 206
201 31 2
201 32 1
201 33 0
201 34 38
201 35 59
201 36 8
201 37 13
201 38 75
201 39 2
201 40 8
201 41 116
201 42 1
201 43 3
201 44 288
201 45 1
201 46 49
201 47 1
201 48 550
201 49 157
201 50 1
201 51 11
201 52 2
201 53 89
201 54 148
201 55 14
201 56 10
201 57 21
201 58 5
201 59 5
201 60 9
201 61 423
201 62 7
201 63 96
201 64 377
201 65 1
201 66 21
201 67 13
201 68 16
201 69 10
201 70 1
201 71 7
201 72 7
201 73 7
201 74 7
201 75 33
201 76 28
201 77 1
201 78 17
201 79 7
201 80 17
201 81 46
201 82 20
201 83 13
201 84 68
201 85 46
201 86 128
201 87 29
201 88 23
201 89 17
201 90 181
201 91 7
201 92 156
201 93 5
201 94 21
201 95 7
226 1 19
226 2 0
226 3 7
226 4 2
226 5 9
226 6 2
226 7 22
226 8 2
226 9 1
226 10 43
226 11 78
226 12 1
226 13 121
226 14 7
226 15 20
226 16 5
226 17 6
226 18 4
226 19 41
226 20 4
226 21 1
226 22 42
226 23 9
226 24 4
226 25 63
226 26 329
226 27 4
226 28 40
226 29 21
226 30 220
226 31 1
226 32 6
226 33 3
226 34 24
226 35 65
226 36 2
226 37 15
226 38 72
226 39 6
226 40 2
226 41 85
226 42 0
226 43 11
226 44 318
226 45 4
226 46 19
226 47 4
226 48 525
226 49 168
226 50 3
226 51 7
226 52 17
226 53 59
226 54 211
226 55 26
226 56 2
226 57 17
226 58 4
226 59 10
226 60 4
226 61 463
226 62 0
226 63 96
226 64 389
226 65 3
226 66 23
226 67 3
226 68 32
226 69 19
226 70 6
226 71 8
226 72 12
226 73 25
226 74 6
226 75 39
226 76 50
226 77 16
226 78 11
226 79 1
226 80 26
226 81 34
226 82 16
226 83 11
226 84 80
226 85 44
226 86 118
226 87 5
226 88 10
226 89 21
226 90 184
226 91 13
226 92 125
226 93 7
226 94 9
226 95 14
251 1 15
251 2 3
251 3 4
251 4 6
251 5 3
251 6 3
251 7 19
251 8 5
251 9 1
251 10 52
251 11 83
251 12 0
251 13 141
251 14 1
251 15 5
251 16 4
251 17 0
251 18 3
251 19 51
251 20 2
251 21 4
251 22 43
251 23 1
251 24 0
251 25 65
251 26 330
251 27 1
251 28 31
251 29 51
251 30 193
251 31 7
251 32 3
251 33 0
251 34 4
251 35 54
251 36 3
251 37 0
251 38 66
251 39 3
251 40 2
251 41 72
251 42 0
251 43 2
251 44 340
251 45 2
251 46 27
251 47 1
251 48 516
251 49 219
251 50 5
251 51 19
251 52 23
251 53 51
251 54 218
251 55 29
251 56 0
251 57 16
251 58 3
251 59 1
251 60 0
251 61 427
251 62 2
251 63 114
251 64 412
251 65 1
251 66 22
251 67 2
251 68 20
251 69 21
251 70 2
251 71 15
251 72 31
251 73 11
251 74 13
251 75 45
251 76 40
251 77 18
251 78 2
251 79 15
251 80 31
251 81 31
251 82 22
251 83 25
251 84 42
251 85 28
251 86 95
251 87 2
251 88 6
251 89 24
251 90 195
251 91 15
251 92 133
251 93 3
251 94 4
251 95 16
276 1 2
276 2 4
276 3 9
276 4 4
276 5 1
276 6 0
276 7 43
276 8 11
276 9 4
276 10 41
276 11 78
276 12 22
276 13 179
276 14 0
276 15 5
276 16 1
276 17 3
276 18 1
276 19 44
276 20 5
276 21 1
276 22 45
276 23 3
276 24 3
276 25 63
276 26 276
276 27 0
276 28 24
276 29 43
276 30 228
276 31 16
276 32 5
276 33 1
276 34 8
276 35 60
276 36 3
276 37 7
276 38 96
276 39 4
276 40 3
276 41 43
276 42 4
276 43 2
276 44 311
276 45 2
276 46 22
276 47 4
276 48 566
276 49 213
276 50 3
276 51 1
276 52 5
276 53 68
276 54 187
276 55 8
276 56 3
276 57 11
276 58 0
276 59 3
276 60 0
276 61 364
276 62 1
276 63 109
276 64 337
276 65 3
276 66 20
276 67 0
276 68 18
276 69 17
276 70 1
276 71 29
276 72 36
276 73 5
276 74 0
276 75 52
276 76 27
276 77 5
276 78 3
276 79 29
276 80 53
276 81 12
276 82 41
276 83 39
276 84 42
276 85 57
276 86 79
276 87 1
276 88 4
276 89 25
276 90 231
276 91 21
276 92 164
276 93 2
276 94 2
276 95 20
301 1 2
301 2 1
301 3 1
301 4 6
301 5 4
301 6 2
301 7 49
301 8 3
301 9 7
301 10 36
301 11 77
301 12 11
301 13 145
301 14 2
301 15 2
301 16 2
301 17 2
301 18 3
301 19 28
301 20 5
301 21 3
301 22 35
301 23 2
301 24 3
301 25 74
301 26 314
301 27 0
301 28 27
301 29 42
301 30 260
301 31 14
301 32 1
301 33 2
301 34 12
301 35 41
301 36 0
301 37 3
301 38 80
301 39 1
301 40 0
301 41 35
301 42 4
301 43 3
301 44 318
301 45 5
301 46 28
301 47 0
301 48 507
301 49 214
301 50 0
301 51 17
301 52 3
301 53 54
301 54 212
301 55 6
301 56 7
301 57 16
301 58 5
301 59 3
301 60 2
301 61 382
301 62 2
301 63 136
301 64 329
301 65 8
301 66 10
301 67 3
301 68 31
301 69 21
301 70 2
301 71 30
301 72 13
301 73 2
301 74 2
301 75 57
301 76 28
301 77 3
301 78 0
301 79 37
301 80 75
301 81 4
301 82 31
301 83 29
301 84 59
301 85 39
301 86 99
301 87 1
301 88 7
301 89 16
301 90 223
301 91 22
301 92 214
301 93 0
301 94 6
301 95 15
326 1 2
326 2 8
326 3 2
326 4 1
326 5 7
326 6 7
326 7 38
326 8 0
326 9 5
326 10 37
326 11 65
326 12 16
326 13 138
326 14 1
326 15 0
326 16 2
326 17 2
326 18 12
326 19 42
326 20 11
326 21 1
326 22 33
326 23 1
326 24 3
326 25 88
326 26 364
326 27 2
326 28 39
326 29 31
326 30 265
326 31 20
326 32 1
326 33 3
326 34 4
326 35 25
326 36 1
326 37 2
326 38 88
326 39 3
326 40 1
326 41 15
326 42 1
326 43 11
326 44 339
326 45 2
326 46 27
326 47 4
326 48 488
326 49 232
326 50 0
326 51 27
326 52 2
326 53 50
326 54 217
326 55 1
326 56 12
326 57 9
326 58 5
326 59 9
326 60 1
326 61 381
326 62 3
326 63 126
326 64 327
326 65 17
326 66 2
326 67 0
326 68 42
326 69 22
326 70 3
326 71 42
326 72 30
326 73 1
326 74 1
326 75 53
326 76 14
326 77 3
326 78 5
326 79 48
326 80 48
326 81 0
326 82 46
326 83 42
326 84 47
326 85 48
326 86 101
326 87 5
326 88 3
326 89 22
326 90 189
326 91 31
326 92 173
326 93 0
326 94 1
326 95 16
351 1 21
351 2 8
351 3 1
351 4 1
351 5 3
351 6 17
351 7 33
351 8 3
351 9 2
351 10 41
351 11 74
351 12 22
351 13 117
351 14 2
351 15 4
351 16 13
351 17 4
351 18 35
351 19 45
351 20 11
351 21 7
351 22 15
351 23 1
351 24 4
351 25 86
351 26 394
351 27 1
351 28 61
351 29 44
351 30 280
351 31 20
351 32 2
351 33 2
351 34 0
351 35 22
351 36 7
351 37 1
351 38 64
351 39 2
351 40 2
351 41 18
351 42 11
351 43 1
351 44 389
351 45 2
351 46 26
351 47 0
351 48 485
351 49 256
351 50 17
351 51 21
351 52 3
351 53 43
351 54 234
351 55 1
351 56 18
351 57 7
351 58 3
351 59 7
351 60 2
351 61 386
351 62 1
351 63 140
351 64 333
351 65 12
351 66 2
351 67 2
351 68 59
351 69 12
351 70 3
351 71 28
351 72 22
351 73 2
351 74 21
351 75 46
351 76 20
351 77 11
351 78 1
351 79 57
351 80 27
351 81 2
351 82 42
351 83 21
351 84 74
351 85 50
351 86 60
351 87 6
351 88 8
351 89 3
351 90 135
351 91 21
351 92 150
351 93 3
351 94 3
351 95 5
376 1 12
376 2 5
376 3 1
376 4 12
376 5 0
376 6 21
376 7 32
376 8 32
376 9 4
376 10 59
376 11 65
376 12 24
376 13 126
376 14 3
376 15 1
376 16 4
376 17 0
376 18 32
376 19 34
376 20 2
376 21 3
376 22 19
376 23 4
376 24 2
376 25 78
376 26 433
376 27 3
376 28 49
376 29 28
376 30 253
376 31 19
376 32 7
376 33 0
376 34 1
376 35 20
376 36 5
376 37 1
376 38 76
376 39 5
376 40 3
376 41 20
376 42 12
376 43 1
376 44 356
376 45 3
376 46 27
376 47 3
376 48 526
376 49 258
376 50 18
376 51 20
376 52 5
376 53 56
376 54 250
376 55 1
376 56 29
376 57 4
376 58 1
376 59 1
376 60 1
376 61 386
376 62 0
376 63 104
376 64 380
376 65 25
376 66 1
376 67 3
376 68 39
376 69 3
376 70 2
376 71 27
376 72 1
376 73 0
376 74 17
376 75 6
376 76 17
376 77 21
376 78 0
376 79 79
376 80 22
376 81 5
376 82 42
376 83 35
376 84 58
376 85 79
376 86 64
376 87 2
376 88 5
376 89 1
376 90 107
376 91 34
376 92 106
376 93 1
376 94 18
376 95 0
401 1 4
401 2 5
401 3 3
401 4 2
401 5 6
401 6 18
401 7 35
401 8 4
401 9 11
401 10 65
401 11 55
401 12 20
401 13 93
401 14 5
401 15 2
401 16 0
401 17 3
401 18 26
401 19 65
401 20 0
401 21 6
401 22 5
401 23 4
401 24 11
401 25 82
401 26 423
401 27 3
401 28 61
401 29 28
401 30 237
401 31 24
401 32 17
401 33 4
401 34 3
401 35 24
401 36 2
401 37 6
401 38 71
401 39 0
401 40 0
401 41 17
401 42 4
401 43 3
401 44 325
401 45 3
401 46 30
401 47 3
401 48 557
401 49 274
401 50 15
401 51 37
401 52 1
401 53 74
401 54 224
401 55 1
401 56 15
401 57 2
401 58 21
401 59 0
401 60 3
401 61 328
401 62 8
401 63 126
401 64 386
401 65 9
401 66 33
401 67 4
401 68 35
401 69 0
401 70 5
401 71 26
401 72 4
401 73 2
401 74 23
401 75 3
401 76 14
401 77 22
401 78 5
401 79 88
401 80 11
401 81 16
401 82 35
401 83 20
401 84 39
401 85 96
401 86 106
401 87 6
401 88 3
401 89 2
401 90 111
401 91 38
401 92 102
401 93 0
401 94 19
401 95 5
426 1 1
426 2 9
426 3 1
426 4 6
426 5 5
426 6 28
426 7 17
426 8 0
426 9 5
426 10 48
426 11 41
426 12 17
426 13 72
426 14 1
426 15 5
426 16 2
426 17 0
426 18 27
426 19 57
426 20 1
426 21 14
426 22 7
426 23 12
426 24 5
426 25 83
426 26 409
426 27 5
426 28 51
426 29 32
426 30 250
426 31 19
426 32 23
426 33 0
426 34 26
426 35 31
426 36 9
426 37 5
426 38 66
426 39 0
426 40 2
426 41 15
426 42 15
426 43 4
426 44 364
426 45 5
426 46 18
426 47 5
426 48 547
426 49 276
426 50 20
426 51 43
426 52 2
426 53 79
426 54 242
426 55 1
426 56 1
426 57 9
426 58 19
426 59 8
426 60 3
426 61 332
426 62 30
426 63 142
426 64 332
426 65 1
426 66 46
426 67 7
426 68 38
426 69 2
426 70 3
426 71 18
426 72 3
426 73 5
426 74 26
426 75 2
426 76 2
426 77 12
426 78 1
426 79 87
426 80 19
426 81 17
426 82 29
426 83 24
426 84 40
426 85 119
426 86 105
426 87 21
426 88 10
426 89 5
426 90 113
426 91 32
426 92 97
426 93 3
426 94 33
426 95 3
451 1 0
451 2 23
451 3 4
451 4 6
451 5 2
451 6 22
451 7 9
451 8 2
451 9 4
451 10 52
451 11 44
451 12 18
451 13 81
451 14 9
451 15 7
451 16 6
451 17 3
451 18 27
451 19 36
451 20 4
451 21 11
451 22 12
451 23 6
451 24 1
451 25 52
451 26 374
451 27 8
451 28 44
451 29 18
451 30 220
451 31 5
451 32 34
451 33 2
451 34 69
451 35 18
451 36 6
451 37 0
451 38 58
451 39 2
451 40 3
451 41 22
451 42 24
451 43 9
451 44 355
451 45 1
451 46 9
451 47 3
451 48 538
451 49 251
451 50 23
451 51 68
451 52 4
451 53 69
451 54 236
451 55 5
451 56 3
451 57 0
451 58 19
451 59 4
451 60 0
451 61 392
451 62 15
451 63 125
451 64 320
451 65 2
451 66 44
451 67 17
451 68 52
451 69 2
451 70 1
451 71 28
451 72 4
451 73 4
451 74 38
451 75 3
451 76 5
451 77 25
451 78 0
451 79 81
451 80 19
451 81 21
451 82 24
451 83 25
451 84 50
451 85 127
451 86 92
451 87 22
451 88 5
451 89 2
451 90 112
451 91 45
451 92 98
451 93 4
451 94 39
451 95 4
476 1 2
476 2 39
476 3 29
476 4 2
476 5 2
476 6 18
476 7 15
476 8 0
476 9 1
476 10 69
476 11 63
476 12 12
476 13 106
476 14 27
476 15 6
476 16 2
476 17 2
476 18 14
476 19 47
476 20 19
476 21 4
476 22 18
476 23 13
476 24 2
476 25 29
476 26 389
476 27 4
476 28 57
476 29 16
476 30 192
476 31 2
476 32 20
476 33 0
476 34 51
476 35 37
476 36 5
476 37 21
476 38 72
476 39 3
476 40 2
476 41 20
476 42 16
476 43 6
476 44 361
476 45 0
476 46 29
476 47 4
476 48 511
476 49 135
476 50 1
476 51 78
476 52 3
476 53 56
476 54 232
476 55 1
476 56 4
476 57 2
476 58 11
476 59 3
476 60 2
476 61 380
476 62 25
476 63 130
476 64 317
476 65 3
476 66 22
476 67 20
476 68 55
476 69 3
476 70 1
476 71 31
476 72 1
476 73 2
476 74 43
476 75 22
476 76 22
476 77 18
476 78 1
476 79 79
476 80 22
476 81 22
476 82 26
476 83 11
476 84 56
476 85 131
476 86 102
476 87 17
476 88 1
476 89 2
476 90 124
476 91 57
476 92 81
476 93 4
476 94 21
476 95 2
501 1 4
501 2 28
501 3 47
501 4 7
501 5 5
501 6 10
501 7 18
501 8 0
501 9 5
501 10 73
501 11 66
501 12 1
501 13 100
501 14 29
501 15 0
501 16 2
501 17 6
501 18 9
501 19 62
501 20 13
501 21 8
501 22 40
501 23 5
501 24 0
501 25 27
501 26 436
501 27 8
501 28 62
501 29 23
501 30 202
501 31 2
501 32 11
501 33 2
501 34 37
501 35 23
501 36 12
501 37 12
501 38 80
501 39 8
501 40 0
501 41 25
501 42 15
501 43 16
501 44 313
501 45 1
501 46 24
501 47 30
501 48 530
501 49 113
501 50 3
501 51 69
501 52 4
501 53 69
501 54 249
501 55 1
501 56 0
501 57 1
501 58 9
501 59 1
501 60 2
501 61 339
501 62 11
501 63 151
501 64 308
501 65 2
501 66 17
501 67 5
501 68 41
501 69 5
501 70 2
501 71 23
501 72 1
501 73 2
501 74 36
501 75 25
501 76 27
501 77 17
501 78 1
501 79 54
501 80 26
501 81 31
501 82 18
501 83 13
501 84 54
501 85 143
501 86 101
501 87 5
501 88 2
501 89 22
501 90 153
501 91 43
501 92 97
501 93 4
501 94 12
501 95 0
526 1 1
526 2 35
526 3 49
526 4 3
526 5 1
526 6 15
526 7 34
526 8 1
526 9 1
526 10 53
526 11 71
526 12 1
526 13 102
526 14 33
526 15 0
526 16 2
526 17 1
526 18 6
526 19 78
526 20 28
526 21 5
526 22 9
526 23 3
526 24 3
526 25 33
526 26 419
526 27 1
526 28 24
526 29 17
526 30 221
526 31 3
526 32 19
526 33 2
526 34 45
526 35 44
526 36 12
526 37 9
526 38 88
526 39 1
526 40 2
526 41 19
526 42 35
526 43 4
526 44 386
526 45 2
526 46 36
526 47 13
526 48 586
526 49 118
526 50 1
526 51 47
526 52 2
526 53 78
526 54 242
526 55 3
526 56 2
526 57 9
526 58 8
526 59 1
526 60 2
526 61 363
526 62 13
526 63 121
526 64 358
526 65 2
526 66 39
526 67 25
526 68 49
526 69 20
526 70 3
526 71 10
526 72 2
526 73 1
526 74 39
526 75 15
526 76 15
526 77 18
526 78 1
526 79 40
526 80 24
526 81 16
526 82 3
526 83 24
526 84 39
526 85 144
526 86 74
526 87 9
526 88 1
526 89 6
526 90 124
526 91 27
526 92 66
526 93 3
526 94 8
526 95 3
551 1 1
551 2 31
551 3 25
551 4 2
551 5 1
551 6 8
551 7 48
551 8 4
551 9 1
551 10 47
551 11 57
551 12 3
551 13 93
551 14 0
551 15 1
551 16 1
551 17 3
551 18 3
551 19 101
551 20 13
551 21 5
551 22 19
551 23 1
551 24 1
551 25 37
551 26 426
551 27 0
551 28 5
551 29 13
551 30 196
551 31 0
551 32 26
551 33 4
551 34 26
551 35 59
551 36 19
551 37 16
551 38 91
551 39 3
551 40 2
551 41 37
551 42 31
551 43 4
551 44 389
551 45 3
551 46 21
551 47 4
551 48 644
551 49 103
551 50 4
551 51 35
551 52 0
551 53 82
551 54 269
551 55 20
551 56 3
551 57 24
551 58 1
551 59 0
551 60 5
551 61 311
551 62 12
551 63 147
551 64 348
551 65 1
551 66 50
551 67 51
551 68 23
551 69 20
551 70 0
551 71 16
551 72 2
551 73 0
551 74 25
551 75 3
551 76 11
551 77 15
551 78 2
551 79 91
551 80 19
551 81 20
551 82 2
551 83 29
551 84 38
551 85 162
551 86 57
551 87 6
551 88 7
551 89 2
551 90 116
551 91 25
551 92 90
551 93 5
551 94 4
551 95 3
576 1 10
576 2 29
576 3 10
576 4 1
576 5 7
576 6 7
576 7 33
576 8 0
576 9 9
576 10 51
576 11 40
576 12 1
576 13 107
576 14 3
576 15 3
576 16 0
576 17 12
576 18 1
576 19 59
576 20 13
576 21 5
576 22 19
576 23 3
576 24 1
576 25 33
576 26 440
576 27 18
576 28 4
576 29 1
576 30 256
576 31 8
576 32 10
576 33 2
576 34 9
576 35 36
576 36 3
576 37 9
576 38 100
576 39 5
576 40 2
576 41 56
576 42 25
576 43 4
576 44 403
576 45 1
576 46 30
576 47 1
576 48 635
576 49 106
576 50 2
576 51 27
576 52 2
576 53 52
576 54 238
576 55 21
576 56 0
576 57 29
576 58 3
576 59 3
576 60 10
576 61 338
576 62 9
576 63 131
576 64 401
576 65 1
576 66 19
576 67 54
576 68 13
576 69 20
576 70 4
576 71 14
576 72 14
576 73 3
576 74 19
576 75 2
576 76 5
576 77 20
576 78 5
576 79 70
576 80 18
576 81 6
576 82 17
576 83 26
576 84 54
576 85 162
576 86 52
576 87 2
576 88 1
576 89 0
576 90 92
576 91 35
576 92 103
576 93 20
576 94 2
576 95 1
601 1 2
601 2 37
601 3 1
601 4 9
601 5 5
601 6 0
601 7 44
601 8 8
601 9 15
601 10 38
601 11 26
601 12 2
601 13 111
601 14 0
601 15 4
601 16 1
601 17 3
601 18 3
601 19 51
601 20 43
601 21 0
601 22 19
601 23 0
601 24 1
601 25 17
601 26 451
601 27 3
601 28 19
601 29 1
601 30 270
601 31 16
601 32 5
601 33 5
601 34 22
601 35 28
601 36 1
601 37 8
601 38 115
601 39 6
601 40 4
601 41 59
601 42 22
601 43 2
601 44 391
601 45 0
601 46 25
601 47 0
601 48 597
601 49 88
601 50 4
601 51 37
601 52 15
601 53 44
601 54 257
601 55 0
601 56 1
601 57 17
601 58 7
601 59 1
601 60 16
601 61 317
601 62 0
601 63 132
601 64 468
601 65 0
601 66 23
601 67 61
601 68 21
601 69 1
601 70 2
601 71 6
601 72 5
601 73 1
601 74 17
601 75 1
601 76 6
601 77 0
601 78 1
601 79 71
601 80 30
601 81 1
601 82 23
601 83 10
601 84 66
601 85 153
601 86 45
601 87 7
601 88 2
601 89 14
601 90 97
601 91 30
601 92 107
601 93 10
601 94 1
601 95 4
626 1 1
626 2 12
626 3 10
626 4 21
626 5 4
626 6 2
626 7 47
626 8 4
626 9 9
626 10 48
626 11 39
626 12 5
626 13 98
626 14 25
626 15 6
626 16 3
626 17 0
626 18 2
626 19 45
626 20 48
626 21 14
626 22 18
626 23 7
626 24 1
626 25 21
626 26 514
626 27 2
626 28 22
626 29 0
626 30 214
626 31 12
626 32 2
626 33 3
626 34 5
626 35 33
626 36 7
626 37 2
626 38 84
626 39 2
626 40 1
626 41 55
626 42 19
626 43 1
626 44 428
626 45 2
626 46 35
626 47 1
626 48 631
626 49 78
626 50 4
626 51 22
626 52 25
626 53 36
626 54 268
626 55 5
626 56 0
626 57 19
626 58 3
626 59 5
626 60 21
626 61 363
626 62 0
626 63 132
626 64 428
626 65 5
626 66 21
626 67 48
626 68 11
626 69 4
626 70 9
626 71 10
626 72 10
626 73 18
626 74 32
626 75 2
626 76 13
626 77 2
626 78 3
626 79 72
626 80 24
626 81 3
626 82 18
626 83 14
626 84 59
626 85 197
626 86 28
626 87 7
626 88 1
626 89 4
626 90 116
626 91 16
626 92 96
626 93 8
626 94 5
626 95 5
651 1 3
651 2 13
651 3 43
651 4 16
651 5 5
651 6 2
651 7 32
651 8 5
651 9 5
651 10 28
651 11 42
651 12 6
651 13 119
651 14 13
651 15 2
651 16 2
651 17 2
651 18 10
651 19 48
651 20 40
651 21 22
651 22 45
651 23 4
651 24 4
651 25 19
651 26 455
651 27 5
651 28 29
651 29 2
651 30 188
651 31 12
651 32 9
651 33 2
651 34 13
651 35 19
651 36 7
651 37 2
651 38 94
651 39 1
651 40 23
651 41 66
651 42 13
651 43 2
651 44 413
651 45 5
651 46 27
651 47 4
651 48 582
651 49 67
651 50 14
651 51 17
651 52 4
651 53 37
651 54 253
651 55 0
651 56 1
651 57 21
651 58 6
651 59 6
651 60 24
651 61 356
651 62 4
651 63 154
651 64 398
651 65 4
651 66 13
651 67 71
651 68 13
651 69 4
651 70 1
651 71 16
651 72 1
651 73 3
651 74 40
651 75 2
651 76 22
651 77 0
651 78 1
651 79 81
651 80 29
651 81 8
651 82 18
651 83 26
651 84 43
651 85 208
651 86 59
651 87 3
651 88 5
651 89 10
651 90 117
651 91 15
651 92 76
651 93 15
651 94 11
651 95 10
676 1 2
676 2 7
676 3 36
676 4 6
676 5 17
676 6 13
676 7 47
676 8 4
676 9 24
676 10 15
676 11 40
676 12 7
676 13 108
676 14 14
676 15 2
676 16 1
676 17 3
676 18 10
676 19 49
676 20 27
676 21 4
676 22 40
676 23 0
676 24 12
676 25 23
676 26 415
676 27 3
676 28 31
676 29 2
676 30 217
676 31 1
676 32 22
676 33 2
676 34 26
676 35 16
676 36 1
676 37 4
676 38 61
676 39 3
676 40 12
676 41 109
676 42 17
676 43 2
676 44 489
676 45 3
676 46 29
676 47 1
676 48 556
676 49 45
676 50 26
676 51 35
676 52 4
676 53 18
676 54 275
676 55 19
676 56 3
676 57 2
676 58 3
676 59 3
676 60 5
676 61 335
676 62 5
676 63 141
676 64 414
676 65 3
676 66 58
676 67 85
676 68 37
676 69 27
676 70 4
676 71 12
676 72 6
676 73 0
676 74 22
676 75 3
676 76 19
676 77 5
676 78 2
676 79 64
676 80 16
676 81 27
676 82 6
676 83 11
676 84 44
676 85 187
676 86 46
676 87 3
676 88 0
676 89 6
676 90 129
676 91 27
676 92 73
676 93 8
676 94 1
676 95 16
701 1 3
701 2 2
701 3 48
701 4 6
701 5 0
701 6 13
701 7 43
701 8 4
701 9 8
701 10 37
701 11 25
701 12 6
701 13 83
701 14 15
701 15 4
701 16 0
701 17 6
701 18 25
701 19 44
701 20 25
701 21 3
701 22 15
701 23 0
701 24 2
701 25 46
701 26 432
701 27 2
701 28 27
701 29 4
701 30 198
701 31 6
701 32 24
701 33 12
701 34 25
701 35 17
701 36 2
701 37 4
701 38 62
701 39 2
701 40 34
701 41 96
701 42 19
701 43 3
701 44 449
701 45 4
701 46 22
701 47 8
701 48 540
701 49 31
701 50 19
701 51 16
701 52 3
701 53 18
701 54 248
701 55 20
701 56 3
701 57 3
701 58 3
701 59 3
701 60 2
701 61 357
701 62 5
701 63 141
701 64 426
701 65 3
701 66 55
701 67 73
701 68 46
701 69 38
701 70 2
701 71 25
701 72 29
701 73 3
701 74 27
701 75 4
701 76 14
701 77 2
701 78 2
701 79 68
701 80 11
701 81 44
701 82 22
701 83 20
701 84 67
701 85 165
701 86 67
701 87 5
701 88 2
701 89 3
701 90 102
701 91 12
701 92 81
701 93 15
701 94 8
701 95 14
726 1 6
726 2 6
726 3 59
726 4 4
726 5 1
726 6 3
726 7 24
726 8 3
726 9 3
726 10 19
726 11 29
726 12 3
726 13 71
726 14 22
726 15 14
726 16 0
726 17 3
726 18 25
726 19 62
726 20 4
726 21 2
726 22 11
726 23 11
726 24 0
726 25 64
726 26 390
726 27 0
726 28 21
726 29 1
726 30 200
726 31 3
726 32 14
726 33 1
726 34 20
726 35 19
726 36 4
726 37 0
726 38 57
726 39 12
726 40 30
726 41 122
726 42 17
726 43 0
726 44 417
726 45 1
726 46 25
726 47 5
726 48 573
726 49 45
726 50 16
726 51 4
726 52 2
726 53 18
726 54 231
726 55 18
726 56 3
726 57 1
726 58 2
726 59 2
726 60 2
726 61 367
726 62 14
726 63 133
726 64 383
726 65 1
726 66 60
726 67 65
726 68 63
726 69 25
726 70 18
726 71 18
726 72 18
726 73 4
726 74 35
726 75 0
726 76 4
726 77 10
726 78 1
726 79 70
726 80 13
726 81 52
726 82 42
726 83 20
726 84 76
726 85 163
726 86 99
726 87 1
726 88 0
726 89 23
726 90 102
726 91 24
726 92 109
726 93 16
726 94 6
726 95 1
751 1 3
751 2 2
751 3 56
751 4 2
751 5 0
751 6 14
751 7 27
751 8 4
751 9 4
751 10 26
751 11 20
751 12 5
751 13 58
751 14 16
751 15 10
751 16 2
751 17 4
751 18 51
751 19 48
751 20 0
751 21 1
751 22 31
751 23 1
751 24 7
751 25 56
751 26 383
751 27 0
751 28 43
751 29 1
751 30 195
751 31 8
751 32 7
751 33 2
751 34 10
751 35 15
751 36 6
751 37 2
751 38 64
751 39 4
751 40 26
751 41 121
751 42 9
751 43 4
751 44 414
751 45 6
751 46 28
751 47 5
751 48 536
751 49 42
751 50 20
751 51 2
751 52 25
751 53 9
751 54 270
751 55 18
751 56 14
751 57 2
751 58 0
751 59 3
751 60 0
751 61 362
751 62 22
751 63 123
751 64 410
751 65 19
751 66 56
751 67 46
751 68 59
751 69 23
751 70 13
751 71 18
751 72 9
751 73 4
751 74 21
751 75 1
751 76 15
751 77 5
751 78 3
751 79 87
751 80 19
751 81 36
751 82 24
751 83 16
751 84 94
751 85 181
751 86 84
751 87 3
751 88 2
751 89 5
751 90 137
751 91 36
751 92 80
751 93 3
751 94 3
751 95 3
776 1 3
776 2 3
776 3 53
776 4 2
776 5 3
776 6 20
776 7 25
776 8 0
776 9 4
776 10 52
776 11 13
776 12 33
776 13 36
776 14 18
776 15 1
776 16 2
776 17 9
776 18 55
776 19 53
776 20 6
776 21 1
776 22 37
776 23 3
776 24 8
776 25 16
776 26 407
776 27 5
776 28 47
776 29 1
776 30 218
776 31 7
776 32 15
776 33 9
776 34 8
776 35 26
776 36 13
776 37 1
776 38 57
776 39 3
776 40 3
776 41 107
776 42 1
776 43 1
776 44 423
776 45 0
776 46 51
776 47 2
776 48 594
776 49 37
776 50 22
776 51 19
776 52 18
776 53 6
776 54 267
776 55 1
776 56 14
776 57 1
776 58 3
776 59 2
776 60 2
776 61 373
776 62 1
776 63 122
776 64 441
776 65 16
776 66 40
776 67 48
776 68 11
776 69 20
776 70 3
776 71 7
776 72 4
776 73 4
776 74 30
776 75 1
776 76 1
776 77 5
776 78 4
776 79 102
776 80 10
776 81 34
776 82 23
776 83 14
776 84 76
776 85 212
776 86 82
776 87 2
776 88 1
776 89 6
776 90 128
776 91 49
776 92 70
776 93 3
776 94 4
776 95 2
801 1 2
801 2 2
801 3 69
801 4 0
801 5 4
801 6 25
801 7 23
801 8 2
801 9 1
801 10 39
801 11 18
801 12 32
801 13 32
801 14 10
801 15 5
801 16 4
801 17 2
801 18 43
801 19 68
801 20 27
801 21 3
801 22 45
801 23 3
801 24 2
801 25 5
801 26 431
801 27 6
801 28 48
801 29 3
801 30 197
801 31 1
801 32 9
801 33 12
801 34 2
801 35 18
801 36 12
801 37 3
801 38 87
801 39 1
801 40 26
801 41 96
801 42 1
801 43 7
801 44 454
801 45 3
801 46 53
801 47 1
801 48 651
801 49 29
801 50 15
801 51 31
801 52 3
801 53 3
801 54 275
801 55 2
801 56 2
801 57 1
801 58 2
801 59 1
801 60 2
801 61 340
801 62 2
801 63 174
801 64 409
801 65 8
801 66 30
801 67 64
801 68 4
801 69 22
801 70 3
801 71 2
801 72 0
801 73 6
801 74 25
801 75 0
801 76 4
801 77 21
801 78 1
801 79 88
801 80 2
801 81 48
801 82 1
801 83 24
801 84 50
801 85 231
801 86 73
801 87 3
801 88 1
801 89 5
801 90 108
801 91 21
801 92 43
801 93 4
801 94 9
801 95 1
826 1 1
826 2 5
826 3 43
826 4 1
826 5 3
826 6 23
826 7 24
826 8 7
826 9 0
826 10 19
826 11 20
826 12 15
826 13 28
826 14 31
826 15 0
826 16 2
826 17 0
826 18 18
826 19 75
826 20 35
826 21 5
826 22 52
826 23 3
826 24 2
826 25 5
826 26 453
826 27 0
826 28 60
826 29 1
826 30 233
826 31 6
826 32 10
826 33 8
826 34 1
826 35 8
826 36 2
826 37 4
826 38 100
826 39 13
826 40 32
826 41 110
826 42 14
826 43 2
826 44 458
826 45 3
826 46 32
826 47 2
826 48 638
826 49 45
826 50 3
826 51 24
826 52 4
826 53 11
826 54 315
826 55 1
826 56 0
826 57 1
826 58 5
826 59 2
826 60 3
826 61 332
826 62 4
826 63 168
826 64 453
826 65 1
826 66 3
826 67 70
826 68 1
826 69 22
826 70 1
826 71 0
826 72 0
826 73 2
826 74 10
826 75 6
826 76 11
826 77 12
826 78 4
826 79 126
826 80 3
826 81 44
826 82 4
826 83 14
826 84 62
826 85 163
826 86 101
826 87 12
826 88 0
826 89 3
826 90 97
826 91 7
826 92 35
826 93 7
826 94 0
826 95 3
851 1 2
851 2 5
851 3 7
851 4 3
851 5 3
851 6 8
851 7 20
851 8 4
851 9 1
851 10 20
851 11 28
851 12 6
851 13 29
851 14 28
851 15 2
851 16 2
851 17 4
851 18 14
851 19 72
851 20 21
851 21 2
851 22 62
851 23 14
851 24 2
851 25 6
851 26 364
851 27 6
851 28 43
851 29 9
851 30 250
851 31 4
851 32 11
851 33 2
851 34 3
851 35 11
851 36 7
851 37 1
851 38 89
851 39 5
851 40 62
851 41 101
851 42 24
851 43 1
851 44 538
851 45 4
851 46 15
851 47 3
851 48 628
851 49 50
851 50 19
851 51 23
851 52 2
851 53 1
851 54 337
851 55 4
851 56 0
851 57 9
851 58 2
851 59 2
851 60 4
851 61 376
851 62 1
851 63 150
851 64 448
851 65 7
851 66 4
851 67 58
851 68 4
851 69 15
851 70 3
851 71 4
851 72 11
851 73 21
851 74 15
851 75 4
851 76 22
851 77 3
851 78 6
851 79 150
851 80 0
851 81 25
851 82 4
851 83 9
851 84 69
851 85 169
851 86 77
851 87 2
851 88 2
851 89 4
851 90 110
851 91 16
851 92 29
851 93 3
851 94 1
851 95 5
876 1 2
876 2 7
876 3 1
876 4 3
876 5 5
876 6 13
876 7 44
876 8 1
876 9 1
876 10 23
876 11 49
876 12 6
876 13 52
876 14 11
876 15 1
876 16 1
876 17 2
876 18 32
876 19 52
876 20 13
876 21 13
876 22 62
876 23 27
876 24 3
876 25 2
876 26 391
876 27 0
876 28 27
876 29 17
876 30 263
876 31 4
876 32 2
876 33 0
876 34 9
876 35 2
876 36 15
876 37 2
876 38 78
876 39 1
876 40 20
876 41 107
876 42 28
876 43 3
876 44 540
876 45 5
876 46 1
876 47 5
876 48 625
876 49 57
876 50 12
876 51 18
876 52 3
876 53 0
876 54 360
876 55 1
876 56 1
876 57 18
876 58 1
876 59 4
876 60 2
876 61 377
876 62 1
876 63 118
876 64 458
876 65 5
876 66 6
876 67 63
876 68 0
876 69 3
876 70 3
876 71 7
876 72 15
876 73 21
876 74 34
876 75 0
876 76 18
876 77 5
876 78 6
876 79 143
876 80 0
876 81 21
876 82 16
876 83 11
876 84 67
876 85 152
876 86 50
876 87 4
876 88 1
876 89 2
876 90 107
876 91 2
876 92 41
876 93 1
876 94 1
876 95 5
901 1 2
901 2 0
901 3 1
901 4 1
901 5 7
901 6 13
901 7 46
901 8 2
901 9 3
901 10 43
901 11 53
901 12 5
901 13 48
901 14 29
901 15 1
901 16 11
901 17 2
901 18 13
901 19 52
901 20 1
901 21 10
901 22 73
901 23 4
901 24 0
901 25 2
901 26 382
901 27 2
901 28 29
901 29 18
901 30 301
901 31 11
901 32 2
901 33 1
901 34 6
901 35 3
901 36 21
901 37 0
901 38 69
901 39 2
901 40 4
901 41 136
901 42 24
901 43 1
901 44 517
901 45 0
901 46 1
901 47 5
901 48 647
901 49 57
901 50 17
901 51 23
901 52 3
901 53 10
901 54 321
901 55 3
901 56 2
901 57 6
901 58 3
901 59 5
901 60 20
901 61 357
901 62 2
901 63 95
901 64 392
901 65 8
901 66 3
901 67 52
901 68 3
901 69 4
901 70 2
901 71 1
901 72 23
901 73 21
901 74 32
901 75 2
901 76 31
901 77 3
901 78 1
901 79 120
901 80 2
901 81 10
901 82 23
901 83 13
901 84 60
901 85 181
901 86 32
901 87 0
901 88 0
901 89 0
901 90 139
901 91 1
901 92 48
901 93 2
901 94 14
901 95 1
926 1 2
926 2 6
926 3 2
926 4 2
926 5 2
926 6 2
926 7 49
926 8 9
926 9 0
926 10 51
926 11 56
926 12 0
926 13 40
926 14 29
926 15 1
926 16 1
926 17 8
926 18 5
926 19 61
926 20 0
926 21 5
926 22 35
926 23 2
926 24 4
926 25 1
926 26 348
926 27 1
926 28 19
926 29 23
926 30 304
926 31 14
926 32 2
926 33 2
926 34 1
926 35 8
926 36 36
926 37 4
926 38 96
926 39 16
926 40 5
926 41 148
926 42 27
926 43 3
926 44 512
926 45 3
926 46 3
926 47 5
926 48 627
926 49 63
926 50 19
926 51 21
926 52 26
926 53 40
926 54 333
926 55 1
926 56 1
926 57 8
926 58 7
926 59 6
926 60 14
926 61 344
926 62 2
926 63 102
926 64 397
926 65 25
926 66 11
926 67 35
926 68 7
926 69 1
926 70 2
926 71 3
926 72 17
926 73 4
926 74 33
926 75 4
926 76 23
926 77 4
926 78 1
926 79 91
926 80 7
926 81 11
926 82 6
926 83 16
926 84 49
926 85 200
926 86 67
926 87 19
926 88 0
926 89 0
926 90 157
926 91 4
926 92 43
926 93 4
926 94 1
926 95 12
951 1 6
951 2 0
951 3 0
951 4 2
951 5 3
951 6 3
951 7 50
951 8 4
951 9 3
951 10 52
951 11 49
951 12 2
951 13 37
951 14 16
951 15 1
951 16 4
951 17 6
951 18 2
951 19 58
951 20 5
951 21 4
951 22 15
951 23 10
951 24 3
951 25 18
951 26 275
951 27 2
951 28 25
951 29 18
951 30 248
951 31 13
951 32 3
951 33 6
951 34 6
951 35 5
951 36 19
951 37 5
951 38 82
951 39 14
951 40 22
951 41 164
951 42 33
951 43 2
951 44 549
951 45 5
951 46 0
951 47 2
951 48 646
951 49 38
951 50 8
951 51 23
951 52 3
951 53 35
951 54 329
951 55 4
951 56 5
951 57 3
951 58 5
951 59 3
951 60 21
951 61 333
951 62 3
951 63 104
951 64 389
951 65 9
951 66 22
951 67 40
951 68 0
951 69 12
951 70 3
951 71 2
951 72 11
951 73 3
951 74 26
951 75 3
951 76 13
951 77 4
951 78 2
951 79 98
951 80 10
951 81 25
951 82 4
951 83 12
951 84 55
951 85 189
951 86 103
951 87 31
951 88 3
951 89 16
951 90 169
951 91 12
951 92 52
951 93 4
951 94 4
951 95 5
976 1 7
976 2 5
976 3 3
976 4 1
976 5 1
976 6 2
976 7 44
976 8 0
976 9 4
976 10 53
976 11 22
976 12 1
976 13 41
976 14 10
976 15 8
976 16 1
976 17 6
976 18 4
976 19 66
976 20 5
976 21 1
976 22 21
976 23 2
976 24 0
976 25 26
976 26 259
976 27 2
976 28 15
976 29 18
976 30 237
976 31 8
976 32 16
976 33 3
976 34 1
976 35 0
976 36 18
976 37 2
976 38 71
976 39 15
976 40 23
976 41 157
976 42 54
976 43 3
976 44 554
976 45 12
976 46 3
976 47 3
976 48 645
976 49 50
976 50 3
976 51 3
976 52 5
976 53 45
976 54 305
976 55 1
976 56 3
976 57 3
976 58 4
976 59 4
976 60 22
976 61 321
976 62 19
976 63 132
976 64 455
976 65 29
976 66 10
976 67 45
976 68 2
976 69 27
976 70 0
976 71 3
976 72 10
976 73 1
976 74 26
976 75 1
976 76 12
976 77 12
976 78 3
976 79 63
976 80 33
976 81 20
976 82 3
976 83 0
976 84 70
976 85 201
976 86 101
976 87 19
976 88 12
976 89 25
976 90 178
976 91 20
976 92 33
976 93 13
976 94 0
976 95 3
1001 1 5
1001 2 3
1001 3 10
1001 4 0
1001 5 1
1001 6 1
1001 7 31
1001 8 1
1001 9 3
1001 10 50
1001 11 18
1001 12 0
1001 13 41
1001 14 10
1001 15 9
1001 16 0
1001 17 2
1001 18 11
1001 19 54
1001 20 1
1001 21 1
1001 22 29
1001 23 1
1001 24 1
1001 25 23
1001 26 262
1001 27 3
1001 28 13
1001 29 23
1001 30 244
1001 31 9
1001 32 21
1001 33 2
1001 34 5
1001 35 7
1001 36 9
1001 37 2
1001 38 43
1001 39 28
1001 40 27
1001 41 132
1001 42 49
1001 43 3
1001 44 555
1001 45 6
1001 46 2
1001 47 1
1001 48 646
1001 49 59
1001 50 12
1001 51 5
1001 52 0
1001 53 37
1001 54 326
1001 55 1
1001 56 4
1001 57 2
1001 58 0
1001 59 6
1001 60 1
1001 61 315
1001 62 13
1001 63 124
1001 64 455
1001 65 12
1001 66 9
1001 67 30
1001 68 4
1001 69 22
1001 70 2
1001 71 8
1001 72 30
1001 73 1
1001 74 13
1001 75 4
1001 76 13
1001 77 14
1001 78 2
1001 79 58
1001 80 35
1001 81 13
1001 82 1
1001 83 1
1001 84 72
1001 85 179
1001 86 130
1001 87 25
1001 88 7
1001 89 39
1001 90 152
1001 91 28
1001 92 42
1001 93 11
1001 94 2
1001 95 3
1026 1 4
1026 2 1
1026 3 4
1026 4 2
1026 5 2
1026 6 14
1026 7 61
1026 8 2
1026 9 9
1026 10 57
1026 11 51
1026 12 5
1026 13 32
1026 14 26
1026 15 15
1026 16 5
1026 17 0
1026 18 41
1026 19 61
1026 20 3
1026 21 3
1026 22 11
1026 23 6
1026 24 9
1026 25 25
1026 26 229
1026 27 1
1026 28 26
1026 29 2
1026 30 259
1026 31 10
1026 32 30
1026 33 1
1026 34 14
1026 35 20
1026 36 39
1026 37 9
1026 38 50
1026 39 2
1026 40 31
1026 41 109
1026 42 56
1026 43 0
1026 44 536
1026 45 9
1026 46 3
1026 47 5
1026 48 647
1026 49 65
1026 50 5
1026 51 3
1026 52 11
1026 53 70
1026 54 324
1026 55 1
1026 56 4
1026 57 2
1026 58 3
1026 59 3
1026 60 5
1026 61 372
1026 62 23
1026 63 116
1026 64 424
1026 65 3
1026 66 4
1026 67 48
1026 68 2
1026 69 19
1026 70 13
1026 71 9
1026 72 23
1026 73 3
1026 74 11
1026 75 17
1026 76 14
1026 77 10
1026 78 2
1026 79 62
1026 80 40
1026 81 2
1026 82 1
1026 83 1
1026 84 78
1026 85 183
1026 86 108
1026 87 9
1026 88 0
1026 89 23
1026 90 170
1026 91 21
1026 92 31
1026 93 4
1026 94 3
1026 95 6
1051 1 5
1051 2 0
1051 3 2
1051 4 14
1051 5 3
1051 6 13
1051 7 41
1051 8 6
1051 9 0
1051 10 69
1051 11 40
1051 12 3
1051 13 37
1051 14 11
1051 15 4
1051 16 2
1051 17 7
1051 18 32
1051 19 64
1051 20 10
1051 21 3
1051 22 23
1051 23 0
1051 24 2
1051 25 19
1051 26 228
1051 27 0
1051 28 6
1051 29 6
1051 30 251
1051 31 6
1051 32 16
1051 33 1
1051 34 14
1051 35 11
1051 36 42
1051 37 4
1051 38 46
1051 39 1
1051 40 36
1051 41 175
1051 42 49
1051 43 3
1051 44 526
1051 45 14
1051 46 1
1051 47 2
1051 48 657
1051 49 62
1051 50 3
1051 51 4
1051 52 10
1051 53 89
1051 54 319
1051 55 3
1051 56 3
1051 57 1
1051 58 3
1051 59 2
1051 60 28
1051 61 358
1051 62 15
1051 63 110
1051 64 438
1051 65 5
1051 66 3
1051 67 60
1051 68 4
1051 69 18
1051 70 6
1051 71 5
1051 72 5
1051 73 2
1051 74 10
1051 75 3
1051 76 17
1051 77 13
1051 78 2
1051 79 49
1051 80 30
1051 81 0
1051 82 1
1051 83 7
1051 84 56
1051 85 214
1051 86 64
1051 87 9
1051 88 4
1051 89 38
1051 90 185
1051 91 24
1051 92 26
1051 93 0
1051 94 38
1051 95 0
1076 1 4
1076 2 2
1076 3 1
1076 4 17
1076 5 5
1076 6 34
1076 7 61
1076 8 1
1076 9 3
1076 10 67
1076 11 45
1076 12 0
1076 13 43
1076 14 7
1076 15 3
1076 16 6
1076 17 5
1076 18 31
1076 19 55
1076 20 2
1076 21 0
1076 22 18
1076 23 1
1076 24 2
1076 25 20
1076 26 200
1076 27 3
1076 28 1
1076 29 4
1076 30 226
1076 31 16
1076 32 19
1076 33 4
1076 34 13
1076 35 31
1076 36 47
1076 37 1
1076 38 19
1076 39 2
1076 40 40
1076 41 189
1076 42 44
1076 43 0
1076 44 518
1076 45 14
1076 46 10
1076 47 4
1076 48 626
1076 49 60
1076 50 2
1076 51 3
1076 52 2
1076 53 111
1076 54 306
1076 55 20
1076 56 6
1076 57 2
1076 58 3
1076 59 3
1076 60 20
1076 61 358
1076 62 13
1076 63 131
1076 64 456
1076 65 2
1076 66 1
1076 67 57
1076 68 3
1076 69 6
1076 70 7
1076 71 4
1076 72 1
1076 73 2
1076 74 9
1076 75 5
1076 76 17
1076 77 1
1076 78 3
1076 79 68
1076 80 33
1076 81 3
1076 82 10
1076 83 2
1076 84 55
1076 85 220
1076 86 49
1076 87 5
1076 88 0
1076 89 33
1076 90 173
1076 91 24
1076 92 51
1076 93 1
1076 94 9
1076 95 11
1101 1 1
1101 2 1
1101 3 0
1101 4 9
1101 5 3
1101 6 39
1101 7 43
1101 8 1
1101 9 1
1101 10 65
1101 11 51
1101 12 1
1101 13 41
1101 14 5
1101 15 3
1101 16 0
1101 17 2
1101 18 18
1101 19 60
1101 20 6
1101 21 3
1101 22 3
1101 23 3
1101 24 3
1101 25 23
1101 26 255
1101 27 3
1101 28 2
1101 29 14
1101 30 238
1101 31 7
1101 32 18
1101 33 1
1101 34 8
1101 35 16
1101 36 59
1101 37 2
1101 38 16
1101 39 2
1101 40 48
1101 41 173
1101 42 59
1101 43 11
1101 44 538
1101 45 6
1101 46 3
1101 47 5
1101 48 572
1101 49 76
1101 50 2
1101 51 2
1101 52 3
1101 53 105
1101 54 340
1101 55 32
1101 56 1
1101 57 4
1101 58 2
1101 59 6
1101 60 15
1101 61 354
1101 62 3
1101 63 115
1101 64 470
1101 65 3
1101 66 1
1101 67 52
1101 68 1
1101 69 1
1101 70 5
1101 71 8
1101 72 1
1101 73 2
1101 74 10
1101 75 1
1101 76 9
1101 77 1
1101 78 4
1101 79 70
1101 80 26
1101 81 6
1101 82 38
1101 83 10
1101 84 62
1101 85 190
1101 86 56
1101 87 9
1101 88 2
1101 89 22
1101 90 171
1101 91 17
1101 92 42
1101 93 2
1101 94 8
1101 95 8
1126 1 3
1126 2 2
1126 3 3
1126 4 19
1126 5 9
1126 6 32
1126 7 50
1126 8 10
1126 9 0
1126 10 46
1126 11 31
1126 12 4
1126 13 49
1126 14 11
1126 15 8
1126 16 4
1126 17 1
1126 18 21
1126 19 70
1126 20 7
1126 21 1
1126 22 1
1126 23 1
1126 24 0
1126 25 28
1126 26 287
1126 27 2
1126 28 2
1126 29 4
1126 30 257
1126 31 0
1126 32 26
1126 33 4
1126 34 7
1126 35 25
1126 36 70
1126 37 2
1126 38 19
1126 39 0
1126 40 35
1126 41 162
1126 42 48
1126 43 8
1126 44 584
1126 45 5
1126 46 1
1126 47 5
1126 48 590
1126 49 82
1126 50 0
1126 51 6
1126 52 4
1126 53 97
1126 54 347
1126 55 25
1126 56 1
1126 57 13
1126 58 3
1126 59 6
1126 60 0
1126 61 324
1126 62 9
1126 63 169
1126 64 430
1126 65 3
1126 66 2
1126 67 87
1126 68 0
1126 69 5
1126 70 2
1126 71 6
1126 72 0
1126 73 1
1126 74 5
1126 75 4
1126 76 1
1126 77 3
1126 78 3
1126 79 52
1126 80 40
1126 81 2
1126 82 35
1126 83 19
1126 84 55
1126 85 225
1126 86 22
1126 87 1
1126 88 2
1126 89 23
1126 90 99
1126 91 18
1126 92 33
1126 93 0
1126 94 5
1126 95 9
1151 1 1
1151 2 0
1151 3 0
1151 4 19
1151 5 3
1151 6 31
1151 7 53
1151 8 16
1151 9 13
1151 10 27
1151 11 25
1151 12 7
1151 13 94
1151 14 3
1151 15 4
1151 16 4
1151 17 2
1151 18 12
1151 19 58
1151 20 3
1151 21 3
1151 22 1
1151 23 6
1151 24 3
1151 25 21
1151 26 303
1151 27 1
1151 28 3
1151 29 2
1151 30 223
1151 31 0
1151 32 12
1151 33 1
1151 34 10
1151 35 36
1151 36 56
1151 37 0
1151 38 38
1151 39 2
1151 40 22
1151 41 129
1151 42 29
1151 43 13
1151 44 538
1151 45 7
1151 46 1
1151 47 2
1151 48 637
1151 49 101
1151 50 1
1151 51 16
1151 52 30
1151 53 67
1151 54 332
1151 55 19
1151 56 0
1151 57 19
1151 58 20
1151 59 11
1151 60 1
1151 61 320
1151 62 3
1151 63 170
1151 64 457
1151 65 8
1151 66 4
1151 67 89
1151 68 3
1151 69 2
1151 70 1
1151 71 5
1151 72 3
1151 73 2
1151 74 1
1151 75 0
1151 76 0
1151 77 2
1151 78 2
1151 79 26
1151 80 22
1151 81 1
1151 82 31
1151 83 1
1151 84 69
1151 85 180
1151 86 46
1151 87 0
1151 88 21
1151 89 9
1151 90 127
1151 91 18
1151 92 23
1151 93 9
1151 94 6
1151 95 5
1176 1 6
1176 2 1
1176 3 0
1176 4 14
1176 5 8
1176 6 44
1176 7 64
1176 8 12
1176 9 13
1176 10 38
1176 11 39
1176 12 19
1176 13 119
1176 14 0
1176 15 3
1176 16 0
1176 17 2
1176 18 10
1176 19 54
1176 20 9
1176 21 0
1176 22 2
1176 23 2
1176 24 7
1176 25 45
1176 26 327
1176 27 1
1176 28 0
1176 29 2
1176 30 204
1176 31 1
1176 32 3
1176 33 5
1176 34 12
1176 35 34
1176 36 48
1176 37 2
1176 38 38
1176 39 3
1176 40 16
1176 41 86
1176 42 20
1176 43 1
1176 44 618
1176 45 1
1176 46 0
1176 47 1
1176 48 642
1176 49 97
1176 50 4
1176 51 16
1176 52 17
1176 53 45
1176 54 330
1176 55 5
1176 56 2
1176 57 19
1176 58 18
1176 59 5
1176 60 3
1176 61 325
1176 62 3
1176 63 179
1176 64 485
1176 65 12
1176 66 1
1176 67 94
1176 68 1
1176 69 3
1176 70 3
1176 71 2
1176 72 2
1176 73 0
1176 74 5
1176 75 2
1176 76 10
1176 77 6
1176 78 1
1176 79 32
1176 80 61
1176 81 0
1176 82 23
1176 83 0
1176 84 45
1176 85 159
1176 86 87
1176 87 6
1176 88 16
1176 89 1
1176 90 98
1176 91 21
1176 92 21
1176 93 1
1176 94 7
1176 95 0
1201 1 3
1201 2 11
1201 3 3
1201 4 10
1201 5 4
1201 6 31
1201 7 52
1201 8 0
1201 9 3
1201 10 39
1201 11 45
1201 12 3
1201 13 142
1201 14 3
1201 15 0
1201 16 1
1201 17 7
1201 18 10
1201 19 48
1201 20 8
1201 21 0
1201 22 3
1201 23 15
1201 24 4
1201 25 40
1201 26 346
1201 27 0
1201 28 1
1201 29 0
1201 30 177
1201 31 0
1201 32 5
1201 33 4
1201 34 24
1201 35 31
1201 36 54
1201 37 1
1201 38 39
1201 39 5
1201 40 5
1201 41 106
1201 42 29
1201 43 1
1201 44 591
1201 45 2
1201 46 4
1201 47 1
1201 48 624
1201 49 143
1201 50 1
1201 51 4
1201 52 8
1201 53 53
1201 54 314
1201 55 1
1201 56 11
1201 57 18
1201 58 24
1201 59 0
1201 60 1
1201 61 320
1201 62 2
1201 63 156
1201 64 468
1201 65 11
1201 66 3
1201 67 108
1201 68 3
1201 69 4
1201 70 1
1201 71 1
1201 72 4
1201 73 2
1201 74 1
1201 75 1
1201 76 5
1201 77 2
1201 78 1
1201 79 35
1201 80 69
1201 81 0
1201 82 38
1201 83 8
1201 84 51
1201 85 168
1201 86 69
1201 87 1
1201 88 24
1201 89 1
1201 90 79
1201 91 35
1201 92 21
1201 93 3
1201 94 3
1201 95 4
1226 1 2
1226 2 12
1226 3 2
1226 4 10
1226 5 4
1226 6 27
1226 7 72
1226 8 1
1226 9 6
1226 10 42
1226 11 60
1226 12 2
1226 13 167
1226 14 0
1226 15 1
1226 16 2
1226 17 4
1226 18 7
1226 19 46
1226 20 6
1226 21 6
1226 22 0
1226 23 4
1226 24 2
1226 25 33
1226 26 411
1226 27 1
1226 28 5
1226 29 1
1226 30 118
1226 31 1
1226 32 8
1226 33 8
1226 34 30
1226 35 38
1226 36 40
1226 37 5
1226 38 71
1226 39 1
1226 40 4
1226 41 101
1226 42 28
1226 43 1
1226 44 606
1226 45 8
1226 46 6
1226 47 39
1226 48 601
1226 49 136
1226 50 0
1226 51 9
1226 52 2
1226 53 48
1226 54 302
1226 55 1
1226 56 18
1226 57 21
1226 58 10
1226 59 0
1226 60 4
1226 61 299
1226 62 3
1226 63 129
1226 64 511
1226 65 2
1226 66 1
1226 67 90
1226 68 4
1226 69 4
1226 70 2
1226 71 3
1226 72 2
1226 73 3
1226 74 5
1226 75 2
1226 76 4
1226 77 9
1226 78 1
1226 79 47
1226 80 63
1226 81 19
1226 82 46
1226 83 2
1226 84 42
1226 85 185
1226 86 52
1226 87 0
1226 88 27
1226 89 4
1226 90 48
1226 91 17
1226 92 25
1226 93 3
1226 94 4
1226 95 4
1251 1 0
1251 2 8
1251 3 0
1251 4 1
1251 5 5
1251 6 25
1251 7 45
1251 8 4
1251 9 10
1251 10 34
1251 11 81
1251 12 3
1251 13 163
1251 14 4
1251 15 4
1251 16 1
1251 17 0
1251 18 3
1251 19 41
1251 20 5
1251 21 4
1251 22 2
1251 23 8
1251 24 1
1251 25 27
1251 26 381
1251 27 3
1251 28 1
1251 29 4
1251 30 139
1251 31 1
1251 32 13
1251 33 13
1251 34 9
1251 35 23
1251 36 29
1251 37 0
1251 38 44
1251 39 4
1251 40 3
1251 41 114
1251 42 14
1251 43 1
1251 44 654
1251 45 0
1251 46 5
1251 47 44
1251 48 634
1251 49 111
1251 50 17
1251 51 0
1251 52 4
1251 53 43
1251 54 314
1251 55 3
1251 56 11
1251 57 17
1251 58 18
1251 59 2
1251 60 5
1251 61 271
1251 62 4
1251 63 102
1251 64 480
1251 65 2
1251 66 10
1251 67 98
1251 68 2
1251 69 12
1251 70 0
1251 71 4
1251 72 5
1251 73 2
1251 74 16
1251 75 1
1251 76 23
1251 77 0
1251 78 3
1251 79 32
1251 80 46
1251 81 17
1251 82 54
1251 83 0
1251 84 57
1251 85 185
1251 86 52
1251 87 7
1251 88 38
1251 89 14
1251 90 63
1251 91 15
1251 92 40
1251 93 3
1251 94 12
1251 95 2
1276 1 1
1276 2 4
1276 3 0
1276 4 12
1276 5 11
1276 6 26
1276 7 52
1276 8 4
1276 9 7
1276 10 26
1276 11 88
1276 12 4
1276 13 169
1276 14 10
1276 15 4
1276 16 1
1276 17 5
1276 18 3
1276 19 51
1276 20 6
1276 21 20
1276 22 1
1276 23 2
1276 24 0
1276 25 29
1276 26 355
1276 27 0
1276 28 1
1276 29 5
1276 30 124
1276 31 3
1276 32 3
1276 33 1
1276 34 4
1276 35 30
1276 36 34
1276 37 1
1276 38 51
1276 39 1
1276 40 2
1276 41 137
1276 42 12
1276 43 5
1276 44 669
1276 45 1
1276 46 0
1276 47 38
1276 48 582
1276 49 106
1276 50 1
1276 51 0
1276 52 2
1276 53 70
1276 54 327
1276 55 2
1276 56 0
1276 57 21
1276 58 18
1276 59 7
1276 60 1
1276 61 272
1276 62 6
1276 63 108
1276 64 527
1276 65 4
1276 66 19
1276 67 101
1276 68 4
1276 69 2
1276 70 2
1276 71 3
1276 72 11
1276 73 0
1276 74 3
1276 75 1
1276 76 33
1276 77 15
1276 78 2
1276 79 56
1276 80 53
1276 81 25
1276 82 60
1276 83 2
1276 84 66
1276 85 172
1276 86 42
1276 87 2
1276 88 20
1276 89 14
1276 90 55
1276 91 23
1276 92 35
1276 93 1
1276 94 2
1276 95 4
1301 1 10
1301 2 0
1301 3 1
1301 4 2
1301 5 13
1301 6 21
1301 7 58
1301 8 1
1301 9 12
1301 10 14
1301 11 115
1301 12 18
1301 13 171
1301 14 0
1301 15 3
1301 16 2
1301 17 0
1301 18 1
1301 19 39
1301 20 10
1301 21 12
1301 22 3
1301 23 2
1301 24 6
1301 25 30
1301 26 326
1301 27 3
1301 28 1
1301 29 1
1301 30 111
1301 31 11
1301 32 11
1301 33 6
1301 34 7
1301 35 36
1301 36 12
1301 37 4
1301 38 48
1301 39 4
1301 40 2
1301 41 138
1301 42 9
1301 43 9
1301 44 730
1301 45 0
1301 46 4
1301 47 36
1301 48 617
1301 49 117
1301 50 3
1301 51 1
1301 52 2
1301 53 74
1301 54 298
1301 55 3
1301 56 2
1301 57 14
1301 58 7
1301 59 7
1301 60 2
1301 61 275
1301 62 16
1301 63 111
1301 64 513
1301 65 2
1301 66 19
1301 67 91
1301 68 0
1301 69 1
1301 70 8
1301 71 0
1301 72 11
1301 73 6
1301 74 11
1301 75 3
1301 76 19
1301 77 4
1301 78 1
1301 79 37
1301 80 34
1301 81 22
1301 82 75
1301 83 3
1301 84 75
1301 85 162
1301 86 37
1301 87 6
1301 88 15
1301 89 13
1301 90 65
1301 91 29
1301 92 33
1301 93 3
1301 94 0
1301 95 2
1326 1 2
1326 2 0
1326 3 5
1326 4 4
1326 5 15
1326 6 21
1326 7 39
1326 8 0
1326 9 6
1326 10 1
1326 11 92
1326 12 11
1326 13 146
1326 14 4
1326 15 4
1326 16 3
1326 17 0
1326 18 8
1326 19 32
1326 20 7
1326 21 18
1326 22 2
1326 23 4
1326 24 5
1326 25 42
1326 26 312
1326 27 0
1326 28 1
1326 29 1
1326 30 106
1326 31 3
1326 32 17
1326 33 9
1326 34 28
1326 35 34
1326 36 13
1326 37 2
1326 38 55
1326 39 3
1326 40 3
1326 41 130
1326 42 9
1326 43 10
1326 44 728
1326 45 3
1326 46 7
1326 47 6
1326 48 556
1326 49 101
1326 50 2
1326 51 2
1326 52 0
1326 53 53
1326 54 343
1326 55 2
1326 56 1
1326 57 0
1326 58 0
1326 59 1
1326 60 7
1326 61 273
1326 62 34
1326 63 88
1326 64 567
1326 65 7
1326 66 24
1326 67 98
1326 68 1
1326 69 14
1326 70 19
1326 71 1
1326 72 13
1326 73 2
1326 74 11
1326 75 0
1326 76 22
1326 77 21
1326 78 1
1326 79 15
1326 80 30
1326 81 9
1326 82 73
1326 83 1
1326 84 117
1326 85 147
1326 86 40
1326 87 1
1326 88 25
1326 89 8
1326 90 92
1326 91 58
1326 92 42
1326 93 4
1326 94 2
1326 95 2
1351 1 2
1351 2 5
1351 3 0
1351 4 2
1351 5 13
1351 6 23
1351 7 39
1351 8 2
1351 9 16
1351 10 0
1351 11 70
1351 12 14
1351 13 146
1351 14 7
1351 15 4
1351 16 1
1351 17 2
1351 18 6
1351 19 50
1351 20 14
1351 21 18
1351 22 5
1351 23 7
1351 24 3
1351 25 26
1351 26 321
1351 27 3
1351 28 1
1351 29 7
1351 30 120
1351 31 9
1351 32 19
1351 33 7
1351 34 51
1351 35 51
1351 36 17
1351 37 1
1351 38 40
1351 39 7
1351 40 6
1351 41 107
1351 42 7
1351 43 1
1351 44 727
1351 45 6
1351 46 8
1351 47 3
1351 48 567
1351 49 89
1351 50 2
1351 51 8
1351 52 2
1351 53 62
1351 54 304
1351 55 5
1351 56 10
1351 57 1
1351 58 3
1351 59 1
1351 60 7
1351 61 220
1351 62 38
1351 63 128
1351 64 549
1351 65 8
1351 66 20
1351 67 89
1351 68 6
1351 69 13
1351 70 15
1351 71 1
1351 72 23
1351 73 2
1351 74 11
1351 75 11
1351 76 17
1351 77 21
1351 78 6
1351 79 47
1351 80 23
1351 81 5
1351 82 40
1351 83 5
1351 84 96
1351 85 131
1351 86 27
1351 87 3
1351 88 5
1351 89 8
1351 90 87
1351 91 40
1351 92 78
1351 93 0
1351 94 3
1351 95 2
1376 1 1
1376 2 6
1376 3 3
1376 4 0
1376 5 9
1376 6 16
1376 7 40
1376 8 2
1376 9 35
1376 10 2
1376 11 93
1376 12 15
1376 13 150
1376 14 15
1376 15 3
1376 16 1
1376 17 3
1376 18 8
1376 19 46
1376 20 22
1376 21 17
1376 22 3
1376 23 5
1376 24 5
1376 25 34
1376 26 268
1376 27 4
1376 28 5
1376 29 23
1376 30 155
1376 31 5
1376 32 26
1376 33 9
1376 34 49
1376 35 44
1376 36 33
1376 37 4
1376 38 36
1376 39 2
1376 40 1
1376 41 65
1376 42 3
1376 43 1
1376 44 704
1376 45 3
1376 46 37
1376 47 1
1376 48 565
1376 49 75
1376 50 4
1376 51 0
1376 52 1
1376 53 54
1376 54 322
1376 55 2
1376 56 20
1376 57 1
1376 58 0
1376 59 2
1376 60 8
1376 61 299
1376 62 31
1376 63 105
1376 64 575
1376 65 5
1376 66 24
1376 67 75
1376 68 1
1376 69 19
1376 70 6
1376 71 4
1376 72 21
1376 73 4
1376 74 15
1376 75 13
1376 76 16
1376 77 22
1376 78 2
1376 79 26
1376 80 12
1376 81 15
1376 82 38
1376 83 24
1376 84 86
1376 85 161
1376 86 22
1376 87 3
1376 88 14
1376 89 2
1376 90 75
1376 91 43
1376 92 59
1376 93 5
1376 94 5
1376 95 7
1401 1 2
1401 2 4
1401 3 2
1401 4 22
1401 5 15
1401 6 2
1401 7 55
1401 8 1
1401 9 36
1401 10 2
1401 11 94
1401 12 27
1401 13 134
1401 14 19
1401 15 19
1401 16 6
1401 17 3
1401 18 4
1401 19 56
1401 20 11
1401 21 17
1401 22 5
1401 23 4
1401 24 2
1401 25 37
1401 26 257
1401 27 5
1401 28 3
1401 29 25
1401 30 152
1401 31 4
1401 32 17
1401 33 0
1401 34 43
1401 35 41
1401 36 32
1401 37 0
1401 38 27
1401 39 19
1401 40 5
1401 41 80
1401 42 3
1401 43 2
1401 44 701
1401 45 2
1401 46 26
1401 47 7
1401 48 541
1401 49 99
1401 50 4
1401 51 2
1401 52 4
1401 53 71
1401 54 332
1401 55 4
1401 56 16
1401 57 5
1401 58 1
1401 59 5
1401 60 0
1401 61 273
1401 62 20
1401 63 114
1401 64 551
1401 65 5
1401 66 26
1401 67 68
1401 68 3
1401 69 24
1401 70 1
1401 71 5
1401 72 23
1401 73 7
1401 74 11
1401 75 5
1401 76 0
1401 77 22
1401 78 2
1401 79 40
1401 80 17
1401 81 4
1401 82 26
1401 83 17
1401 84 100
1401 85 153
1401 86 57
1401 87 4
1401 88 1
1401 89 3
1401 90 88
1401 91 27
1401 92 51
1401 93 7
1401 94 1
1401 95 7
1426 1 3
1426 2 2
1426 3 1
1426 4 3
1426 5 21
1426 6 1
1426 7 86
1426 8 2
1426 9 17
1426 10 2
1426 11 116
1426 12 33
1426 13 130
1426 14 13
1426 15 30
1426 16 2
1426 17 1
1426 18 4
1426 19 34
1426 20 3
1426 21 16
1426 22 22
1426 23 3
1426 24 7
1426 25 28
1426 26 296
1426 27 2
1426 28 3
1426 29 14
1426 30 165
1426 31 10
1426 32 42
1426 33 2
1426 34 14
1426 35 42
1426 36 42
1426 37 3
1426 38 34
1426 39 17
1426 40 2
1426 41 65
1426 42 4
1426 43 3
1426 44 710
1426 45 1
1426 46 5
1426 47 5
1426 48 591
1426 49 63
1426 50 3
1426 51 21
1426 52 1
1426 53 74
1426 54 336
1426 55 4
1426 56 1
1426 57 4
1426 58 11
1426 59 3
1426 60 0
1426 61 242
1426 62 19
1426 63 106
1426 64 597
1426 65 3
1426 66 27
1426 67 53
1426 68 7
1426 69 22
1426 70 6
1426 71 11
1426 72 25
1426 73 0
1426 74 5
1426 75 5
1426 76 1
1426 77 22
1426 78 4
1426 79 37
1426 80 56
1426 81 1
1426 82 16
1426 83 12
1426 84 86
1426 85 147
1426 86 31
1426 87 4
1426 88 1
1426 89 11
1426 90 109
1426 91 14
1426 92 38
1426 93 0
1426 94 6
1426 95 2
1451 1 1
1451 2 1
1451 3 2
1451 4 2
1451 5 16
1451 6 13
1451 7 100
1451 8 1
1451 9 21
1451 10 10
1451 11 115
1451 12 40
1451 13 118
1451 14 5
1451 15 43
1451 16 0
1451 17 6
1451 18 12
1451 19 58
1451 20 8
1451 21 14
1451 22 17
1451 23 0
1451 24 2
1451 25 52
1451 26 296
1451 27 3
1451 28 1
1451 29 4
1451 30 157
1451 31 24
1451 32 27
1451 33 2
1451 34 8
1451 35 44
1451 36 19
1451 37 3
1451 38 23
1451 39 20
1451 40 3
1451 41 59
1451 42 5
1451 43 1
1451 44 726
1451 45 0
1451 46 3
1451 47 12
1451 48 528
1451 49 77
1451 50 0
1451 51 30
1451 52 4
1451 53 62
1451 54 335
1451 55 6
1451 56 12
1451 57 2
1451 58 4
1451 59 0
1451 60 8
1451 61 266
1451 62 21
1451 63 115
1451 64 606
1451 65 12
1451 66 21
1451 67 58
1451 68 3
1451 69 21
1451 70 1
1451 71 17
1451 72 14
1451 73 4
1451 74 13
1451 75 3
1451 76 4
1451 77 36
1451 78 3
1451 79 58
1451 80 42
1451 81 1
1451 82 2
1451 83 4
1451 84 78
1451 85 151
1451 86 24
1451 87 2
1451 88 0
1451 89 9
1451 90 129
1451 91 3
1451 92 40
1451 93 1
1451 94 1
1451 95 5
1476 1 6
1476 2 6
1476 3 3
1476 4 1
1476 5 21
1476 6 21
1476 7 74
1476 8 0
1476 9 15
1476 10 36
1476 11 109
1476 12 21
1476 13 88
1476 14 2
1476 15 29
1476 16 3
1476 17 4
1476 18 27
1476 19 56
1476 20 21
1476 21 12
1476 22 14
1476 23 8
1476 24 2
1476 25 57
1476 26 267
1476 27 1
1476 28 4
1476 29 1
1476 30 143
1476 31 30
1476 32 30
1476 33 3
1476 34 3
1476 35 41
1476 36 39
1476 37 0
1476 38 49
1476 39 22
1476 40 1
1476 41 93
1476 42 3
1476 43 2
1476 44 702
1476 45 0
1476 46 1
1476 47 9
1476 48 575
1476 49 81
1476 50 0
1476 51 32
1476 52 4
1476 53 64
1476 54 327
1476 55 5
1476 56 12
1476 57 1
1476 58 5
1476 59 0
1476 60 4
1476 61 225
1476 62 9
1476 63 121
1476 64 586
1476 65 19
1476 66 20
1476 67 52
1476 68 3
1476 69 1
1476 70 8
1476 71 5
1476 72 13
1476 73 3
1476 74 20
1476 75 11
1476 76 0
1476 77 36
1476 78 0
1476 79 50
1476 80 35
1476 81 7
1476 82 12
1476 83 3
1476 84 48
1476 85 172
1476 86 33
1476 87 2
1476 88 1
1476 89 14
1476 90 111
1476 91 4
1476 92 46
1476 93 3
1476 94 2
1476 95 8
1501 1 5
1501 2 0
1501 3 5
1501 4 4
1501 5 11
1501 6 12
1501 7 85
1501 8 1
1501 9 8
1501 10 34
1501 11 88
1501 12 1
1501 13 139
1501 14 2
1501 15 39
1501 16 17
1501 17 2
1501 18 4
1501 19 64
1501 20 28
1501 21 2
1501 22 34
1501 23 6
1501 24 6
1501 25 52
1501 26 267
1501 27 0
1501 28 2
1501 29 2
1501 30 173
1501 31 22
1501 32 38
1501 33 6
1501 34 0
1501 35 45
1501 36 24
1501 37 1
1501 38 60
1501 39 10
1501 40 1
1501 41 99
1501 42 3
1501 43 3
1501 44 699
1501 45 2
1501 46 4
1501 47 2
1501 48 607
1501 49 64
1501 50 5
1501 51 46
1501 52 2
1501 53 56
1501 54 326
1501 55 4
1501 56 4
1501 57 2
1501 58 1
1501 59 3
1501 60 1
1501 61 225
1501 62 10
1501 63 102
1501 64 564
1501 65 23
1501 66 19
1501 67 37
1501 68 3
1501 69 3
1501 70 3
1501 71 0
1501 72 6
1501 73 0
1501 74 19
1501 75 24
1501 76 1
1501 77 37
1501 78 1
1501 79 55
1501 80 23
1501 81 19
1501 82 17
1501 83 1
1501 84 79
1501 85 194
1501 86 29
1501 87 7
1501 88 0
1501 89 2
1501 90 102
1501 91 1
1501 92 51
1501 93 8
1501 94 0
1501 95 24
1526 1 2
1526 2 1
1526 3 8
1526 4 3
1526 5 22
1526 6 0
1526 7 56
1526 8 0
1526 9 2
1526 10 58
1526 11 51
1526 12 6
1526 13 133
1526 14 15
1526 15 25
1526 16 33
1526 17 6
1526 18 11
1526 19 50
1526 20 42
1526 21 3
1526 22 29
1526 23 1
1526 24 5
1526 25 34
1526 26 265
1526 27 4
1526 28 1
1526 29 1
1526 30 179
1526 31 11
1526 32 16
1526 33 7
1526 34 8
1526 35 41
1526 36 22
1526 37 2
1526 38 54
1526 39 15
1526 40 1
1526 41 84
1526 42 2
1526 43 4
1526 44 685
1526 45 2
1526 46 2
1526 47 2
1526 48 559
1526 49 49
1526 50 2
1526 51 61
1526 52 3
1526 53 43
1526 54 340
1526 55 6
1526 56 8
1526 57 0
1526 58 13
1526 59 2
1526 60 14
1526 61 256
1526 62 18
1526 63 117
1526 64 582
1526 65 27
1526 66 20
1526 67 24
1526 68 6
1526 69 0
1526 70 3
1526 71 3
1526 72 12
1526 73 3
1526 74 18
1526 75 26
1526 76 6
1526 77 11
1526 78 13
1526 79 69
1526 80 12
1526 81 11
1526 82 24
1526 83 14
1526 84 52
1526 85 211
1526 86 57
1526 87 0
1526 88 2
1526 89 4
1526 90 67
1526 91 1
1526 92 79
1526 93 3
1526 94 4
1526 95 13
1551 1 2
1551 2 2
1551 3 4
1551 4 7
1551 5 22
1551 6 1
1551 7 64
1551 8 0
1551 9 8
1551 10 66
1551 11 75
1551 12 7
1551 13 116
1551 14 13
1551 15 9
1551 16 32
1551 17 5
1551 18 14
1551 19 48
1551 20 11
1551 21 0
1551 22 24
1551 23 7
1551 24 1
1551 25 40
1551 26 352
1551 27 1
1551 28 14
1551 29 3
1551 30 159
1551 31 25
1551 32 21
1551 33 2
1551 34 3
1551 35 17
1551 36 10
1551 37 11
1551 38 73
1551 39 11
1551 40 4
1551 41 60
1551 42 2
1551 43 1
1551 44 664
1551 45 3
1551 46 5
1551 47 1
1551 48 501
1551 49 51
1551 50 2
1551 51 60
1551 52 1
1551 53 31
1551 54 357
1551 55 1
1551 56 2
1551 57 19
1551 58 0
1551 59 6
1551 60 1
1551 61 268
1551 62 17
1551 63 120
1551 64 596
1551 65 17
1551 66 20
1551 67 33
1551 68 2
1551 69 1
1551 70 2
1551 71 2
1551 72 15
1551 73 1
1551 74 11
1551 75 34
1551 76 5
1551 77 4
1551 78 2
1551 79 52
1551 80 29
1551 81 8
1551 82 34
1551 83 5
1551 84 83
1551 85 195
1551 86 100
1551 87 0
1551 88 2
1551 89 13
1551 90 78
1551 91 0
1551 92 62
1551 93 2
1551 94 5
1551 95 4
1576 1 3
1576 2 1
1576 3 5
1576 4 4
1576 5 18
1576 6 28
1576 7 56
1576 8 2
1576 9 0
1576 10 53
1576 11 54
1576 12 2
1576 13 112
1576 14 14
1576 15 11
1576 16 25
1576 17 9
1576 18 14
1576 19 55
1576 20 34
1576 21 7
1576 22 3
1576 23 10
1576 24 0
1576 25 32
1576 26 312
1576 27 2
1576 28 13
1576 29 2
1576 30 177
1576 31 22
1576 32 21
1576 33 7
1576 34 1
1576 35 25
1576 36 13
1576 37 3
1576 38 98
1576 39 7
1576 40 2
1576 41 62
1576 42 5
1576 43 4
1576 44 734
1576 45 4
1576 46 7
1576 47 2
1576 48 573
1576 49 52
1576 50 1
1576 51 73
1576 52 0
1576 53 29
1576 54 348
1576 55 0
1576 56 2
1576 57 14
1576 58 0
1576 59 4
1576 60 1
1576 61 266
1576 62 19
1576 63 133
1576 64 565
1576 65 20
1576 66 35
1576 67 32
1576 68 3
1576 69 23
1576 70 4
1576 71 2
1576 72 21
1576 73 3
1576 74 11
1576 75 32
1576 76 1
1576 77 0
1576 78 4
1576 79 59
1576 80 22
1576 81 3
1576 82 20
1576 83 0
1576 84 72
1576 85 194
1576 86 90
1576 87 1
1576 88 3
1576 89 4
1576 90 67
1576 91 1
1576 92 59
1576 93 7
1576 94 22
1576 95 1
1601 1 0
1601 2 1
1601 3 3
1601 4 0
1601 5 18
1601 6 23
1601 7 38
1601 8 1
1601 9 6
1601 10 56
1601 11 65
1601 12 23
1601 13 89
1601 14 17
1601 15 6
1601 16 22
1601 17 11
1601 18 20
1601 19 65
1601 20 27
1601 21 3
1601 22 4
1601 23 8
1601 24 2
1601 25 32
1601 26 285
1601 27 5
1601 28 17
1601 29 2
1601 30 150
1601 31 24
1601 32 16
1601 33 4
1601 34 1
1601 35 8
1601 36 0
1601 37 7
1601 38 86
1601 39 14
1601 40 2
1601 41 62
1601 42 9
1601 43 3
1601 44 714
1601 45 1
1601 46 12
1601 47 4
1601 48 559
1601 49 51
1601 50 9
1601 51 32
1601 52 11
1601 53 26
1601 54 355
1601 55 4
1601 56 3
1601 57 19
1601 58 2
1601 59 2
1601 60 18
1601 61 263
1601 62 24
1601 63 150
1601 64 563
1601 65 15
1601 66 23
1601 67 54
1601 68 8
1601 69 32
1601 70 1
1601 71 9
1601 72 36
1601 73 5
1601 74 23
1601 75 24
1601 76 3
1601 77 4
1601 78 1
1601 79 25
1601 80 13
1601 81 20
1601 82 23
1601 83 1
1601 84 56
1601 85 196
1601 86 101
1601 87 0
1601 88 2
1601 89 3
1601 90 78
1601 91 2
1601 92 87
1601 93 1
1601 94 2
1601 95 3
1626 1 0
1626 2 1
1626 3 2
1626 4 2
1626 5 15
1626 6 14
1626 7 22
1626 8 4
1626 9 0
1626 10 50
1626 11 66
1626 12 23
1626 13 88
1626 14 10
1626 15 2
1626 16 15
1626 17 7
1626 18 14
1626 19 51
1626 20 29
1626 21 3
1626 22 16
1626 23 5
1626 24 2
1626 25 40
1626 26 240
1626 27 3
1626 28 4
1626 29 4
1626 30 139
1626 31 15
1626 32 17
1626 33 1
1626 34 0
1626 35 8
1626 36 3
1626 37 3
1626 38 69
1626 39 9
1626 40 1
1626 41 74
1626 42 12
1626 43 0
1626 44 775
1626 45 2
1626 46 13
1626 47 0
1626 48 610
1626 49 44
1626 50 20
1626 51 26
1626 52 1
1626 53 16
1626 54 361
1626 55 5
1626 56 5
1626 57 22
1626 58 0
1626 59 6
1626 60 30
1626 61 235
1626 62 32
1626 63 143
1626 64 567
1626 65 14
1626 66 11
1626 67 58
1626 68 3
1626 69 43
1626 70 1
1626 71 16
1626 72 32
1626 73 2
1626 74 38
1626 75 9
1626 76 2
1626 77 0
1626 78 2
1626 79 51
1626 80 32
1626 81 37
1626 82 17
1626 83 2
1626 84 48
1626 85 224
1626 86 113
1626 87 3
1626 88 3
1626 89 0
1626 90 79
1626 91 4
1626 92 100
1626 93 10
1626 94 3
1626 95 7
1651 1 0
1651 2 2
1651 3 7
1651 4 1
1651 5 6
1651 6 16
1651 7 24
1651 8 1
1651 9 4
1651 10 40
1651 11 77
1651 12 26
1651 13 87
1651 14 4
1651 15 6
1651 16 11
1651 17 2
1651 18 2
1651 19 50
1651 20 6
1651 21 1
1651 22 27
1651 23 3
1651 24 6
1651 25 31
1651 26 310
1651 27 1
1651 28 2
1651 29 2
1651 30 120
1651 31 7
1651 32 17
1651 33 3
1651 34 3
1651 35 1
1651 36 8
1651 37 2
1651 38 68
1651 39 5
1651 40 4
1651 41 67
1651 42 13
1651 43 1
1651 44 763
1651 45 0
1651 46 32
1651 47 5
1651 48 630
1651 49 34
1651 50 6
1651 51 19
1651 52 9
1651 53 12
1651 54 334
1651 55 0
1651 56 3
1651 57 38
1651 58 6
1651 59 3
1651 60 18
1651 61 318
1651 62 43
1651 63 154
1651 64 582
1651 65 16
1651 66 6
1651 67 70
1651 68 2
1651 69 24
1651 70 0
1651 71 7
1651 72 28
1651 73 1
1651 74 7
1651 75 16
1651 76 3
1651 77 1
1651 78 3
1651 79 97
1651 80 29
1651 81 23
1651 82 10
1651 83 3
1651 84 45
1651 85 176
1651 86 117
1651 87 0
1651 88 2
1651 89 6
1651 90 88
1651 91 3
1651 92 66
1651 93 3
1651 94 3
1651 95 10
1676 1 2
1676 2 1
1676 3 32
1676 4 0
1676 5 2
1676 6 16
1676 7 20
1676 8 2
1676 9 14
1676 10 24
1676 11 74
1676 12 21
1676 13 93
1676 14 0
1676 15 7
1676 16 1
1676 17 2
1676 18 2
1676 19 29
1676 20 2
1676 21 1
1676 22 30
1676 23 1
1676 24 1
1676 25 26
1676 26 295
1676 27 0
1676 28 2
1676 29 4
1676 30 123
1676 31 19
1676 32 17
1676 33 2
1676 34 13
1676 35 4
1676 36 2
1676 37 3
1676 38 68
1676 39 8
1676 40 6
1676 41 62
1676 42 23
1676 43 3
1676 44 724
1676 45 0
1676 46 37
1676 47 1
1676 48 628
1676 49 70
1676 50 4
1676 51 24
1676 52 6
1676 53 15
1676 54 340
1676 55 0
1676 56 1
1676 57 38
1676 58 0
1676 59 6
1676 60 16
1676 61 268
1676 62 43
1676 63 148
1676 64 610
1676 65 13
1676 66 1
1676 67 76
1676 68 2
1676 69 32
1676 70 1
1676 71 3
1676 72 30
1676 73 1
1676 74 11
1676 75 11
1676 76 5
1676 77 1
1676 78 2
1676 79 100
1676 80 35
1676 81 39
1676 82 8
1676 83 3
1676 84 33
1676 85 160
1676 86 115
1676 87 5
1676 88 3
1676 89 22
1676 90 90
1676 91 4
1676 92 36
1676 93 0
1676 94 2
1676 95 42
1701 1 2
1701 2 6
1701 3 25
1701 4 2
1701 5 4
1701 6 28
1701 7 23
1701 8 4
1701 9 21
1701 10 14
1701 11 65
1701 12 23
1701 13 79
1701 14 1
1701 15 1
1701 16 2
1701 17 3
1701 18 0
1701 19 41
1701 20 1
1701 21 15
1701 22 29
1701 23 2
1701 24 0
1701 25 9
1701 26 242
1701 27 6
1701 28 2
1701 29 5
1701 30 101
1701 31 21
1701 32 12
1701 33 1
1701 34 40
1701 35 5
1701 36 1
1701 37 6
1701 38 47
1701 39 33
1701 40 18
1701 41 53
1701 42 40
1701 43 3
1701 44 710
1701 45 1
1701 46 31
1701 47 4
1701 48 624
1701 49 67
1701 50 2
1701 51 12
1701 52 16
1701 53 28
1701 54 331
1701 55 2
1701 56 0
1701 57 24
1701 58 2
1701 59 1
1701 60 41
1701 61 325
1701 62 33
1701 63 147
1701 64 624
1701 65 26
1701 66 1
1701 67 43
1701 68 0
1701 69 29
1701 70 6
1701 71 5
1701 72 5
1701 73 3
1701 74 14
1701 75 9
1701 76 23
1701 77 0
1701 78 0
1701 79 93
1701 80 22
1701 81 41
1701 82 15
1701 83 1
1701 84 28
1701 85 144
1701 86 140
1701 87 0
1701 88 3
1701 89 17
1701 90 68
1701 91 14
1701 92 18
1701 93 0
1701 94 1
1701 95 42
1726 1 1
1726 2 8
1726 3 3
1726 4 5
1726 5 2
1726 6 22
1726 7 1
1726 8 6
1726 9 16
1726 10 35
1726 11 74
1726 12 13
1726 13 97
1726 14 0
1726 15 3
1726 16 1
1726 17 1
1726 18 10
1726 19 61
1726 20 5
1726 21 20
1726 22 41
1726 23 3
1726 24 0
1726 25 11
1726 26 276
1726 27 3
1726 28 3
1726 29 17
1726 30 105
1726 31 0
1726 32 25
1726 33 1
1726 34 19
1726 35 3
1726 36 3
1726 37 29
1726 38 32
1726 39 30
1726 40 3
1726 41 53
1726 42 44
1726 43 1
1726 44 721
1726 45 6
1726 46 39
1726 47 2
1726 48 602
1726 49 72
1726 50 2
1726 51 1
1726 52 6
1726 53 30
1726 54 340
1726 55 1
1726 56 3
1726 57 2
1726 58 3
1726 59 0
1726 60 31
1726 61 315
1726 62 21
1726 63 150
1726 64 667
1726 65 26
1726 66 4
1726 67 57
1726 68 28
1726 69 24
1726 70 8
1726 71 2
1726 72 21
1726 73 6
1726 74 3
1726 75 25
1726 76 3
1726 77 2
1726 78 2
1726 79 79
1726 80 10
1726 81 42
1726 82 8
1726 83 3
1726 84 25
1726 85 135
1726 86 176
1726 87 5
1726 88 1
1726 89 20
1726 90 46
1726 91 23
1726 92 33
1726 93 1
1726 94 5
1726 95 33
1751 1 3
1751 2 6
1751 3 3
1751 4 1
1751 5 2
1751 6 22
1751 7 15
1751 8 5
1751 9 7
1751 10 31
1751 11 72
1751 12 22
1751 13 84
1751 14 1
1751 15 1
1751 16 1
1751 17 3
1751 18 1
1751 19 59
1751 20 14
1751 21 13
1751 22 38
1751 23 0
1751 24 2
1751 25 4
1751 26 282
1751 27 1
1751 28 1
1751 29 3
1751 30 106
1751 31 0
1751 32 31
1751 33 11
1751 34 29
1751 35 5
1751 36 5
1751 37 22
1751 38 38
1751 39 15
1751 40 8
1751 41 60
1751 42 38
1751 43 2
1751 44 690
1751 45 6
1751 46 38
1751 47 1
1751 48 582
1751 49 60
1751 50 2
1751 51 18
1751 52 3
1751 53 30
1751 54 357
1751 55 14
1751 56 7
1751 57 3
1751 58 4
1751 59 4
1751 60 18
1751 61 358
1751 62 17
1751 63 142
1751 64 703
1751 65 26
1751 66 2
1751 67 43
1751 68 29
1751 69 31
1751 70 2
1751 71 0
1751 72 6
1751 73 0
1751 74 6
1751 75 20
1751 76 1
1751 77 2
1751 78 3
1751 79 109
1751 80 9
1751 81 39
1751 82 3
1751 83 3
1751 84 29
1751 85 128
1751 86 164
1751 87 1
1751 88 2
1751 89 21
1751 90 25
1751 91 23
1751 92 55
1751 93 1
1751 94 2
1751 95 25
1776 1 18
1776 2 4
1776 3 1
1776 4 2
1776 5 1
1776 6 19
1776 7 22
1776 8 1
1776 9 2
1776 10 57
1776 11 79
1776 12 18
1776 13 101
1776 14 5
1776 15 4
1776 16 4
1776 17 2
1776 18 7
1776 19 26
1776 20 21
1776 21 11
1776 22 32
1776 23 1
1776 24 3
1776 25 8
1776 26 312
1776 27 6
1776 28 5
1776 29 0
1776 30 115
1776 31 3
1776 32 44
1776 33 5
1776 34 25
1776 35 1
1776 36 13
1776 37 27
1776 38 20
1776 39 18
1776 40 11
1776 41 71
1776 42 43
1776 43 1
1776 44 689
1776 45 2
1776 46 32
1776 47 2
1776 48 607
1776 49 58
1776 50 4
1776 51 8
1776 52 3
1776 53 32
1776 54 343
1776 55 11
1776 56 4
1776 57 2
1776 58 2
1776 59 6
1776 60 11
1776 61 351
1776 62 21
1776 63 124
1776 64 693
1776 65 27
1776 66 0
1776 67 53
1776 68 38
1776 69 29
1776 70 3
1776 71 1
1776 72 14
1776 73 2
1776 74 10
1776 75 14
1776 76 2
1776 77 1
1776 78 3
1776 79 76
1776 80 13
1776 81 32
1776 82 4
1776 83 6
1776 84 45
1776 85 159
1776 86 110
1776 87 2
1776 88 2
1776 89 21
1776 90 49
1776 91 11
1776 92 55
1776 93 5
1776 94 1
1776 95 6
1801 1 33
1801 2 4
1801 3 2
1801 4 7
1801 5 2
1801 6 15
1801 7 23
1801 8 3
1801 9 3
1801 10 35
1801 11 94
1801 12 21
1801 13 102
1801 14 9
1801 15 3
1801 16 4
1801 17 1
1801 18 24
1801 19 31
1801 20 11
1801 21 11
1801 22 31
1801 23 5
1801 24 2
1801 25 7
1801 26 327
1801 27 2
1801 28 2
1801 29 4
1801 30 88
1801 31 1
1801 32 22
1801 33 7
1801 34 8
1801 35 4
1801 36 24
1801 37 21
1801 38 9
1801 39 20
1801 40 11
1801 41 76
1801 42 47
1801 43 6
1801 44 643
1801 45 1
1801 46 26
1801 47 3
1801 48 557
1801 49 58
1801 50 3
1801 51 1
1801 52 0
1801 53 28
1801 54 393
1801 55 3
1801 56 4
1801 57 9
1801 58 2
1801 59 6
1801 60 8
1801 61 293
1801 62 21
1801 63 101
1801 64 671
1801 65 23
1801 66 1
1801 67 74
1801 68 50
1801 69 27
1801 70 4
1801 71 4
1801 72 4
1801 73 0
1801 74 0
1801 75 14
1801 76 1
1801 77 13
1801 78 3
1801 79 53
1801 80 27
1801 81 12
1801 82 3
1801 83 7
1801 84 18
1801 85 188
1801 86 119
1801 87 10
1801 88 5
1801 89 18
1801 90 65
1801 91 23
1801 92 51
1801 93 3
1801 94 4
1801 95 8
1826 1 2
1826 2 27
1826 3 4
1826 4 4
1826 5 4
1826 6 19
1826 7 26
1826 8 4
1826 9 5
1826 10 37
1826 11 112
1826 12 16
1826 13 115
1826 14 3
1826 15 4
1826 16 1
1826 17 9
1826 18 36
1826 19 36
1826 20 11
1826 21 17
1826 22 28
1826 23 3
1826 24 0
1826 25 6
1826 26 281
1826 27 7
1826 28 3
1826 29 19
1826 30 94
1826 31 4
1826 32 23
1826 33 3
1826 34 5
1826 35 4
1826 36 7
1826 37 17
1826 38 26
1826 39 14
1826 40 22
1826 41 93
1826 42 38
1826 43 3
1826 44 719
1826 45 1
1826 46 33
1826 47 3
1826 48 548
1826 49 38
1826 50 1
1826 51 2
1826 52 7
1826 53 43
1826 54 366
1826 55 1
1826 56 13
1826 57 28
1826 58 1
1826 59 3
1826 60 18
1826 61 251
1826 62 11
1826 63 119
1826 64 626
1826 65 18
1826 66 2
1826 67 79
1826 68 40
1826 69 38
1826 70 3
1826 71 3
1826 72 0
1826 73 2
1826 74 0
1826 75 17
1826 76 8
1826 77 23
1826 78 4
1826 79 21
1826 80 16
1826 81 11
1826 82 1
1826 83 13
1826 84 37
1826 85 177
1826 86 108
1826 87 4
1826 88 34
1826 89 16
1826 90 67
1826 91 10
1826 92 55
1826 93 1
1826 94 7
1826 95 9
1851 1 1
1851 2 38
1851 3 3
1851 4 0
1851 5 14
1851 6 17
1851 7 40
1851 8 8
1851 9 1
1851 10 44
1851 11 99
1851 12 11
1851 13 115
1851 14 1
1851 15 1
1851 16 2
1851 17 10
1851 18 54
1851 19 30
1851 20 18
1851 21 13
1851 22 19
1851 23 2
1851 24 2
1851 25 6
1851 26 249
1851 27 6
1851 28 5
1851 29 4
1851 30 100
1851 31 3
1851 32 19
1851 33 1
1851 34 10
1851 35 4
1851 36 0
1851 37 18
1851 38 22
1851 39 24
1851 40 10
1851 41 104
1851 42 39
1851 43 2
1851 44 750
1851 45 1
1851 46 25
1851 47 1
1851 48 581
1851 49 43
1851 50 2
1851 51 3
1851 52 5
1851 53 39
1851 54 349
1851 55 1
1851 56 21
1851 57 17
1851 58 5
1851 59 5
1851 60 21
1851 61 288
1851 62 14
1851 63 113
1851 64 637
1851 65 25
1851 66 6
1851 67 79
1851 68 22
1851 69 25
1851 70 0
1851 71 4
1851 72 1
1851 73 22
1851 74 0
1851 75 10
1851 76 2
1851 77 12
1851 78 5
1851 79 23
1851 80 37
1851 81 26
1851 82 1
1851 83 15
1851 84 29
1851 85 166
1851 86 86
1851 87 1
1851 88 40
1851 89 17
1851 90 42
1851 91 2
1851 92 46
1851 93 5
1851 94 0
1851 95 0
1876 1 3
1876 2 42
1876 3 2
1876 4 6
1876 5 6
1876 6 3
1876 7 45
1876 8 6
1876 9 2
1876 10 53
1876 11 65
1876 12 12
1876 13 102
1876 14 1
1876 15 2
1876 16 5
1876 17 3
1876 18 83
1876 19 22
1876 20 20
1876 21 22
1876 22 19
1876 23 3
1876 24 1
1876 25 9
1876 26 282
1876 27 9
1876 28 4
1876 29 12
1876 30 108
1876 31 7
1876 32 18
1876 33 4
1876 34 5
1876 35 10
1876 36 1
1876 37 21
1876 38 13
1876 39 38
1876 40 5
1876 41 107
1876 42 38
1876 43 1
1876 44 710
1876 45 4
1876 46 40
1876 47 1
1876 48 586
1876 49 34
1876 50 2
1876 51 3
1876 52 12
1876 53 53
1876 54 383
1876 55 7
1876 56 13
1876 57 4
1876 58 0
1876 59 8
1876 60 17
1876 61 263
1876 62 22
1876 63 149
1876 64 624
1876 65 13
1876 66 2
1876 67 50
1876 68 36
1876 69 26
1876 70 2
1876 71 3
1876 72 3
1876 73 25
1876 74 7
1876 75 16
1876 76 4
1876 77 5
1876 78 3
1876 79 16
1876 80 38
1876 81 34
1876 82 1
1876 83 14
1876 84 44
1876 85 172
1876 86 60
1876 87 7
1876 88 41
1876 89 6
1876 90 33
1876 91 1
1876 92 59
1876 93 2
1876 94 1
1876 95 1
1901 1 3
1901 2 30
1901 3 0
1901 4 4
1901 5 1
1901 6 0
1901 7 63
1901 8 0
1901 9 12
1901 10 46
1901 11 100
1901 12 30
1901 13 99
1901 14 16
1901 15 3
1901 16 2
1901 17 4
1901 18 61
1901 19 23
1901 20 18
1901 21 19
1901 22 24
1901 23 1
1901 24 1
1901 25 11
1901 26 357
1901 27 0
1901 28 2
1901 29 15
1901 30 123
1901 31 11
1901 32 20
1901 33 1
1901 34 3
1901 35 25
1901 36 1
1901 37 23
1901 38 10
1901 39 16
1901 40 8
1901 41 69
1901 42 27
1901 43 4
1901 44 724
1901 45 2
1901 46 21
1901 47 2
1901 48 563
1901 49 14
1901 50 8
1901 51 0
1901 52 0
1901 53 74
1901 54 423
1901 55 4
1901 56 30
1901 57 8
1901 58 5
1901 59 8
1901 60 23
1901 61 211
1901 62 12
1901 63 142
1901 64 647
1901 65 6
1901 66 3
1901 67 88
1901 68 32
1901 69 22
1901 70 6
1901 71 2
1901 72 3
1901 73 11
1901 74 21
1901 75 11
1901 76 3
1901 77 1
1901 78 4
1901 79 22
1901 80 26
1901 81 50
1901 82 9
1901 83 3
1901 84 33
1901 85 200
1901 86 44
1901 87 4
1901 88 16
1901 89 1
1901 90 44
1901 91 8
1901 92 11
1901 93 2
1901 94 2
1901 95 4
1926 1 1
1926 2 36
1926 3 1
1926 4 0
1926 5 3
1926 6 0
1926 7 51
1926 8 8
1926 9 22
1926 10 23
1926 11 96
1926 12 26
1926 13 104
1926 14 9
1926 15 2
1926 16 5
1926 17 7
1926 18 41
1926 19 33
1926 20 11
1926 21 14
1926 22 12
1926 23 1
1926 24 6
1926 25 9
1926 26 349
1926 27 1
1926 28 8
1926 29 22
1926 30 96
1926 31 0
1926 32 26
1926 33 9
1926 34 3
1926 35 29
1926 36 0
1926 37 25
1926 38 33
1926 39 24
1926 40 3
1926 41 55
1926 42 43
1926 43 5
1926 44 725
1926 45 3
1926 46 30
1926 47 1
1926 48 569
1926 49 13
1926 50 4
1926 51 0
1926 52 15
1926 53 67
1926 54 388
1926 55 6
1926 56 20
1926 57 0
1926 58 1
1926 59 11
1926 60 14
1926 61 255
1926 62 17
1926 63 130
1926 64 644
1926 65 15
1926 66 1
1926 67 142
1926 68 18
1926 69 10
1926 70 14
1926 71 0
1926 72 8
1926 73 2
1926 74 15
1926 75 27
1926 76 4
1926 77 1
1926 78 0
1926 79 48
1926 80 5
1926 81 18
1926 82 23
1926 83 0
1926 84 31
1926 85 191
1926 86 60
1926 87 6
1926 88 19
1926 89 5
1926 90 48
1926 91 21
1926 92 17
1926 93 0
1926 94 1
1926 95 1
1951 1 3
1951 2 24
1951 3 1
1951 4 2
1951 5 2
1951 6 2
1951 7 63
1951 8 18
1951 9 14
1951 10 17
1951 11 60
1951 12 24
1951 13 118
1951 14 7
1951 15 8
1951 16 4
1951 17 2
1951 18 27
1951 19 32
1951 20 28
1951 21 10
1951 22 5
1951 23 6
1951 24 9
1951 25 17
1951 26 337
1951 27 0
1951 28 0
1951 29 32
1951 30 87
1951 31 5
1951 32 46
1951 33 5
1951 34 5
1951 35 19
1951 36 1
1951 37 31
1951 38 28
1951 39 24
1951 40 9
1951 41 83
1951 42 42
1951 43 3
1951 44 739
1951 45 1
1951 46 27
1951 47 3
1951 48 561
1951 49 41
1951 50 1
1951 51 1
1951 52 17
1951 53 72
1951 54 403
1951 55 3
1951 56 28
1951 57 0
1951 58 3
1951 59 11
1951 60 0
1951 61 237
1951 62 39
1951 63 134
1951 64 614
1951 65 19
1951 66 5
1951 67 99
1951 68 11
1951 69 12
1951 70 13
1951 71 1
1951 72 4
1951 73 1
1951 74 30
1951 75 24
1951 76 0
1951 77 0
1951 78 3
1951 79 50
1951 80 2
1951 81 9
1951 82 21
1951 83 1
1951 84 32
1951 85 202
1951 86 68
1951 87 3
1951 88 12
1951 89 1
1951 90 62
1951 91 24
1951 92 10
1951 93 2
1951 94 0
1951 95 0
1976 1 14
1976 2 15
1976 3 3
1976 4 3
1976 5 0
1976 6 19
1976 7 41
1976 8 32
1976 9 12
1976 10 37
1976 11 40
1976 12 3
1976 13 150
1976 14 4
1976 15 12
1976 16 1
1976 17 0
1976 18 35
1976 19 27
1976 20 16
1976 21 5
1976 22 7
1976 23 0
1976 24 0
1976 25 20
1976 26 344
1976 27 1
1976 28 5
1976 29 31
1976 30 116
1976 31 3
1976 32 26
1976 33 1
1976 34 2
1976 35 25
1976 36 0
1976 37 7
1976 38 30
1976 39 23
1976 40 6
1976 41 109
1976 42 19
1976 43 1
1976 44 759
1976 45 2
1976 46 55
1976 47 4
1976 48 544
1976 49 42
1976 50 2
1976 51 3
1976 52 17
1976 53 72
1976 54 428
1976 55 4
1976 56 35
1976 57 0
1976 58 2
1976 59 6
1976 60 17
1976 61 236
1976 62 28
1976 63 117
1976 64 572
1976 65 23
1976 66 4
1976 67 93
1976 68 30
1976 69 16
1976 70 2
1976 71 0
1976 72 3
1976 73 1
1976 74 22
1976 75 22
1976 76 4
1976 77 2
1976 78 0
1976 79 34
1976 80 4
1976 81 7
1976 82 21
1976 83 5
1976 84 27
1976 85 208
1976 86 43
1976 87 7
1976 88 4
1976 89 3
1976 90 94
1976 91 18
1976 92 13
1976 93 2
1976 94 0
1976 95 1
