1 94
26 92
51 89
76 88
101 93
126 88
151 92
176 87
201 87
226 90
251 89
276 90
301 89
326 91
351 91
376 86
401 88
426 93
451 91
476 90
501 88
526 94
551 94
576 89
601 90
626 92
651 90
676 89
701 87
726 90
751 88
776 89
801 91
826 91
851 90
876 90
901 87
926 87
951 90
976 91
1001 92
1026 86
1051 87
1076 89
1101 90
1126 87
1151 90
1176 90
1201 91
1226 90
1251 91
1276 85
1301 87
1326 94
1351 90
1376 88
1401 94
1426 90
1451 82
1476 91
1501 92
1526 90
1551 89
1576 85
1601 87
1626 89
1651 88
1676 91
1701 86
1726 89
1751 86
1776 89
1801 91
1826 90
1851 92
1876 89
1901 89
1926 88
1951 93
1976 88
