1 5204
26 2098
51 2045
76 2019
101 2109
126 2110
151 2194
176 2238
201 2258
226 2321
251 2247
276 2242
301 2293
326 2186
351 2288
376 2369
401 2317
426 2204
451 2464
476 2326
501 2256
526 2384
551 2295
576 2290
601 2241
626 2196
651 2251
676 2162
701 2200
726 2028
751 2135
776 2210
801 2264
826 2275
851 2285
876 2279
901 2385
926 2222
951 2173
976 2136
1001 2168
1026 2071
1051 2277
1076 2239
1101 2296
1126 2257
1151 2220
1176 2247
1201 2233
1226 2207
1251 2320
1276 2322
1301 2237
1326 2295
1351 2239
1376 2321
1401 2404
1426 2252
1451 2347
1476 2293
1501 2262
1526 2194
1551 2250
1576 2342
1601 2322
1626 2321
1651 2310
1676 2315
1701 2275
1726 2277
1751 2309
1776 2343
1801 2337
1826 2251
1851 2274
1876 2251
1901 2244
1926 2135
1951 2172
1976 2243
