1 4649
26 3180
51 3090
76 3100
101 3117
126 3049
151 3057
176 3067
201 3065
226 3124
251 3062
276 3098
301 3094
326 3043
351 3031
376 3049
401 3074
426 3070
451 3071
476 3061
501 3030
526 3057
551 3106
576 3029
601 3029
626 3081
651 3094
676 3063
701 3053
726 3049
751 3074
776 3106
801 3038
826 3083
851 3053
876 3117
901 3065
926 3080
951 3105
976 3048
1001 3076
1026 3053
1051 3060
1076 3042
1101 3030
1126 2984
1151 3095
1176 3043
1201 3045
1226 3097
1251 3088
1276 3053
1301 3050
1326 3099
1351 3024
1376 2994
1401 3088
1426 3033
1451 3048
1476 3075
1501 3074
1526 3079
1551 3043
1576 3075
1601 3082
1626 3062
1651 3051
1676 3112
1701 3062
1726 3049
1751 3081
1776 3099
1801 3034
1826 3112
1851 3047
1876 3084
1901 3040
1926 3065
1951 3033
1976 3074
