1 4106
26 3733
51 3712
76 3748
101 3722
126 3688
151 3789
176 3703
201 3784
226 3735
251 3744
276 3656
301 3786
326 3734
351 3680
376 3674
401 3726
426 3647
451 3707
476 3742
501 3712
526 3673
551 3672
576 3663
601 3663
626 3732
651 3716
676 3684
701 3695
726 3769
751 3710
776 3710
801 3666
826 3651
851 3777
876 3702
901 3689
926 3648
951 3741
976 3767
1001 3754
1026 3632
1051 3694
1076 3689
1101 3679
1126 3665
1151 3701
1176 3712
1201 3665
1226 3689
1251 3699
1276 3680
1301 3746
1326 3672
1351 3635
1376 3711
1401 3719
1426 3683
1451 3755
1476 3745
1501 3741
1526 3718
1551 3737
1576 3694
1601 3711
1626 3702
1651 3709
1676 3651
1701 3655
1726 3755
1751 3708
1776 3652
1801 3594
1826 3650
1851 3685
1876 3682
1901 3657
1926 3696
1951 3675
1976 3664
