1 5342
26 4012
51 4006
76 3942
101 3949
126 3907
151 3957
176 4083
201 3992
226 4023
251 4074
276 3993
301 3966
326 3869
351 4035
376 4015
401 3945
426 3960
451 3959
476 4119
501 4134
526 3909
551 3953
576 3992
601 4123
626 4002
651 3978
676 3922
701 3995
726 4118
751 4080
776 4046
801 3946
826 3988
851 3988
876 3939
901 3925
926 3953
951 3918
976 3899
1001 3972
1026 3910
1051 3990
1076 3995
1101 4071
1126 3986
1151 4105
1176 4033
1201 3958
1226 3948
1251 3997
1276 4003
1301 3939
1326 3983
1351 3903
1376 3978
1401 4009
1426 4066
1451 3953
1476 3880
1501 4065
1526 4092
1551 4135
1576 3878
1601 3948
1626 3908
1651 3994
1676 4036
1701 3976
1726 3907
1751 3914
1776 4126
1801 4109
1826 3996
1851 3913
1876 3969
1901 3967
1926 3989
1951 3932
1976 3917
