1 5610
26 4669
51 4751
76 4745
101 4829
126 4724
151 4736
176 4769
201 4652
226 4673
251 4618
276 4719
301 4619
326 4717
351 4711
376 4743
401 4752
426 4779
451 4778
476 4761
501 4736
526 4844
551 4720
576 4793
601 4803
626 4773
651 4770
676 4647
701 4715
726 4741
751 4813
776 4786
801 4675
826 4680
851 4731
876 4664
901 4685
926 4740
951 4833
976 4917
1001 4780
1026 4899
1051 4898
1076 4682
1101 4769
1126 4823
1151 4824
1176 4789
1201 4814
1226 4804
1251 4705
1276 4856
1301 4629
1326 4793
1351 4827
1376 4767
1401 4673
1426 4671
1451 4701
1476 4633
1501 4648
1526 4635
1551 4702
1576 4667
1601 4736
1626 4806
1651 4734
1676 4771
1701 4770
1726 4815
1751 4899
1776 4828
1801 4811
1826 4774
1851 4777
1876 4840
1901 4817
1926 4702
1951 4627
1976 4678
