1 4116
26 717
51 571
76 540
101 547
126 505
151 495
176 492
201 507
226 515
251 503
276 478
301 489
326 482
351 478
376 484
401 496
426 471
451 491
476 474
501 477
526 462
551 454
576 457
601 468
626 441
651 454
676 442
701 449
726 441
751 460
776 429
801 446
826 437
851 441
876 435
901 458
926 450
951 432
976 459
1001 442
1026 431
1051 430
1076 425
1101 445
1126 456
1151 458
1176 427
1201 429
1226 470
1251 457
1276 447
1301 439
1326 455
1351 439
1376 450
1401 427
1426 443
1451 456
1476 462
1501 450
1526 450
1551 432
1576 428
1601 425
1626 430
1651 425
1676 445
1701 440
1726 453
1751 426
1776 437
1801 427
1826 439
1851 440
1876 426
1901 436
1926 422
1951 424
1976 418
