1 1 6
1 2 4
1 3 5
1 4 5
1 5 5
1 6 5
1 7 3
1 8 4
1 9 4
1 10 4
1 11 5
1 12 4
1 13 5
1 14 4
1 15 4
1 16 4
1 17 4
1 18 4
1 19 3
1 20 6
1 21 3
1 22 4
1 23 4
1 24 4
1 25 4
1 26 3
1 27 4
1 28 3
1 29 3
1 30 4
1 31 4
1 32 4
1 33 4
1 34 3
1 35 5
1 36 3
1 37 3
1 38 5
1 39 4
1 40 4
1 41 4
1 42 4
1 43 4
1 44 4
1 45 5
1 46 5
1 47 4
1 48 4
1 49 3
1 50 4
1 51 5
1 52 5
1 53 4
1 54 3
1 55 3
1 56 3
1 57 3
1 58 4
1 59 4
1 60 3
1 61 4
1 62 3
1 63 3
1 64 3
1 65 3
1 66 4
1 67 4
1 68 5
1 69 4
1 70 4
1 71 3
1 72 5
1 73 3
1 74 4
1 75 5
1 76 4
1 77 5
1 78 4
1 79 3
1 80 5
1 81 4
1 82 4
1 83 3
1 84 5
1 85 4
1 86 4
1 87 3
1 88 3
1 89 4
1 90 6
1 91 5
1 92 4
1 93 4
1 94 4
1 95 6
1 96 5
1 97 6
1 98 5
1 99 5
1 100 5
1 101 5
1 102 4
1 103 4
1 104 4
1 105 3
1 106 4
1 107 5
1 108 3
1 109 5
1 110 5
1 111 4
1 112 4
1 113 4
1 114 4
1 115 4
1 116 4
1 117 4
1 118 4
1 119 4
1 120 5
1 121 4
26 1 3
26 2 3
26 3 3
26 4 4
26 5 3
26 6 3
26 7 3
26 8 3
26 9 3
26 10 3
26 11 3
26 12 3
26 13 3
26 14 3
26 15 3
26 16 3
26 17 3
26 18 3
26 19 3
26 20 3
26 21 1
26 22 3
26 23 2
26 24 4
26 25 3
26 26 3
26 27 3
26 28 3
26 29 3
26 30 3
26 31 3
26 32 3
26 33 3
26 34 1
26 35 2
26 36 2
26 37 3
26 38 3
26 39 3
26 40 3
26 41 3
26 42 2
26 43 2
26 44 2
26 45 1
26 46 3
26 47 3
26 48 3
26 49 4
26 50 3
26 51 3
26 52 1
26 53 2
26 54 2
26 55 3
26 56 1
26 57 2
26 58 3
26 59 3
26 60 4
26 61 3
26 62 1
26 63 1
26 64 2
26 65 1
26 66 2
26 67 1
26 68 3
26 69 3
26 70 3
26 71 3
26 72 3
26 73 2
26 74 2
26 75 2
26 76 1
26 77 3
26 78 2
26 79 2
26 80 3
26 81 3
26 82 3
26 83 2
26 84 3
26 85 3
26 86 4
26 87 2
26 88 1
26 89 1
26 90 2
26 91 2
26 92 3
26 93 3
26 94 3
26 95 4
26 96 4
26 97 3
26 98 3
26 99 3
26 100 3
26 101 3
26 102 3
26 103 3
26 104 3
26 105 3
26 106 3
26 107 3
26 108 3
26 109 4
26 110 3
26 111 3
26 112 3
26 113 3
26 114 3
26 115 3
26 116 3
26 117 3
26 118 3
26 119 4
26 120 3
26 121 3
51 1 3
51 2 3
51 3 3
51 4 3
51 5 3
51 6 3
51 7 3
51 8 3
51 9 3
51 10 3
51 11 4
51 12 4
51 13 3
51 14 4
51 15 3
51 16 3
51 17 3
51 18 3
51 19 3
51 20 3
51 21 2
51 22 4
51 23 4
51 24 4
51 25 3
51 26 4
51 27 3
51 28 3
51 29 3
51 30 3
51 31 3
51 32 2
51 33 2
51 34 1
51 35 1
51 36 3
51 37 3
51 38 2
51 39 3
51 40 3
51 41 3
51 42 2
51 43 1
51 44 1
51 45 1
51 46 3
51 47 3
51 48 3
51 49 3
51 50 3
51 51 3
51 52 2
51 53 1
51 54 1
51 55 1
51 56 2
51 57 4
51 58 3
51 59 3
51 60 3
51 61 3
51 62 1
51 63 1
51 64 1
51 65 1
51 66 1
51 67 1
51 68 4
51 69 4
51 70 3
51 71 3
51 72 3
51 73 3
51 74 2
51 75 2
51 76 2
51 77 1
51 78 2
51 79 2
51 80 3
51 81 3
51 82 3
51 83 2
51 84 2
51 85 4
51 86 3
51 87 2
51 88 2
51 89 2
51 90 3
51 91 3
51 92 3
51 93 2
51 94 3
51 95 3
51 96 4
51 97 4
51 98 4
51 99 4
51 100 2
51 101 3
51 102 3
51 103 3
51 104 3
51 105 3
51 106 4
51 107 4
51 108 3
51 109 3
51 110 3
51 111 3
51 112 3
51 113 3
51 114 3
51 115 3
51 116 3
51 117 3
51 118 4
51 119 3
51 120 3
51 121 3
76 1 3
76 2 3
76 3 3
76 4 3
76 5 3
76 6 3
76 7 3
76 8 3
76 9 3
76 10 4
76 11 3
76 12 4
76 13 3
76 14 3
76 15 3
76 16 3
76 17 3
76 18 3
76 19 3
76 20 4
76 21 1
76 22 4
76 23 3
76 24 4
76 25 4
76 26 4
76 27 4
76 28 3
76 29 4
76 30 4
76 31 4
76 32 1
76 33 1
76 34 1
76 35 2
76 36 4
76 37 4
76 38 4
76 39 4
76 40 3
76 41 2
76 42 2
76 43 1
76 44 1
76 45 1
76 46 3
76 47 3
76 48 3
76 49 3
76 50 2
76 51 1
76 52 1
76 53 1
76 54 1
76 55 1
76 56 1
76 57 4
76 58 3
76 59 4
76 60 4
76 61 3
76 62 1
76 63 1
76 64 1
76 65 1
76 66 1
76 67 1
76 68 2
76 69 3
76 70 3
76 71 3
76 72 4
76 73 2
76 74 1
76 75 1
76 76 1
76 77 1
76 78 1
76 79 1
76 80 4
76 81 3
76 82 3
76 83 2
76 84 4
76 85 4
76 86 4
76 87 1
76 88 1
76 89 1
76 90 4
76 91 4
76 92 3
76 93 3
76 94 3
76 95 3
76 96 3
76 97 3
76 98 4
76 99 3
76 100 3
76 101 4
76 102 3
76 103 3
76 104 3
76 105 3
76 106 3
76 107 3
76 108 3
76 109 3
76 110 3
76 111 3
76 112 3
76 113 3
76 114 3
76 115 3
76 116 3
76 117 3
76 118 3
76 119 3
76 120 4
76 121 3
101 1 3
101 2 3
101 3 3
101 4 3
101 5 3
101 6 3
101 7 3
101 8 3
101 9 3
101 10 4
101 11 4
101 12 3
101 13 3
101 14 3
101 15 3
101 16 3
101 17 3
101 18 3
101 19 4
101 20 4
101 21 2
101 22 4
101 23 2
101 24 3
101 25 4
101 26 4
101 27 3
101 28 3
101 29 4
101 30 3
101 31 2
101 32 1
101 33 1
101 34 1
101 35 1
101 36 2
101 37 4
101 38 3
101 39 3
101 40 3
101 41 2
101 42 1
101 43 1
101 44 1
101 45 1
101 46 4
101 47 4
101 48 3
101 49 4
101 50 2
101 51 1
101 52 1
101 53 1
101 54 1
101 55 1
101 56 1
101 57 4
101 58 4
101 59 3
101 60 4
101 61 4
101 62 1
101 63 1
101 64 1
101 65 1
101 66 1
101 67 1
101 68 3
101 69 4
101 70 4
101 71 4
101 72 2
101 73 1
101 74 1
101 75 1
101 76 1
101 77 1
101 78 1
101 79 2
101 80 3
101 81 3
101 82 3
101 83 2
101 84 4
101 85 4
101 86 4
101 87 1
101 88 1
101 89 2
101 90 3
101 91 3
101 92 4
101 93 3
101 94 3
101 95 4
101 96 3
101 97 4
101 98 4
101 99 3
101 100 3
101 101 4
101 102 3
101 103 3
101 104 3
101 105 4
101 106 3
101 107 3
101 108 3
101 109 3
101 110 3
101 111 4
101 112 4
101 113 3
101 114 3
101 115 3
101 116 3
101 117 3
101 118 3
101 119 3
101 120 3
101 121 2
126 1 3
126 2 3
126 3 3
126 4 3
126 5 3
126 6 3
126 7 4
126 8 3
126 9 3
126 10 3
126 11 4
126 12 3
126 13 3
126 14 3
126 15 4
126 16 4
126 17 3
126 18 4
126 19 3
126 20 3
126 21 1
126 22 3
126 23 2
126 24 3
126 25 4
126 26 4
126 27 4
126 28 3
126 29 4
126 30 4
126 31 4
126 32 1
126 33 1
126 34 1
126 35 1
126 36 2
126 37 3
126 38 3
126 39 4
126 40 3
126 41 2
126 42 1
126 43 1
126 44 1
126 45 1
126 46 3
126 47 3
126 48 3
126 49 4
126 50 4
126 51 1
126 52 1
126 53 1
126 54 1
126 55 1
126 56 1
126 57 4
126 58 4
126 59 3
126 60 4
126 61 4
126 62 2
126 63 1
126 64 1
126 65 1
126 66 1
126 67 1
126 68 4
126 69 4
126 70 3
126 71 3
126 72 3
126 73 1
126 74 1
126 75 1
126 76 1
126 77 1
126 78 1
126 79 1
126 80 4
126 81 4
126 82 4
126 83 2
126 84 4
126 85 3
126 86 3
126 87 2
126 88 1
126 89 1
126 90 4
126 91 4
126 92 4
126 93 4
126 94 4
126 95 3
126 96 3
126 97 4
126 98 4
126 99 2
126 100 2
126 101 3
126 102 3
126 103 3
126 104 4
126 105 4
126 106 3
126 107 3
126 108 3
126 109 3
126 110 3
126 111 4
126 112 4
126 113 3
126 114 3
126 115 3
126 116 4
126 117 3
126 118 3
126 119 3
126 120 4
126 121 4
151 1 3
151 2 4
151 3 4
151 4 3
151 5 3
151 6 3
151 7 3
151 8 3
151 9 4
151 10 3
151 11 3
151 12 4
151 13 4
151 14 4
151 15 4
151 16 3
151 17 3
151 18 4
151 19 3
151 20 4
151 21 1
151 22 3
151 23 4
151 24 4
151 25 3
151 26 3
151 27 4
151 28 3
151 29 4
151 30 4
151 31 3
151 32 1
151 33 1
151 34 1
151 35 1
151 36 3
151 37 4
151 38 2
151 39 4
151 40 4
151 41 2
151 42 2
151 43 1
151 44 1
151 45 1
151 46 3
151 47 4
151 48 4
151 49 3
151 50 3
151 51 2
151 52 1
151 53 1
151 54 1
151 55 1
151 56 1
151 57 3
151 58 3
151 59 3
151 60 3
151 61 4
151 62 1
151 63 1
151 64 1
151 65 1
151 66 1
151 67 1
151 68 4
151 69 4
151 70 4
151 71 3
151 72 2
151 73 1
151 74 1
151 75 1
151 76 1
151 77 1
151 78 1
151 79 1
151 80 3
151 81 4
151 82 3
151 83 2
151 84 3
151 85 4
151 86 3
151 87 2
151 88 1
151 89 2
151 90 4
151 91 2
151 92 3
151 93 4
151 94 3
151 95 4
151 96 4
151 97 4
151 98 4
151 99 2
151 100 2
151 101 4
151 102 3
151 103 3
151 104 3
151 105 4
151 106 3
151 107 3
151 108 3
151 109 4
151 110 3
151 111 3
151 112 3
151 113 3
151 114 3
151 115 3
151 116 3
151 117 4
151 118 3
151 119 3
151 120 4
151 121 3
176 1 4
176 2 3
176 3 3
176 4 3
176 5 3
176 6 4
176 7 3
176 8 3
176 9 4
176 10 2
176 11 4
176 12 4
176 13 3
176 14 3
176 15 3
176 16 3
176 17 3
176 18 3
176 19 3
176 20 3
176 21 1
176 22 3
176 23 2
176 24 3
176 25 2
176 26 4
176 27 4
176 28 3
176 29 2
176 30 3
176 31 2
176 32 1
176 33 2
176 34 2
176 35 1
176 36 4
176 37 4
176 38 4
176 39 3
176 40 3
176 41 3
176 42 1
176 43 1
176 44 1
176 45 1
176 46 4
176 47 4
176 48 4
176 49 4
176 50 3
176 51 1
176 52 1
176 53 1
176 54 1
176 55 1
176 56 1
176 57 4
176 58 4
176 59 3
176 60 4
176 61 2
176 62 1
176 63 1
176 64 1
176 65 1
176 66 1
176 67 1
176 68 2
176 69 3
176 70 4
176 71 4
176 72 4
176 73 1
176 74 1
176 75 1
176 76 1
176 77 1
176 78 1
176 79 1
176 80 3
176 81 4
176 82 3
176 83 1
176 84 4
176 85 3
176 86 2
176 87 1
176 88 1
176 89 1
176 90 3
176 91 3
176 92 3
176 93 3
176 94 3
176 95 4
176 96 3
176 97 3
176 98 3
176 99 2
176 100 4
176 101 4
176 102 3
176 103 4
176 104 3
176 105 4
176 106 3
176 107 3
176 108 4
176 109 4
176 110 4
176 111 4
176 112 4
176 113 4
176 114 3
176 115 4
176 116 4
176 117 3
176 118 3
176 119 3
176 120 4
176 121 4
201 1 4
201 2 3
201 3 3
201 4 3
201 5 4
201 6 3
201 7 3
201 8 3
201 9 4
201 10 4
201 11 4
201 12 4
201 13 4
201 14 3
201 15 3
201 16 4
201 17 3
201 18 3
201 19 4
201 20 4
201 21 1
201 22 3
201 23 3
201 24 2
201 25 3
201 26 4
201 27 4
201 28 3
201 29 3
201 30 4
201 31 3
201 32 1
201 33 1
201 34 1
201 35 1
201 36 3
201 37 4
201 38 4
201 39 3
201 40 3
201 41 2
201 42 1
201 43 1
201 44 1
201 45 1
201 46 4
201 47 4
201 48 3
201 49 3
201 50 2
201 51 1
201 52 1
201 53 1
201 54 1
201 55 1
201 56 1
201 57 4
201 58 3
201 59 4
201 60 3
201 61 3
201 62 1
201 63 1
201 64 1
201 65 1
201 66 1
201 67 1
201 68 3
201 69 4
201 70 3
201 71 4
201 72 4
201 73 1
201 74 1
201 75 1
201 76 1
201 77 1
201 78 1
201 79 2
201 80 4
201 81 3
201 82 4
201 83 3
201 84 2
201 85 4
201 86 3
201 87 2
201 88 2
201 89 2
201 90 4
201 91 3
201 92 4
201 93 4
201 94 4
201 95 4
201 96 3
201 97 3
201 98 4
201 99 3
201 100 3
201 101 4
201 102 3
201 103 3
201 104 3
201 105 4
201 106 3
201 107 3
201 108 3
201 109 4
201 110 4
201 111 3
201 112 4
201 113 3
201 114 2
201 115 3
201 116 4
201 117 4
201 118 3
201 119 3
201 120 3
201 121 3
226 1 2
226 2 3
226 3 3
226 4 3
226 5 3
226 6 3
226 7 3
226 8 3
226 9 4
226 10 3
226 11 3
226 12 4
226 13 4
226 14 3
226 15 3
226 16 3
226 17 3
226 18 3
226 19 3
226 20 3
226 21 1
226 22 3
226 23 3
226 24 4
226 25 3
226 26 4
226 27 4
226 28 3
226 29 4
226 30 4
226 31 3
226 32 1
226 33 1
226 34 1
226 35 1
226 36 4
226 37 3
226 38 2
226 39 3
226 40 4
226 41 4
226 42 1
226 43 1
226 44 1
226 45 1
226 46 3
226 47 3
226 48 2
226 49 3
226 50 3
226 51 1
226 52 1
226 53 1
226 54 1
226 55 1
226 56 1
226 57 4
226 58 4
226 59 3
226 60 3
226 61 4
226 62 1
226 63 1
226 64 1
226 65 1
226 66 1
226 67 1
226 68 4
226 69 4
226 70 3
226 71 4
226 72 3
226 73 2
226 74 1
226 75 1
226 76 1
226 77 1
226 78 1
226 79 2
226 80 4
226 81 3
226 82 4
226 83 1
226 84 3
226 85 4
226 86 4
226 87 1
226 88 1
226 89 1
226 90 3
226 91 3
226 92 3
226 93 3
226 94 4
226 95 3
226 96 3
226 97 3
226 98 3
226 99 3
226 100 3
226 101 4
226 102 3
226 103 3
226 104 4
226 105 4
226 106 4
226 107 3
226 108 3
226 109 3
226 110 4
226 111 3
226 112 4
226 113 3
226 114 3
226 115 3
226 116 4
226 117 3
226 118 3
226 119 3
226 120 3
226 121 3
251 1 4
251 2 3
251 3 3
251 4 3
251 5 4
251 6 3
251 7 4
251 8 3
251 9 4
251 10 4
251 11 4
251 12 4
251 13 4
251 14 3
251 15 3
251 16 4
251 17 4
251 18 3
251 19 4
251 20 2
251 21 1
251 22 3
251 23 2
251 24 3
251 25 3
251 26 4
251 27 4
251 28 4
251 29 3
251 30 3
251 31 2
251 32 1
251 33 1
251 34 1
251 35 1
251 36 4
251 37 4
251 38 3
251 39 2
251 40 3
251 41 4
251 42 1
251 43 1
251 44 1
251 45 1
251 46 3
251 47 4
251 48 2
251 49 2
251 50 4
251 51 1
251 52 1
251 53 1
251 54 1
251 55 1
251 56 1
251 57 4
251 58 4
251 59 3
251 60 3
251 61 3
251 62 1
251 63 1
251 64 1
251 65 1
251 66 1
251 67 1
251 68 3
251 69 4
251 70 3
251 71 3
251 72 2
251 73 1
251 74 1
251 75 1
251 76 1
251 77 1
251 78 1
251 79 1
251 80 4
251 81 4
251 82 4
251 83 1
251 84 4
251 85 4
251 86 3
251 87 1
251 88 1
251 89 1
251 90 3
251 91 4
251 92 3
251 93 3
251 94 3
251 95 3
251 96 3
251 97 3
251 98 4
251 99 2
251 100 4
251 101 3
251 102 4
251 103 3
251 104 4
251 105 4
251 106 4
251 107 4
251 108 3
251 109 3
251 110 4
251 111 4
251 112 4
251 113 3
251 114 3
251 115 3
251 116 4
251 117 4
251 118 3
251 119 4
251 120 4
251 121 4
276 1 2
276 2 4
276 3 3
276 4 3
276 5 4
276 6 3
276 7 3
276 8 3
276 9 4
276 10 4
276 11 4
276 12 3
276 13 4
276 14 4
276 15 4
276 16 3
276 17 3
276 18 3
276 19 3
276 20 2
276 21 2
276 22 3
276 23 2
276 24 3
276 25 4
276 26 4
276 27 4
276 28 3
276 29 3
276 30 4
276 31 4
276 32 1
276 33 1
276 34 1
276 35 1
276 36 3
276 37 3
276 38 3
276 39 3
276 40 3
276 41 3
276 42 1
276 43 1
276 44 1
276 45 1
276 46 3
276 47 4
276 48 4
276 49 3
276 50 4
276 51 1
276 52 1
276 53 1
276 54 1
276 55 1
276 56 1
276 57 4
276 58 3
276 59 3
276 60 3
276 61 3
276 62 1
276 63 1
276 64 1
276 65 1
276 66 1
276 67 1
276 68 4
276 69 4
276 70 4
276 71 4
276 72 3
276 73 1
276 74 1
276 75 1
276 76 1
276 77 1
276 78 1
276 79 2
276 80 4
276 81 4
276 82 4
276 83 1
276 84 4
276 85 3
276 86 4
276 87 1
276 88 1
276 89 1
276 90 3
276 91 3
276 92 4
276 93 3
276 94 3
276 95 4
276 96 3
276 97 4
276 98 4
276 99 3
276 100 3
276 101 4
276 102 3
276 103 3
276 104 4
276 105 4
276 106 3
276 107 3
276 108 3
276 109 4
276 110 3
276 111 4
276 112 4
276 113 3
276 114 3
276 115 4
276 116 4
276 117 3
276 118 3
276 119 3
276 120 3
276 121 2
301 1 3
301 2 4
301 3 4
301 4 3
301 5 3
301 6 3
301 7 3
301 8 3
301 9 4
301 10 3
301 11 3
301 12 4
301 13 3
301 14 4
301 15 3
301 16 4
301 17 3
301 18 4
301 19 3
301 20 4
301 21 1
301 22 4
301 23 3
301 24 4
301 25 3
301 26 3
301 27 4
301 28 4
301 29 3
301 30 4
301 31 3
301 32 1
301 33 1
301 34 1
301 35 1
301 36 3
301 37 3
301 38 3
301 39 2
301 40 3
301 41 3
301 42 1
301 43 1
301 44 1
301 45 1
301 46 3
301 47 4
301 48 3
301 49 3
301 50 3
301 51 1
301 52 1
301 53 1
301 54 1
301 55 1
301 56 1
301 57 3
301 58 4
301 59 3
301 60 4
301 61 3
301 62 1
301 63 1
301 64 1
301 65 1
301 66 1
301 67 1
301 68 4
301 69 4
301 70 3
301 71 3
301 72 2
301 73 1
301 74 1
301 75 1
301 76 1
301 77 1
301 78 1
301 79 1
301 80 4
301 81 3
301 82 3
301 83 1
301 84 3
301 85 4
301 86 2
301 87 1
301 88 1
301 89 1
301 90 2
301 91 4
301 92 4
301 93 3
301 94 4
301 95 3
301 96 4
301 97 3
301 98 4
301 99 3
301 100 2
301 101 4
301 102 4
301 103 3
301 104 3
301 105 4
301 106 3
301 107 3
301 108 3
301 109 2
301 110 3
301 111 4
301 112 4
301 113 3
301 114 3
301 115 3
301 116 4
301 117 4
301 118 3
301 119 4
301 120 4
301 121 3
326 1 4
326 2 4
326 3 3
326 4 3
326 5 3
326 6 4
326 7 3
326 8 4
326 9 4
326 10 4
326 11 3
326 12 4
326 13 3
326 14 4
326 15 3
326 16 3
326 17 3
326 18 3
326 19 3
326 20 3
326 21 1
326 22 3
326 23 3
326 24 4
326 25 4
326 26 3
326 27 4
326 28 3
326 29 4
326 30 4
326 31 4
326 32 1
326 33 1
326 34 1
326 35 1
326 36 3
326 37 3
326 38 3
326 39 2
326 40 2
326 41 3
326 42 1
326 43 1
326 44 1
326 45 1
326 46 3
326 47 3
326 48 3
326 49 2
326 50 3
326 51 1
326 52 1
326 53 1
326 54 1
326 55 1
326 56 1
326 57 3
326 58 3
326 59 3
326 60 3
326 61 3
326 62 1
326 63 1
326 64 1
326 65 1
326 66 1
326 67 2
326 68 3
326 69 3
326 70 2
326 71 2
326 72 3
326 73 1
326 74 1
326 75 1
326 76 1
326 77 1
326 78 1
326 79 1
326 80 4
326 81 3
326 82 3
326 83 1
326 84 3
326 85 3
326 86 4
326 87 1
326 88 1
326 89 2
326 90 4
326 91 4
326 92 3
326 93 3
326 94 3
326 95 3
326 96 3
326 97 4
326 98 4
326 99 3
326 100 2
326 101 4
326 102 3
326 103 4
326 104 3
326 105 4
326 106 4
326 107 3
326 108 4
326 109 4
326 110 4
326 111 4
326 112 4
326 113 4
326 114 3
326 115 3
326 116 4
326 117 3
326 118 3
326 119 4
326 120 4
326 121 4
351 1 4
351 2 3
351 3 4
351 4 3
351 5 3
351 6 3
351 7 3
351 8 3
351 9 4
351 10 4
351 11 3
351 12 4
351 13 3
351 14 3
351 15 3
351 16 3
351 17 3
351 18 3
351 19 3
351 20 4
351 21 1
351 22 4
351 23 3
351 24 4
351 25 4
351 26 4
351 27 3
351 28 4
351 29 4
351 30 4
351 31 2
351 32 1
351 33 1
351 34 1
351 35 1
351 36 4
351 37 3
351 38 3
351 39 3
351 40 2
351 41 4
351 42 1
351 43 1
351 44 1
351 45 1
351 46 4
351 47 3
351 48 3
351 49 3
351 50 4
351 51 1
351 52 1
351 53 1
351 54 1
351 55 1
351 56 2
351 57 4
351 58 3
351 59 3
351 60 3
351 61 2
351 62 1
351 63 1
351 64 1
351 65 1
351 66 1
351 67 1
351 68 3
351 69 3
351 70 4
351 71 3
351 72 2
351 73 1
351 74 1
351 75 1
351 76 1
351 77 1
351 78 1
351 79 1
351 80 4
351 81 3
351 82 4
351 83 1
351 84 3
351 85 4
351 86 4
351 87 1
351 88 1
351 89 3
351 90 2
351 91 4
351 92 3
351 93 3
351 94 4
351 95 4
351 96 3
351 97 3
351 98 4
351 99 3
351 100 3
351 101 3
351 102 3
351 103 3
351 104 3
351 105 4
351 106 3
351 107 4
351 108 3
351 109 3
351 110 4
351 111 4
351 112 4
351 113 3
351 114 3
351 115 4
351 116 4
351 117 4
351 118 4
351 119 4
351 120 3
351 121 4
376 1 4
376 2 4
376 3 3
376 4 3
376 5 3
376 6 3
376 7 3
376 8 3
376 9 4
376 10 4
376 11 4
376 12 4
376 13 4
376 14 3
376 15 4
376 16 3
376 17 3
376 18 4
376 19 4
376 20 3
376 21 1
376 22 3
376 23 3
376 24 3
376 25 3
376 26 2
376 27 4
376 28 3
376 29 4
376 30 4
376 31 4
376 32 1
376 33 1
376 34 1
376 35 1
376 36 3
376 37 3
376 38 4
376 39 2
376 40 4
376 41 3
376 42 1
376 43 1
376 44 1
376 45 2
376 46 4
376 47 4
376 48 4
376 49 4
376 50 3
376 51 1
376 52 1
376 53 1
376 54 1
376 55 1
376 56 1
376 57 4
376 58 3
376 59 3
376 60 3
376 61 4
376 62 1
376 63 1
376 64 1
376 65 1
376 66 1
376 67 1
376 68 3
376 69 4
376 70 3
376 71 4
376 72 3
376 73 1
376 74 1
376 75 1
376 76 1
376 77 1
376 78 1
376 79 3
376 80 3
376 81 4
376 82 4
376 83 1
376 84 3
376 85 4
376 86 2
376 87 1
376 88 1
376 89 1
376 90 3
376 91 4
376 92 4
376 93 3
376 94 4
376 95 3
376 96 3
376 97 4
376 98 4
376 99 2
376 100 3
376 101 4
376 102 3
376 103 3
376 104 3
376 105 4
376 106 3
376 107 3
376 108 3
376 109 4
376 110 4
376 111 4
376 112 4
376 113 4
376 114 3
376 115 3
376 116 4
376 117 3
376 118 3
376 119 4
376 120 3
376 121 4
401 1 4
401 2 3
401 3 4
401 4 3
401 5 3
401 6 3
401 7 3
401 8 4
401 9 4
401 10 3
401 11 2
401 12 4
401 13 2
401 14 4
401 15 3
401 16 3
401 17 3
401 18 4
401 19 3
401 20 4
401 21 2
401 22 3
401 23 3
401 24 4
401 25 2
401 26 3
401 27 4
401 28 4
401 29 4
401 30 4
401 31 1
401 32 1
401 33 1
401 34 1
401 35 1
401 36 3
401 37 4
401 38 4
401 39 3
401 40 4
401 41 3
401 42 1
401 43 1
401 44 1
401 45 1
401 46 2
401 47 2
401 48 2
401 49 2
401 50 3
401 51 1
401 52 2
401 53 1
401 54 1
401 55 1
401 56 2
401 57 4
401 58 2
401 59 3
401 60 4
401 61 3
401 62 1
401 63 1
401 64 1
401 65 1
401 66 1
401 67 1
401 68 3
401 69 4
401 70 2
401 71 2
401 72 3
401 73 1
401 74 1
401 75 2
401 76 1
401 77 1
401 78 1
401 79 2
401 80 4
401 81 3
401 82 4
401 83 2
401 84 3
401 85 3
401 86 2
401 87 1
401 88 1
401 89 2
401 90 3
401 91 3
401 92 3
401 93 4
401 94 4
401 95 4
401 96 3
401 97 2
401 98 3
401 99 3
401 100 4
401 101 4
401 102 3
401 103 3
401 104 3
401 105 4
401 106 3
401 107 3
401 108 3
401 109 4
401 110 2
401 111 4
401 112 4
401 113 4
401 114 4
401 115 3
401 116 4
401 117 3
401 118 3
401 119 3
401 120 4
401 121 4
426 1 3
426 2 3
426 3 3
426 4 3
426 5 3
426 6 4
426 7 3
426 8 4
426 9 4
426 10 3
426 11 3
426 12 3
426 13 3
426 14 4
426 15 3
426 16 3
426 17 3
426 18 3
426 19 4
426 20 3
426 21 1
426 22 3
426 23 4
426 24 4
426 25 4
426 26 4
426 27 4
426 28 4
426 29 4
426 30 4
426 31 2
426 32 1
426 33 2
426 34 1
426 35 2
426 36 3
426 37 3
426 38 3
426 39 3
426 40 4
426 41 2
426 42 1
426 43 1
426 44 1
426 45 1
426 46 2
426 47 4
426 48 3
426 49 3
426 50 2
426 51 1
426 52 1
426 53 1
426 54 1
426 55 1
426 56 1
426 57 2
426 58 4
426 59 3
426 60 4
426 61 3
426 62 1
426 63 1
426 64 1
426 65 1
426 66 1
426 67 1
426 68 3
426 69 3
426 70 3
426 71 3
426 72 3
426 73 1
426 74 1
426 75 1
426 76 1
426 77 1
426 78 1
426 79 1
426 80 3
426 81 4
426 82 3
426 83 1
426 84 4
426 85 4
426 86 4
426 87 1
426 88 2
426 89 1
426 90 4
426 91 3
426 92 2
426 93 3
426 94 4
426 95 3
426 96 4
426 97 4
426 98 4
426 99 3
426 100 3
426 101 4
426 102 3
426 103 3
426 104 3
426 105 3
426 106 3
426 107 4
426 108 3
426 109 4
426 110 3
426 111 3
426 112 4
426 113 3
426 114 3
426 115 3
426 116 3
426 117 3
426 118 3
426 119 4
426 120 3
426 121 3
451 1 3
451 2 3
451 3 4
451 4 3
451 5 3
451 6 3
451 7 3
451 8 4
451 9 4
451 10 3
451 11 4
451 12 3
451 13 3
451 14 3
451 15 3
451 16 3
451 17 4
451 18 3
451 19 3
451 20 4
451 21 1
451 22 2
451 23 3
451 24 4
451 25 4
451 26 3
451 27 3
451 28 4
451 29 3
451 30 3
451 31 4
451 32 1
451 33 1
451 34 1
451 35 2
451 36 3
451 37 3
451 38 3
451 39 3
451 40 3
451 41 2
451 42 2
451 43 1
451 44 1
451 45 2
451 46 3
451 47 2
451 48 2
451 49 4
451 50 3
451 51 2
451 52 1
451 53 1
451 54 1
451 55 1
451 56 1
451 57 3
451 58 2
451 59 3
451 60 3
451 61 4
451 62 1
451 63 1
451 64 1
451 65 1
451 66 1
451 67 1
451 68 3
451 69 3
451 70 3
451 71 3
451 72 3
451 73 1
451 74 1
451 75 1
451 76 1
451 77 1
451 78 1
451 79 1
451 80 3
451 81 4
451 82 3
451 83 2
451 84 2
451 85 3
451 86 4
451 87 2
451 88 1
451 89 2
451 90 4
451 91 2
451 92 4
451 93 4
451 94 3
451 95 3
451 96 4
451 97 4
451 98 3
451 99 3
451 100 3
451 101 3
451 102 2
451 103 3
451 104 4
451 105 4
451 106 3
451 107 3
451 108 3
451 109 3
451 110 4
451 111 3
451 112 4
451 113 3
451 114 3
451 115 3
451 116 3
451 117 3
451 118 2
451 119 3
451 120 2
451 121 3
476 1 4
476 2 4
476 3 3
476 4 3
476 5 4
476 6 4
476 7 3
476 8 3
476 9 3
476 10 3
476 11 3
476 12 4
476 13 4
476 14 3
476 15 3
476 16 4
476 17 4
476 18 3
476 19 4
476 20 4
476 21 1
476 22 3
476 23 2
476 24 4
476 25 4
476 26 4
476 27 4
476 28 3
476 29 3
476 30 4
476 31 3
476 32 1
476 33 1
476 34 1
476 35 1
476 36 3
476 37 3
476 38 4
476 39 4
476 40 3
476 41 3
476 42 1
476 43 1
476 44 1
476 45 1
476 46 2
476 47 3
476 48 2
476 49 3
476 50 3
476 51 1
476 52 1
476 53 1
476 54 1
476 55 1
476 56 1
476 57 4
476 58 3
476 59 4
476 60 3
476 61 3
476 62 1
476 63 1
476 64 1
476 65 1
476 66 1
476 67 1
476 68 3
476 69 4
476 70 3
476 71 3
476 72 2
476 73 1
476 74 1
476 75 1
476 76 1
476 77 1
476 78 1
476 79 2
476 80 3
476 81 3
476 82 3
476 83 1
476 84 3
476 85 4
476 86 4
476 87 1
476 88 1
476 89 1
476 90 3
476 91 3
476 92 4
476 93 4
476 94 3
476 95 3
476 96 3
476 97 3
476 98 3
476 99 2
476 100 3
476 101 4
476 102 3
476 103 3
476 104 3
476 105 4
476 106 2
476 107 4
476 108 3
476 109 2
476 110 4
476 111 3
476 112 4
476 113 4
476 114 3
476 115 3
476 116 4
476 117 3
476 118 3
476 119 3
476 120 3
476 121 4
501 1 4
501 2 3
501 3 3
501 4 3
501 5 3
501 6 3
501 7 4
501 8 3
501 9 4
501 10 4
501 11 4
501 12 4
501 13 3
501 14 4
501 15 4
501 16 3
501 17 3
501 18 3
501 19 3
501 20 3
501 21 3
501 22 3
501 23 3
501 24 3
501 25 4
501 26 4
501 27 4
501 28 4
501 29 3
501 30 4
501 31 3
501 32 2
501 33 1
501 34 1
501 35 2
501 36 3
501 37 4
501 38 3
501 39 3
501 40 3
501 41 1
501 42 1
501 43 1
501 44 1
501 45 1
501 46 3
501 47 4
501 48 4
501 49 3
501 50 3
501 51 1
501 52 1
501 53 1
501 54 1
501 55 1
501 56 1
501 57 3
501 58 3
501 59 4
501 60 4
501 61 3
501 62 1
501 63 1
501 64 1
501 65 1
501 66 1
501 67 1
501 68 3
501 69 2
501 70 4
501 71 4
501 72 3
501 73 1
501 74 1
501 75 1
501 76 1
501 77 1
501 78 1
501 79 1
501 80 3
501 81 4
501 82 3
501 83 1
501 84 2
501 85 4
501 86 3
501 87 2
501 88 2
501 89 1
501 90 2
501 91 4
501 92 3
501 93 3
501 94 3
501 95 4
501 96 3
501 97 3
501 98 4
501 99 2
501 100 3
501 101 3
501 102 4
501 103 3
501 104 3
501 105 4
501 106 3
501 107 3
501 108 3
501 109 3
501 110 2
501 111 4
501 112 4
501 113 3
501 114 3
501 115 3
501 116 3
501 117 3
501 118 3
501 119 3
501 120 3
501 121 4
526 1 3
526 2 3
526 3 3
526 4 3
526 5 4
526 6 3
526 7 3
526 8 3
526 9 4
526 10 3
526 11 4
526 12 3
526 13 4
526 14 3
526 15 4
526 16 3
526 17 3
526 18 3
526 19 4
526 20 4
526 21 2
526 22 3
526 23 3
526 24 4
526 25 3
526 26 3
526 27 4
526 28 4
526 29 4
526 30 3
526 31 4
526 32 1
526 33 1
526 34 1
526 35 2
526 36 3
526 37 4
526 38 3
526 39 4
526 40 4
526 41 2
526 42 1
526 43 1
526 44 1
526 45 1
526 46 3
526 47 4
526 48 4
526 49 4
526 50 3
526 51 1
526 52 1
526 53 1
526 54 1
526 55 1
526 56 1
526 57 4
526 58 4
526 59 3
526 60 4
526 61 3
526 62 1
526 63 1
526 64 1
526 65 1
526 66 1
526 67 1
526 68 2
526 69 4
526 70 3
526 71 4
526 72 3
526 73 1
526 74 1
526 75 1
526 76 1
526 77 1
526 78 1
526 79 1
526 80 4
526 81 3
526 82 4
526 83 1
526 84 4
526 85 3
526 86 4
526 87 1
526 88 1
526 89 1
526 90 3
526 91 4
526 92 3
526 93 4
526 94 4
526 95 3
526 96 3
526 97 4
526 98 4
526 99 3
526 100 2
526 101 4
526 102 4
526 103 4
526 104 3
526 105 4
526 106 3
526 107 3
526 108 4
526 109 3
526 110 2
526 111 4
526 112 4
526 113 3
526 114 3
526 115 3
526 116 3
526 117 3
526 118 3
526 119 4
526 120 3
526 121 3
551 1 3
551 2 3
551 3 3
551 4 3
551 5 3
551 6 4
551 7 3
551 8 3
551 9 4
551 10 2
551 11 3
551 12 3
551 13 4
551 14 3
551 15 4
551 16 3
551 17 3
551 18 3
551 19 3
551 20 4
551 21 1
551 22 3
551 23 4
551 24 4
551 25 3
551 26 4
551 27 4
551 28 3
551 29 4
551 30 4
551 31 4
551 32 1
551 33 1
551 34 1
551 35 1
551 36 3
551 37 4
551 38 3
551 39 4
551 40 1
551 41 2
551 42 2
551 43 1
551 44 1
551 45 2
551 46 3
551 47 3
551 48 2
551 49 3
551 50 3
551 51 1
551 52 1
551 53 1
551 54 1
551 55 1
551 56 1
551 57 3
551 58 4
551 59 3
551 60 3
551 61 3
551 62 1
551 63 1
551 64 1
551 65 1
551 66 1
551 67 1
551 68 3
551 69 3
551 70 3
551 71 3
551 72 3
551 73 1
551 74 1
551 75 1
551 76 1
551 77 1
551 78 1
551 79 1
551 80 3
551 81 3
551 82 3
551 83 1
551 84 4
551 85 2
551 86 4
551 87 1
551 88 1
551 89 1
551 90 3
551 91 2
551 92 3
551 93 4
551 94 4
551 95 3
551 96 3
551 97 3
551 98 4
551 99 4
551 100 3
551 101 4
551 102 3
551 103 3
551 104 3
551 105 4
551 106 3
551 107 3
551 108 3
551 109 3
551 110 4
551 111 4
551 112 4
551 113 4
551 114 3
551 115 4
551 116 4
551 117 3
551 118 3
551 119 3
551 120 3
551 121 3
576 1 4
576 2 3
576 3 3
576 4 3
576 5 4
576 6 3
576 7 3
576 8 3
576 9 4
576 10 3
576 11 4
576 12 3
576 13 3
576 14 3
576 15 3
576 16 3
576 17 3
576 18 3
576 19 3
576 20 4
576 21 1
576 22 2
576 23 2
576 24 3
576 25 4
576 26 4
576 27 4
576 28 3
576 29 4
576 30 3
576 31 4
576 32 1
576 33 1
576 34 1
576 35 2
576 36 2
576 37 3
576 38 4
576 39 2
576 40 4
576 41 3
576 42 1
576 43 1
576 44 1
576 45 1
576 46 3
576 47 3
576 48 2
576 49 2
576 50 2
576 51 1
576 52 1
576 53 1
576 54 1
576 55 1
576 56 1
576 57 3
576 58 3
576 59 4
576 60 3
576 61 2
576 62 1
576 63 1
576 64 1
576 65 1
576 66 1
576 67 1
576 68 3
576 69 2
576 70 3
576 71 2
576 72 3
576 73 1
576 74 1
576 75 1
576 76 1
576 77 1
576 78 1
576 79 1
576 80 3
576 81 4
576 82 4
576 83 1
576 84 3
576 85 3
576 86 3
576 87 1
576 88 2
576 89 1
576 90 3
576 91 3
576 92 3
576 93 4
576 94 3
576 95 4
576 96 4
576 97 3
576 98 4
576 99 3
576 100 3
576 101 4
576 102 3
576 103 3
576 104 3
576 105 4
576 106 3
576 107 4
576 108 3
576 109 2
576 110 2
576 111 4
576 112 4
576 113 3
576 114 4
576 115 4
576 116 4
576 117 3
576 118 3
576 119 3
576 120 3
576 121 4
601 1 4
601 2 4
601 3 3
601 4 4
601 5 3
601 6 3
601 7 3
601 8 3
601 9 4
601 10 3
601 11 4
601 12 3
601 13 4
601 14 4
601 15 4
601 16 3
601 17 3
601 18 3
601 19 3
601 20 4
601 21 2
601 22 3
601 23 3
601 24 3
601 25 4
601 26 4
601 27 4
601 28 3
601 29 3
601 30 4
601 31 2
601 32 1
601 33 1
601 34 1
601 35 1
601 36 3
601 37 3
601 38 2
601 39 3
601 40 4
601 41 2
601 42 1
601 43 1
601 44 1
601 45 2
601 46 3
601 47 2
601 48 2
601 49 4
601 50 1
601 51 2
601 52 1
601 53 1
601 54 1
601 55 1
601 56 1
601 57 3
601 58 2
601 59 3
601 60 4
601 61 3
601 62 1
601 63 1
601 64 1
601 65 1
601 66 1
601 67 1
601 68 2
601 69 3
601 70 2
601 71 4
601 72 2
601 73 1
601 74 1
601 75 1
601 76 1
601 77 1
601 78 1
601 79 2
601 80 3
601 81 4
601 82 3
601 83 1
601 84 3
601 85 3
601 86 3
601 87 2
601 88 1
601 89 2
601 90 3
601 91 4
601 92 3
601 93 4
601 94 3
601 95 4
601 96 3
601 97 4
601 98 3
601 99 3
601 100 3
601 101 4
601 102 4
601 103 4
601 104 4
601 105 4
601 106 3
601 107 3
601 108 3
601 109 4
601 110 3
601 111 3
601 112 3
601 113 3
601 114 3
601 115 4
601 116 3
601 117 3
601 118 3
601 119 3
601 120 3
601 121 4
626 1 4
626 2 3
626 3 3
626 4 4
626 5 3
626 6 3
626 7 3
626 8 4
626 9 4
626 10 3
626 11 3
626 12 3
626 13 3
626 14 4
626 15 3
626 16 3
626 17 4
626 18 3
626 19 3
626 20 4
626 21 1
626 22 3
626 23 2
626 24 3
626 25 4
626 26 3
626 27 4
626 28 4
626 29 3
626 30 3
626 31 3
626 32 2
626 33 1
626 34 1
626 35 1
626 36 2
626 37 3
626 38 3
626 39 2
626 40 3
626 41 2
626 42 2
626 43 1
626 44 1
626 45 1
626 46 3
626 47 2
626 48 2
626 49 4
626 50 2
626 51 1
626 52 1
626 53 1
626 54 1
626 55 1
626 56 1
626 57 3
626 58 2
626 59 2
626 60 4
626 61 3
626 62 2
626 63 1
626 64 1
626 65 1
626 66 1
626 67 2
626 68 3
626 69 4
626 70 3
626 71 4
626 72 3
626 73 1
626 74 1
626 75 1
626 76 1
626 77 1
626 78 1
626 79 1
626 80 3
626 81 3
626 82 3
626 83 2
626 84 2
626 85 3
626 86 4
626 87 1
626 88 1
626 89 1
626 90 3
626 91 4
626 92 4
626 93 3
626 94 4
626 95 3
626 96 4
626 97 3
626 98 3
626 99 4
626 100 3
626 101 3
626 102 4
626 103 3
626 104 3
626 105 4
626 106 3
626 107 3
626 108 3
626 109 3
626 110 3
626 111 3
626 112 3
626 113 4
626 114 3
626 115 3
626 116 4
626 117 3
626 118 2
626 119 2
626 120 3
626 121 3
651 1 3
651 2 4
651 3 3
651 4 4
651 5 3
651 6 3
651 7 3
651 8 3
651 9 4
651 10 4
651 11 3
651 12 4
651 13 4
651 14 3
651 15 3
651 16 3
651 17 4
651 18 3
651 19 4
651 20 3
651 21 1
651 22 2
651 23 3
651 24 2
651 25 4
651 26 4
651 27 4
651 28 3
651 29 4
651 30 4
651 31 4
651 32 1
651 33 1
651 34 1
651 35 1
651 36 3
651 37 2
651 38 3
651 39 4
651 40 2
651 41 3
651 42 1
651 43 1
651 44 1
651 45 1
651 46 3
651 47 3
651 48 3
651 49 3
651 50 4
651 51 1
651 52 1
651 53 1
651 54 1
651 55 1
651 56 1
651 57 3
651 58 2
651 59 3
651 60 4
651 61 4
651 62 1
651 63 1
651 64 1
651 65 1
651 66 1
651 67 1
651 68 3
651 69 3
651 70 2
651 71 2
651 72 3
651 73 2
651 74 1
651 75 1
651 76 1
651 77 1
651 78 1
651 79 1
651 80 3
651 81 3
651 82 3
651 83 1
651 84 3
651 85 3
651 86 4
651 87 1
651 88 1
651 89 1
651 90 2
651 91 4
651 92 3
651 93 4
651 94 3
651 95 3
651 96 3
651 97 4
651 98 3
651 99 3
651 100 3
651 101 4
651 102 3
651 103 3
651 104 4
651 105 4
651 106 3
651 107 3
651 108 3
651 109 3
651 110 2
651 111 3
651 112 4
651 113 3
651 114 3
651 115 3
651 116 4
651 117 4
651 118 4
651 119 3
651 120 4
651 121 3
676 1 3
676 2 3
676 3 3
676 4 3
676 5 3
676 6 3
676 7 3
676 8 3
676 9 4
676 10 3
676 11 4
676 12 4
676 13 3
676 14 3
676 15 3
676 16 3
676 17 3
676 18 4
676 19 3
676 20 4
676 21 1
676 22 2
676 23 3
676 24 4
676 25 3
676 26 4
676 27 4
676 28 3
676 29 3
676 30 3
676 31 2
676 32 1
676 33 1
676 34 1
676 35 1
676 36 2
676 37 3
676 38 3
676 39 4
676 40 3
676 41 4
676 42 1
676 43 1
676 44 2
676 45 1
676 46 3
676 47 3
676 48 2
676 49 3
676 50 3
676 51 1
676 52 1
676 53 1
676 54 1
676 55 1
676 56 1
676 57 3
676 58 3
676 59 2
676 60 3
676 61 3
676 62 1
676 63 1
676 64 1
676 65 1
676 66 1
676 67 1
676 68 2
676 69 3
676 70 3
676 71 2
676 72 3
676 73 1
676 74 1
676 75 1
676 76 1
676 77 1
676 78 1
676 79 1
676 80 3
676 81 4
676 82 4
676 83 2
676 84 3
676 85 3
676 86 3
676 87 2
676 88 1
676 89 1
676 90 3
676 91 4
676 92 4
676 93 3
676 94 3
676 95 3
676 96 3
676 97 3
676 98 3
676 99 3
676 100 4
676 101 3
676 102 4
676 103 4
676 104 4
676 105 4
676 106 4
676 107 3
676 108 3
676 109 4
676 110 4
676 111 3
676 112 4
676 113 3
676 114 3
676 115 3
676 116 4
676 117 4
676 118 3
676 119 3
676 120 4
676 121 2
701 1 4
701 2 4
701 3 4
701 4 3
701 5 3
701 6 4
701 7 3
701 8 4
701 9 4
701 10 2
701 11 3
701 12 4
701 13 4
701 14 3
701 15 3
701 16 3
701 17 3
701 18 3
701 19 3
701 20 3
701 21 1
701 22 4
701 23 3
701 24 4
701 25 3
701 26 4
701 27 4
701 28 4
701 29 3
701 30 4
701 31 3
701 32 1
701 33 1
701 34 1
701 35 1
701 36 3
701 37 3
701 38 2
701 39 3
701 40 3
701 41 3
701 42 1
701 43 1
701 44 1
701 45 1
701 46 3
701 47 2
701 48 3
701 49 3
701 50 3
701 51 1
701 52 1
701 53 1
701 54 1
701 55 1
701 56 2
701 57 3
701 58 2
701 59 3
701 60 3
701 61 2
701 62 1
701 63 1
701 64 1
701 65 1
701 66 1
701 67 1
701 68 2
701 69 3
701 70 3
701 71 2
701 72 2
701 73 2
701 74 2
701 75 1
701 76 1
701 77 1
701 78 1
701 79 1
701 80 2
701 81 4
701 82 3
701 83 1
701 84 4
701 85 4
701 86 3
701 87 1
701 88 1
701 89 1
701 90 3
701 91 4
701 92 3
701 93 3
701 94 3
701 95 3
701 96 3
701 97 3
701 98 4
701 99 3
701 100 3
701 101 4
701 102 3
701 103 3
701 104 3
701 105 4
701 106 3
701 107 2
701 108 3
701 109 2
701 110 2
701 111 3
701 112 4
701 113 3
701 114 3
701 115 3
701 116 3
701 117 3
701 118 3
701 119 4
701 120 2
701 121 4
726 1 4
726 2 3
726 3 4
726 4 3
726 5 3
726 6 3
726 7 4
726 8 4
726 9 4
726 10 3
726 11 3
726 12 2
726 13 4
726 14 4
726 15 3
726 16 3
726 17 3
726 18 3
726 19 3
726 20 4
726 21 2
726 22 3
726 23 3
726 24 3
726 25 4
726 26 3
726 27 4
726 28 3
726 29 4
726 30 3
726 31 4
726 32 1
726 33 1
726 34 1
726 35 2
726 36 2
726 37 3
726 38 2
726 39 2
726 40 4
726 41 4
726 42 1
726 43 1
726 44 1
726 45 1
726 46 3
726 47 2
726 48 3
726 49 3
726 50 2
726 51 1
726 52 1
726 53 1
726 54 1
726 55 1
726 56 1
726 57 3
726 58 2
726 59 2
726 60 3
726 61 2
726 62 2
726 63 1
726 64 1
726 65 1
726 66 1
726 67 1
726 68 2
726 69 3
726 70 2
726 71 3
726 72 3
726 73 1
726 74 1
726 75 1
726 76 1
726 77 1
726 78 1
726 79 1
726 80 3
726 81 2
726 82 3
726 83 2
726 84 3
726 85 3
726 86 2
726 87 1
726 88 1
726 89 1
726 90 3
726 91 4
726 92 3
726 93 4
726 94 3
726 95 4
726 96 4
726 97 2
726 98 3
726 99 3
726 100 3
726 101 4
726 102 3
726 103 3
726 104 3
726 105 4
726 106 3
726 107 3
726 108 3
726 109 4
726 110 3
726 111 3
726 112 4
726 113 3
726 114 3
726 115 3
726 116 4
726 117 3
726 118 3
726 119 3
726 120 2
726 121 2
751 1 4
751 2 3
751 3 3
751 4 3
751 5 3
751 6 3
751 7 3
751 8 3
751 9 4
751 10 2
751 11 3
751 12 3
751 13 3
751 14 3
751 15 4
751 16 3
751 17 3
751 18 3
751 19 4
751 20 4
751 21 1
751 22 3
751 23 3
751 24 2
751 25 4
751 26 3
751 27 4
751 28 3
751 29 3
751 30 4
751 31 3
751 32 1
751 33 1
751 34 1
751 35 1
751 