1 4486
26 3921
51 3860
76 3889
101 3811
126 3895
151 3887
176 3909
201 3889
226 3939
251 3885
276 3812
301 3900
326 3849
351 3896
376 3918
401 3862
426 3878
451 3827
476 3805
501 3862
526 3842
551 3894
576 3885
601 3802
626 3826
651 3882
676 3880
701 3833
726 3843
751 3874
776 3867
801 3864
826 3873
851 3885
876 3833
901 3844
926 3836
951 3822
976 3850
1001 3860
1026 3842
1051 3864
1076 3851
1101 3799
1126 3864
1151 3851
1176 3856
1201 3836
1226 3855
1251 3885
1276 3851
1301 3838
1326 3927
1351 3825
1376 3910
1401 3838
1426 3838
1451 3790
1476 3835
1501 3867
1526 3827
1551 3894
1576 3881
1601 3919
1626 3842
1651 3858
1676 3863
1701 3871
1726 3873
1751 3866
1776 3877
1801 3824
1826 3814
1851 3838
1876 3816
1901 3869
1926 3874
1951 3866
1976 3861
