1 1 40
1 2 41
1 3 42
1 4 41
1 5 40
1 6 39
1 7 37
1 8 40
1 9 40
1 10 43
1 11 46
1 12 40
1 13 40
1 14 42
1 15 39
1 16 40
1 17 41
1 18 42
1 19 41
1 20 39
1 21 39
1 22 40
1 23 38
1 24 37
1 25 42
1 26 35
1 27 39
1 28 38
1 29 37
1 30 40
1 31 38
1 32 39
1 33 41
1 34 44
1 35 41
1 36 40
1 37 35
1 38 36
1 39 41
1 40 39
1 41 42
1 42 41
1 43 39
1 44 41
1 45 39
1 46 39
1 47 38
1 48 35
1 49 40
1 50 39
1 51 38
1 52 38
1 53 40
1 54 41
1 55 42
1 56 42
1 57 39
1 58 39
1 59 40
1 60 43
1 61 41
1 62 41
1 63 39
1 64 39
1 65 34
1 66 29
1 67 46
1 68 42
1 69 39
1 70 40
1 71 39
1 72 43
1 73 36
1 74 42
1 75 39
1 76 37
1 77 37
1 78 43
1 79 37
1 80 39
1 81 36
1 82 39
1 83 40
1 84 39
1 85 36
1 86 39
1 87 35
1 88 40
1 89 43
1 90 42
1 91 39
1 92 41
1 93 41
1 94 43
1 95 42
1 96 38
1 97 39
1 98 40
1 99 39
1 100 42
1 101 41
1 102 41
1 103 41
1 104 41
1 105 42
1 106 40
1 107 45
1 108 38
1 109 41
1 110 41
1 111 41
1 112 38
1 113 40
1 114 37
1 115 40
1 116 38
1 117 37
1 118 36
1 119 40
1 120 40
1 121 45
26 1 10
26 2 11
26 3 8
26 4 12
26 5 10
26 6 8
26 7 10
26 8 13
26 9 10
26 10 10
26 11 43
26 12 9
26 13 10
26 14 5
26 15 0
26 16 11
26 17 12
26 18 16
26 19 20
26 20 15
26 21 13
26 22 11
26 23 10
26 24 16
26 25 12
26 26 11
26 27 5
26 28 8
26 29 21
26 30 43
26 31 20
26 32 6
26 33 14
26 34 40
26 35 0
26 36 11
26 37 7
26 38 10
26 39 7
26 40 9
26 41 17
26 42 9
26 43 19
26 44 8
26 45 11
26 46 11
26 47 13
26 48 14
26 49 12
26 50 15
26 51 9
26 52 7
26 53 9
26 54 38
26 55 11
26 56 26
26 57 14
26 58 10
26 59 11
26 60 11
26 61 41
26 62 18
26 63 13
26 64 9
26 65 14
26 66 13
26 67 40
26 68 39
26 69 16
26 70 9
26 71 10
26 72 17
26 73 11
26 74 10
26 75 13
26 76 10
26 77 15
26 78 12
26 79 0
26 80 9
26 81 12
26 82 20
26 83 10
26 84 0
26 85 11
26 86 6
26 87 20
26 88 24
26 89 9
26 90 12
26 91 7
26 92 9
26 93 20
26 94 28
26 95 13
26 96 10
26 97 18
26 98 19
26 99 23
26 100 10
26 101 42
26 102 10
26 103 11
26 104 18
26 105 8
26 106 9
26 107 21
26 108 21
26 109 40
26 110 21
26 111 16
26 112 20
26 113 16
26 114 15
26 115 11
26 116 0
26 117 0
26 118 10
26 119 10
26 120 15
26 121 41
51 1 16
51 2 11
51 3 2
51 4 9
51 5 21
51 6 20
51 7 9
51 8 24
51 9 21
51 10 20
51 11 40
51 12 9
51 13 6
51 14 0
51 15 11
51 16 20
51 17 12
51 18 18
51 19 19
51 20 14
51 21 19
51 22 19
51 23 10
51 24 0
51 25 0
51 26 17
51 27 17
51 28 11
51 29 22
51 30 37
51 31 18
51 32 15
51 33 9
51 34 36
51 35 8
51 36 11
51 37 11
51 38 0
51 39 13
51 40 11
51 41 20
51 42 11
51 43 17
51 44 11
51 45 12
51 46 14
51 47 10
51 48 8
51 49 11
51 50 10
51 51 12
51 52 15
51 53 20
51 54 37
51 55 20
51 56 12
51 57 13
51 58 9
51 59 11
51 60 16
51 61 39
51 62 7
51 63 19
51 64 23
51 65 20
51 66 29
51 67 42
51 68 41
51 69 19
51 70 5
51 71 25
51 72 18
51 73 11
51 74 8
51 75 23
51 76 20
51 77 15
51 78 21
51 79 21
51 80 21
51 81 22
51 82 20
51 83 23
51 84 22
51 85 8
51 86 14
51 87 20
51 88 18
51 89 17
51 90 19
51 91 31
51 92 26
51 93 20
51 94 20
51 95 19
51 96 21
51 97 20
51 98 19
51 99 13
51 100 19
51 101 39
51 102 18
51 103 22
51 104 22
51 105 18
51 106 18
51 107 19
51 108 20
51 109 40
51 110 23
51 111 20
51 112 18
51 113 25
51 114 19
51 115 19
51 116 24
51 117 20
51 118 8
51 119 9
51 120 19
51 121 39
76 1 15
76 2 20
76 3 24
76 4 19
76 5 18
76 6 22
76 7 22
76 8 7
76 9 16
76 10 20
76 11 40
76 12 22
76 13 20
76 14 20
76 15 22
76 16 21
76 17 23
76 18 15
76 19 24
76 20 23
76 21 24
76 22 21
76 23 20
76 24 30
76 25 18
76 26 21
76 27 22
76 28 25
76 29 24
76 30 40
76 31 12
76 32 14
76 33 10
76 34 41
76 35 9
76 36 20
76 37 19
76 38 18
76 39 19
76 40 15
76 41 23
76 42 9
76 43 16
76 44 12
76 45 9
76 46 11
76 47 8
76 48 20
76 49 17
76 50 29
76 51 24
76 52 26
76 53 17
76 54 40
76 55 19
76 56 18
76 57 19
76 58 21
76 59 18
76 60 19
76 61 39
76 62 26
76 63 18
76 64 20
76 65 15
76 66 20
76 67 38
76 68 40
76 69 26
76 70 20
76 71 19
76 72 20
76 73 20
76 74 18
76 75 25
76 76 26
76 77 24
76 78 21
76 79 20
76 80 21
76 81 25
76 82 19
76 83 17
76 84 21
76 85 28
76 86 22
76 87 17
76 88 20
76 89 21
76 90 28
76 91 20
76 92 21
76 93 21
76 94 24
76 95 20
76 96 26
76 97 21
76 98 20
76 99 22
76 100 20
76 101 37
76 102 22
76 103 19
76 104 20
76 105 19
76 106 26
76 107 23
76 108 25
76 109 39
76 110 19
76 111 21
76 112 25
76 113 20
76 114 18
76 115 20
76 116 20
76 117 20
76 118 18
76 119 16
76 120 22
76 121 41
101 1 25
101 2 23
101 3 22
101 4 20
101 5 14
101 6 20
101 7 20
101 8 23
101 9 23
101 10 17
101 11 42
101 12 27
101 13 21
101 14 25
101 15 16
101 16 30
101 17 20
101 18 25
101 19 21
101 20 11
101 21 26
101 22 31
101 23 20
101 24 19
101 25 19
101 26 20
101 27 25
101 28 19
101 29 25
101 30 40
101 31 24
101 32 20
101 33 19
101 34 42
101 35 22
101 36 21
101 37 22
101 38 22
101 39 24
101 40 24
101 41 27
101 42 20
101 43 16
101 44 5
101 45 20
101 46 20
101 47 20
101 48 20
101 49 22
101 50 21
101 51 19
101 52 23
101 53 31
101 54 40
101 55 20
101 56 23
101 57 20
101 58 17
101 59 23
101 60 20
101 61 38
101 62 24
101 63 23
101 64 28
101 65 23
101 66 23
101 67 35
101 68 40
101 69 29
101 70 28
101 71 25
101 72 21
101 73 17
101 74 20
101 75 21
101 76 21
101 77 22
101 78 18
101 79 24
101 80 22
101 81 19
101 82 20
101 83 19
101 84 26
101 85 20
101 86 24
101 87 11
101 88 31
101 89 21
101 90 20
101 91 19
101 92 20
101 93 22
101 94 26
101 95 16
101 96 20
101 97 12
101 98 24
101 99 20
101 100 24
101 101 38
101 102 21
101 103 22
101 104 20
101 105 23
101 106 21
101 107 21
101 108 27
101 109 37
101 110 23
101 111 23
101 112 23
101 113 21
101 114 19
101 115 20
101 116 24
101 117 21
101 118 27
101 119 24
101 120 21
101 121 39
126 1 19
126 2 20
126 3 18
126 4 20
126 5 22
126 6 17
126 7 22
126 8 26
126 9 18
126 10 19
126 11 36
126 12 26
126 13 24
126 14 19
126 15 20
126 16 21
126 17 25
126 18 21
126 19 25
126 20 21
126 21 19
126 22 30
126 23 20
126 24 20
126 25 20
126 26 21
126 27 20
126 28 20
126 29 28
126 30 41
126 31 22
126 32 24
126 33 22
126 34 37
126 35 26
126 36 19
126 37 20
126 38 23
126 39 23
126 40 19
126 41 26
126 42 20
126 43 13
126 44 21
126 45 27
126 46 27
126 47 25
126 48 21
126 49 21
126 50 23
126 51 21
126 52 23
126 53 28
126 54 36
126 55 19
126 56 21
126 57 23
126 58 25
126 59 21
126 60 20
126 61 40
126 62 23
126 63 20
126 64 20
126 65 16
126 66 21
126 67 36
126 68 39
126 69 28
126 70 21
126 71 24
126 72 18
126 73 13
126 74 23
126 75 13
126 76 29
126 77 27
126 78 20
126 79 23
126 80 22
126 81 18
126 82 19
126 83 19
126 84 28
126 85 20
126 86 20
126 87 19
126 88 23
126 89 19
126 90 22
126 91 22
126 92 22
126 93 21
126 94 21
126 95 25
126 96 24
126 97 20
126 98 30
126 99 18
126 100 23
126 101 39
126 102 20
126 103 24
126 104 24
126 105 24
126 106 21
126 107 31
126 108 21
126 109 39
126 110 23
126 111 22
126 112 20
126 113 19
126 114 20
126 115 18
126 116 21
126 117 29
126 118 29
126 119 22
126 120 21
126 121 38
151 1 22
151 2 19
151 3 18
151 4 17
151 5 27
151 6 19
151 7 22
151 8 22
151 9 18
151 10 22
151 11 38
151 12 30
151 13 21
151 14 29
151 15 20
151 16 22
151 17 20
151 18 20
151 19 24
151 20 20
151 21 22
151 22 23
151 23 22
151 24 17
151 25 19
151 26 16
151 27 19
151 28 19
151 29 25
151 30 38
151 31 18
151 32 21
151 33 21
151 34 35
151 35 21
151 36 21
151 37 21
151 38 21
151 39 20
151 40 22
151 41 21
151 42 21
151 43 21
151 44 27
151 45 23
151 46 25
151 47 29
151 48 19
151 49 19
151 50 26
151 51 29
151 52 22
151 53 20
151 54 35
151 55 19
151 56 21
151 57 25
151 58 21
151 59 18
151 60 20
151 61 35
151 62 20
151 63 25
151 64 26
151 65 21
151 66 20
151 67 41
151 68 42
151 69 23
151 70 22
151 71 21
151 72 24
151 73 21
151 74 23
151 75 21
151 76 21
151 77 19
151 78 20
151 79 22
151 80 19
151 81 21
151 82 23
151 83 22
151 84 15
151 85 19
151 86 24
151 87 25
151 88 29
151 89 21
151 90 21
151 91 21
151 92 20
151 93 19
151 94 26
151 95 16
151 96 17
151 97 24
151 98 23
151 99 21
151 100 21
151 101 38
151 102 26
151 103 22
151 104 21
151 105 17
151 106 19
151 107 18
151 108 28
151 109 38
151 110 21
151 111 22
151 112 25
151 113 22
151 114 13
151 115 20
151 116 19
151 117 21
151 118 20
151 119 20
151 120 22
151 121 39
176 1 25
176 2 20
176 3 20
176 4 24
176 5 27
176 6 20
176 7 23
176 8 19
176 9 20
176 10 20
176 11 39
176 12 20
176 13 20
176 14 30
176 15 20
176 16 20
176 17 20
176 18 19
176 19 21
176 20 26
176 21 23
176 22 22
176 23 21
176 24 20
176 25 20
176 26 20
176 27 21
176 28 24
176 29 22
176 30 38
176 31 20
176 32 23
176 33 17
176 34 40
176 35 18
176 36 19
176 37 21
176 38 29
176 39 18
176 40 20
176 41 24
176 42 18
176 43 21
176 44 33
176 45 18
176 46 21
176 47 24
176 48 29
176 49 18
176 50 26
176 51 22
176 52 17
176 53 24
176 54 37
176 55 22
176 56 25
176 57 19
176 58 27
176 59 22
176 60 21
176 61 39
176 62 23
176 63 20
176 64 19
176 65 24
176 66 20
176 67 40
176 68 37
176 69 24
176 70 25
176 71 27
176 72 21
176 73 22
176 74 21
176 75 20
176 76 21
176 77 21
176 78 20
176 79 15
176 80 27
176 81 18
176 82 20
176 83 28
176 84 21
176 85 26
176 86 29
176 87 20
176 88 25
176 89 22
176 90 21
176 91 25
176 92 23
176 93 22
176 94 21
176 95 20
176 96 21
176 97 22
176 98 22
176 99 20
176 100 21
176 101 39
176 102 26
176 103 20
176 104 20
176 105 18
176 106 21
176 107 19
176 108 20
176 109 39
176 110 23
176 111 22
176 112 27
176 113 21
176 114 23
176 115 21
176 116 21
176 117 21
176 118 23
176 119 23
176 120 24
176 121 41
201 1 23
201 2 15
201 3 24
201 4 26
201 5 25
201 6 23
201 7 18
201 8 22
201 9 18
201 10 27
201 11 39
201 12 24
201 13 15
201 14 19
201 15 17
201 16 25
201 17 20
201 18 21
201 19 22
201 20 21
201 21 24
201 22 20
201 23 20
201 24 28
201 25 17
201 26 22
201 27 18
201 28 26
201 29 20
201 30 36
201 31 23
201 32 20
201 33 19
201 34 38
201 35 20
201 36 30
201 37 20
201 38 23
201 39 21
201 40 18
201 41 19
201 42 17
201 43 27
201 44 16
201 45 18
201 46 21
201 47 23
201 48 25
201 49 19
201 50 19
201 51 22
201 52 18
201 53 22
201 54 41
201 55 26
201 56 21
201 57 23
201 58 19
201 59 23
201 60 22
201 61 39
201 62 20
201 63 20
201 64 26
201 65 19
201 66 21
201 67 32
201 68 39
201 69 22
201 70 20
201 71 20
201 72 17
201 73 27
201 74 22
201 75 18
201 76 18
201 77 21
201 78 21
201 79 20
201 80 17
201 81 22
201 82 18
201 83 23
201 84 27
201 85 20
201 86 20
201 87 20
201 88 20
201 89 20
201 90 24
201 91 23
201 92 22
201 93 20
201 94 20
201 95 28
201 96 20
201 97 30
201 98 26
201 99 23
201 100 22
201 101 36
201 102 25
201 103 20
201 104 19
201 105 19
201 106 24
201 107 19
201 108 28
201 109 39
201 110 24
201 111 24
201 112 22
201 113 15
201 114 27
201 115 21
201 116 20
201 117 20
201 118 21
201 119 29
201 120 22
201 121 40
226 1 24
226 2 18
226 3 21
226 4 26
226 5 20
226 6 19
226 7 20
226 8 21
226 9 20
226 10 20
226 11 43
226 12 26
226 13 22
226 14 20
226 15 18
226 16 20
226 17 22
226 18 19
226 19 22
226 20 25
226 21 21
226 22 24
226 23 21
226 24 28
226 25 19
226 26 20
226 27 18
226 28 29
226 29 20
226 30 36
226 31 25
226 32 22
226 33 21
226 34 33
226 35 25
226 36 20
226 37 19
226 38 20
226 39 19
226 40 19
226 41 24
226 42 20
226 43 22
226 44 26
226 45 22
226 46 21
226 47 18
226 48 21
226 49 27
226 50 20
226 51 30
226 52 21
226 53 26
226 54 38
226 55 20
226 56 24
226 57 25
226 58 20
226 59 22
226 60 29
226 61 37
226 62 20
226 63 20
226 64 24
226 65 20
226 66 21
226 67 37
226 68 41
226 69 22
226 70 21
226 71 26
226 72 22
226 73 28
226 74 20
226 75 22
226 76 19
226 77 25
226 78 20
226 79 18
226 80 25
226 81 22
226 82 18
226 83 25
226 84 19
226 85 22
226 86 22
226 87 23
226 88 20
226 89 27
226 90 26
226 91 27
226 92 26
226 93 21
226 94 25
226 95 20
226 96 23
226 97 22
226 98 23
226 99 21
226 100 20
226 101 33
226 102 19
226 103 23
226 104 20
226 105 20
226 106 24
226 107 17
226 108 20
226 109 37
226 110 23
226 111 19
226 112 20
226 113 24
226 114 27
226 115 26
226 116 20
226 117 21
226 118 21
226 119 19
226 120 21
226 121 42
251 1 28
251 2 24
251 3 30
251 4 19
251 5 19
251 6 21
251 7 27
251 8 22
251 9 20
251 10 25
251 11 39
251 12 24
251 13 20
251 14 21
251 15 21
251 16 25
251 17 22
251 18 22
251 19 28
251 20 22
251 21 25
251 22 25
251 23 22
251 24 18
251 25 24
251 26 17
251 27 21
251 28 22
251 29 19
251 30 38
251 31 22
251 32 19
251 33 22
251 34 30
251 35 20
251 36 24
251 37 13
251 38 22
251 39 27
251 40 19
251 41 31
251 42 20
251 43 20
251 44 19
251 45 21
251 46 21
251 47 20
251 48 19
251 49 25
251 50 20
251 51 29
251 52 25
251 53 27
251 54 42
251 55 24
251 56 20
251 57 27
251 58 24
251 59 24
251 60 18
251 61 33
251 62 20
251 63 25
251 64 20
251 65 22
251 66 18
251 67 39
251 68 39
251 69 19
251 70 22
251 71 19
251 72 21
251 73 20
251 74 20
251 75 21
251 76 15
251 77 27
251 78 18
251 79 23
251 80 24
251 81 20
251 82 18
251 83 20
251 84 19
251 85 23
251 86 17
251 87 22
251 88 25
251 89 25
251 90 23
251 91 21
251 92 14
251 93 20
251 94 26
251 95 21
251 96 29
251 97 26
251 98 21
251 99 22
251 100 21
251 101 38
251 102 20
251 103 20
251 104 23
251 105 21
251 106 21
251 107 19
251 108 22
251 109 40
251 110 27
251 111 20
251 112 21
251 113 24
251 114 20
251 115 14
251 116 20
251 117 21
251 118 20
251 119 21
251 120 20
251 121 42
276 1 30
276 2 20
276 3 21
276 4 14
276 5 19
276 6 20
276 7 21
276 8 30
276 9 21
276 10 25
276 11 42
276 12 20
276 13 24
276 14 20
276 15 23
276 16 17
276 17 21
276 18 18
276 19 21
276 20 25
276 21 17
276 22 21
276 23 22
276 24 19
276 25 18
276 26 20
276 27 26
276 28 17
276 29 21
276 30 36
276 31 27
276 32 30
276 33 20
276 34 32
276 35 20
276 36 20
276 37 19
276 38 23
276 39 22
276 40 20
276 41 29
276 42 19
276 43 29
276 44 21
276 45 25
276 46 17
276 47 21
276 48 21
276 49 23
276 50 19
276 51 21
276 52 22
276 53 19
276 54 34
276 55 26
276 56 21
276 57 21
276 58 22
276 59 21
276 60 20
276 61 40
276 62 18
276 63 22
276 64 22
276 65 22
276 66 27
276 67 43
276 68 40
276 69 23
276 70 21
276 71 20
276 72 20
276 73 20
276 74 26
276 75 22
276 76 20
276 77 20
276 78 25
276 79 21
276 80 21
276 81 19
276 82 20
276 83 20
276 84 24
276 85 19
276 86 20
276 87 21
276 88 16
276 89 20
276 90 20
276 91 21
276 92 20
276 93 23
276 94 31
276 95 22
276 96 22
276 97 21
276 98 22
276 99 19
276 100 25
276 101 39
276 102 17
276 103 19
276 104 20
276 105 18
276 106 20
276 107 22
276 108 23
276 109 40
276 110 21
276 111 20
276 112 22
276 113 20
276 114 22
276 115 17
276 116 22
276 117 24
276 118 20
276 119 30
276 120 26
276 121 38
301 1 21
301 2 21
301 3 19
301 4 15
301 5 19
301 6 21
301 7 21
301 8 20
301 9 27
301 10 22
301 11 40
301 12 19
301 13 20
301 14 20
301 15 20
301 16 24
301 17 26
301 18 28
301 19 20
301 20 16
301 21 16
301 22 25
301 23 27
301 24 24
301 25 20
301 26 21
301 27 28
301 28 20
301 29 15
301 30 40
301 31 23
301 32 18
301 33 21
301 34 39
301 35 18
301 36 21
301 37 19
301 38 20
301 39 21
301 40 27
301 41 20
301 42 20
301 43 25
301 44 22
301 45 19
301 46 20
301 47 21
301 48 19
301 49 21
301 50 20
301 51 23
301 52 22
301 53 19
301 54 32
301 55 21
301 56 20
301 57 20
301 58 17
301 59 27
301 60 25
301 61 32
301 62 20
301 63 27
301 64 23
301 65 20
301 66 22
301 67 41
301 68 38
301 69 22
301 70 21
301 71 24
301 72 29
301 73 27
301 74 20
301 75 19
301 76 23
301 77 30
301 78 22
301 79 18
301 80 22
301 81 23
301 82 21
301 83 19
301 84 20
301 85 20
301 86 22
301 87 19
301 88 21
301 89 22
301 90 21
301 91 20
301 92 21
301 93 19
301 94 23
301 95 21
301 96 20
301 97 14
301 98 18
301 99 20
301 100 30
301 101 37
301 102 21
301 103 26
301 104 20
301 105 21
301 106 23
301 107 22
301 108 21
301 109 37
301 110 20
301 111 23
301 112 20
301 113 27
301 114 25
301 115 18
301 116 24
301 117 23
301 118 19
301 119 23
301 120 23
301 121 40
326 1 21
326 2 25
326 3 27
326 4 21
326 5 22
326 6 23
326 7 20
326 8 30
326 9 25
326 10 28
326 11 40
326 12 21
326 13 12
326 14 20
326 15 22
326 16 30
326 17 23
326 18 19
326 19 28
326 20 21
326 21 21
326 22 24
326 23 21
326 24 20
326 25 22
326 26 20
326 27 21
326 28 20
326 29 22
326 30 38
326 31 20
326 32 23
326 33 19
326 34 31
326 35 20
326 36 20
326 37 24
326 38 21
326 39 17
326 40 27
326 41 21
326 42 20
326 43 27
326 44 24
326 45 19
326 46 21
326 47 20
326 48 19
326 49 25
326 50 20
326 51 22
326 52 21
326 53 21
326 54 37
326 55 20
326 56 19
326 57 17
326 58 24
326 59 21
326 60 23
326 61 40
326 62 23
326 63 25
326 64 20
326 65 24
326 66 22
326 67 39
326 68 39
326 69 20
326 70 18
326 71 21
326 72 23
326 73 22
326 74 30
326 75 20
326 76 21
326 77 18
326 78 25
326 79 23
326 80 16
326 81 22
326 82 21
326 83 20
326 84 22
326 85 20
326 86 24
326 87 24
326 88 20
326 89 25
326 90 20
326 91 18
326 92 20
326 93 24
326 94 22
326 95 22
326 96 20
326 97 20
326 98 24
326 99 24
326 100 21
326 101 36
326 102 20
326 103 21
326 104 20
326 105 28
326 106 20
326 107 19
326 108 19
326 109 39
326 110 30
326 111 26
326 112 18
326 113 22
326 114 27
326 115 25
326 116 20
326 117 25
326 118 20
326 119 19
326 120 22
326 121 36
351 1 21
351 2 18
351 3 22
351 4 28
351 5 20
351 6 16
351 7 24
351 8 22
351 9 26
351 10 20
351 11 41
351 12 18
351 13 26
351 14 19
351 15 23
351 16 22
351 17 20
351 18 25
351 19 22
351 20 24
351 21 19
351 22 28
351 23 30
351 24 25
351 25 21
351 26 24
351 27 20
351 28 19
351 29 19
351 30 39
351 31 21
351 32 21
351 33 20
351 34 32
351 35 26
351 36 21
351 37 21
351 38 28
351 39 21
351 40 20
351 41 20
351 42 18
351 43 20
351 44 19
351 45 24
351 46 17
351 47 26
351 48 19
351 49 24
351 50 21
351 51 26
351 52 21
351 53 23
351 54 36
351 55 20
351 56 24
351 57 20
351 58 24
351 59 20
351 60 19
351 61 32
351 62 20
351 63 21
351 64 24
351 65 23
351 66 19
351 67 40
351 68 36
351 69 17
351 70 20
351 71 24
351 72 22
351 73 21
351 74 23
351 75 20
351 76 20
351 77 23
351 78 19
351 79 25
351 80 24
351 81 18
351 82 20
351 83 22
351 84 22
351 85 24
351 86 23
351 87 24
351 88 18
351 89 20
351 90 20
351 91 21
351 92 21
351 93 23
351 94 22
351 95 18
351 96 26
351 97 22
351 98 25
351 99 28
351 100 24
351 101 40
351 102 23
351 103 18
351 104 22
351 105 21
351 106 23
351 107 18
351 108 21
351 109 38
351 110 19
351 111 20
351 112 22
351 113 20
351 114 18
351 115 24
351 116 22
351 117 19
351 118 20
351 119 27
351 120 26
351 121 39
376 1 22
376 2 22
376 3 24
376 4 19
376 5 27
376 6 24
376 7 21
376 8 23
376 9 24
376 10 20
376 11 39
376 12 25
376 13 20
376 14 21
376 15 21
376 16 28
376 17 19
376 18 19
376 19 22
376 20 20
376 21 23
376 22 15
376 23 19
376 24 16
376 25 22
376 26 18
376 27 29
376 28 27
376 29 21
376 30 40
376 31 21
376 32 22
376 33 19
376 34 41
376 35 22
376 36 20
376 37 10
376 38 22
376 39 20
376 40 24
376 41 21
376 42 20
376 43 20
376 44 24
376 45 25
376 46 23
376 47 22
376 48 24
376 49 19
376 50 23
376 51 16
376 52 21
376 53 20
376 54 38
376 55 21
376 56 21
376 57 16
376 58 20
376 59 29
376 60 19
376 61 38
376 62 18
376 63 25
376 64 23
376 65 24
376 66 21
376 67 37
376 68 34
376 69 20
376 70 25
376 71 20
376 72 25
376 73 21
376 74 20
376 75 26
376 76 20
376 77 18
376 78 22
376 79 23
376 80 19
376 81 20
376 82 24
376 83 21
376 84 21
376 85 22
376 86 20
376 87 20
376 88 19
376 89 18
376 90 18
376 91 20
376 92 20
376 93 20
376 94 24
376 95 20
376 96 25
376 97 19
376 98 17
376 99 26
376 100 20
376 101 30
376 102 22
376 103 17
376 104 20
376 105 30
376 106 18
376 107 19
376 108 23
376 109 38
376 110 24
376 111 31
376 112 21
376 113 22
376 114 19
376 115 20
376 116 14
376 117 17
376 118 24
376 119 20
376 120 26
376 121 41
401 1 23
401 2 17
401 3 19
401 4 20
401 5 20
401 6 20
401 7 21
401 8 19
401 9 21
401 10 20
401 11 41
401 12 20
401 13 23
401 14 23
401 15 23
401 16 17
401 17 17
401 18 28
401 19 20
401 20 21
401 21 20
401 22 20
401 23 21
401 24 20
401 25 24
401 26 21
401 27 20
401 28 25
401 29 20
401 30 38
401 31 19
401 32 20
401 33 19
401 34 35
401 35 23
401 36 21
401 37 30
401 38 21
401 39 20
401 40 17
401 41 20
401 42 22
401 43 22
401 44 30
401 45 28
401 46 19
401 47 21
401 48 21
401 49 20
401 50 18
401 51 28
401 52 19
401 53 23
401 54 38
401 55 20
401 56 23
401 57 22
401 58 26
401 59 25
401 60 23
401 61 31
401 62 20
401 63 21
401 64 20
401 65 13
401 66 20
401 67 41
401 68 40
401 69 21
401 70 22
401 71 19
401 72 20
401 73 16
401 74 22
401 75 21
401 76 20
401 77 24
401 78 25
401 79 26
401 80 22
401 81 18
401 82 20
401 83 19
401 84 20
401 85 27
401 86 22
401 87 21
401 88 20
401 89 23
401 90 22
401 91 20
401 92 24
401 93 21
401 94 21
401 95 21
401 96 19
401 97 20
401 98 20
401 99 25
401 100 16
401 101 37
401 102 21
401 103 20
401 104 16
401 105 18
401 106 21
401 107 30
401 108 22
401 109 34
401 110 22
401 111 19
401 112 20
401 113 24
401 114 21
401 115 21
401 116 23
401 117 21
401 118 25
401 119 24
401 120 20
401 121 39
426 1 27
426 2 19
426 3 21
426 4 24
426 5 17
426 6 23
426 7 23
426 8 20
426 9 29
426 10 19
426 11 42
426 12 25
426 13 20
426 14 22
426 15 20
426 16 22
426 17 16
426 18 20
426 19 22
426 20 22
426 21 20
426 22 24
426 23 19
426 24 20
426 25 21
426 26 24
426 27 22
426 28 21
426 29 20
426 30 38
426 31 20
426 32 21
426 33 20
426 34 38
426 35 20
426 36 22
426 37 26
426 38 20
426 39 19
426 40 21
426 41 22
426 42 20
426 43 23
426 44 22
426 45 19
426 46 20
426 47 19
426 48 20
426 49 22
426 50 15
426 51 16
426 52 22
426 53 20
426 54 39
426 55 20
426 56 23
426 57 28
426 58 20
426 59 28
426 60 18
426 61 35
426 62 20
426 63 21
426 64 20
426 65 15
426 66 22
426 67 43
426 68 44
426 69 21
426 70 24
426 71 25
426 72 27
426 73 26
426 74 24
426 75 32
426 76 22
426 77 26
426 78 21
426 79 20
426 80 22
426 81 18
426 82 19
426 83 20
426 84 20
426 85 22
426 86 25
426 87 23
426 88 19
426 89 29
426 90 23
426 91 18
426 92 21
426 93 21
426 94 17
426 95 21
426 96 20
426 97 20
426 98 22
426 99 23
426 100 25
426 101 40
426 102 21
426 103 21
426 104 21
426 105 21
426 106 20
426 107 25
426 108 23
426 109 39
426 110 21
426 111 20
426 112 23
426 113 18
426 114 23
426 115 25
426 116 20
426 117 22
426 118 20
426 119 21
426 120 24
426 121 37
451 1 20
451 2 27
451 3 18
451 4 20
451 5 26
451 6 28
451 7 29
451 8 26
451 9 18
451 10 23
451 11 36
451 12 21
451 13 24
451 14 20
451 15 21
451 16 24
451 17 17
451 18 22
451 19 18
451 20 23
451 21 20
451 22 23
451 23 27
451 24 17
451 25 23
451 26 20
451 27 23
451 28 18
451 29 18
451 30 40
451 31 24
451 32 21
451 33 16
451 34 37
451 35 26
451 36 18
451 37 19
451 38 24
451 39 22
451 40 20
451 41 21
451 42 20
451 43 20
451 44 25
451 45 21
451 46 24
451 47 20
451 48 22
451 49 22
451 50 21
451 51 20
451 52 19
451 53 20
451 54 38
451 55 19
451 56 24
451 57 26
451 58 28
451 59 21
451 60 22
451 61 35
451 62 21
451 63 28
451 64 22
451 65 20
451 66 23
451 67 41
451 68 40
451 69 16
451 70 26
451 71 24
451 72 22
451 73 28
451 74 29
451 75 17
451 76 20
451 77 22
451 78 25
451 79 27
451 80 18
451 81 27
451 82 23
451 83 21
451 84 19
451 85 13
451 86 22
451 87 20
451 88 21
451 89 18
451 90 17
451 91 20
451 92 19
451 93 18
451 94 22
451 95 21
451 96 22
451 97 29
451 98 24
451 99 26
451 100 20
451 101 38
451 102 22
451 103 20
451 104 18
451 105 23
451 106 26
451 107 28
451 108 23
451 109 38
451 110 31
451 111 25
451 112 24
451 113 19
451 114 22
451 115 24
451 116 20
451 117 25
451 118 21
451 119 22
451 120 22
451 121 41
476 1 22
476 2 20
476 3 20
476 4 26
476 5 21
476 6 26
476 7 20
476 8 24
476 9 32
476 10 20
476 11 39
476 12 19
476 13 21
476 14 21
476 15 28
476 16 20
476 17 19
476 18 27
476 19 17
476 20 19
476 21 20
476 22 28
476 23 20
476 24 22
476 25 26
476 26 20
476 27 26
476 28 27
476 29 25
476 30 31
476 31 22
476 32 20
476 33 21
476 34 34
476 35 18
476 36 25
476 37 22
476 38 20
476 39 20
476 40 21
476 41 20
476 42 26
476 43 20
476 44 19
476 45 24
476 46 21
476 47 19
476 48 21
476 49 24
476 50 23
476 51 21
476 52 24
476 53 18
476 54 40
476 55 18
476 56 19
476 57 20
476 58 23
476 59 19
476 60 18
476 61 30
476 62 24
476 63 25
476 64 27
476 65 17
476 66 22
476 67 35
476 68 36
476 69 23
476 70 27
476 71 21
476 72 19
476 73 19
476 74 27
476 75 19
476 76 21
476 77 21
476 78 27
476 79 20
476 80 28
476 81 21
476 82 22
476 83 24
476 84 21
476 85 20
476 86 17
476 87 28
476 88 20
476 89 20
476 90 27
476 91 27
476 92 20
476 93 24
476 94 23
476 95 21
476 96 21
476 97 21
476 98 26
476 99 15
476 100 25
476 101 33
476 102 19
476 103 27
476 104 17
476 105 23
476 106 22
476 107 24
476 108 21
476 109 36
476 110 19
476 111 23
476 112 20
476 113 20
476 114 24
476 115 19
476 116 19
476 117 20
476 118 20
476 119 20
476 120 29
476 121 43
501 1 22
501 2 19
501 3 14
501 4 17
501 5 23
501 6 20
501 7 20
501 8 18
501 9 16
501 10 26
501 11 40
501 12 25
501 13 23
501 14 26
501 15 22
501 16 25
501 17 30
501 18 20
501 19 20
501 20 24
501 21 22
501 22 21
501 23 19
501 24 10
501 25 21
501 26 30
501 27 24
501 28 21
501 29 24
501 30 36
501 31 19
501 32 28
501 33 21
501 34 39
501 35 24
501 36 20
501 37 28
501 38 19
501 39 16
501 40 23
501 41 24
501 42 22
501 43 22
501 44 20
501 45 23
501 46 18
501 47 20
501 48 19
501 49 27
501 50 23
501 51 22
501 52 20
501 53 24
501 54 38
501 55 18
501 56 30
501 57 22
501 58 20
501 59 17
501 60 27
501 61 38
501 62 20
501 63 20
501 64 19
501 65 23
501 66 20
501 67 40
501 68 37
501 69 26
501 70 26
501 71 19
501 72 19
501 73 20
501 74 20
501 75 23
501 76 24
501 77 21
501 78 20
501 79 16
501 80 21
501 81 20
501 82 25
501 83 24
501 84 19
501 85 33
501 86 25
501 87 23
501 88 25
501 89 21
501 90 15
501 91 22
501 92 20
501 93 21
501 94 23
501 95 26
501 96 26
501 97 26
501 98 22
501 99 21
501 100 22
501 101 38
501 102 21
501 103 22
501 104 19
501 105 25
501 106 18
501 107 20
501 108 21
501 109 39
501 110 22
501 111 22
501 112 26
501 113 28
501 114 18
501 115 19
501 116 21
501 117 20
501 118 23
501 119 24
501 120 22
501 121 40
526 1 23
526 2 22
526 3 25
526 4 20
526 5 15
526 6 19
526 7 20
526 8 22
526 9 24
526 10 26
526 11 39
526 12 19
526 13 20
526 14 24
526 15 20
526 16 23
526 17 29
526 18 22
526 19 20
526 20 19
526 21 20
526 22 21
526 23 17
526 24 20
526 25 25
526 26 20
526 27 21
526 28 29
526 29 21
526 30 37
526 31 21
526 32 19
526 33 18
526 34 36
526 35 20
526 36 19
526 37 20
526 38 17
526 39 24
526 40 24
526 41 22
526 42 19
526 43 24
526 44 16
526 45 23
526 46 24
526 47 19
526 48 28
526 49 13
526 50 20
526 51 21
526 52 29
526 53 21
526 54 40
526 55 19
526 56 23
526 57 23
526 58 19
526 59 24
526 60 22
526 61 36
526 62 20
526 63 26
526 64 22
526 65 25
526 66 18
526 67 40
526 68 37
526 69 20
526 70 28
526 71 20
526 72 20
526 73 22
526 74 22
526 75 22
526 76 20
526 77 23
526 78 20
526 79 20
526 80 20
526 81 19
526 82 21
526 83 22
526 84 20
526 85 25
526 86 26
526 87 22
526 88 21
526 89 20
526 90 18
526 91 21
526 92 24
526 93 19
526 94 20
526 95 18
526 96 22
526 97 21
526 98 22
526 99 20
526 100 21
526 101 35
526 102 24
526 103 17
526 104 14
526 105 24
526 106 20
526 107 30
526 108 22
526 109 40
526 110 25
526 111 22
526 112 24
526 113 18
526 114 21
526 115 22
526 116 18
526 117 22
526 118 23
526 119 25
526 120 19
526 121 40
551 1 20
551 2 20
551 3 29
551 4 29
551 5 27
551 6 20
551 7 21
551 8 21
551 9 22
551 10 25
551 11 40
551 12 29
551 13 22
551 14 27
551 15 21
551 16 21
551 17 28
551 18 20
551 19 17
551 20 20
551 21 20
551 22 27
551 23 26
551 24 17
551 25 19
551 26 21
551 27 20
551 28 24
551 29 23
551 30 37
551 31 20
551 32 25
551 33 20
551 34 40
551 35 25
551 36 26
551 37 20
551 38 17
551 39 19
551 40 18
551 41 20
551 42 24
551 43 19
551 44 21
551 45 19
551 46 26
551 47 19
551 48 19
551 49 22
551 50 18
551 51 18
551 52 27
551 53 19
551 54 39
551 55 20
551 56 20
551 57 24
551 58 25
551 59 20
551 60 21
551 61 39
551 62 23
551 63 22
551 64 21
551 65 21
551 66 24
551 67 41
551 68 40
551 69 19
551 70 20
551 71 22
551 72 14
551 73 19
551 74 23
551 75 20
551 76 20
551 77 21
551 78 26
551 79 21
551 80 17
551 81 22
551 82 25
551 83 21
551 84 18
551 85 18
551 86 18
551 87 28
551 88 20
551 89 21
551 90 24
551 91 26
551 92 17
551 93 29
551 94 17
551 95 22
551 96 29
551 97 21
551 98 26
551 99 21
551 100 20
551 101 37
551 102 20
551 103 16
551 104 24
551 105 19
551 106 20
551 107 21
551 108 18
551 109 38
551 110 23
551 111 21
551 112 20
551 113 21
551 114 20
551 115 23
551 116 21
551 117 19
551 118 22
551 119 19
551 120 22
551 121 40
576 1 21
576 2 17
576 3 24
576 4 22
576 5 25
576 6 28
576 7 30
576 8 21
576 9 14
576 10 24
576 11 39
576 12 24
576 13 21
576 14 20
576 15 20
576 16 21
576 17 23
576 18 16
576 19 21
576 20 21
576 21 18
576 22 17
576 23 23
576 24 21
576 25 19
576 26 19
576 27 19
576 28 26
576 29 21
576 30 37
576 31 22
576 32 25
576 33 22
576 34 36
576 35 21
576 36 17
576 37 21
576 38 20
576 39 19
576 40 19
576 41 28
576 42 25
576 43 24
576 44 21
576 45 20
576 46 20
576 47 23
576 48 18
576 49 21
576 50 24
576 51 20
576 52 19
576 53 19
576 54 36
576 55 19
576 56 26
576 57 17
576 58 30
576 59 20
576 60 18
576 61 41
576 62 20
576 63 20
576 64 21
576 65 20
576 66 26
576 67 40
576 68 40
576 69 20
576 70 23
576 71 22
576 72 20
576 73 32
576 74 17
576 75 20
576 76 23
576 77 21
576 78 22
576 79 24
576 80 30
576 81 19
576 82 16
576 83 20
576 84 22
576 85 22
576 86 28
576 87 25
576 88 22
576 89 20
576 90 26
576 91 20
576 92 17
576 93 20
576 94 21
576 95 21
576 96 31
576 97 22
576 98 23
576 99 24
576 100 12
576 101 40
576 102 23
576 103 20
576 104 21
576 105 29
576 106 27
576 107 17
576 108 24
576 109 41
576 110 26
576 111 17
576 112 21
576 113 21
576 114 20
576 115 19
576 116 22
576 117 26
576 118 16
576 119 21
576 120 24
576 121 41
601 1 19
601 2 27
601 3 20
601 4 26
601 5 20
601 6 22
601 7 19
601 8 22
601 9 22
601 10 19
601 11 34
601 12 21
601 13 18
601 14 21
601 15 21
601 16 20
601 17 25
601 18 23
601 19 18
601 20 22
601 21 24
601 22 23
601 23 26
601 24 23
601 25 19
601 26 24
601 27 22
601 28 20
601 29 22
601 30 35
601 31 28
601 32 22
601 33 20
601 34 39
601 35 20
601 36 22
601 37 20
601 38 24
601 39 22
601 40 23
601 41 20
601 42 22
601 43 20
601 44 25
601 45 25
601 46 23
601 47 20
601 48 21
601 49 27
601 50 17
601 51 18
601 52 21
601 53 19
601 54 41
601 55 20
601 56 24
601 57 21
601 58 22
601 59 19
601 60 20
601 61 38
601 62 29
601 63 20
601 64 21
601 65 19
601 66 23
601 67 37
601 68 40
601 69 30
601 70 20
601 71 20
601 72 29
601 73 26
601 74 18
601 75 24
601 76 19
601 77 31
601 78 21
601 79 18
601 80 26
601 81 20
601 82 21
601 83 19
601 84 28
601 85 19
601 86 17
601 87 27
601 88 20
601 89 18
601 90 19
601 91 24
601 92 21
601 93 19
601 94 20
601 95 19
601 96 22
601 97 22
601 98 18
601 99 29
601 100 21
601 101 37
601 102 18
601 103 27
601 104 20
601 105 22
601 106 21
601 107 24
601 108 25
601 109 40
601 110 21
601 111 25
601 112 19
601 113 22
601 114 20
601 115 20
601 116 21
601 117 22
601 118 20
601 119 28
601 120 28
601 121 40
626 1 24
626 2 20
626 3 19
626 4 21
626 5 24
626 6 25
626 7 19
626 8 16
626 9 19
626 10 24
626 11 41
626 12 19
626 13 27
626 14 22
626 15 20
626 16 23
626 17 22
626 18 19
626 19 24
626 20 25
626 21 20
626 22 25
626 23 16
626 24 18
626 25 21
626 26 20
626 27 20
626 28 22
626 29 23
626 30 37
626 31 19
626 32 22
626 33 20
626 34 38
626 35 20
626 36 20
626 37 26
626 38 20
626 39 20
626 40 22
626 41 21
626 42 21
626 43 16
626 44 21
626 45 23
626 46 19
626 47 22
626 48 22
626 49 25
626 50 22
626 51 23
626 52 27
626 53 19
626 54 38
626 55 21
626 56 21
626 57 21
626 58 25
626 59 24
626 60 15
626 61 39
626 62 22
626 63 22
626 64 20
626 65 18
626 66 22
626 67 40
626 68 41
626 69 22
626 70 21
626 71 19
626 72 18
626 73 21
626 74 24
626 75 30
626 76 18
626 77 23
626 78 24
626 79 27
626 80 23
626 81 19
626 82 20
626 83 22
626 84 20
626 85 25
626 86 22
626 87 20
626 88 21
626 89 20
626 90 23
626 91 20
626 92 21
626 93 21
626 94 26
626 95 24
626 96 31
626 97 22
626 98 21
626 99 19
626 100 20
626 101 38
626 102 15
626 103 22
626 104 21
626 105 19
626 106 20
626 107 21
626 108 25
626 109 39
626 110 21
626 111 21
626 112 19
626 113 20
626 114 21
626 115 19
626 116 20
626 117 20
626 118 18
626 119 19
626 120 25
626 121 38
651 1 22
651 2 28
651 3 24
651 4 24
651 5 27
651 6 32
651 7 22
651 8 21
651 9 21
651 10 22
651 11 39
651 12 21
651 13 20
651 14 21
651 15 28
651 16 21
651 17 26
651 18 19
651 19 25
651 20 20
651 21 27
651 22 28
651 23 21
651 24 24
651 25 21
651 26 21
651 27 23
651 28 18
651 29 22
651 30 39
651 31 21
651 32 21
651 33 19
651 34 40
651 35 26
651 36 21
651 37 15
651 38 19
651 39 26
651 40 23
651 41 20
651 42 16
651 43 22
651 44 21
651 45 20
651 46 20
651 47 18
651 48 20
651 49 27
651 50 20
651 51 26
651 52 21
651 53 26
651 54 30
651 55 29
651 56 17
651 57 19
651 58 18
651 59 25
651 60 21
651 61 42
651 62 22
651 63 26
651 64 22
651 65 22
651 66 17
651 67 40
651 68 40
651 69 24
651 70 22
651 71 21
651 72 18
651 73 31
651 74 23
651 75 20
651 76 21
651 77 23
651 78 22
651 79 15
651 80 21
651 81 24
651 82 24
651 83 20
651 84 21
651 85 20
651 86 19
651 87 21
651 88 22
651 89 21
651 90 20
651 91 23
651 92 16
651 93 20
651 94 24
651 95 22
651 96 22
651 97 21
651 98 16
651 99 19
651 100 24
651 101 38
651 102 16
651 103 17
651 104 20
651 105 17
651 106 22
651 107 22
651 108 25
651 109 41
651 110 25
651 111 32
651 112 21
651 113 20
651 114 21
651 115 20
651 116 22
651 117 20
651 118 19
651 119 23
651 120 31
651 121 38
676 1 30
676 2 19
676 3 26
676 4 21
676 5 20
676 6 25
676 7 19
676 8 25
676 9 23
676 10 21
676 11 43
676 12 19
676 13 22
676 14 22
676 15 21
676 16 19
676 17 21
676 18 31
676 19 17
676 20 19
676 21 20
676 22 24
676 23 26
676 24 28
676 25 20
676 26 19
676 27 24
676 28 19
676 29 21
676 30 36
676 31 23
676 32 22
676 33 19
676 34 35
676 35 20
676 36 19
676 37 20
676 38 19
676 39 21
676 40 17
676 41 21
676 42 21
676 43 20
676 44 28
676 45 26
676 46 23
676 47 30
676 48 22
676 49 15
676 50 20
676 51 22
676 52 20
676 53 24
676 54 36
676 55 18
676 56 22
676 57 24
676 58 19
676 59 23
676 60 19
676 61 34
676 62 18
676 63 21
676 64 19
676 65 24
676 66 20
676 67 39
676 68 40
676 69 18
676 70 17
676 71 24
676 72 21
676 73 22
676 74 20
676 75 21
676 76 22
676 77 20
676 78 13
676 79 23
676 80 19
676 81 22
676 82 22
676 83 29
676 84 21
676 85 21
676 86 30
676 87 21
676 88 24
676 89 26
676 90 20
676 91 28
676 92 20
676 93 23
676 94 20
676 95 23
676 96 21
676 97 18
676 98 23
676 99 20
676 100 18
676 101 34
676 102 19
676 103 25
676 104 23
676 105 18
676 106 21
676 107 20
676 108 22
676 109 40
676 110 21
676 111 18
676 112 25
676 113 23
676 114 27
676 115 18
676 116 21
676 117 22
676 118 23
676 119 19
676 120 27
676 121 42
701 1 28
701 2 18
701 3 21
701 4 20
701 5 27
701 6 22
701 7 21
701 8 21
701 9 22
701 10 26
701 11 39
701 12 22
701 13 23
701 14 19
701 15 22
701 16 17
701 17 17
701 18 21
701 19 20
701 20 22
701 21 20
701 22 20
701 23 19
701 24 23
701 25 18
701 26 23
701 27 23
701 28 20
701 29 20
701 30 30
701 31 21
701 32 29
701 33 19
701 34 40
701 35 28
701 36 21
701 37 19
701 38 22
701 39 28
701 40 20
701 41 19
701 42 19
701 43 20
701 44 23
701 45 21
701 46 20
701 47 21
701 48 20
701 49 18
701 50 21
701 51 23
701 52 18
701 53 22
701 54 38
701 55 24
701 56 15
701 57 25
701 58 21
701 59 21
701 60 23
701 61 39
701 62 30
701 63 21
701 64 22
701 65 24
701 66 21
701 67 40
701 68 40
701 69 21
701 70 21
701 71 20
701 72 21
701 73 14
701 74 20
701 75 20
701 76 29
701 77 23
701 78 21
701 79 24
701 80 20
701 81 19
701 82 19
701 83 20
701 84 24
701 85 23
701 86 20
701 87 21
701 88 26
701 89 22
701 90 23
701 91 22
701 92 20
701 93 20
701 94 29
701 95 25
701 96 20
701 97 20
701 98 29
701 99 21
701 100 22
701 101 30
701 102 20
701 103 21
701 104 22
701 105 20
701 106 20
701 107 22
701 108 19
701 109 42
701 110 23
701 111 23
701 112 24
701 113 16
701 114 18
701 115 19
701 116 22
701 117 20
701 118 26
701 119 17
701 120 22
701 121 41
726 1 30
726 2 24
726 3 20
726 4 18
726 5 20
726 6 17
726 7 19
726 8 23
726 9 24
726 10 27
726 11 35
726 12 20
726 13 17
726 14 20
726 15 25
726 16 20
726 17 22
726 18 24
726 19 13
726 20 24
726 21 24
726 22 23
726 23 21
726 24 22
726 25 24
726 26 20
726 27 21
726 28 20
726 29 23
726 30 39
726 31 25
726 32 21
726 33 19
726 34 37
726 35 21
726 36 30
726 37 18
726 38 26
726 39 23
726 40 22
726 41 23
726 42 17
726 43 24
726 44 19
726 45 20
726 46 18
726 47 24
726 48 26
726 49 15
726 50 24
726 51 13
726 52 23
726 53 20
726 54 39
726 55 21
726 56 19
726 57 26
726 58 21
726 59 23
726 60 19
726 61 37
726 62 19
726 63 24
726 64 18
726 65 21
726 66 20
726 67 40
726 68 39
726 69 20
726 70 20
726 71 30
726 72 22
726 73 23
726 74 22
726 75 17
726 76 26
726 77 28
726 78 25
726 79 29
726 80 20
726 81 21
726 82 19
726 83 19
726 84 21
726 85 24
726 86 19
726 87 20
726 88 20
726 89 16
726 90 17
726 91 20
726 92 22
726 93 23
726 94 21
726 95 21
726 96 20
726 97 26
726 98 20
726 99 24
726 100 21
726 101 34
726 102 19
726 103 22
726 104 22
726 105 19
726 106 23
726 107 18
726 108 25
726 109 38
726 110 19
726 111 28
726 112 21
726 113 22
726 114 20
726 115 20
726 116 24
726 117 20
726 118 18
726 119 21
726 120 11
726 121 43
751 1 24
751 2 23
751 3 20
751 4 20
751 5 21
751 6 25
751 7 26
751 8 18
751 9 23
751 10 21
751 11 39
751 12 21
751 13 23
751 14 17
751 15 17
751 16 21
751 17 23
751 18 26
751 19 17
751 20 19
751 21 22
751 22 21
751 23 20
751 24 27
751 25 20
751 26 21
751 27 28
751 28 24
751 29 19
751 30 35
751 31 19
751 32 20
751 33 24
751 34 34
751 35 20
751 36 24
751 37 22
751 38 19
751 39 20
751 40 21
751 41 20
751 42 24
751 43 16
751 44 20
751 45 22
751 46 18
751 47 18
751 48 24
751 49 17
751 50 18
751 51 20
751 52 26
751 53 23
751 54 40
751 55 24
751 56 21
751 57 26
751 58 18
751 59 22
751 60 21
751 61 38
751 62 22
751 63 20
751 64 23
751 65 22
751 66 19
751 67 41
751 68 41
751 69 23
751 70 21
751 71 26
751 72 19
751 73 25
751 74 20
751 75 18
751 76 23
751 77 19
751 78 22
751 79 26
751 80 18
751 81 20
751 82 20
751 83 22
751 84 20
751 85 20
751 86 18
751 87 23
751 88 20
751 89 20
751 90 20
751 91 20
751 92 19
751 93 26
751 94 21
751 95 17
751 96 20
751 97 20
751 98 20
751 99 19
751 100 20
751 101 39
751 102 21
751 103 20
751 104 22
751 105 20
751 106 20
751 107 21
751 108 20
751 109 39
751 110 22
751 111 23
751 112 20
751 113 22
751 114 23
751 115 25
751 116 30
751 117 19
751 118 17
751 119 21
751 120 31
751 121 42
776 1 22
776 2 17
776 3 22
776 4 21
776 5 20
776 6 20
776 7 20
776 8 19
776 9 19
776 10 24
776 11 39
776 12 21
776 13 18
776 14 26
776 15 21
776 16 23
776 17 20
776 18 15
776 19 21
776 20 20
776 21 20
776 22 17
776 23 20
776 24 28
776 25 18
776 26 23
776 27 20
776 28 23
776 29 19
776 30 36
776 31 19
776 32 21
776 33 27
776 34 38
776 35 25
776 36 18
776 37 19
776 38 28
776 39 19
776 40 18
776 41 21
776 42 23
776 43 21
776 44 23
776 45 17
776 46 19
776 47 23
776 48 22
776 49 21
776 50 30
776 51 20
776 52 19
776 53 23
776 54 37
776 55 14
776 56 23
776 57 26
776 58 29
776 59 20
776 60 15
776 61 39
776 62 20
776 63 21
776 64 22
776 65 21
776 66 23
776 67 44
776 68 40
776 69 17
776 70 23
776 71 21
776 72 25
776 73 21
776 74 21
776 75 25
776 76 19
776 77 19
776 78 22
776 79 20
776 80 21
776 81 18
776 82 23
776 83 30
776 84 22
776 85 21
776 86 20
776 87 20
776 88 20
776 89 18
776 90 26
776 91 19
776 92 24
776 93 20
776 94 21
776 95 25
776 96 20
776 97 21
776 98 30
776 99 18
776 100 22
776 101 39
776 102 21
776 103 21
776 104 20
776 105 20
776 106 20
776 107 20
776 108 23
776 109 38
776 110 20
776 111 27
776 112 17
776 113 27
776 114 28
776 115 25
776 116 19
776 117 22
776 118 25
776 119 20
776 120 21
776 121 41
801 1 21
801 2 26
801 3 21
801 4 27
801 5 23
801 6 26
801 7 21
801 8 20
801 9 21
801 10 23
801 11 40
801 12 22
801 13 18
801 14 16
801 15 19
801 16 20
801 17 18
801 18 21
801 19 20
801 20 22
801 21 17
801 22 18
801 23 19
801 24 22
801 25 25
801 26 29
801 27 20
801 28 20
801 29 20
801 30 36
801 31 21
801 32 18
801 33 20
801 34 37
801 35 18
801 36 29
801 37 22
801 38 18
801 39 24
801 40 17
801 41 24
801 42 20
801 43 21
801 44 19
801 45 23
801 46 21
801 47 20
801 48 24
801 49 21
801 50 22
801 51 22
801 52 29
801 53 17
801 54 36
801 55 19
801 56 19
801 57 29
801 58 28
801 59 20
801 60 22
801 61 36
801 62 19
801 63 19
801 64 15
801 65 19
801 66 24
801 67 39
801 68 40
801 69 24
801 70 23
801 71 18
801 72 18
801 73 23
801 74 22
801 75 24
801 76 21
801 77 20
801 78 22
801 79 21
801 80 18
801 81 26
801 82 20
801 83 21
801 84 28
801 85 23
801 86 21
801 87 19
801 88 20
801 89 18
801 90 20
801 91 23
801 92 21
801 93 28
801 94 22
801 95 19
801 96 20
801 97 21
801 98 21
801 99 24
801 100 19
801 101 41
801 102 18
801 103 22
801 104 20
801 105 20
801 106 24
801 107 27
801 108 19
801 109 40
801 110 21
801 111 26
801 112 23
801 113 24
801 114 19
801 115 26
801 116 21
801 117 24
801 118 20
801 119 19
801 120 23
801 121 40
826 1 29
826 2 19
826 3 20
826 4 21
826 5 19
826 6 20
826 7 21
826 8 19
826 9 32
826 10 24
826 11 40
826 12 22
826 13 21
826 14 28
826 15 21
826 16 24
826 17 20
826 18 19
826 19 18
826 20 19
826 21 28
826 22 29
826 23 21
826 24 21
826 25 22
826 26 21
826 27 23
826 28 27
826 29 20
826 30 30
826 31 22
826 32 21
826 33 26
826 34 38
826 35 19
826 36 25
826 37 20
826 38 23
826 39 27
826 40 21
826 41 25
826 42 21
826 43 24
826 44 22
826 45 18
826 46 23
826 47 20
826 48 24
826 49 17
826 50 26
826 51 21
826 52 28
826 53 18
826 54 38
826 55 23
826 56 21
826 57 20
826 58 21
826 59 25
826 60 20
826 61 39
826 62 26
826 63 22
826 64 19
826 65 27
826 66 18
826 67 38
826 68 38
826 69 27
826 70 21
826 71 19
826 72 17
826 73 20
826 74 24
826 75 24
826 76 18
826 77 23
826 78 25
826 79 23
826 80 20
826 81 27
826 82 24
826 83 21
826 84 24
826 85 19
826 86 23
826 87 19
826 88 21
826 89 21
826 90 19
826 91 20
826 92 20
826 93 25
826 94 17
826 95 29
826 96 20
826 97 19
826 98 21
826 99 20
826 100 19
826 101 39
826 102 20
826 103 20
826 104 23
826 105 20
826 106 22
826 107 25
826 108 22
826 109 42
826 110 26
826 111 25
826 112 23
826 113 23
826 114 21
826 115 23
826 116 26
826 117 28
826 118 27
826 119 24
826 120 19
826 121 36
851 1 26
851 2 20
851 3 16
851 4 19