1 4943
26 4554
51 4665
76 4667
101 4671
126 4715
151 4800
176 4756
201 4696
226 4716
251 4740
276 4783
301 4687
326 4787
351 4806
376 4786
401 4700
426 4752
451 4760
476 4715
501 4762
526 4719
551 4762
576 4760
601 4666
626 4750
651 4729
676 4764
701 4729
726 4729
751 4781
776 4742
801 4765
826 4732
851 4752
876 4685
901 4752
926 4693
951 4718
976 4758
1001 4694
1026 4718
1051 4801
1076 4766
1101 4757
1126 4777
1151 4664
1176 4718
1201 4713
1226 4714
1251 4775
1276 4708
1301 4785
1326 4737
1351 4751
1376 4790
1401 4749
1426 4693
1451 4694
1476 4705
1501 4755
1526 4754
1551 4701
1576 4682
1601 4763
1626 4692
1651 4663
1676 4767
1701 4694
1726 4705
1751 4695
1776 4682
1801 4705
1826 4711
1851 4674
1876 4698
1901 4768
1926 4768
1951 4696
1976 4777
