1 1 41
1 2 38
1 3 41
1 4 41
1 5 38
1 6 39
1 7 40
1 8 41
1 9 42
1 10 43
1 11 43
1 12 47
1 13 42
1 14 41
1 15 38
1 16 42
1 17 41
1 18 37
1 19 37
1 20 42
1 21 45
1 22 47
1 23 41
1 24 40
1 25 40
1 26 39
1 27 41
1 28 43
1 29 46
1 30 46
1 31 45
1 32 47
1 33 44
1 34 45
1 35 40
1 36 40
1 37 40
1 38 47
1 39 46
1 40 48
1 41 42
1 42 43
1 43 38
1 44 44
1 45 45
1 46 39
1 47 42
1 48 42
1 49 45
1 50 49
1 51 48
1 52 52
1 53 44
1 54 41
1 55 44
1 56 43
1 57 40
1 58 44
1 59 41
1 60 45
1 61 49
1 62 47
1 63 46
1 64 43
1 65 43
1 66 45
1 67 41
1 68 41
1 69 37
1 70 33
1 71 41
1 72 47
1 73 43
1 74 48
1 75 43
1 76 42
1 77 43
1 78 40
1 79 38
1 80 37
1 81 39
1 82 39
1 83 44
1 84 46
1 85 46
1 86 45
1 87 42
1 88 42
1 89 39
1 90 43
1 91 39
1 92 37
1 93 42
1 94 45
1 95 43
1 96 42
1 97 43
1 98 46
1 99 44
1 100 41
1 101 36
1 102 37
1 103 41
1 104 46
1 105 45
1 106 42
1 107 42
1 108 39
1 109 46
1 110 42
1 111 40
1 112 37
1 113 42
1 114 39
1 115 43
1 116 39
1 117 37
1 118 42
1 119 45
1 120 43
1 121 41
26 1 17
26 2 11
26 3 7
26 4 12
26 5 20
26 6 20
26 7 15
26 8 20
26 9 16
26 10 21
26 11 40
26 12 19
26 13 15
26 14 12
26 15 10
26 16 9
26 17 14
26 18 17
26 19 18
26 20 29
26 21 41
26 22 45
26 23 19
26 24 7
26 25 10
26 26 4
26 27 19
26 28 33
26 29 43
26 30 43
26 31 40
26 32 39
26 33 39
26 34 20
26 35 16
26 36 10
26 37 13
26 38 42
26 39 45
26 40 45
26 41 42
26 42 44
26 43 43
26 44 40
26 45 16
26 46 12
26 47 12
26 48 21
26 49 42
26 50 43
26 51 45
26 52 44
26 53 46
26 54 45
26 55 46
26 56 18
26 57 11
26 58 7
26 59 14
26 60 42
26 61 46
26 62 47
26 63 44
26 64 44
26 65 41
26 66 41
26 67 10
26 68 12
26 69 10
26 70 20
26 71 16
26 72 40
26 73 43
26 74 42
26 75 44
26 76 42
26 77 41
26 78 22
26 79 21
26 80 23
26 81 20
26 82 22
26 83 43
26 84 44
26 85 42
26 86 32
26 87 45
26 88 41
26 89 22
26 90 20
26 91 12
26 92 9
26 93 18
26 94 42
26 95 30
26 96 41
26 97 31
26 98 47
26 99 44
26 100 18
26 101 7
26 102 10
26 103 10
26 104 11
26 105 41
26 106 41
26 107 43
26 108 38
26 109 44
26 110 43
26 111 13
26 112 10
26 113 17
26 114 12
26 115 40
26 116 40
26 117 32
26 118 39
26 119 42
26 120 41
26 121 43
51 1 10
51 2 13
51 3 12
51 4 7
51 5 23
51 6 13
51 7 13
51 8 12
51 9 20
51 10 23
51 11 40
51 12 20
51 13 6
51 14 9
51 15 0
51 16 0
51 17 10
51 18 13
51 19 11
51 20 17
51 21 40
51 22 40
51 23 15
51 24 10
51 25 16
51 26 11
51 27 16
51 28 22
51 29 41
51 30 40
51 31 40
51 32 43
51 33 40
51 34 22
51 35 10
51 36 10
51 37 21
51 38 45
51 39 46
51 40 44
51 41 40
51 42 41
51 43 42
51 44 45
51 45 19
51 46 13
51 47 11
51 48 20
51 49 45
51 50 41
51 51 42
51 52 43
51 53 44
51 54 42
51 55 46
51 56 18
51 57 14
51 58 9
51 59 19
51 60 44
51 61 41
51 62 43
51 63 46
51 64 45
51 65 46
51 66 42
51 67 20
51 68 16
51 69 17
51 70 18
51 71 30
51 72 42
51 73 46
51 74 45
51 75 40
51 76 46
51 77 42
51 78 20
51 79 19
51 80 19
51 81 20
51 82 25
51 83 45
51 84 42
51 85 43
51 86 38
51 87 44
51 88 42
51 89 20
51 90 21
51 91 22
51 92 21
51 93 16
51 94 38
51 95 32
51 96 39
51 97 29
51 98 40
51 99 44
51 100 22
51 101 16
51 102 10
51 103 10
51 104 19
51 105 45
51 106 43
51 107 44
51 108 32
51 109 42
51 110 40
51 111 16
51 112 10
51 113 13
51 114 17
51 115 37
51 116 43
51 117 19
51 118 40
51 119 40
51 120 40
51 121 41
76 1 17
76 2 11
76 3 6
76 4 8
76 5 13
76 6 18
76 7 12
76 8 14
76 9 18
76 10 20
76 11 37
76 12 20
76 13 11
76 14 8
76 15 0
76 16 11
76 17 10
76 18 20
76 19 20
76 20 19
76 21 39
76 22 42
76 23 11
76 24 9
76 25 10
76 26 11
76 27 21
76 28 28
76 29 39
76 30 39
76 31 43
76 32 43
76 33 40
76 34 22
76 35 10
76 36 13
76 37 10
76 38 43
76 39 43
76 40 41
76 41 40
76 42 44
76 43 38
76 44 43
76 45 18
76 46 20
76 47 13
76 48 22
76 49 41
76 50 45
76 51 44
76 52 44
76 53 46
76 54 46
76 55 39
76 56 16
76 57 16
76 58 18
76 59 20
76 60 44
76 61 44
76 62 49
76 63 42
76 64 45
76 65 43
76 66 42
76 67 24
76 68 19
76 69 21
76 70 21
76 71 23
76 72 40
76 73 43
76 74 45
76 75 40
76 76 39
76 77 39
76 78 19
76 79 22
76 80 29
76 81 19
76 82 25
76 83 39
76 84 40
76 85 41
76 86 23
76 87 44
76 88 43
76 89 21
76 90 26
76 91 21
76 92 19
76 93 21
76 94 42
76 95 27
76 96 41
76 97 32
76 98 41
76 99 42
76 100 24
76 101 16
76 102 20
76 103 16
76 104 16
76 105 42
76 106 41
76 107 38
76 108 22
76 109 44
76 110 42
76 111 20
76 112 9
76 113 13
76 114 19
76 115 41
76 116 40
76 117 20
76 118 41
76 119 39
76 120 41
76 121 39
101 1 21
101 2 14
101 3 16
101 4 22
101 5 16
101 6 20
101 7 5
101 8 21
101 9 18
101 10 21
101 11 44
101 12 23
101 13 17
101 14 15
101 15 12
101 16 14
101 17 11
101 18 16
101 19 14
101 20 20
101 21 39
101 22 43
101 23 20
101 24 12
101 25 10
101 26 12
101 27 16
101 28 24
101 29 42
101 30 41
101 31 43
101 32 47
101 33 45
101 34 12
101 35 10
101 36 13
101 37 30
101 38 39
101 39 44
101 40 45
101 41 42
101 42 42
101 43 45
101 44 42
101 45 20
101 46 5
101 47 20
101 48 24
101 49 42
101 50 40
101 51 44
101 52 44
101 53 42
101 54 45
101 55 45
101 56 18
101 57 11
101 58 20
101 59 20
101 60 39
101 61 39
101 62 44
101 63 43
101 64 43
101 65 43
101 66 41
101 67 16
101 68 18
101 69 20
101 70 20
101 71 28
101 72 40
101 73 44
101 74 48
101 75 43
101 76 42
101 77 45
101 78 22
101 79 23
101 80 19
101 81 22
101 82 20
101 83 41
101 84 44
101 85 41
101 86 25
101 87 41
101 88 40
101 89 25
101 90 15
101 91 16
101 92 19
101 93 22
101 94 40
101 95 19
101 96 40
101 97 25
101 98 41
101 99 44
101 100 20
101 101 19
101 102 20
101 103 21
101 104 20
101 105 40
101 106 38
101 107 45
101 108 25
101 109 39
101 110 39
101 111 20
101 112 17
101 113 22
101 114 18
101 115 42
101 116 39
101 117 25
101 118 44
101 119 45
101 120 41
101 121 40
126 1 21
126 2 22
126 3 20
126 4 20
126 5 19
126 6 14
126 7 10
126 8 22
126 9 23
126 10 31
126 11 40
126 12 19
126 13 19
126 14 19
126 15 20
126 16 15
126 17 20
126 18 16
126 19 21
126 20 29
126 21 40
126 22 42
126 23 22
126 24 25
126 25 16
126 26 21
126 27 22
126 28 29
126 29 43
126 30 43
126 31 46
126 32 45
126 33 44
126 34 22
126 35 24
126 36 19
126 37 20
126 38 43
126 39 43
126 40 42
126 41 43
126 42 44
126 43 46
126 44 41
126 45 18
126 46 18
126 47 19
126 48 28
126 49 45
126 50 44
126 51 42
126 52 42
126 53 44
126 54 46
126 55 44
126 56 20
126 57 19
126 58 20
126 59 20
126 60 44
126 61 43
126 62 44
126 63 40
126 64 42
126 65 42
126 66 42
126 67 21
126 68 28
126 69 16
126 70 21
126 71 31
126 72 39
126 73 41
126 74 42
126 75 43
126 76 43
126 77 42
126 78 23
126 79 22
126 80 22
126 81 17
126 82 19
126 83 40
126 84 40
126 85 44
126 86 27
126 87 40
126 88 42
126 89 20
126 90 17
126 91 25
126 92 22
126 93 19
126 94 40
126 95 30
126 96 40
126 97 22
126 98 40
126 99 38
126 100 28
126 101 22
126 102 19
126 103 21
126 104 22
126 105 41
126 106 43
126 107 42
126 108 22
126 109 42
126 110 43
126 111 24
126 112 20
126 113 20
126 114 24
126 115 40
126 116 38
126 117 16
126 118 39
126 119 41
126 120 40
126 121 41
151 1 23
151 2 20
151 3 23
151 4 20
151 5 26
151 6 22
151 7 17
151 8 22
151 9 21
151 10 22
151 11 43
151 12 22
151 13 27
151 14 17
151 15 19
151 16 22
151 17 10
151 18 14
151 19 22
151 20 32
151 21 40
151 22 42
151 23 22
151 24 18
151 25 21
151 26 20
151 27 14
151 28 20
151 29 42
151 30 43
151 31 44
151 32 45
151 33 39
151 34 23
151 35 22
151 36 19
151 37 28
151 38 43
151 39 39
151 40 38
151 41 44
151 42 42
151 43 47
151 44 44
151 45 20
151 46 19
151 47 27
151 48 19
151 49 44
151 50 44
151 51 46
151 52 43
151 53 42
151 54 42
151 55 41
151 56 21
151 57 18
151 58 26
151 59 21
151 60 43
151 61 41
151 62 40
151 63 46
151 64 39
151 65 46
151 66 39
151 67 22
151 68 21
151 69 23
151 70 19
151 71 29
151 72 41
151 73 40
151 74 43
151 75 44
151 76 41
151 77 41
151 78 23
151 79 24
151 80 18
151 81 20
151 82 27
151 83 41
151 84 44
151 85 43
151 86 28
151 87 44
151 88 39
151 89 20
151 90 21
151 91 17
151 92 20
151 93 28
151 94 39
151 95 28
151 96 41
151 97 26
151 98 36
151 99 40
151 100 20
151 101 22
151 102 23
151 103 19
151 104 29
151 105 42
151 106 40
151 107 40
151 108 31
151 109 43
151 110 43
151 111 24
151 112 19
151 113 21
151 114 18
151 115 42
151 116 41
151 117 18
151 118 42
151 119 40
151 120 42
151 121 40
176 1 23
176 2 22
176 3 22
176 4 20
176 5 21
176 6 21
176 7 12
176 8 20
176 9 33
176 10 19
176 11 41
176 12 28
176 13 19
176 14 20
176 15 20
176 16 19
176 17 20
176 18 20
176 19 19
176 20 19
176 21 39
176 22 45
176 23 22
176 24 17
176 25 20
176 26 18
176 27 27
176 28 22
176 29 40
176 30 43
176 31 43
176 32 37
176 33 44
176 34 30
176 35 28
176 36 22
176 37 28
176 38 38
176 39 41
176 40 41
176 41 43
176 42 43
176 43 39
176 44 39
176 45 31
176 46 21
176 47 20
176 48 20
176 49 38
176 50 43
176 51 44
176 52 43
176 53 42
176 54 47
176 55 43
176 56 31
176 57 20
176 58 26
176 59 23
176 60 40
176 61 44
176 62 41
176 63 43
176 64 42
176 65 40
176 66 43
176 67 22
176 68 20
176 69 18
176 70 26
176 71 34
176 72 43
176 73 41
176 74 38
176 75 40
176 76 40
176 77 43
176 78 30
176 79 23
176 80 19
176 81 19
176 82 26
176 83 41
176 84 42
176 85 44
176 86 25
176 87 42
176 88 44
176 89 18
176 90 22
176 91 25
176 92 17
176 93 18
176 94 39
176 95 28
176 96 40
176 97 28
176 98 43
176 99 38
176 100 25
176 101 19
176 102 19
176 103 23
176 104 22
176 105 39
176 106 39
176 107 42
176 108 31
176 109 40
176 110 43
176 111 23
176 112 20
176 113 18
176 114 18
176 115 41
176 116 40
176 117 28
176 118 39
176 119 41
176 120 43
176 121 40
201 1 20
201 2 19
201 3 19
201 4 23
201 5 22
201 6 22
201 7 21
201 8 20
201 9 34
201 10 25
201 11 41
201 12 20
201 13 21
201 14 25
201 15 23
201 16 21
201 17 22
201 18 20
201 19 18
201 20 28
201 21 37
201 22 40
201 23 20
201 24 19
201 25 21
201 26 22
201 27 29
201 28 25
201 29 41
201 30 40
201 31 41
201 32 42
201 33 42
201 34 27
201 35 20
201 36 19
201 37 27
201 38 40
201 39 42
201 40 45
201 41 42
201 42 47
201 43 44
201 44 44
201 45 26
201 46 19
201 47 23
201 48 19
201 49 43
201 50 40
201 51 42
201 52 44
201 53 45
201 54 45
201 55 42
201 56 23
201 57 19
201 58 20
201 59 32
201 60 42
201 61 43
201 62 46
201 63 43
201 64 43
201 65 44
201 66 43
201 67 20
201 68 20
201 69 15
201 70 29
201 71 32
201 72 46
201 73 42
201 74 44
201 75 39
201 76 44
201 77 45
201 78 24
201 79 18
201 80 26
201 81 17
201 82 28
201 83 44
201 84 44
201 85 41
201 86 26
201 87 40
201 88 40
201 89 21
201 90 22
201 91 19
201 92 18
201 93 25
201 94 41
201 95 35
201 96 40
201 97 28
201 98 41
201 99 44
201 100 22
201 101 18
201 102 19
201 103 22
201 104 34
201 105 44
201 106 44
201 107 43
201 108 28
201 109 43
201 110 41
201 111 21
201 112 13
201 113 23
201 114 20
201 115 40
201 116 42
201 117 31
201 118 44
201 119 39
201 120 45
201 121 43
226 1 23
226 2 22
226 3 20
226 4 21
226 5 21
226 6 22
226 7 21
226 8 23
226 9 23
226 10 30
226 11 41
226 12 23
226 13 17
226 14 21
226 15 22
226 16 21
226 17 25
226 18 24
226 19 26
226 20 31
226 21 44
226 22 41
226 23 13
226 24 23
226 25 20
226 26 29
226 27 21
226 28 20
226 29 45
226 30 45
226 31 45
226 32 42
226 33 41
226 34 18
226 35 21
226 36 23
226 37 31
226 38 37
226 39 39
226 40 42
226 41 45
226 42 44
226 43 39
226 44 40
226 45 23
226 46 18
226 47 23
226 48 25
226 49 41
226 50 44
226 51 46
226 52 43
226 53 41
226 54 41
226 55 41
226 56 18
226 57 21
226 58 18
226 59 24
226 60 39
226 61 44
226 62 46
226 63 47
226 64 47
226 65 42
226 66 41
226 67 21
226 68 17
226 69 27
226 70 23
226 71 27
226 72 44
226 73 43
226 74 47
226 75 43
226 76 42
226 77 40
226 78 17
226 79 20
226 80 18
226 81 26
226 82 28
226 83 46
226 84 42
226 85 45
226 86 27
226 87 42
226 88 45
226 89 21
226 90 21
226 91 19
226 92 29
226 93 21
226 94 40
226 95 39
226 96 41
226 97 31
226 98 47
226 99 39
226 100 22
226 101 19
226 102 10
226 103 17
226 104 24
226 105 45
226 106 39
226 107 41
226 108 31
226 109 39
226 110 43
226 111 23
226 112 22
226 113 19
226 114 25
226 115 41
226 116 40
226 117 20
226 118 39
226 119 40
226 120 40
226 121 42
251 1 24
251 2 19
251 3 20
251 4 20
251 5 22
251 6 19
251 7 23
251 8 25
251 9 24
251 10 30
251 11 44
251 12 29
251 13 18
251 14 23
251 15 18
251 16 19
251 17 27
251 18 27
251 19 20
251 20 22
251 21 41
251 22 43
251 23 24
251 24 20
251 25 18
251 26 21
251 27 20
251 28 31
251 29 44
251 30 44
251 31 46
251 32 42
251 33 39
251 34 29
251 35 16
251 36 20
251 37 29
251 38 43
251 39 47
251 40 43
251 41 48
251 42 46
251 43 45
251 44 46
251 45 31
251 46 27
251 47 20
251 48 30
251 49 40
251 50 45
251 51 45
251 52 47
251 53 45
251 54 45
251 55 45
251 56 22
251 57 22
251 58 25
251 59 22
251 60 44
251 61 40
251 62 41
251 63 43
251 64 43
251 65 43
251 66 44
251 67 20
251 68 19
251 69 20
251 70 22
251 71 20
251 72 39
251 73 46
251 74 44
251 75 41
251 76 40
251 77 42
251 78 27
251 79 22
251 80 20
251 81 20
251 82 22
251 83 40
251 84 37
251 85 40
251 86 31
251 87 40
251 88 40
251 89 25
251 90 23
251 91 14
251 92 24
251 93 22
251 94 40
251 95 24
251 96 40
251 97 28
251 98 43
251 99 40
251 100 22
251 101 22
251 102 20
251 103 18
251 104 30
251 105 40
251 106 40
251 107 44
251 108 30
251 109 42
251 110 40
251 111 28
251 112 20
251 113 20
251 114 20
251 115 40
251 116 40
251 117 20
251 118 44
251 119 38
251 120 43
251 121 40
276 1 26
276 2 17
276 3 20
276 4 14
276 5 18
276 6 22
276 7 25
276 8 26
276 9 22
276 10 26
276 11 40
276 12 23
276 13 25
276 14 21
276 15 20
276 16 21
276 17 19
276 18 23
276 19 20
276 20 30
276 21 40
276 22 41
276 23 20
276 24 23
276 25 23
276 26 25
276 27 24
276 28 30
276 29 42
276 30 40
276 31 41
276 32 43
276 33 41
276 34 18
276 35 15
276 36 19
276 37 23
276 38 41
276 39 41
276 40 45
276 41 44
276 42 44
276 43 41
276 44 41
276 45 18
276 46 20
276 47 19
276 48 18
276 49 40
276 50 43
276 51 45
276 52 43
276 53 43
276 54 46
276 55 42
276 56 18
276 57 23
276 58 19
276 59 18
276 60 41
276 61 41
276 62 41
276 63 42
276 64 45
276 65 45
276 66 43
276 67 16
276 68 20
276 69 22
276 70 18
276 71 27
276 72 40
276 73 45
276 74 42
276 75 41
276 76 41
276 77 42
276 78 20
276 79 21
276 80 19
276 81 22
276 82 20
276 83 41
276 84 42
276 85 39
276 86 29
276 87 39
276 88 43
276 89 15
276 90 23
276 91 19
276 92 30
276 93 23
276 94 39
276 95 28
276 96 39
276 97 26
276 98 41
276 99 45
276 100 16
276 101 17
276 102 15
276 103 20
276 104 30
276 105 42
276 106 38
276 107 40
276 108 29
276 109 43
276 110 37
276 111 28
276 112 18
276 113 21
276 114 25
276 115 42
276 116 37
276 117 26
276 118 41
276 119 43
276 120 40
276 121 42
301 1 19
301 2 19
301 3 21
301 4 23
301 5 22
301 6 24
301 7 21
301 8 20
301 9 26
301 10 37
301 11 42
301 12 21
301 13 20
301 14 25
301 15 18
301 16 18
301 17 20
301 18 21
301 19 29
301 20 34
301 21 40
301 22 45
301 23 20
301 24 20
301 25 20
301 26 19
301 27 27
301 28 23
301 29 40
301 30 40
301 31 40
301 32 41
301 33 45
301 34 22
301 35 19
301 36 26
301 37 22
301 38 45
301 39 41
301 40 44
301 41 39
301 42 45
301 43 44
301 44 43
301 45 33
301 46 23
301 47 19
301 48 27
301 49 43
301 50 43
301 51 42
301 52 36
301 53 45
301 54 42
301 55 43
301 56 21
301 57 19
301 58 22
301 59 24
301 60 41
301 61 40
301 62 40
301 63 43
301 64 44
301 65 41
301 66 40
301 67 20
301 68 24
301 69 21
301 70 17
301 71 27
301 72 43
301 73 43
301 74 41
301 75 42
301 76 41
301 77 41
301 78 33
301 79 25
301 80 23
301 81 19
301 82 20
301 83 42
301 84 43
301 85 44
301 86 40
301 87 42
301 88 42
301 89 29
301 90 20
301 91 19
301 92 21
301 93 21
301 94 41
301 95 32
301 96 43
301 97 32
301 98 43
301 99 45
301 100 29
301 101 25
301 102 18
301 103 18
301 104 21
301 105 44
301 106 42
301 107 43
301 108 29
301 109 41
301 110 42
301 111 19
301 112 19
301 113 24
301 114 19
301 115 38
301 116 40
301 117 24
301 118 41
301 119 40
301 120 39
301 121 42
326 1 26
326 2 23
326 3 22
326 4 20
326 5 21
326 6 23
326 7 20
326 8 28
326 9 32
326 10 28
326 11 43
326 12 25
326 13 21
326 14 19
326 15 24
326 16 21
326 17 19
326 18 26
326 19 25
326 20 30
326 21 44
326 22 42
326 23 25
326 24 21
326 25 20
326 26 21
326 27 20
326 28 31
326 29 46
326 30 43
326 31 43
326 32 43
326 33 40
326 34 20
326 35 21
326 36 25
326 37 21
326 38 37
326 39 40
326 40 44
326 41 44
326 42 46
326 43 42
326 44 40
326 45 24
326 46 19
326 47 21
326 48 26
326 49 40
326 50 44
326 51 40
326 52 44
326 53 47
326 54 45
326 55 41
326 56 23
326 57 20
326 58 19
326 59 23
326 60 41
326 61 43
326 62 40
326 63 44
326 64 42
326 65 42
326 66 44
326 67 19
326 68 20
326 69 19
326 70 19
326 71 30
326 72 41
326 73 47
326 74 42
326 75 47
326 76 46
326 77 40
326 78 19
326 79 18
326 80 20
326 81 18
326 82 30
326 83 43
326 84 43
326 85 41
326 86 24
326 87 41
326 88 40
326 89 26
326 90 19
326 91 20
326 92 22
326 93 25
326 94 40
326 95 39
326 96 39
326 97 28
326 98 43
326 99 46
326 100 24
326 101 24
326 102 20
326 103 19
326 104 22
326 105 42
326 106 39
326 107 41
326 108 37
326 109 37
326 110 42
326 111 18
326 112 25
326 113 22
326 114 27
326 115 40
326 116 40
326 117 21
326 118 42
326 119 39
326 120 42
326 121 41
351 1 29
351 2 20
351 3 18
351 4 21
351 5 28
351 6 17
351 7 23
351 8 24
351 9 25
351 10 30
351 11 40
351 12 30
351 13 21
351 14 19
351 15 18
351 16 21
351 17 19
351 18 21
351 19 20
351 20 30
351 21 39
351 22 42
351 23 30
351 24 22
351 25 26
351 26 23
351 27 17
351 28 27
351 29 42
351 30 44
351 31 44
351 32 41
351 33 44
351 34 20
351 35 20
351 36 21
351 37 26
351 38 41
351 39 40
351 40 41
351 41 42
351 42 41
351 43 44
351 44 42
351 45 25
351 46 20
351 47 22
351 48 20
351 49 43
351 50 41
351 51 43
351 52 36
351 53 43
351 54 42
351 55 42
351 56 19
351 57 21
351 58 16
351 59 19
351 60 46
351 61 42
351 62 46
351 63 39
351 64 43
351 65 42
351 66 44
351 67 23
351 68 20
351 69 24
351 70 19
351 71 38
351 72 43
351 73 42
351 74 40
351 75 42
351 76 41
351 77 40
351 78 23
351 79 20
351 80 24
351 81 25
351 82 31
351 83 44
351 84 45
351 85 39
351 86 29
351 87 44
351 88 45
351 89 23
351 90 19
351 91 19
351 92 23
351 93 24
351 94 36
351 95 30
351 96 41
351 97 20
351 98 43
351 99 42
351 100 31
351 101 21
351 102 21
351 103 20
351 104 20
351 105 41
351 106 43
351 107 42
351 108 33
351 109 41
351 110 42
351 111 23
351 112 15
351 113 20
351 114 19
351 115 42
351 116 40
351 117 25
351 118 43
351 119 40
351 120 40
351 121 42
376 1 18
376 2 17
376 3 22
376 4 20
376 5 21
376 6 19
376 7 20
376 8 22
376 9 20
376 10 26
376 11 42
376 12 20
376 13 22
376 14 27
376 15 19
376 16 21
376 17 26
376 18 24
376 19 29
376 20 35
376 21 42
376 22 40
376 23 23
376 24 22
376 25 20
376 26 20
376 27 22
376 28 25
376 29 41
376 30 43
376 31 41
376 32 45
376 33 42
376 34 29
376 35 24
376 36 20
376 37 22
376 38 42
376 39 43
376 40 41
376 41 45
376 42 43
376 43 43
376 44 44
376 45 19
376 46 20
376 47 19
376 48 22
376 49 42
376 50 47
376 51 44
376 52 43
376 53 41
376 54 45
376 55 42
376 56 30
376 57 22
376 58 18
376 59 22
376 60 44
376 61 41
376 62 46
376 63 45
376 64 39
376 65 42
376 66 37
376 67 20
376 68 22
376 69 18
376 70 27
376 71 27
376 72 42
376 73 45
376 74 42
376 75 44
376 76 41
376 77 41
376 78 26
376 79 21
376 80 19
376 81 25
376 82 28
376 83 41
376 84 43
376 85 37
376 86 35
376 87 41
376 88 45
376 89 25
376 90 20
376 91 24
376 92 18
376 93 23
376 94 40
376 95 28
376 96 41
376 97 24
376 98 42
376 99 38
376 100 20
376 101 23
376 102 20
376 103 22
376 104 31
376 105 44
376 106 40
376 107 42
376 108 31
376 109 39
376 110 41
376 111 23
376 112 21
376 113 18
376 114 19
376 115 40
376 116 42
376 117 23
376 118 40
376 119 40
376 120 41
376 121 42
401 1 23
401 2 21
401 3 19
401 4 20
401 5 30
401 6 21
401 7 22
401 8 30
401 9 27
401 10 33
401 11 41
401 12 23
401 13 19
401 14 25
401 15 20
401 16 22
401 17 28
401 18 20
401 19 30
401 20 29
401 21 38
401 22 42
401 23 21
401 24 20
401 25 25
401 26 21
401 27 18
401 28 21
401 29 42
401 30 43
401 31 48
401 32 42
401 33 41
401 34 18
401 35 20
401 36 18
401 37 17
401 38 40
401 39 45
401 40 42
401 41 44
401 42 44
401 43 43
401 44 39
401 45 27
401 46 21
401 47 21
401 48 27
401 49 43
401 50 44
401 51 47
401 52 47
401 53 46
401 54 45
401 55 44
401 56 30
401 57 22
401 58 23
401 59 24
401 60 41
401 61 43
401 62 42
401 63 43
401 64 44
401 65 42
401 66 42
401 67 20
401 68 18
401 69 20
401 70 20
401 71 39
401 72 40
401 73 43
401 74 46
401 75 44
401 76 47
401 77 46
401 78 18
401 79 20
401 80 20
401 81 23
401 82 24
401 83 42
401 84 41
401 85 44
401 86 40
401 87 44
401 88 42
401 89 24
401 90 25
401 91 21
401 92 19
401 93 20
401 94 38
401 95 31
401 96 44
401 97 30
401 98 40
401 99 44
401 100 28
401 101 20
401 102 22
401 103 27
401 104 30
401 105 41
401 106 41
401 107 38
401 108 34
401 109 41
401 110 40
401 111 19
401 112 22
401 113 20
401 114 28
401 115 41
401 116 40
401 117 27
401 118 40
401 119 43
401 120 40
401 121 40
426 1 26
426 2 21
426 3 19
426 4 21
426 5 29
426 6 19
426 7 20
426 8 27
426 9 20
426 10 27
426 11 41
426 12 19
426 13 20
426 14 18
426 15 27
426 16 22
426 17 27
426 18 29
426 19 26
426 20 31
426 21 41
426 22 41
426 23 31
426 24 20
426 25 19
426 26 26
426 27 21
426 28 35
426 29 45
426 30 43
426 31 48
426 32 45
426 33 42
426 34 19
426 35 21
426 36 20
426 37 22
426 38 42
426 39 45
426 40 41
426 41 45
426 42 47
426 43 48
426 44 48
426 45 26
426 46 20
426 47 28
426 48 26
426 49 46
426 50 44
426 51 45
426 52 44
426 53 47
426 54 45
426 55 46
426 56 26
426 57 28
426 58 25
426 59 20
426 60 41
426 61 46
426 62 45
426 63 45
426 64 42
426 65 41
426 66 42
426 67 24
426 68 25
426 69 23
426 70 22
426 71 38
426 72 42
426 73 44
426 74 41
426 75 42
426 76 45
426 77 43
426 78 28
426 79 21
426 80 19
426 81 21
426 82 20
426 83 39
426 84 40
426 85 41
426 86 26
426 87 42
426 88 41
426 89 29
426 90 20
426 91 26
426 92 26
426 93 23
426 94 37
426 95 33
426 96 42
426 97 30
426 98 39
426 99 41
426 100 29
426 101 19
426 102 23
426 103 21
426 104 26
426 105 41
426 106 37
426 107 40
426 108 27
426 109 42
426 110 42
426 111 17
426 112 21
426 113 20
426 114 30
426 115 39
426 116 39
426 117 25
426 118 41
426 119 38
426 120 41
426 121 41
451 1 24
451 2 23
451 3 19
451 4 18
451 5 21
451 6 27
451 7 29
451 8 26
451 9 22
451 10 28
451 11 39
451 12 22
451 13 20
451 14 19
451 15 22
451 16 19
451 17 23
451 18 28
451 19 24
451 20 24
451 21 40
451 22 38
451 23 25
451 24 16
451 25 20
451 26 20
451 27 20
451 28 32
451 29 44
451 30 40
451 31 44
451 32 40
451 33 40
451 34 21
451 35 18
451 36 23
451 37 24
451 38 40
451 39 43
451 40 44
451 41 41
451 42 43
451 43 44
451 44 38
451 45 19
451 46 31
451 47 21
451 48 24
451 49 45
451 50 42
451 51 43
451 52 42
451 53 45
451 54 46
451 55 45
451 56 30
451 57 22
451 58 19
451 59 29
451 60 49
451 61 47
451 62 40
451 63 46
451 64 43
451 65 45
451 66 43
451 67 30
451 68 24
451 69 20
451 70 18
451 71 28
451 72 43
451 73 41
451 74 44
451 75 42
451 76 42
451 77 42
451 78 24
451 79 19
451 80 19
451 81 20
451 82 30
451 83 43
451 84 43
451 85 47
451 86 41
451 87 42
451 88 41
451 89 23
451 90 23
451 91 20
451 92 23
451 93 22
451 94 43
451 95 30
451 96 44
451 97 30
451 98 40
451 99 42
451 100 21
451 101 19
451 102 27
451 103 22
451 104 25
451 105 41
451 106 41
451 107 39
451 108 31
451 109 44
451 110 40
451 111 20
451 112 17
451 113 20
451 114 25
451 115 41
451 116 38
451 117 27
451 118 45
451 119 37
451 120 44
451 121 40
476 1 22
476 2 20
476 3 19
476 4 19
476 5 28
476 6 24
476 7 22
476 8 25
476 9 29
476 10 29
476 11 39
476 12 22
476 13 23
476 14 20
476 15 18
476 16 28
476 17 21
476 18 30
476 19 25
476 20 21
476 21 42
476 22 40
476 23 21
476 24 25
476 25 20
476 26 24
476 27 25
476 28 30
476 29 40
476 30 41
476 31 39
476 32 41
476 33 40
476 34 22
476 35 20
476 36 20
476 37 26
476 38 41
476 39 45
476 40 43
476 41 46
476 42 40
476 43 44
476 44 42
476 45 22
476 46 26
476 47 23
476 48 25
476 49 45
476 50 43
476 51 46
476 52 44
476 53 44
476 54 43
476 55 45
476 56 28
476 57 21
476 58 20
476 59 19
476 60 38
476 61 40
476 62 44
476 63 41
476 64 44
476 65 44
476 66 42
476 67 24
476 68 20
476 69 20
476 70 26
476 71 23
476 72 41
476 73 41
476 74 44
476 75 44
476 76 43
476 77 40
476 78 34
476 79 18
476 80 20
476 81 19
476 82 24
476 83 43
476 84 41
476 85 41
476 86 35
476 87 41
476 88 41
476 89 27
476 90 21
476 91 20
476 92 23
476 93 18
476 94 43
476 95 35
476 96 38
476 97 22
476 98 42
476 99 39
476 100 28
476 101 20
476 102 20
476 103 26
476 104 25
476 105 43
476 106 41
476 107 39
476 108 34
476 109 45
476 110 41
476 111 21
476 112 23
476 113 18
476 114 20
476 115 42
476 116 42
476 117 34
476 118 38
476 119 41
476 120 43
476 121 37
501 1 26
501 2 24
501 3 20
501 4 21
501 5 20
501 6 26
501 7 23
501 8 22
501 9 30
501 10 28
501 11 43
501 12 24
501 13 18
501 14 21
501 15 20
501 16 24
501 17 30
501 18 27
501 19 23
501 20 28
501 21 40
501 22 38
501 23 30
501 24 22
501 25 21
501 26 24
501 27 19
501 28 31
501 29 43
501 30 40
501 31 45
501 32 42
501 33 42
501 34 22
501 35 20
501 36 21
501 37 25
501 38 43
501 39 45
501 40 45
501 41 39
501 42 43
501 43 37
501 44 41
501 45 21
501 46 24
501 47 19
501 48 24
501 49 41
501 50 42
501 51 40
501 52 42
501 53 43
501 54 40
501 55 42
501 56 27
501 57 29
501 58 20
501 59 22
501 60 42
501 61 42
501 62 43
501 63 42
501 64 39
501 65 41
501 66 41
501 67 30
501 68 21
501 69 21
501 70 26
501 71 26
501 72 43
501 73 45
501 74 41
501 75 42
501 76 43
501 77 44
501 78 23
501 79 18
501 80 23
501 81 22
501 82 26
501 83 41
501 84 41
501 85 40
501 86 32
501 87 41
501 88 38
501 89 21
501 90 19
501 91 18
501 92 22
501 93 23
501 94 39
501 95 31
501 96 40
501 97 25
501 98 43
501 99 37
501 100 24
501 101 20
501 102 20
501 103 18
501 104 24
501 105 40
501 106 41
501 107 40
501 108 27
501 109 42
501 110 42
501 111 29
501 112 25
501 113 22
501 114 25
501 115 40
501 116 39
501 117 29
501 118 40
501 119 39
501 120 42
501 121 42
526 1 30
526 2 19
526 3 20
526 4 24
526 5 26
526 6 28
526 7 20
526 8 26
526 9 29
526 10 38
526 11 35
526 12 23
526 13 21
526 14 19
526 15 23
526 16 21
526 17 17
526 18 23
526 19 21
526 20 33
526 21 43
526 22 41
526 23 27
526 24 17
526 25 23
526 26 17
526 27 20
526 28 21
526 29 42
526 30 41
526 31 41
526 32 40
526 33 43
526 34 31
526 35 20
526 36 19
526 37 21
526 38 40
526 39 43
526 40 39
526 41 42
526 42 44
526 43 45
526 44 39
526 45 31
526 46 23
526 47 24
526 48 22
526 49 42
526 50 40
526 51 42
526 52 44
526 53 44
526 54 42
526 55 45
526 56 31
526 57 21
526 58 22
526 59 24
526 60 42
526 61 46
526 62 42
526 63 42
526 64 40
526 65 44
526 66 41
526 67 20
526 68 18
526 69 22
526 70 24
526 71 23
526 72 42
526 73 45
526 74 44
526 75 40
526 76 41
526 77 43
526 78 23
526 79 21
526 80 27
526 81 19
526 82 32
526 83 42
526 84 46
526 85 41
526 86 30
526 87 36
526 88 42
526 89 29
526 90 28
526 91 20
526 92 19
526 93 25
526 94 42
526 95 32
526 96 39
526 97 26
526 98 47
526 99 41
526 100 21
526 101 20
526 102 20
526 103 26
526 104 23
526 105 40
526 106 39
526 107 41
526 108 32
526 109 42
526 110 40
526 111 21
526 112 18
526 113 16
526 114 19
526 115 40
526 116 39
526 117 30
526 118 38
526 119 43
526 120 43
526 121 39
551 1 33
551 2 26
551 3 20
551 4 20
551 5 24
551 6 22
551 7 27
551 8 23
551 9 21
551 10 30
551 11 43
551 12 22
551 13 21
551 14 20
551 15 15
551 16 19
551 17 26
551 18 30
551 19 24
551 20 23
551 21 41
551 22 40
551 23 25
551 24 21
551 25 28
551 26 20
551 27 31
551 28 31
551 29 43
551 30 42
551 31 48
551 32 44
551 33 44
551 34 24
551 35 19
551 36 20
551 37 27
551 38 40
551 39 41
551 40 41
551 41 46
551 42 43
551 43 44
551 44 42
551 45 24
551 46 21
551 47 22
551 48 29
551 49 46
551 50 47
551 51 46
551 52 41
551 53 40
551 54 44
551 55 45
551 56 24
551 57 25
551 58 15
551 59 22
551 60 37
551 61 47
551 62 43
551 63 46
551 64 43
551 65 41
551 66 43
551 67 20
551 68 20
551 69 25
551 70 22
551 71 27
551 72 42
551 73 43
551 74 42
551 75 45
551 76 41
551 77 40
551 78 27
551 79 17
551 80 22
551 81 20
551 82 21
551 83 42
551 84 39
551 85 40
551 86 39
551 87 40
551 88 40
551 89 23
551 90 20
551 91 24
551 92 22
551 93 20
551 94 39
551 95 34
551 96 42
551 97 30
551 98 41
551 99 41
551 100 22
551 101 22
551 102 18
551 103 21
551 104 28
551 105 40
551 106 41
551 107 41
551 108 30
551 109 47
551 110 40
551 111 28
551 112 22
551 113 20
551 114 23
551 115 40
551 116 41
551 117 29
551 118 41
551 119 41
551 120 39
551 121 36
576 1 35
576 2 27
576 3 21
576 4 26
576 5 24
576 6 24
576 7 23
576 8 27
576 9 22
576 10 20
576 11 40
576 12 28
576 13 20
576 14 19
576 15 21
576 16 20
576 17 20
576 18 29
576 19 27
576 20 22
576 21 40
576 22 40
576 23 18
576 24 26
576 25 21
576 26 22
576 27 26
576 28 26
576 29 43
576 30 40
576 31 41
576 32 40
576 33 39
576 34 31
576 35 19
576 36 27
576 37 28
576 38 39
576 39 41
576 40 44
576 41 42
576 42 44
576 43 40
576 44 42
576 45 20
576 46 21
576 47 24
576 48 32
576 49 41
576 50 41
576 51 44
576 52 44
576 53 44
576 54 43
576 55 43
576 56 22
576 57 27
576 58 22
576 59 27
576 60 42
576 61 41
576 62 43
576 63 46
576 64 48
576 65 43
576 66 39
576 67 28
576 68 22
576 69 23
576 70 21
576 71 27
576 72 40
576 73 44
576 74 45
576 75 42
576 76 40
576 77 45
576 78 29
576 79 20
576 80 25
576 81 24
576 82 27
576 83 46
576 84 43
576 85 40
576 86 27
576 87 40
576 88 41
576 89 29
576 90 21
576 91 18
576 92 19
576 93 20
576 94 41
576 95 29
576 96 40
576 97 28
576 98 40
576 99 42
576 100 26
576 101 25
576 102 24
576 103 20
576 104 26
576 105 40
576 106 38
576 107 40
576 108 30
576 109 46
576 110 40
576 111 26
576 112 20
576 113 20
576 114 22
576 115 40
576 116 40
576 117 30
576 118 40
576 119 40
576 120 40
576 121 40
601 1 23
601 2 20
601 3 20
601 4 21
601 5 24
601 6 21
601 7 26
601 8 33
601 9 21
601 10 29
601 11 39
601 12 24
601 13 22
601 14 20
601 15 21
601 16 24
601 17 21
601 18 19
601 19 29
601 20 21
601 21 42
601 22 46
601 23 18
601 24 20
601 25 24
601 26 21
601 27 23
601 28 32
601 29 46
601 30 44
601 31 40
601 32 44
601 33 42
601 34 18
601 35 23
601 36 21
601 37 22
601 38 41
601 39 41
601 40 46
601 41 46
601 42 44
601 43 45
601 44 41
601 45 26
601 46 22
601 47 21
601 48 23
601 49 38
601 50 37
601 51 42
601 52 42
601 53 41
601 54 45
601 55 42
601 56 34
601 57 19
601 58 17
601 59 28
601 60 40
601 61 45
601 62 41
601 63 40
601 64 41
601 65 45
601 66 43
601 67 30
601 68 20
601 69 21
601 70 14
601 71 26
601 72 43
601 73 45
601 74 44
601 75 42
601 76 43
601 77 46
601 78 22
601 79 19
601 80 20
601 81 20
601 82 26
601 83 42
601 84 40
601 85 41
601 86 30
601 87 43
601 88 41
601 89 27
601 90 25
601 91 24
601 92 30
601 93 29
601 94 41
601 95 26
601 96 43
601 97 26
601 98 41
601 99 38
601 100 21
601 101 21
601 102 22
601 103 24
601 104 27
601 105 42
601 106 39
601 107 42
601 108 29
601 109 40
601 110 41
601 111 27
601 112 22
601 113 22
601 114 20
601 115 37
601 116 40
601 117 29
601 118 40
601 119 41
601 120 43
601 121 42
626 1 27
626 2 18
626 3 21
626 4 19
626 5 27
626 6 30
626 7 20
626 8 24
626 9 22
626 10 29
626 11 40
626 12 28
626 13 21
626 14 24
626 15 19
626 16 16
626 17 23
626 18 21
626 19 28
626 20 24
626 21 41
626 22 42
626 23 19
626 24 21
626 25 21
626 26 23
626 27 30
626 28 29
626 29 41
626 30 42
626 31 46
626 32 45
626 33 44
626 34 26
626 35 26
626 36 20
626 37 20
626 38 42
626 39 43
626 40 44
626 41 41
626 42 41
626 43 40
626 44 41
626 45 30
626 46 21
626 47 22
626 48 21
626 49 41
626 50 46
626 51 46
626 52 42
626 53 40
626 54 45
626 55 41
626 56 29
626 57 22
626 58 17
626 59 27
626 60 41
626 61 42
626 62 43
626 63 41
626 64 41
626 65 42
626 66 39
626 67 21
626 68 20
626 69 28
626 70 24
626 71 22
626 72 41
626 73 44
626 74 43
626 75 40
626 76 39
626 77 38
626 78 28
626 79 21
626 80 24
626 81 23
626 82 30
626 83 42
626 84 43
626 85 44
626 86 30
626 87 39
626 88 41
626 89 26
626 90 23
626 91 24
626 92 20
626 93 31
626 94 40
626 95 28
626 96 40
626 97 30
626 98 38
626 99 40
626 100 30
626 101 20
626 102 20
626 103 20
626 104 23
626 105 39
626 106 43
626 107 41
626 108 28
626 109 41
626 110 42
626 111 22
626 112 24
626 113 18
626 114 24
626 115 41
626 116 37
626 117 30
626 118 40
626 119 40
626 120 42
626 121 38
651 1 27
651 2 25
651 3 25
651 4 25
651 5 27
651 6 29
651 7 24
651 8 23
651 9 30
651 10 30
651 11 44
651 12 23
651 13 23
651 14 27
651 15 23
651 16 20
651 17 21
651 18 22
651 19 34
651 20 21
651 21 40
651 22 45
651 23 26
651 24 20
651 25 20
651 26 25
651 27 24
651 28 23
651 29 41
651 30 42
651 31 43
651 32 44
651 33 41
651 34 28
651 35 21
651 36 23
651 37 21
651 38 40
651 39 40
651 40 41
651 41 44
651 42 42
651 43 44
651 44 41
651 45 30
651 46 21
651 47 21
651 48 20
651 49 44
651 50 44
651 51 45
651 52 44
651 53 44
651 54 46
651 55 39
651 56 29
651 57 25
651 58 21
651 59 22
651 60 40
651 61 47
651 62 44
651 63 47
651 64 45
651 65 47
651 66 41
651 67 24
651 68 17
651 69 25
651 70 23
651 71 22
651 72 43
651 73 44
651 74 44
651 75 42
651 76 43
651 77 44
651 78 28
651 79 23
651 80 19
651 81 28
651 82 21
651 83 38
651 84 41
651 85 42
651 86 33
651 87 42
651 88 44
651 89 28
651 90 18
651 91 21
651 92 20
651 93 18
651 94 40
651 95 31
651 96 41
651 97 28
651 98 43
651 99 37
651 100 23
651 101 24
651 102 23
651 103 23
651 104 27
651 105 44
651 106 44
651 107 44
651 108 39
651 109 42
651 110 43
651 111 27
651 112 20
651 113 17
651 114 20
651 115 36
651 116 38
651 117 29
651 118 41
651 119 41
651 120 43
651 121 45
676 1 30
676 2 20
676 3 22
676 4 23
676 5 19
676 6 28
676 7 24
676 8 19
676 9 29
676 10 20
676 11 42
676 12 25
676 13 19
676 14 20
676 15 22
676 16 20
676 17 22
676 18 27
676 19 28
676 20 31
676 21 42
676 22 42
676 23 28
676 24 23
676 25 19
676 26 25
676 27 28
676 28 21
676 29 46
676 30 39
676 31 40
676 32 43
676 33 42
676 34 23
676 35 24
676 36 19
676 37 25
676 38 42
676 39 47
676 40 44
676 41 45
676 42 40
676 43 43
676 44 38
676 45 22
676 46 22
676 47 19
676 48 26
676 49 43
676 50 44
676 51 47
676 52 43
676 53 42
676 54 42
676 55 41
676 56 33
676 57 20
676 58 32
676 59 31
676 60 40
676 61 39
676 62 45
676 63 47
676 64 43
676 65 45
676 66 42
676 67 31
676 68 20
676 69 21
676 70 20
676 71 26
676 72 44
676 73 43
676 74 42
676 75 43
676 76 42
676 77 40
676 78 22
676 79 21
676 80 19
676 81 18
676 82 20
676 83 44
676 84 47
676 85 41
676 86 33
676 87 45
676 88 41
676 89 27
676 90 19
676 91 18
676 92 19
676 93 23
676 94 40
676 95 27
676 96 43
676 97 33
676 98 41
676 99 38
676 100 30
676 101 23
676 102 20
676 103 22
676 104 23
676 105 44
676 106 41
676 107 43
676 108 38
676 109 40
676 110 36
676 111 27
676 112 20
676 113 24
676 114 24
676 115 40
676 116 40
676 117 31
676 118 40
676 119 40
676 120 41
676 121 44
701 1 19
701 2 17
701 3 15
701 4 26
701 5 20
701 6 27
701 7 20
701 8 27
701 9 23
701 10 19
701 11 46
701 12 31
701 13 21
701 14 20
701 15 28
701 16 24
701 17 23
701 18 25
701 19 29
701 20 26
701 21 44
701 22 40
701 23 18
701 24 20
701 25 24
701 26 21
701 27 26
701 28 28
701 29 39
701 30 40
701 31 41
701 32 43
701 33 40
701 34 25
701 35 18
701 36 25
701 37 26
701 38 39
701 39 42
701 40 42
701 41 46
701 42 41
701 43 44
701 44 40
701 45 24
701 46 20
701 47 21
701 48 24
701 49 41
701 50 40
701 51 42
701 52 42
701 53 44
701 54 47
701 55 49
701 56 25
701 57 23
701 58 21
701 59 24
701 60 40
701 61 38
701 62 42
701 63 45
701 64 43
701 65 42
701 66 41
701 67 28
701 68 18
701 69 20
701 70 30
701 71 22
701 72 43
701 73 41
701 74 43
701 75 45
701 76 42
701 77 44
701 78 28
701 79 24
701 80 18
701 81 25
701 82 22
701 83 40
701 84 40
701 85 43
701 86 31
701 87 43
701 88 40
701 89 30
701 90 25
701 91 24
701 92 20
701 93 25
701 94 39
701 95 25
701 96 43
701 97 29
701 98 42
701 99 45
701 100 21
701 101 26
701 102 15
701 103 27
701 104 21
701 105 39
701 106 40
701 107 40
701 108 31
701 109 40
701 110 41
701 111 27
701 112 20
701 113 22
701 114 25
701 115 39
701 116 39
701 117 32
701 118 41
701 119 40
701 120 45
701 121 40
726 1 23
726 2 23
726 3 20
726 4 24
726 5 23
726 6 20
726 7 25
726 8 21
726 9 23
726 10 33
726 11 40
726 12 32
726 13 20
726 14 17
726 15 21
726 16 21
726 17 26
726 18 20
726 19 29
726 20 25
726 21 41
726 22 46
726 23 27
726 24 31
726 25 23
726 26 22
726 27 26
726 28 26
726 29 40
726 30 45
726 31 45
726 32 40
726 33 43
726 34 32
726 35 22
726 36 26
726 37 22
726 38 35
726 39 45
726 40 40
726 41 43
726 42 44
726 43 42
726 44 39
726 45 24
726 46 24
726 47 26
726 48 26
726 49 41
726 50 45
726 51 45
726 52 47
726 53 44
726 54 42
726 55 41
726 56 28
726 57 20
726 58 21
726 59 25
726 60 47
726 61 43
726 62 43
726 63 44
726 64 45
726 65 46
726 66 42
726 67 26
726 68 19
726 69 21
726 70 21
726 71 27
726 72 40
726 73 47
726 74 41
726 75 46
726 76 42
726 77 40
726 78 26
726 79 20
726 80 18
726 81 20
726 82 21
726 83 40
726 84 41
726 85 40
726 86 30
726 87 42
726 88 42
726 89 32
726 90 20
726 91 20
726 92 20
726 93 20
726 94 40
726 95 33
726 96 42
726 97 25
726 98 42
726 99 39
726 100 32
726 101 22
726 102 20
726 103 20
726 104 27
726 105 40
726 106 43
726 107 39
726 108 27
726 109 44
726 110 40
726 111 25
726 112 27
726 113 20
726 114 21
726 115 38
726 116 40
726 117 32
726 118 41
726 119 41
726 120 41
726 121 39
751 1 30
751 2 28
751 3 22
751 4 19
751 5 26
751 6 18
751 7 23
751 8 28
751 9 20
751 10 28
751 11 40
751 12 23
751 13 21
751 14 25
751 15 23
751 16 25
751 17 29
751 18 30
751 19 27
751 20 30
751 21 38
751 22 33
751 23 24
751 24 18
751 25 22
751 26 20
751 27 27
751 28 29
751 29 42
751 30 44
751 31 43
751 32 44
751 33 40
751 34 27
751 35 24
751 36 20
751 37 25
751 38 42
751 39 43
751 40 40
751 41 43
751 42 43
751 43 47
751 44 41
751 45 25
751 46 15
751 47 23
751 48 23
751 49 40
751 50 44
751 51 40
751 52 44
751 53 42
751 54 46
751 55 39
751 56 24
751 57 22
751 58 27
751 59 21
751 60 42
751 61 42
751 62 44
751 63 41
751 64 42
751 65 44
751 66 43
751 67 23
751 68 28
751 69 30
751 70 20
751 71 31
751 72 41
751 73 43
751 74 46
751 75 40
751 76 41
751 77 42
751 78 27
751 79 29
751 80 20
751 81 21
751 82 27
751 83 43
751 84 41
751 85 42
751 86 29
751 87 42
751 88 43
751 89 23
751 90 19
751 91 23
751 92 33
751 93 27
751 94 39
751 95 41
751 96 41
751 97 30
751 98 42
751 99 41
751 100 28
751 101 24
751 102 19
751 103 22
751 104 29
751 105 40
751 106 40
751 107 42
751 108 33
751 109 41
751 110 42
751 111 19
751 112 18
751 113 28
751 114 26
751 115 41
751 116 38
751 117 31
751 118 40
751 119 40
751 120 40
751 121 41
776 1 23
776 2 29
776 3 17
776 4 21
776 5 28
776 6 28
776 7 28
776 8 29
776 9 19
776 10 28
776 11 33
776 12 24
776 13 24
776 14 28
776 15 25
776 16 25
776 17 18
776 18 29
776 19 29
776 20 27
776 21 40
776 22 40
776 23 19
776 24 23
776 25 19
776 26 19
776 27 27
776 28 29
776 29 43
776 30 46
776 31 44
776 32 45
776 33 42
776 34 29
776 35 29
776 36 17
776 37 22
776 38 41
776 39 45
776 40 42
776 41 46
776 42 44
776 43 46
776 44 42
776 45 19
776 46 24
776 47 24
776 48 22
776 49 41
776 50 45
776 51 46
776 52 45
776 53 43
776 54 41
776 55 42
776 56 21
776 57 26
776 58 19
776 59 31
776 60 40
776 61 44
776 62 46
776 63 43
776 64 47
776 65 43
776 66 42
776 67 24
776 68 16
776 69 26
776 70 23
776 71 31
776 72 41
776 73 42
776 74 44
776 75 44
776 76 44
776 77 41
776 78 24
776 79 19
776 80 18
776 81 20
776 82 28
776 83 41
776 84 40
776 85 41
776 86 34
776 87 44
776 88 44
776 89 26
776 90 17
776 91 18
776 92 27
776 93 23
776 94 39
776 95 25
776 96 42
776 97 18
776 98 43
776 99 42
776 100 28
776 101 20
776 102 25
776 103 24
776 104 30
776 105 41
776 106 40
776 107 37
776 108 31
776 109 44
776 110 38
776 111 22
776 112 19
776 113 20
776 114 22
776 115 39
776 116 41
776 117 32
776 118 42
776 119 40
776 120 41
776 121 39
801 1 24
801 2 19
801 3 22
801 4 26
801 5 26
801 6 23
801 7 24
801 8 28
801 9 20
801 10 32
801 11 42
801 12 24
801 13 18
801 14 19
801 15 19
801 16 21
801 17 22
801 18 28
801 19 27
801 20 33
801 21 40
801 22 41
801 23 17
801 24 23
801 25 19
801 26 22
801 27 25
801 28 24
801 29 39
801 30 44
801 31 45
801 32 44
801 33 42
801 34 25
801 35 26
801 36 22
801 37 30
801 38 46
801 39 38
801 40 39
801 41 41
801 42 42
801 43 44
801 44 42
801 45 22
801 46 18
801 47 24
801 48 26
801 49 43
801 50 45
801 51 44
801 52 44
801 53 41
801 54 42
801 55 43
801 56 31
801 57 18
801 58 21
801 59 29
801 60 42
801 61 42
801 62 49
801 63 43
801 64 46
801 65 45
801 66 39
801 67 22
801 68 19
801 69 19
801 70 25
801 71 28
801 72 45
801 73 48
801 74 45
801 75 42
801 76 45
801 77 42
801 78 25
801 79 23
801 80 20
801 81 27
801 82 26
801 83 40
801 84 43
801 85 39
801 86 32
801 87 43
801 88 40
801 89 23
801 90 18
801 91 20
801 92 19
801 93 27
801 94 44
801 95 34
801 96 38
801 97 18
801 98 42
801 99 42
801 100 30
801 101 24
801 102 27
801 103 21
801 104 30
801 105 40
801 106 41
801 107 42
801 108 23
801 109 39
801 110 44
801 111 27
801 112 25
801 113 21
801 114 23
801 115 36
801 116 41
801 117 35
801 118 42
801 119 40
801 120 40
801 121 44
826 1 18
826 2 21
826 3 21
826 4 18
826 5 19
826 6 29
826 7 24
826 8 24
826 9 27
826 10 35
826 11 41
826 12 23
826 13 22
826 14 17
826 15 24
826 16 23
826 17 28
826 18 29
826 19 26
826 20 25
826 21 41
826 22 41
826 23 30
826 24 28
826 25 22
826 26 22
826 27 21
826 28 28
826 29 40
826 30 45
826 31 44
826 32 43
826 33 41
826 34 25
826 35 21
826 36 23
826 37 19
826 38 39
826 39 40
826 40 47
826 41 45
826 42 47
826 43 44
826 44 38
826 45 29
826 46 24
826 47 30
826 48 28
826 49 41
826 50 45
826 51 46
826 52 53
826 53 48
826 54 44
826 55 45
826 56 28
826 57 21
826 58 24
826 59 26
826 60 45
826 61 42
826 62 47
826 63 48
826 64 48
826 65 47
826 66 43
826 67 23
826 68 20
826 69 20
826 70 26
826 71 28
826 72 47
826 73 47
826 74 44
826 75 41
826 76 47
826 77 43
826 78 26
826 79 21
826 80 22
826 81 20
826 82 30
826 83 38
826 84 41
826 85 41
826 86 24
826 87 39
826 88 41
826 89 28
826 90 31
826 91 30
826 92 25
826 93 20
826 94 39
826 95 37
826 96 41
826 97 28
826 98 41
826 99 42
826 100 24
826 101 23
826 102 20
826 103 21
826 104 30
826 105 42
826 106 43
826 107 44
826 108 31
826 109 42
826 110 42
826 111 24
826 112 21
826 113 20
826 114 28
826 115 39
826 116 38
826 117 20
826 118 42
826 119 40
826 120 41
826 121 41
