1 3713
26 548
51 552
76 573
101 531
126 504
151 509
176 549
201 518
226 521
251 548
276 527
301 553
326 535
351 516
376 560
401 517
426 529
451 494
476 539
501 525
526 530
551 524
576 503
601 528
626 554
651 537
676 518
701 525
726 518
751 548
776 534
801 526
826 536
851 535
876 521
901 505
926 513
951 504
976 525
1001 527
1026 535
1051 511
1076 518
1101 518
1126 551
1151 550
1176 538
1201 496
1226 498
1251 521
1276 524
1301 509
1326 503
1351 520
1376 543
1401 511
1426 506
1451 515
1476 507
1501 488
1526 530
1551 514
1576 499
1601 503
1626 491
1651 513
1676 478
1701 511
1726 480
1751 514
1776 502
1801 506
1826 506
1851 478
1876 509
1901 491
1926 473
1951 482
1976 503
