1 91
26 93
51 92
76 87
101 90
126 93
151 88
176 87
201 90
226 89
251 92
276 88
301 94
326 89
351 85
376 90
401 93
426 94
451 91
476 90
501 92
526 87
551 93
576 91
601 94
626 92
651 91
676 91
701 90
726 88
751 90
776 90
801 93
826 94
851 89
876 92
901 93
926 94
951 91
976 89
1001 93
1026 94
1051 89
1076 91
1101 88
1126 90
1151 92
1176 89
1201 89
1226 93
1251 94
1276 88
1301 87
1326 92
1351 90
1376 92
1401 92
1426 93
1451 90
1476 89
1501 93
1526 89
1551 91
1576 90
1601 90
1626 84
1651 90
1676 91
1701 87
1726 90
1751 88
1776 89
1801 92
1826 92
1851 89
1876 86
1901 90
1926 87
1951 90
1976 91
