1 5031
26 5077
51 5119
76 5107
101 5119
126 4984
151 5034
176 5016
201 5087
226 5023
251 5093
276 5071
301 5089
326 5048
351 5091
376 5038
401 5011
426 5148
451 5069
476 5094
501 5081
526 5090
551 5128
576 5116
601 5139
626 5060
651 5084
676 5068
701 5116
726 5017
751 5061
776 5119
801 5034
826 5050
851 5108
876 5082
901 5107
926 5077
951 5100
976 5114
1001 5079
1026 5126
1051 5061
1076 5126
1101 5106
1126 5093
1151 5059
1176 5076
1201 5014
1226 5100
1251 5094
1276 5113
1301 5105
1326 5101
1351 5077
1376 5011
1401 5084
1426 5050
1451 5096
1476 5104
1501 5054
1526 5116
1551 5091
1576 5088
1601 5024
1626 5114
1651 5135
1676 4986
1701 5062
1726 5089
1751 5103
1776 5034
1801 5063
1826 5069
1851 5078
1876 5033
1901 5089
1926 5119
1951 5075
1976 5042
