1 4784
26 3938
51 3956
76 3870
101 3903
126 3891
151 3915
176 3940
201 3920
226 3883
251 3926
276 3876
301 3898
326 3938
351 3894
376 3895
401 3829
426 3914
451 3890
476 3858
501 3883
526 3899
551 3911
576 3893
601 3895
626 3874
651 3866
676 3935
701 3939
726 3795
751 3851
776 3912
801 3861
826 3904
851 3878
876 3919
901 3858
926 3794
951 3870
976 3859
1001 3894
1026 3863
1051 3854
1076 3900
1101 3807
1126 3918
1151 3820
1176 3852
1201 3897
1226 3876
1251 3813
1276 3830
1301 3867
1326 3832
1351 3820
1376 3848
1401 3838
1426 3862
1451 3839
1476 3867
1501 3819
1526 3802
1551 3851
1576 3856
1601 3878
1626 3871
1651 3855
1676 3853
1701 3855
1726 3851
1751 3834
1776 3857
1801 3894
1826 3806
1851 3820
1876 3845
1901 3834
1926 3860
1951 3841
1976 3848
