1 1 5
1 2 5
1 3 5
1 4 5
1 5 6
1 6 5
1 7 4
1 8 5
1 9 7
1 10 5
1 11 6
1 12 5
1 13 7
1 14 5
1 15 5
1 16 6
1 17 5
1 18 5
1 19 4
1 20 5
1 21 5
1 22 4
1 23 5
1 24 6
1 25 5
1 26 5
1 27 4
1 28 5
1 29 5
1 30 5
1 31 5
1 32 5
1 33 6
1 34 5
1 35 6
1 36 5
1 37 5
1 38 4
1 39 3
1 40 4
1 41 6
1 42 4
1 43 5
1 44 5
1 45 4
1 46 6
1 47 5
1 48 5
1 49 4
1 50 4
1 51 4
1 52 4
1 53 5
1 54 5
1 55 5
1 56 5
1 57 5
1 58 5
1 59 5
1 60 5
1 61 4
1 62 5
1 63 5
1 64 6
1 65 5
1 66 6
1 67 4
1 68 5
1 69 5
1 70 6
1 71 4
1 72 5
1 73 6
1 74 4
1 75 5
1 76 6
1 77 3
1 78 4
1 79 5
1 80 4
1 81 5
1 82 5
1 83 5
1 84 6
1 85 5
1 86 6
1 87 4
1 88 4
1 89 5
1 90 5
1 91 5
1 92 5
1 93 5
1 94 4
1 95 6
1 96 6
1 97 5
1 98 4
1 99 5
1 100 4
1 101 4
1 102 6
1 103 5
1 104 5
1 105 6
1 106 6
1 107 7
1 108 7
1 109 4
1 110 5
1 111 5
1 112 6
1 113 4
1 114 5
1 115 5
1 116 6
1 117 6
1 118 6
1 119 6
1 120 5
1 121 5
26 1 5
26 2 5
26 3 6
26 4 3
26 5 5
26 6 4
26 7 4
26 8 5
26 9 5
26 10 5
26 11 5
26 12 4
26 13 4
26 14 4
26 15 4
26 16 5
26 17 3
26 18 4
26 19 5
26 20 4
26 21 4
26 22 4
26 23 5
26 24 5
26 25 6
26 26 4
26 27 6
26 28 4
26 29 4
26 30 4
26 31 5
26 32 3
26 33 3
26 34 5
26 35 4
26 36 5
26 37 6
26 38 6
26 39 4
26 40 3
26 41 5
26 42 4
26 43 3
26 44 3
26 45 5
26 46 5
26 47 4
26 48 6
26 49 6
26 50 4
26 51 5
26 52 4
26 53 4
26 54 4
26 55 3
26 56 5
26 57 5
26 58 4
26 59 4
26 60 5
26 61 5
26 62 4
26 63 4
26 64 4
26 65 4
26 66 5
26 67 6
26 68 5
26 69 4
26 70 5
26 71 5
26 72 5
26 73 6
26 74 6
26 75 4
26 76 5
26 77 4
26 78 5
26 79 4
26 80 5
26 81 5
26 82 3
26 83 4
26 84 4
26 85 5
26 86 4
26 87 4
26 88 5
26 89 6
26 90 5
26 91 5
26 92 5
26 93 5
26 94 4
26 95 5
26 96 6
26 97 5
26 98 5
26 99 5
26 100 5
26 101 5
26 102 4
26 103 4
26 104 6
26 105 5
26 106 5
26 107 5
26 108 6
26 109 5
26 110 5
26 111 5
26 112 4
26 113 6
26 114 4
26 115 4
26 116 5
26 117 5
26 118 5
26 119 4
26 120 4
26 121 5
51 1 5
51 2 6
51 3 4
51 4 5
51 5 6
51 6 6
51 7 5
51 8 4
51 9 4
51 10 5
51 11 5
51 12 5
51 13 4
51 14 5
51 15 5
51 16 4
51 17 4
51 18 4
51 19 6
51 20 5
51 21 4
51 22 4
51 23 5
51 24 4
51 25 6
51 26 6
51 27 4
51 28 4
51 29 5
51 30 4
51 31 4
51 32 3
51 33 4
51 34 4
51 35 5
51 36 6
51 37 5
51 38 6
51 39 5
51 40 5
51 41 6
51 42 6
51 43 3
51 44 3
51 45 4
51 46 6
51 47 4
51 48 5
51 49 6
51 50 5
51 51 4
51 52 6
51 53 5
51 54 4
51 55 4
51 56 4
51 57 4
51 58 3
51 59 4
51 60 4
51 61 5
51 62 4
51 63 5
51 64 5
51 65 4
51 66 4
51 67 5
51 68 5
51 69 4
51 70 4
51 71 5
51 72 5
51 73 5
51 74 4
51 75 5
51 76 5
51 77 5
51 78 5
51 79 4
51 80 5
51 81 5
51 82 4
51 83 4
51 84 4
51 85 5
51 86 5
51 87 4
51 88 5
51 89 6
51 90 3
51 91 4
51 92 6
51 93 5
51 94 4
51 95 5
51 96 5
51 97 4
51 98 4
51 99 5
51 100 5
51 101 5
51 102 6
51 103 6
51 104 5
51 105 5
51 106 4
51 107 4
51 108 5
51 109 4
51 110 5
51 111 4
51 112 4
51 113 5
51 114 5
51 115 6
51 116 5
51 117 5
51 118 4
51 119 4
51 120 5
51 121 6
76 1 6
76 2 6
76 3 6
76 4 6
76 5 5
76 6 6
76 7 5
76 8 4
76 9 5
76 10 5
76 11 4
76 12 5
76 13 6
76 14 6
76 15 4
76 16 5
76 17 5
76 18 5
76 19 4
76 20 6
76 21 4
76 22 3
76 23 6
76 24 6
76 25 5
76 26 6
76 27 5
76 28 6
76 29 5
76 30 4
76 31 5
76 32 4
76 33 4
76 34 5
76 35 5
76 36 6
76 37 6
76 38 5
76 39 6
76 40 4
76 41 5
76 42 4
76 43 5
76 44 4
76 45 4
76 46 5
76 47 6
76 48 4
76 49 5
76 50 5
76 51 5
76 52 4
76 53 5
76 54 4
76 55 5
76 56 4
76 57 4
76 58 5
76 59 4
76 60 5
76 61 4
76 62 5
76 63 5
76 64 5
76 65 6
76 66 4
76 67 5
76 68 5
76 69 3
76 70 4
76 71 5
76 72 4
76 73 6
76 74 5
76 75 4
76 76 5
76 77 4
76 78 4
76 79 5
76 80 5
76 81 6
76 82 5
76 83 4
76 84 4
76 85 4
76 86 4
76 87 4
76 88 4
76 89 4
76 90 6
76 91 6
76 92 6
76 93 5
76 94 5
76 95 4
76 96 4
76 97 4
76 98 5
76 99 5
76 100 6
76 101 4
76 102 6
76 103 5
76 104 4
76 105 5
76 106 5
76 107 4
76 108 5
76 109 4
76 110 6
76 111 6
76 112 5
76 113 6
76 114 5
76 115 3
76 116 5
76 117 5
76 118 4
76 119 5
76 120 4
76 121 6
101 1 5
101 2 5
101 3 5
101 4 4
101 5 5
101 6 5
101 7 5
101 8 5
101 9 5
101 10 5
101 11 4
101 12 4
101 13 5
101 14 6
101 15 6
101 16 5
101 17 5
101 18 5
101 19 5
101 20 5
101 21 3
101 22 6
101 23 4
101 24 5
101 25 6
101 26 5
101 27 6
101 28 5
101 29 5
101 30 5
101 31 5
101 32 4
101 33 4
101 34 5
101 35 5
101 36 4
101 37 6
101 38 6
101 39 5
101 40 5
101 41 4
101 42 5
101 43 5
101 44 3
101 45 4
101 46 5
101 47 6
101 48 5
101 49 4
101 50 6
101 51 4
101 52 5
101 53 5
101 54 5
101 55 5
101 56 6
101 57 5
101 58 5
101 59 5
101 60 4
101 61 5
101 62 4
101 63 5
101 64 4
101 65 4
101 66 4
101 67 6
101 68 4
101 69 4
101 70 5
101 71 4
101 72 5
101 73 4
101 74 5
101 75 5
101 76 5
101 77 5
101 78 5
101 79 6
101 80 6
101 81 5
101 82 4
101 83 5
101 84 5
101 85 5
101 86 5
101 87 5
101 88 5
101 89 4
101 90 5
101 91 6
101 92 6
101 93 5
101 94 5
101 95 5
101 96 4
101 97 5
101 98 5
101 99 5
101 100 6
101 101 5
101 102 6
101 103 6
101 104 5
101 105 5
101 106 5
101 107 5
101 108 5
101 109 6
101 110 5
101 111 5
101 112 4
101 113 6
101 114 6
101 115 6
101 116 5
101 117 5
101 118 5
101 119 6
101 120 4
101 121 5
126 1 5
126 2 5
126 3 5
126 4 6
126 5 5
126 6 4
126 7 5
126 8 5
126 9 5
126 10 5
126 11 5
126 12 5
126 13 4
126 14 4
126 15 5
126 16 6
126 17 6
126 18 5
126 19 5
126 20 5
126 21 5
126 22 4
126 23 5
126 24 4
126 25 5
126 26 5
126 27 5
126 28 5
126 29 5
126 30 5
126 31 4
126 32 3
126 33 3
126 34 4
126 35 5
126 36 4
126 37 5
126 38 5
126 39 4
126 40 5
126 41 5
126 42 6
126 43 4
126 44 4
126 45 5
126 46 4
126 47 4
126 48 5
126 49 5
126 50 5
126 51 5
126 52 5
126 53 6
126 54 5
126 55 6
126 56 5
126 57 4
126 58 5
126 59 3
126 60 4
126 61 5
126 62 5
126 63 5
126 64 5
126 65 5
126 66 4
126 67 5
126 68 5
126 69 4
126 70 5
126 71 4
126 72 5
126 73 5
126 74 5
126 75 5
126 76 3
126 77 6
126 78 6
126 79 6
126 80 6
126 81 5
126 82 5
126 83 5
126 84 5
126 85 5
126 86 6
126 87 5
126 88 5
126 89 5
126 90 4
126 91 6
126 92 6
126 93 4
126 94 5
126 95 5
126 96 6
126 97 6
126 98 6
126 99 6
126 100 6
126 101 5
126 102 6
126 103 5
126 104 4
126 105 5
126 106 5
126 107 5
126 108 5
126 109 5
126 110 6
126 111 6
126 112 4
126 113 5
126 114 5
126 115 6
126 116 5
126 117 5
126 118 4
126 119 5
126 120 5
126 121 5
151 1 3
151 2 5
151 3 5
151 4 6
151 5 5
151 6 6
151 7 6
151 8 5
151 9 5
151 10 5
151 11 5
151 12 5
151 13 5
151 14 5
151 15 5
151 16 5
151 17 5
151 18 5
151 19 5
151 20 5
151 21 3
151 22 4
151 23 4
151 24 5
151 25 5
151 26 5
151 27 5
151 28 5
151 29 5
151 30 5
151 31 5
151 32 5
151 33 4
151 34 4
151 35 3
151 36 5
151 37 5
151 38 4
151 39 4
151 40 5
151 41 5
151 42 5
151 43 5
151 44 5
151 45 4
151 46 5
151 47 5
151 48 4
151 49 5
151 50 5
151 51 5
151 52 5
151 53 6
151 54 4
151 55 4
151 56 4
151 57 5
151 58 5
151 59 5
151 60 5
151 61 6
151 62 5
151 63 5
151 64 5
151 65 4
151 66 5
151 67 5
151 68 5
151 69 5
151 70 6
151 71 5
151 72 5
151 73 5
151 74 6
151 75 5
151 76 6
151 77 6
151 78 5
151 79 6
151 80 6
151 81 5
151 82 5
151 83 5
151 84 5
151 85 5
151 86 5
151 87 4
151 88 4
151 89 5
151 90 5
151 91 5
151 92 5
151 93 6
151 94 5
151 95 5
151 96 5
151 97 5
151 98 4
151 99 4
151 100 5
151 101 5
151 102 5
151 103 5
151 104 5
151 105 5
151 106 5
151 107 5
151 108 5
151 109 6
151 110 5
151 111 5
151 112 4
151 113 4
151 114 5
151 115 6
151 116 5
151 117 6
151 118 5
151 119 5
151 120 5
151 121 5
176 1 4
176 2 5
176 3 5
176 4 5
176 5 4
176 6 5
176 7 6
176 8 4
176 9 5
176 10 4
176 11 5
176 12 4
176 13 3
176 14 6
176 15 4
176 16 4
176 17 5
176 18 5
176 19 5
176 20 5
176 21 5
176 22 3
176 23 4
176 24 3
176 25 6
176 26 4
176 27 5
176 28 4
176 29 4
176 30 5
176 31 5
176 32 4
176 33 4
176 34 5
176 35 5
176 36 5
176 37 5
176 38 5
176 39 6
176 40 5
176 41 5
176 42 5
176 43 4
176 44 3
176 45 3
176 46 4
176 47 5
176 48 5
176 49 4
176 50 6
176 51 6
176 52 5
176 53 5
176 54 5
176 55 3
176 56 5
176 57 4
176 58 4
176 59 4
176 60 5
176 61 6
176 62 5
176 63 5
176 64 5
176 65 5
176 66 5
176 67 5
176 68 6
176 69 6
176 70 6
176 71 5
176 72 4
176 73 5
176 74 5
176 75 5
176 76 5
176 77 5
176 78 5
176 79 6
176 80 5
176 81 6
176 82 5
176 83 5
176 84 5
176 85 6
176 86 5
176 87 5
176 88 6
176 89 5
176 90 5
176 91 5
176 92 6
176 93 6
176 94 5
176 95 5
176 96 6
176 97 5
176 98 5
176 99 5
176 100 5
176 101 5
176 102 5
176 103 6
176 104 5
176 105 6
176 106 5
176 107 5
176 108 5
176 109 5
176 110 4
176 111 4
176 112 5
176 113 5
176 114 6
176 115 6
176 116 5
176 117 5
176 118 5
176 119 5
176 120 5
176 121 4
201 1 4
201 2 5
201 3 5
201 4 6
201 5 5
201 6 5
201 7 5
201 8 5
201 9 5
201 10 5
201 11 4
201 12 5
201 13 6
201 14 6
201 15 6
201 16 5
201 17 5
201 18 5
201 19 5
201 20 6
201 21 4
201 22 4
201 23 4
201 24 5
201 25 5
201 26 6
201 27 5
201 28 5
201 29 5
201 30 4
201 31 6
201 32 3
201 33 4
201 34 3
201 35 5
201 36 5
201 37 5
201 38 5
201 39 5
201 40 5
201 41 5
201 42 6
201 43 4
201 44 4
201 45 4
201 46 5
201 47 5
201 48 4
201 49 4
201 50 5
201 51 5
201 52 5
201 53 5
201 54 5
201 55 5
201 56 4
201 57 4
201 58 5
201 59 4
201 60 5
201 61 5
201 62 5
201 63 5
201 64 4
201 65 4
201 66 5
201 67 5
201 68 5
201 69 5
201 70 5
201 71 5
201 72 4
201 73 6
201 74 6
201 75 6
201 76 5
201 77 5
201 78 5
201 79 5
201 80 5
201 81 5
201 82 5
201 83 6
201 84 5
201 85 5
201 86 6
201 87 5
201 88 5
201 89 5
201 90 6
201 91 5
201 92 5
201 93 5
201 94 5
201 95 5
201 96 5
201 97 6
201 98 5
201 99 5
201 100 6
201 101 5
201 102 5
201 103 5
201 104 5
201 105 5
201 106 5
201 107 4
201 108 5
201 109 5
201 110 5
201 111 5
201 112 6
201 113 6
201 114 6
201 115 6
201 116 6
201 117 4
201 118 5
201 119 5
201 120 5
201 121 5
226 1 5
226 2 6
226 3 6
226 4 5
226 5 5
226 6 3
226 7 6
226 8 5
226 9 5
226 10 4
226 11 6
226 12 4
226 13 5
226 14 5
226 15 5
226 16 5
226 17 5
226 18 6
226 19 6
226 20 5
226 21 3
226 22 3
226 23 5
226 24 5
226 25 6
226 26 5
226 27 5
226 28 5
226 29 4
226 30 5
226 31 4
226 32 4
226 33 4
226 34 5
226 35 5
226 36 5
226 37 4
226 38 5
226 39 5
226 40 4
226 41 5
226 42 5
226 43 4
226 44 4
226 45 5
226 46 5
226 47 5
226 48 5
226 49 5
226 50 5
226 51 6
226 52 6
226 53 5
226 54 5
226 55 5
226 56 5
226 57 5
226 58 5
226 59 5
226 60 6
226 61 5
226 62 5
226 63 6
226 64 5
226 65 4
226 66 5
226 67 5
226 68 5
226 69 5
226 70 5
226 71 5
226 72 5
226 73 4
226 74 5
226 75 4
226 76 5
226 77 5
226 78 5
226 79 5
226 80 6
226 81 6
226 82 5
226 83 6
226 84 5
226 85 5
226 86 5
226 87 5
226 88 5
226 89 5
226 90 6
226 91 5
226 92 5
226 93 5
226 94 5
226 95 5
226 96 4
226 97 5
226 98 5
226 99 5
226 100 5
226 101 6
226 102 5
226 103 5
226 104 5
226 105 4
226 106 5
226 107 5
226 108 5
226 109 5
226 110 5
226 111 5
226 112 6
226 113 6
226 114 5
226 115 5
226 116 5
226 117 5
226 118 6
226 119 6
226 120 5
226 121 6
251 1 4
251 2 5
251 3 6
251 4 6
251 5 5
251 6 4
251 7 6
251 8 5
251 9 5
251 10 4
251 11 4
251 12 5
251 13 5
251 14 5
251 15 6
251 16 6
251 17 6
251 18 6
251 19 5
251 20 4
251 21 4
251 22 5
251 23 4
251 24 5
251 25 6
251 26 4
251 27 5
251 28 5
251 29 5
251 30 5
251 31 5
251 32 3
251 33 3
251 34 4
251 35 4
251 36 4
251 37 5
251 38 4
251 39 3
251 40 5
251 41 3
251 42 5
251 43 4
251 44 3
251 45 5
251 46 4
251 47 5
251 48 5
251 49 5
251 50 5
251 51 5
251 52 4
251 53 4
251 54 4
251 55 6
251 56 5
251 57 5
251 58 5
251 59 4
251 60 6
251 61 4
251 62 5
251 63 5
251 64 5
251 65 5
251 66 5
251 67 5
251 68 5
251 69 5
251 70 5
251 71 4
251 72 5
251 73 6
251 74 5
251 75 5
251 76 5
251 77 5
251 78 5
251 79 4
251 80 6
251 81 5
251 82 6
251 83 5
251 84 5
251 85 5
251 86 5
251 87 5
251 88 6
251 89 4
251 90 6
251 91 6
251 92 6
251 93 6
251 94 5
251 95 5
251 96 5
251 97 4
251 98 5
251 99 6
251 100 6
251 101 6
251 102 6
251 103 5
251 104 6
251 105 6
251 106 6
251 107 5
251 108 4
251 109 5
251 110 4
251 111 6
251 112 4
251 113 5
251 114 5
251 115 5
251 116 5
251 117 5
251 118 5
251 119 6
251 120 4
251 121 5
276 1 4
276 2 5
276 3 6
276 4 5
276 5 5
276 6 5
276 7 6
276 8 5
276 9 4
276 10 4
276 11 5
276 12 5
276 13 6
276 14 6
276 15 6
276 16 6
276 17 5
276 18 5
276 19 4
276 20 5
276 21 5
276 22 3
276 23 5
276 24 5
276 25 4
276 26 6
276 27 4
276 28 4
276 29 5
276 30 6
276 31 5
276 32 5
276 33 5
276 34 5
276 35 4
276 36 6
276 37 5
276 38 5
276 39 5
276 40 4
276 41 4
276 42 5
276 43 4
276 44 5
276 45 5
276 46 6
276 47 5
276 48 4
276 49 4
276 50 4
276 51 5
276 52 4
276 53 4
276 54 4
276 55 5
276 56 5
276 57 6
276 58 4
276 59 6
276 60 4
276 61 5
276 62 5
276 63 4
276 64 5
276 65 6
276 66 6
276 67 5
276 68 6
276 69 6
276 70 6
276 71 5
276 72 6
276 73 5
276 74 5
276 75 4
276 76 5
276 77 5
276 78 5
276 79 5
276 80 6
276 81 6
276 82 5
276 83 4
276 84 4
276 85 5
276 86 5
276 87 4
276 88 4
276 89 6
276 90 6
276 91 5
276 92 5
276 93 5
276 94 5
276 95 5
276 96 5
276 97 5
276 98 5
276 99 6
276 100 6
276 101 6
276 102 5
276 103 5
276 104 4
276 105 5
276 106 6
276 107 5
276 108 5
276 109 5
276 110 6
276 111 4
276 112 4
276 113 3
276 114 6
276 115 5
276 116 5
276 117 6
276 118 5
276 119 4
276 120 5
276 121 5
301 1 6
301 2 5
301 3 4
301 4 5
301 5 4
301 6 4
301 7 5
301 8 5
301 9 6
301 10 5
301 11 5
301 12 4
301 13 6
301 14 5
301 15 6
301 16 5
301 17 6
301 18 4
301 19 6
301 20 5
301 21 5
301 22 4
301 23 5
301 24 6
301 25 6
301 26 6
301 27 4
301 28 5
301 29 4
301 30 4
301 31 4
301 32 3
301 33 4
301 34 5
301 35 6
301 36 4
301 37 6
301 38 6
301 39 6
301 40 4
301 41 4
301 42 5
301 43 4
301 44 4
301 45 5
301 46 5
301 47 4
301 48 4
301 49 5
301 50 6
301 51 3
301 52 5
301 53 5
301 54 5
301 55 4
301 56 5
301 57 5
301 58 5
301 59 5
301 60 4
301 61 4
301 62 4
301 63 6
301 64 6
301 65 5
301 66 5
301 67 5
301 68 6
301 69 6
301 70 5
301 71 5
301 72 4
301 73 6
301 74 5
301 75 4
301 76 4
301 77 5
301 78 5
301 79 5
301 80 6
301 81 5
301 82 4
301 83 5
301 84 5
301 85 5
301 86 5
301 87 5
301 88 5
301 89 5
301 90 5
301 91 5
301 92 4
301 93 4
301 94 5
301 95 5
301 96 6
301 97 4
301 98 5
301 99 5
301 100 6
301 101 6
301 102 5
301 103 5
301 104 3
301 105 5
301 106 5
301 107 4
301 108 3
301 109 5
301 110 6
301 111 5
301 112 5
301 113 6
301 114 6
301 115 5
301 116 4
301 117 5
301 118 5
301 119 5
301 120 4
301 121 6
326 1 4
326 2 6
326 3 5
326 4 5
326 5 6
326 6 5
326 7 5
326 8 4
326 9 6
326 10 4
326 11 4
326 12 5
326 13 4
326 14 5
326 15 4
326 16 5
326 17 5
326 18 4
326 19 5
326 20 5
326 21 4
326 22 3
326 23 6
326 24 6
326 25 5
326 26 6
326 27 4
326 28 5
326 29 4
326 30 5
326 31 4
326 32 4
326 33 6
326 34 6
326 35 4
326 36 5
326 37 4
326 38 4
326 39 4
326 40 5
326 41 6
326 42 6
326 43 3
326 44 5
326 45 5
326 46 5
326 47 5
326 48 3
326 49 4
326 50 6
326 51 6
326 52 5
326 53 5
326 54 5
326 55 5
326 56 4
326 57 5
326 58 5
326 59 4
326 60 4
326 61 5
326 62 5
326 63 5
326 64 6
326 65 5
326 66 5
326 67 5
326 68 4
326 69 5
326 70 6
326 71 5
326 72 5
326 73 4
326 74 5
326 75 5
326 76 5
326 77 5
326 78 5
326 79 6
326 80 5
326 81 6
326 82 5
326 83 5
326 84 5
326 85 6
326 86 4
326 87 4
326 88 5
326 89 5
326 90 6
326 91 6
326 92 4
326 93 5
326 94 5
326 95 5
326 96 4
326 97 5
326 98 4
326 99 5
326 100 5
326 101 6
326 102 5
326 103 6
326 104 5
326 105 5
326 106 5
326 107 4
326 108 5
326 109 5
326 110 5
326 111 5
326 112 6
326 113 6
326 114 6
326 115 6
326 116 5
326 117 5
326 118 3
326 119 6
326 120 3
326 121 3
351 1 4
351 2 5
351 3 5
351 4 6
351 5 5
351 6 6
351 7 5
351 8 6
351 9 5
351 10 6
351 11 6
351 12 5
351 13 5
351 14 6
351 15 4
351 16 6
351 17 5
351 18 5
351 19 5
351 20 6
351 21 5
351 22 3
351 23 6
351 24 6
351 25 6
351 26 6
351 27 5
351 28 4
351 29 5
351 30 5
351 31 5
351 32 4
351 33 5
351 34 6
351 35 6
351 36 6
351 37 4
351 38 5
351 39 6
351 40 5
351 41 3
351 42 5
351 43 4
351 44 5
351 45 5
351 46 5
351 47 6
351 48 5
351 49 6
351 50 6
351 51 6
351 52 5
351 53 5
351 54 4
351 55 4
351 56 6
351 57 6
351 58 6
351 59 6
351 60 5
351 61 4
351 62 6
351 63 5
351 64 5
351 65 4
351 66 6
351 67 5
351 68 4
351 69 4
351 70 5
351 71 4
351 72 3
351 73 4
351 74 5
351 75 3
351 76 4
351 77 6
351 78 6
351 79 6
351 80 5
351 81 5
351 82 5
351 83 6
351 84 5
351 85 4
351 86 5
351 87 4
351 88 5
351 89 4
351 90 5
351 91 6
351 92 5
351 93 6
351 94 4
351 95 5
351 96 5
351 97 3
351 98 3
351 99 4
351 100 6
351 101 5
351 102 5
351 103 6
351 104 6
351 105 6
351 106 5
351 107 4
351 108 4
351 109 4
351 110 4
351 111 4
351 112 4
351 113 5
351 114 5
351 115 4
351 116 5
351 117 6
351 118 5
351 119 5
351 120 5
351 121 3
376 1 6
376 2 3
376 3 5
376 4 5
376 5 5
376 6 5
376 7 4
376 8 5
376 9 6
376 10 5
376 11 4
376 12 4
376 13 5
376 14 5
376 15 5
376 16 6
376 17 5
376 18 5
376 19 6
376 20 5
376 21 4
376 22 4
376 23 4
376 24 6
376 25 5
376 26 6
376 27 5
376 28 5
376 29 5
376 30 5
376 31 4
376 32 4
376 33 4
376 34 6
376 35 4
376 36 6
376 37 6
376 38 6
376 39 5
376 40 5
376 41 6
376 42 5
376 43 5
376 44 3
376 45 4
376 46 3
376 47 4
376 48 5
376 49 5
376 50 6
376 51 4
376 52 4
376 53 4
376 54 6
376 55 5
376 56 5
376 57 5
376 58 4
376 59 6
376 60 4
376 61 4
376 62 5
376 63 6
376 64 5
376 65 5
376 66 4
376 67 5
376 68 4
376 69 4
376 70 5
376 71 4
376 72 5
376 73 6
376 74 4
376 75 5
376 76 3
376 77 4
376 78 4
376 79 5
376 80 6
376 81 5
376 82 5
376 83 5
376 84 5
376 85 4
376 86 4
376 87 3
376 88 4
376 89 5
376 90 4
376 91 3
376 92 5
376 93 5
376 94 6
376 95 5
376 96 4
376 97 4
376 98 3
376 99 5
376 100 4
376 101 5
376 102 6
376 103 5
376 104 5
376 105 6
376 106 3
376 107 4
376 108 6
376 109 4
376 110 3
376 111 6
376 112 5
376 113 5
376 114 3
376 115 4
376 116 4
376 117 5
376 118 4
376 119 5
376 120 4
376 121 3
401 1 4
401 2 5
401 3 4
401 4 4
401 5 6
401 6 5
401 7 4
401 8 5
401 9 5
401 10 5
401 11 5
401 12 4
401 13 4
401 14 5
401 15 5
401 16 6
401 17 5
401 18 5
401 19 6
401 20 5
401 21 4
401 22 4
401 23 5
401 24 5
401 25 4
401 26 6
401 27 6
401 28 6
401 29 6
401 30 5
401 31 5
401 32 3
401 33 4
401 34 3
401 35 5
401 36 5
401 37 4
401 38 4
401 39 6
401 40 5
401 41 6
401 42 5
401 43 4
401 44 4
401 45 4
401 46 5
401 47 5
401 48 5
401 49 4
401 50 5
401 51 3
401 52 5
401 53 5
401 54 4
401 55 5
401 56 5
401 57 4
401 58 5
401 59 4
401 60 4
401 61 4
401 62 5
401 63 4
401 64 4
401 65 5
401 66 3
401 67 5
401 68 4
401 69 4
401 70 3
401 71 5
401 72 4
401 73 5
401 74 5
401 75 5
401 76 4
401 77 6
401 78 5
401 79 4
401 80 4
401 81 4
401 82 4
401 83 4
401 84 3
401 85 6
401 86 5
401 87 4
401 88 4
401 89 5
401 90 4
401 91 5
401 92 5
401 93 6
401 94 4
401 95 4
401 96 6
401 97 6
401 98 4
401 99 5
401 100 5
401 101 5
401 102 4
401 103 4
401 104 5
401 105 3
401 106 5
401 107 5
401 108 5
401 109 5
401 110 6
401 111 5
401 112 4
401 113 5
401 114 4
401 115 4
401 116 5
401 117 5
401 118 4
401 119 5
401 120 5
401 121 5
426 1 5
426 2 5
426 3 5
426 4 4
426 5 5
426 6 5
426 7 5
426 8 5
426 9 4
426 10 4
426 11 5
426 12 5
426 13 4
426 14 5
426 15 5
426 16 4
426 17 4
426 18 5
426 19 5
426 20 6
426 21 4
426 22 4
426 23 4
426 24 5
426 25 5
426 26 4
426 27 4
426 28 5
426 29 6
426 30 6
426 31 4
426 32 4
426 33 2
426 34 5
426 35 4
426 36 3
426 37 5
426 38 5
426 39 5
426 40 5
426 41 5
426 42 6
426 43 4
426 44 4
426 45 4
426 46 5
426 47 4
426 48 5
426 49 5
426 50 4
426 51 6
426 52 5
426 53 5
426 54 5
426 55 4
426 56 5
426 57 5
426 58 5
426 59 4
426 60 5
426 61 4
426 62 4
426 63 4
426 64 6
426 65 5
426 66 4
426 67 5
426 68 5
426 69 4
426 70 4
426 71 3
426 72 6
426 73 4
426 74 5
426 75 6
426 76 5
426 77 6
426 78 4
426 79 5
426 80 5
426 81 4
426 82 5
426 83 4
426 84 5
426 85 4
426 86 4
426 87 6
426 88 3
426 89 5
426 90 5
426 91 4
426 92 4
426 93 4
426 94 5
426 95 5
426 96 5
426 97 4
426 98 6
426 99 5
426 100 5
426 101 4
426 102 3
426 103 4
426 104 4
426 105 4
426 106 4
426 107 4
426 108 4
426 109 4
426 110 5
426 111 5
426 112 5
426 113 5
426 114 5
426 115 5
426 116 4
426 117 5
426 118 4
426 119 5
426 120 4
426 121 5
451 1 4
451 2 4
451 3 4
451 4 4
451 5 5
451 6 5
451 7 5
451 8 5
451 9 5
451 10 5
451 11 4
451 12 4
451 13 4
451 14 4
451 15 4
451 16 4
451 17 5
451 18 5
451 19 5
451 20 5
451 21 4
451 22 5
451 23 5
451 24 5
451 25 4
451 26 5
451 27 4
451 28 5
451 29 5
451 30 4
451 31 5
451 32 3
451 33 3
451 34 5
451 35 4
451 36 5
451 37 5
451 38 4
451 39 4
451 40 5
451 41 6
451 42 4
451 43 5
451 44 3
451 45 6
451 46 6
451 47 4
451 48 5
451 49 4
451 50 4
451 51 5
451 52 4
451 53 4
451 54 3
451 55 4
451 56 4
451 57 4
451 58 6
451 59 4
451 60 4
451 61 4
451 62 5
451 63 3
451 64 5
451 65 4
451 66 6
451 67 6
451 68 5
451 69 5
451 70 4
451 71 4
451 72 5
451 73 4
451 74 5
451 75 5
451 76 4
451 77 6
451 78 5
451 79 4
451 80 4
451 81 4
451 82 4
451 83 5
451 84 5
451 85 5
451 86 5
451 87 5
451 88 5
451 89 4
451 90 4
451 91 4
451 92 5
451 93 5
451 94 5
451 95 6
451 96 4
451 97 4
451 98 5
451 99 5
451 100 4
451 101 4
451 102 4
451 103 5
451 104 5
451 105 5
451 106 5
451 107 5
451 108 5
451 109 4
451 110 4
451 111 4
451 112 5
451 113 4
451 114 4
451 115 5
451 116 4
451 117 4
451 118 4
451 119 4
451 120 4
451 121 4
476 1 5
476 2 6
476 3 4
476 4 4
476 5 5
476 6 5
476 7 4
476 8 5
476 9 4
476 10 5
476 11 5
476 12 5
476 13 5
476 14 4
476 15 5
476 16 5
476 17 5
476 18 5
476 19 5
476 20 5
476 21 5
476 22 3
476 23 5
476 24 4
476 25 4
476 26 5
476 27 5
476 28 5
476 29 5
476 30 4
476 31 5
476 32 5
476 33 4
476 34 5
476 35 5
476 36 4
476 37 5
476 38 4
476 39 5
476 40 4
476 41 4
476 42 3
476 43 5
476 44 6
476 45 6
476 46 5
476 47 5
476 48 5
476 49 4
476 50 4
476 51 5
476 52 4
476 53 5
476 54 5
476 55 4
476 56 5
476 57 5
476 58 5
476 59 5
476 60 4
476 61 4
476 62 4
476 63 4
476 64 4
476 65 4
476 66 4
476 67 4
476 68 4
476 69 3
476 70 4
476 71 5
476 72 4
476 73 4
476 74 4
476 75 4
476 76 5
476 77 4
476 78 4
476 79 5
476 80 5
476 81 4
476 82 4
476 83 4
476 84 4
476 85 4
476 86 5
476 87 4
476 88 4
476 89 4
476 90 5
476 91 5
476 92 5
476 93 4
476 94 5
476 95 3
476 96 4
476 97 4
476 98 4
476 99 4
476 100 6
476 101 6
476 102 5
476 103 5
476 104 5
476 105 4
476 106 4
476 107 4
476 108 4
476 109 3
476 110 5
476 111 6
476 112 5
476 113 6
476 114 5
476 115 5
476 116 4
476 117 5
476 118 4
476 119 4
476 120 5
476 121 4
501 1 6
501 2 6
501 3 6
501 4 4
501 5 5
501 6 4
501 7 4
501 8 5
501 9 4
501 10 4
501 11 5
501 12 5
501 13 5
501 14 5
501 15 5
501 16 5
501 17 5
501 18 5
501 19 5
501 20 4
501 21 5
501 22 5
501 23 3
501 24 5
501 25 5
501 26 5
501 27 5
501 28 5
501 29 5
501 30 5
501 31 5
501 32 4
501 33 5
501 34 4
501 35 4
501 36 5
501 37 4
501 38 5
501 39 4
501 40 5
501 41 5
501 42 4
501 43 4
501 44 2
501 45 4
501 46 4
501 47 4
501 48 4
501 49 4
501 50 5
501 51 5
501 52 5
501 53 5
501 54 4
501 55 5
501 56 5
501 57 5
501 58 4
501 59 4
501 60 5
501 61 4
501 62 4
501 63 5
501 64 5
501 65 4
501 66 4
501 67 6
501 68 4
501 69 5
501 70 4
501 71 4
501 72 4
501 73 4
501 74 4
501 75 5
501 76 4
501 77 4
501 78 4
501 79 6
501 80 5
501 81 4
501 82 4
501 83 4
501 84 4
501 85 4
501 86 4
501 87 4
501 88 5
501 89 5
501 90 5
501 91 5
501 92 4
501 93 4
501 94 4
501 95 4
501 96 4
501 97 4
501 98 4
501 99 5
501 100 5
501 101 6
501 102 4
501 103 4
501 104 5
501 105 4
501 106 4
501 107 4
501 108 5
501 109 4
501 110 4
501 111 6
501 112 5
501 113 6
501 114 6
501 115 4
501 116 5
501 117 4
501 118 4
501 119 4
501 120 4
501 121 5
526 1 4
526 2 5
526 3 4
526 4 4
526 5 6
526 6 5
526 7 4
526 8 4
526 9 5
526 10 4
526 11 5
526 12 4
526 13 4
526 14 4
526 15 4
526 16 5
526 17 5
526 18 5
526 19 4
526 20 5
526 21 4
526 22 4
526 23 3
526 24 4
526 25 4
526 26 4
526 27 5
526 28 5
526 29 4
526 30 4
526 31 4
526 32 4
526 33 5
526 34 4
526 35 5
526 36 5
526 37 5
526 38 4
526 39 5
526 40 5
526 41 4
526 42 5
526 43 5
526 44 3
526 45 5
526 46 5
526 47 3
526 48 4
526 49 4
526 50 4
526 51 5
526 52 5
526 53 4
526 54 5
526 55 3
526 56 4
526 57 4
526 58 4
526 59 4
526 60 4
526 61 4
526 62 5
526 63 5
526 64 4
526 65 4
526 66 4
526 67 4
526 68 4
526 69 4
526 70 4
526 71 4
526 72 4
526 73 4
526 74 4
526 75 4
526 76 4
526 77 4
526 78 4
526 79 4
526 80 4
526 81 5
526 82 4
526 83 4
526 84 4
526 85 4
526 86 4
526 87 5
526 88 5
526 89 4
526 90 4
526 91 4
526 92 4
526 93 4
526 94 4
526 95 4
526 96 4
526 97 5
526 98 4
526 99 4
526 100 5
526 101 4
526 102 4
526 103 4
526 104 5
526 105 4
526 106 3
526 107 4
526 108 4
526 109 4
526 110 4
526 111 5
526 112 4
526 113 4
526 114 5
526 115 5
526 116 5
526 117 5
526 118 5
526 119 4
526 120 5
526 121 4
551 1 4
551 2 5
551 3 5
551 4 4
551 5 4
551 6 5
551 7 5
551 8 5
551 9 4
551 10 5
551 11 5
551 12 5
551 13 4
551 14 4
551 15 4
551 16 4
551 17 4
551 18 5
551 19 4
551 20 5
551 21 4
551 22 4
551 23 4
551 24 4
551 25 4
551 26 5
551 27 4
551 28 4
551 29 4
551 30 5
551 31 5
551 32 5
551 33 4
551 34 5
551 35 5
551 36 4
551 37 4
551 38 4
551 39 4
551 40 5
551 41 5
551 42 5
551 43 4
551 44 3
551 45 5
551 46 4
551 47 4
551 48 3
551 49 4
551 50 5
551 51 5
551 52 4
551 53 5
551 54 5
551 55 4
551 56 4
551 57 4
551 58 4
551 59 5
551 60 5
551 61 4
551 62 5
551 63 5
551 64 4
551 65 4
551 66 4
551 67 5
551 68 5
551 69 5
551 70 5
551 71 4
551 72 4
551 73 5
551 74 4
551 75 4
551 76 4
551 77 4
551 78 4
551 79 5
551 80 4
551 81 4
551 82 5
551 83 5
551 84 5
551 85 3
551 86 4
551 87 4
551 88 5
551 89 4
551 90 4
551 91 4
551 92 5
551 93 5
551 94 4
551 95 4
551 96 5
551 97 4
551 98 4
551 99 4
551 100 4
551 101 5
551 102 4
551 103 5
551 104 5
551 105 4
551 106 5
551 107 4
551 108 5
551 109 4
551 110 4
551 111 5
551 112 5
551 113 4
551 114 4
551 115 5
551 116 5
551 117 5
551 118 4
551 119 4
551 120 4
551 121 5
576 1 5
576 2 5
576 3 4
576 4 4
576 5 4
576 6 4
576 7 5
576 8 5
576 9 4
576 10 5
576 11 4
576 12 4
576 13 4
576 14 5
576 15 4
576 16 5
576 17 4
576 18 4
576 19 4
576 20 4
576 21 3
576 22 4
576 23 4
576 24 4
576 25 4
576 26 5
576 27 5
576 28 5
576 29 5
576 30 4
576 31 4
576 32 5
576 33 4
576 34 4
576 35 4
576 36 4
576 37 4
576 38 4
576 39 4
576 40 4
576 41 4
576 42 4
576 43 5
576 44 3
576 45 5
576 46 4
576 47 4
576 48 3
576 49 5
576 50 5
576 51 5
576 52 4
576 53 4
576 54 5
576 55 5
576 56 4
576 57 4
576 58 5
576 59 4
576 60 5
576 61 4
576 62 4
576 63 4
576 64 5
576 65 4
576 66 5
576 67 4
576 68 5
576 69 4
576 70 4
576 71 5
576 72 4
576 73 4
576 74 4
576 75 4
576 76 4
576 77 5
576 78 4
576 79 4
576 80 4
576 81 4
576 82 4
576 83 4
576 84 4
576 85 4
576 86 4
576 87 4
576 88 4
576 89 4
576 90 4
576 91 4
576 92 4
576 93 5
576 94 4
576 95 4
576 96 5
576 97 4
576 98 4
576 99 4
576 100 5
576 101 4
576 102 4
576 103 4
576 104 5
576 105 4
576 106 5
576 107 4
576 108 5
576 109 4
576 110 3
576 111 5
576 112 4
576 113 4
576 114 4
576 115 4
576 116 5
576 117 3
576 118 5
576 119 4
576 120 4
576 121 5
601 1 4
601 2 4
601 3 4
601 4 4
601 5 4
601 6 4
601 7 4
601 8 4
601 9 5
601 10 4
601 11 4
601 12 4
601 13 4
601 14 4
601 15 4
601 16 4
601 17 4
601 18 4
601 19 4
601 20 4
601 21 4
601 22 4
601 23 4
601 24 5
601 25 4
601 26 4
601 27 4
601 28 5
601 29 4
601 30 5
601 31 4
601 32 4
601 33 4
601 34 4
601 35 5
601 36 5
601 37 4
601 38 4
601 39 5
601 40 4
601 41 4
601 42 5
601 43 4
601 44 4
601 45 5
601 46 5
601 47 4
601 48 4
601 49 4
601 50 4
601 51 4
601 52 4
601 53 4
601 54 5
601 55 3
601 56 3
601 57 5
601 58 4
601 59 5
601 60 4
601 61 4
601 62 4
601 63 4
601 64 4
601 65 4
601 66 4
601 67 4
601 68 5
601 69 5
601 70 5
601 71 4
601 72 4
601 73 4
601 74 4
601 75 4
601 76 4
601 77 4
601 78 4
601 79 4
601 80 5
601 81 4
601 82 4
601 83 4
601 84 4
601 85 4
601 86 4
601 87 4
601 88 5
601 89 4
601 90 4
601 91 4
601 92 4
601 93 4
601 94 4
601 95 4
601 96 4
601 97 4
601 98 4
601 99 4
601 100 3
601 101 4
601 102 4
601 103 4
601 104 4
601 105 4
601 106 4
601 107 4
601 108 4
601 109 4
601 110 4
601 111 4
601 112 4
601 113 4
601 114 4
601 115 4
601 116 4
601 117 4
601 118 4
601 119 4
601 120 4
601 121 4
626 1 4
626 2 4
626 3 4
626 4 4
626 5 4
626 6 4
626 7 4
626 8 4
626 9 4
626 10 3
626 11 4
626 12 5
626 13 4
626 14 4
626 15 4
626 16 4
626 17 5
626 18 5
626 19 4
626 20 5
626 21 4
626 22 5
626 23 4
626 24 5
626 25 5
626 26 4
626 27 5
626 28 5
626 29 4
626 30 4
626 31 4
626 32 4
626 33 3
626 34 4
626 35 4
626 36 5
626 37 5
626 38 4
626 39 5
626 40 5
626 41 4
626 42 4
626 43 5
626 44 3
626 45 4
626 46 5
626 47 4
626 48 4
626 49 5
626 50 5
626 51 4
626 52 5
626 53 4
626 54 4
626 55 4
626 56 4
626 57 4
626 58 4
626 59 4
626 60 4
626 61 4
626 62 4
626 63 4
626 64 4
626 65 4
626 66 4
626 67 4
626 68 4
626 69 4
626 70 4
626 71 4
626 72 4
626 73 4
626 74 4
626 75 4
626 76 4
626 77 4
626 78 4
626 79 4
626 80 5
626 81 4
626 82 4
626 83 4
626 84 4
626 85 4
626 86 4
626 87 4
626 88 3
626 89 3
626 90 4
626 91 4
626 92 4
626 93 4
626 94 4
626 95 4
626 96 4
626 97 4
626 98 4
626 99 5
626 100 4
626 101 4
626 102 4
626 103 4
626 104 4
626 105 4
626 106 4
626 107 4
626 108 4
626 109 4
626 110 4
626 111 4
626 112 4
626 113 5
626 114 4
626 115 4
626 116 4
626 117 4
626 118 4
626 119 4
626 120 4
626 121 4
651 1 4
651 2 5
651 3 4
651 4 5
651 5 5
651 6 5
651 7 4
651 8 4
651 9 5
651 10 5
651 11 4
651 12 5
651 13 5
651 14 4
651 15 5
651 16 4
651 17 4
651 18 4
651 19 4
651 20 5
651 21 4
651 22 5
651 23 5
651 24 5
651 25 4
651 26 4
651 27 5
651 28 5
651 29 4
651 30 4
651 31 5
651 32 4
651 33 5
651 34 3
651 35 4
651 36 4
651 37 4
651 38 5
651 39 5
651 40 4
651 41 4
651 42 5
651 43 3
651 44 4
651 45 5
651 46 4
651 47 4
651 48 4
651 49 5
651 50 4
651 51 4
651 52 4
651 53 4
651 54 4
651 55 4
651 56 4
651 57 4
651 58 4
651 59 5
651 60 3
651 61 4
651 62 4
651 63 4
651 64 4
651 65 3
651 66 3
651 67 4
651 68 3
651 69 4
651 70 4
651 71 4
651 72 4
651 73 4
651 74 4
651 75 3
651 76 4
651 77 3
651 78 4
651 79 4
651 80 3
651 81 4
651 82 5
651 83 4
651 84 4
651 85 4
651 86 4
651 87 4
651 88 4
651 89 4
651 90 4
651 91 4
651 92 4
651 93 4
651 94 5
651 95 4
651 96 4
651 97 4
651 98 4
651 99 3
651 100 3
651 101 4
651 102 5
651 103 5
651 104 4
651 105 4
651 106 4
651 107 4
651 108 4
651 109 4
651 110 4
651 111 3
651 112 4
651 113 4
651 114 4
651 115 4
651 116 4
651 117 4
651 118 4
651 119 4
651 120 4
651 121 4
676 1 4
676 2 5
676 3 3
676 4 4
676 5 5
676 6 4
676 7 4
676 8 5
676 9 4
676 10 4
676 11 5
676 12 5
676 13 4
676 14 5
676 15 4
676 16 4
676 17 5
676 18 5
676 19 5
676 20 4
676 21 5
676 22 4
676 23 5
676 24 5
676 25 5
676 26 5
676 27 4
676 28 5
676 29 5
676 30 5
676 31 4
676 32 5
676 33 4
676 34 4
676 35 4
676 36 4
676 37 4
676 38 4
676 39 5
676 40 5
676 41 5
676 42 5
676 43 5
676 44 4
676 45 4
676 46 4
676 47 4
676 48 5
676 49 5
676 50 5
676 51 5
676 52 5
676 53 4
676 54 5
676 55 5
676 56 4
676 57 4
676 58 4
676 59 5
676 60 4
676 61 5
676 62 4
676 63 4
676 64 4
676 65 4
676 66 4
676 67 4
676 68 5
676 69 4
676 70 4
676 71 4
676 72 4
676 73 5
676 74 4
676 75 4
676 76 4
676 77 4
676 78 4
676 79 5
676 80 4
676 81 4
676 82 4
676 83 4
676 84 4
676 85 4
676 86 4
676 87 4
676 88 4
676 89 4
676 90 4
676 91 4
676 92 4
676 93 4
676 94 4
676 95 4
676 96 4
676 97 4
676 98 4
676 99 4
676 100 4
676 101 5
676 102 4
676 103 4
676 104 5
676 105 5
676 106 4
676 107 5
676 108 4
676 109 4
676 110 4
676 111 4
676 112 5
676 113 5
676 114 4
676 115 5
676 116 5
676 117 5
676 118 5
676 119 4
676 120 4
676 121 4
701 1 4
701 2 5
701 3 5
701 4 5
701 5 5
701 6 5
701 7 5
701 8 5
701 9 5
701 10 5
701 11 3
701 12 5
701 13 5
701 14 5
701 15 4
701 16 5
701 17 4
701 18 4
701 19 5
701 20 4
701 21 4
701 22 4
701 23 5
701 24 4
701 25 5
701 26 5
701 27 5
701 28 5
701 29 5
701 30 5
701 31 5
701 32 4
701 33 3
701 34 4
701 35 4
701 36 4
701 37 5
701 38 5
701 39 5
701 40 5
701 41 5
701 42 5
701 43 5
701 44 3
701 45 4
701 46 5
701 47 5
701 48 4
701 49 5
701 50 5
701 51 4
701 52 5
701 53 5
701 54 4
701 55 4
701 56 4
701 57 4
701 58 5
701 59 5
701 60 5
701 61 5
701 62 4
701 63 4
701 64 4
701 65 4
701 66 4
701 67 4
701 68 4
701 69 5
701 70 5
701 71 5
701 72 4
701 73 5
701 74 4
701 75 4
701 76 4
701 77 5
701 78 4
701 79 4
701 80 5
701 81 4
701 82 5
701 83 5
701 84 4
701 85 4
701 86 4
701 87 4
701 88 4
701 89 4
701 90 4
701 91 4
701 92 5
701 93 5
701 94 5
701 95 5
701 96 5
701 97 4
701 98 4
701 99 4
701 100 4
701 101 5
701 102 5
701 103 5
701 104 5
701 105 4
701 106 5
701 107 4
701 108 5
701 109 4
701 110 4
701 111 4
701 112 5
701 113 5
701 114 5
701 115 5
701 116 5
701 117 5
701 118 5
701 119 5
701 120 4
701 121 4
726 1 4
726 2 5
726 3 4
726 4 5
726 5 4
726 6 5
726 7 5
726 8 5
726 9 5
726 10 5
726 11 4
726 12 5
726 13 5
726 14 4
726 15 5
726 16 5
726 17 4
726 18 5
726 19 5
726 20 5
726 21 4
726 22 2
726 23 5
726 24 5
726 25 5
726 26 5
726 27 5
726 28 5
726 29 4
726 30 5
726 31 5
726 32 4
726 33 3
726 34 5
726 35 4
726 36 5
726 37 5
726 38 4
726 39 4
726 40 4
726 41 5
726 42 5
726 43 5
726 44 4
726 45 5
726 46 5
726 47 4
726 48 5
726 49 5
726 50 4
726 51 5
726 52 5
726 53 4
726 54 4
726 55 3
726 56 5
726 57 5
726 58 4
726 59 4
726 60 5
726 61 5
726 62 5
726 63 4
726 64 4
726 65 4
726 66 4
726 67 4
726 68 5
726 69 5
726 70 4
726 71 4
726 72 5
726 73 4
726 74 4
726 75 4
726 76 4
726 77 5
726 78 5
726 79 5
726 80 4
726 81 5
726 82 4
726 83 5
726 84 4
726 85 4
726 86 4
726 87 5
726 88 4
726 89 4
726 90 4
726 91 5
726 92 5
726 93 5
726 94 5
726 95 4
726 96 5
726 97 5
726 98 4
726 99 4
726 100 4
726 101 4
726 102 4
726 103 4
726 104 4
726 105 5
726 106 4
726 107 5
726 108 5
726 109 4
726 110 4
726 111 5
726 112 5
726 113 5
726 114 5
726 115 4
726 116 5
726 117 5
726 118 5
726 119 5
726 120 4
726 121 4
751 1 4
751 2 4
751 3 4
751 4 4
751 5 5
751 6 4
751 7 5
751 8 4
751 9 5
751 10 5
751 11 5
751 12 4
751 13 4
751 14 5
751 15 5
751 16 5
751 17 5
751 18 5
751 19 5
751 20 4
751 21 2
751 22 5
751 23 5
751 24 5
751 25 4
751 26 5
751 27 5
751 28 5
751 29 5
751 30 5
751 31 5
751 32 2
751 33 4
751 34 5
751 35 5
751 