1 5267
26 3586
51 3724
76 3697
101 3768
126 3796
151 3651
176 3666
201 3687
226 3740
251 3756
276 3753
301 3724
326 3695
351 3730
376 3790
401 3727
426 3645
451 3699
476 3691
501 3732
526 3762
551 3711
576 3698
601 3714
626 3639
651 3721
676 3707
701 3615
726 3708
751 3706
776 3780
801 3682
826 3689
851 3686
876 3736
901 3721
926 3751
951 3716
976 3710
1001 3728
1026 3767
1051 3691
1076 3706
1101 3731
1126 3681
1151 3678
1176 3757
1201 3702
1226 3713
1251 3774
1276 3733
1301 3703
1326 3704
1351 3667
1376 3721
1401 3689
1426 3746
1451 3774
1476 3715
1501 3688
1526 3786
1551 3724
1576 3747
1601 3701
1626 3684
1651 3687
1676 3640
1701 3600
1726 3659
1751 3701
1776 3796
1801 3700
1826 3689
1851 3757
1876 3703
1901 3671
1926 3624
1951 3760
1976 3753
