1 1 3
1 2 3
1 3 4
1 4 4
1 5 3
1 6 3
1 7 3
1 8 4
1 9 4
1 10 4
1 11 4
1 12 4
1 13 4
1 14 3
1 15 3
1 16 3
1 17 3
1 18 3
1 19 3
1 20 3
1 21 3
1 22 4
1 23 3
1 24 5
1 25 5
1 26 3
1 27 3
1 28 3
1 29 3
1 30 4
1 31 3
1 32 4
1 33 4
1 34 4
1 35 5
1 36 4
1 37 3
1 38 3
1 39 3
1 40 3
1 41 4
1 42 4
1 43 4
1 44 4
1 45 3
1 46 4
1 47 3
1 48 3
1 49 3
1 50 3
1 51 3
1 52 4
1 53 3
1 54 4
1 55 3
1 56 4
1 57 4
1 58 3
1 59 5
1 60 3
1 61 3
1 62 4
1 63 3
1 64 4
1 65 3
1 66 4
1 67 4
1 68 3
1 69 3
1 70 4
1 71 3
1 72 4
1 73 4
1 74 3
1 75 3
1 76 5
1 77 3
1 78 3
1 79 3
1 80 3
1 81 3
1 82 3
1 83 3
1 84 3
1 85 5
1 86 3
1 87 4
1 88 3
1 89 3
1 90 3
1 91 3
1 92 3
1 93 3
1 94 3
1 95 3
1 96 4
1 97 4
1 98 3
1 99 3
1 100 4
1 101 4
1 102 3
1 103 3
1 104 3
1 105 4
1 106 4
1 107 4
1 108 3
1 109 3
1 110 4
1 111 3
1 112 3
1 113 4
1 114 4
1 115 3
1 116 3
1 117 3
1 118 3
1 119 3
1 120 3
1 121 4
26 1 3
26 2 3
26 3 3
26 4 3
26 5 3
26 6 3
26 7 3
26 8 3
26 9 3
26 10 2
26 11 3
26 12 4
26 13 3
26 14 3
26 15 4
26 16 2
26 17 3
26 18 3
26 19 4
26 20 3
26 21 1
26 22 3
26 23 4
26 24 1
26 25 1
26 26 2
26 27 1
26 28 3
26 29 3
26 30 3
26 31 3
26 32 1
26 33 2
26 34 2
26 35 1
26 36 2
26 37 2
26 38 3
26 39 3
26 40 2
26 41 3
26 42 4
26 43 2
26 44 2
26 45 2
26 46 3
26 47 3
26 48 3
26 49 3
26 50 3
26 51 2
26 52 3
26 53 1
26 54 2
26 55 1
26 56 3
26 57 3
26 58 3
26 59 3
26 60 3
26 61 3
26 62 2
26 63 2
26 64 4
26 65 2
26 66 1
26 67 1
26 68 1
26 69 2
26 70 2
26 71 3
26 72 1
26 73 3
26 74 0
26 75 1
26 76 2
26 77 1
26 78 1
26 79 1
26 80 2
26 81 3
26 82 2
26 83 2
26 84 2
26 85 2
26 86 2
26 87 3
26 88 1
26 89 2
26 90 3
26 91 3
26 92 3
26 93 3
26 94 2
26 95 3
26 96 4
26 97 3
26 98 4
26 99 3
26 100 2
26 101 1
26 102 3
26 103 3
26 104 3
26 105 3
26 106 3
26 107 4
26 108 4
26 109 3
26 110 3
26 111 1
26 112 2
26 113 3
26 114 3
26 115 3
26 116 3
26 117 3
26 118 3
26 119 4
26 120 4
26 121 2
51 1 4
51 2 4
51 3 3
51 4 3
51 5 3
51 6 4
51 7 4
51 8 4
51 9 4
51 10 1
51 11 3
51 12 3
51 13 4
51 14 2
51 15 3
51 16 4
51 17 4
51 18 4
51 19 3
51 20 3
51 21 1
51 22 3
51 23 1
51 24 3
51 25 4
51 26 4
51 27 2
51 28 3
51 29 3
51 30 5
51 31 4
51 32 1
51 33 1
51 34 2
51 35 2
51 36 1
51 37 1
51 38 4
51 39 3
51 40 2
51 41 2
51 42 1
51 43 2
51 44 2
51 45 1
51 46 3
51 47 3
51 48 3
51 49 4
51 50 3
51 51 1
51 52 1
51 53 2
51 54 2
51 55 2
51 56 2
51 57 2
51 58 3
51 59 3
51 60 4
51 61 3
51 62 2
51 63 2
51 64 3
51 65 2
51 66 1
51 67 1
51 68 1
51 69 3
51 70 4
51 71 4
51 72 2
51 73 2
51 74 3
51 75 1
51 76 1
51 77 1
51 78 3
51 79 2
51 80 2
51 81 4
51 82 2
51 83 3
51 84 3
51 85 2
51 86 3
51 87 2
51 88 2
51 89 2
51 90 1
51 91 2
51 92 3
51 93 4
51 94 3
51 95 2
51 96 4
51 97 4
51 98 4
51 99 3
51 100 2
51 101 1
51 102 3
51 103 2
51 104 3
51 105 3
51 106 3
51 107 3
51 108 4
51 109 3
51 110 3
51 111 3
51 112 1
51 113 3
51 114 3
51 115 3
51 116 4
51 117 4
51 118 4
51 119 2
51 120 4
51 121 2
76 1 3
76 2 4
76 3 4
76 4 5
76 5 5
76 6 4
76 7 4
76 8 5
76 9 4
76 10 3
76 11 3
76 12 4
76 13 5
76 14 5
76 15 5
76 16 4
76 17 4
76 18 3
76 19 3
76 20 3
76 21 1
76 22 2
76 23 2
76 24 5
76 25 4
76 26 4
76 27 4
76 28 3
76 29 3
76 30 5
76 31 2
76 32 2
76 33 1
76 34 1
76 35 2
76 36 4
76 37 3
76 38 2
76 39 5
76 40 4
76 41 4
76 42 1
76 43 1
76 44 1
76 45 2
76 46 4
76 47 4
76 48 2
76 49 3
76 50 2
76 51 1
76 52 2
76 53 2
76 54 1
76 55 1
76 56 2
76 57 2
76 58 3
76 59 4
76 60 2
76 61 2
76 62 1
76 63 2
76 64 2
76 65 2
76 66 2
76 67 3
76 68 2
76 69 2
76 70 2
76 71 2
76 72 2
76 73 2
76 74 2
76 75 1
76 76 2
76 77 2
76 78 1
76 79 1
76 80 3
76 81 2
76 82 3
76 83 1
76 84 2
76 85 1
76 86 4
76 87 2
76 88 1
76 89 1
76 90 3
76 91 3
76 92 5
76 93 4
76 94 3
76 95 3
76 96 4
76 97 3
76 98 1
76 99 3
76 100 2
76 101 3
76 102 4
76 103 4
76 104 4
76 105 4
76 106 3
76 107 3
76 108 3
76 109 3
76 110 3
76 111 3
76 112 3
76 113 4
76 114 4
76 115 3
76 116 3
76 117 4
76 118 3
76 119 3
76 120 3
76 121 3
101 1 4
101 2 4
101 3 4
101 4 4
101 5 4
101 6 4
101 7 4
101 8 4
101 9 3
101 10 3
101 11 2
101 12 5
101 13 4
101 14 4
101 15 5
101 16 4
101 17 4
101 18 4
101 19 3
101 20 3
101 21 2
101 22 4
101 23 2
101 24 3
101 25 2
101 26 5
101 27 3
101 28 5
101 29 3
101 30 4
101 31 1
101 32 3
101 33 2
101 34 4
101 35 1
101 36 2
101 37 3
101 38 2
101 39 2
101 40 3
101 41 2
101 42 1
101 43 1
101 44 3
101 45 2
101 46 2
101 47 3
101 48 2
101 49 2
101 50 2
101 51 1
101 52 2
101 53 2
101 54 3
101 55 2
101 56 2
101 57 3
101 58 4
101 59 3
101 60 3
101 61 2
101 62 2
101 63 2
101 64 3
101 65 1
101 66 3
101 67 3
101 68 2
101 69 3
101 70 2
101 71 2
101 72 2
101 73 2
101 74 2
101 75 2
101 76 2
101 77 2
101 78 1
101 79 2
101 80 3
101 81 5
101 82 5
101 83 2
101 84 2
101 85 2
101 86 3
101 87 1
101 88 1
101 89 2
101 90 4
101 91 4
101 92 5
101 93 3
101 94 3
101 95 4
101 96 3
101 97 3
101 98 4
101 99 2
101 100 1
101 101 4
101 102 5
101 103 4
101 104 4
101 105 4
101 106 4
101 107 4
101 108 3
101 109 2
101 110 3
101 111 2
101 112 4
101 113 4
101 114 4
101 115 4
101 116 4
101 117 4
101 118 4
101 119 3
101 120 2
101 121 2
126 1 3
126 2 3
126 3 4
126 4 4
126 5 4
126 6 4
126 7 4
126 8 4
126 9 3
126 10 3
126 11 2
126 12 5
126 13 4
126 14 4
126 15 4
126 16 5
126 17 4
126 18 3
126 19 4
126 20 4
126 21 1
126 22 4
126 23 3
126 24 4
126 25 5
126 26 5
126 27 3
126 28 4
126 29 4
126 30 4
126 31 3
126 32 1
126 33 2
126 34 1
126 35 2
126 36 3
126 37 2
126 38 3
126 39 3
126 40 3
126 41 4
126 42 2
126 43 1
126 44 2
126 45 1
126 46 1
126 47 3
126 48 3
126 49 3
126 50 2
126 51 1
126 52 1
126 53 2
126 54 2
126 55 1
126 56 1
126 57 3
126 58 3
126 59 3
126 60 2
126 61 2
126 62 1
126 63 2
126 64 1
126 65 2
126 66 1
126 67 2
126 68 1
126 69 3
126 70 3
126 71 3
126 72 3
126 73 2
126 74 2
126 75 1
126 76 3
126 77 2
126 78 3
126 79 1
126 80 4
126 81 4
126 82 3
126 83 3
126 84 3
126 85 3
126 86 3
126 87 1
126 88 1
126 89 1
126 90 4
126 91 4
126 92 4
126 93 3
126 94 3
126 95 3
126 96 4
126 97 4
126 98 3
126 99 2
126 100 3
126 101 4
126 102 4
126 103 4
126 104 4
126 105 4
126 106 3
126 107 4
126 108 4
126 109 4
126 110 3
126 111 3
126 112 3
126 113 4
126 114 4
126 115 4
126 116 4
126 117 4
126 118 4
126 119 4
126 120 3
126 121 4
151 1 4
151 2 4
151 3 4
151 4 4
151 5 3
151 6 4
151 7 3
151 8 5
151 9 4
151 10 4
151 11 3
151 12 4
151 13 4
151 14 4
151 15 4
151 16 4
151 17 4
151 18 4
151 19 3
151 20 3
151 21 1
151 22 4
151 23 3
151 24 2
151 25 3
151 26 5
151 27 5
151 28 3
151 29 4
151 30 4
151 31 3
151 32 3
151 33 1
151 34 2
151 35 1
151 36 3
151 37 4
151 38 4
151 39 4
151 40 5
151 41 1
151 42 2
151 43 1
151 44 2
151 45 1
151 46 3
151 47 3
151 48 4
151 49 3
151 50 3
151 51 1
151 52 1
151 53 3
151 54 1
151 55 2
151 56 1
151 57 3
151 58 3
151 59 4
151 60 4
151 61 2
151 62 2
151 63 2
151 64 2
151 65 2
151 66 2
151 67 2
151 68 1
151 69 3
151 70 4
151 71 3
151 72 1
151 73 2
151 74 2
151 75 2
151 76 2
151 77 2
151 78 2
151 79 2
151 80 4
151 81 4
151 82 5
151 83 2
151 84 3
151 85 4
151 86 3
151 87 4
151 88 2
151 89 2
151 90 3
151 91 4
151 92 5
151 93 4
151 94 3
151 95 4
151 96 3
151 97 3
151 98 3
151 99 2
151 100 2
151 101 3
151 102 5
151 103 4
151 104 4
151 105 3
151 106 3
151 107 4
151 108 4
151 109 3
151 110 3
151 111 4
151 112 4
151 113 4
151 114 4
151 115 4
151 116 4
151 117 4
151 118 4
151 119 4
151 120 3
151 121 3
176 1 4
176 2 4
176 3 4
176 4 4
176 5 4
176 6 3
176 7 4
176 8 4
176 9 4
176 10 4
176 11 4
176 12 4
176 13 4
176 14 5
176 15 4
176 16 4
176 17 3
176 18 3
176 19 4
176 20 2
176 21 3
176 22 2
176 23 4
176 24 3
176 25 3
176 26 5
176 27 4
176 28 3
176 29 3
176 30 3
176 31 3
176 32 1
176 33 2
176 34 1
176 35 1
176 36 3
176 37 4
176 38 3
176 39 2
176 40 3
176 41 2
176 42 1
176 43 1
176 44 1
176 45 1
176 46 2
176 47 3
176 48 4
176 49 3
176 50 1
176 51 2
176 52 2
176 53 1
176 54 1
176 55 1
176 56 2
176 57 2
176 58 4
176 59 3
176 60 4
176 61 3
176 62 1
176 63 2
176 64 2
176 65 2
176 66 1
176 67 2
176 68 2
176 69 3
176 70 3
176 71 3
176 72 4
176 73 2
176 74 2
176 75 1
176 76 2
176 77 1
176 78 2
176 79 3
176 80 3
176 81 5
176 82 4
176 83 2
176 84 4
176 85 4
176 86 5
176 87 1
176 88 2
176 89 2
176 90 4
176 91 4
176 92 3
176 93 3
176 94 4
176 95 3
176 96 3
176 97 4
176 98 3
176 99 3
176 100 3
176 101 4
176 102 4
176 103 3
176 104 3
176 105 3
176 106 3
176 107 3
176 108 4
176 109 3
176 110 3
176 111 3
176 112 4
176 113 3
176 114 4
176 115 4
176 116 5
176 117 3
176 118 4
176 119 4
176 120 4
176 121 4
201 1 3
201 2 4
201 3 4
201 4 4
201 5 3
201 6 4
201 7 4
201 8 5
201 9 5
201 10 3
201 11 3
201 12 3
201 13 4
201 14 4
201 15 3
201 16 5
201 17 4
201 18 4
201 19 4
201 20 4
201 21 1
201 22 1
201 23 4
201 24 4
201 25 4
201 26 4
201 27 3
201 28 5
201 29 4
201 30 5
201 31 3
201 32 1
201 33 1
201 34 1
201 35 2
201 36 3
201 37 1
201 38 2
201 39 2
201 40 4
201 41 3
201 42 1
201 43 1
201 44 1
201 45 1
201 46 2
201 47 3
201 48 3
201 49 3
201 50 3
201 51 3
201 52 1
201 53 1
201 54 1
201 55 1
201 56 2
201 57 2
201 58 3
201 59 3
201 60 4
201 61 2
201 62 1
201 63 1
201 64 1
201 65 1
201 66 1
201 67 1
201 68 3
201 69 4
201 70 2
201 71 4
201 72 3
201 73 2
201 74 1
201 75 2
201 76 2
201 77 2
201 78 1
201 79 3
201 80 4
201 81 4
201 82 3
201 83 2
201 84 2
201 85 3
201 86 4
201 87 1
201 88 1
201 89 2
201 90 2
201 91 5
201 92 4
201 93 3
201 94 3
201 95 4
201 96 5
201 97 4
201 98 5
201 99 3
201 100 4
201 101 3
201 102 4
201 103 4
201 104 3
201 105 4
201 106 4
201 107 4
201 108 4
201 109 3
201 110 3
201 111 5
201 112 5
201 113 4
201 114 4
201 115 4
201 116 4
201 117 4
201 118 4
201 119 3
201 120 4
201 121 4
226 1 4
226 2 5
226 3 4
226 4 4
226 5 4
226 6 4
226 7 4
226 8 4
226 9 5
226 10 3
226 11 4
226 12 3
226 13 4
226 14 3
226 15 4
226 16 4
226 17 5
226 18 4
226 19 4
226 20 3
226 21 1
226 22 3
226 23 4
226 24 3
226 25 3
226 26 3
226 27 4
226 28 4
226 29 4
226 30 5
226 31 4
226 32 1
226 33 1
226 34 1
226 35 2
226 36 4
226 37 3
226 38 3
226 39 5
226 40 4
226 41 2
226 42 1
226 43 1
226 44 1
226 45 1
226 46 2
226 47 2
226 48 2
226 49 2
226 50 2
226 51 2
226 52 1
226 53 1
226 54 1
226 55 1
226 56 2
226 57 2
226 58 3
226 59 2
226 60 3
226 61 2
226 62 2
226 63 1
226 64 1
226 65 1
226 66 1
226 67 1
226 68 3
226 69 3
226 70 4
226 71 3
226 72 3
226 73 2
226 74 1
226 75 1
226 76 2
226 77 1
226 78 1
226 79 2
226 80 4
226 81 5
226 82 4
226 83 1
226 84 4
226 85 4
226 86 3
226 87 1
226 88 1
226 89 2
226 90 3
226 91 5
226 92 5
226 93 4
226 94 2
226 95 4
226 96 4
226 97 3
226 98 4
226 99 2
226 100 3
226 101 4
226 102 5
226 103 5
226 104 4
226 105 4
226 106 4
226 107 4
226 108 4
226 109 5
226 110 4
226 111 4
226 112 5
226 113 5
226 114 5
226 115 4
226 116 4
226 117 4
226 118 4
226 119 4
226 120 4
226 121 5
251 1 5
251 2 4
251 3 4
251 4 4
251 5 4
251 6 4
251 7 4
251 8 4
251 9 3
251 10 4
251 11 4
251 12 4
251 13 4
251 14 5
251 15 4
251 16 4
251 17 4
251 18 4
251 19 4
251 20 4
251 21 0
251 22 2
251 23 2
251 24 4
251 25 3
251 26 2
251 27 4
251 28 5
251 29 4
251 30 3
251 31 3
251 32 1
251 33 1
251 34 2
251 35 2
251 36 3
251 37 3
251 38 2
251 39 4
251 40 3
251 41 4
251 42 2
251 43 2
251 44 1
251 45 1
251 46 2
251 47 4
251 48 5
251 49 3
251 50 3
251 51 2
251 52 1
251 53 2
251 54 2
251 55 1
251 56 1
251 57 4
251 58 4
251 59 4
251 60 4
251 61 3
251 62 2
251 63 1
251 64 1
251 65 1
251 66 1
251 67 1
251 68 3
251 69 4
251 70 3
251 71 3
251 72 4
251 73 2
251 74 1
251 75 1
251 76 1
251 77 2
251 78 1
251 79 2
251 80 4
251 81 4
251 82 5
251 83 1
251 84 4
251 85 3
251 86 3
251 87 1
251 88 1
251 89 2
251 90 4
251 91 5
251 92 3
251 93 3
251 94 4
251 95 4
251 96 5
251 97 4
251 98 3
251 99 5
251 100 3
251 101 5
251 102 5
251 103 4
251 104 5
251 105 5
251 106 4
251 107 4
251 108 4
251 109 4
251 110 4
251 111 4
251 112 4
251 113 4
251 114 4
251 115 4
251 116 4
251 117 4
251 118 4
251 119 3
251 120 4
251 121 4
276 1 5
276 2 3
276 3 4
276 4 3
276 5 4
276 6 4
276 7 4
276 8 4
276 9 4
276 10 3
276 11 4
276 12 4
276 13 5
276 14 4
276 15 3
276 16 4
276 17 4
276 18 4
276 19 4
276 20 4
276 21 2
276 22 4
276 23 4
276 24 4
276 25 4
276 26 2
276 27 3
276 28 4
276 29 4
276 30 4
276 31 3
276 32 2
276 33 1
276 34 1
276 35 2
276 36 2
276 37 4
276 38 3
276 39 3
276 40 3
276 41 3
276 42 2
276 43 1
276 44 1
276 45 1
276 46 4
276 47 3
276 48 3
276 49 4
276 50 3
276 51 2
276 52 1
276 53 2
276 54 2
276 55 1
276 56 2
276 57 4
276 58 4
276 59 3
276 60 4
276 61 2
276 62 2
276 63 1
276 64 1
276 65 1
276 66 1
276 67 1
276 68 3
276 69 3
276 70 4
276 71 4
276 72 3
276 73 1
276 74 2
276 75 1
276 76 1
276 77 2
276 78 1
276 79 1
276 80 4
276 81 4
276 82 4
276 83 2
276 84 3
276 85 3
276 86 4
276 87 1
276 88 1
276 89 2
276 90 4
276 91 3
276 92 5
276 93 3
276 94 4
276 95 4
276 96 4
276 97 3
276 98 5
276 99 3
276 100 4
276 101 4
276 102 4
276 103 5
276 104 3
276 105 5
276 106 5
276 107 4
276 108 4
276 109 3
276 110 5
276 111 3
276 112 4
276 113 4
276 114 4
276 115 4
276 116 5
276 117 4
276 118 3
276 119 4
276 120 3
276 121 4
301 1 4
301 2 3
301 3 3
301 4 3
301 5 4
301 6 4
301 7 4
301 8 3
301 9 4
301 10 3
301 11 4
301 12 5
301 13 5
301 14 4
301 15 4
301 16 3
301 17 4
301 18 4
301 19 5
301 20 4
301 21 3
301 22 4
301 23 4
301 24 4
301 25 4
301 26 3
301 27 4
301 28 4
301 29 3
301 30 4
301 31 4
301 32 1
301 33 1
301 34 1
301 35 2
301 36 3
301 37 4
301 38 4
301 39 4
301 40 4
301 41 2
301 42 3
301 43 1
301 44 1
301 45 3
301 46 3
301 47 3
301 48 3
301 49 3
301 50 3
301 51 1
301 52 1
301 53 1
301 54 1
301 55 1
301 56 2
301 57 4
301 58 3
301 59 3
301 60 4
301 61 4
301 62 2
301 63 1
301 64 2
301 65 1
301 66 1
301 67 1
301 68 4
301 69 4
301 70 3
301 71 4
301 72 4
301 73 1
301 74 1
301 75 1
301 76 1
301 77 1
301 78 1
301 79 1
301 80 4
301 81 4
301 82 5
301 83 3
301 84 4
301 85 5
301 86 5
301 87 1
301 88 1
301 89 2
301 90 2
301 91 3
301 92 4
301 93 4
301 94 3
301 95 4
301 96 4
301 97 5
301 98 3
301 99 4
301 100 4
301 101 3
301 102 4
301 103 4
301 104 4
301 105 4
301 106 4
301 107 4
301 108 4
301 109 4
301 110 3
301 111 4
301 112 4
301 113 3
301 114 4
301 115 4
301 116 5
301 117 4
301 118 4
301 119 3
301 120 4
301 121 4
326 1 4
326 2 3
326 3 4
326 4 4
326 5 4
326 6 3
326 7 4
326 8 5
326 9 4
326 10 2
326 11 4
326 12 5
326 13 4
326 14 4
326 15 5
326 16 4
326 17 3
326 18 3
326 19 3
326 20 4
326 21 1
326 22 2
326 23 5
326 24 3
326 25 4
326 26 4
326 27 4
326 28 3
326 29 3
326 30 3
326 31 3
326 32 2
326 33 1
326 34 1
326 35 1
326 36 3
326 37 3
326 38 1
326 39 3
326 40 4
326 41 3
326 42 2
326 43 1
326 44 1
326 45 2
326 46 3
326 47 3
326 48 3
326 49 4
326 50 2
326 51 1
326 52 1
326 53 1
326 54 1
326 55 1
326 56 2
326 57 3
326 58 4
326 59 4
326 60 4
326 61 3
326 62 1
326 63 1
326 64 1
326 65 1
326 66 1
326 67 1
326 68 4
326 69 3
326 70 3
326 71 3
326 72 3
326 73 1
326 74 1
326 75 1
326 76 1
326 77 2
326 78 2
326 79 1
326 80 4
326 81 4
326 82 4
326 83 1
326 84 4
326 85 3
326 86 4
326 87 2
326 88 1
326 89 1
326 90 3
326 91 4
326 92 4
326 93 4
326 94 4
326 95 5
326 96 4
326 97 4
326 98 4
326 99 5
326 100 3
326 101 4
326 102 4
326 103 4
326 104 5
326 105 5
326 106 5
326 107 4
326 108 4
326 109 4
326 110 3
326 111 4
326 112 3
326 113 4
326 114 4
326 115 4
326 116 5
326 117 5
326 118 4
326 119 4
326 120 5
326 121 4
351 1 4
351 2 4
351 3 5
351 4 4
351 5 4
351 6 4
351 7 4
351 8 4
351 9 5
351 10 3
351 11 4
351 12 5
351 13 5
351 14 5
351 15 5
351 16 5
351 17 5
351 18 3
351 19 3
351 20 4
351 21 1
351 22 2
351 23 2
351 24 5
351 25 4
351 26 4
351 27 5
351 28 4
351 29 3
351 30 4
351 31 3
351 32 3
351 33 1
351 34 1
351 35 2
351 36 3
351 37 4
351 38 2
351 39 4
351 40 2
351 41 4
351 42 2
351 43 1
351 44 1
351 45 2
351 46 3
351 47 3
351 48 3
351 49 4
351 50 2
351 51 1
351 52 1
351 53 1
351 54 1
351 55 1
351 56 1
351 57 3
351 58 3
351 59 4
351 60 4
351 61 3
351 62 1
351 63 1
351 64 1
351 65 1
351 66 1
351 67 1
351 68 3
351 69 3
351 70 3
351 71 3
351 72 2
351 73 1
351 74 1
351 75 1
351 76 1
351 77 2
351 78 1
351 79 1
351 80 4
351 81 4
351 82 3
351 83 2
351 84 2
351 85 3
351 86 3
351 87 1
351 88 1
351 89 2
351 90 4
351 91 4
351 92 5
351 93 5
351 94 5
351 95 4
351 96 5
351 97 5
351 98 5
351 99 3
351 100 3
351 101 2
351 102 4
351 103 4
351 104 4
351 105 4
351 106 4
351 107 4
351 108 4
351 109 5
351 110 5
351 111 4
351 112 5
351 113 5
351 114 4
351 115 4
351 116 5
351 117 4
351 118 4
351 119 4
351 120 4
351 121 4
376 1 4
376 2 4
376 3 4
376 4 4
376 5 4
376 6 4
376 7 4
376 8 4
376 9 5
376 10 5
376 11 5
376 12 5
376 13 4
376 14 5
376 15 4
376 16 4
376 17 4
376 18 5
376 19 3
376 20 4
376 21 2
376 22 3
376 23 3
376 24 3
376 25 3
376 26 4
376 27 5
376 28 5
376 29 5
376 30 4
376 31 2
376 32 1
376 33 1
376 34 1
376 35 1
376 36 2
376 37 4
376 38 3
376 39 5
376 40 3
376 41 4
376 42 1
376 43 1
376 44 1
376 45 2
376 46 3
376 47 4
376 48 4
376 49 4
376 50 4
376 51 1
376 52 1
376 53 1
376 54 1
376 55 1
376 56 1
376 57 2
376 58 2
376 59 4
376 60 4
376 61 3
376 62 1
376 63 1
376 64 1
376 65 1
376 66 1
376 67 2
376 68 4
376 69 4
376 70 4
376 71 4
376 72 3
376 73 1
376 74 1
376 75 1
376 76 2
376 77 2
376 78 2
376 79 1
376 80 4
376 81 4
376 82 4
376 83 2
376 84 3
376 85 3
376 86 3
376 87 2
376 88 1
376 89 1
376 90 2
376 91 3
376 92 5
376 93 4
376 94 4
376 95 4
376 96 5
376 97 4
376 98 5
376 99 3
376 100 4
376 101 4
376 102 4
376 103 4
376 104 5
376 105 5
376 106 4
376 107 4
376 108 4
376 109 4
376 110 3
376 111 5
376 112 5
376 113 5
376 114 5
376 115 3
376 116 4
376 117 4
376 118 4
376 119 4
376 120 4
376 121 3
401 1 4
401 2 4
401 3 4
401 4 4
401 5 4
401 6 4
401 7 4
401 8 4
401 9 4
401 10 3
401 11 4
401 12 5
401 13 3
401 14 3
401 15 4
401 16 5
401 17 4
401 18 4
401 19 4
401 20 4
401 21 2
401 22 3
401 23 3
401 24 3
401 25 4
401 26 3
401 27 5
401 28 5
401 29 4
401 30 5
401 31 3
401 32 1
401 33 1
401 34 1
401 35 1
401 36 3
401 37 3
401 38 2
401 39 4
401 40 4
401 41 4
401 42 2
401 43 1
401 44 1
401 45 1
401 46 3
401 47 4
401 48 4
401 49 4
401 50 3
401 51 1
401 52 1
401 53 1
401 54 1
401 55 1
401 56 1
401 57 3
401 58 4
401 59 4
401 60 4
401 61 3
401 62 1
401 63 1
401 64 1
401 65 1
401 66 1
401 67 1
401 68 2
401 69 3
401 70 4
401 71 3
401 72 3
401 73 1
401 74 1
401 75 1
401 76 1
401 77 1
401 78 1
401 79 1
401 80 4
401 81 4
401 82 4
401 83 1
401 84 4
401 85 4
401 86 5
401 87 2
401 88 2
401 89 2
401 90 2
401 91 5
401 92 4
401 93 5
401 94 3
401 95 4
401 96 4
401 97 4
401 98 4
401 99 2
401 100 3
401 101 3
401 102 5
401 103 4
401 104 4
401 105 4
401 106 4
401 107 3
401 108 4
401 109 3
401 110 4
401 111 5
401 112 3
401 113 4
401 114 4
401 115 4
401 116 5
401 117 4
401 118 4
401 119 4
401 120 4
401 121 3
426 1 3
426 2 3
426 3 3
426 4 4
426 5 3
426 6 5
426 7 4
426 8 5
426 9 4
426 10 4
426 11 3
426 12 3
426 13 5
426 14 5
426 15 5
426 16 4
426 17 4
426 18 4
426 19 5
426 20 4
426 21 1
426 22 2
426 23 4
426 24 4
426 25 3
426 26 4
426 27 3
426 28 3
426 29 4
426 30 5
426 31 4
426 32 2
426 33 2
426 34 2
426 35 1
426 36 1
426 37 3
426 38 4
426 39 5
426 40 4
426 41 5
426 42 1
426 43 1
426 44 1
426 45 1
426 46 2
426 47 4
426 48 4
426 49 4
426 50 4
426 51 1
426 52 1
426 53 1
426 54 1
426 55 1
426 56 2
426 57 3
426 58 3
426 59 4
426 60 4
426 61 3
426 62 1
426 63 1
426 64 1
426 65 1
426 66 1
426 67 2
426 68 3
426 69 4
426 70 4
426 71 4
426 72 2
426 73 1
426 74 1
426 75 1
426 76 1
426 77 1
426 78 2
426 79 1
426 80 3
426 81 3
426 82 4
426 83 3
426 84 4
426 85 4
426 86 3
426 87 1
426 88 2
426 89 1
426 90 3
426 91 2
426 92 4
426 93 3
426 94 5
426 95 3
426 96 4
426 97 3
426 98 4
426 99 4
426 100 3
426 101 2
426 102 4
426 103 3
426 104 3
426 105 4
426 106 5
426 107 4
426 108 4
426 109 3
426 110 3
426 111 2
426 112 2
426 113 4
426 114 3
426 115 3
426 116 3
426 117 3
426 118 4
426 119 4
426 120 5
426 121 3
451 1 3
451 2 3
451 3 3
451 4 3
451 5 4
451 6 4
451 7 4
451 8 4
451 9 5
451 10 2
451 11 4
451 12 3
451 13 3
451 14 3
451 15 3
451 16 5
451 17 4
451 18 4
451 19 3
451 20 3
451 21 3
451 22 3
451 23 4
451 24 3
451 25 4
451 26 3
451 27 3
451 28 3
451 29 3
451 30 3
451 31 4
451 32 1
451 33 2
451 34 1
451 35 1
451 36 3
451 37 4
451 38 4
451 39 1
451 40 4
451 41 2
451 42 1
451 43 1
451 44 1
451 45 1
451 46 3
451 47 4
451 48 4
451 49 3
451 50 3
451 51 2
451 52 2
451 53 1
451 54 1
451 55 1
451 56 2
451 57 3
451 58 4
451 59 3
451 60 3
451 61 3
451 62 1
451 63 1
451 64 1
451 65 1
451 66 1
451 67 1
451 68 3
451 69 4
451 70 4
451 71 4
451 72 3
451 73 1
451 74 1
451 75 1
451 76 1
451 77 1
451 78 2
451 79 1
451 80 4
451 81 4
451 82 4
451 83 2
451 84 2
451 85 2
451 86 2
451 87 1
451 88 1
451 89 2
451 90 4
451 91 4
451 92 3
451 93 3
451 94 5
451 95 3
451 96 4
451 97 4
451 98 4
451 99 3
451 100 3
451 101 4
451 102 3
451 103 3
451 104 4
451 105 4
451 106 5
451 107 4
451 108 3
451 109 3
451 110 4
451 111 4
451 112 3
451 113 3
451 114 3
451 115 3
451 116 4
451 117 3
451 118 4
451 119 4
451 120 3
451 121 4
476 1 2
476 2 3
476 3 4
476 4 4
476 5 4
476 6 4
476 7 5
476 8 4
476 9 4
476 10 3
476 11 4
476 12 4
476 13 4
476 14 4
476 15 3
476 16 4
476 17 4
476 18 4
476 19 5
476 20 3
476 21 1
476 22 4
476 23 4
476 24 3
476 25 4
476 26 4
476 27 4
476 28 4
476 29 4
476 30 4
476 31 2
476 32 1
476 33 1
476 34 1
476 35 1
476 36 4
476 37 4
476 38 2
476 39 2
476 40 4
476 41 3
476 42 1
476 43 1
476 44 2
476 45 1
476 46 3
476 47 4
476 48 3
476 49 4
476 50 2
476 51 2
476 52 1
476 53 1
476 54 1
476 55 1
476 56 1
476 57 3
476 58 3
476 59 4
476 60 3
476 61 3
476 62 1
476 63 1
476 64 1
476 65 1
476 66 1
476 67 1
476 68 3
476 69 3
476 70 3
476 71 4
476 72 4
476 73 1
476 74 1
476 75 1
476 76 1
476 77 1
476 78 2
476 79 1
476 80 4
476 81 4
476 82 4
476 83 1
476 84 4
476 85 3
476 86 2
476 87 2
476 88 2
476 89 1
476 90 3
476 91 4
476 92 4
476 93 5
476 94 4
476 95 5
476 96 5
476 97 4
476 98 4
476 99 2
476 100 3
476 101 4
476 102 3
476 103 4
476 104 5
476 105 4
476 106 5
476 107 4
476 108 4
476 109 4
476 110 3
476 111 4
476 112 4
476 113 4
476 114 3
476 115 4
476 116 5
476 117 5
476 118 4
476 119 3
476 120 3
476 121 3
501 1 2
501 2 5
501 3 4
501 4 4
501 5 4
501 6 4
501 7 4
501 8 4
501 9 5
501 10 5
501 11 4
501 12 3
501 13 5
501 14 5
501 15 4
501 16 4
501 17 4
501 18 4
501 19 4
501 20 5
501 21 1
501 22 3
501 23 2
501 24 3
501 25 2
501 26 3
501 27 5
501 28 4
501 29 4
501 30 4
501 31 2
501 32 1
501 33 2
501 34 1
501 35 2
501 36 4
501 37 4
501 38 3
501 39 4
501 40 3
501 41 3
501 42 2
501 43 2
501 44 2
501 45 1
501 46 3
501 47 4
501 48 4
501 49 4
501 50 3
501 51 1
501 52 1
501 53 1
501 54 1
501 55 2
501 56 3
501 57 4
501 58 4
501 59 4
501 60 3
501 61 3
501 62 1
501 63 1
501 64 1
501 65 1
501 66 1
501 67 2
501 68 2
501 69 3
501 70 3
501 71 4
501 72 2
501 73 1
501 74 1
501 75 1
501 76 1
501 77 1
501 78 2
501 79 1
501 80 4
501 81 4
501 82 3
501 83 2
501 84 2
501 85 4
501 86 3
501 87 2
501 88 2
501 89 1
501 90 3
501 91 4
501 92 4
501 93 4
501 94 4
501 95 5
501 96 4
501 97 3
501 98 4
501 99 4
501 100 3
501 101 4
501 102 4
501 103 3
501 104 5
501 105 5
501 106 3
501 107 5
501 108 4
501 109 4
501 110 5
501 111 2
501 112 4
501 113 4
501 114 4
501 115 4
501 116 4
501 117 4
501 118 4
501 119 4
501 120 4
501 121 4
526 1 4
526 2 4
526 3 4
526 4 4
526 5 5
526 6 4
526 7 4
526 8 4
526 9 5
526 10 5
526 11 4
526 12 5
526 13 4
526 14 4
526 15 5
526 16 4
526 17 4
526 18 4
526 19 4
526 20 3
526 21 1
526 22 3
526 23 4
526 24 4
526 25 5
526 26 5
526 27 5
526 28 5
526 29 5
526 30 5
526 31 4
526 32 1
526 33 1
526 34 2
526 35 1
526 36 3
526 37 4
526 38 3
526 39 2
526 40 3
526 41 2
526 42 1
526 43 2
526 44 1
526 45 1
526 46 3
526 47 4
526 48 4
526 49 4
526 50 2
526 51 1
526 52 2
526 53 1
526 54 2
526 55 1
526 56 1
526 57 3
526 58 4
526 59 3
526 60 4
526 61 2
526 62 1
526 63 1
526 64 1
526 65 1
526 66 1
526 67 2
526 68 2
526 69 3
526 70 3
526 71 3
526 72 3
526 73 2
526 74 1
526 75 2
526 76 1
526 77 1
526 78 1
526 79 1
526 80 4
526 81 5
526 82 3
526 83 1
526 84 3
526 85 5
526 86 3
526 87 1
526 88 1
526 89 1
526 90 4
526 91 5
526 92 4
526 93 5
526 94 5
526 95 5
526 96 4
526 97 5
526 98 5
526 99 3
526 100 2
526 101 4
526 102 4
526 103 4
526 104 5
526 105 5
526 106 4
526 107 4
526 108 4
526 109 5
526 110 4
526 111 4
526 112 3
526 113 4
526 114 4
526 115 5
526 116 4
526 117 4
526 118 4
526 119 4
526 120 5
526 121 3
551 1 4
551 2 4
551 3 4
551 4 4
551 5 4
551 6 4
551 7 4
551 8 4
551 9 4
551 10 4
551 11 5
551 12 5
551 13 5
551 14 4
551 15 4
551 16 3
551 17 4
551 18 4
551 19 4
551 20 4
551 21 1
551 22 5
551 23 2
551 24 3
551 25 4
551 26 4
551 27 5
551 28 4
551 29 3
551 30 4
551 31 3
551 32 2
551 33 1
551 34 1
551 35 1
551 36 2
551 37 3
551 38 4
551 39 4
551 40 4
551 41 4
551 42 2
551 43 2
551 44 1
551 45 1
551 46 2
551 47 3
551 48 4
551 49 4
551 50 3
551 51 2
551 52 1
551 53 1
551 54 2
551 55 2
551 56 1
551 57 2
551 58 4
551 59 4
551 60 4
551 61 1
551 62 1
551 63 1
551 64 1
551 65 2
551 66 1
551 67 2
551 68 2
551 69 4
551 70 3
551 71 4
551 72 2
551 73 2
551 74 1
551 75 2
551 76 1
551 77 1
551 78 1
551 79 1
551 80 3
551 81 4
551 82 4
551 83 2
551 84 2
551 85 3
551 86 4
551 87 2
551 88 1
551 89 1
551 90 3
551 91 5
551 92 5
551 93 5
551 94 4
551 95 3
551 96 4
551 97 3
551 98 3
551 99 3
551 100 2
551 101 4
551 102 4
551 103 4
551 104 4
551 105 4
551 106 4
551 107 4
551 108 4
551 109 4
551 110 4
551 111 5
551 112 5
551 113 4
551 114 4
551 115 4
551 116 4
551 117 4
551 118 4
551 119 4
551 120 4
551 121 3
576 1 3
576 2 4
576 3 4
576 4 4
576 5 4
576 6 4
576 7 4
576 8 3
576 9 4
576 10 2
576 11 3
576 12 4
576 13 4
576 14 4
576 15 4
576 16 5
576 17 4
576 18 3
576 19 5
576 20 4
576 21 1
576 22 3
576 23 3
576 24 3
576 25 3
576 26 4
576 27 4
576 28 5
576 29 5
576 30 4
576 31 4
576 32 1
576 33 1
576 34 1
576 35 1
576 36 2
576 37 3
576 38 4
576 39 3
576 40 5
576 41 3
576 42 1
576 43 1
576 44 1
576 45 1
576 46 3
576 47 2
576 48 3
576 49 3
576 50 3
576 51 1
576 52 1
576 53 1
576 54 1
576 55 1
576 56 1
576 57 2
576 58 4
576 59 4
576 60 4
576 61 3
576 62 1
576 63 1
576 64 1
576 65 1
576 66 1
576 67 1
576 68 3
576 69 3
576 70 3
576 71 2
576 72 2
576 73 2
576 74 1
576 75 2
576 76 1
576 77 1
576 78 1
576 79 2
576 80 4
576 81 4
576 82 4
576 83 1
576 84 4
576 85 4
576 86 4
576 87 3
576 88 2
576 89 2
576 90 3
576 91 4
576 92 4
576 93 2
576 94 2
576 95 4
576 96 5
576 97 4
576 98 4
576 99 2
576 100 3
576 101 4
576 102 3
576 103 3
576 104 4
576 105 3
576 106 4
576 107 3
576 108 4
576 109 3
576 110 4
576 111 2
576 112 4
576 113 4
576 114 3
576 115 4
576 116 4
576 117 3
576 118 3
576 119 3
576 120 3
576 121 4
601 1 3
601 2 4
601 3 4
601 4 4
601 5 5
601 6 4
601 7 3
601 8 4
601 9 5
601 10 4
601 11 4
601 12 4
601 13 4
601 14 3
601 15 4
601 16 4
601 17 4
601 18 3
601 19 5
601 20 2
601 21 2
601 22 2
601 23 4
601 24 5
601 25 5
601 26 2
601 27 4
601 28 3
601 29 3
601 30 5
601 31 2
601 32 1
601 33 1
601 34 1
601 35 1
601 36 4
601 37 3
601 38 3
601 39 3
601 40 4
601 41 3
601 42 2
601 43 1
601 44 1
601 45 1
601 46 3
601 47 4
601 48 4
601 49 4
601 50 4
601 51 1
601 52 1
601 53 1
601 54 1
601 55 1
601 56 1
601 57 3
601 58 4
601 59 3
601 60 4
601 61 4
601 62 1
601 63 1
601 64 2
601 65 1
601 66 1
601 67 2
601 68 3
601 69 4
601 70 4
601 71 3
601 72 4
601 73 1
601 74 1
601 75 2
601 76 2
601 77 1
601 78 1
601 79 2
601 80 3
601 81 4
601 82 4
601 83 2
601 84 4
601 85 4
601 86 5
601 87 1
601 88 1
601 89 2
601 90 4
601 91 5
601 92 4
601 93 3
601 94 3
601 95 3
601 96 4
601 97 4
601 98 4
601 99 4
601 100 2
601 101 5
601 102 4
601 103 3
601 104 4
601 105 3
601 106 4
601 107 4
601 108 5
601 109 4
601 110 3
601 111 3
601 112 4
601 113 4
601 114 4
601 115 3
601 116 4
601 117 4
601 118 4
601 119 4
601 120 4
601 121 3
626 1 5
626 2 5
626 3 4
626 4 4
626 5 4
626 6 4
626 7 4
626 8 4
626 9 5
626 10 4
626 11 5
626 12 5
626 13 5
626 14 4
626 15 4
626 16 4
626 17 4
626 18 5
626 19 4
626 20 3
626 21 1
626 22 3
626 23 3
626 24 4
626 25 4
626 26 4
626 27 5
626 28 5
626 29 3
626 30 4
626 31 2
626 32 1
626 33 1
626 34 1
626 35 1
626 36 2
626 37 3
626 38 4
626 39 3
626 40 2
626 41 3
626 42 1
626 43 1
626 44 1
626 45 1
626 46 4
626 47 4
626 48 3
626 49 4
626 50 3
626 51 2
626 52 1
626 53 1
626 54 1
626 55 1
626 56 1
626 57 3
626 58 4
626 59 4
626 60 4
626 61 3
626 62 1
626 63 1
626 64 2
626 65 1
626 66 1
626 67 2
626 68 4
626 69 4
626 70 4
626 71 4
626 72 3
626 73 1
626 74 2
626 75 3
626 76 1
626 77 1
626 78 1
626 79 1
626 80 4
626 81 4
626 82 5
626 83 1
626 84 4
626 85 2
626 86 4
626 87 2
626 88 1
626 89 3
626 90 4
626 91 3
626 92 5
626 93 5
626 94 5
626 95 4
626 96 5
626 97 4
626 98 4
626 99 3
626 100 4
626 101 2
626 102 5
626 103 4
626 104 4
626 105 4
626 106 4
626 107 4
626 108 4
626 109 5
626 110 5
626 111 3
626 112 4
626 113 4
626 114 4
626 115 4
626 116 4
626 117 4
626 118 4
626 119 4
626 120 5
626 121 4
651 1 5
651 2 5
651 3 5
651 4 4
651 5 4
651 6 4
651 7 4
651 8 4
651 9 5
651 10 2
651 11 4
651 12 4
651 13 5
651 14 4
651 15 5
651 16 4
651 17 4
651 18 4
651 19 5
651 20 4
651 21 1
651 22 4
651 23 3
651 24 3
651 25 4
651 26 3
651 27 3
651 28 5
651 29 4
651 30 4
651 31 3
651 32 1
651 33 1
651 34 2
651 35 1
651 36 4
651 37 3
651 38 3
651 39 3
651 40 4
651 41 3
651 42 1
651 43 1
651 44 1
651 45 1
651 46 4
651 47 4
651 48 3
651 49 3
651 50 4
651 51 2
651 52 1
651 53 1
651 54 1
651 55 1
651 56 1
651 57 3
651 58 3
651 59 3
651 60 3
651 61 4
651 62 1
651 63 1
651 64 2
651 65 1
651 66 1
651 67 1
651 68 3
651 69 4
651 70 4
651 71 3
651 72 4
651 73 1
651 74 2
651 75 1
651 76 1
651 77 1
651 78 1
651 79 1
651 80 4
651 81 5
651 82 5
651 83 1
651 84 2
651 85 2
651 86 4
651 87 2
651 88 2
651 89 1
651 90 4
651 91 4
651 92 4
651 93 5
651 94 5
651 95 4
651 96 5
651 97 5
651 98 4
651 99 2
651 100 3
651 101 4
651 102 4
651 103 3
651 104 4
651 105 5
651 106 4
651 107 4
651 108 4
651 109 4
651 110 4
651 111 4
651 112 5
651 113 4
651 114 4
651 115 4
651 116 3
651 117 4
651 118 5
651 119 4
651 120 4
651 121 4
676 1 5
676 2 4
676 3 3
676 4 4
676 5 4
676 6 3
676 7 3
676 8 4
676 9 4
676 10 4
676 11 2
676 12 4
676 13 4
676 14 3
676 15 3
676 16 4
676 17 3
676 18 4
676 19 5
676 20 3
676 21 1
676 22 4
676 23 3
676 24 4
676 25 3
676 26 4
676 27 3
676 28 3
676 29 4
676 30 4
676 31 5
676 32 1
676 33 1
676 34 2
676 35 2
676 36 3
676 37 3
676 38 2
676 39 3
676 40 4
676 41 3
676 42 1
676 43 1
676 44 1
676 45 1
676 46 3
676 47 4
676 48 4
676 49 4
676 50 2
676 51 2
676 52 1
676 53 1
676 54 1
676 55 1
676 56 1
676 57 4
676 58 3
676 59 3
676 60 3
676 61 3
676 62 3
676 63 1
676 64 1
676 65 1
676 66 1
676 67 1
676 68 4
676 69 4
676 70 3
676 71 4
676 72 3
676 73 1
676 74 1
676 75 1
676 76 1
676 77 2
676 78 1
676 79 1
676 80 5
676 81 5
676 82 5
676 83 2
676 84 4
676 85 3
676 86 3
676 87 1
676 88 2
676 89 1
676 90 3
676 91 5
676 92 4
676 93 4
676 94 4
676 95 4
676 96 4
676 97 4
676 98 4
676 99 3
676 100 4
676 101 4
676 102 4
676 103 4
676 104 4
676 105 5
676 106 4
676 107 4
676 108 4
676 109 4
676 110 4
676 111 5
676 112 4
676 113 4
676 114 4
676 115 5
676 116 4
676 117 4
676 118 4
676 119 4
676 120 4
676 121 4
701 1 3
701 2 4
701 3 4
701 4 4
701 5 3
701 6 3
701 7 4
701 8 4
701 9 4
701 10 4
701 11 4
701 12 3
701 13 3
701 14 3
701 15 3
701 16 4
701 17 3
701 18 3
701 19 4
701 20 3
701 21 2
701 22 4
701 23 3
701 24 3
701 25 4
701 26 5
701 27 4
701 28 4
701 29 5
701 30 4
701 31 1
701 32 1
701 33 2
701 34 1
701 35 1
701 36 3
701 37 3
701 38 3
701 39 3
701 40 4
701 41 3
701 42 1
701 43 1
701 44 1
701 45 1
701 46 4
701 47 3
701 48 3
701 49 3
701 50 3
701 51 1
701 52 1
701 53 1
701 54 1
701 55 1
701 56 1
701 57 3
701 58 3
701 59 3
701 60 3
701 61 3
701 62 2
701 63 2
701 64 1
701 65 1
701 66 1
701 67 2
701 68 3
701 69 4
701 70 3
701 71 3
701 72 3
701 73 1
701 74 1
701 75 2
701 76 1
701 77 1
701 78 2
701 79 3
701 80 5
701 81 5
701 82 5
701 83 1
701 84 3
701 85 4
701 86 3
701 87 1
701 88 2
701 89 3
701 90 4
701 91 3
701 92 5
701 93 4
701 94 4
701 95 4
701 96 4
701 97 4
701 98 4
701 99 4
701 100 4
701 101 4
701 102 3
701 103 3
701 104 4
701 105 3
701 106 3
701 107 5
701 108 3
701 109 3
701 110 4
701 111 3
701 112 4
701 113 3
701 114 4
701 115 4
701 116 3
701 117 3
701 118 4
701 119 3
701 120 3
701 121 3
726 1 4
726 2 3
726 3 3
726 4 4
726 5 4
726 6 3
726 7 4
726 8 4
726 9 4
726 10 3
726 11 4
726 12 4
726 13 2
726 14 3
726 15 3
726 16 4
726 17 4
726 18 5
726 19 4
726 20 4
726 21 2
726 22 3
726 23 4
726 24 3
726 25 2
726 26 4
726 27 3
726 28 3
726 29 4
726 30 5
726 31 2
726 32 1
726 33 2
726 34 1
726 35 1
726 36 3
726 37 3
726 38 3
726 39 3
726 40 3
726 41 2
726 42 1
726 43 1
726 44 1
726 45 1
726 46 4
726 47 4
726 48 3
726 49 3
726 50 2
726 51 1
726 52 1
726 53 1
726 54 1
726 55 1
726 56 1
726 57 4
726 58 2
726 59 4
726 60 3
726 61 3
726 62 1
726 63 1
726 64 1
726 65 1
726 66 1
726 67 1
726 68 2
726 69 3
726 70 3
726 71 4
726 72 3
726 73 1
726 74 1
726 75 1
726 76 1
726 77 1
726 78 1
726 79 1
726 80 4
726 81 4
726 82 4
726 83 2
726 84 1
726 85 3
726 86 4
726 87 1
726 88 1
726 89 1
726 90 3
726 91 4
726 92 3
726 93 4
726 94 4
726 95 5
726 96 4
726 97 4
726 98 5
726 99 2
726 100 3
726 101 4
726 102 4
726 103 3
726 104 3
726 105 4
726 106 4
726 107 4
726 108 4
726 109 3
726 110 5
726 111 3
726 112 3
726 113 3
726 114 3
726 115 4
726 116 3
726 117 4
726 118 4
726 119 4
726 120 5
726 121 3
751 1 5
751 2 5
751 3 4
751 4 5
751 5 3
751 6 4
751 7 4
751 8 4
751 9 5
751 10 4
751 11 5
751 12 4
751 13 5
751 14 5
751 15 4
751 16 5
751 17 4
751 18 4
751 19 4
751 20 3
751 21 2
751 22 2
751 23 2
751 24 3
751 25 3
751 26 4
751 27 5
751 28 4
751 29 4
751 30 5
751 31 3
751 32 1
751 33 1
751 34 1
751 35 1
751 36 3
751 37 3
751 38 3
751 39 4
751 40 4
751 41 4
751 42 1
751 43 1
751 44 1
751 45 1
751 46 3
751 47 4
751 48 4
751 49 2
751 50 2
751 51 2
751 52 2
751 53 1
751 54 1
751 55 1
751 56 1
751 57 3
751 58 4
751 59 4
751 60 4
751 61 3
751 62 1
751 63 1
751 64 1
751 65 1
751 66 1
751 67 1
751 68 3
751 69 4
751 70 4
751 71 3
751 72 2
751 73 1
751 74 1
751 75 1
751 76 1
751 77 1
751 78 1
751 79 1
751 80 4
751 81 4
751 82 4
751 83 1
751 84 2
751 85 3
751 86 3
751 87 1
751 88 2
751 89 2
751 90 2
751 91 3
751 92 4
751 93 3
751 94 4
751 95 5
751 96 5
751 97 4
751 98 4
751 99 3
751 100 3
751 101 4
751 102 3
751 103 3
751 104 4
751 105 5
751 106 4
751 107 4
751 108 5
751 109 5
751 110 4
751 111 3
751 112 3
751 113 3
751 114 4
751 115 4
751 116 4
751 117 4
751 118 4
751 119 4
751 120 5
751 121 4
776 1 4
776 2 4
776 3 5
776 4 4
776 5 3
776 6 4
776 7 4
776 8 4
776 9 4
776 10 4
776 11 4
776 12 4
776 13 5
776 14 5
776 15 5
776 16 4
776 17 4
776 18 5
776 19 4
776 20 4
776 21 2
776 22 2
776 23 2
776 24 4
776 25 3
776 26 4
776 27 5
776 28 3
776 29 4
776 30 5
776 31 4
776 32 2
776 33 1
776 34 1
776 35 1
776 36 3
776 37 4
776 38 3
776 39 4
776 40 3
776 41 3
776 42 2
776 43 1
776 44 1
776 45 1
776 46 4
776 47 4
776 48 3
776 49 4
776 50 2
776 51 1
776 52 1
776 53 1
776 54 1
776 55 1
776 56 1
776 57 3
776 58 4
776 59 4
776 60 4
776 61 3
776 62 1
776 63 1
776 64 1
776 65 1
776 66 1
776 67 1
776 68 3
776 69 3
776 70 3
776 71 3
776 72 3
776 73 1
776 74 1
776 75 2
776 76 1
776 77 1
776 78 1
776 79 1
776 80 3
776 81 4
776 82 3
776 83 1
776 84 3
776 85 3
776 86 4
776 87 1
776 88 1
776 89 1
776 90 1
776 91 5
776 92 4
776 93 5
776 94 4
776 95 5
776 96 5
776 97 4
776 98 5
776 99 2
776 100 2
776 101 3
776 102 5
776 103 5
776 104 4
776 105 5
776 106 4
776 107 4
776 108 4
776 109 4
776 110 4
776 111 4
776 112 4
776 113 4
776 114 4
776 115 3
776 116 3
776 117 4
776 118 4
776 119 4
776 120 4
776 121 4
801 1 3
801 2 5
801 3 4
801 4 4
801 5 4
801 6 4
801 7 4
801 8 5
801 9 5
801 10 4
801 11 4
801 12 4
801 13 3
801 14 4
801 15 4
801 16 4
801 17 5
801 18 4
801 19 5
801 20 4
801 21 1
801 22 4
801 23 2
801 24 3
801 25 4
801 26 2
801 27 5
801 28 3
801 29 4
801 30 4
801 31 2
801 32 1
801 33 1
801 34 1
801 35 1
801 36 3
801 37 4
801 38 3
801 39 5
801 40 5
801 41 3
801 42 1
801 43 1
801 44 1
801 45 1
801 46 4
801 47 3
801 48 3
801 49 3
801 50 2
801 51 2
801 52 2
801 53 1
801 54 1
801 55 1
801 56 1
801 57 4
801 58 3
801 59 4
801 60 4
801 61 4
801 62 1
801 63 1
801 64 1
801 65 1
801 66 1
801 67 1
801 68 3
801 69 3
801 70 3
801 71 2
801 72 3
801 73 1
801 74 1
801 75 1
801 76 1
801 77 1
801 78 1
801 79 1
801 80 4
801 81 4
801 82 4
801 83 2
801 84 3
801 85 4
801 86 1
801 87 1
801 88 1
801 89 2
801 90 2
801 91 3
801 92 4
801 93 3
801 94 3
801 95 5
801 96 4
801 97 3
801 98 5
801 99 4
801 100 4
801 101 2
801 102 3
801 103 3
801 104 4
801 105 3
801 106 4
801 107 4
801 108 4
801 109 4
801 110 5
801 111 4
801 112 4
801 113 3
801 114 4
801 115 3
801 116 4
801 117 4
801 118 5
801 119 3
801 120 4
801 121 4
826 1 4
826 2 5
826 3 4
826 4 4
826 5 3
826 6 4
826 7 4
826 8 4
826 9 3
826 10 2
826 11 3
826 12 4
826 13 4
826 14 4
826 15 4
826 16 4
826 17 4
826 18 4
826 19 4
826 20 3
826 21 1
826 22 3
826 23 4
826 24 3
826 25 2
826 26 5
826 27 4
826 28 4
826 29 4
826 30 3
826 31 1
826 32 1
826 33 1
826 34 1
826 35 1
826 36 3
826 37 4
826 38 3
826 39 4
826 40 4
826 41 3
826 42 1
826 43 1
826 44 1
826 45 1
826 46 3
826 47 4
826 48 3
826 49 4
826 50 4
826 51 2
826 52 2
826 53 1
826 54 1
826 55 1
826 56 1
826 57 4
826 58 3
826 59 3
826 60 4
826 61 2
826 62 1
826 63 1
826 64 1
826 65 1
826 66 1
826 67 2
826 68 4
826 69 4
826 70 3
826 71 3
826 72 4
826 73 2
826 74 1
826 75 1
826 76 1
826 77 2
826 78 1
826 79 1
826 80 3
826 81 4
826 82 4
826 83 2
826 84 3
826 85 3
826 86 4
826 87 1
826 88 1
826 89 2
826 90 3
826 91 3
826 92 4
826 93 4
826 94 4
826 95 4
826 96 4
826 97 5
826 98 4
826 99 2
826 100 3
826 101 4
826 102 4
826 103 4
826 104 3
826 105 4
826 106 4
826 107 4
826 108 4
826 109 4
826 110 4
826 111 4
826 112 4
826 113 5
826 114 4
826 115 4
826 116 4
826 117 3
826 118 4
826 119 4
826 120 4
826 121 2
851 1 4
851 2 3
851 3 4
851 4 3
851 5 4
851 6 4
851 7 4
851 8 4
851 9 4
851 10 5
851 11 3
851 12 4
851 13 2
851 14 5
851 15 3
851 16 3
851 17 5
851 18 4
851 19 4
851 20 3
851 21 3
851 22 3
851 23 3
851 24 3
851 25 4
851 26 4
851 27 5
851 28 5
851 29 5
851 30 4
851 31 4
851 32 2
851 33 1
851 34 1
851 35 1
851 36 4
851 37 3
851 38 4
851 39 4
851 40 3
851 41 3
851 42 1
851 43 1
851 44 1
851 45 1
851 46 1
851 47 4
851 48 4
851 49 4
851 50 2
851 51 1
851 52 2
851 53 1
851 54 1
851 55 1
851 56 1
851 57 3
851 58 4
851 59 3
851 60 3
851 61 3
851 62 1
851 63 1
851 64 1
851 65 1
851 66 1
851 67 1
851 68 3
851 69 4
851 70 3
851 71 4
851 72 2
851 73 2
851 74 3
851 75 1
851 76 1
851 77 1
851 78 1
851 79 2
851 80 3
851 81 4
851 82 3
851 83 2
851 84 2
851 85 4
851 86 4
851 87 1
851 88 1
851 89 2
851 90 4
851 91 5
851 92 4
851 93 3
851 94 4
851 95 4
851 96 4
851 97 3
851 98 4
851 99 4
851 100 4
851 101 3
851 102 3
851 103 4
851 104 3
851 105 4
851 106 3
851 107 4
851 108 4
851 109 3
851 110 4
851 111 3
851 112 4
851 113 4
851 114 4
851 115 3
851 116 4
851 117 4
851 118 3
851 119 3
851 120 4
851 121 4
876 1 4
876 2 4
876 3 4
876 4 3
876 5 5
876 6 4
876 7 4
876 8 5
876 9 4
876 10 5
876 11 4
876 12 4
876 13 5
876 14 3
876 15 3
876 16 4
876 17 4
876 18 4
876 19 5
876 20 5
876 21 3
876 22 3
876 23 3
876 24 3
876 25 4
876 26 2
876 27 4
876 28 4
876 29 4
876 30 5
876 31 4
876 32 1
876 33 1
876 34 2
876 35 2
876 36 2
876 37 2
876 38 2
876 39 5
876 40 4
876 41 2
876 42 1
876 43 1
876 44 1
876 45 1
876 46 2
876 47 4
876 48 3
876 49 3
876 50 3
876 51 1
876 52 1
876 53 1
876 54 1
876 55 1
876 56 1
876 57 2
876 58 4
876 59 3
876 60 4
876 61 1
876 62 1
876 63 1
876 64 1
876 65 1
876 66 1
876 67 1
876 68 4
876 69 4
876 70 3
876 71 4
876 72 2
876 73 2
876 74 3
876 75 2
876 76 1
876 77 1
876 78 1
876 79 1
876 80 3
876 81 4
876 82 4
876 83 1
876 84 3
876 85 3
876 86 4
876 87 1
876 88 1
876 89 4
876 90 3
876 91 5
876 92 4
876 93 3
876 94 4
876 95 3
876 96 4
876 97 4
876 98 5
876 99 4
876 100 3
876 101 4
876 102 4
876 103 4
876 104 3
876 105 4
876 106 3
876 107 4
876 108 5
876 109 4
876 110 3
876 111 3
876 112 4
876 113 4
876 114 3
876 115 4
876 116 4
876 117 4
876 118 5
876 119 4
876 120 4
876 121 3
901 1 3
901 2 4
901 3 4
901 4 4
901 5 4
901 6 4
901 7 4
901 8 4
901 9 5
901 10 3
901 11 4
901 12 3
901 13 4
901 14 3
901 15 5
901 16 4
901 17 4
901 18 4
901 19 5
901 20 3
901 21 1
901 22 4
901 23 4
901 24 4
901 25 3
901 26 4
901 27 5
901 28 5
901 29 4
901 30 5
901 31 3
901 32 1
901 33 2
901 34 1
901 35 2
901 36 2
901 37 2
901 38 2
901 39 3
901 40 4
901 41 4
901 42 2
901 43 1
901 44 1
901 45 1
901 46 3
901 47 4
901 48 4
901 49 4
901 50 3
901 51 1
901 52 1
901 53 1
901 54 1
901 55 1
901 56 1
901 57 3
901 58 4
901 59 4
901 60 3
901 61 2
901 62 1
901 63 1
901 64 1
901 65 1
901 66 1
901 67 2
901 68 3
901 69 3
901 70 2
901 71 4
901 72 3
901 73 2
901 74 1
901 75 1
901 76 1
901 77 1
901 78 1
901 79 1
901 80 4
901 81 4
901 82 4
901 83 1
901 84 3
901 85 3
901 86 4
901 87 2
901 88 1
901 89 1
901 90 2
901 91 3
901 92 3
901 93 3
901 94 4
901 95 5
901 96 4
901 97 4
901 98 5
901 99 3
901 100 4
901 101 3
901 102 3
901 103 3
901 104 3
901 105 5
901 106 4
901 107 4
901 108 4
901 109 4
901 110 4
901 111 4
901 112 4
901 113 4
901 114 4
901 115 4
901 116 4
901 117 4
901 118 4
901 119 4
901 120 5
901 121 3
926 1 3
926 2 4
926 3 4
926 4 4
926 5 4
926 6 4
926 7 4
926 8 4
926 9 4
926 10 4
926 11 4
926 12 5
926 13 4
926 14 5
926 15 5
926 16 4
926 17 4
926 18 5
926 19 4
926 20 3
926 21 1
926 22 3
926 23 3
926 24 5
926 25 4
926 26 4
926 27 3
926 28 3
926 29 4
926 30 4
926 31 4
926 32 1
926 33 1
926 34 1
926 35 1
926 36 2
926 37 3
926 38 3
926 39 4
926 40 3
926 41 4
926 42 2
926 43 1
926 44 1
926 45 1
926 46 3
926 47 4
926 48 4
926 49 4
926 50 4
926 51 1
926 52 1
926 53 1
926 54 1
926 55 1
926 56 1
926 57 2
926 58 4
926 59 4
926 60 4
926 61 3
926 62 2
926 63 1
926 64 1
926 65 1
926 66 1
926 67 1
926 68 3
926 69 4
926 70 4
926 71 4
926 72 2
926 73 2
926 74 2
926 75 1
926 76 1
926 77 1
926 78 1
926 79 1
926 80 4
926 81 3
926 82 4
926 83 1
926 84 3
926 85 3
926 86 4
926 87 2
926 88 1
926 89 1
926 90 4
926 91 4
926 92 5
926 93 5
926 94 5
926 95 4
926 96 5
926 97 5
926 98 5
926 99 1
926 100 3
926 101 3
926 102 4
926 103 5
926 104 4
926 105 4
926 106 4
926 107 4
926 108 4
926 109 4
926 110 5
926 111 4
926 112 5
926 113 5
926 114 4
926 115 3
926 116 5
926 117 4
926 118 4
926 119 4
926 120 4
926 121 4
951 1 5
951 2 5
951 3 4
951 4 4
951 5 4
951 6 3
951 7 4
951 8 4
951 9 5
951 10 3
951 11 4
951 12 5
951 13 4
951 14 4
951 15 5
951 16 4
951 17 4
951 18 4
951 19 4
951 20 4
951 21 3
951 22 4
951 23 4
951 24 3
951 25 3
951 26 4
951 27 4
951 28 4
951 29 5
951 30 4
951 31 3
951 32 1
951 33 1
951 34 1
951 35 2
951 36 2
951 37 4
951 38 3
951 39 3
951 40 4
951 41 4
951 42 1
951 43 1
951 44 1
951 45 1
951 46 3
951 47 3
951 48 3
951 49 3
951 50 2
951 51 2
951 52 1
951 53 1
951 54 1
951 55 1
951 56 1
951 57 2
951 58 4
951 59 4
951 60 4
951 61 2
951 62 2
951 63 1
951 64 1
951 65 1
951 66 1
951 67 1
951 68 3
951 69 4
951 70 3
951 71 3
951 72 2
951 73 2
951 74 2
951 75 2
951 76 1
951 77 1
951 78 1
951 79 2
951 80 4
951 81 4
951 82 3
951 83 1
951 84 4
951 85 2
951 86 3
951 87 1
951 88 1
951 89 2
951 90 3
951 91 4
951 92 5
951 93 4
951 94 4
951 95 4
951 96 4
951 97 4
951 98 4
951 99 2
951 100 5
951 101 4
951 102 4
951 103 4
951 104 4
951 105 4
951 106 4
951 107 5
951 108 4
951 109 4
951 110 4
951 111 5
951 112 5
951 113 4
951 114 4
951 115 4
951 116 4
951 117 4
951 118 4
951 119 4
951 120 5
951 121 4
976 1 4
976 2 4
976 3 4
976 4 4
976 5 4
976 6 4
976 7 4
976 8 4
976 9 4
976 10 3
976 11 5
976 12 5
976 13 4
976 14 5
976 15 5
976 16 4
976 17 3
976 18 4
976 19 4
976 20 4
976 21 1
976 22 4
976 23 3
976 24 4
976 25 3
976 26 4
976 27 4
976 28 3
976 29 4
976 30 3
976 31 4
976 32 1
976 33 1
976 34 1
976 35 1
976 36 3
976 37 3
976 38 2
976 39 3
976 40 3
976 41 2
976 42 2
976 43 1
976 44 1
976 45 1
976 46 4
976 47 3
976 48 4
976 49 4
976 50 2
976 51 1
976 52 1
976 53 1
976 54 1
976 55 1
976 56 1
976 57 4
976 58 3
976 59 4
976 60 4
976 61 2
976 62 1
976 63 1
976 64 1
976 65 1
976 66 1
976 67 1
976 68 2
976 69 4
976 70 3
976 71 4
976 72 3
976 73 1
976 74 1
976 75 2
976 76 1
976 77 1
976 78 1
976 79 1
976 80 4
976 81 4
976 82 5
976 83 2
976 84 3
976 85 3
976 86 3
976 87 3
976 88 2
976 89 1
976 90 4
976 91 4
976 92 4
976 93 5
976 94 3
976 95 5
976 96 4
976 97 4
976 98 3
976 99 1
976 100 3
976 101 3
976 102 4
976 103 4
976 104 4
976 105 4
976 106 3
976 107 4
976 108 4
976 109 5
976 110 5
976 111 3
976 112 2
976 113 5
976 114 4
976 115 4
976 116 3
976 117 4
976 118 4
976 119 3
976 120 3
976 121 3
1001 1 5
1001 2 5
1001 3 4
1001 4 4
1001 5 4
1001 6 4
1001 7 3
1001 8 3
1001 9 4
1001 10 5
1001 11 4
1001 12 4
1001 13 4
1001 14 4
1001 15 5
1001 16 3
1001 17 4
1001 18 3
1001 19 3
1001 20 3
1001 21 1
1001 22 2
1001 23 4
1001 24 4
1001 25 2
1001 26 4
1001 27 4
1001 28 4
1001 29 3
1001 30 3
1001 31 3
1001 32 2
1001 33 1
1001 34 1
1001 35 1
1001 36 4
1001 37 3
1001 38 2
1001 39 4
1001 40 4
1001 41 3
1001 42 1
1001 43 1
1001 44 1
1001 45 1
1001 46 3
1001 47 4
1001 48 4
1001 49 3
1001 50 3
1001 51 1
1001 52 1
1001 53 1
1001 54 1
1001 55 1
1001 56 1
1001 57 3
1001 58 4
1001 59 4
1001 60 3
1001 61 2
1001 62 2
1001 63 1
1001 64 1
1001 65 1
1001 66 1
1001 67 1
1001 68 3
1001 69 4
1001 70 4
1001 71 4
1001 72 4
1001 73 1
1001 74 2
1001 75 1
1001 76 1
1001 77 1
1001 78 1
1001 79 1
1001 80 5
1001 81 5
1001 82 4
1001 83 2
1001 84 5
1001 85 2
1001 86 4
1001 87 1
1001 88 1
1001 89 1
1001 90 2
1001 91 4
1001 92 4
1001 93 5
1001 94 5
1001 95 3
1001 96 5
1001 97 4
1001 98 4
1001 99 4
1001 100 4
1001 101 4
1001 102 4
1001 103 4
1001 104 4
1001 105 3
1001 106 3
1001 107 3
1001 108 4
1001 109 4
1001 110 4
1001 111 4
1001 112 4
1001 113 4
1001 114 4
1001 115 4
1001 116 4
1001 117 3
1001 118 4
1001 119 5
1001 120 3
1001 121 3
1026 1 5
1026 2 4
1026 3 4
1026 4 4
1026 5 4
1026 6 4
1026 7 3
1026 8 5
1026 9 4
1026 10 3
1026 11 4
1026 12 3
1026 13 4
1026 14 4
1026 15 4
1026 16 4
1026 17 3
1026 18 3
1026 19 3
1026 20 4
1026 21 1
1026 22 3
1026 23 5
1026 24 4
1026 25 3
1026 26 3
1026 27 3
1026 28 3
1026 29 4
1026 30 3
1026 31 5
1026 32 1
1026 33 2
1026 34 1
1026 35 1
1026 36 3
1026 37 3
1026 38 4
1026 39 3
1026 40 3
1026 41 4
1026 42 2
1026 43 1
1026 44 1
1026 45 1
1026 46 4
1026 47 3
1026 48 5
1026 49 4
1026 50 2
1026 51 1
1026 52 2
1026 53 1
1026 54 1
1026 55 1
1026 56 1
1026 57 3
1026 58 4
1026 59 4
1026 60 4
1026 61 3
1026 62 1
1026 63 1
1026 64 1
1026 65 1
1026 66 1
1026 67 1
1026 68 3
1026 69 4
1026 70 4
1026 71 3
1026 72 3
1026 73 1
1026 74 1
1026 75 1
1026 76 1
1026 77 1
1026 78 1
1026 79 1
1026 80 2
1026 81 2
1026 82 3
1026 83 1
1026 84 3
1026 85 5
1026 86 3
1026 87 1
1026 88 1
1026 89 1
1026 90 3
1026 91 5
1026 92 5
1026 93 5
1026 94 4
1026 95 2
1026 96 4
1026 97 5
1026 98 5
1026 99 3
1026 100 4
1026 101 5
1026 102 5
1026 103 4
1026 104 5
1026 105 5
1026 106 3
1026 107 4
1026 108 4
1026 109 3
1026 110 3
1026 111 3
1026 112 5
1026 113 4
1026 114 4
1026 115 4
1026 116 3
1026 117 3
1026 118 4
1026 119 5
1026 120 4
1026 121 4
1051 1 4
1051 2 4
1051 3 4
1051 4 4
1051 5 4
1051 6 4
1051 7 4
1051 8 5
1051 9 3
1051 10 3
1051 11 4
1051 12 5
1051 13 5
1051 14 4
1051 15 3
1051 16 4
1051 17 5
1051 18 5
1051 19 5
1051 20 5
1051 21 1
1051 22 5
1051 23 4
1051 24 4
1051 25 3
1051 26 4
1051 27 5
1051 28 4
1051 29 4
1051 30 4
1051 31 4
1051 32 2
1051 33 2
1051 34 1
1051 35 1
1051 36 3
1051 37 3
1051 38 2
1051 39 3
1051 40 3
1051 41 3
1051 42 1
1051 43 1
1051 44 1
1051 45 1
1051 46 4
1051 47 4
1051 48 4
1051 49 4
1051 50 2
1051 51 1
1051 52 1
1051 53 1
1051 54 1
1051 55 1
1051 56 3
1051 57 4
1051 58 5
1051 59 5
1051 60 4
1051 61 3
1051 62 1
1051 63 1
1051 64 1
1051 65 1
1051 66 1
1051 67 1
1051 68 3
1051 69 3
1051 70 4
1051 71 5
1051 72 3
1051 73 3
1051 74 1
1051 75 1
1051 76 1
1051 77 1
1051 78 1
1051 79 2
1051 80 2
1051 81 5
1051 82 5
1051 83 2
1051 84 3
1051 85 2
1051 86 5
1051 87 1
1051 88 1
1051 89 2
1051 90 3
1051 91 5
1051 92 3
1051 93 4
1051 94 4
1051 95 4
1051 96 5
1051 97 5
1051 98 5
1051 99 4
1051 100 3
1051 101 3
1051 102 5
1051 103 5
1051 104 4
1051 105 3
1051 106 5
1051 107 4
1051 108 4
1051 109 4
1051 110 3
1051 111 5
1051 112 4
1051 113 4
1051 114 5
1051 115 4
1051 116 5
1051 117 5
1051 118 5
1051 119 4
1051 120 4
1051 121 4
1076 1 4
1076 2 4
1076 3 4
1076 4 4
1076 5 4
1076 6 4
1076 7 4
1076 8 5
1076 9 4
1076 10 5
1076 11 4
1076 12 4
1076 13 3
1076 14 5
1076 15 4
1076 16 4
1076 17 4
1076 18 5
1076 19 4
1076 20 4
1076 21 1
1076 22 3
1076 23 2
1076 24 3
1076 25 4
1076 26 3
1076 27 4
1076 28 4
1076 29 4
1076 30 4
1076 31 3
1076 32 1
1076 33 1
1076 34 1
1076 35 1
1076 36 4
1076 37 5
1076 38 2
1076 39 4
1076 40 4
1076 41 4
1076 42 1
1076 43 1
1076 44 1
1076 45 1
1076 46 4
1076 47 4
1076 48 4
1076 49 4
1076 50 3
1076 51 1
1076 52 1
1076 53 1
1076 54 1
1076 55 1
1076 56 3
1076 57 3
1076 58 4
1076 59 4
1076 60 5
1076 61 4
1076 62 1
1076 63 1
1076 64 1
1076 65 1
1076 66 1
1076 67 1
1076 68 4
1076 69 4
1076 70 4
1076 71 3
1076 72 2
1076 73 2
1076 74 1
1076 75 1
1076 76 1
1076 77 1
1076 78 1
1076 79 1
1076 80 5
1076 81 4
1076 82 3
1076 83 3
1076 84 3
1076 85 4
1076 86 5
1076 87 2
1076 88 2
1076 89 1
1076 90 2
1076 91 4
1076 92 3
1076 93 3
1076 94 4
1076 95 5
1076 96 5
1076 97 5
1076 98 5
1076 99 3
1076 100 3
1076 101 5
1076 102 4
1076 103 4
1076 104 4
1076 105 2
1076 106 4
1076 107 4
1076 108 5
1076 109 5
1076 110 4
1076 111 5
1076 112 4
1076 113 3
1076 114 4
1076 115 5
1076 116 4
1076 117 4
1076 118 4
1076 119 5
1076 120 4
1076 121 5
1101 1 5
1101 2 4
1101 3 4
1101 4 4
1101 5 4
1101 6 4
1101 7 4
1101 8 4
1101 9 4
1101 10 3
1101 11 2
1101 12 5
1101 13 4
1101 14 5
1101 15 5
1101 16 4
1101 17 4
1101 18 4
1101 19 5
1101 20 4
1101 21 2
1101 22 4
1101 23 4
1101 24 3
1101 25 4
1101 26 4
1101 27 5
1101 28 5
1101 29 4
1101 30 5
1101 31 3
1101 32 1
1101 33 1
1101 34 2
1101 35 2
1101 36 3
1101 37 3
1101 38 3
1101 39 4
1101 40 2
1101 41 4
1101 42 1
1101 43 1
1101 44 1
1101 45 1
1101 46 4
1101 47 4
1101 48 4
1101 49 4
1101 50 3
1101 51 2
1101 52 1
1101 53 1
1101 54 1
1101 55 1
1101 56 1
1101 57 2
1101 58 3
1101 59 4
1101 60 3
1101 61 3
1101 62 1
1101 63 1
1101 64 1
1101 65 1
1101 66 1
1101 67 1
1101 68 3
1101 69 4
1101 70 3
1101 71 4
1101 72 4
1101 73 2
1101 74 2
1101 75 1
1101 76 1
1101 77 1
1101 78 1
1101 79 3
1101 80 4
1101 81 3
1101 82 3
1101 83 2
1101 84 5
1101 85 3
1101 86 3
1101 87 1
1101 88 1
1101 89 1
1101 90 2
1101 91 4
1101 92 4
1101 93 4
1101 94 4
1101 95 4
1101 96 4
1101 97 5
1101 98 3
1101 99 4
1101 100 4
1101 101 4
1101 102 4
1101 103 4
1101 104 4
1101 105 4
1101 106 4
1101 107 4
1101 108 4
1101 109 4
1101 110 4
1101 111 3
1101 112 4
1101 113 4
1101 114 4
1101 115 4
1101 116 4
1101 117 4
1101 118 4
1101 119 5
1101 120 5
1101 121 4
1126 1 4
1126 2 4
1126 3 4
1126 4 4
1126 5 4
1126 6 4
1126 7 4
1126 8 4
1126 9 4
1126 10 3
1126 11 4
1126 12 5
1126 13 4
1126 14 5
1126 15 5
1126 16 5
1126 17 4
1126 18 4
1126 19 3
1126 20 2
1126 21 1
1126 22 3
1126 23 2
1126 24 4
1126 25 4
1126 26 3
1126 27 4
1126 28 4
1126 29 3
1126 30 5
1126 31 4
1126 32 2
1126 33 1
1126 34 2
1126 35 2
1126 36 3
1126 37 3
1126 38 3
1126 39 3
1126 40 3
1126 41 3
1126 42 1
1126 43 1
1126 44 1
1126 45 1
1126 46 2
1126 47 3
1126 48 3
1126 49 4
1126 50 2
1126 51 2
1126 52 1
1126 53 1
1126 54 1
1126 55 1
1126 56 1
1126 57 4
1126 58 3
1126 59 3
1126 60 3
1126 61 3
1126 62 1
1126 63 1
1126 64 1
1126 65 1
1126 66 1
1126 67 1
1126 68 4
1126 69 3
1126 70 3
1126 71 4
1126 72 4
1126 73 1
1126 74 1
1126 75 1
1126 76 1
1126 77 1
1126 78 1
1126 79 2
1126 80 4
1126 81 5
1126 82 4
1126 83 3
1126 84 3
1126 85 3
1126 86 3
1126 87 2
1126 88 1
1126 89 2
1126 90 4
1126 91 4
1126 92 4
1126 93 4
1126 94 4
1126 95 4
1126 96 4
1126 97 5
1126 98 4
1126 99 3
1126 100 3
1126 101 4
1126 102 5
1126 103 4
1126 104 4
1126 105 4
1126 106 4
1126 107 4
1126 108 4
1126 109 4
1126 110 4
1126 111 2
1126 112 5
1126 113 4
1126 114 4
1126 115 4
1126 116 4
1126 117 4
1126 118 4
1126 119 4
1126 120 4
1126 121 5
1151 1 3
1151 2 4
1151 3 4
1151 4 4
1151 5 4
1151 6 4
1151 7 4
1151 8 4
1151 9 5
1151 10 5
1151 11 5
1151 12 4
1151 13 3
1151 14 3
1151 15 4
1151 16 4
1151 17 4
1151 18 4
1151 19 4
1151 20 5
1151 21 2
1151 22 4
1151 23 3
1151 24 3
1151 25 3
1151 26 4
1151 27 4
1151 28 3
1151 29 4
1151 30 3
1151 31 2
1151 32 1
1151 33 1
1151 34 2
1151 35 1
1151 36 3
1151 37 3
1151 38 2
1151 39 4
1151 40 4
1151 41 4
1151 42 1
1151 43 1
1151 44 1
1151 45 3
1151 46 4
1151 47 3
1151 48 3
1151 49 3
1151 50 3
1151 51 1
1151 52 1
1151 53 2
1151 54 1
1151 55 1
1151 56 1
1151 57 4
1151 58 4
1151 59 3
1151 60 3
1151 61 2
1151 62 1
1151 63 1
1151 64 1
1151 65 1
1151 66 1
1151 67 1
1151 68 3
1151 69 4
1151 70 3
1151 71 3
1151 72 2
1151 73 1
1151 74 2
1151 75 2
1151 76 1
1151 77 1
1151 78 1
1151 79 1
1151 80 5
1151 81 4
1151 82 3
1151 83 3
1151 84 3
1151 85 4
1151 86 5
1151 87 2
1151 88 1
1151 89 1
1151 90 4
1151 91 5
1151 92 4
1151 93 4
1151 94 4
1151 95 3
1151 96 4
1151 97 4
1151 98 5
1151 99 3
1151 100 4
1151 101 4
1151 102 4
1151 103 4
1151 104 4
1151 105 3
1151 106 4
1151 107 4
1151 108 3
1151 109 3
1151 110 4
1151 111 3
1151 112 3
1151 113 4
1151 114 4
1151 115 4
1151 116 3
1151 117 4
1151 118 3
1151 119 3
1151 120 4
1151 121 4
1176 1 3
1176 2 3
1176 3 3
1176 4 4
1176 5 4
1176 6 4
1176 7 4
1176 8 5
1176 9 4
1176 10 4
1176 11 3
1176 12 4
1176 13 5
1176 14 4
1176 15 4
1176 16 4
1176 17 4
1176 18 4
1176 19 5
1176 20 4
1176 21 2
1176 22 3
1176 23 4
1176 24 4
1176 25 5
1176 26 4
1176 27 5
1176 28 4
1176 29 4
1176 30 4
1176 31 2
1176 32 2
1176 33 1
1176 34 1
1176 35 2
1176 36 4
1176 37 3
1176 38 3
1176 39 4
1176 40 4
1176 41 3
1176 42 2
1176 43 1
1176 44 1
1176 45 2
1176 46 2
1176 47 5
1176 48 3
1176 49 3
1176 50 2
1176 51 2
1176 52 1
1176 53 1
1176 54 2
1176 55 1
1176 56 1
1176 57 3
1176 58 5
1176 59 3
1176 60 4
1176 61 2
1176 62 1
1176 63 1
1176 64 2
1176 65 1
1176 66 1
1176 67 1
1176 68 3
1176 69 4
1176 70 4
1176 71 3
1176 72 4
1176 73 2
1176 74 2
1176 75 1
1176 76 1
1176 77 1
1176 78 2
1176 79 2
1176 80 4
1176 81 5
1176 82 2
1176 83 1
1176 84 3
1176 85 2
1176 86 4
1176 87 1
1176 88 1
1176 89 2
1176 90 4
1176 91 3
1176 92 4
1176 93 3
1176 94 4
1176 95 3
1176 96 4
1176 97 3
1176 98 4
1176 99 4
1176 100 2
1176 101 3
1176 102 3
1176 103 5
1176 104 3
1176 105 3
1176 106 3
1176 107 4
1176 108 3
1176 109 4
1176 110 5
1176 111 3
1176 112 4
1176 113 3
1176 114 4
1176 115 3
1176 116 3
1176 117 4
1176 118 4
1176 119 4
1176 120 4
1176 121 2
1201 1 4
1201 2 4
1201 3 3
1201 4 3
1201 5 4
1201 6 4
1201 7 4
1201 8 4
1201 9 4
1201 10 3
1201 11 3
1201 12 4
1201 13 4
1201 14 3
1201 15 3
1201 16 4
1201 17 4
1201 18 4
1201 19 4
1201 20 4
1201 21 2
1201 22 4
1201 23 3
1201 24 4
1201 25 4
1201 26 3
1201 27 5
1201 28 5
1201 29 4
1201 30 5
1201 31 4
1201 32 1
1201 33 1
1201 34 1
1201 35 1
1201 36 4
1201 37 3
1201 38 2
1201 39 2
1201 40 2
1201 41 3
1201 42 2
1201 43 1
1201 44 1
1201 45 1
1201 46 1
1201 47 5
1201 48 4
1201 49 4
1201 50 3
1201 51 1
1201 52 2
1201 53 1
1201 54 1
1201 55 1
1201 56 1
1201 57 2
1201 58 5
1201 59 4
1201 60 5
1201 61 4
1201 62 1
1201 63 1
1201 64 1
1201 65 1
1201 66 1
1201 67 1
1201 68 4
1201 69 3
1201 70 5
1201 71 5
1201 72 3
1201 73 1
1201 74 1
1201 75 1
1201 76 1
1201 77 1
1201 78 2
1201 79 1
1201 80 2
1201 81 5
1201 82 4
1201 83 1
1201 84 3
1201 85 5
1201 86 4
1201 87 1
1201 88 2
1201 89 3
1201 90 3
1201 91 3
1201 92 3
1201 93 4
1201 94 4
1201 95 5
1201 96 4
1201 97 5
1201 98 5
1201 99 4
1201 100 3
1201 101 3
1201 102 3
1201 103 3
1201 104 4
1201 105 4
1201 106 4
1201 107 4
1201 108 4
1201 109 3
1201 110 3
1201 111 3
1201 112 3
1201 113 3
1201 114 3
1201 115 4
1201 116 4
1201 117 4
1201 118 4
1201 119 4
1201 120 4
1201 121 3
1226 1 3
1226 2 4
1226 3 4
1226 4 3
1226 5 4
1226 6 4
1226 7 4
1226 8 4
1226 9 4
1226 10 4
1226 11 3
1226 12 3
1226 13 4
1226 14 3
1226 15 4
1226 16 4
1226 17 4
1226 18 4
1226 19 4
1226 20 4
1226 21 2
1226 22 3
1226 23 3
1226 24 4
1226 25 4
1226 26 5
1226 27 4
1226 28 5
1226 29 4
1226 30 4
1226 31 4
1226 32 2
1226 33 1
1226 34 1
1226 35 1
1226 36 3
1226 37 3
1226 38 3
1226 39 3
1226 40 2
1226 41 3
1226 42 1
1226 43 2
1226 44 1
1226 45 1
1226 46 3
1226 47 5
1226 48 3
1226 49 4
1226 50 4
1226 51 1
1226 52 2
1226 53 1
1226 54 1
1226 55 1
1226 56 1
1226 57 5
1226 58 5
1226 59 3
1226 60 4
1226 61 4
1226 62 1
1226 63 1
1226 64 1
1226 65 1
1226 66 1
1226 67 1
1226 68 3
1226 69 4
1226 70 5
1226 71 4
1226 72 3
1226 73 1
1226 74 1
1226 75 1
1226 76 1
1226 77 1
1226 78 1
1226 79 1
1226 80 3
1226 81 5
1226 82 3
1226 83 1
1226 84 4
1226 85 5
1226 86 4
1226 87 2
1226 88 1
1226 89 2
1226 90 3
1226 91 3
1226 92 3
1226 93 3
1226 94 5
1226 95 4
1226 96 5
1226 97 4
1226 98 5
1226 99 3
1226 100 3
1226 101 3
1226 102 3
1226 103 3
1226 104 3
1226 105 5
1226 106 5
1226 107 4
1226 108 4
1226 109 4
1226 110 5
1226 111 4
1226 112 4
1226 113 3
1226 114 4
1226 115 3
1226 116 5
1226 117 5
1226 118 4
1226 119 4
1226 120 4
1226 121 4
1251 1 3
1251 2 3
1251 3 3
1251 4 4
1251 5 4
1251 6 4
1251 7 4
1251 8 4
1251 9 4
1251 10 4
1251 11 4
1251 12 4
1251 13 4
1251 14 4
1251 15 5
1251 16 4
1251 17 5
1251 18 4
1251 19 4
1251 20 4
1251 21 2
1251 22 4
1251 23 2
1251 24 3
1251 25 3
1251 26 4
1251 27 4
1251 28 5
1251 29 5
1251 30 4
1251 31 3
1251 32 2
1251 33 2
1251 34 1
1251 35 1
1251 36 5
1251 37 4
1251 38 3
1251 39 3
1251 40 3
1251 41 3
1251 42 1
1251 43 2
1251 44 1
1251 45 2
1251 46 2
1251 47 4
1251 48 5
1251 49 5
1251 50 2
1251 51 1
1251 52 2
1251 53 1
1251 54 1
1251 55 1
1251 56 2
1251 57 3
1251 58 4
1251 59 4
1251 60 5
1251 61 3
1251 62 1
1251 63 1
1251 64 1
1251 65 1
1251 66 1
1251 67 2
1251 68 3
1251 69 3
1251 70 4
1251 71 5
1251 72 2
1251 73 2
1251 74 1
1251 75 1
1251 76 1
1251 77 1
1251 78 1
1251 79 1
1251 80 4
1251 81 5
1251 82 5
1251 83 1
1251 84 4
1251 85 3
1251 86 4
1251 87 1
1251 88 1
1251 89 1
1251 90 3
1251 91 4
1251 92 5
1251 93 4
1251 94 4
1251 95 3
1251 96 5
1251 97 4
1251 98 5
1251 99 2
1251 100 4
1251 101 3
1251 102 4
1251 103 3
1251 104 3
1251 105 4
1251 106 4
1251 107 4
1251 108 5
1251 109 4
1251 110 5
1251 111 4
1251 112 5
1251 113 4
1251 114 4
1251 115 3
1251 116 5
1251 117 4
1251 118 4
1251 119 4
1251 120 4
1251 121 4
1276 1 4
1276 2 5
1276 3 3
1276 4 4
1276 5 4
1276 6 4
1276 7 4
1276 8 4
1276 9 4
1276 10 3
1276 11 5
1276 12 4
1276 13 5
1276 14 5
1276 15 4
1276 16 4
1276 17 4
1276 18 4
1276 19 4
1276 20 4
1276 21 2
1276 22 3
1276 23 3
1276 24 2
1276 25 2
1276 26 3
1276 27 4
1276 28 4
1276 29 4
1276 30 3
1276 31 2
1276 32 2
1276 33 1
1276 34 1
1276 35 1
1276 36 2
1276 37 3
1276 38 2
1276 39 3
1276 40 2
1276 41 4
1276 42 2
1276 43 1
1276 44 1
1276 45 2
1276 46 4
1276 47 5
1276 48 4
1276 49 4
1276 50 2
1276 51 2
1276 52 1
1276 53 1
1276 54 1
1276 55 1
1276 56 2
1276 57 4
1276 58 4
1276 59 3
1276 60 4
1276 61 4
1276 62 1
1276 63 1
1276 64 1
1276 65 1
1276 66 1
1276 67 2
1276 68 5
1276 69 4
1276 70 5
1276 71 4
1276 72 3
1276 73 2
1276 74 1
1276 75 1
1276 76 1
1276 77 2
1276 78 2
1276 79 1
1276 80 3
1276 81 5
1276 82 5
1276 83 1
1276 84 4
1276 85 5
1276 86 3
1276 87 2
1276 88 3
1276 89 2
1276 90 4
1276 91 4
1276 92 4
1276 93 5
1276 94 5
1276 95 4
1276 96 4
1276 97 5
1276 98 5
1276 99 2
1276 100 4
1276 101 4
1276 102 4
1276 103 4
1276 104 4
1276 105 5
1276 106 4
1276 107 5
1276 108 4
1276 109 4
1276 110 5
1276 111 3
1276 112 5
1276 113 4
1276 114 4
1276 115 4
1276 116 5
1276 117 5
1276 118 4
1276 119 4
1276 120 5
1276 121 4
1301 1 5
1301 2 3
1301 3 4
1301 4 4
1301 5 4
1301 6 4
1301 7 4
1301 8 4
1301 9 5
1301 10 4
1301 11 5
1301 12 5
1301 13 4
1301 14 4
1301 15 5
1301 16 4
1301 17 4
1301 18 4
1301 19 4
1301 20 4
1301 21 2
1301 22 3
1301 23 2
1301 24 4
1301 25 5
1301 26 3
1301 27 5
1301 28 4
1301 29 4
1301 30 4
1301 31 3
1301 32 1
1301 33 1
1301 34 2
1301 35 2
1301 36 3
1301 37 3
1301 38 1
1301 39 3
1301 40 5
1301 41 3
1301 42 1
1301 43 1
1301 44 1
1301 45 1
1301 46 3
1301 47 4
1301 48 3
1301 49 3
1301 50 3
1301 51 1
1301 52 1
1301 53 1
1301 54 1
1301 55 1
1301 56 1
1301 57 4
1301 58 3
1301 59 3
1301 60 4
1301 61 2
1301 62 1
1301 63 1
1301 64 1
1301 65 1
1301 66 1
1301 67 2
1301 68 3
1301 69 3
1301 70 4
1301 71 4
1301 72 3
1301 73 2
1301 74 2
1301 75 1
1301 76 1
1301 77 1
1301 78 1
1301 79 1
1301 80 4
1301 81 5
1301 82 3
1301 83 1
1301 84 4
1301 85 3
1301 86 2
1301 87 3
1301 88 1
1301 89 3
1301 90 5
1301 91 5
1301 92 5
1301 93 3
1301 94 2
1301 95 4
1301 96 5
1301 97 4
1301 98 4
1301 99 4
1301 100 5
1301 101 4
1301 102 3
1301 103 4
1301 104 4
1301 105 5
1301 106 5
1301 107 4
1301 108 4
1301 109 4
1301 110 4
1301 111 3
1301 112 4
1301 113 4
1301 114 4
1301 115 4
1301 116 4
1301 117 4
1301 118 4
1301 119 4
1301 120 5
1301 121 4
1326 1 3
1326 2 5
1326 3 4
1326 4 4
1326 5 4
1326 6 3
1326 7 4
1326 8 4
1326 9 5
1326 10 2
1326 11 5
1326 12 5
1326 13 4
1326 14 5
1326 15 4
1326 16 4
1326 17 3
1326 18 3
1326 19 4
1326 20 4
1326 21 1
1326 22 3
1326 23 4
1326 24 3
1326 25 4
1326 26 3
1326 27 4
1326 28 4
1326 29 3
1326 30 4
1326 31 4
1326 32 2
1326 33 1
1326 34 2
1326 35 1
1326 36 4
1326 37 3
1326 38 3
1326 39 4
1326 40 4
1326 41 4
1326 42 1
1326 43 1
1326 44 1
1326 45 1
1326 46 2
1326 47 3
1326 48 3
1326 49 3
1326 50 3
1326 51 1
1326 52 1
1326 53 1
1326 54 1
1326 55 1
1326 56 1
1326 57 3
1326 58 4
1326 59 3
1326 60 4
1326 61 3
1326 62 1
1326 63 1
1326 64 1
1326 65 1
1326 66 1
1326 67 1
1326 68 2
1326 69 3
1326 70 3
1326 71 4
1326 72 4
1326 73 3
1326 74 1
1326 75 1
1326 76 1
1326 77 1
1326 78 1
1326 79 1
1326 80 4
1326 81 5
1326 82 4
1326 83 2
1326 84 5
1326 85 5
1326 86 3
1326 87 2
1326 88 1
1326 89 1
1326 90 3
1326 91 5
1326 92 4
1326 93 4
1326 94 5
1326 95 4
1326 96 4
1326 97 5
1326 98 4
1326 99 4
1326 100 4
1326 101 3
1326 102 4
1326 103 4
1326 104 5
1326 105 4
1326 106 4
1326 107 4
1326 108 4
1326 109 4
1326 110 5
1326 111 4
1326 112 4
1326 113 4
1326 114 4
1326 115 4
1326 116 3
1326 117 4
1326 118 4
1326 119 4
1326 120 5
1326 121 5
1351 1 4
1351 2 4
1351 3 4
1351 4 5
1351 5 4
1351 6 3
1351 7 4
1351 8 3
1351 9 5
1351 10 3
1351 11 5
1351 12 4
1351 13 4
1351 14 3
1351 15 4
1351 16 4
1351 17 4
1351 18 5
1351 19 4
1351 20 4
1351 21 1
1351 22 4
1351 23 3
1351 24 4
1351 25 3
1351 26 3
1351 27 4
1351 28 5
1351 29 4
1351 30 4
1351 31 4
1351 32 2
1351 33 2
1351 34 2
1351 35 1
1351 36 4
1351 37 3
1351 38 3
1351 39 4
1351 40 4
1351 41 4
1351 42 1
1351 43 1
1351 44 1
1351 45 1
1351 46 2
1351 47 2
1351 48 4
1351 49 4
1351 50 3
1351 51 1
1351 52 1
1351 53 1
1351 54 1
1351 55 1
1351 56 1
1351 57 4
1351 58 4
1351 59 3
1351 60 4
1351 61 3
1351 62 1
1351 63 1
1351 64 1
1351 65 1
1351 66 1
1351 67 1
1351 68 4
1351 69 3
1351 70 3
1351 71 3
1351 72 3
1351 73 2
1351 74 1
1351 75 1
1351 76 1
1351 77 1
1351 78 1
1351 79 1
1351 80 4
1351 81 3
1351 82 4
1351 83 1
1351 84 4
1351 85 4
1351 86 3
1351 87 1
1351 88 1
1351 89 2
1351 90 3
1351 91 5
1351 92 4
1351 93 3
1351 94 4
1351 95 4
1351 96 5
1351 97 4
1351 98 4
1351 99 2
1351 100 3
1351 101 4
1351 102 4
1351 103 4
1351 104 4
1351 105 4
1351 106 4
1351 107 4
1351 108 4
1351 109 4
1351 110 4
1351 111 3
1351 112 4
1351 113 4
1351 114 4
1351 115 4
1351 116 4
1351 117 4
1351 118 4
1351 119 4
1351 120 4
1351 121 4
1376 1 4
1376 2 4
1376 3 4
1376 4 4
1376 5 5
1376 6 4
1376 7 4
1376 8 4
1376 9 5
1376 10 4
1376 11 4
1376 12 4
1376 13 5
1376 14 4
1376 15 4
1376 16 4
1376 17 5
1376 18 3
1376 19 4
1376 20 2
1376 21 2
1376 22 4
1376 23 2
1376 24 4
1376 25 4
1376 26 4
1376 27 5
1376 28 5
1376 29 5
1376 30 4
1376 31 4
1376 32 2
1376 33 2
1376 34 1
1376 35 1
1376 36 3
1376 37 3
1376 38 3
1376 39 3
1376 40 2
1376 41 3
1376 42 1
1376 43 1
1376 44 1
1376 45 1
1376 46 4
1376 47 4
1376 48 4
1376 49 4
1376 50 1
1376 51 1
1376 52 1
1376 53 1
1376 54 1
1376 55 1
1376 56 1
1376 57 3
1376 58 3
1376 59 4
1376 60 3
1376 61 2
1376 62 2
1376 63 1
1376 64 1
1376 65 1
1376 66 1
1376 67 1
1376 68 2
1376 69 4
1376 70 3
1376 71 3
1376 72 4
1376 73 2
1376 74 1
1376 75 1
1376 76 1
1376 77 1
1376 78 2
1376 79 2
1376 80 4
1376 81 5
1376 82 4
1376 83 1
1376 84 5
1376 85 5
1376 86 3
1376 87 2
1376 88 1
1376 89 2
1376 90 5
1376 91 3
1376 92 5
1376 93 5
1376 94 3
1376 95 4
1376 96 4
1376 97 4
1376 98 4
1376 99 4
1376 100 4
1376 101 5
1376 102 4
1376 103 4
1376 104 4
1376 105 5
1376 106 5
1376 107 4
1376 108 3
1376 109 3
1376 110 5
1376 111 2
1376 112 5
1376 113 4
1376 114 4
1376 115 3
1376 116 4
1376 117 4
1376 118 4
1376 119 3
1376 120 3
1376 121 2
1401 1 3
1401 2 4
1401 3 4
1401 4 4
1401 5 4
1401 6 4
1401 7 4
1401 8 4
1401 9 4
1401 10 2
1401 11 4
1401 12 4
1401 13 3
1401 14 4
1401 15 4
1401 16 4
1401 17 4
1401 18 5
1401 19 5
1401 20 4
1401 21 1
1401 22 2
1401 23 2
1401 24 1
1401 25 3
1401 26 2
1401 27 4
1401 28 4
1401 29 5
1401 30 4
1401 31 4
1401 32 2
1401 33 2
1401 34 1
1401 35 1
1401 36 2
1401 37 3
1401 38 4
1401 39 4
1401 40 4
1401 41 4
1401 42 1
1401 43 1
1401 44 1
1401 45 2
1401 46 3
1401 47 4
1401 48 3
1401 49 4
1401 50 3
1401 51 2
1401 52 1
1401 53 1
1401 54 1
1401 55 1
1401 56 1
1401 57 2
1401 58 4
1401 59 3
1401 60 3
1401 61 4
1401 62 1
1401 63 1
1401 64 1
1401 65 1
1401 66 1
1401 67 1
1401 68 4
1401 69 4
1401 70 4
1401 71 4
1401 72 2
1401 73 3
1401 74 1
1401 75 1
1401 76 1
1401 77 1
1401 78 1
1401 79 1
1401 80 3
1401 81 4
1401 82 4
1401 83 1
1401 84 4
1401 85 3
1401 86 3
1401 87 1
1401 88 1
1401 89 1
1401 90 4
1401 91 3
1401 92 4
1401 93 5
1401 94 4
1401 95 4
1401 96 4
1401 97 5
1401 98 4
1401 99 3
1401 100 4
1401 101 4
1401 102 4
1401 103 4
1401 104 3
1401 105 4
1401 106 4
1401 107 4
1401 108 5
1401 109 3
1401 110 4
1401 111 4
1401 112 5
1401 113 4
1401 114 4
1401 115 4
1401 116 5
1401 117 4
1401 118 4
1401 119 5
1401 120 4
1401 121 3
1426 1 3
1426 2 5
1426 3 4
1426 4 4
1426 5 4
1426 6 4
1426 7 4
1426 8 4
1426 9 5
1426 10 5
1426 11 3
1426 12 3
1426 13 3
1426 14 4
1426 15 4
1426 16 4
1426 17 4
1426 18 4
1426 19 5
1426 20 5
1426 21 1
1426 22 3
1426 23 2
1426 24 3
1426 25 3
1426 26 4
1426 27 4
1426 28 4
1426 29 5
1426 30 5
1426 31 4
1426 32 1
1426 33 1
1426 34 1
1426 35 1
1426 36 3
1426 37 3
1426 38 4
1426 39 4
1426 40 4
1426 41 3
1426 42 1
1426 43 1
1426 44 1
1426 45 1
1426 46 4
1426 47 3
1426 48 4
1426 49 4
1426 50 2
1426 51 1
1426 52 1
1426 53 1
1426 54 1
1426 55 1
1426 56 1
1426 57 2
1426 58 4
1426 59 3
1426 60 4
1426 61 2
1426 62 1
1426 63 1
1426 64 1
1426 65 1
1426 66 1
1426 67 1
1426 68 3
1426 69 3
1426 70 4
1426 71 3
1426 72 3
1426 73 2
1426 74 1
1426 75 2
1426 76 1
1426 77 1
1426 78 1
1426 79 2
1426 80 4
1426 81 5
1426 82 4
1426 83 1
1426 84 4
1426 85 5
1426 86 3
1426 87 1
1426 88 1
1426 89 1
1426 90 4
1426 91 4
1426 92 5
1426 93 4
1426 94 3
1426 95 4
1426 96 5
1426 97 4
1426 98 4
1426 99 4
1426 100 4
1426 101 3
1426 102 4
1426 103 4
1426 104 3
1426 105 4
1426 106 3
1426 107 4
1426 108 4
1426 109 5
1426 110 3
1426 111 4
1426 112 3
1426 113 5
1426 114 4
1426 115 4
1426 116 3
1426 117 4
1426 118 4
1426 119 4
1426 120 4
1426 121 3
1451 1 3
1451 2 3
1451 3 3
1451 4 4
1451 5 4
1451 6 4
1451 7 4
1451 8 4
1451 9 4
1451 10 3
1451 11 3
1451 12 3
1451 13 5
1451 14 3
1451 15 3
1451 16 4
1451 17 4
1451 18 4
1451 19 5
1451 20 4
1451 21 1
1451 22 4
1451 23 2
1451 24 2
1451 25 3
1451 26 2
1451 27 4
1451 28 4
1451 29 4
1451 30 5
1451 31 4
1451 32 1
1451 33 1
1451 34 1
1451 35 2
1451 36 2
1451 37 3
1451 38 2
1451 39 5
1451 40 3
1451 41 2
1451 42 3
1451 43 1
1451 44 1
1451 45 2
1451 46 4
1451 47 3
1451 48 3
1451 49 3
1451 50 3
1451 51 2
1451 52 2
1451 53 1
1451 54 1
1451 55 1
1451 56 2
1451 57 4
1451 58 3
1451 59 3
1451 60 3
1451 61 2
1451 62 1
1451 63 1
1451 64 1
1451 65 1
1451 66 1
1451 67 1
1451 68 3
1451 69 3
1451 70 3
1451 71 3
1451 72 2
1451 73 1
1451 74 1
1451 75 1
1451 76 1
1451 77 1
1451 78 1
1451 79 1
1451 80 4
1451 81 5
1451 82 4
1451 83 2
1451 84 4
1451 85 4
1451 86 4
1451 87 1
1451 88 1
1451 89 1
1451 90 2
1451 91 4
1451 92 5
1451 93 3
1451 94 5
1451 95 4
1451 96 4
1451 97 5
1451 98 5
1451 99 3
1451 100 3
1451 101 3
1451 102 4
1451 103 4
1451 104 4
1451 105 5
1451 106 4
1451 107 4
1451 108 4
1451 109 4
1451 110 4
1451 111 4
1451 112 4
1451 113 4
1451 114 4
1451 115 4
1451 116 3
1451 117 4
1451 118 4
1451 119 4
1451 120 4
1451 121 5
1476 1 4
1476 2 4
1476 3 3
1476 4 4
1476 5 5
1476 6 4
1476 7 4
1476 8 4
1476 9 4
1476 10 2
1476 11 4
1476 12 4
1476 13 3
1476 14 4
1476 15 4
1476 16 5
1476 17 5
1476 18 5
1476 19 5
1476 20 5
1476 21 2
1476 22 2
1476 23 2
1476 24 2
1476 25 4
1476 26 5
1476 27 5
1476 28 4
1476 29 5
1476 30 4
1476 31 3
1476 32 1
1476 33 1
1476 34 1
1476 35 1
1476 36 4
1476 37 3
1476 38 2
1476 39 3
1476 40 4
1476 41 3
1476 42 1
1476 43 1
1476 44 1
1476 45 1
1476 46 3
1476 47 4
1476 48 4
1476 49 4
1476 50 2
1476 51 2
1476 52 2
1476 53 1
1476 54 1
1476 55 1
1476 56 2
1476 57 3
1476 58 3
1476 59 3
1476 60 4
1476 61 3
1476 62 1
1476 63 1
1476 64 1
1476 65 1
1476 66 1
1476 67 1
1476 68 3
1476 69 3
1476 70 3
1476 71 4
1476 72 1
1476 73 1
1476 74 2
1476 75 1
1476 76 1
1476 77 1
1476 78 1
1476 79 1
1476 80 4
1476 81 3
1476 82 4
1476 83 1
1476 84 3
1476 85 3
1476 86 3
1476 87 1
1476 88 2
1476 89 2
1476 90 3
1476 91 4
1476 92 4
1476 93 3
1476 94 4
1476 95 4
1476 96 4
1476 97 5
1476 98 4
1476 99 3
1476 100 4
1476 101 4
1476 102 3
1476 103 3
1476 104 4
1476 105 5
1476 106 4
1476 107 4
1476 108 4
1476 109 4
1476 110 4
1476 111 5
1476 112 4
1476 113 4
1476 114 4
1476 115 3
1476 116 4
1476 117 4
1476 118 4
1476 119 5
1476 120 4
1476 121 5
1501 1 3
1501 2 3
1501 3 4
1501 4 5
1501 5 4
1501 6 4
1501 7 4
1501 8 4
1501 9 4
1501 10 4
1501 11 3
1501 12 3
1501 13 4
1501 14 5
1501 15 5
1501 16 5
1501 17 5
1501 18 4
1501 19 5
1501 20 4
1501 21 2
1501 22 2
1501 23 3
1501 24 4
1501 25 5
1501 26 5
1501 27 4
1501 28 5
1501 29 5
1501 30 5
1501 31 3
1501 32 1
1501 33 1
1501 34 1
1501 35 1
1501 36 3
1501 37 3
1501 38 3
1501 39 3
1501 40 3
1501 41 2
1501 42 1
1501 43 1
1501 44 1
1501 45 1
1501 46 3
1501 47 4
1501 48 4
1501 49 4
1501 50 2
1501 51 2
1501 52 1
1501 53 1
1501 54 1
1501 55 1
1501 56 1
1501 57 2
1501 58 4
1501 59 4
1501 60 3
1501 61 3
1501 62 1
1501 63 1
1501 64 1
1501 65 1
1501 66 1
1501 67 2
1501 68 3
1501 69 4
1501 70 4
1501 71 4
1501 72 3
1501 73 1
1501 74 1
1501 75 1
1501 76 1
1501 77 1
1501 78 1
1501 79 1
1501 80 4
1501 81 3
1501 82 5
1501 83 1
1501 84 4
1501 85 3
1501 86 3
1501 87 1
1501 88 1
1501 89 2
1501 90 4
1501 91 5
1501 92 4
1501 93 4
1501 94 4
1501 95 5
1501 96 4
1501 97 4
1501 98 4
1501 99 3
1501 100 4
1501 101 4
1501 102 5
1501 103 4
1501 104 4
1501 105 5
1501 106 3
1501 107 3
1501 108 4
1501 109 4
1501 110 4
1501 111 3
1501 112 4
1501 113 4
1501 114 4
1501 115 4
1501 116 3
1501 117 4
1501 118 4
1501 119 4
1501 120 5
1501 121 4
1526 1 5
1526 2 5
1526 3 4
1526 4 5
1526 5 4
1526 6 4
1526 7 4
1526 8 4
1526 9 4
1526 10 3
1526 11 4
1526 12 4
1526 13 4
1526 14 4
1526 15 4
1526 16 4
1526 17 4
1526 18 4
1526 19 3
1526 20 5
1526 21 1
1526 22 3
1526 23 1
1526 24 4
1526 25 5
1526 26 4
1526 27 5
1526 28 4
1526 29 4
1526 30 4
1526 31 4
1526 32 1
1526 33 1
1526 34 1
1526 35 1
1526 36 3
1526 37 4
1526 38 4
1526 39 3
1526 40 4
1526 41 1
1526 42 1
1526 43 1
1526 44 1
1526 45 2
1526 46 3
1526 47 4
1526 48 3
1526 49 4
1526 50 1
1526 51 1
1526 52 1
1526 53 1
1526 54 1
1526 55 1
1526 56 1
1526 57 3
1526 58 3
1526 59 4
1526 60 4
1526 61 3
1526 62 1
1526 63 1
1526 64 1
1526 65 1
1526 66 1
1526 67 1
1526 68 4
1526 69 4
1526 70 4
1526 71 3
1526 72 3
1526 73 2
1526 74 1
1526 75 2
1526 76 1
1526 77 1
1526 78 1
1526 79 1
1526 80 3
1526 81 4
1526 82 4
1526 83 2
1526 84 3
1526 85 4
1526 86 4
1526 87 2
1526 88 2
1526 89 2
1526 90 3
1526 91 3
1526 92 4
1526 93 4
1526 94 5
1526 95 3
1526 96 3
1526 97 3
1526 98 4
1526 99 3
1526 100 3
1526 101 5
1526 102 4
1526 103 4
1526 104 4
1526 105 5
1526 106 5
1526 107 3
1526 108 3
1526 109 3
1526 110 4
1526 111 5
1526 112 4
1526 113 5
1526 114 4
1526 115 4
1526 116 5
1526 117 4
1526 118 4
1526 119 4
1526 120 4
1526 121 4
1551 1 4
1551 2 5
1551 3 4
1551 4 4
1551 5 4
1551 6 4
1551 7 4
1551 8 4
1551 9 4
1551 10 4
1551 11 4
1551 12 5
1551 13 4
1551 14 4
1551 15 4
1551 16 4
1551 17 4
1551 18 4
1551 19 5
1551 20 4
1551 21 1
1551 22 4
1551 23 3
1551 24 3
1551 25 4
1551 26 5
1551 27 4
1551 28 5
1551 29 4
1551 30 5
1551 31 3
1551 32 1
1551 33 2
1551 34 1
1551 35 1
1551 36 3
1551 37 2
1551 38 3
1551 39 3
1551 40 3
1551 41 2
1551 42 1
1551 43 1
1551 44 1
1551 45 1
1551 46 4
1551 47 4
1551 48 4
1551 49 4
1551 50 2
1551 51 1
1551 52 1
1551 53 1
1551 54 1
1551 55 1
1551 56 1
1551 57 3
1551 58 4
1551 59 4
1551 60 4
1551 61 3
1551 62 1
1551 63 1
1551 64 1
1551 65 1
1551 66 1
1551 67 1
1551 68 3
1551 69 4
1551 70 4
1551 71 3
1551 72 1
1551 73 1
1551 74 1
1551 75 1
1551 76 1
1551 77 1
1551 78 1
1551 79 2
1551 80 3
1551 81 3
1551 82 3
1551 83 1
1551 84 4
1551 85 4
1551 86 3
1551 87 1
1551 88 1
1551 89 3
1551 90 4
1551 91 5
1551 92 4
1551 93 5
1551 94 4
1551 95 3
1551 96 3
1551 97 4
1551 98 4
1551 99 3
1551 100 3
1551 101 3
1551 102 4
1551 103 5
1551 104 4
1551 105 5
1551 106 4
1551 107 3
1551 108 3
1551 109 4
1551 110 3
1551 111 5
1551 112 5
1551 113 4
1551 114 4
1551 115 4
1551 116 4
1551 117 4
1551 118 3
1551 119 3
1551 120 3
1551 121 3
1576 1 4
1576 2 4
1576 3 4
1576 4 4
1576 5 4
1576 6 4
1576 7 4
1576 8 4
1576 9 5
1576 10 3
1576 11 2
1576 12 5
1576 13 4
1576 14 4
1576 15 4
1576 16 4
1576 17 4
1576 18 4
1576 19 4
1576 20 4
1576 21 1
1576 22 1
1576 23 3
1576 24 3
1576 25 3
1576 26 5
1576 27 3
1576 28 5
1576 29 4
1576 30 5
1576 31 4
1576 32 1
1576 33 1
1576 34 1
1576 35 1
1576 36 4
1576 37 3
1576 38 3
1576 39 3
1576 40 4
1576 41 3
1576 42 2
1576 43 1
1576 44 1
1576 45 1
1576 46 2
1576 47 4
1576 48 3
1576 49 4
1576 50 4
1576 51 1
1576 52 1
1576 53 1
1576 54 1
1576 55 1
1576 56 1
1576 57 4
1576 58 4
1576 59 3
1576 60 4
1576 61 3
1576 62 1
1576 63 1
1576 64 1
1576 65 1
1576 66 1
1576 67 1
1576 68 4
1576 69 4
1576 70 4
1576 71 3
1576 72 4
1576 73 1
1576 74 1
1576 75 1
1576 76 1
1576 77 1
1576 78 2
1576 79 1
1576 80 4
1576 81 5
1576 82 5
1576 83 1
1576 84 3
1576 85 3
1576 86 3
1576 87 2
1576 88 2
1576 89 1
1576 90 5
1576 91 3
1576 92 5
1576 93 4
1576 94 4
1576 95 5
1576 96 4
1576 97 4
1576 98 3
1576 99 3
1576 100 4
1576 101 3
1576 102 4
1576 103 4
1576 104 3
1576 105 5
1576 106 4
1576 107 4
1576 108 3
1576 109 4
1576 110 3
1576 111 4
1576 112 5
1576 113 4
1576 114 3
1576 115 4
1576 116 4
1576 117 4
1576 118 3
1576 119 5
1576 120 4
1576 121 3
1601 1 5
1601 2 4
1601 3 4
1601 4 4
1601 5 4
1601 6 4
1601 7 4
1601 8 4
1601 9 4
1601 10 4
1601 11 4
1601 12 4
1601 13 4
1601 14 4
1601 15 5
1601 16 4
1601 17 4
1601 18 3
1601 19 5
1601 20 2
1601 21 2
1601 22 3
1601 23 3
1601 24 4
1601 25 3
1601 26 5
1601 27 5
1601 28 4
1601 29 4
1601 30 5
1601 31 5
1601 32 1
1601 33 1
1601 34 1
1601 35 1
1601 36 2
1601 37 3
1601 38 3
1601 39 4
1601 40 4
1601 41 3
1601 42 4
1601 43 1
1601 44 1
1601 45 1
1601 46 2
1601 47 4
1601 48 3
1601 49 3
1601 50 4
1601 51 1
1601 52 1
1601 53 1
1601 54 1
1601 55 1
1601 56 1
1601 57 3
1601 58 4
1601 59 3
1601 60 3
1601 61 4
1601 62 1
1601 63 1
1601 64 1
1601 65 1
1601 66 1
1601 67 1
1601 68 3
1601 69 4
1601 70 4
1601 71 4
1601 72 4
1601 73 1
1601 74 1
1601 75 1
1601 76 1
1601 77 1
1601 78 2
1601 79 2
1601 80 4
1601 81 4
1601 82 4
1601 83 2
1601 84 4
1601 85 5
1601 86 3
1601 87 1
1601 88 2
1601 89 1
1601 90 3
1601 91 5
1601 92 4
1601 93 4
1601 94 5
1601 95 5
1601 96 4
1601 97 4
1601 98 5
1601 99 3
1601 100 3
1601 101 3
1601 102 4
1601 103 4
1601 104 3
1601 105 5
1601 106 4
1601 107 4
1601 108 4
1601 109 4
1601 110 5
1601 111 4
1601 112 5
1601 113 4
1601 114 4
1601 115 4
1601 116 4
1601 117 4
1601 118 4
1601 119 4
1601 120 4
1601 121 3
1626 1 4
1626 2 4
1626 3 4
1626 4 3
1626 5 4
1626 6 4
1626 7 4
1626 8 4
1626 9 2
1626 10 4
1626 11 3
1626 12 3
1626 13 4
1626 14 3
1626 15 4
1626 16 4
1626 17 4
1626 18 4
1626 19 5
1626 20 3
1626 21 2
1626 22 3
1626 23 4
1626 24 4
1626 25 4
1626 26 5
1626 27 5
1626 28 4
1626 29 4
1626 30 4
1626 31 2
1626 32 1
1626 33 1
1626 34 1
1626 35 2
1626 36 2
1626 37 4
1626 38 3
1626 39 3
1626 40 4
1626 41 3
1626 42 2
1626 43 1
1626 44 1
1626 45 2
1626 46 3
1626 47 4
1626 48 3
1626 49 3
1626 50 3
1626 51 2
1626 52 2
1626 53 2
1626 54 1
1626 55 1
1626 56 1
1626 57 3
1626 58 3
1626 59 4
1626 60 4
1626 61 2
1626 62 1
1626 63 1
1626 64 1
1626 65 1
1626 66 1
1626 67 1
1626 68 3
1626 69 4
1626 70 4
1626 71 3
1626 72 2
1626 73 1
1626 74 1
1626 75 1
1626 76 1
1626 77 1
1626 78 1
1626 79 1
1626 80 4
1626 81 4
1626 82 3
1626 83 2
1626 84 4
1626 85 2
1626 86 4
1626 87 1
1626 88 1
1626 89 2
1626 90 4
1626 91 3
1626 92 4
1626 93 3
1626 94 3
1626 95 5
1626 96 4
1626 97 4
1626 98 3
1626 99 4
1626 100 4
1626 101 4
1626 102 4
1626 103 4
1626 104 3
1626 105 4
1626 106 4
1626 107 4
1626 108 5
1626 109 4
1626 110 4
1626 111 3
1626 112 5
1626 113 4
1626 114 4
1626 115 4
1626 116 5
1626 117 4
1626 118 4
1626 119 4
1626 120 5
1626 121 3
1651 1 3
1651 2 4
1651 3 3
1651 4 4
1651 5 4
1651 6 4
1651 7 4
1651 8 4
1651 9 5
1651 10 4
1651 11 4
1651 12 3
1651 13 4
1651 14 3
1651 15 5
1651 16 4
1651 17 4
1651 18 4
1651 19 4
1651 20 4
1651 21 1
1651 22 4
1651 23 2
1651 24 4
1651 25 4
1651 26 4
1651 27 4
1651 28 4
1651 29 4
1651 30 4
1651 31 3
1651 32 1
1651 33 1
1651 34 1
1651 35 1
1651 36 3
1651 37 2
1651 38 4
1651 39 4
1651 40 5
1651 41 3
1651 42 2
1651 43 2
1651 44 1
1651 45 1
1651 46 4
1651 47 3
1651 48 4
1651 49 3
1651 50 3
1651 51 1
1651 52 2
1651 53 1
1651 54 2
1651 55 1
1651 56 1
1651 57 2
1651 58 4
1651 59 4
1651 60 4
1651 61 3
1651 62 1
1651 63 1
1651 64 1
1651 65 1
1651 66 1
1651 67 1
1651 68 3
1651 69 3
1651 70 3
1651 71 4
1651 72 3
1651 73 1
1651 74 1
1651 75 1
1651 76 1
1651 77 1
1651 78 1
1651 79 1
1651 80 5
1651 81 5
1651 82 4
1651 83 2
1651 84 3
1651 85 2
1651 86 3
1651 87 1
1651 88 1
1651 89 1
1651 90 5
1651 91 5
1651 92 4
1651 93 4
1651 94 4
1651 95 3
1651 96 3
1651 97 5
1651 98 5
1651 99 3
1651 100 2
1651 101 5
1651 102 5
1651 103 4
1651 104 4
1651 105 4
1651 106 4
1651 107 4
1651 108 4
1651 109 4
1651 110 3
1651 111 4
1651 112 5
1651 113 4
1651 114 4
1651 115 3
1651 116 4
1651 117 4
1651 118 4
1651 119 5
1651 120 4
1651 121 4
1676 1 3
1676 2 3
1676 3 4
1676 4 4
1676 5 4
1676 6 4
1676 7 4
1676 8 3
1676 9 5
1676 10 3
1676 11 3
1676 12 4
1676 13 3
1676 14 4
1676 15 5
1676 16 4
1676 17 3
1676 18 4
1676 19 4
1676 20 4
1676 21 1
1676 22 3
1676 23 4
1676 24 5
1676 25 4
1676 26 4
1676 27 5
1676 28 3
1676 29 3
1676 30 3
1676 31 3
1676 32 2
1676 33 1
1676 34 1
1676 35 2
1676 36 3
1676 37 3
1676 38 4
1676 39 4
1676 40 3
1676 41 3
1676 42 2
1676 43 1
1676 44 1
1676 45 2
1676 46 4
1676 47 3
1676 48 3
1676 49 4
1676 50 4
1676 51 1
1676 52 1
1676 53 1
1676 54 1
1676 55 1
1676 56 2
1676 57 2
1676 58 3
1676 59 3
1676 60 3
1676 61 3
1676 62 1
1676 63 1
1676 64 1
1676 65 1
1676 66 1
1676 67 1
1676 68 2
1676 69 4
1676 70 3
1676 71 4
1676 72 3
1676 73 1
1676 74 1
1676 75 1
1676 76 1
1676 77 1
1676 78 2
1676 79 1
1676 80 4
1676 81 4
1676 82 4
1676 83 3
1676 84 3
1676 85 4
1676 86 3
1676 87 3
1676 88 2
1676 89 2
1676 90 4
1676 91 3
1676 92 4
1676 93 3
1676 94 4
1676 95 5
1676 96 3
1676 97 3
1676 98 3
1676 99 3
1676 100 5
1676 101 5
1676 102 4
1676 103 4
1676 104 3
1676 105 3
1676 106 4
1676 107 3
1676 108 4
1676 109 3
1676 110 3
1676 111 4
1676 112 5
1676 113 4
1676 114 4
1676 115 4
1676 116 4
1676 117 4
1676 118 3
1676 119 4
1676 120 3
1676 121 3
1701 1 5
1701 2 4
1701 3 4
1701 4 4
1701 5 4
1701 6 4
1701 7 4
1701 8 4
1701 9 5
1701 10 3
1701 11 3
1701 12 4
1701 13 4
1701 14 4
1701 15 5
1701 16 5
1701 17 4
1701 18 4
1701 19 4
1701 20 5
1701 21 2
1701 22 1
1701 23 2
1701 24 5
1701 25 4
1701 26 5
1701 27 5
1701 28 5
1701 29 5
1701 30 3
1701 31 4
1701 32 1
1701 33 1
1701 34 1
1701 35 1
1701 36 2
1701 37 3
1701 38 3
1701 39 4
1701 40 4
1701 41 3
1701 42 1
1701 43 1
1701 44 1
1701 45 1
1701 46 2
1701 47 4
1701 48 3
1701 49 4
1701 50 3
1701 51 2
1701 52 1
1701 53 1
1701 54 1
1701 55 1
1701 56 1
1701 57 2
1701 58 4
1701 59 3
1701 60 4
1701 61 4
1701 62 1
1701 63 1
1701 64 1
1701 65 1
1701 66 1
1701 67 1
1701 68 2
1701 69 4
1701 70 3
1701 71 4
1701 72 3
1701 73 1
1701 74 1
1701 75 1
1701 76 2
1701 77 1
1701 78 2
1701 79 2
1701 80 3
1701 81 3
1701 82 4
1701 83 1
1701 84 3
1701 85 3
1701 86 2
1701 87 2
1701 88 2
1701 89 1
1701 90 4
1701 91 3
1701 92 4
1701 93 5
1701 94 4
1701 95 4
1701 96 4
1701 97 4
1701 98 4
1701 99 3
1701 100 3
1701 101 5
1701 102 4
1701 103 4
1701 104 4
1701 105 5
1701 106 4
1701 107 4
1701 108 5
1701 109 4
1701 110 5
1701 111 4
1701 112 5
1701 113 4
1701 114 4
1701 115 4
1701 116 4
1701 117 4
1701 118 4
1701 119 3
1701 120 3
1701 121 4
1726 1 4
1726 2 4
1726 3 4
1726 4 4
1726 5 4
1726 6 4
1726 7 4
1726 8 4
1726 9 3
1726 10 3
1726 11 4
1726 12 4
1726 13 4
1726 14 5
1726 15 5
1726 16 5
1726 17 4
1726 18 5
1726 19 4
1726 20 5
1726 21 1
1726 22 3
1726 23 3
1726 24 2
1726 25 4
1726 26 3
1726 27 4
1726 28 5
1726 29 4
1726 30 5
1726 31 3
1726 32 1
1726 33 1
1726 34 1
1726 35 1
1726 36 2
1726 37 4
1726 38 4
1726 39 5
1726 40 4
1726 41 4
1726 42 1
1726 43 1
1726 44 1
1726 45 2
1726 46 2
1726 47 3
1726 48 3
1726 49 4
1726 50 3
1726 51 1
1726 52 1
1726 53 1
1726 54 1
1726 55 1
1726 56 1
1726 57 2
1726 58 2
1726 59 3
1726 60 3
1726 61 3
1726 62 1
1726 63 1
1726 64 1
1726 65 1
1726 66 1
1726 67 1
1726 68 4
1726 69 2
1726 70 4
1726 71 4
1726 72 2
1726 73 1
1726 74 1
1726 75 1
1726 76 1
1726 77 1
1726 78 2
1726 79 1
1726 80 4
1726 81 4
1726 82 2
1726 83 1
1726 84 3
1726 85 4
1726 86 3
1726 87 2
1726 88 2
1726 89 1
1726 90 4
1726 91 5
1726 92 4
1726 93 3
1726 94 4
1726 95 5
1726 96 4
1726 97 4
1726 98 4
1726 99 2
1726 100 3
1726 101 3
1726 102 3
1726 103 3
1726 104 3
1726 105 5
1726 106 4
1726 107 4
1726 108 4
1726 109 4
1726 110 4
1726 111 3
1726 112 4
1726 113 4
1726 114 4
1726 115 4
1726 116 4
1726 117 4
1726 118 4
1726 119 3
1726 120 3
1726 121 3
1751 1 5
1751 2 5
1751 3 4
1751 4 4
1751 5 5
1751 6 4
1751 7 5
1751 8 4
1751 9 5
1751 10 4
1751 11 5
1751 12 5
1751 13 4
1751 14 4
1751 15 5
1751 16 4
1751 17 4
1751 18 4
1751 19 4
1751 20 5
1751 21 1
1751 22 2
1751 23 2
1751 24 2
1751 25 2
1751 26 4
1751 27 5
1751 28 5
1751 29 4
1751 30 5
1751 31 4
1751 32 2
1751 33 1
1751 34 1
1751 35 1
1751 36 3
1751 37 4
1751 38 3
1751 39 1
1751 40 4
1751 41 3
1751 42 1
1751 43 1
1751 44 1
1751 45 1
1751 46 4
1751 47 4
1751 48 4
1751 49 3
1751 50 1
1751 51 1
1751 52 1
1751 53 1
1751 54 1
1751 55 1
1751 56 1
1751 57 3
1751 58 3
1751 59 3
1751 60 4
1751 61 4
1751 62 1
1751 63 1
1751 64 1
1751 65 1
1751 66 1
1751 67 2
1751 68 4
1751 69 3
1751 70 4
1751 71 4
1751 72 3
1751 73 1
1751 74 2
1751 75 2
1751 76 1
1751 77 1
1751 78 2
1751 79 2
1751 80 4
1751 81 4
1751 82 4
1751 83 1
1751 84 3
1751 85 4
1751 86 3
1751 87 2
1751 88 1
1751 89 2
1751 90 3
1751 91 3
1751 92 5
1751 93 4
1751 94 4
1751 95 4
1751 96 4
1751 97 4
1751 98 3
1751 99 2
1751 100 4
1751 101 3
1751 102 4
1751 103 4
1751 104 4
1751 105 5
1751 106 5
1751 107 4
1751 108 4
1751 109 4
1751 110 4
1751 111 4
1751 112 5
1751 113 5
1751 114 4
1751 115 4
1751 116 5
1751 117 4
1751 118 4
1751 119 4
1751 120 4
1751 121 5
1776 1 4
1776 2 4
1776 3 4
1776 4 4
1776 5 4
1776 6 5
1776 7 4
1776 8 5
1776 9 4
1776 10 4
1776 11 5
1776 12 4
1776 13 3
1776 14 4
1776 15 4
1776 16 5
1776 17 5
1776 18 5
1776 19 4
1776 20 4
1776 21 2
1776 22 4
1776 23 2
1776 24 3
1776 25 3
1776 26 4
1776 27 5
1776 28 5
1776 29 5
1776 30 5
1776 31 4
1776 32 1
1776 33 1
1776 34 1
1776 35 1
1776 36 4
1776 37 4
1776 38 3
1776 39 3
1776 40 3
1776 41 4
1776 42 2
1776 43 1
1776 44 1
1776 45 1
1776 46 2
1776 47 4
1776 48 3
1776 49 4
1776 50 3
1776 51 1
1776 52 1
1776 53 1
1776 54 1
1776 55 1
1776 56 1
1776 57 2
1776 58 3
1776 59 3
1776 60 4
1776 61 4
1776 62 1
1776 63 2
1776 64 2
1776 65 1
1776 66 1
1776 67 2
1776 68 4
1776 69 3
1776 70 3
1776 71 4
1776 72 2
1776 73 2
1776 74 2
1776 75 2
1776 76 1
1776 77 1
1776 78 2
1776 79 2
1776 80 4
1776 81 4
1776 82 4
1776 83 1
1776 84 3
1776 85 4
1776 86 2
1776 87 1
1776 88 1
1776 89 2
1776 90 3
1776 91 5
1776 92 5
1776 93 3
1776 94 5
1776 95 4
1776 96 5
1776 97 4
1776 98 3
1776 99 3
1776 100 3
1776 101 4
1776 102 4
1776 103 4
1776 104 4
1776 105 5
1776 106 4
1776 107 4
1776 108 4
1776 109 4
1776 110 5
1776 111 2
1776 112 5
1776 113 4
1776 114 3
1776 115 4
1776 116 5
1776 117 4
1776 118 4
1776 119 4
1776 120 4
1776 121 3
1801 1 4
1801 2 4
1801 3 4
1801 4 4
1801 5 4
1801 6 4
1801 7 4
1801 8 4
1801 9 5
1801 10 3
1801 11 5
1801 12 4
1801 13 5
1801 14 5
1801 15 4
1801 16 4
1801 17 4
1801 18 4
1801 19 5
1801 20 2
1801 21 1
1801 22 3
1801 23 3
1801 24 3
1801 25 4
1801 26 3
1801 27 4
1801 28 5
1801 29 3
1801 30 5
1801 31 2
1801 32 1
1801 33 1
1801 34 1
1801 35 1
1801 36 3
1801 37 2
1801 38 3
1801 39 2
1801 40 2
1801 41 1
1801 42 1
1801 43 1
1801 44 1
1801 45 1
1801 46 4
1801 47 3
1801 48 4
1801 49 4
1801 50 2
1801 51 1
1801 52 1
1801 53 1
1801 54 1
1801 55 1
1801 56 2
1801 57 3
1801 58 4
1801 59 3
1801 60 4
1801 61 4
1801 62 1
1801 63 2
1801 64 1
1801 65 1
1801 66 1
1801 67 2
1801 68 3
1801 69 3
1801 70 3
1801 71 3
1801 72 2
1801 73 3
1801 74 2
1801 75 1
1801 76 1
1801 77 1
1801 78 2
1801 79 2
1801 80 3
1801 81 4
1801 82 4
1801 83 1
1801 84 5
1801 85 4
1801 86 5
1801 87 2
1801 88 1
1801 89 1
1801 90 4
1801 91 3
1801 92 5
1801 93 4
1801 94 4
1801 95 4
1801 96 5
1801 97 3
1801 98 3
1801 99 3
1801 100 2
1801 101 3
1801 102 3
1801 103 4
1801 104 3
1801 105 4
1801 106 4
1801 107 4
1801 108 4
1801 109 4
1801 110 4
1801 111 4
1801 112 5
1801 113 4
1801 114 3
1801 115 4
1801 116 4
1801 117 4
1801 118 4
1801 119 4
1801 120 3
1801 121 3
1826 1 4
1826 2 4
1826 3 4
1826 4 4
1826 5 4
1826 6 5
1826 7 4
1826 8 4
1826 9 4
1826 10 5
1826 11 4
1826 12 5
1826 13 3
1826 14 4
1826 15 4
1826 16 4
1826 17 4
1826 18 4
1826 19 4
1826 20 5
1826 21 1
1826 22 4
1826 23 4
1826 24 4
1826 25 4
1826 26 4
1826 27 4
1826 28 4
1826 29 4
1826 30 4
1826 31 4
1826 32 1
1826 33 1
1826 34 1
1826 35 2
1826 36 3
1826 37 3
1826 38 4
1826 39 3
1826 40 2
1826 41 1
1826 42 2
1826 43 1
1826 44 1
1826 45 1
1826 46 3
1826 47 4
1826 48 4
1826 49 3
1826 50 3
1826 51 1
1826 52 1
1826 53 1
1826 54 1
1826 55 1
1826 56 1
1826 57 4
1826 58 3
1826 59 3
1826 60 4
1826 61 4
1826 62 1
1826 63 1
1826 64 1
1826 65 1
1826 66 1
1826 67 1
1826 68 3
1826 69 3
1826 70 3
1826 71 4
1826 72 3
1826 73 1
1826 74 2
1826 75 1
1826 76 1
1826 77 1
1826 78 1
1826 79 2
1826 80 4
1826 81 5
1826 82 4
1826 83 2
1826 84 3
1826 85 3
1826 86 3
1826 87 1
1826 88 1
1826 89 2
1826 90 3
1826 91 3
1826 92 3
1826 93 3
1826 94 4
1826 95 4
1826 96 5
1826 97 4
1826 98 4
1826 99 1
1826 100 2
1826 101 4
1826 102 4
1826 103 4
1826 104 3
1826 105 4
1826 106 3
1826 107 3
1826 108 4
1826 109 4
1826 110 4
1826 111 5
1826 112 5
1826 113 4
1826 114 4
1826 115 4
1826 116 4
1826 117 3
1826 118 3
1826 119 3
1826 120 5
1826 121 3
1851 1 4
1851 2 4
1851 3 4
1851 4 4
1851 5 4
1851 6 4
1851 7 3
1851 8 4
1851 9 4
1851 10 3
1851 11 5
1851 12 4
1851 13 5
1851 14 5
1851 15 4
1851 16 4
1851 17 4
1851 18 4
1851 19 4
1851 20 4
1851 21 1
1851 22 3
1851 23 1
1851 24 4
1851 25 5
1851 26 4
1851 27 5
1851 28 5
1851 29 4
1851 30 4
1851 31 4
1851 32 2
1851 33 1
1851 34 1
1851 35 1
1851 36 3
1851 37 4
1851 38 4
1851 39 3
1851 40 5
1851 41 4
1851 42 2
1851 43 1
1851 44 1
1851 45 1
1851 46 3
1851 47 4
1851 48 3
1851 49 4
1851 50 3
1851 51 2
1851 52 1
1851 53 1
1851 54 1
1851 55 1
1851 56 2
1851 57 4
1851 58 4
1851 59 3
1851 60 3
1851 61 3
1851 62 1
1851 63 1
1851 64 1
1851 65 1
1851 66 1
1851 67 1
1851 68 3
1851 69 3
1851 70 4
1851 71 4
1851 72 2
1851 73 2
1851 74 2
1851 75 1
1851 76 1
1851 77 1
1851 78 2
1851 79 2
1851 80 5
1851 81 3
1851 82 4
1851 83 1
1851 84 3
1851 85 3
1851 86 4
1851 87 2
1851 88 1
1851 89 2
1851 90 2
1851 91 4
1851 92 4
1851 93 5
1851 94 5
1851 95 5
1851 96 3
1851 97 3
1851 98 3
1851 99 4
1851 100 3
1851 101 5
1851 102 4
1851 103 4
1851 104 4
1851 105 4
1851 106 4
1851 107 4
1851 108 4
1851 109 5
1851 110 4
1851 111 4
1851 112 5
1851 113 5
1851 114 4
1851 115 4
1851 116 4
1851 117 5
1851 118 4
1851 119 4
1851 120 4
1851 121 4
1876 1 4
1876 2 4
1876 3 4
1876 4 4
1876 5 4
1876 6 3
1876 7 5
1876 8 4
1876 9 4
1876 10 3
1876 11 4
1876 12 4
1876 13 4
1876 14 4
1876 15 5
1876 16 4
1876 17 4
1876 18 4
1876 19 4
1876 20 4
1876 21 2
1876 22 4
1876 23 2
1876 24 3
1876 25 3
1876 26 5
1876 27 5
1876 28 5
1876 29 4
1876 30 4
1876 31 3
1876 32 2
1876 33 3
1876 34 1
1876 35 1
1876 36 3
1876 37 3
1876 38 3
1876 39 2
1876 40 1
1876 41 3
1876 42 1
1876 43 1
1876 44 1
1876 45 1
1876 46 3
1876 47 4
1876 48 4
1876 49 4
1876 50 2
1876 51 1
1876 52 2
1876 53 1
1876 54 1
1876 55 1
1876 56 1
1876 57 4
1876 58 4
1876 59 4
1876 60 4
1876 61 3
1876 62 2
1876 63 1
1876 64 1
1876 65 1
1876 66 1
1876 67 1
1876 68 3
1876 69 4
1876 70 4
1876 71 3
1876 72 2
1876 73 2
1876 74 3
1876 75 1
1876 76 1
1876 77 1
1876 78 1
1876 79 1
1876 80 4
1876 81 5
1876 82 4
1876 83 1
1876 84 4
1876 85 3
1876 86 4
1876 87 2
1876 88 1
1876 89 1
1876 90 3
1876 91 5
1876 92 5
1876 93 5
1876 94 4
1876 95 4
1876 96 4
1876 97 5
1876 98 4
1876 99 4
1876 100 2
1876 101 4
1876 102 5
1876 103 4
1876 104 5
1876 105 3
1876 106 4
1876 107 4
1876 108 4
1876 109 5
1876 110 3
1876 111 5
1876 112 4
1876 113 4
1876 114 4
1876 115 4
1876 116 4
1876 117 4
1876 118 4
1876 119 4
1876 120 3
1876 121 3
1901 1 4
1901 2 5
1901 3 4
1901 4 4
1901 5 4
1901 6 4
1901 7 5
1901 8 4
1901 9 5
1901 10 4
1901 11 4
1901 12 4
1901 13 5
1901 14 3
1901 15 5
1901 16 4
1901 17 5
1901 18 5
1901 19 4
1901 20 3
1901 21 1
1901 22 5
1901 23 3
1901 24 3
1901 25 4
1901 26 4
1901 27 5
1901 28 4
1901 29 5
1901 30 3
1901 31 1
1901 32 2
1901 33 3
1901 34 1
1901 35 2
1901 36 2
1901 37 2
1901 38 4
1901 39 4
1901 40 2
1901 41 4
1901 42 2
1901 43 1
1901 44 1
1901 45 1
1901 46 3
1901 47 4
1901 48 4
1901 49 4
1901 50 3
1901 51 1
1901 52 1
1901 53 1
1901 54 1
1901 55 1
1901 56 1
1901 57 3
1901 58 4
1901 59 4
1901 60 3
1901 61 3
1901 62 1
1901 63 2
1901 64 1
1901 65 1
1901 66 1
1901 67 1
1901 68 3
1901 69 4
1901 70 4
1901 71 3
1901 72 3
1901 73 1
1901 74 2
1901 75 1
1901 76 1
1901 77 1
1901 78 1
1901 79 1
1901 80 4
1901 81 4
1901 82 4
1901 83 1
1901 84 2
1901 85 3
1901 86 3
1901 87 2
1901 88 1
1901 89 1
1901 90 3
1901 91 4
1901 92 3
1901 93 3
1901 94 4
1901 95 4
1901 96 4
1901 97 5
1901 98 4
1901 99 3
1901 100 3
1901 101 3
1901 102 4
1901 103 4
1901 104 3
1901 105 4
1901 106 4
1901 107 3
1901 108 4
1901 109 3
1901 110 5
1901 111 5
1901 112 3
1901 113 3
1901 114 4
1901 115 4
1901 116 4
1901 117 4
1901 118 4
1901 119 4
1901 120 4
1901 121 3
1926 1 4
1926 2 4
1926 3 4
1926 4 5
1926 5 4
1926 6 4
1926 7 5
1926 8 4
1926 9 5
1926 10 2
1926 11 4
1926 12 4
1926 13 3
1926 14 4
1926 15 4
1926 16 4
1926 17 5
1926 18 4
1926 19 4
1926 20 5
1926 21 1
1926 22 3
1926 23 4
1926 24 4
1926 25 3
1926 26 4
1926 27 5
1926 28 5
1926 29 4
1926 30 5
1926 31 3
1926 32 1
1926 33 1
1926 34 2
1926 35 1
1926 36 2
1926 37 2
1926 38 4
1926 39 2
1926 40 4
1926 41 3
1926 42 1
1926 43 2
1926 44 2
1926 45 1
1926 46 2
1926 47 4
1926 48 4
1926 49 4
1926 50 3
1926 51 2
1926 52 1
1926 53 1
1926 54 1
1926 55 1
1926 56 1
1926 57 4
1926 58 4
1926 59 4
1926 60 4
1926 61 2
1926 62 1
1926 63 2
1926 64 1
1926 65 1
1926 66 1
1926 67 1
1926 68 2
1926 69 2
1926 70 4
1926 71 3
1926 72 2
1926 73 2
1926 74 2
1926 75 1
1926 76 1
1926 77 1
1926 78 1
1926 79 1
1926 80 4
1926 81 5
1926 82 4
1926 83 1
1926 84 3
1926 85 4
1926 86 3
1926 87 1
1926 88 1
1926 89 1
1926 90 4
1926 91 5
1926 92 4
1926 93 4
1926 94 5
1926 95 5
1926 96 5
1926 97 5
1926 98 4
1926 99 4
1926 100 3
1926 101 4
1926 102 5
1926 103 5
1926 104 4
1926 105 4
1926 106 4
1926 107 4
1926 108 4
1926 109 4
1926 110 4
1926 111 5
1926 112 5
1926 113 3
1926 114 4
1926 115 4
1926 116 4
1926 117 4
1926 118 4
1926 119 4
1926 120 5
1926 121 5
1951 1 4
1951 2 4
1951 3 4
1951 4 4
1951 5 4
1951 6 4
1951 7 4
1951 8 5
1951 9 5
1951 10 3
1951 11 5
1951 12 4
1951 13 4
1951 14 5
1951 15 4
1951 16 3
1951 17 4
1951 18 4
1951 19 4
1951 20 5
1951 21 2
1951 22 2
1951 23 3
1951 24 4
1951 25 4
1951 26 5
1951 27 5
1951 28 4
1951 29 4
1951 30 4
1951 31 3
1951 32 1
1951 33 1
1951 34 1
1951 35 2
1951 36 2
1951 37 1
1951 38 4
1951 39 3
1951 40 3
1951 41 2
1951 42 2
1951 43 1
1951 44 2
1951 45 1
1951 46 3
1951 47 3
1951 48 4
1951 49 4
1951 50 3
1951 51 3
1951 52 2
1951 53 1
1951 54 1
1951 55 1
1951 56 2
1951 57 3
1951 58 4
1951 59 4
1951 60 3
1951 61 3
1951 62 1
1951 63 1
1951 64 1
1951 65 1
1951 66 1
1951 67 1
1951 68 3
1951 69 4
1951 70 4
1951 71 4
1951 72 2
1951 73 2
1951 74 1
1951 75 2
1951 76 2
1951 77 1
1951 78 1
1951 79 2
1951 80 3
1951 81 5
1951 82 4
1951 83 2
1951 84 4
1951 85 5
1951 86 1
1951 87 1
1951 88 1
1951 89 1
1951 90 4
1951 91 4
1951 92 4
1951 93 5
1951 94 5
1951 95 4
1951 96 4
1951 97 3
1951 98 4
1951 99 2
1951 100 4
1951 101 5
1951 102 4
1951 103 5
1951 104 4
1951 105 5
1951 106 4
1951 107 4
1951 108 4
1951 109 3
1951 110 4
1951 111 4
1951 112 5
1951 113 5
1951 114 4
1951 115 4
1951 116 5
1951 117 4
1951 118 5
1951 119 4
1951 120 4
1951 121 4
1976 1 4
1976 2 4
1976 3 4
1976 4 4
1976 5 3
1976 6 3
1976 7 4
1976 8 4
1976 9 3
1976 10 4
1976 11 4
1976 12 4
1976 13 5
1976 14 5
1976 15 4
1976 16 5
1976 17 4
1976 18 4
1976 19 4
1976 20 3
1976 21 2
1976 22 3
1976 23 2
1976 24 4
1976 25 2
1976 26 4
1976 27 5
1976 28 4
1976 29 3
1976 30 4
1976 31 3
1976 32 2
1976 33 1
1976 34 1
1976 35 1
1976 36 3
1976 37 2
1976 38 2
1976 39 4
1976 40 3
1976 41 4
1976 42 1
1976 43 1
1976 44 2
1976 45 1
1976 46 2
1976 47 3
1976 48 4
1976 49 4
1976 50 2
1976 51 2
1976 52 1
1976 53 1
1976 54 1
1976 55 1
1976 56 2
1976 57 2
1976 58 4
1976 59 3
1976 60 3
1976 61 4
1976 62 1
1976 63 1
1976 64 1
1976 65 2
1976 66 2
1976 67 1
1976 68 2
1976 69 3
1976 70 3
1976 71 4
1976 72 2
1976 73 2
1976 74 1
1976 75 2
1976 76 2
1976 77 2
1976 78 1
1976 79 3
1976 80 4
1976 81 4
1976 82 4
1976 83 1
1976 84 3
1976 85 4
1976 86 3
1976 87 1
1976 88 1
1976 89 2
1976 90 2
1976 91 4
1976 92 3
1976 93 5
1976 94 4
1976 95 4
1976 96 3
1976 97 3
1976 98 3
1976 99 3
1976 100 2
1976 101 5
1976 102 3
1976 103 3
1976 104 3
1976 105 4
1976 106 4
1976 107 3
1976 108 3
1976 109 3
1976 110 3
1976 111 2
1976 112 4
1976 113 5
1976 114 4
1976 115 3
1976 116 3
1976 117 4
1976 118 4
1976 119 3
1976 120 4
1976 121 5
