1 4489
26 3717
51 3701
76 3681
101 3658
126 3714
151 3674
176 3620
201 3689
226 3618
251 3688
276 3637
301 3569
326 3641
351 3656
376 3616
401 3632
426 3629
451 3645
476 3600
501 3565
526 3610
551 3640
576 3653
601 3571
626 3618
651 3547
676 3625
701 3620
726 3645
751 3727
776 3648
801 3658
826 3625
851 3613
876 3626
901 3568
926 3633
951 3590
976 3640
1001 3643
1026 3627
1051 3650
1076 3645
1101 3632
1126 3618
1151 3627
1176 3638
1201 3608
1226 3643
1251 3562
1276 3606
1301 3608
1326 3565
1351 3626
1376 3656
1401 3576
1426 3606
1451 3619
1476 3619
1501 3624
1526 3586
1551 3621
1576 3646
1601 3664
1626 3628
1651 3624
1676 3675
1701 3623
1726 3633
1751 3606
1776 3622
1801 3619
1826 3595
1851 3675
1876 3623
1901 3643
1926 3596
1951 3602
1976 3641
