1 1 5
1 2 99
1 3 57
1 4 6
1 5 2
1 6 40
1 7 1
1 8 24
1 9 33
1 10 0
1 11 9
1 12 25
1 13 1
1 14 31
1 15 247
1 16 6
1 17 170
1 18 3
1 19 44
1 20 62
1 21 5
1 22 1
1 23 1
1 24 31
1 25 4
1 26 3
1 27 40
1 28 2
1 29 26
1 30 26
1 31 1
1 32 48
1 33 176
1 34 1
1 35 0
1 36 7
1 37 1
1 38 216
1 39 12
1 40 3
1 41 141
1 42 11
1 43 0
1 44 7
1 45 220
1 46 5
1 47 3
1 48 20
1 49 2
1 50 14
1 51 1
1 52 226
1 53 141
1 54 1
1 55 142
1 56 186
1 57 20
1 58 0
1 59 6
1 60 2
1 61 27
1 62 1
1 63 366
1 64 1
1 65 23
1 66 119
1 67 1
1 68 1
1 69 25
1 70 2
1 71 7
1 72 12
1 73 2
1 74 123
1 75 6
1 76 21
1 77 3
1 78 188
1 79 24
1 80 6
1 81 3
1 82 38
1 83 2
1 84 120
1 85 1
1 86 37
1 87 374
1 88 31
1 89 50
1 90 19
1 91 2
1 92 19
1 93 118
1 94 6
1 95 0
26 1 6
26 2 1
26 3 28
26 4 57
26 5 12
26 6 166
26 7 1
26 8 28
26 9 76
26 10 1
26 11 2
26 12 9
26 13 0
26 14 7
26 15 2
26 16 7
26 17 3
26 18 16
26 19 27
26 20 2
26 21 39
26 22 149
26 23 65
26 24 59
26 25 85
26 26 29
26 27 3
26 28 52
26 29 12
26 30 1
26 31 0
26 32 12
26 33 7
26 34 5
26 35 0
26 36 84
26 37 33
26 38 1
26 39 59
26 40 36
26 41 0
26 42 32
26 43 6
26 44 19
26 45 1
26 46 0
26 47 18
26 48 17
26 49 12
26 50 9
26 51 10
26 52 7
26 53 0
26 54 32
26 55 7
26 56 2
26 57 76
26 58 34
26 59 62
26 60 11
26 61 44
26 62 45
26 63 15
26 64 0
26 65 17
26 66 11
26 67 38
26 68 52
26 69 2
26 70 0
26 71 9
26 72 37
26 73 14
26 74 8
26 75 2
26 76 1
26 77 15
26 78 0
26 79 0
26 80 8
26 81 2
26 82 1
26 83 71
26 84 1
26 85 0
26 86 10
26 87 3
26 88 13
26 89 1
26 90 3
26 91 10
26 92 2
26 93 0
26 94 27
26 95 32
51 1 18
51 2 1
51 3 2
51 4 52
51 5 0
51 6 99
51 7 13
51 8 33
51 9 163
51 10 0
51 11 0
51 12 2
51 13 2
51 14 8
51 15 3
51 16 1
51 17 0
51 18 11
51 19 12
51 20 1
51 21 58
51 22 200
51 23 82
51 24 75
51 25 100
51 26 43
51 27 1
51 28 84
51 29 1
51 30 4
51 31 8
51 32 11
51 33 2
51 34 13
51 35 0
51 36 140
51 37 30
51 38 5
51 39 83
51 40 65
51 41 1
51 42 26
51 43 1
51 44 28
51 45 2
51 46 0
51 47 43
51 48 3
51 49 1
51 50 43
51 51 15
51 52 0
51 53 0
51 54 39
51 55 1
51 56 0
51 57 72
51 58 68
51 59 70
51 60 0
51 61 52
51 62 32
51 63 3
51 64 12
51 65 15
51 66 1
51 67 13
51 68 38
51 69 6
51 70 0
51 71 8
51 72 9
51 73 11
51 74 10
51 75 5
51 76 7
51 77 42
51 78 0
51 79 0
51 80 17
51 81 0
51 82 0
51 83 107
51 84 1
51 85 3
51 86 23
51 87 2
51 88 1
51 89 0
51 90 0
51 91 8
51 92 0
51 93 2
51 94 3
51 95 78
76 1 17
76 2 1
76 3 10
76 4 40
76 5 1
76 6 75
76 7 2
76 8 27
76 9 175
76 10 1
76 11 0
76 12 2
76 13 2
76 14 0
76 15 0
76 16 0
76 17 0
76 18 11
76 19 19
76 20 1
76 21 31
76 22 182
76 23 61
76 24 86
76 25 80
76 26 52
76 27 1
76 28 93
76 29 1
76 30 1
76 31 14
76 32 4
76 33 1
76 34 24
76 35 0
76 36 177
76 37 62
76 38 1
76 39 68
76 40 36
76 41 0
76 42 21
76 43 0
76 44 13
76 45 1
76 46 0
76 47 27
76 48 0
76 49 5
76 50 38
76 51 7
76 52 0
76 53 1
76 54 69
76 55 0
76 56 2
76 57 106
76 58 68
76 59 62
76 60 6
76 61 57
76 62 44
76 63 2
76 64 22
76 65 9
76 66 4
76 67 38
76 68 5
76 69 6
76 70 6
76 71 12
76 72 1
76 73 0
76 74 1
76 75 5
76 76 24
76 77 107
76 78 1
76 79 1
76 80 11
76 81 1
76 82 1
76 83 101
76 84 1
76 85 0
76 86 26
76 87 18
76 88 1
76 89 5
76 90 3
76 91 20
76 92 0
76 93 1
76 94 1
76 95 79
101 1 11
101 2 0
101 3 0
101 4 29
101 5 1
101 6 63
101 7 18
101 8 5
101 9 162
101 10 2
101 11 5
101 12 1
101 13 1
101 14 11
101 15 0
101 16 1
101 17 1
101 18 5
101 19 41
101 20 0
101 21 33
101 22 204
101 23 81
101 24 63
101 25 110
101 26 37
101 27 0
101 28 57
101 29 1
101 30 1
101 31 5
101 32 2
101 33 0
101 34 10
101 35 0
101 36 175
101 37 42
101 38 1
101 39 67
101 40 81
101 41 0
101 42 36
101 43 11
101 44 13
101 45 2
101 46 1
101 47 41
101 48 2
101 49 8
101 50 33
101 51 3
101 52 0
101 53 3
101 54 73
101 55 2
101 56 4
101 57 101
101 58 56
101 59 75
101 60 18
101 61 53
101 62 61
101 63 0
101 64 51
101 65 4
101 66 0
101 67 28
101 68 14
101 69 1
101 70 1
101 71 1
101 72 1
101 73 0
101 74 0
101 75 1
101 76 23
101 77 84
101 78 4
101 79 1
101 80 48
101 81 10
101 82 0
101 83 103
101 84 0
101 85 1
101 86 16
101 87 0
101 88 2
101 89 1
101 90 0
101 91 8
101 92 0
101 93 10
101 94 12
101 95 52
126 1 7
126 2 1
126 3 3
126 4 15
126 5 1
126 6 24
126 7 20
126 8 0
126 9 142
126 10 1
126 11 0
126 12 1
126 13 0
126 14 14
126 15 0
126 16 1
126 17 3
126 18 9
126 19 13
126 20 8
126 21 52
126 22 228
126 23 90
126 24 82
126 25 120
126 26 64
126 27 3
126 28 65
126 29 0
126 30 0
126 31 0
126 32 0
126 33 0
126 34 6
126 35 1
126 36 198
126 37 44
126 38 2
126 39 38
126 40 59
126 41 2
126 42 25
126 43 19
126 44 7
126 45 0
126 46 3
126 47 43
126 48 1
126 49 16
126 50 61
126 51 19
126 52 6
126 53 9
126 54 87
126 55 2
126 56 2
126 57 90
126 58 67
126 59 49
126 60 26
126 61 48
126 62 61
126 63 0
126 64 40
126 65 5
126 66 3
126 67 44
126 68 26
126 69 0
126 70 2
126 71 0
126 72 2
126 73 0
126 74 2
126 75 1
126 76 13
126 77 93
126 78 0
126 79 0
126 80 34
126 81 53
126 82 1
126 83 87
126 84 3
126 85 0
126 86 2
126 87 1
126 88 3
126 89 0
126 90 0
126 91 14
126 92 1
126 93 3
126 94 17
126 95 72
151 1 3
151 2 1
151 3 5
151 4 9
151 5 0
151 6 2
151 7 10
151 8 3
151 9 169
151 10 1
151 11 0
151 12 1
151 13 6
151 14 19
151 15 1
151 16 0
151 17 2
151 18 1
151 19 7
151 20 1
151 21 57
151 22 269
151 23 49
151 24 97
151 25 61
151 26 27
151 27 2
151 28 54
151 29 1
151 30 2
151 31 1
151 32 1
151 33 2
151 34 0
151 35 1
151 36 205
151 37 48
151 38 2
151 39 14
151 40 57
151 41 0
151 42 19
151 43 28
151 44 4
151 45 1
151 46 0
151 47 24
151 48 1
151 49 11
151 50 56
151 51 27
151 52 0
151 53 0
151 54 117
151 55 9
151 56 0
151 57 95
151 58 68
151 59 67
151 60 26
151 61 33
151 62 84
151 63 0
151 64 59
151 65 3
151 66 8
151 67 39
151 68 34
151 69 1
151 70 2
151 71 18
151 72 2
151 73 0
151 74 0
151 75 7
151 76 14
151 77 104
151 78 0
151 79 0
151 80 41
151 81 61
151 82 1
151 83 103
151 84 2
151 85 1
151 86 7
151 87 3
151 88 0
151 89 1
151 90 2
151 91 23
151 92 4
151 93 1
151 94 0
151 95 73
176 1 1
176 2 4
176 3 2
176 4 4
176 5 1
176 6 21
176 7 2
176 8 1
176 9 161
176 10 0
176 11 0
176 12 0
176 13 2
176 14 3
176 15 4
176 16 6
176 17 0
176 18 15
176 19 0
176 20 0
176 21 102
176 22 316
176 23 29
176 24 112
176 25 98
176 26 21
176 27 1
176 28 63
176 29 2
176 30 2
176 31 17
176 32 1
176 33 1
176 34 2
176 35 1
176 36 117
176 37 28
176 38 3
176 39 35
176 40 67
176 41 0
176 42 10
176 43 27
176 44 15
176 45 3
176 46 1
176 47 5
176 48 0
176 49 6
176 50 26
176 51 29
176 52 1
176 53 2
176 54 107
176 55 7
176 56 2
176 57 75
176 58 118
176 59 109
176 60 27
176 61 11
176 62 113
176 63 3
176 64 67
176 65 10
176 66 4
176 67 11
176 68 10
176 69 1
176 70 9
176 71 32
176 72 1
176 73 0
176 74 0
176 75 14
176 76 13
176 77 115
176 78 0
176 79 1
176 80 41
176 81 40
176 82 1
176 83 94
176 84 6
176 85 1
176 86 20
176 87 1
176 88 2
176 89 0
176 90 0
176 91 17
176 92 2
176 93 7
176 94 9
176 95 73
201 1 8
201 2 7
201 3 2
201 4 0
201 5 0
201 6 23
201 7 5
201 8 3
201 9 192
201 10 2
201 11 4
201 12 0
201 13 2
201 14 1
201 15 1
201 16 0
201 17 1
201 18 16
201 19 1
201 20 4
201 21 78
201 22 333
201 23 37
201 24 119
201 25 73
201 26 32
201 27 3
201 28 89
201 29 3
201 30 2
201 31 13
201 32 3
201 33 2
201 34 11
201 35 0
201 36 131
201 37 2
201 38 3
201 39 9
201 40 81
201 41 2
201 42 17
201 43 8
201 44 16
201 45 1
201 46 1
201 47 0
201 48 8
201 49 4
201 50 1
201 51 18
201 52 1
201 53 2
201 54 140
201 55 0
201 56 2
201 57 102
201 58 126
201 59 105
201 60 55
201 61 3
201 62 89
201 63 4
201 64 48
201 65 4
201 66 2
201 67 19
201 68 0
201 69 1
201 70 20
201 71 4
201 72 1
201 73 0
201 74 0
201 75 6
201 76 20
201 77 106
201 78 0
201 79 0
201 80 42
201 81 31
201 82 1
201 83 105
201 84 1
201 85 2
201 86 13
201 87 0
201 88 1
201 89 1
201 90 0
201 91 1
201 92 1
201 93 2
201 94 4
201 95 53
226 1 16
226 2 3
226 3 2
226 4 1
226 5 2
226 6 12
226 7 3
226 8 15
226 9 272
226 10 0
226 11 3
226 12 4
226 13 3
226 14 4
226 15 1
226 16 0
226 17 3
226 18 15
226 19 1
226 20 1
226 21 74
226 22 356
226 23 68
226 24 116
226 25 35
226 26 47
226 27 0
226 28 84
226 29 1
226 30 5
226 31 7
226 32 3
226 33 3
226 34 21
226 35 0
226 36 131
226 37 21
226 38 1
226 39 11
226 40 63
226 41 1
226 42 10
226 43 4
226 44 19
226 45 2
226 46 2
226 47 8
226 48 16
226 49 0
226 50 9
226 51 14
226 52 0
226 53 4
226 54 146
226 55 1
226 56 0
226 57 50
226 58 123
226 59 110
226 60 46
226 61 2
226 62 74
226 63 1
226 64 43
226 65 0
226 66 1
226 67 0
226 68 12
226 69 0
226 70 16
226 71 8
226 72 15
226 73 3
226 74 0
226 75 12
226 76 0
226 77 106
226 78 0
226 79 3
226 80 52
226 81 6
226 82 4
226 83 98
226 84 3
226 85 3
226 86 11
226 87 0
226 88 1
226 89 1
226 90 2
226 91 5
226 92 1
226 93 2
226 94 9
226 95 68
251 1 42
251 2 5
251 3 2
251 4 2
251 5 1
251 6 0
251 7 0
251 8 2
251 9 275
251 10 0
251 11 1
251 12 0
251 13 2
251 14 1
251 15 0
251 16 1
251 17 1
251 18 3
251 19 1
251 20 1
251 21 38
251 22 346
251 23 129
251 24 131
251 25 45
251 26 40
251 27 1
251 28 107
251 29 0
251 30 9
251 31 20
251 32 0
251 33 1
251 34 27
251 35 3
251 36 85
251 37 12
251 38 2
251 39 16
251 40 51
251 41 1
251 42 1
251 43 11
251 44 8
251 45 0
251 46 0
251 47 9
251 48 0
251 49 1
251 50 43
251 51 10
251 52 1
251 53 2
251 54 200
251 55 17
251 56 2
251 57 27
251 58 128
251 59 78
251 60 77
251 61 1
251 62 57
251 63 0
251 64 26
251 65 2
251 66 0
251 67 3
251 68 5
251 69 1
251 70 15
251 71 23
251 72 5
251 73 1
251 74 3
251 75 8
251 76 0
251 77 95
251 78 1
251 79 1
251 80 50
251 81 2
251 82 0
251 83 85
251 84 1
251 85 3
251 86 18
251 87 1
251 88 2
251 89 3
251 90 0
251 91 10
251 92 0
251 93 2
251 94 1
251 95 62
276 1 34
276 2 0
276 3 0
276 4 2
276 5 8
276 6 14
276 7 7
276 8 0
276 9 259
276 10 1
276 11 1
276 12 2
276 13 2
276 14 2
276 15 0
276 16 9
276 17 0
276 18 6
276 19 4
276 20 1
276 21 49
276 22 311
276 23 149
276 24 96
276 25 8
276 26 13
276 27 1
276 28 98
276 29 4
276 30 5
276 31 11
276 32 6
276 33 0
276 34 37
276 35 1
276 36 91
276 37 17
276 38 4
276 39 21
276 40 55
276 41 1
276 42 14
276 43 12
276 44 12
276 45 5
276 46 14
276 47 16
276 48 3
276 49 4
276 50 11
276 51 19
276 52 1
276 53 5
276 54 210
276 55 2
276 56 1
276 57 31
276 58 138
276 59 47
276 60 24
276 61 0
276 62 40
276 63 1
276 64 61
276 65 0
276 66 1
276 67 0
276 68 3
276 69 6
276 70 21
276 71 7
276 72 3
276 73 1
276 74 2
276 75 10
276 76 1
276 77 138
276 78 1
276 79 6
276 80 42
276 81 0
276 82 0
276 83 90
276 84 1
276 85 4
276 86 41
276 87 0
276 88 4
276 89 0
276 90 0
276 91 2
276 92 1
276 93 1
276 94 4
276 95 68
301 1 26
301 2 0
301 3 0
301 4 16
301 5 22
301 6 13
301 7 12
301 8 0
301 9 274
301 10 1
301 11 0
301 12 0
301 13 6
301 14 12
301 15 0
301 16 13
301 17 1
301 18 12
301 19 3
301 20 1
301 21 68
301 22 296
301 23 125
301 24 66
301 25 7
301 26 39
301 27 3
301 28 136
301 29 1
301 30 7
301 31 18
301 32 1
301 33 1
301 34 6
301 35 0
301 36 110
301 37 4
301 38 1
301 39 19
301 40 50
301 41 0
301 42 3
301 43 7
301 44 6
301 45 1
301 46 1
301 47 24
301 48 2
301 49 6
301 50 23
301 51 7
301 52 0
301 53 0
301 54 212
301 55 4
301 56 3
301 57 64
301 58 120
301 59 53
301 60 22
301 61 7
301 62 66
301 63 2
301 64 81
301 65 0
301 66 0
301 67 6
301 68 22
301 69 1
301 70 12
301 71 14
301 72 10
301 73 3
301 74 0
301 75 12
301 76 1
301 77 119
301 78 2
301 79 4
301 80 50
301 81 4
301 82 0
301 83 87
301 84 0
301 85 0
301 86 50
301 87 1
301 88 0
301 89 0
301 90 4
301 91 1
301 92 0
301 93 0
301 94 3
301 95 62
326 1 34
326 2 1
326 3 2
326 4 27
326 5 14
326 6 1
326 7 1
326 8 1
326 9 262
326 10 5
326 11 2
326 12 2
326 13 2
326 14 5
326 15 1
326 16 1
326 17 0
326 18 1
326 19 1
326 20 1
326 21 31
326 22 290
326 23 99
326 24 102
326 25 26
326 26 68
326 27 8
326 28 102
326 29 3
326 30 6
326 31 7
326 32 0
326 33 2
326 34 15
326 35 3
326 36 178
326 37 3
326 38 7
326 39 19
326 40 36
326 41 1
326 42 5
326 43 8
326 44 18
326 45 0
326 46 1
326 47 23
326 48 11
326 49 1
326 50 6
326 51 18
326 52 2
326 53 0
326 54 189
326 55 0
326 56 0
326 57 62
326 58 129
326 59 64
326 60 16
326 61 14
326 62 81
326 63 0
326 64 100
326 65 0
326 66 0
326 67 17
326 68 2
326 69 1
326 70 0
326 71 20
326 72 5
326 73 4
326 74 0
326 75 18
326 76 1
326 77 126
326 78 0
326 79 0
326 80 43
326 81 5
326 82 0
326 83 118
326 84 3
326 85 2
326 86 27
326 87 1
326 88 4
326 89 3
326 90 2
326 91 2
326 92 0
326 93 3
326 94 0
326 95 72
351 1 28
351 2 1
351 3 9
351 4 25
351 5 15
351 6 8
351 7 5
351 8 1
351 9 284
351 10 1
351 11 1
351 12 0
351 13 7
351 14 9
351 15 1
351 16 6
351 17 1
351 18 2
351 19 0
351 20 2
351 21 20
351 22 305
351 23 79
351 24 117
351 25 2
351 26 63
351 27 4
351 28 89
351 29 1
351 30 0
351 31 4
351 32 0
351 33 2
351 34 5
351 35 0
351 36 140
351 37 2
351 38 0
351 39 32
351 40 23
351 41 0
351 42 12
351 43 1
351 44 13
351 45 0
351 46 0
351 47 43
351 48 14
351 49 1
351 50 22
351 51 15
351 52 1
351 53 1
351 54 195
351 55 0
351 56 3
351 57 50
351 58 103
351 59 64
351 60 16
351 61 12
351 62 93
351 63 0
351 64 71
351 65 0
351 66 0
351 67 35
351 68 0
351 69 0
351 70 11
351 71 30
351 72 10
351 73 0
351 74 1
351 75 0
351 76 1
351 77 118
351 78 0
351 79 0
351 80 47
351 81 8
351 82 0
351 83 100
351 84 0
351 85 0
351 86 26
351 87 10
351 88 0
351 89 5
351 90 2
351 91 0
351 92 2
351 93 0
351 94 11
351 95 80
376 1 40
376 2 0
376 3 17
376 4 27
376 5 0
376 6 10
376 7 0
376 8 1
376 9 253
376 10 0
376 11 2
376 12 1
376 13 7
376 14 11
376 15 0
376 16 6
376 17 3
376 18 7
376 19 0
376 20 1
376 21 12
376 22 224
376 23 143
376 24 151
376 25 15
376 26 40
376 27 3
376 28 113
376 29 0
376 30 1
376 31 12
376 32 2
376 33 0
376 34 16
376 35 4
376 36 101
376 37 0
376 38 1
376 39 64
376 40 35
376 41 8
376 42 27
376 43 2
376 44 2
376 45 0
376 46 0
376 47 32
376 48 10
376 49 1
376 50 14
376 51 30
376 52 1
376 53 1
376 54 238
376 55 2
376 56 1
376 57 52
376 58 89
376 59 63
376 60 13
376 61 4
376 62 98
376 63 1
376 64 52
376 65 13
376 66 0
376 67 23
376 68 1
376 69 0
376 70 1
376 71 32
376 72 17
376 73 0
376 74 2
376 75 1
376 76 1
376 77 95
376 78 0
376 79 9
376 80 35
376 81 3
376 82 1
376 83 97
376 84 2
376 85 2
376 86 40
376 87 1
376 88 0
376 89 0
376 90 1
376 91 1
376 92 1
376 93 1
376 94 0
376 95 49
401 1 14
401 2 1
401 3 3
401 4 3
401 5 1
401 6 34
401 7 9
401 8 2
401 9 252
401 10 2
401 11 4
401 12 1
401 13 11
401 14 0
401 15 1
401 16 13
401 17 0
401 18 9
401 19 5
401 20 3
401 21 41
401 22 235
401 23 139
401 24 131
401 25 17
401 26 62
401 27 0
401 28 83
401 29 0
401 30 5
401 31 24
401 32 3
401 33 0
401 34 16
401 35 1
401 36 139
401 37 2
401 38 3
401 39 34
401 40 39
401 41 12
401 42 30
401 43 1
401 44 9
401 45 3
401 46 1
401 47 14
401 48 9
401 49 1
401 50 1
401 51 17
401 52 0
401 53 2
401 54 197
401 55 0
401 56 1
401 57 46
401 58 147
401 59 53
401 60 19
401 61 4
401 62 90
401 63 0
401 64 77
401 65 1
401 66 1
401 67 20
401 68 5
401 69 0
401 70 2
401 71 31
401 72 17
401 73 8
401 74 1
401 75 1
401 76 3
401 77 63
401 78 1
401 79 2
401 80 24
401 81 4
401 82 1
401 83 51
401 84 2
401 85 1
401 86 66
401 87 0
401 88 3
401 89 2
401 90 1
401 91 11
401 92 2
401 93 5
401 94 2
401 95 25
426 1 4
426 2 1
426 3 1
426 4 15
426 5 2
426 6 28
426 7 2
426 8 1
426 9 226
426 10 2
426 11 0
426 12 1
426 13 14
426 14 3
426 15 1
426 16 9
426 17 2
426 18 24
426 19 14
426 20 2
426 21 40
426 22 228
426 23 127
426 24 104
426 25 31
426 26 57
426 27 4
426 28 83
426 29 0
426 30 3
426 31 34
426 32 2
426 33 2
426 34 19
426 35 4
426 36 100
426 37 13
426 38 2
426 39 67
426 40 64
426 41 2
426 42 30
426 43 0
426 44 36
426 45 1
426 46 1
426 47 13
426 48 9
426 49 1
426 50 4
426 51 16
426 52 1
426 53 0
426 54 234
426 55 2
426 56 1
426 57 35
426 58 138
426 59 55
426 60 23
426 61 23
426 62 71
426 63 8
426 64 83
426 65 0
426 66 0
426 67 58
426 68 4
426 69 2
426 70 22
426 71 31
426 72 0
426 73 2
426 74 0
426 75 0
426 76 2
426 77 51
426 78 1
426 79 0
426 80 29
426 81 7
426 82 0
426 83 48
426 84 2
426 85 1
426 86 85
426 87 4
426 88 2
426 89 1
426 90 3
426 91 4
426 92 0
426 93 0
426 94 2
426 95 38
451 1 10
451 2 0
451 3 0
451 4 19
451 5 1
451 6 32
451 7 9
451 8 2
451 9 209
451 10 1
451 11 0
451 12 18
451 13 14
451 14 1
451 15 1
451 16 12
451 17 0
451 18 25
451 19 6
451 20 2
451 21 53
451 22 299
451 23 98
451 24 90
451 25 21
451 26 43
451 27 6
451 28 97
451 29 1
451 30 0
451 31 23
451 32 5
451 33 0
451 34 2
451 35 2
451 36 95
451 37 12
451 38 1
451 39 65
451 40 98
451 41 1
451 42 12
451 43 1
451 44 22
451 45 0
451 46 2
451 47 3
451 48 2
451 49 0
451 50 1
451 51 12
451 52 0
451 53 0
451 54 261
451 55 1
451 56 1
451 57 37
451 58 188
451 59 66
451 60 15
451 61 30
451 62 70
451 63 2
451 64 62
451 65 0
451 66 1
451 67 51
451 68 8
451 69 0
451 70 18
451 71 8
451 72 0
451 73 2
451 74 1
451 75 0
451 76 3
451 77 61
451 78 6
451 79 1
451 80 30
451 81 0
451 82 1
451 83 50
451 84 4
451 85 1
451 86 66
451 87 1
451 88 2
451 89 2
451 90 7
451 91 1
451 92 5
451 93 0
451 94 4
451 95 66
476 1 12
476 2 2
476 3 1
476 4 32
476 5 0
476 6 32
476 7 1
476 8 4
476 9 202
476 10 0
476 11 3
476 12 0
476 13 19
476 14 1
476 15 1
476 16 0
476 17 3
476 18 30
476 19 1
476 20 1
476 21 52
476 22 281
476 23 133
476 24 99
476 25 15
476 26 63
476 27 0
476 28 119
476 29 3
476 30 2
476 31 1
476 32 12
476 33 1
476 34 1
476 35 0
476 36 42
476 37 21
476 38 0
476 39 52
476 40 124
476 41 0
476 42 18
476 43 4
476 44 45
476 45 5
476 46 1
476 47 0
476 48 16
476 49 2
476 50 0
476 51 3
476 52 1
476 53 0
476 54 232
476 55 1
476 56 1
476 57 53
476 58 200
476 59 67
476 60 23
476 61 35
476 62 81
476 63 3
476 64 47
476 65 0
476 66 0
476 67 36
476 68 15
476 69 0
476 70 18
476 71 7
476 72 2
476 73 1
476 74 0
476 75 7
476 76 1
476 77 80
476 78 12
476 79 1
476 80 39
476 81 2
476 82 1
476 83 43
476 84 2
476 85 3
476 86 15
476 87 0
476 88 0
476 89 3
476 90 9
476 91 0
476 92 1
476 93 0
476 94 0
476 95 46
501 1 5
501 2 2
501 3 4
501 4 15
501 5 1
501 6 21
501 7 4
501 8 4
501 9 292
501 10 1
501 11 2
501 12 4
501 13 11
501 14 2
501 15 4
501 16 2
501 17 1
501 18 32
501 19 2
501 20 0
501 21 28
501 22 236
501 23 123
501 24 94
501 25 15
501 26 56
501 27 2
501 28 66
501 29 0
501 30 2
501 31 5
501 32 13
501 33 1
501 34 0
501 35 0
501 36 134
501 37 26
501 38 1
501 39 56
501 40 114
501 41 4
501 42 15
501 43 1
501 44 28
501 45 0
501 46 0
501 47 1
501 48 27
501 49 1
501 50 7
501 51 4
501 52 1
501 53 0
501 54 186
501 55 1
501 56 1
501 57 40
501 58 185
501 59 62
501 60 16
501 61 38
501 62 107
501 63 5
501 64 45
501 65 0
501 66 1
501 67 17
501 68 14
501 69 7
501 70 18
501 71 5
501 72 10
501 73 0
501 74 0
501 75 9
501 76 3
501 77 128
501 78 9
501 79 1
501 80 11
501 81 19
501 82 2
501 83 27
501 84 0
501 85 1
501 86 33
501 87 0
501 88 1
501 89 6
501 90 10
501 91 0
501 92 2
501 93 1
501 94 3
501 95 44
526 1 13
526 2 2
526 3 2
526 4 5
526 5 2
526 6 44
526 7 0
526 8 0
526 9 295
526 10 1
526 11 0
526 12 1
526 13 26
526 14 0
526 15 1
526 16 3
526 17 0
526 18 32
526 19 2
526 20 0
526 21 23
526 22 222
526 23 103
526 24 119
526 25 12
526 26 45
526 27 4
526 28 55
526 29 0
526 30 2
526 31 18
526 32 11
526 33 0
526 34 4
526 35 0
526 36 155
526 37 4
526 38 1
526 39 48
526 40 76
526 41 1
526 42 12
526 43 2
526 44 32
526 45 2
526 46 1
526 47 33
526 48 12
526 49 1
526 50 57
526 51 5
526 52 1
526 53 1
526 54 184
526 55 0
526 56 3
526 57 38
526 58 187
526 59 57
526 60 0
526 61 45
526 62 80
526 63 0
526 64 40
526 65 0
526 66 3
526 67 16
526 68 7
526 69 1
526 70 22
526 71 4
526 72 5
526 73 1
526 74 0
526 75 13
526 76 0
526 77 98
526 78 6
526 79 0
526 80 32
526 81 12
526 82 3
526 83 34
526 84 6
526 85 5
526 86 10
526 87 2
526 88 1
526 89 6
526 90 3
526 91 2
526 92 0
526 93 5
526 94 17
526 95 32
551 1 1
551 2 2
551 3 0
551 4 2
551 5 3
551 6 36
551 7 3
551 8 0
551 9 327
551 10 0
551 11 1
551 12 1
551 13 1
551 14 1
551 15 2
551 16 1
551 17 3
551 18 32
551 19 1
551 20 0
551 21 20
551 22 219
551 23 158
551 24 141
551 25 24
551 26 57
551 27 1
551 28 36
551 29 3
551 30 0
551 31 0
551 32 26
551 33 0
551 34 14
551 35 1
551 36 174
551 37 0
551 38 3
551 39 46
551 40 80
551 41 1
551 42 17
551 43 2
551 44 34
551 45 6
551 46 1
551 47 27
551 48 8
551 49 1
551 50 46
551 51 9
551 52 0
551 53 1
551 54 214
551 55 15
551 56 0
551 57 31
551 58 154
551 59 69
551 60 8
551 61 38
551 62 52
551 63 0
551 64 31
551 65 1
551 66 0
551 67 20
551 68 0
551 69 1
551 70 1
551 71 13
551 72 1
551 73 0
551 74 0
551 75 23
551 76 4
551 77 111
551 78 4
551 79 2
551 80 40
551 81 4
551 82 2
551 83 34
551 84 0
551 85 0
551 86 34
551 87 2
551 88 1
551 89 2
551 90 0
551 91 4
551 92 1
551 93 0
551 94 2
551 95 15
576 1 14
576 2 0
576 3 2
576 4 2
576 5 2
576 6 17
576 7 3
576 8 0
576 9 292
576 10 4
576 11 0
576 12 0
576 13 1
576 14 1
576 15 1
576 16 0
576 17 3
576 18 18
576 19 1
576 20 2
576 21 23
576 22 266
576 23 153
576 24 133
576 25 26
576 26 63
576 27 14
576 28 46
576 29 1
576 30 1
576 31 0
576 32 10
576 33 1
576 34 13
576 35 1
576 36 130
576 37 15
576 38 2
576 39 51
576 40 107
576 41 0
576 42 14
576 43 33
576 44 36
576 45 0
576 46 0
576 47 30
576 48 5
576 49 0
576 50 42
576 51 1
576 52 2
576 53 0
576 54 214
576 55 10
576 56 1
576 57 29
576 58 204
576 59 63
576 60 30
576 61 35
576 62 39
576 63 2
576 64 26
576 65 4
576 66 1
576 67 13
576 68 1
576 69 2
576 70 0
576 71 14
576 72 0
576 73 0
576 74 2
576 75 3
576 76 15
576 77 91
576 78 1
576 79 4
576 80 29
576 81 7
576 82 1
576 83 20
576 84 0
576 85 0
576 86 33
576 87 2
576 88 1
576 89 2
576 90 1
576 91 0
576 92 2
576 93 5
576 94 0
576 95 11
601 1 17
601 2 2
601 3 2
601 4 1
601 5 1
601 6 10
601 7 5
601 8 3
601 9 303
601 10 3
601 11 0
601 12 0
601 13 3
601 14 2
601 15 1
601 16 9
601 17 0
601 18 10
601 19 14
601 20 4
601 21 39
601 22 263
601 23 134
601 24 144
601 25 28
601 26 48
601 27 4
601 28 33
601 29 3
601 30 0
601 31 17
601 32 3
601 33 0
601 34 14
601 35 4
601 36 106
601 37 18
601 38 0
601 39 34
601 40 78
601 41 1
601 42 10
601 43 21
601 44 32
601 45 0
601 46 0
601 47 19
601 48 3
601 49 0
601 50 9
601 51 2
601 52 3
601 53 0
601 54 223
601 55 11
601 56 0
601 57 63
601 58 200
601 59 76
601 60 23
601 61 45
601 62 51
601 63 1
601 64 24
601 65 6
601 66 1
601 67 10
601 68 0
601 69 1
601 70 1
601 71 18
601 72 0
601 73 0
601 74 2
601 75 13
601 76 5
601 77 115
601 78 1
601 79 0
601 80 30
601 81 2
601 82 2
601 83 39
601 84 5
601 85 1
601 86 33
601 87 0
601 88 2
601 89 1
601 90 3
601 91 11
601 92 4
601 93 0
601 94 0
601 95 43
626 1 0
626 2 1
626 3 4
626 4 1
626 5 0
626 6 5
626 7 3
626 8 0
626 9 304
626 10 0
626 11 1
626 12 2
626 13 2
626 14 3
626 15 1
626 16 1
626 17 2
626 18 13
626 19 10
626 20 0
626 21 77
626 22 264
626 23 115
626 24 102
626 25 1
626 26 65
626 27 0
626 28 21
626 29 0
626 30 1
626 31 35
626 32 2
626 33 5
626 34 17
626 35 7
626 36 78
626 37 20
626 38 0
626 39 32
626 40 104
626 41 0
626 42 5
626 43 23
626 44 13
626 45 0
626 46 2
626 47 4
626 48 7
626 49 1
626 50 18
626 51 0
626 52 0
626 53 8
626 54 259
626 55 9
626 56 3
626 57 84
626 58 194
626 59 103
626 60 20
626 61 37
626 62 82
626 63 0
626 64 59
626 65 0
626 66 1
626 67 0
626 68 0
626 69 0
626 70 2
626 71 27
626 72 0
626 73 1
626 74 1
626 75 10
626 76 2
626 77 99
626 78 1
626 79 1
626 80 57
626 81 10
626 82 0
626 83 68
626 84 0
626 85 1
626 86 12
626 87 1
626 88 1
626 89 2
626 90 4
626 91 17
626 92 1
626 93 0
626 94 1
626 95 61
651 1 15
651 2 4
651 3 2
651 4 0
651 5 2
651 6 1
651 7 2
651 8 4
651 9 279
651 10 0
651 11 0
651 12 11
651 13 5
651 14 22
651 15 2
651 16 1
651 17 0
651 18 22
651 19 12
651 20 1
651 21 81
651 22 297
651 23 113
651 24 89
651 25 11
651 26 58
651 27 5
651 28 9
651 29 2
651 30 0
651 31 34
651 32 3
651 33 0
651 34 18
651 35 0
651 36 41
651 37 13
651 38 1
651 39 9
651 40 106
651 41 2
651 42 18
651 43 15
651 44 13
651 45 3
651 46 0
651 47 17
651 48 7
651 49 3
651 50 10
651 51 11
651 52 3
651 53 0
651 54 226
651 55 7
651 56 1
651 57 79
651 58 172
651 59 102
651 60 42
651 61 51
651 62 99
651 63 2
651 64 46
651 65 1
651 66 3
651 67 1
651 68 1
651 69 1
651 70 1
651 71 3
651 72 5
651 73 0
651 74 1
651 75 15
651 76 0
651 77 122
651 78 4
651 79 3
651 80 22
651 81 19
651 82 1
651 83 69
651 84 0
651 85 1
651 86 19
651 87 2
651 88 0
651 89 0
651 90 4
651 91 3
651 92 3
651 93 0
651 94 9
651 95 30
676 1 21
676 2 3
676 3 4
676 4 0
676 5 4
676 6 1
676 7 1
676 8 1
676 9 304
676 10 0
676 11 1
676 12 0
676 13 0
676 14 9
676 15 1
676 16 10
676 17 1
676 18 19
676 19 16
676 20 2
676 21 81
676 22 281
676 23 117
676 24 104
676 25 60
676 26 34
676 27 0
676 28 27
676 29 0
676 30 0
676 31 15
676 32 17
676 33 0
676 34 13
676 35 0
676 36 76
676 37 1
676 38 3
676 39 17
676 40 104
676 41 0
676 42 22
676 43 8
676 44 13
676 45 3
676 46 1
676 47 8
676 48 4
676 49 0
676 50 16
676 51 15
676 52 0
676 53 2
676 54 224
676 55 16
676 56 0
676 57 43
676 58 92
676 59 79
676 60 66
676 61 35
676 62 63
676 63 1
676 64 59
676 65 0
676 66 4
676 67 23
676 68 0
676 69 1
676 70 9
676 71 0
676 72 3
676 73 1
676 74 1
676 75 22
676 76 1
676 77 105
676 78 4
676 79 1
676 80 35
676 81 13
676 82 0
676 83 82
676 84 1
676 85 1
676 86 12
676 87 0
676 88 0
676 89 1
676 90 4
676 91 0
676 92 3
676 93 0
676 94 19
676 95 28
701 1 16
701 2 2
701 3 1
701 4 8
701 5 3
701 6 0
701 7 2
701 8 2
701 9 307
701 10 1
701 11 2
701 12 1
701 13 14
701 14 19
701 15 1
701 16 15
701 17 0
701 18 1
701 19 13
701 20 0
701 21 138
701 22 240
701 23 138
701 24 74
701 25 56
701 26 44
701 27 0
701 28 38
701 29 3
701 30 1
701 31 28
701 32 0
701 33 0
701 34 7
701 35 1
701 36 128
701 37 1
701 38 2
701 39 17
701 40 93
701 41 0
701 42 37
701 43 14
701 44 7
701 45 2
701 46 1
701 47 15
701 48 2
701 49 3
701 50 16
701 51 10
701 52 0
701 53 3
701 54 238
701 55 2
701 56 2
701 57 69
701 58 92
701 59 86
701 60 47
701 61 14
701 62 78
701 63 3
701 64 39
701 65 1
701 66 1
701 67 20
701 68 3
701 69 2
701 70 1
701 71 7
701 72 0
701 73 2
701 74 2
701 75 15
701 76 13
701 77 87
701 78 7
701 79 2
701 80 13
701 81 1
701 82 2
701 83 54
701 84 1
701 85 3
701 86 32
701 87 0
701 88 2
701 89 3
701 90 14
701 91 0
701 92 1
701 93 4
701 94 22
701 95 46
726 1 0
726 2 0
726 3 1
726 4 6
726 5 1
726 6 2
726 7 3
726 8 1
726 9 298
726 10 2
726 11 0
726 12 3
726 13 13
726 14 9
726 15 1
726 16 1
726 17 1
726 18 11
726 19 10
726 20 2
726 21 129
726 22 247
726 23 97
726 24 89
726 25 33
726 26 32
726 27 6
726 28 62
726 29 2
726 30 3
726 31 15
726 32 1
726 33 2
726 34 14
726 35 2
726 36 108
726 37 8
726 38 2
726 39 22
726 40 69
726 41 6
726 42 23
726 43 25
726 44 1
726 45 0
726 46 0
726 47 22
726 48 3
726 49 4
726 50 32
726 51 35
726 52 2
726 53 1
726 54 251
726 55 2
726 56 1
726 57 39
726 58 134
726 59 69
726 60 62
726 61 45
726 62 45
726 63 0
726 64 31
726 65 1
726 66 0
726 67 10
726 68 4
726 69 1
726 70 3
726 71 20
726 72 0
726 73 1
726 74 0
726 75 14
726 76 18
726 77 73
726 78 3
726 79 0
726 80 20
726 81 9
726 82 2
726 83 90
726 84 2
726 85 1
726 86 26
726 87 1
726 88 3
726 89 0
726 90 1
726 91 11
726 92 1
726 93 3
726 94 11
726 95 35
751 1 0
751 2 0
751 3 2
751 4 0
751 5 1
751 6 2
751 7 9
751 8 1
751 9 284
751 10 2
751 11 1
751 12 2
751 13 0
751 14 20
751 15 3
751 16 0
751 17 1
751 18 16
751 19 0
751 20 1
751 21 126
751 22 234
751 23 75
751 24 70
751 25 39
751 26 27
751 27 2
751 28 71
751 29 3
751 30 2
751 31 7
751 32 2
751 33 0
751 34 11
751 35 1
751 36 118
751 37 16
751 38 2
751 39 16
751 40 87
751 41 12
751 42 45
751 43 23
751 44 9
751 45 1
751 46 1
751 47 14
751 48 1
751 49 6
751 50 32
751 51 48
751 52 2
751 53 1
751 54 256
751 55 6
751 56 2
751 57 42
751 58 150
751 59 101
751 60 57
751 61 35
751 62 21
751 63 4
751 64 42
751 65 3
751 66 1
751 67 22
751 68 7
751 69 4
751 70 0
751 71 32
751 72 3
751 73 0
751 74 1
751 75 11
751 76 22
751 77 45
751 78 10
751 79 4
751 80 37
751 81 8
751 82 0
751 83 87
751 84 0
751 85 4
751 86 16
751 87 4
751 88 6
751 89 8
751 90 3
751 91 19
751 92 0
751 93 0
751 94 25
751 95 20
776 1 4
776 2 0
776 3 2
776 4 8
776 5 0
776 6 6
776 7 3
776 8 0
776 9 319
776 10 1
776 11 2
776 12 1
776 13 14
776 14 10
776 15 1
776 16 12
776 17 2
776 18 21
776 19 2
776 20 0
776 21 109
776 22 207
776 23 61
776 24 75
776 25 41
776 26 16
776 27 1
776 28 59
776 29 1
776 30 2
776 31 0
776 32 2
776 33 0
776 34 9
776 35 2
776 36 139
776 37 27
776 38 2
776 39 22
776 40 95
776 41 0
776 42 39
776 43 8
776 44 3
776 45 3
776 46 5
776 47 41
776 48 6
776 49 6
776 50 19
776 51 46
776 52 0
776 53 2
776 54 262
776 55 1
776 56 1
776 57 29
776 58 98
776 59 158
776 60 25
776 61 35
776 62 32
776 63 2
776 64 37
776 65 0
776 66 0
776 67 20
776 68 9
776 69 1
776 70 1
776 71 26
776 72 1
776 73 0
776 74 0
776 75 2
776 76 20
776 77 58
776 78 1
776 79 0
776 80 46
776 81 0
776 82 2
776 83 87
776 84 0
776 85 2
776 86 35
776 87 2
776 88 1
776 89 0
776 90 16
776 91 13
776 92 3
776 93 0
776 94 1
776 95 30
801 1 1
801 2 0
801 3 8
801 4 0
801 5 3
801 6 4
801 7 3
801 8 9
801 9 338
801 10 5
801 11 1
801 12 2
801 13 1
801 14 15
801 15 1
801 16 5
801 17 2
801 18 14
801 19 1
801 20 0
801 21 137
801 22 188
801 23 53
801 24 60
801 25 26
801 26 15
801 27 1
801 28 67
801 29 1
801 30 0
801 31 3
801 32 10
801 33 0
801 34 19
801 35 0
801 36 118
801 37 13
801 38 2
801 39 40
801 40 86
801 41 0
801 42 42
801 43 7
801 44 22
801 45 0
801 46 0
801 47 45
801 48 6
801 49 0
801 50 11
801 51 15
801 52 1
801 53 4
801 54 328
801 55 0
801 56 2
801 57 15
801 58 103
801 59 109
801 60 58
801 61 44
801 62 52
801 63 0
801 64 21
801 65 0
801 66 0
801 67 36
801 68 1
801 69 2
801 70 0
801 71 12
801 72 0
801 73 1
801 74 0
801 75 17
801 76 11
801 77 90
801 78 1
801 79 2
801 80 30
801 81 6
801 82 0
801 83 115
801 84 1
801 85 2
801 86 15
801 87 0
801 88 1
801 89 4
801 90 10
801 91 1
801 92 1
801 93 7
801 94 1
801 95 22
826 1 0
826 2 10
826 3 3
826 4 1
826 5 2
826 6 20
826 7 1
826 8 12
826 9 362
826 10 1
826 11 5
826 12 2
826 13 8
826 14 9
826 15 1
826 16 12
826 17 2
826 18 19
826 19 0
826 20 3
826 21 107
826 22 196
826 23 62
826 24 69
826 25 24
826 26 23
826 27 2
826 28 42
826 29 1
826 30 1
826 31 2
826 32 6
826 33 10
826 34 0
826 35 2
826 36 109
826 37 0
826 38 2
826 39 37
826 40 85
826 41 0
826 42 52
826 43 0
826 44 19
826 45 3
826 46 0
826 47 42
826 48 15
826 49 2
826 50 0
826 51 19
826 52 1
826 53 3
826 54 312
826 55 0
826 56 2
826 57 31
826 58 134
826 59 88
826 60 62
826 61 53
826 62 57
826 63 0
826 64 31
826 65 4
826 66 1
826 67 28
826 68 0
826 69 2
826 70 0
826 71 15
826 72 5
826 73 0
826 74 1
826 75 1
826 76 13
826 77 106
826 78 0
826 79 0
826 80 45
826 81 17
826 82 2
826 83 80
826 84 0
826 85 1
826 86 21
826 87 2
826 88 3
826 89 0
826 90 8
826 91 15
826 92 5
826 93 4
826 94 0
826 95 23
851 1 3
851 2 12
851 3 1
851 4 5
851 5 1
851 6 16
851 7 6
851 8 1
851 9 372
851 10 1
851 11 0
851 12 0
851 13 24
851 14 2
851 15 1
851 16 9
851 17 1
851 18 33
851 19 3
851 20 3
851 21 114
851 22 146
851 23 37
851 24 77
851 25 26
851 26 35
851 27 6
851 28 38
851 29 3
851 30 0
851 31 19
851 32 0
851 33 0
851 34 1
851 35 2
851 36 187
851 37 0
851 38 1
851 39 16
851 40 91
851 41 1
851 42 31
851 43 2
851 44 23
851 45 0
851 46 0
851 47 26
851 48 0
851 49 0
851 50 10
851 51 21
851 52 0
851 53 1
851 54 315
851 55 4
851 56 1
851 57 70
851 58 131
851 59 78
851 60 49
851 61 71
851 62 45
851 63 0
851 64 20
851 65 1
851 66 0
851 67 37
851 68 1
851 69 2
851 70 14
851 71 13
851 72 3
851 73 0
851 74 0
851 75 12
851 76 11
851 77 139
851 78 0
851 79 2
851 80 34
851 81 5
851 82 0
851 83 65
851 84 0
851 85 3
851 86 21
851 87 1
851 88 1
851 89 1
851 90 6
851 91 11
851 92 2
851 93 4
851 94 0
851 95 19
876 1 2
876 2 9
876 3 0
876 4 4
876 5 1
876 6 29
876 7 9
876 8 0
876 9 333
876 10 0
876 11 3
876 12 2
876 13 2
876 14 0
876 15 1
876 16 1
876 17 1
876 18 40
876 19 3
876 20 1
876 21 109
876 22 168
876 23 65
876 24 27
876 25 15
876 26 30
876 27 2
876 28 34
876 29 0
876 30 2
876 31 4
876 32 1
876 33 1
876 34 2
876 35 0
876 36 225
876 37 3
876 38 2
876 39 28
876 40 74
876 41 0
876 42 42
876 43 2
876 44 17
876 45 0
876 46 0
876 47 17
876 48 1
876 49 1
876 50 3
876 51 0
876 52 0
876 53 3
876 54 225
876 55 2
876 56 0
876 57 62
876 58 147
876 59 100
876 60 51
876 61 48
876 62 41
876 63 1
876 64 58
876 65 2
876 66 0
876 67 56
876 68 4
876 69 0
876 70 0
876 71 19
876 72 3
876 73 2
876 74 0
876 75 17
876 76 0
876 77 155
876 78 0
876 79 1
876 80 59
876 81 2
876 82 1
876 83 51
876 84 0
876 85 0
876 86 28
876 87 0
876 88 1
876 89 0
876 90 0
876 91 15
876 92 1
876 93 0
876 94 4
876 95 66
901 1 7
901 2 5
901 3 2
901 4 1
901 5 1
901 6 29
901 7 1
901 8 1
901 9 302
901 10 1
901 11 0
901 12 0
901 13 1
901 14 2
901 15 1
901 16 0
901 17 0
901 18 28
901 19 2
901 20 8
901 21 95
901 22 179
901 23 57
901 24 36
901 25 29
901 26 46
901 27 0
901 28 21
901 29 2
901 30 0
901 31 2
901 32 2
901 33 0
901 34 14
901 35 0
901 36 209
901 37 1
901 38 2
901 39 33
901 40 39
901 41 1
901 42 39
901 43 24
901 44 16
901 45 0
901 46 1
901 47 1
901 48 1
901 49 1
901 50 1
901 51 0
901 52 1
901 53 2
901 54 240
901 55 0
901 56 1
901 57 59
901 58 179
901 59 94
901 60 59
901 61 86
901 62 41
901 63 0
901 64 63
901 65 10
901 66 2
901 67 25
901 68 1
901 69 0
901 70 5
901 71 22
901 72 2
901 73 1
901 74 0
901 75 15
901 76 0
901 77 126
901 78 2
901 79 3
901 80 36
901 81 5
901 82 2
901 83 75
901 84 1
901 85 0
901 86 47
901 87 0
901 88 0
901 89 0
901 90 0
901 91 17
901 92 1
901 93 1
901 94 2
901 95 45
926 1 0
926 2 4
926 3 2
926 4 2
926 5 0
926 6 44
926 7 1
926 8 1
926 9 356
926 10 0
926 11 0
926 12 2
926 13 0
926 14 0
926 15 0
926 16 0
926 17 0
926 18 20
926 19 1
926 20 3
926 21 124
926 22 199
926 23 60
926 24 112
926 25 21
926 26 41
926 27 0
926 28 27
926 29 0
926 30 0
926 31 14
926 32 0
926 33 0
926 34 19
926 35 1
926 36 183
926 37 2
926 38 2
926 39 32
926 40 21
926 41 2
926 42 22
926 43 3
926 44 11
926 45 4
926 46 2
926 47 0
926 48 3
926 49 3
926 50 16
926 51 1
926 52 2
926 53 3
926 54 225
926 55 0
926 56 1
926 57 66
926 58 145
926 59 114
926 60 79
926 61 80
926 62 77
926 63 9
926 64 57
926 65 0
926 66 0
926 67 21
926 68 3
926 69 1
926 70 0
926 71 10
926 72 1
926 73 3
926 74 2
926 75 9
926 76 7
926 77 124
926 78 1
926 79 1
926 80 24
926 81 4
926 82 1
926 83 60
926 84 1
926 85 4
926 86 16
926 87 1
926 88 2
926 89 0
926 90 0
926 91 17
926 92 0
926 93 2
926 94 5
926 95 53
951 1 5
951 2 1
951 3 0
951 4 3
951 5 1
951 6 22
951 7 0
951 8 5
951 9 341
951 10 2
951 11 6
951 12 6
951 13 9
951 14 1
951 15 0
951 16 2
951 17 0
951 18 7
951 19 4
951 20 2
951 21 162
951 22 199
951 23 38
951 24 110
951 25 31
951 26 48
951 27 3
951 28 51
951 29 0
951 30 2
951 31 0
951 32 0
951 33 4
951 34 4
951 35 0
951 36 178
951 37 7
951 38 0
951 39 57
951 40 30
951 41 1
951 42 43
951 43 5
951 44 3
951 45 5
951 46 0
951 47 6
951 48 0
951 49 3
951 50 15
951 51 1
951 52 0
951 53 1
951 54 213
951 55 0
951 56 2
951 57 79
951 58 126
951 59 128
951 60 53
951 61 75
951 62 67
951 63 2
951 64 37
951 65 0
951 66 2
951 67 17
951 68 3
951 69 1
951 70 6
951 71 24
951 72 0
951 73 5
951 74 3
951 75 2
951 76 1
951 77 115
951 78 1
951 79 0
951 80 36
951 81 3
951 82 1
951 83 34
951 84 0
951 85 3
951 86 12
951 87 2
951 88 6
951 89 2
951 90 9
951 91 7
951 92 0
951 93 0
951 94 1
951 95 58
976 1 5
976 2 1
976 3 0
976 4 16
976 5 3
976 6 7
976 7 2
976 8 3
976 9 300
976 10 1
976 11 1
976 12 0
976 13 13
976 14 3
976 15 0
976 16 3
976 17 2
976 18 4
976 19 1
976 20 3
976 21 153
976 22 233
976 23 31
976 24 117
976 25 13
976 26 31
976 27 2
976 28 75
976 29 1
976 30 2
976 31 13
976 32 10
976 33 1
976 34 1
976 35 6
976 36 156
976 37 3
976 38 0
976 39 35
976 40 59
976 41 0
976 42 41
976 43 22
976 44 7
976 45 3
976 46 1
976 47 6
976 48 0
976 49 7
976 50 8
976 51 4
976 52 2
976 53 0
976 54 254
976 55 1
976 56 4
976 57 86
976 58 174
976 59 90
976 60 28
976 61 66
976 62 68
976 63 0
976 64 25
976 65 0
976 66 3
976 67 19
976 68 41
976 69 1
976 70 23
976 71 32
976 72 3
976 73 2
976 74 0
976 75 0
976 76 1
976 77 140
976 78 2
976 79 1
976 80 42
976 81 1
976 82 0
976 83 45
976 84 0
976 85 0
976 86 25
976 87 0
976 88 0
976 89 2
976 90 2
976 91 5
976 92 1
976 93 4
976 94 0
976 95 54
1001 1 11
1001 2 1
1001 3 1
1001 4 26
1001 5 1
1001 6 0
1001 7 0
1001 8 0
1001 9 281
1001 10 1
1001 11 3
1001 12 1
1001 13 11
1001 14 0
1001 15 1
1001 16 0
1001 17 0
1001 18 11
1001 19 2
1001 20 1
1001 21 118
1001 22 169
1001 23 47
1001 24 128
1001 25 16
1001 26 36
1001 27 1
1001 28 65
1001 29 0
1001 30 3
1001 31 19
1001 32 9
1001 33 1
1001 34 0
1001 35 0
1001 36 134
1001 37 0
1001 38 4
1001 39 0
1001 40 81
1001 41 2
1001 42 58
1001 43 31
1001 44 22
1001 45 1
1001 46 3
1001 47 1
1001 48 8
1001 49 2
1001 50 1
1001 51 0
1001 52 0
1001 53 0
1001 54 235
1001 55 0
1001 56 0
1001 57 93
1001 58 173
1001 59 123
1001 60 52
1001 61 48
1001 62 53
1001 63 1
1001 64 12
1001 65 0
1001 66 0
1001 67 27
1001 68 34
1001 69 0
1001 70 18
1001 71 41
1001 72 2
1001 73 1
1001 74 0
1001 75 4
1001 76 4
1001 77 126
1001 78 0
1001 79 3
1001 80 48
1001 81 1
1001 82 2
1001 83 30
1001 84 1
1001 85 1
1001 86 32
1001 87 0
1001 88 1
1001 89 4
1001 90 6
1001 91 3
1001 92 1
1001 93 0
1001 94 0
1001 95 73
1026 1 5
1026 2 0
1026 3 1
1026 4 39
1026 5 0
1026 6 15
1026 7 5
1026 8 1
1026 9 279
1026 10 6
1026 11 0
1026 12 0
1026 13 15
1026 14 6
1026 15 1
1026 16 2
1026 17 0
1026 18 12
1026 19 1
1026 20 2
1026 21 73
1026 22 201
1026 23 80
1026 24 99
1026 25 22
1026 26 27
1026 27 2
1026 28 69
1026 29 2
1026 30 6
1026 31 2
1026 32 3
1026 33 3
1026 34 26
1026 35 7
1026 36 160
1026 37 8
1026 38 2
1026 39 1
1026 40 82
1026 41 1
1026 42 39
1026 43 31
1026 44 41
1026 45 1
1026 46 1
1026 47 1
1026 48 1
1026 49 4
1026 50 1
1026 51 0
1026 52 2
1026 53 0
1026 54 318
1026 55 1
1026 56 0
1026 57 76
1026 58 201
1026 59 106
1026 60 26
1026 61 39
1026 62 35
1026 63 3
1026 64 30
1026 65 3
1026 66 2
1026 67 7
1026 68 17
1026 69 0
1026 70 24
1026 71 40
1026 72 1
1026 73 0
1026 74 2
1026 75 1
1026 76 1
1026 77 127
1026 78 3
1026 79 2
1026 80 18
1026 81 6
1026 82 1
1026 83 19
1026 84 1
1026 85 0
1026 86 40
1026 87 2
1026 88 1
1026 89 3
1026 90 0
1026 91 3
1026 92 1
1026 93 2
1026 94 8
1026 95 39
1051 1 12
1051 2 1
1051 3 3
1051 4 55
1051 5 2
1051 6 6
1051 7 1
1051 8 1
1051 9 281
1051 10 1
1051 11 1
1051 12 0
1051 13 18
1051 14 3
1051 15 4
1051 16 4
1051 17 2
1051 18 1
1051 19 1
1051 20 0
1051 21 54
1051 22 134
1051 23 128
1051 24 109
1051 25 20
1051 26 28
1051 27 2
1051 28 86
1051 29 0
1051 30 2
1051 31 2
1051 32 10
1051 33 0
1051 34 37
1051 35 2
1051 36 149
1051 37 2
1051 38 0
1051 39 7
1051 40 72
1051 41 0
1051 42 53
1051 43 16
1051 44 31
1051 45 3
1051 46 0
1051 47 20
1051 48 5
1051 49 1
1051 50 0
1051 51 4
1051 52 1
1051 53 4
1051 54 294
1051 55 5
1051 56 1
1051 57 80
1051 58 170
1051 59 114
1051 60 38
1051 61 57
1051 62 32
1051 63 2
1051 64 23
1051 65 1
1051 66 1
1051 67 1
1051 68 5
1051 69 0
1051 70 21
1051 71 10
1051 72 1
1051 73 0
1051 74 6
1051 75 3
1051 76 9
1051 77 175
1051 78 1
1051 79 0
1051 80 35
1051 81 11
1051 82 0
1051 83 41
1051 84 4
1051 85 3
1051 86 18
1051 87 1
1051 88 0
1051 89 1
1051 90 2
1051 91 0
1051 92 0
1051 93 0
1051 94 2
1051 95 58
1076 1 1
1076 2 1
1076 3 1
1076 4 36
1076 5 1
1076 6 17
1076 7 0
1076 8 10
1076 9 227
1076 10 0
1076 11 1
1076 12 1
1076 13 22
1076 14 10
1076 15 0
1076 16 3
1076 17 1
1076 18 1
1076 19 15
1076 20 1
1076 21 55
1076 22 149
1076 23 80
1076 24 154
1076 25 27
1076 26 40
1076 27 4
1076 28 47
1076 29 1
1076 30 2
1076 31 5
1076 32 15
1076 33 0
1076 34 29
1076 35 1
1076 36 147
1076 37 0
1076 38 0
1076 39 5
1076 40 52
1076 41 1
1076 42 59
1076 43 19
1076 44 36
1076 45 2
1076 46 1
1076 47 21
1076 48 0
1076 49 2
1076 50 7
1076 51 8
1076 52 5
1076 53 1
1076 54 249
1076 55 0
1076 56 1
1076 57 76
1076 58 157
1076 59 76
1076 60 48
1076 61 27
1076 62 51
1076 63 1
1076 64 22
1076 65 2
1076 66 1
1076 67 14
1076 68 14
1076 69 0
1076 70 31
1076 71 15
1076 72 2
1076 73 2
1076 74 1
1076 75 1
1076 76 8
1076 77 142
1076 78 0
1076 79 3
1076 80 45
1076 81 19
1076 82 1
1076 83 57
1076 84 3
1076 85 1
1076 86 17
1076 87 0
1076 88 0
1076 89 0
1076 90 4
1076 91 1
1076 92 0
1076 93 1
1076 94 0
1076 95 66
1101 1 2
1101 2 0
1101 3 4
1101 4 1
1101 5 6
1101 6 5
1101 7 0
1101 8 9
1101 9 275
1101 10 1
1101 11 0
1101 12 0
1101 13 1
1101 14 4
1101 15 1
1101 16 1
1101 17 3
1101 18 2
1101 19 20
1101 20 0
1101 21 38
1101 22 121
1101 23 82
1101 24 164
1101 25 32
1101 26 27
1101 27 4
1101 28 119
1101 29 0
1101 30 0
1101 31 0
1101 32 2
1101 33 0
1101 34 18
1101 35 2
1101 36 156
1101 37 0
1101 38 3
1101 39 0
1101 40 17
1101 41 0
1101 42 35
1101 43 30
1101 44 50
1101 45 0
1101 46 0
1101 47 35
1101 48 1
1101 49 3
1101 50 9
1101 51 11
1101 52 2
1101 53 4
1101 54 217
1101 55 0
1101 56 1
1101 57 80
1101 58 169
1101 59 97
1101 60 62
1101 61 42
1101 62 56
1101 63 2
1101 64 28
1101 65 3
1101 66 1
1101 67 37
1101 68 1
1101 69 1
1101 70 41
1101 71 18
1101 72 1
1101 73 2
1101 74 1
1101 75 0
1101 76 0
1101 77 172
1101 78 0
1101 79 2
1101 80 19
1101 81 2
1101 82 1
1101 83 23
1101 84 3
1101 85 0
1101 86 28
1101 87 0
1101 88 6
1101 89 3
1101 90 0
1101 91 8
1101 92 0
1101 93 0
1101 94 3
1101 95 42
1126 1 2
1126 2 13
1126 3 2
1126 4 3
1126 5 4
1126 6 14
1126 7 1
1126 8 0
1126 9 314
1126 10 0
1126 11 1
1126 12 2
1126 13 2
1126 14 0
1126 15 1
1126 16 2
1126 17 0
1126 18 14
1126 19 10
1126 20 0
1126 21 32
1126 22 151
1126 23 93
1126 24 170
1126 25 59
1126 26 49
1126 27 5
1126 28 119
1126 29 2
1126 30 3
1126 31 1
1126 32 2
1126 33 9
1126 34 20
1126 35 2
1126 36 207
1126 37 21
1126 38 1
1126 39 12
1126 40 23
1126 41 1
1126 42 36
1126 43 7
1126 44 48
1126 45 1
1126 46 14
1126 47 17
1126 48 13
1126 49 1
1126 50 1
1126 51 16
1126 52 3
1126 53 7
1126 54 225
1126 55 1
1126 56 1
1126 57 67
1126 58 213
1126 59 88
1126 60 48
1126 61 14
1126 62 51
1126 63 0
1126 64 40
1126 65 4
1126 66 3
1126 67 20
1126 68 4
1126 69 2
1126 70 20
1126 71 8
1126 72 3
1126 73 1
1126 74 2
1126 75 0
1126 76 0
1126 77 181
1126 78 1
1126 79 1
1126 80 17
1126 81 1
1126 82 1
1126 83 17
1126 84 2
1126 85 1
1126 86 15
1126 87 2
1126 88 3
1126 89 3
1126 90 0
1126 91 0
1126 92 0
1126 93 1
1126 94 2
1126 95 18
1151 1 18
1151 2 14
1151 3 4
1151 4 1
1151 5 0
1151 6 11
1151 7 2
1151 8 1
1151 9 312
1151 10 1
1151 11 1
1151 12 1
1151 13 0
1151 14 3
1151 15 0
1151 16 0
1151 17 0
1151 18 1
1151 19 6
1151 20 3
1151 21 45
1151 22 148
1151 23 102
1151 24 197
1151 25 37
1151 26 75
1151 27 1
1151 28 124
1151 29 1
1151 30 1
1151 31 4
1151 32 12
1151 33 4
1151 34 1
1151 35 1
1151 36 214
1151 37 36
1151 38 1
1151 39 0
1151 40 16
1151 41 0
1151 42 33
1151 43 9
1151 44 25
1151 45 1
1151 46 1
1151 47 24
1151 48 9
1151 49 4
1151 50 0
1151 51 16
1151 52 1
1151 53 5
1151 54 209
1151 55 2
1151 56 1
1151 57 32
1151 58 174
1151 59 69
1151 60 48
1151 61 25
1151 62 60
1151 63 1
1151 64 50
1151 65 2
1151 66 1
1151 67 22
1151 68 1
1151 69 0
1151 70 10
1151 71 13
1151 72 2
1151 73 0
1151 74 0
1151 75 3
1151 76 0
1151 77 174
1151 78 1
1151 79 0
1151 80 17
1151 81 8
1151 82 0
1151 83 36
1151 84 1
1151 85 9
1151 86 2
1151 87 2
1151 88 3
1151 89 0
1151 90 0
1151 91 1
1151 92 1
1151 93 0
1151 94 2
1151 95 27
1176 1 1
1176 2 16
1176 3 2
1176 4 2
1176 5 0
1176 6 29
1176 7 3
1176 8 1
1176 9 368
1176 10 1
1176 11 1
1176 12 2
1176 13 0
1176 14 2
1176 15 0
1176 16 2
1176 17 0
1176 18 7
1176 19 8
1176 20 0
1176 21 8
1176 22 158
1176 23 84
1176 24 178
1176 25 32
1176 26 42
1176 27 0
1176 28 79
1176 29 0
1176 30 1
1176 31 3
1176 32 0
1176 33 3
1176 34 8
1176 35 0
1176 36 198
1176 37 17
1176 38 0
1176 39 1
1176 40 5
1176 41 0
1176 42 29
1176 43 0
1176 44 32
1176 45 2
1176 46 1
1176 47 20
1176 48 11
1176 49 1
1176 50 4
1176 51 30
1176 52 1
1176 53 3
1176 54 269
1176 55 1
1176 56 0
1176 57 36
1176 58 178
1176 59 63
1176 60 76
1176 61 51
1176 62 52
1176 63 1
1176 64 66
1176 65 0
1176 66 0
1176 67 2
1176 68 0
1176 69 11
1176 70 14
1176 71 14
1176 72 0
1176 73 0
1176 74 2
1176 75 5
1176 76 0
1176 77 192
1176 78 4
1176 79 0
1176 80 24
1176 81 2
1176 82 0
1176 83 56
1176 84 0
1176 85 8
1176 86 2
1176 87 4
1176 88 1
1176 89 1
1176 90 1
1176 91 1
1176 92 1
1176 93 0
1176 94 1
1176 95 41
1201 1 3
1201 2 9
1201 3 1
1201 4 13
1201 5 0
1201 6 17
1201 7 1
1201 8 1
1201 9 333
1201 10 0
1201 11 0
1201 12 1
1201 13 9
1201 14 2
1201 15 0
1201 16 14
1201 17 1
1201 18 17
1201 19 0
1201 20 3
1201 21 1
1201 22 125
1201 23 86
1201 24 178
1201 25 53
1201 26 41
1201 27 3
1201 28 116
1201 29 1
1201 30 1
1201 31 2
1201 32 6
1201 33 0
1201 34 21
1201 35 1
1201 36 118
1201 37 32
1201 38 1
1201 39 0
1201 40 10
1201 41 3
1201 42 29
1201 43 1
1201 44 27
1201 45 2
1201 46 0
1201 47 47
1201 48 8
1201 49 2
1201 50 37
1201 51 8
1201 52 2
1201 53 5
1201 54 223
1201 55 0
1201 56 1
1201 57 38
1201 58 174
1201 59 91
1201 60 71
1201 61 34
1201 62 28
1201 63 3
1201 64 51
1201 65 2
1201 66 0
1201 67 3
1201 68 6
1201 69 0
1201 70 0
1201 71 33
1201 72 2
1201 73 1
1201 74 3
1201 75 0
1201 76 9
1201 77 156
1201 78 0
1201 79 2
1201 80 23
1201 81 1
1201 82 0
1201 83 53
1201 84 1
1201 85 5
1201 86 1
1201 87 1
1201 88 2
1201 89 0
1201 90 0
1201 91 0
1201 92 1
1201 93 1
1201 94 0
1201 95 44
1226 1 6
1226 2 0
1226 3 4
1226 4 5
1226 5 0
1226 6 19
1226 7 1
1226 8 5
1226 9 317
1226 10 0
1226 11 2
1226 12 0
1226 13 1
1226 14 3
1226 15 1
1226 16 9
1226 17 0
1226 18 31
1226 19 1
1226 20 0
1226 21 3
1226 22 135
1226 23 85
1226 24 196
1226 25 62
1226 26 54
1226 27 2
1226 28 104
1226 29 0
1226 30 1
1226 31 0
1226 32 0
1226 33 4
1226 34 58
1226 35 3
1226 36 83
1226 37 30
1226 38 2
1226 39 0
1226 40 21
1226 41 1
1226 42 26
1226 43 1
1226 44 37
1226 45 0
1226 46 2
1226 47 43
1226 48 25
1226 49 4
1226 50 45
1226 51 4
1226 52 5
1226 53 1
1226 54 225
1226 55 3
1226 56 0
1226 57 18
1226 58 194
1226 59 83
1226 60 46
1226 61 16
1226 62 16
1226 63 1
1226 64 32
1226 65 4
1226 66 4
1226 67 37
1226 68 3
1226 69 1
1226 70 2
1226 71 35
1226 72 1
1226 73 1
1226 74 0
1226 75 5
1226 76 2
1226 77 197
1226 78 0
1226 79 1
1226 80 50
1226 81 3
1226 82 3
1226 83 32
1226 84 1
1226 85 2
1226 86 0
1226 87 2
1226 88 4
1226 89 6
1226 90 5
1226 91 1
1226 92 5
1226 93 0
1226 94 3
1226 95 58
1251 1 3
1251 2 1
1251 3 2
1251 4 23
1251 5 1
1251 6 22
1251 7 4
1251 8 0
1251 9 318
1251 10 5
1251 11 0
1251 12 0
1251 13 4
1251 14 0
1251 15 0
1251 16 2
1251 17 3
1251 18 39
1251 19 14
1251 20 0
1251 21 2
1251 22 163
1251 23 74
1251 24 179
1251 25 40
1251 26 36
1251 27 0
1251 28 104
1251 29 2
1251 30 0
1251 31 14
1251 32 1
1251 33 2
1251 34 58
1251 35 3
1251 36 93
1251 37 24
1251 38 0
1251 39 24
1251 40 16
1251 41 0
1251 42 15
1251 43 16
1251 44 24
1251 45 3
1251 46 2
1251 47 36
1251 48 9
1251 49 1
1251 50 46
1251 51 1
1251 52 4
1251 53 3
1251 54 234
1251 55 3
1251 56 0
1251 57 20
1251 58 170
1251 59 77
1251 60 36
1251 61 18
1251 62 57
1251 63 0
1251 64 18
1251 65 0
1251 66 1
1251 67 15
1251 68 12
1251 69 0
1251 70 1
1251 71 32
1251 72 1
1251 73 1
1251 74 2
1251 75 0
1251 76 3
1251 77 169
1251 78 0
1251 79 7
1251 80 48
1251 81 16
1251 82 0
1251 83 20
1251 84 0
1251 85 1
1251 86 1
1251 87 1
1251 88 1
1251 89 7
1251 90 9
1251 91 9
1251 92 1
1251 93 3
1251 94 10
1251 95 61
1276 1 18
1276 2 1
1276 3 0
1276 4 21
1276 5 1
1276 6 11
1276 7 0
1276 8 2
1276 9 288
1276 10 4
1276 11 0
1276 12 1
1276 13 9
1276 14 2
1276 15 0
1276 16 3
1276 17 2
1276 18 27
1276 19 2
1276 20 3
1276 21 6
1276 22 153
1276 23 87
1276 24 174
1276 25 25
1276 26 54
1276 27 2
1276 28 98
1276 29 0
1276 30 4
1276 31 27
1276 32 3
1276 33 0
1276 34 50
1276 35 1
1276 36 70
1276 37 20
1276 38 2
1276 39 20
1276 40 62
1276 41 15
1276 42 14
1276 43 16
1276 44 24
1276 45 1
1276 46 1
1276 47 54
1276 48 13
1276 49 1
1276 50 32
1276 51 0
1276 52 2
1276 53 0
1276 54 229
1276 55 2
1276 56 0
1276 57 43
1276 58 175
1276 59 82
1276 60 54
1276 61 34
1276 62 49
1276 63 1
1276 64 12
1276 65 13
1276 66 1
1276 67 15
1276 68 5
1276 69 3
1276 70 2
1276 71 29
1276 72 0
1276 73 1
1276 74 0
1276 75 2
1276 76 1
1276 77 155
1276 78 5
1276 79 2
1276 80 53
1276 81 16
1276 82 1
1276 83 14
1276 84 3
1276 85 7
1276 86 5
1276 87 0
1276 88 1
1276 89 0
1276 90 0
1276 91 3
1276 92 1
1276 93 1
1276 94 13
1276 95 62
1301 1 0
1301 2 0
1301 3 5
1301 4 30
1301 5 2
1301 6 28
1301 7 3
1301 8 2
1301 9 291
1301 10 0
1301 11 0
1301 12 1
1301 13 2
1301 14 3
1301 15 2
1301 16 3
1301 17 1
1301 18 13
1301 19 6
1301 20 0
1301 21 36
1301 22 118
1301 23 101
1301 24 146
1301 25 9
1301 26 34
1301 27 0
1301 28 101
1301 29 1
1301 30 2
1301 31 20
1301 32 1
1301 33 1
1301 34 38
1301 35 6
1301 36 53
1301 37 21
1301 38 3
1301 39 1
1301 40 73
1301 41 0
1301 42 13
1301 43 1
1301 44 22
1301 45 0
1301 46 7
1301 47 30
1301 48 14
1301 49 2
1301 50 28
1301 51 1
1301 52 0
1301 53 2
1301 54 242
1301 55 2
1301 56 2
1301 57 49
1301 58 208
1301 59 69
1301 60 72
1301 61 51
1301 62 59
1301 63 5
1301 64 33
1301 65 3
1301 66 3
1301 67 2
1301 68 0
1301 69 0
1301 70 1
1301 71 50
1301 72 2
1301 73 4
1301 74 1
1301 75 1
1301 76 2
1301 77 134
1301 78 3
1301 79 0
1301 80 45
1301 81 32
1301 82 0
1301 83 14
1301 84 0
1301 85 1
1301 86 2
1301 87 0
1301 88 0
1301 89 0
1301 90 1
1301 91 2
1301 92 0
1301 93 3
1301 94 7
1301 95 53
1326 1 2
1326 2 1
1326 3 2
1326 4 20
1326 5 0
1326 6 30
1326 7 0
1326 8 13
1326 9 272
1326 10 0
1326 11 1
1326 12 1
1326 13 11
1326 14 1
1326 15 0
1326 16 4
1326 17 1
1326 18 16
1326 19 12
1326 20 1
1326 21 32
1326 22 111
1326 23 107
1326 24 129
1326 25 23
1326 26 56
1326 27 1
1326 28 135
1326 29 1
1326 30 0
1326 31 22
1326 32 4
1326 33 0
1326 34 41
1326 35 3
1326 36 75
1326 37 20
1326 38 0
1326 39 3
1326 40 51
1326 41 0
1326 42 3
1326 43 1
1326 44 2
1326 45 0
1326 46 2
1326 47 34
1326 48 3
1326 49 0
1326 50 30
1326 51 22
1326 52 1
1326 53 0
1326 54 282
1326 55 1
1326 56 0
1326 57 37
1326 58 205
1326 59 84
1326 60 59
1326 61 86
1326 62 55
1326 63 0
1326 64 29
1326 65 4
1326 66 1
1326 67 15
1326 68 1
1326 69 1
1326 70 3
1326 71 44
1326 72 2
1326 73 0
1326 74 0
1326 75 8
1326 76 1
1326 77 104
1326 78 1
1326 79 3
1326 80 45
1326 81 34
1326 82 0
1326 83 5
1326 84 4
1326 85 2
1326 86 8
1326 87 7
1326 88 0
1326 89 5
1326 90 18
1326 91 5
1326 92 1
1326 93 2
1326 94 6
1326 95 67
1351 1 0
1351 2 2
1351 3 1
1351 4 13
1351 5 2
1351 6 60
1351 7 3
1351 8 28
1351 9 244
1351 10 1
1351 11 1
1351 12 0
1351 13 15
1351 14 0
1351 15 1
1351 16 1
1351 17 0
1351 18 13
1351 19 6
1351 20 0
1351 21 27
1351 22 109
1351 23 115
1351 24 128
1351 25 30
1351 26 30
1351 27 3
1351 28 157
1351 29 0
1351 30 3
1351 31 18
1351 32 13
1351 33 0
1351 34 34
1351 35 1
1351 36 50
1351 37 36
1351 38 1
1351 39 18
1351 40 39
1351 41 0
1351 42 5
1351 43 3
1351 44 10
1351 45 0
1351 46 0
1351 47 20
1351 48 0
1351 49 0
1351 50 24
1351 51 11
1351 52 0
1351 53 1
1351 54 268
1351 55 3
1351 56 0
1351 57 19
1351 58 218
1351 59 95
1351 60 63
1351 61 83
1351 62 44
1351 63 0
1351 64 23
1351 65 4
1351 66 2
1351 67 4
1351 68 5
1351 69 1
1351 70 4
1351 71 45
1351 72 5
1351 73 0
1351 74 2
1351 75 12
1351 76 0
1351 77 117
1351 78 0
1351 79 1
1351 80 47
1351 81 14
1351 82 3
1351 83 1
1351 84 0
1351 85 1
1351 86 27
1351 87 9
1351 88 2
1351 89 2
1351 90 9
1351 91 2
1351 92 0
1351 93 1
1351 94 1
1351 95 78
1376 1 3
1376 2 0
1376 3 9
1376 4 9
1376 5 0
1376 6 50
1376 7 0
1376 8 11
1376 9 279
1376 10 2
1376 11 1
1376 12 0
1376 13 8
1376 14 3
1376 15 0
1376 16 0
1376 17 2
1376 18 12
1376 19 14
1376 20 1
1376 21 39
1376 22 127
1376 23 151
1376 24 132
1376 25 30
1376 26 48
1376 27 1
1376 28 144
1376 29 2
1376 30 0
1376 31 35
1376 32 10
1376 33 1
1376 34 18
1376 35 1
1376 36 127
1376 37 6
1376 38 1
1376 39 23
1376 40 30
1376 41 1
1376 42 8
1376 43 0
1376 44 31
1376 45 0
1376 46 0
1376 47 8
1376 48 3
1376 49 0
1376 50 16
1376 51 1
1376 52 0
1376 53 1
1376 54 229
1376 55 1
1376 56 1
1376 57 1
1376 58 253
1376 59 110
1376 60 52
1376 61 96
1376 62 23
1376 63 2
1376 64 18
1376 65 1
1376 66 11
1376 67 0
1376 68 0
1376 69 0
1376 70 3
1376 71 26
1376 72 1
1376 73 0
1376 74 2
1376 75 23
1376 76 0
1376 77 140
1376 78 1
1376 79 2
1376 80 33
1376 81 1
1376 82 3
1376 83 1
1376 84 3
1376 85 3
1376 86 27
1376 87 10
1376 88 1
1376 89 1
1376 90 0
1376 91 8
1376 92 1
1376 93 1
1376 94 1
1376 95 66
1401 1 2
1401 2 1
1401 3 5
1401 4 3
1401 5 0
1401 6 23
1401 7 0
1401 8 16
1401 9 220
1401 10 0
1401 11 0
1401 12 9
1401 13 9
1401 14 6
1401 15 0
1401 16 0
1401 17 1
1401 18 5
1401 19 2
1401 20 2
1401 21 19
1401 22 120
1401 23 198
1401 24 151
1401 25 23
1401 26 64
1401 27 1
1401 28 113
1401 29 2
1401 30 2
1401 31 10
1401 32 10
1401 33 2
1401 34 21
1401 35 1
1401 36 160
1401 37 3
1401 38 0
1401 39 22
1401 40 50
1401 41 2
1401 42 24
1401 43 0
1401 44 30
1401 45 0
1401 46 2
1401 47 1
1401 48 10
1401 49 5
1401 50 43
1401 51 3
1401 52 2
1401 53 0
1401 54 201
1401 55 1
1401 56 0
1401 57 1
1401 58 246
1401 59 134
1401 60 69
1401 61 64
1401 62 58
1401 63 1
1401 64 36
1401 65 3
1401 66 6
1401 67 0
1401 68 1
1401 69 2
1401 70 3
1401 71 24
1401 72 4
1401 73 1
1401 74 1
1401 75 18
1401 76 5
1401 77 130
1401 78 1
1401 79 12
1401 80 23
1401 81 7
1401 82 1
1401 83 1
1401 84 1
1401 85 2
1401 86 1
1401 87 5
1401 88 0
1401 89 0
1401 90 0
1401 91 16
1401 92 1
1401 93 1
1401 94 0
1401 95 34
1426 1 1
1426 2 2
1426 3 6
1426 4 18
1426 5 1
1426 6 3
1426 7 3
1426 8 32
1426 9 275
1426 10 2
1426 11 0
1426 12 0
1426 13 0
1426 14 3
1426 15 2
1426 16 1
1426 17 0
1426 18 6
1426 19 2
1426 20 1
1426 21 9
1426 22 102
1426 23 135
1426 24 90
1426 25 53
1426 26 55
1426 27 0
1426 28 73
1426 29 0
1426 30 0
1426 31 19
1426 32 15
1426 33 2
1426 34 24
1426 35 5
1426 36 152
1426 37 25
1426 38 1
1426 39 34
1426 40 58
1426 41 0
1426 42 15
1426 43 5
1426 44 25
1426 45 1
1426 46 3
1426 47 3
1426 48 14
1426 49 1
1426 50 47
1426 51 11
1426 52 1
1426 53 1
1426 54 163
1426 55 2
1426 56 1
1426 57 13
1426 58 247
1426 59 133
1426 60 62
1426 61 70
1426 62 97
1426 63 0
1426 64 38
1426 65 0
1426 66 2
1426 67 0
1426 68 3
1426 69 3
1426 70 0
1426 71 45
1426 72 0
1426 73 1
1426 74 3
1426 75 14
1426 76 14
1426 77 165
1426 78 1
1426 79 2
1426 80 27
1426 81 5
1426 82 0
1426 83 19
1426 84 2
1426 85 0
1426 86 14
1426 87 2
1426 88 0
1426 89 4
1426 90 2
1426 91 22
1426 92 1
1426 93 1
1426 94 0
1426 95 27
1451 1 6
1451 2 17
1451 3 3
1451 4 8
1451 5 1
1451 6 22
1451 7 1
1451 8 15
1451 9 318
1451 10 0
1451 11 1
1451 12 2
1451 13 9
1451 14 1
1451 15 2
1451 16 5
1451 17 0
1451 18 10
1451 19 1
1451 20 1
1451 21 18
1451 22 105
1451 23 111
1451 24 95
1451 25 63
1451 26 43
1451 27 6
1451 28 71
1451 29 0
1451 30 11
1451 31 8
1451 32 1
1451 33 2
1451 34 27
1451 35 2
1451 36 100
1451 37 2
1451 38 1
1451 39 10
1451 40 47
1451 41 2
1451 42 21
1451 43 1
1451 44 18
1451 45 0
1451 46 2
1451 47 14
1451 48 16
1451 49 0
1451 50 16
1451 51 18
1451 52 1
1451 53 0
1451 54 163
1451 55 0
1451 56 0
1451 57 8
1451 58 178
1451 59 146
1451 60 99
1451 61 45
1451 62 84
1451 63 1
1451 64 14
1451 65 0
1451 66 0
1451 67 0
1451 68 20
1451 69 3
1451 70 3
1451 71 51
1451 72 4
1451 73 1
1451 74 1
1451 75 24
1451 76 0
1451 77 143
1451 78 2
1451 79 1
1451 80 51
1451 81 15
1451 82 0
1451 83 41
1451 84 0
1451 85 0
1451 86 50
1451 87 1
1451 88 1
1451 89 0
1451 90 9
1451 91 13
1451 92 2
1451 93 5
1451 94 2
1451 95 48
1476 1 13
1476 2 13
1476 3 4
1476 4 4
1476 5 5
1476 6 27
1476 7 7
1476 8 8
1476 9 266
1476 10 0
1476 11 0
1476 12 2
1476 13 5
1476 14 0
1476 15 1
1476 16 1
1476 17 0
1476 18 0
1476 19 1
1476 20 0
1476 21 39
1476 22 85
1476 23 141
1476 24 102
1476 25 43
1476 26 72
1476 27 0
1476 28 69
1476 29 2
1476 30 7
1476 31 38
1476 32 0
1476 33 0
1476 34 50
1476 35 4
1476 36 95
1476 37 2
1476 38 0
1476 39 1
1476 40 62
1476 41 0
1476 42 33
1476 43 0
1476 44 53
1476 45 1
1476 46 2
1476 47 18
1476 48 16
1476 49 1
1476 50 0
1476 51 20
1476 52 1
1476 53 0
1476 54 170
1476 55 1
1476 56 1
1476 57 22
1476 58 152
1476 59 116
1476 60 102
1476 61 60
1476 62 82
1476 63 2
1476 64 8
1476 65 0
1476 66 0
1476 67 11
1476 68 20
1476 69 0
1476 70 0
1476 71 27
1476 72 3
1476 73 5
1476 74 0
1476 75 17
1476 76 5
1476 77 171
1476 78 1
1476 79 8
1476 80 33
1476 81 8
1476 82 2
1476 83 47
1476 84 0
1476 85 1
1476 86 41
1476 87 0
1476 88 1
1476 89 1
1476 90 5
1476 91 14
1476 92 4
1476 93 12
1476 94 5
1476 95 67
1501 1 16
1501 2 11
1501 3 2
1501 4 2
1501 5 4
1501 6 22
1501 7 5
1501 8 12
1501 9 306
1501 10 1
1501 11 4
1501 12 15
1501 13 2
1501 14 5
1501 15 0
1501 16 2
1501 17 1
1501 18 16
1501 19 8
1501 20 0
1501 21 33
1501 22 83
1501 23 123
1501 24 81
1501 25 36
1501 26 50
1501 27 1
1501 28 29
1501 29 1
1501 30 0
1501 31 32
1501 32 0
1501 33 1
1501 34 57
1501 35 3
1501 36 119
1501 37 4
1501 38 0
1501 39 17
1501 40 74
1501 41 0
1501 42 34
1501 43 0
1501 44 44
1501 45 5
1501 46 0
1501 47 32
1501 48 5
1501 49 4
1501 50 34
1501 51 20
1501 52 1
1501 53 0
1501 54 129
1501 55 2
1501 56 2
1501 57 29
1501 58 114
1501 59 91
1501 60 86
1501 61 76
1501 62 112
1501 63 1
1501 64 43
1501 65 1
1501 66 0
1501 67 5
1501 68 20
1501 69 3
1501 70 3
1501 71 27
1501 72 7
1501 73 0
1501 74 0
1501 75 25
1501 76 16
1501 77 117
1501 78 2
1501 79 3
1501 80 22
1501 81 16
1501 82 3
1501 83 47
1501 84 1
1501 85 2
1501 86 51
1501 87 6
1501 88 2
1501 89 1
1501 90 6
1501 91 1
1501 92 3
1501 93 9
1501 94 20
1501 95 57
1526 1 13
1526 2 0
1526 3 4
1526 4 3
1526 5 1
1526 6 37
1526 7 3
1526 8 20
1526 9 268
1526 10 1
1526 11 1
1526 12 1
1526 13 1
1526 14 13
1526 15 1
1526 16 7
1526 17 1
1526 18 24
1526 19 13
1526 20 1
1526 21 22
1526 22 93
1526 23 101
1526 24 88
1526 25 48
1526 26 19
1526 27 1
1526 28 42
1526 29 1
1526 30 2
1526 31 17
1526 32 1
1526 33 1
1526 34 14
1526 35 4
1526 36 138
1526 37 19
1526 38 1
1526 39 31
1526 40 83
1526 41 1
1526 42 20
1526 43 15
1526 44 41
1526 45 1
1526 46 0
1526 47 37
1526 48 2
1526 49 1
1526 50 32
1526 51 38
1526 52 2
1526 53 0
1526 54 168
1526 55 0
1526 56 0
1526 57 32
1526 58 124
1526 59 123
1526 60 90
1526 61 87
1526 62 88
1526 63 1
1526 64 56
1526 65 2
1526 66 1
1526 67 17
1526 68 28
1526 69 0
1526 70 0
1526 71 20
1526 72 2
1526 73 3
1526 74 2
1526 75 31
1526 76 4
1526 77 116
1526 78 0
1526 79 2
1526 80 27
1526 81 14
1526 82 1
1526 83 33
1526 84 2
1526 85 2
1526 86 61
1526 87 1
1526 88 1
1526 89 3
1526 90 3
1526 91 3
1526 92 1
1526 93 2
1526 94 14
1526 95 49
1551 1 12
1551 2 1
1551 3 2
1551 4 1
1551 5 0
1551 6 51
1551 7 4
1551 8 0
1551 9 263
1551 10 0
1551 11 1
1551 12 0
1551 13 0
1551 14 11
1551 15 0
1551 16 4
1551 17 0
1551 18 43
1551 19 23
1551 20 1
1551 21 40
1551 22 93
1551 23 152
1551 24 116
1551 25 25
1551 26 30
1551 27 0
1551 28 51
1551 29 0
1551 30 0
1551 31 18
1551 32 1
1551 33 2
1551 34 6
1551 35 0
1551 36 144
1551 37 18
1551 38 3
1551 39 21
1551 40 84
1551 41 1
1551 42 43
1551 43 19
1551 44 14
1551 45 0
1551 46 2
1551 47 37
1551 48 2
1551 49 7
1551 50 20
1551 51 8
1551 52 1
1551 53 1
1551 54 170
1551 55 6
1551 56 2
1551 57 17
1551 58 124
1551 59 98
1551 60 81
1551 61 62
1551 62 78
1551 63 2
1551 64 58
1551 65 2
1551 66 5
1551 67 16
1551 68 26
1551 69 9
1551 70 1
1551 71 22
1551 72 2
1551 73 1
1551 74 3
1551 75 9
1551 76 8
1551 77 71
1551 78 0
1551 79 6
1551 80 36
1551 81 1
1551 82 0
1551 83 33
1551 84 1
1551 85 0
1551 86 58
1551 87 2
1551 88 0
1551 89 3
1551 90 0
1551 91 11
1551 92 3
1551 93 1
1551 94 8
1551 95 29
1576 1 4
1576 2 0
1576 3 0
1576 4 0
1576 5 11
1576 6 65
1576 7 1
1576 8 8
1576 9 305
1576 10 0
1576 11 5
1576 12 1
1576 13 0
1576 14 8
1576 15 2
1576 16 3
1576 17 2
1576 18 47
1576 19 19
1576 20 3
1576 21 50
1576 22 174
1576 23 119
1576 24 95
1576 25 11
1576 26 19
1576 27 11
1576 28 64
1576 29 0
1576 30 1
1576 31 5
1576 32 4
1576 33 0
1576 34 3
1576 35 1
1576 36 131
1576 37 21
1576 38 2
1576 39 20
1576 40 99
1576 41 1
1576 42 17
1576 43 12
1576 44 12
1576 45 1
1576 46 5
1576 47 42
1576 48 2
1576 49 0
1576 50 12
1576 51 10
1576 52 2
1576 53 0
1576 54 193
1576 55 2
1576 56 0
1576 57 30
1576 58 129
1576 59 62
1576 60 56
1576 61 78
1576 62 64
1576 63 0
1576 64 54
1576 65 7
1576 66 2
1576 67 29
1576 68 20
1576 69 1
1576 70 15
1576 71 14
1576 72 14
1576 73 0
1576 74 4
1576 75 6
1576 76 2
1576 77 91
1576 78 3
1576 79 1
1576 80 35
1576 81 7
1576 82 2
1576 83 40
1576 84 3
1576 85 1
1576 86 51
1576 87 2
1576 88 0
1576 89 3
1576 90 4
1576 91 10
1576 92 2
1576 93 1
1576 94 0
1576 95 53
1601 1 0
1601 2 0
1601 3 1
1601 4 1
1601 5 12
1601 6 36
1601 7 1
1601 8 7
1601 9 316
1601 10 1
1601 11 2
1601 12 1
1601 13 0
1601 14 0
1601 15 2
1601 16 3
1601 17 0
1601 18 28
1601 19 8
1601 20 0
1601 21 59
1601 22 142
1601 23 113
1601 24 119
1601 25 12
1601 26 56
1601 27 8
1601 28 58
1601 29 2
1601 30 2
1601 31 16
1601 32 2
1601 33 1
1601 34 6
1601 35 1
1601 36 161
1601 37 13
1601 38 3
1601 39 30
1601 40 98
1601 41 1
1601 42 35
1601 43 12
1601 44 0
1601 45 2
1601 46 5
1601 47 60
1601 48 2
1601 49 0
1601 50 6
1601 51 22
1601 52 1
1601 53 0
1601 54 176
1601 55 1
1601 56 2
1601 57 55
1601 58 128
1601 59 64
1601 60 47
1601 61 113
1601 62 86
1601 63 1
1601 64 39
1601 65 2
1601 66 0
1601 67 24
1601 68 12
1601 69 2
1601 70 27
1601 71 10
1601 72 2
1601 73 2
1601 74 3
1601 75 3
1601 76 0
1601 77 54
1601 78 0
1601 79 4
1601 80 25
1601 81 0
1601 82 2
1601 83 33
1601 84 0
1601 85 4
1601 86 63
1601 87 0
1601 88 1
1601 89 1
1601 90 3
1601 91 14
1601 92 2
1601 93 3
1601 94 2
1601 95 57
1626 1 1
1626 2 1
1626 3 1
1626 4 11
1626 5 12
1626 6 21
1626 7 0
1626 8 0
1626 9 309
1626 10 0
1626 11 0
1626 12 1
1626 13 10
1626 14 0
1626 15 0
1626 16 0
1626 17 0
1626 18 16
1626 19 1
1626 20 1
1626 21 45
1626 22 220
1626 23 97
1626 24 109
1626 25 20
1626 26 99
1626 27 0
1626 28 60
1626 29 4
1626 30 1
1626 31 9
1626 32 17
1626 33 0
1626 34 1
1626 35 0
1626 36 157
1626 37 21
1626 38 0
1626 39 33
1626 40 80
1626 41 1
1626 42 19
1626 43 4
1626 44 17
1626 45 0
1626 46 5
1626 47 55
1626 48 19
1626 49 0
1626 50 0
1626 51 29
1626 52 0
1626 53 1
1626 54 192
1626 55 0
1626 56 2
1626 57 37
1626 58 151
1626 59 50
1626 60 61
1626 61 78
1626 62 83
1626 63 1
1626 64 31
1626 65 1
1626 66 0
1626 67 35
1626 68 12
1626 69 6
1626 70 4
1626 71 1
1626 72 1
1626 73 1
1626 74 4
1626 75 1
1626 76 1
1626 77 83
1626 78 0
1626 79 2
1626 80 24
1626 81 1
1626 82 0
1626 83 8
1626 84 2
1626 85 2
1626 86 44
1626 87 3
1626 88 2
1626 89 10
1626 90 1
1626 91 0
1626 92 1
1626 93 5
1626 94 0
1626 95 32
1651 1 6
1651 2 0
1651 3 1
1651 4 10
1651 5 14
1651 6 16
1651 7 1
1651 8 1
1651 9 298
1651 10 0
1651 11 1
1651 12 0
1651 13 20
1651 14 0
1651 15 1
1651 16 1
1651 17 0
1651 18 23
1651 19 4
1651 20 2
1651 21 59
1651 22 212
1651 23 98
1651 24 111
1651 25 29
1651 26 109
1651 27 22
1651 28 45
1651 29 1
1651 30 0
1651 31 3
1651 32 1
1651 33 9
1651 34 2
1651 35 0
1651 36 166
1651 37 12
1651 38 1
1651 39 31
1651 40 55
1651 41 3
1651 42 19
1651 43 0
1651 44 28
1651 45 0
1651 46 2
1651 47 22
1651 48 15
1651 49 1
1651 50 1
1651 51 15
1651 52 1
1651 53 1
1651 54 171
1651 55 2
1651 56 2
1651 57 41
1651 58 188
1651 59 53
1651 60 45
1651 61 73
1651 62 63
1651 63 2
1651 64 40
1651 65 2
1651 66 0
1651 67 42
1651 68 4
1651 69 0
1651 70 7
1651 71 7
1651 72 2
1651 73 0
1651 74 0
1651 75 1
1651 76 2
1651 77 96
1651 78 2
1651 79 0
1651 80 30
1651 81 5
1651 82 3
1651 83 38
1651 84 0
1651 85 7
1651 86 17
1651 87 1
1651 88 5
1651 89 0
1651 90 0
1651 91 11
1651 92 2
1651 93 0
1651 94 1
1651 95 49
1676 1 12
1676 2 0
1676 3 9
1676 4 4
1676 5 0
1676 6 8
1676 7 1
1676 8 7
1676 9 304
1676 10 5
1676 11 2
1676 12 1
1676 13 4
1676 14 4
1676 15 2
1676 16 0
1676 17 3
1676 18 17
1676 19 0
1676 20 1
1676 21 89
1676 22 237
1676 23 123
1676 24 170
1676 25 15
1676 26 47
1676 27 0
1676 28 55
1676 29 1
1676 30 1
1676 31 0
1676 32 2
1676 33 8
1676 34 23
1676 35 4
1676 36 157
1676 37 27
1676 38 0
1676 39 21
1676 40 35
1676 41 6
1676 42 37
1676 43 0
1676 44 3
1676 45 3
1676 46 0
1676 47 18
1676 48 7
1676 49 0
1676 50 18
1676 51 24
1676 52 1
1676 53 0
1676 54 165
1676 55 3
1676 56 0
1676 57 28
1676 58 184
1676 59 103
1676 60 57
1676 61 93
1676 62 63
1676 63 2
1676 64 62
1676 65 1
1676 66 2
1676 67 23
1676 68 0
1676 69 0
1676 70 15
1676 71 13
1676 72 2
1676 73 0
1676 74 0
1676 75 2
1676 76 18
1676 77 98
1676 78 2
1676 79 0
1676 80 23
1676 81 1
1676 82 0
1676 83 33
1676 84 2
1676 85 1
1676 86 10
1676 87 1
1676 88 3
1676 89 2
1676 90 0
1676 91 0
1676 92 0
1676 93 1
1676 94 1
1676 95 59
1701 1 13
1701 2 2
1701 3 0
1701 4 0
1701 5 3
1701 6 0
1701 7 0
1701 8 11
1701 9 316
1701 10 1
1701 11 1
1701 12 10
1701 13 7
1701 14 5
1701 15 4
1701 16 20
1701 17 3
1701 18 37
1701 19 2
1701 20 0
1701 21 103
1701 22 201
1701 23 152
1701 24 184
1701 25 6
1701 26 21
1701 27 0
1701 28 60
1701 29 1
1701 30 0
1701 31 1
1701 32 14
1701 33 5
1701 34 3
1701 35 1
1701 36 112
1701 37 8
1701 38 2
1701 39 33
1701 40 45
1701 41 0
1701 42 27
1701 43 0
1701 44 5
1701 45 0
1701 46 3
1701 47 1
1701 48 1
1701 49 1
1701 50 3
1701 51 16
1701 52 2
1701 53 3
1701 54 159
1701 55 5
1701 56 0
1701 57 26
1701 58 159
1701 59 114
1701 60 69
1701 61 78
1701 62 93
1701 63 1
1701 64 50
1701 65 1
1701 66 5
1701 67 18
1701 68 5
1701 69 2
1701 70 20
1701 71 12
1701 72 0
1701 73 2
1701 74 0
1701 75 5
1701 76 5
1701 77 122
1701 78 1
1701 79 4
1701 80 13
1701 81 7
1701 82 3
1701 83 24
1701 84 0
1701 85 1
1701 86 16
1701 87 1
1701 88 0
1701 89 0
1701 90 0
1701 91 4
1701 92 1
1701 93 0
1701 94 1
1701 95 39
1726 1 24
1726 2 2
1726 3 1
1726 4 0
1726 5 1
1726 6 0
1726 7 1
1726 8 12
1726 9 375
1726 10 0
1726 11 1
1726 12 2
1726 13 1
1726 14 0
1726 15 3
1726 16 14
1726 17 0
1726 18 40
1726 19 1
1726 20 3
1726 21 90
1726 22 223
1726 23 99
1726 24 181
1726 25 17
1726 26 20
1726 27 1
1726 28 64
1726 29 0
1726 30 0
1726 31 2
1726 32 4
1726 33 0
1726 34 11
1726 35 0
1726 36 102
1726 37 20
1726 38 1
1726 39 34
1726 40 42
1726 41 1
1726 42 37
1726 43 0
1726 44 1
1726 45 1
1726 46 2
1726 47 0
1726 48 2
1726 49 1
1726 50 1
1726 51 10
1726 52 1
1726 53 1
1726 54 156
1726 55 0
1726 56 0
1726 57 32
1726 58 174
1726 59 95
1726 60 71
1726 61 59
1726 62 93
1726 63 4
1726 64 46
1726 65 2
1726 66 2
1726 67 21
1726 68 5
1726 69 2
1726 70 13
1726 71 33
1726 72 0
1726 73 1
1726 74 0
1726 75 8
1726 76 0
1726 77 105
1726 78 1
1726 79 9
1726 80 18
1726 81 7
1726 82 0
1726 83 31
1726 84 1
1726 85 2
1726 86 15
1726 87 0
1726 88 2
1726 89 3
1726 90 5
1726 91 0
1726 92 1
1726 93 0
1726 94 1
1726 95 39
1751 1 23
1751 2 3
1751 3 1
1751 4 0
1751 5 5
1751 6 0
1751 7 7
1751 8 2
1751 9 394
1751 10 1
1751 11 1
1751 12 1
1751 13 0
1751 14 2
1751 15 0
1751 16 17
1751 17 1
1751 18 20
1751 19 1
1751 20 4
1751 21 89
1751 22 251
1751 23 77
1751 24 152
1751 25 33
1751 26 21
1751 27 0
1751 28 67
1751 29 1
1751 30 0
1751 31 6
1751 32 1
1751 33 2
1751 34 25
1751 35 1
1751 36 125
1751 37 19
1751 38 2
1751 39 26
1751 40 62
1751 41 3
1751 42 29
1751 43 6
1751 44 8
1751 45 1
1751 46 0
1751 47 3
1751 48 3
1751 49 4
1751 50 1
1751 51 2
1751 52 1
1751 53 0
1751 54 168
1751 55 0
1751 56 0
1751 57 51
1751 58 189
1751 59 112
1751 60 57
1751 61 51
1751 62 93
1751 63 5
1751 64 57
1751 65 3
1751 66 2
1751 67 20
1751 68 1
1751 69 1
1751 70 1
1751 71 17
1751 72 0
1751 73 2
1751 74 0
1751 75 13
1751 76 0
1751 77 78
1751 78 1
1751 79 1
1751 80 33
1751 81 1
1751 82 0
1751 83 18
1751 84 1
1751 85 2
1751 86 10
1751 87 1
1751 88 2
1751 89 2
1751 90 2
1751 91 1
1751 92 0
1751 93 0
1751 94 9
1751 95 42
1776 1 7
1776 2 0
1776 3 3
1776 4 1
1776 5 1
1776 6 0
1776 7 2
1776 8 9
1776 9 333
1776 10 0
1776 11 1
1776 12 1
1776 13 1
1776 14 2
1776 15 0
1776 16 15
1776 17 1
1776 18 9
1776 19 1
1776 20 4
1776 21 76
1776 22 216
1776 23 70
1776 24 169
1776 25 12
1776 26 35
1776 27 0
1776 28 43
1776 29 3
1776 30 0
1776 31 7
1776 32 0
1776 33 6
1776 34 42
1776 35 1
1776 36 133
1776 37 16
1776 38 1
1776 39 17
1776 40 66
1776 41 1
1776 42 15
1776 43 10
1776 44 16
1776 45 1
1776 46 1
1776 47 8
1776 48 14
1776 49 0
1776 50 1
1776 51 8
1776 52 1
1776 53 1
1776 54 198
1776 55 0
1776 56 0
1776 57 44
1776 58 170
1776 59 108
1776 60 39
1776 61 56
1776 62 82
1776 63 1
1776 64 27
1776 65 0
1776 66 0
1776 67 29
1776 68 8
1776 69 0
1776 70 1
1776 71 34
1776 72 2
1776 73 0
1776 74 0
1776 75 6
1776 76 8
1776 77 79
1776 78 2
1776 79 3
1776 80 38
1776 81 3
1776 82 0
1776 83 9
1776 84 1
1776 85 0
1776 86 17
1776 87 0
1776 88 2
1776 89 8
1776 90 0
1776 91 1
1776 92 1
1776 93 0
1776 94 8
1776 95 81
1801 1 13
1801 2 3
1801 3 4
1801 4 0
1801 5 2
1801 6 19
1801 7 0
1801 8 11
1801 9 356
1801 10 3
1801 11 2
1801 12 6
1801 13 3
1801 14 3
1801 15 0
1801 16 0
1801 17 0
1801 18 18
1801 19 22
1801 20 1
1801 21 45
1801 22 222
1801 23 59
1801 24 157
1801 25 10
1801 26 21
1801 27 0
1801 28 54
1801 29 1
1801 30 0
1801 31 5
1801 32 5
1801 33 1
1801 34 60
1801 35 3
1801 36 135
1801 37 24
1801 38 0
1801 39 37
1801 40 36
1801 41 2
1801 42 21
1801 43 6
1801 44 19
1801 45 1
1801 46 1
1801 47 8
1801 48 1
1801 49 1
1801 50 1
1801 51 5
1801 52 0
1801 53 1
1801 54 218
1801 55 4
1801 56 0
1801 57 30
1801 58 164
1801 59 99
1801 60 27
1801 61 78
1801 62 64
1801 63 1
1801 64 37
1801 65 2
1801 66 12
1801 67 59
1801 68 14
1801 69 1
1801 70 1
1801 71 31
1801 72 0
1801 73 0
1801 74 0
1801 75 2
1801 76 5
1801 77 94
1801 78 0
1801 79 1
1801 80 46
1801 81 5
1801 82 2
1801 83 18
1801 84 2
1801 85 2
1801 86 14
1801 87 2
1801 88 1
1801 89 5
1801 90 0
1801 91 15
1801 92 4
1801 93 0
1801 94 6
1801 95 66
1826 1 8
1826 2 0
1826 3 0
1826 4 2
1826 5 1
1826 6 20
1826 7 1
1826 8 13
1826 9 307
1826 10 5
1826 11 2
1826 12 3
1826 13 0
1826 14 1
1826 15 0
1826 16 2
1826 17 0
1826 18 1
1826 19 27
1826 20 0
1826 21 37
1826 22 213
1826 23 62
1826 24 124
1826 25 22
1826 26 12
1826 27 0
1826 28 56
1826 29 0
1826 30 1
1826 31 25
1826 32 1
1826 33 1
1826 34 39
1826 35 5
1826 36 188
1826 37 5
1826 38 2
1826 39 32
1826 40 32
1826 41 0
1826 42 8
1826 43 8
1826 44 1
1826 45 0
1826 46 0
1826 47 2
1826 48 1
1826 49 14
1826 50 2
1826 51 56
1826 52 4
1826 53 1
1826 54 163
1826 55 2
1826 56 0
1826 57 38
1826 58 189
1826 59 60
1826 60 28
1826 61 83
1826 62 74
1826 63 6
1826 64 38
1826 65 0
1826 66 1
1826 67 46
1826 68 18
1826 69 1
1826 70 3
1826 71 27
1826 72 8
1826 73 5
1826 74 0
1826 75 27
1826 76 0
1826 77 106
1826 78 5
1826 79 1
1826 80 39
1826 81 0
1826 82 0
1826 83 13
1826 84 1
1826 85 0
1826 86 60
1826 87 3
1826 88 2
1826 89 3
1826 90 2
1826 91 16
1826 92 1
1826 93 2
1826 94 33
1826 95 67
1851 1 5
1851 2 1
1851 3 4
1851 4 21
1851 5 1
1851 6 44
1851 7 9
1851 8 9
1851 9 297
1851 10 1
1851 11 0
1851 12 2
1851 13 5
1851 14 1
1851 15 0
1851 16 2
1851 17 1
1851 18 2
1851 19 9
1851 20 0
1851 21 53
1851 22 240
1851 23 63
1851 24 147
1851 25 22
1851 26 15
1851 27 0
1851 28 49
1851 29 0
1851 30 1
1851 31 3
1851 32 5
1851 33 0
1851 34 19
1851 35 0
1851 36 205
1851 37 7
1851 38 1
1851 39 27
1851 40 38
1851 41 0
1851 42 6
1851 43 13
1851 44 21
1851 45 4
1851 46 0
1851 47 13
1851 48 0
1851 49 19
1851 50 12
1851 51 1
1851 52 0
1851 53 2
1851 54 215
1851 55 0
1851 56 0
1851 57 85
1851 58 160
1851 59 79
1851 60 34
1851 61 52
1851 62 81
1851 63 0
1851 64 18
1851 65 1
1851 66 1
1851 67 28
1851 68 30
1851 69 0
1851 70 2
1851 71 12
1851 72 11
1851 73 0
1851 74 1
1851 75 22
1851 76 0
1851 77 98
1851 78 2
1851 79 4
1851 80 22
1851 81 3
1851 82 1
1851 83 11
1851 84 1
1851 85 0
1851 86 51
1851 87 2
1851 88 0
1851 89 1
1851 90 1
1851 91 18
1851 92 3
1851 93 7
1851 94 14
1851 95 64
1876 1 19
1876 2 3
1876 3 10
1876 4 22
1876 5 5
1876 6 23
1876 7 0
1876 8 1
1876 9 276
1876 10 0
1876 11 3
1876 12 0
1876 13 0
1876 14 7
1876 15 4
1876 16 3
1876 17 0
1876 18 7
1876 19 2
1876 20 3
1876 21 50
1876 22 257
1876 23 56
1876 24 136
1876 25 51
1876 26 31
1876 27 2
1876 28 39
1876 29 3
1876 30 3
1876 31 0
1876 32 8
1876 33 2
1876 34 40
1876 35 1
1876 36 140
1876 37 14
1876 38 1
1876 39 30
1876 40 45
1876 41 2
1876 42 9
1876 43 15
1876 44 29
1876 45 3
1876 46 1
1876 47 38
1876 48 1
1876 49 1
1876 50 6
1876 51 15
1876 52 0
1876 53 1
1876 54 180
1876 55 0
1876 56 1
1876 57 73
1876 58 185
1876 59 77
1876 60 33
1876 61 27
1876 62 62
1876 63 2
1876 64 36
1876 65 1
1876 66 3
1876 67 27
1876 68 32
1876 69 4
1876 70 13
1876 71 10
1876 72 1
1876 73 0
1876 74 1
1876 75 26
1876 76 0
1876 77 73
1876 78 2
1876 79 3
1876 80 13
1876 81 6
1876 82 0
1876 83 31
1876 84 3
1876 85 3
1876 86 34
1876 87 2
1876 88 1
1876 89 3
1876 90 1
1876 91 5
1876 92 0
1876 93 0
1876 94 14
1876 95 110
1901 1 24
1901 2 2
1901 3 0
1901 4 21
1901 5 12
1901 6 46
1901 7 0
1901 8 2
1901 9 248
1901 10 3
1901 11 0
1901 12 2
1901 13 1
1901 14 2
1901 15 3
1901 16 4
1901 17 0
1901 18 1
1901 19 2
1901 20 0
1901 21 59
1901 22 299
1901 23 42
1901 24 171
1901 25 49
1901 26 38
1901 27 1
1901 28 32
1901 29 0
1901 30 6
1901 31 4
1901 32 2
1901 33 4
1901 34 33
1901 35 4
1901 36 154
1901 37 1
1901 38 0
1901 39 7
1901 40 13
1901 41 1
1901 42 26
1901 43 16
1901 44 28
1901 45 0
1901 46 0
1901 47 47
1901 48 0
1901 49 0
1901 50 0
1901 51 39
1901 52 0
1901 53 9
1901 54 151
1901 55 2
1901 56 2
1901 57 101
1901 58 136
1901 59 92
1901 60 64
1901 61 30
1901 62 62
1901 63 1
1901 64 40
1901 65 2
1901 66 1
1901 67 18
1901 68 19
1901 69 0
1901 70 1
1901 71 11
1901 72 3
1901 73 0
1901 74 5
1901 75 23
1901 76 2
1901 77 89
1901 78 1
1901 79 0
1901 80 28
1901 81 4
1901 82 1
1901 83 51
1901 84 0
1901 85 1
1901 86 35
1901 87 15
1901 88 2
1901 89 1
1901 90 1
1901 91 12
1901 92 0
1901 93 1
1901 94 0
1901 95 100
1926 1 30
1926 2 0
1926 3 0
1926 4 5
1926 5 2
1926 6 42
1926 7 1
1926 8 4
1926 9 282
1926 10 0
1926 11 1
1926 12 0
1926 13 1
1926 14 2
1926 15 3
1926 16 2
1926 17 5
1926 18 14
1926 19 2
1926 20 1
1926 21 55
1926 22 267
1926 23 29
1926 24 185
1926 25 32
1926 26 35
1926 27 1
1926 28 75
1926 29 3
1926 30 2
1926 31 5
1926 32 3
1926 33 6
1926 34 10
1926 35 2
1926 36 149
1926 37 1
1926 38 0
1926 39 6
1926 40 14
1926 41 1
1926 42 27
1926 43 8
1926 44 20
1926 45 1
1926 46 0
1926 47 34
1926 48 1
1926 49 9
1926 50 1
1926 51 8
1926 52 3
1926 53 0
1926 54 169
1926 55 3
1926 56 1
1926 57 97
1926 58 181
1926 59 75
1926 60 76
1926 61 3
1926 62 50
1926 63 0
1926 64 42
1926 65 1
1926 66 1
1926 67 22
1926 68 19
1926 69 0
1926 70 0
1926 71 14
1926 72 1
1926 73 0
1926 74 1
1926 75 24
1926 76 7
1926 77 86
1926 78 0
1926 79 0
1926 80 45
1926 81 14
1926 82 1
1926 83 77
1926 84 0
1926 85 1
1926 86 45
1926 87 15
1926 88 0
1926 89 2
1926 90 1
1926 91 8
1926 92 11
1926 93 0
1926 94 6
1926 95 113
1951 1 25
1951 2 0
1951 3 0
1951 4 17
1951 5 0
1951 6 36
1951 7 2
1951 8 5
1951 9 286
1951 10 1
1951 11 2
1951 12 2
1951 13 3
1951 14 3
1951 15 1
1951 16 4
1951 17 0
1951 18 34
1951 19 9
1951 20 0
1951 21 22
1951 22 297
1951 23 29
1951 24 194
1951 25 10
1951 26 33
1951 27 1
1951 28 67
1951 29 1
1951 30 0
1951 31 4
1951 32 0
1951 33 8
1951 34 3
1951 35 0
1951 36 106
1951 37 30
1951 38 1
1951 39 10
1951 40 35
1951 41 0
1951 42 17
1951 43 1
1951 44 30
1951 45 1
1951 46 2
1951 47 57
1951 48 3
1951 49 0
1951 50 0
1951 51 0
1951 52 0
1951 53 3
1951 54 137
1951 55 0
1951 56 0
1951 57 77
1951 58 214
1951 59 86
1951 60 53
1951 61 9
1951 62 72
1951 63 2
1951 64 25
1951 65 3
1951 66 3
1951 67 38
1951 68 13
1951 69 1
1951 70 2
1951 71 8
1951 72 2
1951 73 0
1951 74 1
1951 75 13
1951 76 4
1951 77 122
1951 78 3
1951 79 0
1951 80 39
1951 81 7
1951 82 1
1951 83 69
1951 84 1
1951 85 0
1951 86 68
1951 87 3
1951 88 0
1951 89 2
1951 90 0
1951 91 1
1951 92 3
1951 93 0
1951 94 9
1951 95 89
1976 1 32
1976 2 1
1976 3 1
1976 4 16
1976 5 4
1976 6 3
1976 7 7
1976 8 27
1976 9 304
1976 10 0
1976 11 1
1976 12 2
1976 13 0
1976 14 1
1976 15 1
1976 16 4
1976 17 1
1976 18 24
1976 19 0
1976 20 0
1976 21 18
1976 22 291
1976 23 12
1976 24 190
1976 25 2
1976 26 30
1976 27 0
1976 28 51
1976 29 1
1976 30 2
1976 31 2
1976 32 0
1976 33 2
1976 34 18
1976 35 0
1976 36 59
1976 37 23
1976 38 0
1976 39 19
1976 40 34
1976 41 2
1976 42 7
1976 43 0
1976 44 16
1976 45 1
1976 46 1
1976 47 50
1976 48 0
1976 49 3
1976 50 3
1976 51 7
1976 52 1
1976 53 3
1976 54 176
1976 55 8
1976 56 0
1976 57 83
1976 58 240
1976 59 84
1976 60 71
1976 61 0
1976 62 93
1976 63 2
1976 64 53
1976 65 3
1976 66 0
1976 67 44
1976 68 19
1976 69 0
1976 70 1
1976 71 20
1976 72 1
1976 73 1
1976 74 4
1976 75 10
1976 76 1
1976 77 119
1976 78 0
1976 79 4
1976 80 60
1976 81 14
1976 82 1
1976 83 72
1976 84 2
1976 85 1
1976 86 45
1976 87 0
1976 88 2
1976 89 0
1976 90 5
1976 91 1
1976 92 3
1976 93 6
1976 94 1
1976 95 55
