1 5434
26 5213
51 5005
76 5015
101 4909
126 4906
151 4840
176 4788
201 4803
226 4822
251 4792
276 4790
301 4777
326 4797
351 4760
376 4805
401 4764
426 4796
451 4810
476 4743
501 4768
526 4768
551 4780
576 4786
601 4784
626 4749
651 4795
676 4737
701 4752
726 4788
751 4770
776 4777
801 4840
826 4757
851 4766
876 4765
901 4748
926 4807
951 4780
976 4783
1001 4849
1026 4753
1051 4775
1076 4752
1101 4787
1126 4750
1151 4768
1176 4774
1201 4732
1226 4751
1251 4758
1276 4782
1301 4750
1326 4763
1351 4783
1376 4817
1401 4772
1426 4733
1451 4784
1476 4783
1501 4786
1526 4738
1551 4782
1576 4768
1601 4741
1626 4764
1651 4793
1676 4752
1701 4816
1726 4765
1751 4774
1776 4769
1801 4783
1826 4782
1851 4745
1876 4746
1901 4765
1926 4798
1951 4787
1976 4788
