1 90
26 89
51 92
76 91
101 91
126 89
151 92
176 92
201 93
226 92
251 92
276 93
301 91
326 91
351 90
376 92
401 88
426 93
451 94
476 92
501 86
526 90
551 92
576 91
601 91
626 88
651 92
676 92
701 92
726 90
751 91
776 92
801 89
826 88
851 92
876 91
901 91
926 93
951 90
976 93
1001 92
1026 88
1051 89
1076 93
1101 91
1126 93
1151 91
1176 89
1201 93
1226 88
1251 91
1276 93
1301 92
1326 91
1351 86
1376 90
1401 93
1426 92
1451 91
1476 90
1501 91
1526 90
1551 89
1576 89
1601 91
1626 89
1651 90
1676 91
1701 93
1726 95
1751 94
1776 90
1801 89
1826 89
1851 95
1876 88
1901 93
1926 91
1951 86
1976 87
