1 1 38
1 2 41
1 3 44
1 4 45
1 5 48
1 6 45
1 7 46
1 8 42
1 9 29
1 10 42
1 11 36
1 12 39
1 13 42
1 14 40
1 15 32
1 16 40
1 17 36
1 18 42
1 19 39
1 20 37
1 21 35
1 22 36
1 23 39
1 24 34
1 25 43
1 26 32
1 27 40
1 28 47
1 29 51
1 30 40
1 31 27
1 32 33
1 33 41
1 34 43
1 35 39
1 36 46
1 37 32
1 38 36
1 39 39
1 40 40
1 41 42
1 42 46
1 43 34
1 44 35
1 45 32
1 46 31
1 47 36
1 48 48
1 49 37
1 50 30
1 51 38
1 52 39
1 53 41
1 54 33
1 55 31
1 56 32
1 57 34
1 58 36
1 59 31
1 60 39
1 61 37
1 62 42
1 63 40
1 64 40
1 65 38
1 66 32
1 67 33
1 68 36
1 69 39
1 70 41
1 71 41
1 72 41
1 73 34
1 74 46
1 75 37
1 76 30
1 77 31
1 78 36
1 79 32
1 80 37
1 81 32
1 82 41
1 83 42
1 84 42
1 85 38
1 86 27
1 87 34
1 88 29
1 89 41
1 90 30
1 91 42
1 92 38
1 93 39
1 94 34
1 95 41
1 96 40
1 97 44
1 98 37
1 99 33
1 100 43
1 101 30
1 102 36
1 103 38
1 104 32
1 105 31
1 106 40
1 107 37
1 108 44
1 109 44
1 110 40
1 111 40
1 112 38
1 113 44
1 114 39
1 115 52
1 116 34
1 117 41
1 118 40
1 119 32
1 120 34
1 121 37
26 1 41
26 2 44
26 3 40
26 4 38
26 5 40
26 6 48
26 7 41
26 8 39
26 9 0
26 10 0
26 11 0
26 12 40
26 13 39
26 14 32
26 15 31
26 16 41
26 17 48
26 18 45
26 19 39
26 20 0
26 21 8
26 22 5
26 23 40
26 24 34
26 25 41
26 26 0
26 27 43
26 28 44
26 29 41
26 30 39
26 31 9
26 32 0
26 33 3
26 34 41
26 35 38
26 36 32
26 37 0
26 38 40
26 39 40
26 40 38
26 41 38
26 42 36
26 43 0
26 44 0
26 45 0
26 46 7
26 47 42
26 48 41
26 49 36
26 50 30
26 51 36
26 52 39
26 53 40
26 54 0
26 55 0
26 56 0
26 57 10
26 58 40
26 59 31
26 60 40
26 61 41
26 62 36
26 63 43
26 64 43
26 65 0
26 66 0
26 67 12
26 68 0
26 69 41
26 70 41
26 71 41
26 72 41
26 73 0
26 74 0
26 75 4
26 76 0
26 77 0
26 78 0
26 79 11
26 80 0
26 81 30
26 82 37
26 83 41
26 84 0
26 85 10
26 86 7
26 87 5
26 88 0
26 89 0
26 90 9
26 91 40
26 92 40
26 93 38
26 94 9
26 95 39
26 96 43
26 97 41
26 98 0
26 99 0
26 100 6
26 101 0
26 102 31
26 103 42
26 104 36
26 105 12
26 106 39
26 107 33
26 108 36
26 109 42
26 110 40
26 111 8
26 112 0
26 113 40
26 114 43
26 115 53
26 116 0
26 117 33
26 118 38
26 119 36
26 120 39
26 121 39
51 1 40
51 2 41
51 3 42
51 4 45
51 5 40
51 6 46
51 7 40
51 8 40
51 9 0
51 10 0
51 11 0
51 12 41
51 13 42
51 14 34
51 15 33
51 16 40
51 17 40
51 18 44
51 19 37
51 20 0
51 21 11
51 22 0
51 23 48
51 24 39
51 25 42
51 26 0
51 27 34
51 28 47
51 29 47
51 30 36
51 31 13
51 32 0
51 33 0
51 34 43
51 35 41
51 36 43
51 37 0
51 38 39
51 39 39
51 40 41
51 41 46
51 42 40
51 43 0
51 44 0
51 45 0
51 46 0
51 47 44
51 48 46
51 49 41
51 50 30
51 51 40
51 52 45
51 53 40
51 54 0
51 55 0
51 56 0
51 57 0
51 58 35
51 59 36
51 60 39
51 61 39
51 62 45
51 63 38
51 64 33
51 65 0
51 66 0
51 67 11
51 68 0
51 69 42
51 70 39
51 71 40
51 72 42
51 73 0
51 74 0
51 75 0
51 76 0
51 77 0
51 78 0
51 79 6
51 80 0
51 81 30
51 82 39
51 83 40
51 84 0
51 85 8
51 86 11
51 87 13
51 88 0
51 89 0
51 90 0
51 91 40
51 92 43
51 93 41
51 94 0
51 95 40
51 96 41
51 97 39
51 98 0
51 99 0
51 100 0
51 101 0
51 102 36
51 103 39
51 104 41
51 105 15
51 106 42
51 107 38
51 108 42
51 109 43
51 110 34
51 111 0
51 112 0
51 113 38
51 114 39
51 115 49
51 116 0
51 117 41
51 118 43
51 119 38
51 120 40
51 121 43
76 1 40
76 2 41
76 3 40
76 4 48
76 5 40
76 6 41
76 7 47
76 8 41
76 9 0
76 10 0
76 11 0
76 12 47
76 13 40
76 14 37
76 15 32
76 16 45
76 17 43
76 18 40
76 19 39
76 20 0
76 21 10
76 22 0
76 23 40
76 24 40
76 25 39
76 26 0
76 27 37
76 28 45
76 29 44
76 30 33
76 31 9
76 32 0
76 33 0
76 34 40
76 35 39
76 36 40
76 37 0
76 38 40
76 39 43
76 40 40
76 41 41
76 42 43
76 43 0
76 44 0
76 45 0
76 46 0
76 47 35
76 48 44
76 49 44
76 50 32
76 51 37
76 52 40
76 53 38
76 54 0
76 55 0
76 56 0
76 57 0
76 58 36
76 59 35
76 60 37
76 61 35
76 62 37
76 63 40
76 64 42
76 65 0
76 66 0
76 67 10
76 68 0
76 69 41
76 70 41
76 71 40
76 72 40
76 73 0
76 74 0
76 75 0
76 76 0
76 77 0
76 78 0
76 79 0
76 80 0
76 81 30
76 82 43
76 83 44
76 84 0
76 85 8
76 86 9
76 87 0
76 88 0
76 89 0
76 90 0
76 91 40
76 92 40
76 93 40
76 94 0
76 95 40
76 96 43
76 97 34
76 98 0
76 99 0
76 100 0
76 101 0
76 102 35
76 103 41
76 104 30
76 105 11
76 106 39
76 107 39
76 108 37
76 109 46
76 110 35
76 111 0
76 112 0
76 113 39
76 114 36
76 115 51
76 116 0
76 117 40
76 118 41
76 119 31
76 120 39
76 121 41
101 1 40
101 2 40
101 3 42
101 4 41
101 5 39
101 6 42
101 7 41
101 8 51
101 9 0
101 10 0
101 11 0
101 12 39
101 13 45
101 14 36
101 15 30
101 16 41
101 17 35
101 18 44
101 19 40
101 20 0
101 21 0
101 22 0
101 23 40
101 24 42
101 25 41
101 26 0
101 27 40
101 28 42
101 29 48
101 30 38
101 31 10
101 32 0
101 33 0
101 34 44
101 35 36
101 36 41
101 37 0
101 38 41
101 39 39
101 40 30
101 41 45
101 42 37
101 43 0
101 44 0
101 45 0
101 46 0
101 47 40
101 48 46
101 49 42
101 50 38
101 51 38
101 52 34
101 53 39
101 54 0
101 55 0
101 56 0
101 57 0
101 58 39
101 59 32
101 60 40
101 61 41
101 62 32
101 63 41
101 64 40
101 65 0
101 66 0
101 67 0
101 68 0
101 69 44
101 70 49
101 71 32
101 72 42
101 73 0
101 74 0
101 75 0
101 76 0
101 77 0
101 78 0
101 79 0
101 80 0
101 81 30
101 82 40
101 83 37
101 84 0
101 85 9
101 86 13
101 87 0
101 88 0
101 89 0
101 90 0
101 91 43
101 92 34
101 93 40
101 94 0
101 95 38
101 96 50
101 97 39
101 98 0
101 99 0
101 100 0
101 101 0
101 102 31
101 103 40
101 104 30
101 105 10
101 106 46
101 107 37
101 108 38
101 109 40
101 110 41
101 111 0
101 112 0
101 113 41
101 114 40
101 115 49
101 116 0
101 117 38
101 118 42
101 119 31
101 120 38
101 121 31
126 1 41
126 2 44
126 3 41
126 4 34
126 5 40
126 6 47
126 7 42
126 8 38
126 9 0
126 10 0
126 11 0
126 12 42
126 13 42
126 14 40
126 15 40
126 16 38
126 17 39
126 18 42
126 19 39
126 20 0
126 21 0
126 22 0
126 23 41
126 24 33
126 25 40
126 26 0
126 27 40
126 28 48
126 29 43
126 30 31
126 31 13
126 32 0
126 33 0
126 34 45
126 35 40
126 36 40
126 37 0
126 38 37
126 39 39
126 40 39
126 41 40
126 42 39
126 43 0
126 44 0
126 45 0
126 46 0
126 47 43
126 48 40
126 49 41
126 50 40
126 51 39
126 52 43
126 53 34
126 54 0
126 55 0
126 56 0
126 57 0
126 58 40
126 59 38
126 60 39
126 61 41
126 62 43
126 63 53
126 64 42
126 65 0
126 66 0
126 67 0
126 68 0
126 69 46
126 70 43
126 71 40
126 72 34
126 73 0
126 74 0
126 75 0
126 76 0
126 77 0
126 78 0
126 79 0
126 80 0
126 81 33
126 82 40
126 83 35
126 84 0
126 85 6
126 86 15
126 87 0
126 88 0
126 89 0
126 90 0
126 91 39
126 92 39
126 93 42
126 94 0
126 95 41
126 96 44
126 97 41
126 98 0
126 99 0
126 100 0
126 101 0
126 102 31
126 103 41
126 104 31
126 105 18
126 106 40
126 107 41
126 108 40
126 109 42
126 110 48
126 111 0
126 112 0
126 113 41
126 114 41
126 115 53
126 116 0
126 117 38
126 118 38
126 119 30
126 120 33
126 121 42
151 1 40
151 2 40
151 3 41
151 4 41
151 5 42
151 6 42
151 7 37
151 8 46
151 9 0
151 10 0
151 11 0
151 12 43
151 13 43
151 14 40
151 15 37
151 16 40
151 17 43
151 18 40
151 19 41
151 20 0
151 21 0
151 22 0
151 23 40
151 24 41
151 25 44
151 26 0
151 27 43
151 28 40
151 29 50
151 30 45
151 31 13
151 32 0
151 33 0
151 34 44
151 35 36
151 36 40
151 37 0
151 38 31
151 39 43
151 40 37
151 41 43
151 42 40
151 43 0
151 44 0
151 45 0
151 46 0
151 47 43
151 48 44
151 49 49
151 50 30
151 51 41
151 52 44
151 53 37
151 54 0
151 55 0
151 56 0
151 57 0
151 58 40
151 59 37
151 60 41
151 61 34
151 62 39
151 63 43
151 64 42
151 65 0
151 66 0
151 67 0
151 68 0
151 69 42
151 70 51
151 71 38
151 72 41
151 73 0
151 74 0
151 75 0
151 76 0
151 77 0
151 78 0
151 79 0
151 80 0
151 81 40
151 82 40
151 83 39
151 84 0
151 85 0
151 86 10
151 87 0
151 88 0
151 89 0
151 90 0
151 91 36
151 92 38
151 93 42
151 94 0
151 95 40
151 96 44
151 97 39
151 98 0
151 99 0
151 100 0
151 101 0
151 102 31
151 103 39
151 104 40
151 105 21
151 106 43
151 107 33
151 108 36
151 109 40
151 110 40
151 111 0
151 112 0
151 113 39
151 114 42
151 115 50
151 116 0
151 117 35
151 118 37
151 119 37
151 120 38
151 121 36
176 1 42
176 2 42
176 3 40
176 4 46
176 5 43
176 6 42
176 7 41
176 8 42
176 9 0
176 10 0
176 11 0
176 12 39
176 13 43
176 14 36
176 15 30
176 16 41
176 17 40
176 18 43
176 19 43
176 20 0
176 21 0
176 22 0
176 23 40
176 24 39
176 25 37
176 26 0
176 27 39
176 28 40
176 29 42
176 30 45
176 31 11
176 32 0
176 33 0
176 34 38
176 35 36
176 36 44
176 37 0
176 38 37
176 39 38
176 40 38
176 41 41
176 42 33
176 43 0
176 44 0
176 45 0
176 46 0
176 47 40
176 48 40
176 49 39
176 50 27
176 51 35
176 52 39
176 53 31
176 54 0
176 55 0
176 56 0
176 57 0
176 58 38
176 59 38
176 60 39
176 61 38
176 62 39
176 63 41
176 64 41
176 65 0
176 66 0
176 67 0
176 68 0
176 69 41
176 70 41
176 71 39
176 72 41
176 73 0
176 74 0
176 75 0
176 76 0
176 77 0
176 78 0
176 79 0
176 80 0
176 81 33
176 82 46
176 83 39
176 84 0
176 85 0
176 86 15
176 87 0
176 88 0
176 89 0
176 90 0
176 91 48
176 92 41
176 93 44
176 94 0
176 95 40
176 96 48
176 97 39
176 98 0
176 99 0
176 100 0
176 101 0
176 102 39
176 103 36
176 104 29
176 105 10
176 106 39
176 107 32
176 108 41
176 109 45
176 110 35
176 111 0
176 112 0
176 113 37
176 114 39
176 115 50
176 116 0
176 117 36
176 118 44
176 119 35
176 120 42
176 121 40
201 1 40
201 2 44
201 3 41
201 4 48
201 5 43
201 6 40
201 7 41
201 8 36
201 9 0
201 10 0
201 11 0
201 12 40
201 13 43
201 14 32
201 15 31
201 16 42
201 17 40
201 18 38
201 19 40
201 20 0
201 21 0
201 22 0
201 23 42
201 24 39
201 25 39
201 26 0
201 27 37
201 28 40
201 29 40
201 30 40
201 31 0
201 32 0
201 33 0
201 34 38
201 35 40
201 36 40
201 37 0
201 38 34
201 39 41
201 40 40
201 41 40
201 42 40
201 43 0
201 44 0
201 45 0
201 46 0
201 47 39
201 48 41
201 49 37
201 50 29
201 51 42
201 52 40
201 53 44
201 54 0
201 55 0
201 56 0
201 57 0
201 58 39
201 59 39
201 60 40
201 61 42
201 62 40
201 63 41
201 64 40
201 65 0
201 66 0
201 67 0
201 68 0
201 69 53
201 70 38
201 71 39
201 72 40
201 73 0
201 74 0
201 75 0
201 76 0
201 77 0
201 78 0
201 79 0
201 80 0
201 81 34
201 82 50
201 83 41
201 84 0
201 85 0
201 86 0
201 87 0
201 88 0
201 89 0
201 90 0
201 91 39
201 92 42
201 93 42
201 94 0
201 95 39
201 96 41
201 97 39
201 98 0
201 99 0
201 100 0
201 101 0
201 102 38
201 103 39
201 104 32
201 105 17
201 106 41
201 107 40
201 108 41
201 109 39
201 110 37
201 111 0
201 112 0
201 113 41
201 114 34
201 115 49
201 116 0
201 117 40
201 118 36
201 119 35
201 120 41
201 121 36
226 1 42
226 2 44
226 3 37
226 4 36
226 5 37
226 6 41
226 7 44
226 8 38
226 9 0
226 10 0
226 11 0
226 12 40
226 13 41
226 14 40
226 15 27
226 16 38
226 17 41
226 18 44
226 19 47
226 20 0
226 21 0
226 22 0
226 23 42
226 24 39
226 25 38
226 26 0
226 27 40
226 28 39
226 29 47
226 30 42
226 31 0
226 32 0
226 33 0
226 34 40
226 35 40
226 36 42
226 37 0
226 38 40
226 39 39
226 40 36
226 41 40
226 42 41
226 43 0
226 44 0
226 45 0
226 46 0
226 47 40
226 48 50
226 49 37
226 50 32
226 51 38
226 52 39
226 53 42
226 54 0
226 55 0
226 56 0
226 57 0
226 58 41
226 59 36
226 60 40
226 61 41
226 62 45
226 63 41
226 64 42
226 65 0
226 66 0
226 67 0
226 68 0
226 69 40
226 70 40
226 71 42
226 72 36
226 73 0
226 74 0
226 75 0
226 76 0
226 77 0
226 78 0
226 79 0
226 80 0
226 81 29
226 82 41
226 83 47
226 84 0
226 85 0
226 86 0
226 87 0
226 88 0
226 89 0
226 90 0
226 91 39
226 92 41
226 93 43
226 94 0
226 95 47
226 96 44
226 97 41
226 98 0
226 99 0
226 100 0
226 101 0
226 102 41
226 103 44
226 104 37
226 105 15
226 106 49
226 107 35
226 108 46
226 109 41
226 110 38
226 111 0
226 112 0
226 113 37
226 114 40
226 115 51
226 116 0
226 117 40
226 118 44
226 119 32
226 120 35
226 121 39
251 1 38
251 2 39
251 3 41
251 4 41
251 5 40
251 6 40
251 7 42
251 8 44
251 9 0
251 10 0
251 11 0
251 12 45
251 13 39
251 14 34
251 15 32
251 16 42
251 17 46
251 18 45
251 19 43
251 20 0
251 21 0
251 22 0
251 23 42
251 24 40
251 25 33
251 26 0
251 27 40
251 28 40
251 29 49
251 30 42
251 31 0
251 32 0
251 33 0
251 34 40
251 35 42
251 36 38
251 37 0
251 38 32
251 39 38
251 40 35
251 41 39
251 42 30
251 43 0
251 44 0
251 45 0
251 46 0
251 47 32
251 48 50
251 49 42
251 50 35
251 51 39
251 52 42
251 53 37
251 54 0
251 55 0
251 56 0
251 57 0
251 58 40
251 59 28
251 60 40
251 61 41
251 62 38
251 63 40
251 64 39
251 65 0
251 66 0
251 67 0
251 68 0
251 69 44
251 70 42
251 71 36
251 72 43
251 73 0
251 74 0
251 75 0
251 76 0
251 77 0
251 78 0
251 79 0
251 80 0
251 81 24
251 82 44
251 83 42
251 84 0
251 85 0
251 86 0
251 87 0
251 88 0
251 89 0
251 90 0
251 91 40
251 92 40
251 93 42
251 94 0
251 95 41
251 96 39
251 97 39
251 98 0
251 99 0
251 100 0
251 101 0
251 102 39
251 103 43
251 104 31
251 105 18
251 106 41
251 107 38
251 108 41
251 109 42
251 110 42
251 111 0
251 112 0
251 113 39
251 114 34
251 115 47
251 116 0
251 117 36
251 118 39
251 119 30
251 120 40
251 121 41
276 1 40
276 2 38
276 3 46
276 4 43
276 5 47
276 6 41
276 7 37
276 8 40
276 9 0
276 10 0
276 11 0
276 12 50
276 13 47
276 14 39
276 15 32
276 16 40
276 17 40
276 18 38
276 19 40
276 20 0
276 21 0
276 22 0
276 23 40
276 24 38
276 25 41
276 26 0
276 27 34
276 28 34
276 29 49
276 30 45
276 31 0
276 32 0
276 33 0
276 34 40
276 35 39
276 36 44
276 37 0
276 38 35
276 39 39
276 40 38
276 41 37
276 42 41
276 43 0
276 44 0
276 45 0
276 46 0
276 47 49
276 48 48
276 49 42
276 50 31
276 51 42
276 52 41
276 53 40
276 54 0
276 55 0
276 56 0
276 57 0
276 58 37
276 59 38
276 60 38
276 61 42
276 62 47
276 63 47
276 64 40
276 65 0
276 66 0
276 67 0
276 68 0
276 69 39
276 70 38
276 71 48
276 72 43
276 73 0
276 74 0
276 75 0
276 76 0
276 77 0
276 78 0
276 79 0
276 80 0
276 81 32
276 82 47
276 83 35
276 84 0
276 85 0
276 86 0
276 87 0
276 88 0
276 89 0
276 90 0
276 91 43
276 92 39
276 93 43
276 94 0
276 95 43
276 96 46
276 97 39
276 98 0
276 99 0
276 100 0
276 101 0
276 102 45
276 103 32
276 104 28
276 105 16
276 106 41
276 107 40
276 108 44
276 109 39
276 110 31
276 111 0
276 112 0
276 113 36
276 114 41
276 115 50
276 116 0
276 117 43
276 118 38
276 119 40
276 120 41
276 121 40
301 1 37
301 2 43
301 3 44
301 4 41
301 5 38
301 6 46
301 7 40
301 8 39
301 9 0
301 10 0
301 11 0
301 12 43
301 13 43
301 14 42
301 15 31
301 16 38
301 17 38
301 18 40
301 19 39
301 20 0
301 21 0
301 22 0
301 23 49
301 24 32
301 25 36
301 26 0
301 27 40
301 28 37
301 29 45
301 30 44
301 31 0
301 32 0
301 33 0
301 34 43
301 35 39
301 36 41
301 37 0
301 38 34
301 39 41
301 40 30
301 41 39
301 42 40
301 43 0
301 44 0
301 45 0
301 46 0
301 47 41
301 48 46
301 49 44
301 50 28
301 51 35
301 52 40
301 53 39
301 54 0
301 55 0
301 56 0
301 57 0
301 58 35
301 59 31
301 60 40
301 61 41
301 62 38
301 63 44
301 64 38
301 65 0
301 66 0
301 67 0
301 68 0
301 69 47
301 70 39
301 71 36
301 72 43
301 73 0
301 74 0
301 75 0
301 76 0
301 77 0
301 78 0
301 79 0
301 80 0
301 81 32
301 82 42
301 83 44
301 84 0
301 85 0
301 86 0
301 87 0
301 88 0
301 89 0
301 90 0
301 91 37
301 92 41
301 93 40
301 94 0
301 95 44
301 96 35
301 97 41
301 98 0
301 99 0
301 100 0
301 101 0
301 102 36
301 103 39
301 104 38
301 105 8
301 106 39
301 107 40
301 108 39
301 109 41
301 110 40
301 111 0
301 112 0
301 113 38
301 114 40
301 115 50
301 116 0
301 117 35
301 118 39
301 119 32
301 120 39
301 121 38
326 1 40
326 2 38
326 3 44
326 4 40
326 5 45
326 6 40
326 7 40
326 8 37
326 9 0
326 10 0
326 11 0
326 12 42
326 13 38
326 14 30
326 15 36
326 16 40
326 17 42
326 18 40
326 19 42
326 20 0
326 21 0
326 22 0
326 23 40
326 24 32
326 25 38
326 26 0
326 27 38
326 28 39
326 29 41
326 30 40
326 31 0
326 32 0
326 33 0
326 34 42
326 35 39
326 36 40
326 37 0
326 38 36
326 39 40
326 40 38
326 41 40
326 42 40
326 43 0
326 44 0
326 45 0
326 46 0
326 47 48
326 48 44
326 49 40
326 50 25
326 51 35
326 52 40
326 53 37
326 54 0
326 55 0
326 56 0
326 57 0
326 58 39
326 59 31
326 60 35
326 61 35
326 62 38
326 63 47
326 64 41
326 65 0
326 66 0
326 67 0
326 68 0
326 69 42
326 70 40
326 71 39
326 72 41
326 73 0
326 74 0
326 75 0
326 76 0
326 77 0
326 78 0
326 79 0
326 80 0
326 81 32
326 82 42
326 83 40
326 84 0
326 85 0
326 86 0
326 87 0
326 88 0
326 89 0
326 90 0
326 91 44
326 92 35
326 93 40
326 94 0
326 95 41
326 96 40
326 97 38
326 98 0
326 99 0
326 100 0
326 101 0
326 102 35
326 103 40
326 104 27
326 105 11
326 106 39
326 107 39
326 108 39
326 109 44
326 110 30
326 111 0
326 112 0
326 113 39
326 114 39
326 115 47
326 116 0
326 117 35
326 118 42
326 119 32
326 120 36
326 121 38
351 1 37
351 2 44
351 3 40
351 4 40
351 5 40
351 6 41
351 7 39
351 8 36
351 9 0
351 10 0
351 11 0
351 12 43
351 13 44
351 14 40
351 15 30
351 16 42
351 17 37
351 18 40
351 19 45
351 20 0
351 21 0
351 22 0
351 23 36
351 24 36
351 25 40
351 26 0
351 27 33
351 28 40
351 29 42
351 30 43
351 31 0
351 32 0
351 33 0
351 34 43
351 35 43
351 36 36
351 37 0
351 38 40
351 39 40
351 40 38
351 41 40
351 42 40
351 43 0
351 44 0
351 45 0
351 46 0
351 47 40
351 48 50
351 49 41
351 50 30
351 51 37
351 52 46
351 53 40
351 54 0
351 55 0
351 56 0
351 57 0
351 58 39
351 59 40
351 60 40
351 61 41
351 62 41
351 63 40
351 64 41
351 65 0
351 66 0
351 67 0
351 68 0
351 69 34
351 70 40
351 71 39
351 72 40
351 73 0
351 74 0
351 75 0
351 76 0
351 77 0
351 78 0
351 79 0
351 80 0
351 81 31
351 82 43
351 83 41
351 84 0
351 85 0
351 86 0
351 87 0
351 88 0
351 89 0
351 90 0
351 91 39
351 92 40
351 93 42
351 94 0
351 95 42
351 96 44
351 97 40
351 98 0
351 99 0
351 100 0
351 101 0
351 102 27
351 103 40
351 104 34
351 105 12
351 106 43
351 107 38
351 108 40
351 109 44
351 110 40
351 111 0
351 112 0
351 113 35
351 114 42
351 115 53
351 116 0
351 117 37
351 118 41
351 119 32
351 120 40
351 121 40
376 1 40
376 2 41
376 3 39
376 4 40
376 5 43
376 6 42
376 7 40
376 8 37
376 9 0
376 10 0
376 11 0
376 12 40
376 13 42
376 14 34
376 15 39
376 16 44
376 17 39
376 18 36
376 19 44
376 20 0
376 21 0
376 22 0
376 23 39
376 24 33
376 25 41
376 26 0
376 27 35
376 28 42
376 29 41
376 30 42
376 31 0
376 32 0
376 33 0
376 34 48
376 35 37
376 36 37
376 37 0
376 38 37
376 39 39
376 40 31
376 41 38
376 42 40
376 43 0
376 44 0
376 45 0
376 46 0
376 47 38
376 48 57
376 49 42
376 50 30
376 51 43
376 52 39
376 53 40
376 54 0
376 55 0
376 56 0
376 57 0
376 58 41
376 59 36
376 60 40
376 61 36
376 62 33
376 63 40
376 64 49
376 65 0
376 66 0
376 67 0
376 68 0
376 69 41
376 70 38
376 71 35
376 72 40
376 73 0
376 74 0
376 75 0
376 76 0
376 77 0
376 78 0
376 79 0
376 80 0
376 81 40
376 82 41
376 83 40
376 84 0
376 85 0
376 86 0
376 87 0
376 88 0
376 89 0
376 90 0
376 91 42
376 92 37
376 93 39
376 94 0
376 95 40
376 96 40
376 97 40
376 98 0
376 99 0
376 100 0
376 101 0
376 102 32
376 103 41
376 104 32
376 105 12
376 106 46
376 107 41
376 108 39
376 109 44
376 110 43
376 111 0
376 112 0
376 113 48
376 114 40
376 115 46
376 116 0
376 117 37
376 118 39
376 119 28
376 120 39
376 121 32
401 1 36
401 2 44
401 3 41
401 4 40
401 5 42
401 6 40
401 7 40
401 8 41
401 9 0
401 10 0
401 11 0
401 12 40
401 13 43
401 14 37
401 15 33
401 16 39
401 17 38
401 18 41
401 19 40
401 20 0
401 21 0
401 22 0
401 23 39
401 24 35
401 25 43
401 26 0
401 27 40
401 28 46
401 29 40
401 30 36
401 31 0
401 32 0
401 33 0
401 34 45
401 35 41
401 36 40
401 37 0
401 38 38
401 39 35
401 40 40
401 41 38
401 42 39
401 43 0
401 44 0
401 45 0
401 46 0
401 47 39
401 48 49
401 49 43
401 50 30
401 51 40
401 52 35
401 53 37
401 54 0
401 55 0
401 56 0
401 57 0
401 58 39
401 59 33
401 60 38
401 61 43
401 62 37
401 63 40
401 64 40
401 65 0
401 66 0
401 67 0
401 68 0
401 69 39
401 70 41
401 71 39
401 72 44
401 73 0
401 74 0
401 75 0
401 76 0
401 77 0
401 78 0
401 79 0
401 80 0
401 81 28
401 82 46
401 83 37
401 84 0
401 85 0
401 86 0
401 87 0
401 88 0
401 89 0
401 90 0
401 91 42
401 92 41
401 93 42
401 94 0
401 95 43
401 96 40
401 97 39
401 98 0
401 99 0
401 100 0
401 101 0
401 102 30
401 103 40
401 104 32
401 105 12
401 106 43
401 107 39
401 108 37
401 109 40
401 110 41
401 111 0
401 112 0
401 113 39
401 114 39
401 115 51
401 116 0
401 117 40
401 118 44
401 119 30
401 120 30
401 121 40
426 1 44
426 2 40
426 3 42
426 4 49
426 5 45
426 6 41
426 7 43
426 8 41
426 9 0
426 10 0
426 11 0
426 12 40
426 13 40
426 14 36
426 15 33
426 16 44
426 17 39
426 18 37
426 19 48
426 20 0
426 21 0
426 22 0
426 23 39
426 24 37
426 25 38
426 26 0
426 27 38
426 28 38
426 29 48
426 30 41
426 31 0
426 32 0
426 33 0
426 34 40
426 35 38
426 36 39
426 37 0
426 38 42
426 39 42
426 40 32
426 41 49
426 42 38
426 43 0
426 44 0
426 45 0
426 46 0
426 47 42
426 48 40
426 49 40
426 50 30
426 51 41
426 52 37
426 53 40
426 54 0
426 55 0
426 56 0
426 57 0
426 58 38
426 59 31
426 60 40
426 61 40
426 62 41
426 63 37
426 64 44
426 65 0
426 66 0
426 67 0
426 68 0
426 69 40
426 70 41
426 71 44
426 72 38
426 73 0
426 74 0
426 75 0
426 76 0
426 77 0
426 78 0
426 79 0
426 80 0
426 81 30
426 82 40
426 83 41
426 84 0
426 85 0
426 86 0
426 87 0
426 88 0
426 89 0
426 90 0
426 91 39
426 92 39
426 93 44
426 94 0
426 95 39
426 96 43
426 97 42
426 98 0
426 99 0
426 100 0
426 101 0
426 102 38
426 103 30
426 104 35
426 105 14
426 106 42
426 107 34
426 108 40
426 109 41
426 110 40
426 111 0
426 112 0
426 113 47
426 114 40
426 115 51
426 116 0
426 117 39
426 118 37
426 119 34
426 120 40
426 121 40
451 1 42
451 2 44
451 3 42
451 4 40
451 5 41
451 6 40
451 7 41
451 8 39
451 9 0
451 10 0
451 11 0
451 12 39
451 13 46
451 14 40
451 15 32
451 16 42
451 17 40
451 18 40
451 19 45
451 20 0
451 21 0
451 22 0
451 23 39
451 24 31
451 25 42
451 26 0
451 27 39
451 28 40
451 29 41
451 30 39
451 31 0
451 32 0
451 33 0
451 34 40
451 35 40
451 36 41
451 37 0
451 38 40
451 39 39
451 40 41
451 41 41
451 42 40
451 43 0
451 44 0
451 45 0
451 46 0
451 47 44
451 48 46
451 49 46
451 50 29
451 51 38
451 52 37
451 53 40
451 54 0
451 55 0
451 56 0
451 57 0
451 58 37
451 59 38
451 60 34
451 61 33
451 62 37
451 63 38
451 64 40
451 65 0
451 66 0
451 67 0
451 68 0
451 69 40
451 70 42
451 71 44
451 72 45
451 73 0
451 74 0
451 75 0
451 76 0
451 77 0
451 78 0
451 79 0
451 80 0
451 81 33
451 82 45
451 83 41
451 84 0
451 85 0
451 86 0
451 87 0
451 88 0
451 89 0
451 90 0
451 91 40
451 92 38
451 93 40
451 94 0
451 95 42
451 96 45
451 97 40
451 98 0
451 99 0
451 100 0
451 101 0
451 102 37
451 103 34
451 104 34
451 105 10
451 106 47
451 107 30
451 108 43
451 109 39
451 110 43
451 111 0
451 112 0
451 113 45
451 114 37
451 115 52
451 116 0
451 117 40
451 118 36
451 119 31
451 120 47
451 121 34
476 1 37
476 2 37
476 3 39
476 4 38
476 5 44
476 6 40
476 7 39
476 8 41
476 9 0
476 10 0
476 11 0
476 12 40
476 13 43
476 14 39
476 15 29
476 16 43
476 17 40
476 18 40
476 19 43
476 20 0
476 21 0
476 22 0
476 23 40
476 24 41
476 25 42
476 26 0
476 27 40
476 28 42
476 29 47
476 30 48
476 31 0
476 32 0
476 33 0
476 34 41
476 35 40
476 36 46
476 37 0
476 38 30
476 39 33
476 40 39
476 41 40
476 42 39
476 43 0
476 44 0
476 45 0
476 46 0
476 47 41
476 48 45
476 49 40
476 50 36
476 51 39
476 52 41
476 53 38
476 54 0
476 55 0
476 56 0
476 57 0
476 58 41
476 59 35
476 60 38
476 61 40
476 62 42
476 63 39
476 64 41
476 65 0
476 66 0
476 67 0
476 68 0
476 69 41
476 70 40
476 71 43
476 72 45
476 73 0
476 74 0
476 75 0
476 76 0
476 77 0
476 78 0
476 79 0
476 80 0
476 81 38
476 82 40
476 83 40
476 84 0
476 85 0
476 86 0
476 87 0
476 88 0
476 89 0
476 90 0
476 91 46
476 92 40
476 93 39
476 94 0
476 95 37
476 96 38
476 97 37
476 98 0
476 99 0
476 100 0
476 101 0
476 102 37
476 103 35
476 104 31
476 105 16
476 106 40
476 107 40
476 108 40
476 109 36
476 110 38
476 111 0
476 112 0
476 113 40
476 114 33
476 115 47
476 116 0
476 117 33
476 118 40
476 119 30
476 120 40
476 121 42
501 1 38
501 2 40
501 3 41
501 4 41
501 5 41
501 6 53
501 7 41
501 8 44
501 9 0
501 10 0
501 11 0
501 12 43
501 13 42
501 14 32
501 15 37
501 16 40
501 17 39
501 18 43
501 19 39
501 20 0
501 21 0
501 22 0
501 23 40
501 24 39
501 25 41
501 26 0
501 27 39
501 28 39
501 29 41
501 30 40
501 31 0
501 32 0
501 33 0
501 34 45
501 35 40
501 36 41
501 37 0
501 38 37
501 39 40
501 40 34
501 41 47
501 42 39
501 43 0
501 44 0
501 45 0
501 46 0
501 47 46
501 48 43
501 49 45
501 50 28
501 51 42
501 52 40
501 53 38
501 54 0
501 55 0
501 56 0
501 57 0
501 58 37
501 59 31
501 60 35
501 61 37
501 62 38
501 63 41
501 64 32
501 65 0
501 66 0
501 67 0
501 68 0
501 69 50
501 70 39
501 71 36
501 72 39
501 73 0
501 74 0
501 75 0
501 76 0
501 77 0
501 78 0
501 79 0
501 80 0
501 81 34
501 82 41
501 83 40
501 84 0
501 85 0
501 86 0
501 87 0
501 88 0
501 89 0
501 90 0
501 91 38
501 92 40
501 93 41
501 94 0
501 95 38
501 96 39
501 97 41
501 98 0
501 99 0
501 100 0
501 101 0
501 102 30
501 103 41
501 104 33
501 105 17
501 106 37
501 107 41
501 108 40
501 109 44
501 110 42
501 111 0
501 112 0
501 113 40
501 114 40
501 115 48
501 116 0
501 117 37
501 118 35
501 119 30
501 120 30
501 121 41
526 1 39
526 2 41
526 3 40
526 4 40
526 5 40
526 6 42
526 7 40
526 8 43
526 9 0
526 10 0
526 11 0
526 12 44
526 13 41
526 14 37
526 15 33
526 16 41
526 17 38
526 18 38
526 19 40
526 20 0
526 21 0
526 22 0
526 23 40
526 24 34
526 25 40
526 26 0
526 27 40
526 28 42
526 29 45
526 30 35
526 31 0
526 32 0
526 33 0
526 34 43
526 35 40
526 36 42
526 37 0
526 38 35
526 39 39
526 40 35
526 41 42
526 42 41
526 43 0
526 44 0
526 45 0
526 46 0
526 47 46
526 48 45
526 49 42
526 50 28
526 51 43
526 52 40
526 53 36
526 54 0
526 55 0
526 56 0
526 57 0
526 58 41
526 59 37
526 60 42
526 61 40
526 62 40
526 63 37
526 64 39
526 65 0
526 66 0
526 67 0
526 68 0
526 69 41
526 70 40
526 71 40
526 72 41
526 73 0
526 74 0
526 75 0
526 76 0
526 77 0
526 78 0
526 79 0
526 80 0
526 81 34
526 82 43
526 83 42
526 84 0
526 85 0
526 86 0
526 87 0
526 88 0
526 89 0
526 90 0
526 91 40
526 92 37
526 93 43
526 94 0
526 95 44
526 96 50
526 97 41
526 98 0
526 99 0
526 100 0
526 101 0
526 102 36
526 103 38
526 104 31
526 105 15
526 106 43
526 107 40
526 108 44
526 109 37
526 110 38
526 111 0
526 112 0
526 113 44
526 114 41
526 115 50
526 116 0
526 117 31
526 118 43
526 119 33
526 120 42
526 121 40
551 1 39
551 2 40
551 3 40
551 4 41
551 5 38
551 6 40
551 7 35
551 8 39
551 9 0
551 10 0
551 11 0
551 12 38
551 13 37
551 14 41
551 15 33
551 16 43
551 17 41
551 18 41
551 19 41
551 20 0
551 21 0
551 22 0
551 23 39
551 24 36
551 25 42
551 26 0
551 27 35
551 28 40
551 29 41
551 30 38
551 31 0
551 32 0
551 33 0
551 34 44
551 35 40
551 36 43
551 37 0
551 38 43
551 39 43
551 40 43
551 41 41
551 42 38
551 43 0
551 44 0
551 45 0
551 46 0
551 47 40
551 48 40
551 49 44
551 50 37
551 51 41
551 52 37
551 53 34
551 54 0
551 55 0
551 56 0
551 57 0
551 58 40
551 59 30
551 60 39
551 61 40
551 62 40
551 63 42
551 64 33
551 65 0
551 66 0
551 67 0
551 68 0
551 69 40
551 70 40
551 71 30
551 72 41
551 73 0
551 74 0
551 75 0
551 76 0
551 77 0
551 78 0
551 79 0
551 80 0
551 81 39
551 82 40
551 83 40
551 84 0
551 85 0
551 86 0
551 87 0
551 88 0
551 89 0
551 90 0
551 91 42
551 92 34
551 93 40
551 94 0
551 95 40
551 96 41
551 97 42
551 98 0
551 99 0
551 100 0
551 101 0
551 102 40
551 103 40
551 104 37
551 105 14
551 106 40
551 107 35
551 108 39
551 109 37
551 110 35
551 111 0
551 112 0
551 113 35
551 114 40
551 115 49
551 116 0
551 117 30
551 118 41
551 119 27
551 120 41
551 121 40
576 1 39
576 2 37
576 3 41
576 4 40
576 5 45
576 6 38
576 7 41
576 8 38
576 9 0
576 10 0
576 11 0
576 12 41
576 13 47
576 14 38
576 15 37
576 16 42
576 17 40
576 18 40
576 19 39
576 20 0
576 21 0
576 22 0
576 23 42
576 24 30
576 25 40
576 26 0
576 27 41
576 28 41
576 29 38
576 30 35
576 31 0
576 32 0
576 33 0
576 34 38
576 35 42
576 36 39
576 37 0
576 38 35
576 39 41
576 40 42
576 41 40
576 42 40
576 43 0
576 44 0
576 45 0
576 46 0
576 47 46
576 48 46
576 49 41
576 50 33
576 51 36
576 52 43
576 53 39
576 54 0
576 55 0
576 56 0
576 57 0
576 58 40
576 59 40
576 60 40
576 61 39
576 62 39
576 63 43
576 64 40
576 65 0
576 66 0
576 67 0
576 68 0
576 69 40
576 70 35
576 71 40
576 72 40
576 73 0
576 74 0
576 75 0
576 76 0
576 77 0
576 78 0
576 79 0
576 80 0
576 81 33
576 82 39
576 83 38
576 84 0
576 85 0
576 86 0
576 87 0
576 88 0
576 89 0
576 90 0
576 91 40
576 92 39
576 93 40
576 94 0
576 95 42
576 96 42
576 97 40
576 98 0
576 99 0
576 100 0
576 101 0
576 102 33
576 103 43
576 104 38
576 105 11
576 106 45
576 107 31
576 108 36
576 109 40
576 110 38
576 111 0
576 112 0
576 113 50
576 114 43
576 115 50
576 116 0
576 117 40
576 118 40
576 119 33
576 120 36
576 121 38
601 1 39
601 2 39
601 3 40
601 4 44
601 5 40
601 6 44
601 7 42
601 8 39
601 9 0
601 10 0
601 11 0
601 12 41
601 13 42
601 14 30
601 15 34
601 16 41
601 17 37
601 18 45
601 19 46
601 20 0
601 21 0
601 22 0
601 23 40
601 24 39
601 25 39
601 26 0
601 27 43
601 28 41
601 29 51
601 30 41
601 31 0
601 32 0
601 33 0
601 34 36
601 35 39
601 36 43
601 37 0
601 38 41
601 39 40
601 40 38
601 41 43
601 42 39
601 43 0
601 44 0
601 45 0
601 46 0
601 47 45
601 48 41
601 49 41
601 50 30
601 51 37
601 52 39
601 53 42
601 54 0
601 55 0
601 56 0
601 57 0
601 58 40
601 59 36
601 60 42
601 61 37
601 62 38
601 63 40
601 64 36
601 65 0
601 66 0
601 67 0
601 68 0
601 69 41
601 70 39
601 71 40
601 72 40
601 73 0
601 74 0
601 75 0
601 76 0
601 77 0
601 78 0
601 79 0
601 80 0
601 81 35
601 82 42
601 83 39
601 84 0
601 85 0
601 86 0
601 87 0
601 88 0
601 89 0
601 90 0
601 91 41
601 92 33
601 93 43
601 94 0
601 95 41
601 96 42
601 97 38
601 98 0
601 99 0
601 100 0
601 101 0
601 102 30
601 103 40
601 104 41
601 105 20
601 106 43
601 107 40
601 108 39
601 109 43
601 110 43
601 111 0
601 112 0
601 113 43
601 114 42
601 115 53
601 116 0
601 117 42
601 118 38
601 119 31
601 120 45
601 121 36
626 1 41
626 2 41
626 3 39
626 4 37
626 5 40
626 6 42
626 7 41
626 8 40
626 9 0
626 10 0
626 11 0
626 12 43
626 13 39
626 14 38
626 15 30
626 16 39
626 17 36
626 18 40
626 19 41
626 20 0
626 21 0
626 22 0
626 23 37
626 24 37
626 25 41
626 26 0
626 27 40
626 28 44
626 29 49
626 30 37
626 31 0
626 32 0
626 33 0
626 34 41
626 35 40
626 36 41
626 37 0
626 38 33
626 39 38
626 40 37
626 41 41
626 42 39
626 43 0
626 44 0
626 45 0
626 46 0
626 47 41
626 48 40
626 49 38
626 50 29
626 51 42
626 52 40
626 53 42
626 54 0
626 55 0
626 56 0
626 57 0
626 58 38
626 59 41
626 60 41
626 61 32
626 62 40
626 63 40
626 64 37
626 65 0
626 66 0
626 67 0
626 68 0
626 69 41
626 70 44
626 71 39
626 72 41
626 73 0
626 74 0
626 75 0
626 76 0
626 77 0
626 78 0
626 79 0
626 80 0
626 81 31
626 82 41
626 83 47
626 84 0
626 85 0
626 86 0
626 87 0
626 88 0
626 89 0
626 90 0
626 91 41
626 92 40
626 93 42
626 94 0
626 95 41
626 96 41
626 97 42
626 98 0
626 99 0
626 100 0
626 101 0
626 102 37
626 103 39
626 104 38
626 105 10
626 106 39
626 107 39
626 108 49
626 109 35
626 110 39
626 111 0
626 112 0
626 113 41
626 114 37
626 115 49
626 116 0
626 117 42
626 118 41
626 119 38
626 120 39
626 121 39
651 1 41
651 2 40
651 3 41
651 4 42
651 5 44
651 6 42
651 7 41
651 8 39
651 9 0
651 10 0
651 11 0
651 12 40
651 13 45
651 14 36
651 15 35
651 16 50
651 17 40
651 18 41
651 19 45
651 20 0
651 21 0
651 22 0
651 23 37
651 24 40
651 25 38
651 26 0
651 27 38
651 28 39
651 29 38
651 30 37
651 31 0
651 32 0
651 33 0
651 34 41
651 35 40
651 36 43
651 37 0
651 38 41
651 39 36
651 40 33
651 41 40
651 42 39
651 43 0
651 44 0
651 45 0
651 46 0
651 47 50
651 48 49
651 49 40
651 50 31
651 51 35
651 52 35
651 53 40
651 54 0
651 55 0
651 56 0
651 57 0
651 58 43
651 59 36
651 60 34
651 61 40
651 62 40
651 63 39
651 64 36
651 65 0
651 66 0
651 67 0
651 68 0
651 69 39
651 70 41
651 71 41
651 72 42
651 73 0
651 74 0
651 75 0
651 76 0
651 77 0
651 78 0
651 79 0
651 80 0
651 81 33
651 82 39
651 83 45
651 84 0
651 85 0
651 86 0
651 87 0
651 88 0
651 89 0
651 90 0
651 91 35
651 92 39
651 93 39
651 94 0
651 95 40
651 96 39
651 97 43
651 98 0
651 99 0
651 100 0
651 101 0
651 102 38
651 103 39
651 104 30
651 105 17
651 106 39
651 107 38
651 108 45
651 109 39
651 110 41
651 111 0
651 112 0
651 113 40
651 114 41
651 115 51
651 116 0
651 117 31
651 118 39
651 119 32
651 120 36
651 121 40
676 1 37
676 2 40
676 3 37
676 4 42
676 5 41
676 6 48
676 7 42
676 8 46
676 9 0
676 10 0
676 11 0
676 12 44
676 13 41
676 14 39
676 15 36
676 16 47
676 17 39
676 18 39
676 19 37
676 20 0
676 21 0
676 22 0
676 23 39
676 24 39
676 25 34
676 26 0
676 27 44
676 28 39
676 29 40
676 30 38
676 31 0
676 32 0
676 33 0
676 34 42
676 35 39
676 36 45
676 37 0
676 38 44
676 39 41
676 40 39
676 41 41
676 42 37
676 43 0
676 44 0
676 45 0
676 46 0
676 47 41
676 48 43
676 49 35
676 50 26
676 51 40
676 52 43
676 53 38
676 54 0
676 55 0
676 56 0
676 57 0
676 58 37
676 59 37
676 60 35
676 61 41
676 62 38
676 63 40
676 64 39
676 65 0
676 66 0
676 67 0
676 68 0
676 69 39
676 70 38
676 71 34
676 72 44
676 73 0
676 74 0
676 75 0
676 76 0
676 77 0
676 78 0
676 79 0
676 80 0
676 81 36
676 82 38
676 83 42
676 84 0
676 85 0
676 86 0
676 87 0
676 88 0
676 89 0
676 90 0
676 91 44
676 92 40
676 93 49
676 94 0
676 95 44
676 96 42
676 97 37
676 98 0
676 99 0
676 100 0
676 101 0
676 102 38
676 103 38
676 104 30
676 105 10
676 106 40
676 107 40
676 108 41
676 109 42
676 110 40
676 111 0
676 112 0
676 113 42
676 114 43
676 115 50
676 116 0
676 117 40
676 118 41
676 119 29
676 120 38
676 121 42
701 1 34
701 2 40
701 3 40
701 4 43
701 5 44
701 6 44
701 7 40
701 8 45
701 9 0
701 10 0
701 11 0
701 12 40
701 13 42
701 14 37
701 15 31
701 16 40
701 17 41
701 18 42
701 19 42
701 20 0
701 21 0
701 22 0
701 23 41
701 24 33
701 25 39
701 26 0
701 27 39
701 28 48
701 29 42
701 30 36
701 31 0
701 32 0
701 33 0
701 34 40
701 35 41
701 36 41
701 37 0
701 38 40
701 39 43
701 40 30
701 41 38
701 42 36
701 43 0
701 44 0
701 45 0
701 46 0
701 47 42
701 48 44
701 49 40
701 50 31
701 51 39
701 52 45
701 53 35
701 54 0
701 55 0
701 56 0
701 57 0
701 58 40
701 59 35
701 60 40
701 61 41
701 62 44
701 63 46
701 64 35
701 65 0
701 66 0
701 67 0
701 68 0
701 69 47
701 70 41
701 71 40
701 72 44
701 73 0
701 74 0
701 75 0
701 76 0
701 77 0
701 78 0
701 79 0
701 80 0
701 81 37
701 82 45
701 83 39
701 84 0
701 85 0
701 86 0
701 87 0
701 88 0
701 89 0
701 90 0
701 91 37
701 92 38
701 93 41
701 94 0
701 95 45
701 96 42
701 97 36
701 98 0
701 99 0
701 100 0
701 101 0
701 102 33
701 103 42
701 104 29
701 105 13
701 106 39
701 107 38
701 108 43
701 109 42
701 110 33
701 111 0
701 112 0
701 113 40
701 114 37
701 115 54
701 116 0
701 117 39
701 118 40
701 119 29
701 120 37
701 121 35
726 1 39
726 2 41
726 3 42
726 4 36
726 5 40
726 6 50
726 7 41
726 8 42
726 9 0
726 10 0
726 11 0
726 12 43
726 13 39
726 14 37
726 15 42
726 16 40
726 17 39
726 18 40
726 19 40
726 20 0
726 21 0
726 22 0
726 23 42
726 24 32
726 25 34
726 26 0
726 27 43
726 28 43
726 29 40
726 30 40
726 31 0
726 32 0
726 33 0
726 34 39
726 35 43
726 36 39
726 37 0
726 38 39
726 39 39
726 40 31
726 41 47
726 42 37
726 43 0
726 44 0
726 45 0
726 46 0
726 47 45
726 48 41
726 49 46
726 50 31
726 51 43
726 52 40
726 53 39
726 54 0
726 55 0
726 56 0
726 57 0
726 58 37
726 59 41
726 60 37
726 61 37
726 62 39
726 63 39
726 64 38
726 65 0
726 66 0
726 67 0
726 68 0
726 69 38
726 70 41
726 71 41
726 72 40
726 73 0
726 74 0
726 75 0
726 76 0
726 77 0
726 78 0
726 79 0
726 80 0
726 81 30
726 82 40
726 83 40
726 84 0
726 85 0
726 86 0
726 87 0
726 88 0
726 89 0
726 90 0
726 91 42
726 92 37
726 93 48
726 94 0
726 95 44
726 96 41
726 97 39
726 98 0
726 99 0
726 100 0
726 101 0
726 102 34
726 103 41
726 104 33
726 105 9
726 106 47
726 107 41
726 108 43
726 109 44
726 110 36
726 111 0
726 112 0
726 113 34
726 114 35
726 115 50
726 116 0
726 117 39
726 118 50
726 119 31
726 120 39
726 121 40
751 1 40
751 2 37
751 3 40
751 4 38
751 5 45
751 6 46
751 7 39
751 8 40
751 9 0
751 10 0
751 11 0
751 12 47
751 13 40
751 14 31
751 15 32
751 16 42
751 17 39
751 18 39
751 19 45
751 20 0
751 21 0
751 22 0
751 23 40
751 24 34
751 25 39
751 26 0
751 27 44
751 28 39
751 29 45
751 30 36
751 31 0
751 32 0
751 33 0
751 34 46
751 35 41
751 36 43
751 37 0
751 38 39
751 39 38
751 40 32
751 41 46
751 42 38
751 43 0
751 44 0
751 45 0
751 46 0
751 47 39
751 48 44
751 49 39
751 50 31
751 51 39
751 52 42
751 53 41
751 54 0
751 55 0
751 56 0
751 57 0
751 58 36
751 59 35
751 60 37
751 61 33
751 62 40
751 63 40
751 64 38
751 65 0
751 66 0
751 67 0
751 68 0
751 69 41
751 70 37
751 71 39
751 72 47
751 73 0
751 74 0
751 75 0
751 76 0
751 77 0
751 78 0
751 79 0
751 80 0
751 81 32
751 82 39
751 83 42
751 84 0
751 85 0
751 86 0
751 87 0
751 88 0
751 89 0
751 90 0
751 91 40
751 92 41
751 93 40
751 94 0
751 95 47
751 96 40
751 97 41
751 98 0
751 99 0
751 100 0
751 101 0
751 102 34
751 103 38
751 104 30
751 105 20
751 106 41
751 107 37
751 108 40
751 109 40
751 110 42
751 111 0
751 112 0
751 113 43
751 114 41
751 115 54
751 116 0
751 117 32
751 118 39
751 119 31
751 120 40
751 121 40
776 1 39
776 2 42
776 3 41
776 4 46
776 5 41
776 6 40
776 7 39
776 8 40
776 9 0
776 10 0
776 11 0
776 12 41
776 13 47
776 14 29
776 15 34
776 16 37
776 17 40
776 18 39
776 19 42
776 20 0
776 21 0
776 22 0
776 23 42
776 24 35
776 25 39
776 26 0
776 27 38
776 28 48
776 29 43
776 30 40
776 31 0
776 32 0
776 33 0
776 34 41
776 35 37
776 36 39
776 37 0
776 38 39
776 39 41
776 40 40
776 41 40
776 42 31
776 43 0
776 44 0
776 45 0
776 46 0
776 47 45
776 48 40
776 49 40
776 50 30
776 51 40
776 52 42
776 53 39
776 54 0
776 55 0
776 56 0
776 57 0
776 58 44
776 59 37
776 60 36
776 61 43
776 62 43
776 63 41
776 64 42
776 65 0
776 66 0
776 67 0
776 68 0
776 69 43
776 70 41
776 71 38
776 72 49
776 73 0
776 74 0
776 75 0
776 76 0
776 77 0
776 78 0
776 79 0
776 80 0
776 81 32
776 82 44
776 83 44
776 84 0
776 85 0
776 86 0
776 87 0
776 88 0
776 89 0
776 90 0
776 91 44
776 92 41
776 93 42
776 94 0
776 95 42
776 96 42
776 97 38
776 98 0
776 99 0
776 100 0
776 101 0
776 102 40
776 103 40
776 104 37
776 105 10
776 106 43
776 107 40
776 108 38
776 109 49
776 110 36
776 111 0
776 112 0
776 113 43
776 114 41
776 115 51
776 116 0
776 117 31
776 118 39
776 119 32
776 120 40
776 121 41
801 1 40
801 2 36
801 3 40
801 4 39
801 5 46
801 6 41
801 7 35
801 8 42
801 9 0
801 10 0
801 11 0
801 12 43
801 13 49
801 14 37
801 15 32
801 16 48
801 17 40
801 18 43
801 19 43
801 20 0
801 21 0
801 22 0
801 23 40
801 24 37
801 25 39
801 26 0
801 27 37
801 28 40
801 29 47
801 30 42
801 31 0
801 32 0
801 33 0
801 34 43
801 35 38
801 36 42
801 37 0
801 38 40
801 39 44
801 40 42
801 41 42
801 42 40
801 43 0
801 44 0
801 45 0
801 46 0
801 47 45
801 48 50
801 49 40
801 50 33
801 51 38
801 52 39
801 53 38
801 54 0
801 55 0
801 56 0
801 57 0
801 58 41
801 59 33
801 60 33
801 61 37
801 62 37
801 63 42
801 64 34
801 65 0
801 66 0
801 67 0
801 68 0
801 69 40
801 70 40
801 71 36
801 72 40
801 73 0
801 74 0
801 75 0
801 76 0
801 77 0
801 78 0
801 79 0
801 80 0
801 81 41
801 82 42
801 83 41
801 84 0
801 85 0
801 86 0
801 87 0
801 88 0
801 89 0
801 90 0
801 91 40
801 92 35
801 93 43
801 94 0
801 95 43
801 96 44
801 97 38
801 98 0
801 99 0
801 100 0
801 101 0
801 102 39
801 103 41
801 104 31
801 105 10
801 106 43
801 107 41
801 108 39
801 109 40
801 110 38
801 111 0
801 112 0
801 113 37
801 114 36
801 115 51
801 116 0
801 117 38
801 118 39
801 119 38
801 120 34
801 121 37
826 1 38
826 2 43
826 3 41
826 4 39
826 5 42
826 6 44
826 7 43
826 8 44
826 9 0
826 10 0
826 11 0
826 12 39
826 13 43
826 14 38
826 15 31
826 16 39
826 17 44
826 18 42
826 19 50
826 20 0
826 21 0
826 22 0
826 23 41
826 24 39
826 25 41
826 26 0
826 27 39
826 28 40
826 29 42
826 30 38
826 31 0
826 32 0
826 33 0
826 34 42
826 35 42
826 36 39
826 37 0
826 38 32
826 39 41
826 40 29
826 41 41
826 42 35
826 43 0
826 44 0
826 45 0
826 46 0
826 47 42
826 48 41
826 49 39
826 50 37
826 51 38
826 52 40
826 53 40
826 54 0
826 55 0
826 56 0
826 57 0
826 58 40
826 59 34
826 60 37
826 61 40
826 62 37
826 63 41
826 64 39
826 65 0
826 66 0
826 67 0
826 68 0
826 69 42
826 70 40
826 71 36
826 72 40
826 73 0
826 74 0
826 75 0
826 76 0
826 77 0
826 78 0
826 79 0
826 80 0
826 81 30
826 82 39
826 83 47
826 84 0
826 85 0
826 86 0
826 87 0
826 88 0
826 89 0
826 90 0
826 91 47
826 92 40
826 93 40
826 94 0
826 95 39
826 96 40
826 97 40
826 98 0
826 99 0
826 100 0
826 101 0
826 102 41
826 103 39
826 104 38
826 105 13
826 106 43
826 107 38
826 108 42
826 109 37
826 110 42
826 111 0
826 112 0
826 113 39
826 114 40
826 115 49
826 116 0
826 117 40
826 118 39
826 119 30
826 120 37
826 121 36
851 1 41
851 2 38
851 3 43
851 4 40
851 5 36
851 6 40
851 7 43
851 8 44
851 9 0
851 10 0
851 11 0
851 12 41
851 13 38
851 14 32
851 15 38
851 16 39
851 17 47
851 18 34
851 19 41
851 20 0
851 21 0
851 22 0
851 23 40
851 24 38
851 25 40
851 26 0
851 27 40
851 28 44
851 29 46
851 30 37
851 31 0
851 32 0
851 33 0
851 34 46
851 35 42
851 36 41
851 37 0
851 38 32
851 39 40
851 40 38
851 41 44
851 42 39
851 43 0
851 44 0
851 45 0
851 46 0
851 47 46
851 48 48
851 49 43
851 50 30
851 51 36
851 52 40
851 53 43
851 54 0
851 55 0
851 56 0
851 57 0
851 58 39
851 59 31
851 60 36
851 61 42
851 62 37
851 63 43
851 64 41
851 65 0
851 66 0
851 67 0
851 68 0
851 69 37
851 70 38
851 71 41
851 72 40
851 73 0
851 74 0
851 75 0
851 76 0
851 77 0
851 78 0
851 79 0
851 80 0
851 81 37
851 82 37
851 83 40
851 84 0
851 85 0
851 86 0
851 87 0
851 88 0
851 89 0
851 90 0
851 91 39
851 92 44
851 93 49
851 94 0
851 95 44
851 96 43
851 97 35
851 98 0
851 99 0
851 100 0
851 101 0
851 102 32
851 103 37
851 104 29
851 105 8
851 106 43
851 107 34
851 108 37
851 109 41
851 110 29
851 111 0
851 112 0
851 113 40
851 114 34
851 115 51
851 116 0
851 117 38
851 118 38
851 119 33
851 120 39
851 121 38
876 1 39
876 2 41
876 3 40
876 4 39
876 5 38
876 6 41
876 7 40
876 8 40
876 9 0
876 10 0
876 11 0
876 12 42
876 13 38
876 14 37
876 15 34
876 16 43
876 17 41
876 18 39
876 19 40
876 20 0
876 21 0
876 22 0
876 23 40
876 24 42
876 25 42
876 26 0
876 27 40
876 28 42
876 29 47
876 30 37
876 31 0
876 32 0
876 33 0
876 34 42
876 35 38
876 36 40
876 37 0
876 38 37
876 39 43
876 40 40
876 41 40
876 42 47
876 43 0
876 44 0
876 45 0
876 46 0
876 47 44
876 48 40
876 49 41
876 50 24
876 51 37
876 52 37
876 53 41
876 54 0
876 55 0
876 56 0
876 57 0
876 58 40
876 59 35
876 60 40
876 61 41
876 62 45
876 63 41
876 64 42
876 65 0
876 66 0
876 67 0
876 68 0
876 69 43
876 70 41
876 71 39
876 72 40
876 73 0
876 74 0
876 75 0
876 76 0
876 77 0
876 78 0
876 79 0
876 80 0
876 81 30
876 82 38
876 83 37
876 84 0
876 85 0
876 86 0
876 87 0
876 88 0
876 89 0
876 90 0
876 91 40
876 92 39
876 93 39
876 94 0
876 95 49
876 96 46
876 97 44
876 98 0
876 99 0
876 100 0
876 101 0
876 102 34
876 103 37
876 104 34
876 105 12
876 106 43
876 107 35
876 108 39
876 109 41
876 110 38
876 111 0
876 112 0
876 113 40
876 114 39
876 115 50
876 116 0
876 117 37
876 118 41
876 119 30
876 120 41
876 121 37
901 1 44
901 2 41
901 3 41
901 4 42
901 5 46
901 6 45
901 7 40
901 8 48
901 9 0
901 10 0
901 11 0
901 12 42
901 13 41
901 14 45
901 15 28
901 16 39
901 17 38
901 18 40
901 19 46
901 20 0
901 21 0
901 22 0
901 23 41
901 24 36
901 25 42
901 26 0
901 27 39
901 28 37
901 29 48
901 30 40
901 31 0
901 32 0
901 33 0
901 34 40
901 35 40
901 36 40
901 37 0
901 38 33
901 39 32
901 40 39
901 41 45
901 42 40
901 43 0
901 44 0
901 45 0
901 46 0
901 47 41
901 48 47
901 49 38
901 50 32
901 51 39
901 52 44
901 53 42
901 54 0
901 55 0
901 56 0
901 57 0
901 58 38
901 59 33
901 60 40
901 61 41
901 62 46
901 63 39
901 64 48
901 65 0
901 66 0
901 67 0
901 68 0
901 69 39
901 70 45
901 71 40
901 72 41
901 73 0
901 74 0
901 75 0
901 76 0
901 77 0
901 78 0
901 79 0
901 80 0
901 81 37
901 82 40
901 83 38
901 84 0
901 85 0
901 86 0
901 87 0
901 88 0
901 89 0
901 90 0
901 91 39
901 92 40
901 93 39
901 94 0
901 95 41
901 96 42
901 97 39
901 98 0
901 99 0
901 100 0
901 101 0
901 102 40
901 103 44
901 104 31
901 105 16
901 106 43
901 107 31
901 108 40
901 109 46
901 110 36
901 111 0
901 112 0
901 113 41
901 114 41
901 115 51
901 116 0
901 117 39
901 118 41
901 119 37
901 120 39
901 121 40
926 1 37
926 2 41
926 3 41
926 4 44
926 5 44
926 6 39
926 7 40
926 8 40
926 9 0
926 10 0
926 11 0
926 12 41
926 13 40
926 14 40
926 15 37
926 16 42
926 17 38
926 18 40
926 19 42
926 20 0
926 21 0
926 22 0
926 23 41
926 24 40
926 25 41
926 26 0
926 27 41
926 28 43
926 29 49
926 30 43
926 31 0
926 32 0
926 33 0
926 34 43
926 35 42
926 36 39
926 37 0
926 38 41
926 39 40
926 40 38
926 41 40
926 42 38
926 43 0
926 44 0
926 45 0
926 46 0
926 47 42
926 48 40
926 49 42
926 50 30
926 51 40
926 52 44
926 53 38
926 54 0
926 55 0
926 56 0
926 57 0
926 58 39
926 59 31
926 60 40
926 61 40
926 62 40
926 63 41
926 64 40
926 65 0
926 66 0
926 67 0
926 68 0
926 69 41
926 70 42
926 71 41
926 72 40
926 73 0
926 74 0
926 75 0
926 76 0
926 77 0
926 78 0
926 79 0
926 80 0
926 81 38
926 82 40
926 83 40
926 84 0
926 85 0
926 86 0
926 87 0
926 88 0
926 89 0
926 90 0
926 91 40
926 92 38
926 93 40
926 94 0
926 95 38
926 96 45
926 97 38
926 98 0
926 99 0
926 100 0
926 101 0
926 102 38
926 103 40
926 104 32
926 105 18
926 106 37
926 107 40
926 108 40
926 109 50
926 110 41
926 111 0
926 112 0
926 113 39
926 114 38
926 115 49
926 116 0
926 117 40
926 118 39
926 119 29
926 120 35
926 121 42
951 1 40
951 2 43
951 3 41
951 4 40
951 5 37
951 6 39
951 7 38
951 8 40
951 9 0
951 10 0
951 11 0
951 12 38
951 13 40
951 14 34
951 15 35
951 16 40
951 17 42
951 18 38
951 19 43
951 20 0
951 21 0
951 22 0
951 23 40
951 24 40
951 25 39
951 26 0
951 27 43
951 28 40
951 29 40
951 30 40
951 31 0
951 32 0
951 33 0
951 34 43
951 35 41
951 36 47
951 37 0
951 38 40
951 39 43
951 40 39
951 41 44
951 42 43
951 43 0
951 44 0
951 45 0
951 46 0
951 47 47
951 48 39
951 49 39
951 50 29
951 51 41
951 52 40
951 53 38
951 54 0
951 55 0
951 56 0
951 57 0
951 58 39
951 59 39
951 60 39
951 61 35
951 62 40
951 63 42
951 64 36
951 65 0
951 66 0
951 67 0
951 68 0
951 69 40
951 70 40
951 71 38
951 72 42
951 73 0
951 74 0
951 75 0
951 76 0
951 77 0
951 78 0
951 79 0
951 80 0
951 81 33
951 82 43
951 83 43
951 84 0
951 85 0
951 86 0
951 87 0
951 88 0
951 89 0
951 90 0
951 91 41
951 92 41
951 93 48
951 94 0
951 95 40
951 96 41
951 97 40
951 98 0
951 99 0
951 100 0
951 101 0
951 102 33
951 103 40
951 104 32
951 105 16
951 106 41
951 107 34
951 108 41
951 109 42
951 110 39
951 111 0
951 112 0
951 113 40
951 114 40
951 115 50
951 116 0
951 117 43
951 118 37
951 119 31
951 120 40
951 121 41
976 1 38
976 2 42
976 3 44
976 4 40
976 5 41
976 6 46
976 7 40
976 8 44
976 9 0
976 10 0
976 11 0
976 12 42
976 13 39
976 14 36
976 15 37
976 16 41
976 17 40
976 18 35
976 19 46
976 20 0
976 21 0
976 22 0
976 23 42
976 24 39
976 25 41
976 26 0
976 27 39
976 28 44
976 29 48
976 30 39
976 31 0
976 32 0
976 33 0
976 34 43
976 35 40
976 36 45
976 37 0
976 38 40
976 39 42
976 40 35
976 41 39
976 42 36
976 43 0
976 44 0
976 45 0
976 46 0
976 47 43
976 48 40
976 49 43
976 50 29
976 51 39
976 52 39
976 53 45
976 54 0
976 55 0
976 56 0
976 57 0
976 58 45
976 59 40
976 60 39
976 61 32
976 62 40
976 63 49
976 64 40
976 65 0
976 66 0
976 67 0
976 68 0
976 69 39
976 70 40
976 71 39
976 72 40
976 73 0
976 74 0
976 75 0
976 76 0
976 77 0
976 78 0
976 79 0
976 80 0
976 81 34
976 82 47
976 83 41
976 84 0
976 85 0
976 86 0
976 87 0
976 88 0
976 89 0
976 90 0
976 91 38
976 92 34
976 93 40
976 94 0
976 95 42
976 96 40
976 97 39
976 98 0
976 99 0
976 100 0
976 101 0
976 102 37
976 103 36
976 104 31
976 105 12
976 106 45
976 107 41
976 108 38
976 109 40
976 110 39
976 111 0
976 112 0
976 113 41
976 114 49
976 115 54
976 116 0
976 117 36
976 118 38
976 119 33
976 120 41
976 121 42
1001 1 38
1001 2 41
1001 3 40
1001 4 40
1001 5 45
1001 6 41
1001 7 40
1001 8 43
1001 9 0
1001 10 0
1001 11 0
1001 12 40
1001 13 33
1001 14 42
1001 15 32
1001 16 42
1001 17 38
1001 18 40
1001 19 41
1001 20 0
1001 21 0
1001 22 0
1001 23 41
1001 24 38
1001 25 36
1001 26 0
1001 27 37
1001 28 43
1001 29 44
1001 30 39
1001 31 0
1001 32 0
1001 33 0
1001 34 42
1001 35 37
1001 36 40
1001 37 0
1001 38 35
1001 39 40
1001 40 35
1001 41 50
1001 42 38
1001 43 0
1001 44 0
1001 45 0
1001 46 0
1001 47 40
1001 48 45
1001 49 42
1001 50 36
1001 51 38
1001 52 41
1001 53 38
1001 54 0
1001 55 0
1001 56 0
1001 57 0
1001 58 41
1001 59 37
1001 60 38
1001 61 40
1001 62 38
1001 63 39
1001 64 44
1001 65 0
1001 66 0
1001 67 0
1001 68 0
1001 69 40
1001 70 41
1001 71 41
1001 72 42
1001 73 0
1001 74 0
1001 75 0
1001 76 0
1001 77 0
1001 78 0
1001 79 0
1001 80 0
1001 81 30
1001 82 40
1001 83 42
1001 84 0
1001 85 0
1001 86 0
1001 87 0
1001 88 0
1001 89 0
1001 90 0
1001 91 41
1001 92 41
1001 93 40
1001 94 0
1001 95 43
1001 96 40
1001 97 39
1001 98 0
1001 99 0
1001 100 0
1001 101 0
1001 102 33
1001 103 40
1001 104 29
1001 105 13
1001 106 38
1001 107 32
1001 108 38
1001 109 42
1001 110 42
1001 111 0
1001 112 0
1001 113 41
1001 114 42
1001 115 49
1001 116 0
1001 117 38
1001 118 40
1001 119 33
1001 120 42
1001 121 40
1026 1 42
1026 2 41
1026 3 43
1026 4 38
1026 5 41
1026 6 41
1026 7 39
1026 8 39
1026 9 0
1026 10 0
1026 11 0
1026 12 41
1026 13 43
1026 14 38
1026 15 38
1026 16 44
1026 17 39
1026 18 39
1026 19 39
1026 20 0
1026 21 0
1026 22 0
1026 23 44
1026 24 35
1026 25 40
1026 26 0
1026 27 40
1026 28 46
1026 29 47
1026 30 36
1026 31 0
1026 32 0
1026 33 0
1026 34 38
1026 35 40
1026 36 40
1026 37 0
1026 38 36
1026 39 38
1026 40 37
1026 41 48
1026 42 36
1026 43 0
1026 44 0
1026 45 0
1026 46 0
1026 47 39
1026 48 39
1026 49 38
1026 50 30
1026 51 40
1026 52 36
1026 53 39
1026 54 0
1026 55 0
1026 56 0
1026 57 0
1026 58 36
1026 59 34
1026 60 40
1026 61 31
1026 62 42
1026 63 41
1026 64 41
1026 65 0
1026 66 0
1026 67 0
1026 68 0
1026 69 43
1026 70 40
1026 71 41
1026 72 39
1026 73 0
1026 74 0
1026 75 0
1026 76 0
1026 77 0
1026 78 0
1026 79 0
1026 80 0
1026 81 32
1026 82 40
1026 83 41
1026 84 0
1026 85 0
1026 86 0
1026 87 0
1026 88 0
1026 89 0
1026 90 0
1026 91 32
1026 92 46
1026 93 46
1026 94 0
1026 95 40
1026 96 39
1026 97 42
1026 98 0
1026 99 0
1026 100 0
1026 101 0
1026 102 39
1026 103 40
1026 104 30
1026 105 15
1026 106 38
1026 107 37
1026 108 40
1026 109 42
1026 110 34
1026 111 0
1026 112 0
1026 113 41
1026 114 38
1026 115 50
1026 116 0
1026 117 36
1026 118 40
1026 119 31
1026 120 33
1026 121 34
1051 1 45
1051 2 40
1051 3 36
1051 4 44
1051 5 41
1051 6 44
1051 7 38
1051 8 41
1051 9 0
1051 10 0
1051 11 0
1051 12 44
1051 13 39
1051 14 37
1051 15 30
1051 16 42
1051 17 39
1051 18 40
1051 19 39
1051 20 0
1051 21 0
1051 22 0
1051 23 41
1051 24 41
1051 25 40
1051 26 0
1051 27 40
1051 28 40
1051 29 46
1051 30 39
1051 31 0
1051 32 0
1051 33 0
1051 34 40
1051 35 39
1051 36 42
1051 37 0
1051 38 37
1051 39 48
1051 40 41
1051 41 43
1051 42 34
1051 43 0
1051 44 0
1051 45 0
1051 46 0
1051 47 41
1051 48 48
1051 49 41
1051 50 33
1051 51 36
1051 52 39
1051 53 41
1051 54 0
1051 55 0
1051 56 0
1051 57 0
1051 58 40
1051 59 33
1051 60 41
1051 61 36
1051 62 47
1051 63 43
1051 64 39
1051 65 0
1051 66 0
1051 67 0
1051 68 0
1051 69 40
1051 70 40
1051 71 40
1051 72 43
1051 73 0
1051 74 0
1051 75 0
1051 76 0
1051 77 0
1051 78 0
1051 79 0
1051 80 0
1051 81 36
1051 82 40
1051 83 40
1051 84 0
1051 85 0
1051 86 0
1051 87 0
1051 88 0
1051 89 0
1051 90 0
1051 91 40
1051 92 39
1051 93 32
1051 94 0
1051 95 39
1051 96 42
1051 97 38
1051 98 0
1051 99 0
1051 100 0
1051 101 0
1051 102 39
1051 103 40
1051 104 32
1051 105 10
1051 106 37
1051 107 41
1051 108 45
1051 109 42
1051 110 40
1051 111 0
1051 112 0
1051 113 40
1051 114 37
1051 115 59
1051 116 0
1051 117 42
1051 118 41
1051 119 32
1051 120 40
1051 121 45
1076 1 38
1076 2 39
1076 3 42
1076 4 38
1076 5 46
1076 6 45
1076 7 39
1076 8 40
1076 9 0
1076 10 0
1076 11 0
1076 12 42
1076 13 40
1076 14 36
1076 15 31
1076 16 41
1076 17 40
1076 18 39
1076 19 42
1076 20 0
1076 21 0
1076 22 0
1076 23 39
1076 24 37
1076 25 38
1076 26 0
1076 27 41
1076 28 32
1076 29 49
1076 30 39
1076 31 0
1076 32 0
1076 33 0
1076 34 45
1076 35 42
1076 36 38
1076 37 0
1076 38 42
1076 39 37
1076 40 41
1076 41 41
1076 42 41
1076 43 0
1076 44 0
1076 45 0
1076 46 0
1076 47 39
1076 48 44
1076 49 44
1076 50 32
1076 51 41
1076 52 40
1076 53 47
1076 54 0
1076 55 0
1076 56 0
1076 57 0
1076 58 41
1076 59 39
1076 60 40
1076 61 41
1076 62 40
1076 63 40
1076 64 42
1076 65 0
1076 66 0
1076 67 0
1076 68 0
1076 69 33
1076 70 41
1076 71 41
1076 72 42
1076 73 0
1076 74 0
1076 75 0
1076 76 0
1076 77 0
1076 78 0
1076 79 0
1076 80 0
1076 81 33
1076 82 48
1076 83 39
1076 84 0
1076 85 0
1076 86 0
1076 87 0
1076 88 0
1076 89 0
1076 90 0
1076 91 38
1076 92 40
1076 93 46
1076 94 0
1076 95 44
1076 96 42
1076 97 38
1076 98 0
1076 99 0
1076 100 0
1076 101 0
1076 102 31
1076 103 40
1076 104 37
1076 105 14
1076 106 39
1076 107 40
1076 108 42
1076 109 39
1076 110 37
1076 111 0
1076 112 0
1076 113 41
1076 114 40
1076 115 55
1076 116 0
1076 117 39
1076 118 38
1076 119 38
1076 120 39
1076 121 40
1101 1 40
1101 2 40
1101 3 40
1101 4 39
1101 5 44
1101 6 42
1101 7 49
1101 8 40
1101 9 0
1101 10 0
1101 11 0
1101 12 44
1101 13 46
1101 14 39
1101 15 41
1101 16 39
1101 17 44
1101 18 40
1101 19 42
1101 20 0
1101 21 0
1101 22 0
1101 23 40
1101 24 39
1101 25 40
1101 26 0
1101 27 45
1101 28 39
1101 29 43
1101 30 43
1101 31 0
1101 32 0
1101 33 0
1101 34 40
1101 35 40
1101 36 41
1101 37 0
1101 38 43
1101 39 38
1101 40 37
1101 41 40
1101 42 35
1101 43 0
1101 44 0
1101 45 0
1101 46 0
1101 47 43
1101 48 38
1101 49 37
1101 50 30
1101 51 40
1101 52 40
1101 53 38
1101 54 0
1101 55 0
1101 56 0
1101 57 0
1101 58 40
1101 59 42
1101 60 40
1101 61 45
1101 62 35
1101 63 40
1101 64 40
1101 65 0
1101 66 0
1101 67 0
1101 68 0
1101 69 44
1101 70 35
1101 71 40
1101 72 42
1101 73 0
1101 74 0
1101 75 0
1101 76 0
1101 77 0
1101 78 0
1101 79 0
1101 80 0
1101 81 38
1101 82 41
1101 83 38
1101 84 0
1101 85 0
1101 86 0
1101 87 0
1101 88 0
1101 89 0
1101 90 0
1101 91 44
1101 92 36
1101 93 42
1101 94 0
1101 95 38
1101 96 39
1101 97 36
1101 98 0
1101 99 0
1101 100 0
1101 101 0
1101 102 40
1101 103 37
1101 104 31
1101 105 13
1101 106 41
1101 107 45
1101 108 40
1101 109 41
1101 110 29
1101 111 0
1101 112 0
1101 113 40
1101 114 40
1101 115 53
1101 116 0
1101 117 43
1101 118 30
1101 119 29
1101 120 38
1101 121 37
1126 1 41
1126 2 42
1126 3 47
1126 4 42
1126 5 39
1126 6 39
1126 7 40
1126 8 39
1126 9 0
1126 10 0
1126 11 0
1126 12 43
1126 13 45
1126 14 32
1126 15 27
1126 16 45
1126 17 41
1126 18 41
1126 19 39
1126 20 0
1126 21 0
1126 22 0
1126 23 39
1126 24 38
1126 25 40
1126 26 0
1126 27 37
1126 28 41
1126 29 47
1126 30 39
1126 31 0
1126 32 0
1126 33 0
1126 34 38
1126 35 40
1126 36 45
1126 37 0
1126 38 33
1126 39 39
1126 40 38
1126 41 40
1126 42 37
1126 43 0
1126 44 0
1126 45 0
1126 46 0
1126 47 41
1126 48 45
1126 49 41
1126 50 31
1126 51 38
1126 52 39
1126 53 39
1126 54 0
1126 55 0
1126 56 0
1126 57 0
1126 58 39
1126 59 33
1126 60 38
1126 61 37
1126 62 40
1126 63 41
1126 64 45
1126 65 0
1126 66 0
1126 67 0
1126 68 0
1126 69 41
1126 70 39
1126 71 37
1126 72 40
1126 73 0
1126 74 0
1126 75 0
1126 76 0
1126 77 0
1126 78 0
1126 79 0
1126 80 0
1126 81 30
1126 82 35
1126 83 45
1126 84 0
1126 85 0
1126 86 0
1126 87 0
1126 88 0
1126 89 0
1126 90 0
1126 91 39
1126 92 40
1126 93 45
1126 94 0
1126 95 38
1126 96 39
1126 97 37
1126 98 0
1126 99 0
1126 100 0
1126 101 0
1126 102 32
1126 103 37
1126 104 29
1126 105 13
1126 106 40
1126 107 40
1126 108 42
1126 109 45
1126 110 41
1126 111 0
1126 112 0
1126 113 40
1126 114 43
1126 115 53
1126 116 0
1126 117 36
1126 118 44
1126 119 34
1126 120 35
1126 121 42
1151 1 42
1151 2 39
1151 3 42
1151 4 44
1151 5 41
1151 6 40
1151 7 42
1151 8 46
1151 9 0
1151 10 0
1151 11 0
1151 12 47
1151 13 39
1151 14 38
1151 15 30
1151 16 39
1151 17 39
1151 18 37
1151 19 41
1151 20 0
1151 21 0
1151 22 0
1151 23 48
1151 24 39
1151 25 40
1151 26 0
1151 27 38
1151 28 34
1151 29 42
1151 30 41
1151 31 0
1151 32 0
1151 33 0
1151 34 42
1151 35 39
1151 36 43
1151 37 0
1151 38 33
1151 39 42
1151 40 37
1151 41 41
1151 42 39
1151 43 0
1151 44 0
1151 45 0
1151 46 0
1151 47 40
1151 48 42
1151 49 40
1151 50 26
1151 51 34
1151 52 42
1151 53 40
1151 54 0
1151 55 0
1151 56 0
1151 57 0
1151 58 32
1151 59 38
1151 60 35
1151 61 39
1151 62 39
1151 63 42
1151 64 36
1151 65 0
1151 66 0
1151 67 0
1151 68 0
1151 69 40
1151 70 41
1151 71 40
1151 72 40
1151 73 0
1151 74 0
1151 75 0
1151 76 0
1151 77 0
1151 78 0
1151 79 0
1151 80 0
1151 81 30
1151 82 40
1151 83 40
1151 84 0
1151 85 0
1151 86 0
1151 87 0
1151 88 0
1151 89 0
1151 90 0
1151 91 40
1151 92 41
1151 93 39
1151 94 0
1151 95 45
1151 96 41
1151 97 40
1151 98 0
1151 99 0
1151 100 0
1151 101 0
1151 102 40
1151 103 39
1151 104 24
1151 105 11
1151 106 41
1151 107 35
1151 108 45
1151 109 43
1151 110 42
1151 111 0
1151 112 0
1151 113 42
1151 114 43
1151 115 53
1151 116 0
1151 117 36
1151 118 39
1151 119 24
1151 120 37
1151 121 38
1176 1 47
1176 2 40
1176 3 38
1176 4 47
1176 5 41
1176 6 40
1176 7 40
1176 8 42
1176 9 0
1176 10 0
1176 11 0
1176 12 41
1176 13 41
1176 14 36
1176 15 35
1176 16 41
1176 17 44
1176 18 40
1176 19 44
1176 20 0
1176 21 0
1176 22 0
1176 23 40
1176 24 30
1176 25 40
1176 26 0
1176 27 39
1176 28 38
1176 29 49
1176 30 40
1176 31 0
1176 32 0
1176 33 0
1176 34 40
1176 35 40
1176 36 40
1176 37 0
1176 38 41
1176 39 37
1176 40 38
1176 41 40
1176 42 39
1176 43 0
1176 44 0
1176 45 0
1176 46 0
1176 47 45
1176 48 40
1176 49 36
1176 50 35
1176 51 35
1176 52 47
1176 53 41
1176 54 0
1176 55 0
1176 56 0
1176 57 0
1176 58 39
1176 59 31
1176 60 32
1176 61 44
1176 62 38
1176 63 42
1176 64 40
1176 65 0
1176 66 0
1176 67 0
1176 68 0
1176 69 41
1176 70 40
1176 71 38
1176 72 40
1176 73 0
1176 74 0
1176 75 0
1176 76 0
1176 77 0
1176 78 0
1176 79 0
1176 80 0
1176 81 31
1176 82 43
1176 83 39
1176 84 0
1176 85 0
1176 86 0
1176 87 0
1176 88 0
1176 89 0
1176 90 0
1176 91 43
1176 92 46
1176 93 37
1176 94 0
1176 95 39
1176 96 40
1176 97 35
1176 98 0
1176 99 0
1176 100 0
1176 101 0
1176 102 36
1176 103 40
1176 104 29
1176 105 12
1176 106 36
1176 107 40
1176 108 40
1176 109 43
1176 110 40
1176 111 0
1176 112 0
1176 113 36
1176 114 41
1176 115 50
1176 116 0
1176 117 39
1176 118 33
1176 119 37
1176 120 40
1176 121 40
1201 1 46
1201 2 37
1201 3 42
1201 4 41
1201 5 47
1201 6 42
1201 7 40
1201 8 50
1201 9 0
1201 10 0
1201 11 0
1201 12 40
1201 13 39
1201 14 32
1201 15 31
1201 16 46
1201 17 35
1201 18 40
1201 19 39
1201 20 0
1201 21 0
1201 22 0
1201 23 38
1201 24 39
1201 25 40
1201 26 0
1201 27 32
1201 28 38
1201 29 40
1201 30 45
1201 31 0
1201 32 0
1201 33 0
1201 34 42
1201 35 37
1201 36 42
1201 37 0
1201 38 40
1201 39 39
1201 40 30
1201 41 39
1201 42 40
1201 43 0
1201 44 0
1201 45 0
1201 46 0
1201 47 39
1201 48 47
1201 49 40
1201 50 30
1201 51 40
1201 52 46
1201 53 38
1201 54 0
1201 55 0
1201 56 0
1201 57 0
1201 58 38
1201 59 39
1201 60 38
1201 61 38
1201 62 40
1201 63 38
1201 64 32
1201 65 0
1201 66 0
1201 67 0
1201 68 0
1201 69 40
1201 70 39
1201 71 40
1201 72 38
1201 73 0
1201 74 0
1201 75 0
1201 76 0
1201 77 0
1201 78 0
1201 79 0
1201 80 0
1201 81 32
1201 82 39
1201 83 39
1201 84 0
1201 85 0
1201 86 0
1201 87 0
1201 88 0
1201 89 0
1201 90 0
1201 91 40
1201 92 39
1201 93 41
1201 94 0
1201 95 41
1201 96 42
1201 97 45
1201 98 0
1201 99 0
1201 100 0
1201 101 0
1201 102 40
1201 103 41
1201 104 31
1201 105 16
1201 106 45
1201 107 40
1201 108 43
1201 109 41
1201 110 34
1201 111 0
1201 112 0
1201 113 37
1201 114 35
1201 115 50
1201 116 0
1201 117 38
1201 118 34
1201 119 30
1201 120 41
1201 121 31
1226 1 43
1226 2 41
1226 3 37
1226 4 41
1226 5 45
1226 6 46
1226 7 48
1226 8 41
1226 9 0
1226 10 0
1226 11 0
1226 12 40
1226 13 45
1226 14 36
1226 15 34
1226 16 37
1226 17 40
1226 18 43
1226 19 40
1226 20 0
1226 21 0
1226 22 0
1226 23 40
1226 24 40
1226 25 40
1226 26 0
1226 27 40
1226 28 41
1226 29 41
1226 30 40
1226 31 0
1226 32 0
1226 33 0
1226 34 40
1226 35 44
1226 36 40
1226 37 0
1226 38 37
1226 39 41
1226 40 38
1226 41 40
1226 42 36
1226 43 0
1226 44 0
1226 45 0
1226 46 0
1226 47 39
1226 48 44
1226 49 39
1226 50 32
1226 51 39
1226 52 39
1226 53 40
1226 54 0
1226 55 0
1226 56 0
1226 57 0
1226 58 40
1226 59 38
1226 60 39
1226 61 42
1226 62 39
1226 63 41
1226 64 42
1226 65 0
1226 66 0
1226 67 0
1226 68 0
1226 69 40
1226 70 39
1226 71 40
1226 72 43
1226 73 0
1226 74 0
1226 75 0
1226 76 0
1226 77 0
1226 78 0
1226 79 0
1226 80 0
1226 81 29
1226 82 39
1226 83 44
1226 84 0
1226 85 0
1226 86 0
1226 87 0
1226 88 0
1226 89 0
1226 90 0
1226 91 40
1226 92 40
1226 93 41
1226 94 0
1226 95 41
1226 96 41
1226 97 40
1226 98 0
1226 99 0
1226 100 0
1226 101 0
1226 102 38
1226 103 36
1226 104 32
1226 105 18
1226 106 42
1226 107 38
1226 108 42
1226 109 41
1226 110 40
1226 111 0
1226 112 0
1226 113 39
1226 114 35
1226 115 47
1226 116 0
1226 117 32
1226 118 41
1226 119 31
1226 120 40
1226 121 40
1251 1 43
1251 2 45
1251 3 46
1251 4 44
1251 5 39
1251 6 41
1251 7 40
1251 8 46
1251 9 0
1251 10 0
1251 11 0
1251 12 40
1251 13 45
1251 14 37
1251 15 29
1251 16 40
1251 17 40
1251 18 44
1251 19 41
1251 20 0
1251 21 0
1251 22 0
1251 23 39
1251 24 45
1251 25 40
1251 26 0
1251 27 39
1251 28 41
1251 29 43
1251 30 39
1251 31 0
1251 32 0
1251 33 0
1251 34 42
1251 35 40
1251 36 40
1251 37 0
1251 38 40
1251 39 38
1251 40 40
1251 41 45
1251 42 39
1251 43 0
1251 44 0
1251 45 0
1251 46 0
1251 47 39
1251 48 32
1251 49 38
1251 50 31
1251 51 46
1251 52 35
1251 53 36
1251 54 0
1251 55 0
1251 56 0
1251 57 0
1251 58 37
1251 59 35
1251 60 39
1251 61 42
1251 62 44
1251 63 38
1251 64 40
1251 65 0
1251 66 0
1251 67 0
1251 68 0
1251 69 38
1251 70 42
1251 71 40
1251 72 40
1251 73 0
1251 74 0
1251 75 0
1251 76 0
1251 77 0
1251 78 0
1251 79 0
1251 80 0
1251 81 28
1251 82 43
1251 83 39
1251 84 0
1251 85 0
1251 86 0
1251 87 0
1251 88 0
1251 89 0
1251 90 0
1251 91 48
1251 92 40
1251 93 43
1251 94 0
1251 95 40
1251 96 42
1251 97 40
1251 98 0
1251 99 0
1251 100 0
1251 101 0
1251 102 31
1251 103 40
1251 104 30
1251 105 10
1251 106 45
1251 107 39
1251 108 43
1251 109 43
1251 110 39
1251 111 0
1251 112 0
1251 113 45
1251 114 41
1251 115 49
1251 116 0
1251 117 39
1251 118 45
1251 119 30
1251 120 30
1251 121 30
1276 1 41
1276 2 45
1276 3 43
1276 4 40
1276 5 40
1276 6 39
1276 7 38
1276 8 44
1276 9 0
1276 10 0
1276 11 0
1276 12 39
1276 13 37
1276 14 32
1276 15 33
1276 16 46
1276 17 40
1276 18 40
1276 19 46
1276 20 0
1276 21 0
1276 22 0
1276 23 38
1276 24 41
1276 25 41
1276 26 0
1276 27 40
1276 28 40
1276 29 42
1276 30 40
1276 31 0
1276 32 0
1276 33 0
1276 34 40
1276 35 36
1276 36 40
1276 37 0
1276 38 33
1276 39 39
1276 40 39
1276 41 40
1276 42 39
1276 43 0
1276 44 0
1276 45 0
1276 46 0
1276 47 39
1276 48 39
1276 49 41
1276 50 37
1276 51 39
1276 52 38
1276 53 39
1276 54 0
1276 55 0
1276 56 0
1276 57 0
1276 58 40
1276 59 39
1276 60 39
1276 61 37
1276 62 42
1276 63 44
1276 64 40
1276 65 0
1276 66 0
1276 67 0
1276 68 0
1276 69 39
1276 70 37
1276 71 41
1276 72 44
1276 73 0
1276 74 0
1276 75 0
1276 76 0
1276 77 0
1276 78 0
1276 79 0
1276 80 0
1276 81 38
1276 82 39
1276 83 46
1276 84 0
1276 85 0
1276 86 0
1276 87 0
1276 88 0
1276 89 0
1276 90 0
1276 91 40
1276 92 39
1276 93 43
1276 94 0
1276 95 41
1276 96 49
1276 97 40
1276 98 0
1276 99 0
1276 100 0
1276 101 0
1276 102 33
1276 103 36
1276 104 31
1276 105 10
1276 106 39
1276 107 36
1276 108 39
1276 109 40
1276 110 32
1276 111 0
1276 112 0
1276 113 38
1276 114 39
1276 115 47
1276 116 0
1276 117 30
1276 118 38
1276 119 40
1276 120 40
1276 121 38
1301 1 38
1301 2 40
1301 3 48
1301 4 33
1301 5 42
1301 6 37
1301 7 44
1301 8 41
1301 9 0
1301 10 0
1301 11 0
1301 12 40
1301 13 42
1301 14 36
1301 15 37
1301 16 38
1301 17 44
1301 18 33
1301 19 39
1301 20 0
1301 21 0
1301 22 0
1301 23 39
1301 24 36
1301 25 42
1301 26 0
1301 27 40
1301 28 40
1301 29 41
1301 30 40
1301 31 0
1301 32 0
1301 33 0
1301 34 43
1301 35 41
1301 36 41
1301 37 0
1301 38 39
1301 39 40
1301 40 34
1301 41 48
1301 42 41
1301 43 0
1301 44 0
1301 45 0
1301 46 0
1301 47 40
1301 48 44
1301 49 42
1301 50 33
1301 51 40
1301 52 40
1301 53 33
1301 54 0
1301 55 0
1301 56 0
1301 57 0
1301 58 40
1301 59 33
1301 60 39
1301 61 38
1301 62 41
1301 63 39
1301 64 33
1301 65 0
1301 66 0
1301 67 0
1301 68 0
1301 69 41
1301 70 41
1301 71 35
1301 72 39
1301 73 0
1301 74 0
1301 75 0
1301 76 0
1301 77 0
1301 78 0
1301 79 0
1301 80 0
1301 81 35
1301 82 43
1301 83 39
1301 84 0
1301 85 0
1301 86 0
1301 87 0
1301 88 0
1301 89 0
1301 90 0
1301 91 40
1301 92 37
1301 93 40
1301 94 0
1301 95 40
1301 96 41
1301 97 30
1301 98 0
1301 99 0
1301 100 0
1301 101 0
1301 102 31
1301 103 41
1301 104 40
1301 105 11
1301 106 41
1301 107 40
1301 108 34
1301 109 38
1301 110 38
1301 111 0
1301 112 0
1301 113 38
1301 114 37
1301 115 50
1301 116 0
1301 117 40
1301 118 40
1301 119 36
1301 120 39
1301 121 41
1326 1 39
1326 2 41
1326 3 41
1326 4 39
1326 5 36
1326 6 38
1326 7 40
1326 8 42
1326 9 0
1326 10 0
1326 11 0
1326 12 39
1326 13 40
1326 14 38
1326 15 38
1326 16 40
1326 17 38
1326 18 39
1326 19 37
1326 20 0
1326 21 0
1326 22 0
1326 23 38
1326 24 38
1326 25 37
1326 26 0
1326 27 38
1326 28 41
1326 29 39
1326 30 40
1326 31 0
1326 32 0
1326 33 0
1326 34 44
1326 35 38
1326 36 43
1326 37 0
1326 38 42
1326 39 37
1326 40 40
1326 41 42
1326 42 41
1326 43 0
1326 44 0
1326 45 0
1326 46 0
1326 47 41
1326 48 39
1326 49 41
1326 50 28
1326 51 40
1326 52 40
1326 53 41
1326 54 0
1326 55 0
1326 56 0
1326 57 0
1326 58 34
1326 59 40
1326 60 37
1326 61 40
1326 62 36
1326 63 40
1326 64 44
1326 65 0
1326 66 0
1326 67 0
1326 68 0
1326 69 41
1326 70 43
1326 71 42
1326 72 42
1326 73 0
1326 74 0
1326 75 0
1326 76 0
1326 77 0
1326 78 0
1326 79 0
1326 80 0
1326 81 31
1326 82 43
1326 83 41
1326 84 0
1326 85 0
1326 86 0
1326 87 0
1326 88 0
1326 89 0
1326 90 0
1326 91 41
1326 92 41
1326 93 50
1326 94 0
1326 95 42
1326 96 40
1326 97 49
1326 98 0
1326 99 0
1326 100 0
1326 101 0
1326 102 34
1326 103 42
1326 104 28
1326 105 12
1326 106 50
1326 107 33
1326 108 41
1326 109 40
1326 110 41
1326 111 0
1326 112 0
1326 113 40
1326 114 38
1326 115 55
1326 116 0
1326 117 35
1326 118 40
1326 119 32
1326 120 40
1326 121 43
1351 1 37
1351 2 43
1351 3 43
1351 4 40
1351 5 38
1351 6 40
1351 7 40
1351 8 39
1351 9 0
1351 10 0
1351 11 0
1351 12 41
1351 13 44
1351 14 36
1351 15 31
1351 16 39
1351 17 40
1351 18 39
1351 19 47
1351 20 0
1351 21 0
1351 22 0
1351 23 43
1351 24 38
1351 25 35
1351 26 0
1351 27 40
1351 28 40
1351 29 45
1351 30 44
1351 31 0
1351 32 0
1351 33 0
1351 34 40
1351 35 43
1351 36 46
1351 37 0
1351 38 40
1351 39 39
1351 40 37
1351 41 40
1351 42 37
1351 43 0
1351 44 0
1351 45 0
1351 46 0
1351 47 41
1351 48 51
1351 49 40
1351 50 33
1351 51 40
1351 52 41
1351 53 35
1351 54 0
1351 55 0
1351 56 0
1351 57 0
1351 58 39
1351 59 40
1351 60 40
1351 61 40
1351 62 37
1351 63 43
1351 64 44
1351 65 0
1351 66 0
1351 67 0
1351 68 0
1351 69 43
1351 70 39
1351 71 38
1351 72 39
1351 73 0
1351 74 0
1351 75 0
1351 76 0
1351 77 0
1351 78 0
1351 79 0
1351 80 0
1351 81 38
1351 82 40
1351 83 39
1351 84 0
1351 85 0
1351 86 0
1351 87 0
1351 88 0
1351 89 0
1351 90 0
1351 91 41
1351 92 40
1351 93 38
1351 94 0
1351 95 40
1351 96 41
1351 97 40
1351 98 0
1351 99 0
1351 100 0
1351 101 0
1351 102 32
1351 103 41
1351 104 32
1351 105 9
1351 106 46
1351 107 41
1351 108 40
1351 109 43
1351 110 39
1351 111 0
1351 112 0
1351 113 33
1351 114 38
1351 115 49
1351 116 0
1351 117 38
1351 118 43
1351 119 29
1351 120 39
1351 121 40
1376 1 41
1376 2 40
1376 3 41
1376 4 37
1376 5 40
1376 6 43
1376 7 41
1376 8 40
1376 9 0
1376 10 0
1376 11 0
1376 12 39
1376 13 38
1376 14 38
1376 15 35
1376 16 40
1376 17 40
1376 18 37
1376 19 40
1376 20 0
1376 21 0
1376 22 0
1376 23 44
1376 24 38
1376 25 37
1376 26 0
1376 27 40
1376 28 46
1376 29 40
1376 30 39
1376 31 0
1376 32 0
1376 33 0
1376 34 44
1376 35 50
1376 36 43
1376 37 0
1376 38 38
1376 39 40
1376 40 34
1376 41 41
1376 42 39
1376 43 0
1376 44 0
1376 45 0
1376 46 0
1376 47 36
1376 48 45
1376 49 40
1376 50 32
1376 51 39
1376 52 37
1376 53 39
1376 54 0
1376 55 0
1376 56 0
1376 57 0
1376 58 38
1376 59 41
1376 60 35
1376 61 37
1376 62 33
1376 63 41
1376 64 40
1376 65 0
1376 66 0
1376 67 0
1376 68 0
1376 69 40
1376 70 40
1376 71 37
1376 72 39
1376 73 0
1376 74 0
1376 75 0
1376 76 0
1376 77 0
1376 78 0
1376 79 0
1376 80 0
1376 81 33
1376 82 42
1376 83 41
1376 84 0
1376 85 0
1376 86 0
1376 87 0
1376 88 0
1376 89 0
1376 90 0
1376 91 39
1376 92 40
1376 93 40
1376 94 0
1376 95 41
1376 96 42
1376 97 40
1376 98 0
1376 99 0
1376 100 0
1376 101 0
1376 102 37
1376 103 39
1376 104 31
1376 105 13
1376 106 43
1376 107 36
1376 108 41
1376 109 40
1376 110 42
1376 111 0
1376 112 0
1376 113 41
1376 114 41
1376 115 49
1376 116 0
1376 117 40
1376 118 42
1376 119 32
1376 120 44
1376 121 41
1401 1 40
1401 2 41
1401 3 45
1401 4 42
1401 5 40
1401 6 46
1401 7 36
1401 8 42
1401 9 0
1401 10 0
1401 11 0
1401 12 42
1401 13 43
1401 14 39
1401 15 28
1401 16 39
1401 17 39
1401 18 41
1401 19 40
1401 20 0
1401 21 0
1401 22 0
1401 23 40
1401 24 37
1401 25 40
1401 26 0
1401 27 40
1401 28 43
1401 29 50
1401 30 41
1401 31 0
1401 32 0
1401 33 0
1401 34 41
1401 35 41
1401 36 40
1401 37 0
1401 38 36
1401 39 41
1401 40 40
1401 41 41
1401 42 44
1401 43 0
1401 44 0
1401 45 0
1401 46 0
1401 47 41
1401 48 39
1401 49 38
1401 50 30
1401 51 39
1401 52 39
1401 53 39
1401 54 0
1401 55 0
1401 56 0
1401 57 0
1401 58 35
1401 59 31
1401 60 39
1401 61 40
1401 62 40
1401 63 39
1401 64 34
1401 65 0
1401 66 0
1401 67 0
1401 68 0
1401 69 40
1401 70 40
1401 71 41
1401 72 43
1401 73 0
1401 74 0
1401 75 0
1401 76 0
1401 77 0
1401 78 0
1401 79 0
1401 80 0
1401 81 29
1401 82 50
1401 83 41
1401 84 0
1401 85 0
1401 86 0
1401 87 0
1401 88 0
1401 89 0
1401 90 0
1401 91 39
1401 92 45
1401 93 41
1401 94 0
1401 95 42
1401 96 42
1401 97 40
1401 98 0
1401 99 0
1401 100 0
1401 101 0
1401 102 36
1401 103 39
1401 104 29
1401 105 14
1401 106 40
1401 107 41
1401 108 38
1401 109 41
1401 110 40
1401 111 0
1401 112 0
1401 113 43
1401 114 39
1401 115 51
1401 116 0
1401 117 40
1401 118 43
1401 119 31
1401 120 40
1401 121 39
1426 1 41
1426 2 40
1426 3 42
1426 4 42
1426 5 39
1426 6 40
1426 7 42
1426 8 49
1426 9 0
1426 10 0
1426 11 0
1426 12 46
1426 13 43
1426 14 38
1426 15 29
1426 16 40
1426 17 46
1426 18 43
1426 19 39
1426 20 0
1426 21 0
1426 22 0
1426 23 39
1426 24 39
1426 25 40
1426 26 0
1426 27 39
1426 28 39
1426 29 44
1426 30 39
1426 31 0
1426 32 0
1426 33 0
1426 34 40
1426 35 40
1426 36 40
1426 37 0
1426 38 43
1426 39 37
1426 40 33
1426 41 40
1426 42 36
1426 43 0
1426 44 0
1426 45 0
1426 46 0
1426 47 40
1426 48 42
1426 49 40
1426 50 34
1426 51 42
1426 52 39
1426 53 40
1426 54 0
1426 55 0
1426 56 0
1426 57 0
1426 58 38
1426 59 39
1426 60 37
1426 61 40
1426 62 39
1426 63 37
1426 64 40
1426 65 0
1426 66 0
1426 67 0
1426 68 0
1426 69 41
1426 70 39
1426 71 39
1426 72 48
1426 73 0
1426 74 0
1426 75 0
1426 76 0
1426 77 0
1426 78 0
1426 79 0
1426 80 0
1426 81 32
1426 82 44
1426 83 41
1426 84 0
1426 85 0
1426 86 0
1426 87 0
1426 88 0
1426 89 0
1426 90 0
1426 91 39
1426 92 38
1426 93 42
1426 94 0
1426 95 51
1426 96 40
1426 97 38
1426 98 0
1426 99 0
1426 100 0
1426 101 0
1426 102 36
1426 103 40
1426 104 35
1426 105 20
1426 106 41
1426 107 36
1426 108 39
1426 109 37
1426 110 42
1426 111 0
1426 112 0
1426 113 42
1426 114 41
1426 115 51
1426 116 0
1426 117 41
1426 118 40
1426 119 35
1426 120 34
1426 121 39
1451 1 41
1451 2 42
1451 3 42
1451 4 40
1451 5 38
1451 6 41
1451 7 43
1451 8 39
1451 9 0
1451 10 0
1451 11 0
1451 12 41
1451 13 45
1451 14 31
1451 15 31
1451 16 39
1451 17 40
1451 18 39
1451 19 39
1451 20 0
1451 21 0
1451 22 0
1451 23 41
1451 24 35
1451 25 39
1451 26 0
1451 27 40
1451 28 40
1451 29 44
1451 30 42
1451 31 0
1451 32 0
1451 33 0
1451 34 40
1451 35 45
1451 36 39
1451 37 0
1451 38 41
1451 39 39
1451 40 35
1451 41 43
1451 42 37
1451 43 0
1451 44 0
1451 45 0
1451 46 0
1451 47 44
1451 48 42
1451 49 40
1451 50 34
1451 51 41
1451 52 39
1451 53 37
1451 54 0
1451 55 0
1451 56 0
1451 57 0
1451 58 38
1451 59 33
1451 60 39
1451 61 40
1451 62 41
1451 63 39
1451 64 41
1451 65 0
1451 66 0
1451 67 0
1451 68 0
1451 69 38
1451 70 41
1451 71 39
1451 72 41
1451 73 0
1451 74 0
1451 75 0
1451 76 0
1451 77 0
1451 78 0
1451 79 0
1451 80 0
1451 81 32
1451 82 40
1451 83 42
1451 84 0
1451 85 0
1451 86 0
1451 87 0
1451 88 0
1451 89 0
1451 90 0
1451 91 40
1451 92 39
1451 93 45
1451 94 0
1451 95 40
1451 96 43
1451 97 42
1451 98 0
1451 99 0
1451 100 0
1451 101 0
1451 102 29
1451 103 41
1451 104 33
1451 105 14
1451 106 36
1451 107 40
1451 108 40
1451 109 42
1451 110 37
1451 111 0
1451 112 0
1451 113 40
1451 114 39
1451 115 43
1451 116 0
1451 117 38
1451 118 39
1451 119 27
1451 120 41
1451 121 39
1476 1 38
1476 2 39
1476 3 41
1476 4 38
1476 5 40
1476 6 41
1476 7 36
1476 8 39
1476 9 0
1476 10 0
1476 11 0
1476 12 47
1476 13 40
1476 14 41
1476 15 32
1476 16 45
1476 17 32
1476 18 38
1476 19 40
1476 20 0
1476 21 0
1476 22 0
1476 23 39
1476 24 31
1476 25 43
1476 26 0
1476 27 39
1476 28 42
1476 29 49
1476 30 39
1476 31 0
1476 32 0
1476 33 0
1476 34 40
1476 35 44
1476 36 45
1476 37 0
1476 38 40
1476 39 41
1476 40 33
1476 41 41
1476 42 39
1476 43 0
1476 44 0
1476 45 0
1476 46 0
1476 47 41
1476 48 38
1476 49 40
1476 50 23
1476 51 43
1476 52 35
1476 53 40
1476 54 0
1476 55 0
1476 56 0
1476 57 0
1476 58 42
1476 59 35
1476 60 38
1476 61 41
1476 62 39
1476 63 39
1476 64 48
1476 65 0
1476 66 0
1476 67 0
1476 68 0
1476 69 39
1476 70 37
1476 71 40
1476 72 41
1476 73 0
1476 74 0
1476 75 0
1476 76 0
1476 77 0
1476 78 0
1476 79 0
1476 80 0
1476 81 37
1476 82 39
1476 83 38
1476 84 0
1476 85 0
1476 86 0
1476 87 0
1476 88 0
1476 89 0
1476 90 0
1476 91 39
1476 92 39
1476 93 47
1476 94 0
1476 95 46
1476 96 42
1476 97 40
1476 98 0
1476 99 0
1476 100 0
1476 101 0
1476 102 32
1476 103 41
1476 104 25
1476 105 10
1476 106 34
1476 107 33
1476 108 40
1476 109 44
1476 110 44
1476 111 0
1476 112 0
1476 113 40
1476 114 35
1476 115 46
1476 116 0
1476 117 36
1476 118 39
1476 119 36
1476 120 33
1476 121 40
1501 1 38
1501 2 37
1501 3 42
1501 4 41
1501 5 42
1501 6 38
1501 7 41
1501 8 41
1501 9 0
1501 10 0
1501 11 0
1501 12 42
1501 13 40
1501 14 40
1501 15 33
1501 16 40
1501 17 41
1501 18 36
1501 19 40
1501 20 0
1501 21 0
1501 22 0
1501 23 40
1501 24 39
1501 25 39
1501 26 0
1501 27 38
1501 28 38
1501 29 42
1501 30 43
1501 31 0
1501 32 0
1501 33 0
1501 34 42
1501 35 40
1501 36 43
1501 37 0
1501 38 31
1501 39 39
1501 40 41
1501 41 41
1501 42 31
1501 43 0
1501 44 0
1501 45 0
1501 46 0
1501 47 40
1501 48 45
1501 49 40
1501 50 33
1501 51 33
1501 52 40
1501 53 40
1501 54 0
1501 55 0
1501 56 0
1501 57 0
1501 58 39
1501 59 39
1501 60 40
1501 61 40
1501 62 42
1501 63 39
1501 64 39
1501 65 0
1501 66 0
1501 67 0
1501 68 0
1501 69 42
1501 70 42
1501 71 34
1501 72 36
1501 73 0
1501 74 0
1501 75 0
1501 76 0
1501 77 0
1501 78 0
1501 79 0
1501 80 0
1501 81 32
1501 82 39
1501 83 40
1501 84 0
1501 85 0
1501 86 0
1501 87 0
1501 88 0
1501 89 0
1501 90 0
1501 91 39
1501 92 40
1501 93 42
1501 94 0
1501 95 40
1501 96 40
1501 97 38
1501 98 0
1501 99 0
1501 100 0
1501 101 0
1501 102 40
1501 103 38
1501 104 40
1501 105 19
1501 106 41
1501 107 30
1501 108 40
1501 109 40
1501 110 40
1501 111 0
1501 112 0
1501 113 40
1501 114 29
1501 115 50
1501 116 0
1501 117 33
1501 118 40
1501 119 30
1501 120 32
1501 121 41
1526 1 35
1526 2 40
1526 3 42
1526 4 40
1526 5 40
1526 6 41
1526 7 38
1526 8 43
1526 9 0
1526 10 0
1526 11 0
1526 12 47
1526 13 41
1526 14 32
1526 15 32
1526 16 38
1526 17 41
1526 18 44
1526 19 42
1526 20 0
1526 21 0
1526 22 0
1526 23 38
1526 24 43
1526 25 40
1526 26 0
1526 27 40
1526 28 42
1526 29 41
1526 30 39
1526 31 0
1526 32 0
1526 33 0
1526 34 40
1526 35 40
1526 36 38
1526 37 0
1526 38 34
1526 39 40
1526 40 39
1526 41 41
1526 42 39
1526 43 0
1526 44 0
1526 45 0
1526 46 0
1526 47 42
1526 48 43
1526 49 37
1526 50 29
1526 51 41
1526 52 38
1526 53 39
1526 54 0
1526 55 0
1526 56 0
1526 57 0
1526 58 40
1526 59 39
1526 60 36
1526 61 39
1526 62 38
1526 63 41
1526 64 42
1526 65 0
1526 66 0
1526 67 0
1526 68 0
1526 69 41
1526 70 35
1526 71 31
1526 72 50
1526 73 0
1526 74 0
1526 75 0
1526 76 0
1526 77 0
1526 78 0
1526 79 0
1526 80 0
1526 81 29
1526 82 49
1526 83 36
1526 84 0
1526 85 0
1526 86 0
1526 87 0
1526 88 0
1526 89 0
1526 90 0
1526 91 40
1526 92 42
1526 93 39
1526 94 0
1526 95 41
1526 96 51
1526 97 42
1526 98 0
1526 99 0
1526 100 0
1526 101 0
1526 102 31
1526 103 43
1526 104 34
1526 105 13
1526 106 46
1526 107 39
1526 108 41
1526 109 40
1526 110 38
1526 111 0
1526 112 0
1526 113 40
1526 114 40
1526 115 53
1526 116 0
1526 117 39
1526 118 40
1526 119 39
1526 120 38
1526 121 41
1551 1 39
1551 2 42
1551 3 43
1551 4 43
1551 5 43
1551 6 45
1551 7 39
1551 8 41
1551 9 0
1551 10 0
1551 11 0
1551 12 41
1551 13 40
1551 14 30
1551 15 37
1551 16 46
1551 17 40
1551 18 39
1551 19 40
1551 20 0
1551 21 0
1551 22 0
1551 23 41
1551 24 37
1551 25 42
1551 26 0
1551 27 38
1551 28 44
1551 29 42
1551 30 41
1551 31 0
1551 32 0
1551 33 0
1551 34 38
1551 35 43
1551 36 39
1551 37 0
1551 38 38
1551 39 41
1551 40 40
1551 41 45
1551 42 41
1551 43 0
1551 44 0
1551 45 0
1551 46 0
1551 47 39
1551 48 40
1551 49 47
1551 50 32
1551 51 40
1551 52 37
1551 53 38
1551 54 0
1551 55 0
1551 56 0
1551 57 0
1551 58 31
1551 59 40
1551 60 30
1551 61 38
1551 62 37
1551 63 38
1551 64 40
1551 65 0
1551 66 0
1551 67 0
1551 68 0
1551 69 42
1551 70 36
1551 71 40
1551 72 40
1551 73 0
1551 74 0
1551 75 0
1551 76 0
1551 77 0
1551 78 0
1551 79 0
1551 80 0
1551 81 31
1551 82 50
1551 83 40
1551 84 0
1551 85 0
1551 86 0
1551 87 0
1551 88 0
1551 89 0
1551 90 0
1551 91 41
1551 92 36
1551 93 42
1551 94 0
1551 95 43
1551 96 41
1551 97 43
1551 98 0
1551 99 0
1551 100 0
1551 101 0
1551 102 31
1551 103 41
1551 104 33
1551 105 13
1551 106 42
1551 107 33
1551 108 41
1551 109 40
1551 110 37
1551 111 0
1551 112 0
1551 113 40
1551 114 47
1551 115 51
1551 116 0
1551 117 34
1551 118 30
1551 119 29
1551 120 43
1551 121 43
1576 1 47
1576 2 40
1576 3 40
1576 4 35
1576 5 40
1576 6 40
1576 7 45
1576 8 42
1576 9 0
1576 10 0
1576 11 0
1576 12 43
1576 13 38
1576 14 35
1576 15 31
1576 16 39
1576 17 42
1576 18 42
1576 19 44
1576 20 0
1576 21 0
1576 22 0
1576 23 41
1576 24 36
1576 25 32
1576 26 0
1576 27 45
1576 28 42
1576 29 41
1576 30 38
1576 31 0
1576 32 0
1576 33 0
1576 34 41
1576 35 37
1576 36 41
1576 37 0
1576 38 31
1576 39 40
1576 40 38
1576 41 42
1576 42 40
1576 43 0
1576 44 0
1576 45 0
1576 46 0
1576 47 41
1576 48 40
1576 49 36
1576 50 34
1576 51 39
1576 52 38
1576 53 39
1576 54 0
1576 55 0
1576 56 0
1576 57 0
1576 58 38
1576 59 35
1576 60 42
1576 61 37
1576 62 37
1576 63 37
1576 64 36
1576 65 0
1576 66 0
1576 67 0
1576 68 0
1576 69 37
1576 70 44
1576 71 40
1576 72 49
1576 73 0
1576 74 0
1576 75 0
1576 76 0
1576 77 0
1576 78 0
1576 79 0
1576 80 0
1576 81 27
1576 82 38
1576 83 40
1576 84 0
1576 85 0
1576 86 0
1576 87 0
1576 88 0
1576 89 0
1576 90 0
1576 91 41
1576 92 40
1576 93 40
1576 94 0
1576 95 46
1576 96 41
1576 97 38
1576 98 0
1576 99 0
1576 100 0
1576 101 0
1576 102 41
1576 103 40
1576 104 31
1576 105 10
1576 106 40
1576 107 41
1576 108 40
1576 109 40
1576 110 38
1576 111 0
1576 112 0
1576 113 38
1576 114 34
1576 115 50
1576 116 0
1576 117 40
1576 118 38
1576 119 29
1576 120 39
1576 121 42
1601 1 39
1601 2 41
1601 3 40
1601 4 44
1601 5 40
1601 6 42
1601 7 39
1601 8 42
1601 9 0
1601 10 0
1601 11 0
1601 12 41
1601 13 37
1601 14 44
1601 15 32
1601 16 39
1601 17 40
1601 18 42
1601 19 41
1601 20 0
1601 21 0
1601 22 0
1601 23 40
1601 24 40
1601 25 37
1601 26 0
1601 27 42
1601 28 41
1601 29 44
1601 30 32
1601 31 0
1601 32 0
1601 33 0
1601 34 40
1601 35 37
1601 36 41
1601 37 0
1601 38 35
1601 39 35
1601 40 31
1601 41 36
1601 42 40
1601 43 0
1601 44 0
1601 45 0
1601 46 0
1601 47 41
1601 48 45
1601 49 39
1601 50 30
1601 51 42
1601 52 34
1601 53 35
1601 54 0
1601 55 0
1601 56 0
1601 57 0
1601 58 37
1601 59 30
1601 60 41
1601 61 36
1601 62 39
1601 63 41
1601 64 41
1601 65 0
1601 66 0
1601 67 0
1601 68 0
1601 69 40
1601 70 39
1601 71 41
1601 72 41
1601 73 0
1601 74 0
1601 75 0
1601 76 0
1601 77 0
1601 78 0
1601 79 0
1601 80 0
1601 81 38
1601 82 39
1601 83 43
1601 84 0
1601 85 0
1601 86 0
1601 87 0
1601 88 0
1601 89 0
1601 90 0
1601 91 40
1601 92 40
1601 93 43
1601 94 0
1601 95 40
1601 96 41
1601 97 41
1601 98 0
1601 99 0
1601 100 0
1601 101 0
1601 102 33
1601 103 40
1601 104 37
1601 105 10
1601 106 43
1601 107 39
1601 108 42
1601 109 40
1601 110 39
1601 111 0
1601 112 0
1601 113 39
1601 114 40
1601 115 50
1601 116 0
1601 117 38
1601 118 40
1601 119 29
1601 120 37
1601 121 37
1626 1 40
1626 2 41
1626 3 44
1626 4 40
1626 5 46
1626 6 41
1626 7 40
1626 8 41
1626 9 0
1626 10 0
1626 11 0
1626 12 42
1626 13 47
1626 14 29
1626 15 36
1626 16 40
1626 17 40
1626 18 42
1626 19 45
1626 20 0
1626 21 0
1626 22 0
1626 23 40
1626 24 38
1626 25 33
1626 26 0
1626 27 40
1626 28 42
1626 29 45
1626 30 40
1626 31 0
1626 32 0
1626 33 0
1626 34 44
1626 35 41
1626 36 43
1626 37 0
1626 38 37
1626 39 41
1626 40 39
1626 41 39
1626 42 39
1626 43 0
1626 44 0
1626 45 0
1626 46 0
1626 47 39
1626 48 44
1626 49 41
1626 50 32
1626 51 41
1626 52 41
1626 53 45
1626 54 0
1626 55 0
1626 56 0
1626 57 0
1626 58 38
1626 59 34
1626 60 38
1626 61 44
1626 62 42
1626 63 40
1626 64 40
1626 65 0
1626 66 0
1626 67 0
1626 68 0
1626 69 40
1626 70 40
1626 71 41
1626 72 49
1626 73 0
1626 74 0
1626 75 0
1626 76 0
1626 77 0
1626 78 0
1626 79 0
1626 80 0
1626 81 37
1626 82 49
1626 83 33
1626 84 0
1626 85 0
1626 86 0
1626 87 0
1626 88 0
1626 89 0
1626 90 0
1626 91 41
1626 92 41
1626 93 33
1626 94 0
1626 95 40
1626 96 40
1626 97 35
1626 98 0
1626 99 0
1626 100 0
1626 101 0
1626 102 30
1626 103 41
1626 104 29
1626 105 15
1626 106 41
1626 107 39
1626 108 36
1626 109 42
1626 110 41
1626 111 0
1626 112 0
1626 113 41
1626 114 39
1626 115 50
1626 116 0
1626 117 41
1626 118 40
1626 119 37
1626 120 36
1626 121 38
1651 1 43
1651 2 41
1651 3 43
1651 4 39
1651 5 48
1651 6 42
1651 7 37
1651 8 41
1651 9 0
1651 10 0
1651 11 0
1651 12 44
1651 13 40
1651 14 36
1651 15 33
1651 16 40
1651 17 42
1651 18 37
1651 19 43
1651 20 0
1651 21 0
1651 22 0
1651 23 41
1651 24 34
1651 25 41
1651 26 0
1651 27 42
1651 28 40
1651 29 44
1651 30 44
1651 31 0
1651 32 0
1651 33 0
1651 34 44
1651 35 38
1651 36 43
1651 37 0
1651 38 32
1651 39 40
1651 40 29
1651 41 37
1651 42 37
1651 43 0
1651 44 0
1651 45 0
1651 46 0
1651 47 39
1651 48 39
1651 49 38
1651 50 33
1651 51 46
1651 52 34
1651 53 39
1651 54 0
1651 55 0
1651 56 0
1651 57 0
1651 58 37
1651 59 32
1651 60 36
1651 61 34
1651 62 39
1651 63 39
1651 64 39
1651 65 0
1651 66 0
1651 67 0
1651 68 0
1651 69 46
1651 70 38
1651 71 35
1651 72 46
1651 73 0
1651 74 0
1651 75 0
1651 76 0
1651 77 0
1651 78 0
1651 79 0
1651 80 0
1651 81 29
1651 82 40
1651 83 33
1651 84 0
1651 85 0
1651 86 0
1651 87 0
1651 88 0
1651 89 0
1651 90 0
1651 91 39
1651 92 39
1651 93 39
1651 94 0
1651 95 40
1651 96 47
1651 97 43
1651 98 0
1651 99 0
1651 100 0
1651 101 0
1651 102 40
1651 103 38
1651 104 33
1651 105 16
1651 106 40
1651 107 39
1651 108 38
1651 109 41
1651 110 42
1651 111 0
1651 112 0
1651 113 37
1651 114 40
1651 115 51
1651 116 0
1651 117 38
1651 118 40
1651 119 31
1651 120 39
1651 121 39
1676 1 45
1676 2 46
1676 3 45
1676 4 40
1676 5 39
1676 6 40
1676 7 44
1676 8 44
1676 9 0
1676 10 0
1676 11 0
1676 12 40
1676 13 44
1676 14 34
1676 15 31
1676 16 46
1676 17 46
1676 18 40
1676 19 40
1676 20 0
1676 21 0
1676 22 0
1676 23 45
1676 24 37
1676 25 40
1676 26 0
1676 27 33
1676 28 43
1676 29 43
1676 30 43
1676 31 0
1676 32 0
1676 33 0
1676 34 44
1676 35 44
1676 36 49
1676 37 0
1676 38 32
1676 39 40
1676 40 39
1676 41 41
1676 42 35
1676 43 0
1676 44 0
1676 45 0
1676 46 0
1676 47 35
1676 48 41
1676 49 41
1676 50 30
1676 51 38
1676 52 44
1676 53 38
1676 54 0
1676 55 0
1676 56 0
1676 57 0
1676 58 37
1676 59 34
1676 60 42
1676 61 36
1676 62 41
1676 63 38
1676 64 40
1676 65 0
1676 66 0
1676 67 0
1676 68 0
1676 69 44
1676 70 39
1676 71 40
1676 72 44
1676 73 0
1676 74 0
1676 75 0
1676 76 0
1676 77 0
1676 78 0
1676 79 0
1676 80 0
1676 81 34
1676 82 39
1676 83 40
1676 84 0
1676 85 0
1676 86 0
1676 87 0
1676 88 0
1676 89 0
1676 90 0
1676 91 40
1676 92 39
1676 93 42
1676 94 0
1676 95 40
1676 96 44
1676 97 41
1676 98 0
1676 99 0
1676 100 0
1676 101 0
1676 102 29
1676 103 37
1676 104 34
1676 105 14
1676 106 43
1676 107 41
1676 108 40
1676 109 44
1676 110 38
1676 111 0
1676 112 0
1676 113 38
1676 114 40
1676 115 51
1676 116 0
1676 117 32
1676 118 40
1676 119 33
1676 120 42
1676 121 37
1701 1 40
1701 2 39
1701 3 41
1701 4 40
1701 5 40
1701 6 39
1701 7 41
1701 8 43
1701 9 0
1701 10 0
1701 11 0
1701 12 47
1701 13 40
1701 14 43
1701 15 36
1701 16 39
1701 17 42
1701 18 37
1701 19 40
1701 20 0
1701 21 0
1701 22 0
1701 23 41
1701 24 31
1701 25 38
1701 26 0
1701 27 39
1701 28 38
1701 29 49
1701 30 40
1701 31 0
1701 32 0
1701 33 0
1701 34 39
1701 35 42
1701 36 39
1701 37 0
1701 38 38
1701 39 41
1701 40 31
1701 41 41
1701 42 41
1701 43 0
1701 44 0
1701 45 0
1701 46 0
1701 47 44
1701 48 46
1701 49 38
1701 50 36
1701 51 34
1701 52 40
1701 53 42
1701 54 0
1701 55 0
1701 56 0
1701 57 0
1701 58 40
1701 59 32
1701 60 40
1701 61 34
1701 62 40
1701 63 35
1701 64 39
1701 65 0
1701 66 0
1701 67 0
1701 68 0
1701 69 46
1701 70 38
1701 71 40
1701 72 42
1701 73 0
1701 74 0
1701 75 0
1701 76 0
1701 77 0
1701 78 0
1701 79 0
1701 80 0
1701 81 35
1701 82 44
1701 83 39
1701 84 0
1701 85 0
1701 86 0
1701 87 0
1701 88 0
1701 89 0
1701 90 0
1701 91 39
1701 92 39
1701 93 40
1701 94 0
1701 95 40
1701 96 40
1701 97 42
1701 98 0
1701 99 0
1701 100 0
1701 101 0
1701 102 40
1701 103 39
1701 104 37
1701 105 13
1701 106 43
1701 107 35
1701 108 37
1701 109 39
1701 110 33
1701 111 0
1701 112 0
1701 113 43
1701 114 33
1701 115 53
1701 116 0
1701 117 38
1701 118 40
1701 119 33
1701 120 40
1701 121 45
1726 1 40
1726 2 46
1726 3 39
1726 4 39
1726 5 31
1726 6 41
1726 7 40
1726 8 40
1726 9 0
1726 10 0
1726 11 0
1726 12 40
1726 13 39
1726 14 37
1726 15 33
1726 16 40
1726 17 40
1726 18 39
1726 19 39
1726 20 0
1726 21 0
1726 22 0
1726 23 44
1726 24 40
1726 25 38
1726 26 0
1726 27 40
1726 28 41
1726 29 43
1726 30 39
1726 31 0
1726 32 0
1726 33 0
1726 34 39
1726 35 40
1726 36 44
1726 37 0
1726 38 36
1726 39 43
1726 40 39
1726 41 41
1726 42 34
1726 43 0
1726 44 0
1726 45 0
1726 46 0
1726 47 40
1726 48 43
1726 49 40
1726 50 37
1726 51 38
1726 52 43
1726 53 38
1726 54 0
1726 55 0
1726 56 0
1726 57 0
1726 58 40
1726 59 38
1726 60 37
1726 61 40
1726 62 36
1726 63 41
1726 64 43
1726 65 0
1726 66 0
1726 67 0
1726 68 0
1726 69 39
1726 70 37
1726 71 39
1726 72 40
1726 73 0
1726 74 0
1726 75 0
1726 76 0
1726 77 0
1726 78 0
1726 79 0
1726 80 0
1726 81 31
1726 82 44
1726 83 41
1726 84 0
1726 85 0
1726 86 0
1726 87 0
1726 88 0
1726 89 0
1726 90 0
1726 91 41
1726 92 40
1726 93 42
1726 94 0
1726 95 47
1726 96 40
1726 97 43
1726 98 0
1726 99 0
1726 100 0
1726 101 0
1726 102 34
1726 103 40
1726 104 30
1726 105 18
1726 106 40
1726 107 39
1726 108 39
1726 109 36
1726 110 48
1726 111 0
1726 112 0
1726 113 41
1726 114 38
1726 115 50
1726 116 0
1726 117 39
1726 118 40
1726 119 34
1726 120 39
1726 121 35
1751 1 40
1751 2 41
1751 3 38
1751 4 42
1751 5 42
1751 6 45
1751 7 42
1751 8 40
1751 9 0
1751 10 0
1751 11 0
1751 12 44
1751 13 38
1751 14 44
1751 15 34
1751 16 44
1751 17 39
1751 18 41
1751 19 40
1751 20 0
1751 21 0
1751 22 0
1751 23 40
1751 24 38
1751 25 40
1751 26 0
1751 27 37
1751 28 46
1751 29 45
1751 30 36
1751 31 0
1751 32 0
1751 33 0
1751 34 42
1751 35 40
1751 36 36
1751 37 0
1751 38 35
1751 39 37
1751 40 40
1751 41 48
1751 42 37
1751 43 0
1751 44 0
1751 45 0
1751 46 0
1751 47 49
1751 48 44
1751 49 42
1751 50 31
1751 51 40
1751 52 39
1751 53 42
1751 54 0
1751 55 0
1751 56 0
1751 57 0
1751 58 36
1751 59 33
1751 60 39
1751 61 41
1751 62 41
1751 63 45
1751 64 38
1751 65 0
1751 66 0
1751 67 0
1751 68 0
1751 69 41
1751 70 43
1751 71 34
1751 72 40
1751 73 0
1751 74 0
1751 75 0
1751 76 0
1751 77 0
1751 78 0
1751 79 0
1751 80 0
1751 81 35
1751 82 39
1751 83 42
1751 84 0
1751 85 0
1751 86 0
1751 87 0
1751 88 0
1751 89 0
1751 90 0
1751 91 40
1751 92 39
1751 93 41
1751 94 0
1751 95 48
1751 96 41
1751 97 40
1751 98 0
1751 99 0
1751 100 0
1751 101 0
1751 102 38
1751 103 39
1751 104 30
1751 105 13
1751 106 43
1751 107 43
1751 108 40
1751 109 43
1751 110 43
1751 111 0
1751 112 0
1751 113 42
1751 114 38
1751 115 50
1751 116 0
1751 117 37
1751 118 39
1751 119 30
1751 120 38
1751 121 40
1776 1 41
1776 2 40
1776 3 43
1776 4 40
1776 5 43
1776 6 44
1776 7 41
1776 8 40
1776 9 0
1776 10 0
1776 11 0
1776 12 45
1776 13 48
1776 14 40
1776 15 35
1776 16 42
1776 17 38
1776 18 41
1776 19 40
1776 20 0
1776 21 0
1776 22 0
1776 23 46
1776 24 38
1776 25 38
1776 26 0
1776 27 41
1776 28 40
1776 29 42
1776 30 39
1776 31 0
1776 32 0
1776 33 0
1776 34 37
1776 35 46
1776 36 45
1776 37 0
1776 38 33
1776 39 41
1776 40 37
1776 41 41
1776 42 37
1776 43 0
1776 44 0
1776 45 0
1776 46 0
1776 47 41
1776 48 48
1776 49 39
1776 50 29
1776 51 38
1776 52 41
1776 53 40
1776 54 0
1776 55 0
1776 56 0
1776 57 0
1776 58 40
1776 59 40
1776 60 40
1776 61 34
1776 62 31
1776 63 40
1776 64 39
1776 65 0
1776 66 0
1776 67 0
1776 68 0
1776 69 39
1776 70 43
1776 71 39
1776 72 42
1776 73 0
1776 74 0
1776 75 0
1776 76 0
1776 77 0
1776 78 0
1776 79 0
1776 80 0
1776 81 31
1776 82 38
1776 83 40
1776 84 0
1776 85 0
1776 86 0
1776 87 0
1776 88 0
1776 89 0
1776 90 0
1776 91 36
1776 92 37
1776 93 41
1776 94 0
1776 95 40
1776 96 41
1776 97 34
1776 98 0
1776 99 0
1776 100 0
1776 101 0
1776 102 35
1776 103 40
1776 104 40
1776 105 13
1776 106 39
1776 107 39
1776 108 46
1776 109 47
1776 110 40
1776 111 0
1776 112 0
1776 113 40
1776 114 40
1776 115 50
1776 116 0
1776 117 41
1776 118 37
1776 119 40
1776 120 35
1776 121 36
1801 1 38
1801 2 41
1801 3 37
1801 4 42
1801 5 40
1801 6 44
1801 7 40
1801 8 41
1801 9 0
1801 10 0
1801 11 0
1801 12 41
1801 13 47
1801 14 35
1801 15 33
1801 16 43
1801 17 44
1801 18 41
1801 19 43
1801 20 0
1801 21 0
1801 22 0
1801 23 37
1801 24 40
1801 25 46
1801 26 0
1801 27 36
1801 28 41
1801 29 40
1801 30 33
1801 31 0
1801 32 0
1801 33 0
1801 34 39
1801 35 40
1801 36 44
1801 37 0
1801 38 38
1801 39 38
1801 40 39
1801 41 43
1801 42 32
1801 43 0
1801 44 0
1801 45 0
1801 46 0
1801 47 40
1801 48 40
1801 49 39
1801 50 31
1801 51 40
1801 52 41
1801 53 39
1801 54 0
1801 55 0
1801 56 0
1801 57 0
1801 58 41
1801 59 36
1801 60 35
1801 61 43
1801 62 35
1801 63 44
1801 64 40
1801 65 0
1801 66 0
1801 67 0
1801 68 0
1801 69 38
1801 70 40
1801 71 36
1801 72 42
1801 73 0
1801 74 0
1801 75 0
1801 76 0
1801 77 0
1801 78 0
1801 79 0
1801 80 0
1801 81 35
1801 82 46
1801 83 40
1801 84 0
1801 85 0
1801 86 0
1801 87 0
1801 88 0
1801 89 0
1801 90 0
1801 91 39
1801 92 39
1801 93 47
1801 94 0
1801 95 41
1801 96 46
1801 97 38
1801 98 0
1801 99 0
1801 100 0
1801 101 0
1801 102 35
1801 103 37
1801 104 31
1801 105 14
1801 106 41
1801 107 35
1801 108 43
1801 109 42
1801 110 39
1801 111 0
1801 112 0
1801 113 38
1801 114 39
1801 115 48
1801 116 0
1801 117 40
1801 118 39
1801 119 37
1801 120 40
1801 121 40
1826 1 37
1826 2 39
1826 3 40
1826 4 43
1826 5 42
1826 6 42
1826 7 42
1826 8 41
1826 9 0
1826 10 0
1826 11 0
1826 12 45
1826 13 45
1826 14 32
1826 15 31
1826 16 42
1826 17 39
1826 18 38
1826 19 43
1826 20 0
1826 21 0
1826 22 0
1826 23 42
1826 24 40
1826 25 37
1826 26 0
1826 27 41
1826 28 51
1826 29 44
1826 30 40
1826 31 0
1826 32 0
1826 33 0
1826 34 37
1826 35 42
1826 36 42
1826 37 0
1826 38 32
1826 39 42
1826 40 40
1826 41 38
1826 42 36
1826 43 0
1826 44 0
1826 45 0
1826 46 0
1826 47 45
1826 48 37
1826 49 38
1826 50 34
1826 51 37
1826 52 42
1826 53 38
1826 54 0
1826 55 0
1826 56 0
1826 57 0
1826 58 40
1826 59 27
1826 60 40
1826 61 31
1826 62 43
1826 63 38
1826 64 42
1826 65 0
1826 66 0
1826 67 0
1826 68 0
1826 69 40
1826 70 41
1826 71 31
1826 72 43
1826 73 0
1826 74 0
1826 75 0
1826 76 0
1826 77 0
1826 78 0
1826 79 0
1826 80 0
1826 81 32
1826 82 39
1826 83 37
1826 84 0
1826 85 0
1826 86 0
1826 87 0
1826 88 0
1826 89 0
1826 90 0
1826 91 45
1826 92 40
1826 93 40
1826 94 0
1826 95 42
1826 96 36
1826 97 37
1826 98 0
1826 99 0
1826 100 0
1826 101 0
1826 102 28
1826 103 39
1826 104 37
1826 105 10
1826 106 37
1826 107 40
1826 108 41
1826 109 47
1826 110 42
1826 111 0
1826 112 0
1826 113 42
1826 114 40
1826 115 49
1826 116 0
1826 117 42
1826 118 41
1826 119 34
1826 120 41
1826 121 43
1851 1 48
1851 2 40
1851 3 39
1851 4 39
1851 5 43
1851 6 39
1851 7 39
1851 8 39
1851 9 0
1851 10 0
1851 11 0
1851 12 40
1851 13 40
1851 14 38
1851 15 33
1851 16 39
1851 17 48
1851 18 36
1851 19 40
1851 20 0
1851 21 0
1851 22 0
1851 23 42
1851 24 37
1851 25 39
1851 26 0
1851 27 39
1851 28 40
1851 29 50
1851 30 37
1851 31 0
1851 32 0
1851 33 0
1851 34 43
1851 35 37
1851 36 41
1851 37 0
1851 38 39
1851 39 42
1851 40 38
1851 41 38
1851 42 40
1851 43 0
1851 44 0
1851 45 0
1851 46 0
1851 47 41
1851 48 49
1851 49 40
1851 50 30
1851 51 40
1851 52 41
1851 53 40
1851 54 0
1851 55 0
1851 56 0
1851 57 0
1851 58 41
1851 59 39
1851 60 40
1851 61 47
1851 62 40
1851 63 40
1851 64 38
1851 65 0
1851 66 0
1851 67 0
1851 68 0
1851 69 42
1851 70 34
1851 71 40
1851 72 39
1851 73 0
1851 74 0
1851 75 0
1851 76 0
1851 77 0
1851 78 0
1851 79 0
1851 80 0
1851 81 33
1851 82 42
1851 83 41
1851 84 0
1851 85 0
1851 86 0
1851 87 0
1851 88 0
1851 89 0
1851 90 0
1851 91 36
1851 92 41
1851 93 37
1851 94 0
1851 95 44
1851 96 42
1851 97 40
1851 98 0
1851 99 0
1851 100 0
1851 101 0
1851 102 31
1851 103 40
1851 104 32
1851 105 14
1851 106 40
1851 107 40
1851 108 43
1851 109 44
1851 110 40
1851 111 0
1851 112 0
1851 113 41
1851 114 37
1851 115 49
1851 116 0
1851 117 42
1851 118 41
1851 119 27
1851 120 39
1851 121 40
1876 1 45
1876 2 34
1876 3 41
1876 4 40
1876 5 44
1876 6 42
1876 7 44
1876 8 42
1876 9 0
1876 10 0
1876 11 0
1876 12 42
1876 13 41
1876 14 32
1876 15 34
1876 16 41
1876 17 41
1876 18 41
1876 19 36
1876 20 0
1876 21 0
1876 22 0
1876 23 40
1876 24 41
1876 25 38
1876 26 0
1876 27 40
1876 28 51
1876 29 40
1876 30 44
1876 31 0
1876 32 0
1876 33 0
1876 34 40
1876 35 36
1876 36 42
1876 37 0
1876 38 34
1876 39 38
1876 40 34
1876 41 42
1876 42 39
1876 43 0
1876 44 0
1876 45 0
1876 46 0
1876 47 41
1876 48 41
1876 49 40
1876 50 38
1876 51 39
1876 52 37
1876 53 35
1876 54 0
1876 55 0
1876 56 0
1876 57 0
1876 58 36
1876 59 39
1876 60 34
1876 61 42
1876 62 39
1876 63 39
1876 64 40
1876 65 0
1876 66 0
1876 67 0
1876 68 0
1876 69 36
1876 70 39
1876 71 43
1876 72 43
1876 73 0
1876 74 0
1876 75 0
1876 76 0
1876 77 0
1876 78 0
1876 79 0
1876 80 0
1876 81 36
1876 82 39
1876 83 41
1876 84 0
1876 85 0
1876 86 0
1876 87 0
1876 88 0
1876 89 0
1876 90 0
1876 91 47
1876 92 37
1876 93 39
1876 94 0
1876 95 36
1876 96 37
1876 97 42
1876 98 0
1876 99 0
1876 100 0
1876 101 0
1876 102 39
1876 103 38
1876 104 33
1876 105 9
1876 106 41
1876 107 42
1876 108 38
1876 109 37
1876 110 38
1876 111 0
1876 112 0
1876 113 38
1876 114 40
1876 115 51
1876 116 0
1876 117 40
1876 118 41
1876 119 36
1876 120 40
1876 121 40
1901 1 40
1901 2 43
1901 3 41
1901 4 43
1901 5 44
1901 6 42
1901 7 42
1901 8 40
1901 9 0
1901 10 0
1901 11 0
1901 12 41
1901 13 39
1901 14 37
1901 15 37
1901 16 41
1901 17 36
1901 18 37
1901 19 38
1901 20 0
1901 21 0
1901 22 0
1901 23 35
1901 24 32
1901 25 37
1901 26 0
1901 27 34
1901 28 39
1901 29 48
1901 30 42
1901 31 0
1901 32 0
1901 33 0
1901 34 43
1901 35 40
1901 36 45
1901 37 0
1901 38 34
1901 39 43
1901 40 41
1901 41 46
1901 42 41
1901 43 0
1901 44 0
1901 45 0
1901 46 0
1901 47 41
1901 48 43
1901 49 39
1901 50 33
1901 51 33
1901 52 42
1901 53 40
1901 54 0
1901 55 0
1901 56 0
1901 57 0
1901 58 35
1901 59 34
1901 60 41
1901 61 43
1901 62 41
1901 63 40
1901 64 37
1901 65 0
1901 66 0
1901 67 0
1901 68 0
1901 69 40
1901 70 40
1901 71 40
1901 72 38
1901 73 0
1901 74 0
1901 75 0
1901 76 0
1901 77 0
1901 78 0
1901 79 0
1901 80 0
1901 81 29
1901 82 41
1901 83 50
1901 84 0
1901 85 0
1901 86 0
1901 87 0
1901 88 0
1901 89 0
1901 90 0
1901 91 42
1901 92 42
1901 93 43
1901 94 0
1901 95 46
1901 96 41
1901 97 40
1901 98 0
1901 99 0
1901 100 0
1901 101 0
1901 102 36
1901 103 40
1901 104 30
1901 105 21
1901 106 41
1901 107 40
1901 108 42
1901 109 40
1901 110 43
1901 111 0
1901 112 0
1901 113 38
1901 114 40
1901 115 53
1901 116 0
1901 117 35
1901 118 39
1901 119 31
1901 120 32
1901 121 38
1926 1 38
1926 2 39
1926 3 39
1926 4 36
1926 5 41
1926 6 40
1926 7 36
1926 8 40
1926 9 0
1926 10 0
1926 11 0
1926 12 41
1926 13 35
1926 14 35
1926 15 29
1926 16 42
1926 17 44
1926 18 40
1926 19 40
1926 20 0
1926 21 0
1926 22 0
1926 23 38
1926 24 40
1926 25 39
1926 26 0
1926 27 44
1926 28 40
1926 29 46
1926 30 39
1926 31 0
1926 32 0
1926 33 0
1926 34 50
1926 35 43
1926 36 48
1926 37 0
1926 38 39
1926 39 45
1926 40 39
1926 41 37
1926 42 37
1926 43 0
1926 44 0
1926 45 0
1926 46 0
1926 47 42
1926 48 50
1926 49 40
1926 50 31
1926 51 44
1926 52 38
1926 53 41
1926 54 0
1926 55 0
1926 56 0
1926 57 0
1926 58 40
1926 59 37
1926 60 37
1926 61 41
1926 62 39
1926 63 44
1926 64 42
1926 65 0
1926 66 0
1926 67 0
1926 68 0
1926 69 40
1926 70 40
1926 71 35
1926 72 47
1926 73 0
1926 74 0
1926 75 0
1926 76 0
1926 77 0
1926 78 0
1926 79 0
1926 80 0
1926 81 32
1926 82 42
1926 83 40
1926 84 0
1926 85 0
1926 86 0
1926 87 0
1926 88 0
1926 89 0
1926 90 0
1926 91 39
1926 92 41
1926 93 43
1926 94 0
1926 95 40
1926 96 42
1926 97 40
1926 98 0
1926 99 0
1926 100 0
1926 101 0
1926 102 36
1926 103 45
1926 104 36
1926 105 11
1926 106 41
1926 107 38
1926 108 38
1926 109 48
1926 110 41
1926 111 0
1926 112 0
1926 113 37
1926 114 40
1926 115 50
1926 116 0
1926 117 40
1926 118 37
1926 119 41
1926 120 41
1926 121 41
1951 1 40
1951 2 43
1951 3 43
1951 4 38
1951 5 40
1951 6 43
1951 7 39
1951 8 42
1951 9 0
1951 10 0
1951 11 0
1951 12 42
1951 13 39
1951 14 40
1951 15 30
1951 16 42
1951 17 43
1951 18 38
1951 19 41
1951 20 0
1951 21 0
1951 22 0
1951 23 40
1951 24 41
1951 25 37
1951 26 0
1951 27 38
1951 28 40
1951 29 41
1951 30 38
1951 31 0
1951 32 0
1951 33 0
1951 34 40
1951 35 42
1951 36 39
1951 37 0
1951 38 41
1951 39 44
1951 40 39
1951 41 44
1951 42 38
1951 43 0
1951 44 0
1951 45 0
1951 46 0
1951 47 40
1951 48 40
1951 49 38
1951 50 30
1951 51 40
1951 52 37
1951 53 40
1951 54 0
1951 55 0
1951 56 0
1951 57 0
1951 58 41
1951 59 31
1951 60 34
1951 61 40
1951 62 39
1951 63 42
1951 64 37
1951 65 0
1951 66 0
1951 67 0
1951 68 0
1951 69 41
1951 70 39
1951 71 43
1951 72 40
1951 73 0
1951 74 0
1951 75 0
1951 76 0
1951 77 0
1951 78 0
1951 79 0
1951 80 0
1951 81 33
1951 82 46
1951 83 39
1951 84 0
1951 85 0
1951 86 0
1951 87 0
1951 88 0
1951 89 0
1951 90 0
1951 91 39
1951 92 43
1951 93 46
1951 94 0
1951 95 41
1951 96 40
1951 97 42
1951 98 0
1951 99 0
1951 100 0
1951 101 0
1951 102 37
1951 103 40
1951 104 36
1951 105 14
1951 106 39
1951 107 40
1951 108 42
1951 109 41
1951 110 41
1951 111 0
1951 112 0
1951 113 41
1951 114 40
1951 115 50
1951 116 0
1951 117 36
1951 118 40
1951 119 30
1951 120 36
1951 121 40
1976 1 45
1976 2 39
1976 3 40
1976 4 38
1976 5 40
1976 6 39
1976 7 39
1976 8 39
1976 9 0
1976 10 0
1976 11 0
1976 12 38
1976 13 37
1976 14 40
1976 15 31
1976 16 41
1976 17 43
1976 18 38
1976 19 40
1976 20 0
1976 21 0
1976 22 0
1976 23 39
1976 24 42
1976 25 40
1976 26 0
1976 27 40
1976 28 39
1976 29 42
1976 30 38
1976 31 0
1976 32 0
1976 33 0
1976 34 40
1976 35 41
1976 36 40
1976 37 0
1976 38 34
1976 39 39
1976 40 35
1976 41 38
1976 42 36
1976 43 0
1976 44 0
1976 45 0
1976 46 0
1976 47 41
1976 48 48
1976 49 41
1976 50 30
1976 51 29
1976 52 40
1976 53 50
1976 54 0
1976 55 0
1976 56 0
1976 57 0
1976 58 40
1976 59 38
1976 60 40
1976 61 39
1976 62 34
1976 63 42
1976 64 39
1976 65 0
1976 66 0
1976 67 0
1976 68 0
1976 69 42
1976 70 38
1976 71 40
1976 72 40
1976 73 0
1976 74 0
1976 75 0
1976 76 0
1976 77 0
1976 78 0
1976 79 0
1976 80 0
1976 81 30
1976 82 40
1976 83 41
1976 84 0
1976 85 0
1976 86 0
1976 87 0
1976 88 0
1976 89 0
1976 90 0
1976 91 42
1976 92 38
1976 93 40
1976 94 0
1976 95 40
1976 96 40
1976 97 43
1976 98 0
1976 99 0
1976 100 0
1976 101 0
1976 102 35
1976 103 45
1976 104 31
1976 105 19
1976 106 38
1976 107 40
1976 108 41
1976 109 46
1976 110 32
1976 111 0
1976 112 0
1976 113 43
1976 114 39
1976 115 53
1976 116 0
1976 117 40
1976 118 40
1976 119 32
1976 120 37
1976 121 39
