1 4922
26 4122
51 4026
76 4086
101 4029
126 4066
151 4091
176 4068
201 4030
226 4065
251 4093
276 4035
301 4087
326 4113
351 4065
376 4045
401 4084
426 4032
451 4064
476 4062
501 4078
526 4027
551 4060
576 3997
601 4038
626 4049
651 4008
676 4059
701 4098
726 4089
751 4082
776 4124
801 4029
826 3979
851 4059
876 4044
901 4047
926 4074
951 4013
976 4016
1001 4058
1026 4024
1051 4039
1076 4093
1101 4123
1126 4051
1151 4032
1176 4133
1201 4047
1226 4086
1251 4035
1276 4061
1301 3976
1326 4049
1351 4028
1376 4037
1401 4087
1426 4073
1451 4009
1476 4046
1501 4050
1526 4048
1551 4032
1576 4047
1601 4044
1626 4066
1651 4070
1676 4081
1701 4028
1726 4013
1751 4061
1776 4052
1801 4057
1826 4056
1851 4133
1876 4067
1901 4030
1926 4035
1951 4044
1976 4053
