1 4504
26 2901
51 2883
76 2808
101 2789
126 2742
151 2811
176 2813
201 2828
226 2797
251 2811
276 2800
301 2771
326 2780
351 2796
376 2779
401 2808
426 2807
451 2783
476 2766
501 2762
526 2814
551 2782
576 2760
601 2753
626 2760
651 2716
676 2781
701 2773
726 2745
751 2790
776 2816
801 2755
826 2822
851 2762
876 2770
901 2751
926 2804
951 2775
976 2789
1001 2752
1026 2779
1051 2745
1076 2779
1101 2770
1126 2790
1151 2719
1176 2770
1201 2796
1226 2723
1251 2761
1276 2788
1301 2763
1326 2732
1351 2728
1376 2723
1401 2740
1426 2760
1451 2810
1476 2690
1501 2780
1526 2739
1551 2727
1576 2706
1601 2727
1626 2759
1651 2706
1676 2720
1701 2717
1726 2697
1751 2724
1776 2731
1801 2740
1826 2730
1851 2756
1876 2731
1901 2689
1926 2688
1951 2712
1976 2731
