1 4350
26 1673
51 2321
76 2362
101 2338
126 2440
151 2411
176 2403
201 2406
226 2353
251 2359
276 2452
301 2336
326 2387
351 2419
376 2395
401 2423
426 2348
451 2389
476 2493
501 2374
526 2382
551 2418
576 2396
601 2399
626 2307
651 2443
676 2413
701 2387
726 2445
751 2414
776 2332
801 2360
826 2389
851 2394
876 2272
901 2321
926 2397
951 2371
976 2392
1001 2340
1026 2359
1051 2423
1076 2439
1101 2421
1126 2365
1151 2308
1176 2406
1201 2365
1226 2384
1251 2298
1276 2333
1301 2395
1326 2450
1351 2349
1376 2343
1401 2447
1426 2383
1451 2324
1476 2416
1501 2414
1526 2348
1551 2345
1576 2369
1601 2419
1626 2355
1651 2453
1676 2387
1701 2427
1726 2364
1751 2426
1776 2338
1801 2501
1826 2436
1851 2410
1876 2381
1901 2367
1926 2376
1951 2406
1976 2385
