1 1 0
1 2 0
1 3 16
1 4 0
1 5 236
1 6 0
1 7 62
1 8 0
1 9 0
1 10 0
1 11 35
1 12 0
1 13 285
1 14 0
1 15 0
1 16 14
1 17 18
1 18 361
1 19 0
1 20 0
1 21 0
1 22 27
1 23 113
1 24 0
1 25 0
1 26 0
1 27 0
1 28 0
1 29 0
1 30 0
1 31 96
1 32 0
1 33 0
1 34 0
1 35 222
1 36 0
1 37 0
1 38 0
1 39 110
1 40 0
1 41 93
1 42 107
1 43 160
1 44 0
1 45 30
1 46 22
1 47 133
1 48 0
1 49 44
1 50 0
1 51 0
1 52 81
1 53 0
1 54 5
1 55 39
1 56 24
1 57 411
1 58 0
1 59 0
1 60 0
1 61 178
1 62 0
1 63 211
1 64 0
1 65 0
1 66 36
1 67 232
1 68 0
1 69 0
1 70 30
1 71 60
1 72 0
1 73 330
1 74 0
1 75 0
1 76 21
1 77 31
1 78 0
1 79 150
1 80 0
1 81 2
1 82 0
1 83 0
1 84 0
1 85 0
1 86 0
1 87 74
1 88 0
1 89 187
1 90 24
1 91 0
1 92 0
1 93 0
1 94 116
1 95 95
26 1 0
26 2 0
26 3 16
26 4 0
26 5 218
26 6 0
26 7 66
26 8 0
26 9 0
26 10 0
26 11 32
26 12 0
26 13 213
26 14 0
26 15 0
26 16 14
26 17 16
26 18 302
26 19 0
26 20 0
26 21 0
26 22 24
26 23 108
26 24 0
26 25 0
26 26 0
26 27 0
26 28 0
26 29 0
26 30 0
26 31 105
26 32 0
26 33 0
26 34 0
26 35 226
26 36 0
26 37 0
26 38 0
26 39 114
26 40 0
26 41 98
26 42 111
26 43 135
26 44 0
26 45 0
26 46 23
26 47 110
26 48 0
26 49 30
26 50 0
26 51 0
26 52 76
26 53 0
26 54 8
26 55 41
26 56 12
26 57 353
26 58 0
26 59 0
26 60 0
26 61 148
26 62 0
26 63 175
26 64 0
26 65 0
26 66 34
26 67 206
26 68 0
26 69 0
26 70 30
26 71 68
26 72 0
26 73 315
26 74 0
26 75 0
26 76 0
26 77 0
26 78 0
26 79 141
26 80 0
26 81 0
26 82 0
26 83 0
26 84 0
26 85 0
26 86 0
26 87 42
26 88 0
26 89 164
26 90 18
26 91 0
26 92 0
26 93 0
26 94 70
26 95 59
51 1 0
51 2 0
51 3 10
51 4 0
51 5 231
51 6 0
51 7 58
51 8 0
51 9 0
51 10 0
51 11 34
51 12 0
51 13 203
51 14 0
51 15 0
51 16 11
51 17 8
51 18 304
51 19 0
51 20 0
51 21 0
51 22 23
51 23 133
51 24 0
51 25 0
51 26 0
51 27 0
51 28 0
51 29 0
51 30 0
51 31 102
51 32 0
51 33 0
51 34 0
51 35 224
51 36 0
51 37 0
51 38 0
51 39 118
51 40 0
51 41 88
51 42 109
51 43 135
51 44 0
51 45 0
51 46 24
51 47 119
51 48 0
51 49 21
51 50 0
51 51 0
51 52 70
51 53 0
51 54 6
51 55 35
51 56 8
51 57 377
51 58 0
51 59 0
51 60 0
51 61 138
51 62 0
51 63 185
51 64 0
51 65 0
51 66 32
51 67 201
51 68 0
51 69 0
51 70 26
51 71 72
51 72 0
51 73 327
51 74 0
51 75 0
51 76 0
51 77 0
51 78 0
51 79 147
51 80 0
51 81 0
51 82 0
51 83 0
51 84 0
51 85 0
51 86 0
51 87 39
51 88 0
51 89 164
51 90 23
51 91 0
51 92 0
51 93 0
51 94 69
51 95 77
76 1 0
76 2 0
76 3 4
76 4 0
76 5 218
76 6 0
76 7 59
76 8 0
76 9 0
76 10 0
76 11 36
76 12 0
76 13 221
76 14 0
76 15 0
76 16 11
76 17 17
76 18 306
76 19 0
76 20 0
76 21 0
76 22 25
76 23 124
76 24 0
76 25 0
76 26 0
76 27 0
76 28 0
76 29 0
76 30 0
76 31 85
76 32 0
76 33 0
76 34 0
76 35 224
76 36 0
76 37 0
76 38 0
76 39 124
76 40 0
76 41 90
76 42 105
76 43 135
76 44 0
76 45 0
76 46 27
76 47 120
76 48 0
76 49 26
76 50 0
76 51 0
76 52 70
76 53 0
76 54 13
76 55 38
76 56 8
76 57 364
76 58 0
76 59 0
76 60 0
76 61 130
76 62 0
76 63 183
76 64 0
76 65 0
76 66 33
76 67 207
76 68 0
76 69 0
76 70 31
76 71 79
76 72 0
76 73 323
76 74 0
76 75 0
76 76 0
76 77 0
76 78 0
76 79 139
76 80 0
76 81 0
76 82 0
76 83 0
76 84 0
76 85 0
76 86 0
76 87 35
76 88 0
76 89 159
76 90 27
76 91 0
76 92 0
76 93 0
76 94 64
76 95 93
101 1 0
101 2 0
101 3 4
101 4 0
101 5 215
101 6 0
101 7 64
101 8 0
101 9 0
101 10 0
101 11 30
101 12 0
101 13 219
101 14 0
101 15 0
101 16 18
101 17 4
101 18 298
101 19 0
101 20 0
101 21 0
101 22 31
101 23 123
101 24 0
101 25 0
101 26 0
101 27 0
101 28 0
101 29 0
101 30 0
101 31 93
101 32 0
101 33 0
101 34 0
101 35 228
101 36 0
101 37 0
101 38 0
101 39 110
101 40 0
101 41 93
101 42 119
101 43 133
101 44 0
101 45 0
101 46 26
101 47 124
101 48 0
101 49 31
101 50 0
101 51 0
101 52 66
101 53 0
101 54 18
101 55 38
101 56 20
101 57 361
101 58 0
101 59 0
101 60 0
101 61 127
101 62 0
101 63 179
101 64 0
101 65 0
101 66 30
101 67 189
101 68 0
101 69 0
101 70 30
101 71 62
101 72 0
101 73 326
101 74 0
101 75 0
101 76 0
101 77 0
101 78 0
101 79 145
101 80 0
101 81 0
101 82 0
101 83 0
101 84 0
101 85 0
101 86 0
101 87 53
101 88 0
101 89 146
101 90 25
101 91 0
101 92 0
101 93 0
101 94 79
101 95 91
126 1 0
126 2 0
126 3 16
126 4 0
126 5 223
126 6 0
126 7 55
126 8 0
126 9 0
126 10 0
126 11 32
126 12 0
126 13 213
126 14 0
126 15 0
126 16 11
126 17 8
126 18 296
126 19 0
126 20 0
126 21 0
126 22 23
126 23 118
126 24 0
126 25 0
126 26 0
126 27 0
126 28 0
126 29 0
126 30 0
126 31 97
126 32 0
126 33 0
126 34 0
126 35 220
126 36 0
126 37 0
126 38 0
126 39 105
126 40 0
126 41 90
126 42 119
126 43 121
126 44 0
126 45 0
126 46 20
126 47 117
126 48 0
126 49 33
126 50 0
126 51 0
126 52 62
126 53 0
126 54 19
126 55 45
126 56 11
126 57 380
126 58 0
126 59 0
126 60 0
126 61 140
126 62 0
126 63 179
126 64 0
126 65 0
126 66 36
126 67 200
126 68 0
126 69 0
126 70 32
126 71 66
126 72 0
126 73 332
126 74 0
126 75 0
126 76 0
126 77 0
126 78 0
126 79 147
126 80 0
126 81 0
126 82 0
126 83 0
126 84 0
126 85 0
126 86 0
126 87 57
126 88 0
126 89 156
126 90 20
126 91 0
126 92 0
126 93 0
126 94 79
126 95 60
151 1 0
151 2 0
151 3 4
151 4 0
151 5 211
151 6 0
151 7 62
151 8 0
151 9 0
151 10 0
151 11 33
151 12 0
151 13 218
151 14 0
151 15 0
151 16 13
151 17 13
151 18 303
151 19 0
151 20 0
151 21 0
151 22 31
151 23 140
151 24 0
151 25 0
151 26 0
151 27 0
151 28 0
151 29 0
151 30 0
151 31 89
151 32 0
151 33 0
151 34 0
151 35 211
151 36 0
151 37 0
151 38 0
151 39 121
151 40 0
151 41 81
151 42 116
151 43 133
151 44 0
151 45 0
151 46 24
151 47 124
151 48 0
151 49 23
151 50 0
151 51 0
151 52 69
151 53 0
151 54 10
151 55 41
151 56 10
151 57 365
151 58 0
151 59 0
151 60 0
151 61 121
151 62 0
151 63 187
151 64 0
151 65 0
151 66 36
151 67 204
151 68 0
151 69 0
151 70 30
151 71 72
151 72 0
151 73 332
151 74 0
151 75 0
151 76 0
151 77 0
151 78 0
151 79 146
151 80 0
151 81 0
151 82 0
151 83 0
151 84 0
151 85 0
151 86 0
151 87 49
151 88 0
151 89 160
151 90 21
151 91 0
151 92 0
151 93 0
151 94 74
151 95 89
176 1 0
176 2 0
176 3 8
176 4 0
176 5 234
176 6 0
176 7 72
176 8 0
176 9 0
176 10 0
176 11 35
176 12 0
176 13 214
176 14 0
176 15 0
176 16 11
176 17 23
176 18 304
176 19 0
176 20 0
176 21 0
176 22 26
176 23 126
176 24 0
176 25 0
176 26 0
176 27 0
176 28 0
176 29 0
176 30 0
176 31 86
176 32 0
176 33 0
176 34 0
176 35 217
176 36 0
176 37 0
176 38 0
176 39 112
176 40 0
176 41 84
176 42 114
176 43 134
176 44 0
176 45 0
176 46 20
176 47 124
176 48 0
176 49 30
176 50 0
176 51 0
176 52 61
176 53 0
176 54 7
176 55 48
176 56 9
176 57 369
176 58 0
176 59 0
176 60 0
176 61 131
176 62 0
176 63 189
176 64 0
176 65 0
176 66 31
176 67 213
176 68 0
176 69 0
176 70 29
176 71 70
176 72 0
176 73 317
176 74 0
176 75 0
176 76 0
176 77 0
176 78 0
176 79 145
176 80 0
176 81 0
176 82 0
176 83 0
176 84 0
176 85 0
176 86 0
176 87 48
176 88 0
176 89 163
176 90 23
176 91 0
176 92 0
176 93 0
176 94 66
176 95 68
201 1 0
201 2 0
201 3 11
201 4 0
201 5 222
201 6 0
201 7 58
201 8 0
201 9 0
201 10 0
201 11 39
201 12 0
201 13 215
201 14 0
201 15 0
201 16 14
201 17 16
201 18 300
201 19 0
201 20 0
201 21 0
201 22 19
201 23 128
201 24 0
201 25 0
201 26 0
201 27 0
201 28 0
201 29 0
201 30 0
201 31 89
201 32 0
201 33 0
201 34 0
201 35 196
201 36 0
201 37 0
201 38 0
201 39 114
201 40 0
201 41 82
201 42 115
201 43 143
201 44 0
201 45 0
201 46 20
201 47 114
201 48 0
201 49 25
201 50 0
201 51 0
201 52 55
201 53 0
201 54 6
201 55 48
201 56 8
201 57 363
201 58 0
201 59 0
201 60 0
201 61 132
201 62 0
201 63 186
201 64 0
201 65 0
201 66 31
201 67 206
201 68 0
201 69 0
201 70 27
201 71 65
201 72 0
201 73 345
201 74 0
201 75 0
201 76 0
201 77 0
201 78 0
201 79 134
201 80 0
201 81 0
201 82 0
201 83 0
201 84 0
201 85 0
201 86 0
201 87 44
201 88 0
201 89 155
201 90 19
201 91 0
201 92 0
201 93 0
201 94 70
201 95 66
226 1 0
226 2 0
226 3 4
226 4 0
226 5 225
226 6 0
226 7 73
226 8 0
226 9 0
226 10 0
226 11 31
226 12 0
226 13 210
226 14 0
226 15 0
226 16 12
226 17 21
226 18 302
226 19 0
226 20 0
226 21 0
226 22 25
226 23 124
226 24 0
226 25 0
226 26 0
226 27 0
226 28 0
226 29 0
226 30 0
226 31 93
226 32 0
226 33 0
226 34 0
226 35 211
226 36 0
226 37 0
226 38 0
226 39 118
226 40 0
226 41 97
226 42 111
226 43 136
226 44 0
226 45 0
226 46 21
226 47 125
226 48 0
226 49 28
226 50 0
226 51 0
226 52 59
226 53 0
226 54 14
226 55 51
226 56 11
226 57 350
226 58 0
226 59 0
226 60 0
226 61 144
226 62 0
226 63 185
226 64 0
226 65 0
226 66 31
226 67 209
226 68 0
226 69 0
226 70 33
226 71 74
226 72 0
226 73 335
226 74 0
226 75 0
226 76 0
226 77 0
226 78 0
226 79 150
226 80 0
226 81 0
226 82 0
226 83 0
226 84 0
226 85 0
226 86 0
226 87 52
226 88 0
226 89 156
226 90 25
226 91 0
226 92 0
226 93 0
226 94 77
226 95 60
251 1 0
251 2 0
251 3 0
251 4 0
251 5 224
251 6 0
251 7 70
251 8 0
251 9 0
251 10 0
251 11 33
251 12 0
251 13 220
251 14 0
251 15 0
251 16 11
251 17 26
251 18 292
251 19 0
251 20 0
251 21 0
251 22 17
251 23 129
251 24 0
251 25 0
251 26 0
251 27 0
251 28 0
251 29 0
251 30 0
251 31 78
251 32 0
251 33 0
251 34 0
251 35 216
251 36 0
251 37 0
251 38 0
251 39 111
251 40 0
251 41 87
251 42 112
251 43 110
251 44 0
251 45 0
251 46 15
251 47 130
251 48 0
251 49 28
251 50 0
251 51 0
251 52 64
251 53 0
251 54 8
251 55 48
251 56 7
251 57 347
251 58 0
251 59 0
251 60 0
251 61 149
251 62 0
251 63 188
251 64 0
251 65 0
251 66 35
251 67 223
251 68 0
251 69 0
251 70 29
251 71 78
251 72 0
251 73 341
251 74 0
251 75 0
251 76 0
251 77 0
251 78 0
251 79 154
251 80 0
251 81 0
251 82 0
251 83 0
251 84 0
251 85 0
251 86 0
251 87 55
251 88 0
251 89 155
251 90 30
251 91 0
251 92 0
251 93 0
251 94 75
251 95 57
276 1 0
276 2 0
276 3 0
276 4 0
276 5 228
276 6 0
276 7 67
276 8 0
276 9 0
276 10 0
276 11 33
276 12 0
276 13 221
276 14 0
276 15 0
276 16 6
276 17 12
276 18 302
276 19 0
276 20 0
276 21 0
276 22 31
276 23 139
276 24 0
276 25 0
276 26 0
276 27 0
276 28 0
276 29 0
276 30 0
276 31 91
276 32 0
276 33 0
276 34 0
276 35 214
276 36 0
276 37 0
276 38 0
276 39 110
276 40 0
276 41 89
276 42 120
276 43 124
276 44 0
276 45 0
276 46 21
276 47 122
276 48 0
276 49 29
276 50 0
276 51 0
276 52 55
276 53 0
276 54 14
276 55 50
276 56 0
276 57 361
276 58 0
276 59 0
276 60 0
276 61 147
276 62 0
276 63 191
276 64 0
276 65 0
276 66 36
276 67 204
276 68 0
276 69 0
276 70 29
276 71 80
276 72 0
276 73 314
276 74 0
276 75 0
276 76 0
276 77 0
276 78 0
276 79 147
276 80 0
276 81 0
276 82 0
276 83 0
276 84 0
276 85 0
276 86 0
276 87 42
276 88 0
276 89 159
276 90 22
276 91 0
276 92 0
276 93 0
276 94 73
276 95 74
301 1 0
301 2 0
301 3 0
301 4 0
301 5 242
301 6 0
301 7 66
301 8 0
301 9 0
301 10 0
301 11 36
301 12 0
301 13 205
301 14 0
301 15 0
301 16 28
301 17 20
301 18 322
301 19 0
301 20 0
301 21 0
301 22 23
301 23 129
301 24 0
301 25 0
301 26 0
301 27 0
301 28 0
301 29 0
301 30 0
301 31 91
301 32 0
301 33 0
301 34 0
301 35 211
301 36 0
301 37 0
301 38 0
301 39 115
301 40 0
301 41 87
301 42 114
301 43 124
301 44 0
301 45 0
301 46 21
301 47 133
301 48 0
301 49 31
301 50 0
301 51 0
301 52 68
301 53 0
301 54 3
301 55 48
301 56 0
301 57 329
301 58 0
301 59 0
301 60 0
301 61 148
301 62 0
301 63 171
301 64 0
301 65 0
301 66 37
301 67 210
301 68 0
301 69 0
301 70 32
301 71 79
301 72 0
301 73 351
301 74 0
301 75 0
301 76 0
301 77 0
301 78 0
301 79 139
301 80 0
301 81 0
301 82 0
301 83 0
301 84 0
301 85 0
301 86 0
301 87 49
301 88 0
301 89 156
301 90 22
301 91 0
301 92 0
301 93 0
301 94 76
301 95 57
326 1 0
326 2 0
326 3 0
326 4 0
326 5 212
326 6 0
326 7 68
326 8 0
326 9 0
326 10 0
326 11 31
326 12 0
326 13 220
326 14 0
326 15 0
326 16 10
326 17 9
326 18 310
326 19 0
326 20 0
326 21 0
326 22 23
326 23 127
326 24 0
326 25 0
326 26 0
326 27 0
326 28 0
326 29 0
326 30 0
326 31 93
326 32 0
326 33 0
326 34 0
326 35 214
326 36 0
326 37 0
326 38 0
326 39 109
326 40 0
326 41 87
326 42 107
326 43 121
326 44 0
326 45 0
326 46 24
326 47 132
326 48 0
326 49 32
326 50 0
326 51 0
326 52 58
326 53 0
326 54 10
326 55 38
326 56 0
326 57 352
326 58 0
326 59 0
326 60 0
326 61 131
326 62 0
326 63 189
326 64 0
326 65 0
326 66 31
326 67 226
326 68 0
326 69 0
326 70 26
326 71 67
326 72 0
326 73 321
326 74 0
326 75 0
326 76 0
326 77 0
326 78 0
326 79 147
326 80 0
326 81 0
326 82 0
326 83 0
326 84 0
326 85 0
326 86 0
326 87 49
326 88 0
326 89 161
326 90 28
326 91 0
326 92 0
326 93 0
326 94 78
326 95 62
351 1 0
351 2 0
351 3 0
351 4 0
351 5 222
351 6 0
351 7 61
351 8 0
351 9 0
351 10 0
351 11 38
351 12 0
351 13 226
351 14 0
351 15 0
351 16 10
351 17 10
351 18 289
351 19 0
351 20 0
351 21 0
351 22 18
351 23 142
351 24 0
351 25 0
351 26 0
351 27 0
351 28 0
351 29 0
351 30 0
351 31 79
351 32 0
351 33 0
351 34 0
351 35 204
351 36 0
351 37 0
351 38 0
351 39 106
351 40 0
351 41 83
351 42 112
351 43 129
351 44 0
351 45 0
351 46 22
351 47 113
351 48 0
351 49 23
351 50 0
351 51 0
351 52 62
351 53 0
351 54 14
351 55 28
351 56 0
351 57 361
351 58 0
351 59 0
351 60 0
351 61 128
351 62 0
351 63 189
351 64 0
351 65 0
351 66 32
351 67 217
351 68 0
351 69 0
351 70 34
351 71 69
351 72 0
351 73 328
351 74 0
351 75 0
351 76 0
351 77 0
351 78 0
351 79 145
351 80 0
351 81 0
351 82 0
351 83 0
351 84 0
351 85 0
351 86 0
351 87 40
351 88 0
351 89 164
351 90 20
351 91 0
351 92 0
351 93 0
351 94 75
351 95 62
376 1 0
376 2 0
376 3 0
376 4 0
376 5 230
376 6 0
376 7 71
376 8 0
376 9 0
376 10 0
376 11 32
376 12 0
376 13 217
376 14 0
376 15 0
376 16 6
376 17 12
376 18 306
376 19 0
376 20 0
376 21 0
376 22 30
376 23 123
376 24 0
376 25 0
376 26 0
376 27 0
376 28 0
376 29 0
376 30 0
376 31 81
376 32 0
376 33 0
376 34 0
376 35 215
376 36 0
376 37 0
376 38 0
376 39 120
376 40 0
376 41 84
376 42 118
376 43 118
376 44 0
376 45 0
376 46 21
376 47 126
376 48 0
376 49 31
376 50 0
376 51 0
376 52 60
376 53 0
376 54 10
376 55 38
376 56 0
376 57 361
376 58 0
376 59 0
376 60 0
376 61 131
376 62 0
376 63 193
376 64 0
376 65 0
376 66 27
376 67 206
376 68 0
376 69 0
376 70 31
376 71 71
376 72 0
376 73 336
376 74 0
376 75 0
376 76 0
376 77 0
376 78 0
376 79 144
376 80 0
376 81 0
376 82 0
376 83 0
376 84 0
376 85 0
376 86 0
376 87 41
376 88 0
376 89 150
376 90 30
376 91 0
376 92 0
376 93 0
376 94 74
376 95 68
401 1 0
401 2 0
401 3 0
401 4 0
401 5 221
401 6 0
401 7 63
401 8 0
401 9 0
401 10 0
401 11 30
401 12 0
401 13 225
401 14 0
401 15 0
401 16 0
401 17 12
401 18 284
401 19 0
401 20 0
401 21 0
401 22 34
401 23 125
401 24 0
401 25 0
401 26 0
401 27 0
401 28 0
401 29 0
401 30 0
401 31 96
401 32 0
401 33 0
401 34 0
401 35 200
401 36 0
401 37 0
401 38 0
401 39 114
401 40 0
401 41 92
401 42 114
401 43 129
401 44 0
401 45 0
401 46 27
401 47 116
401 48 0
401 49 30
401 50 0
401 51 0
401 52 57
401 53 0
401 54 14
401 55 43
401 56 0
401 57 363
401 58 0
401 59 0
401 60 0
401 61 125
401 62 0
401 63 203
401 64 0
401 65 0
401 66 30
401 67 211
401 68 0
401 69 0
401 70 30
401 71 75
401 72 0
401 73 324
401 74 0
401 75 0
401 76 0
401 77 0
401 78 0
401 79 157
401 80 0
401 81 0
401 82 0
401 83 0
401 84 0
401 85 0
401 86 0
401 87 49
401 88 0
401 89 164
401 90 25
401 91 0
401 92 0
401 93 0
401 94 71
401 95 60
426 1 0
426 2 0
426 3 0
426 4 0
426 5 220
426 6 0
426 7 53
426 8 0
426 9 0
426 10 0
426 11 37
426 12 0
426 13 231
426 14 0
426 15 0
426 16 0
426 17 7
426 18 309
426 19 0
426 20 0
426 21 0
426 22 23
426 23 136
426 24 0
426 25 0
426 26 0
426 27 0
426 28 0
426 29 0
426 30 0
426 31 85
426 32 0
426 33 0
426 34 0
426 35 211
426 36 0
426 37 0
426 38 0
426 39 115
426 40 0
426 41 82
426 42 118
426 43 139
426 44 0
426 45 0
426 46 21
426 47 136
426 48 0
426 49 23
426 50 0
426 51 0
426 52 60
426 53 0
426 54 10
426 55 31
426 56 0
426 57 355
426 58 0
426 59 0
426 60 0
426 61 129
426 62 0
426 63 202
426 64 0
426 65 0
426 66 34
426 67 202
426 68 0
426 69 0
426 70 30
426 71 73
426 72 0
426 73 316
426 74 0
426 75 0
426 76 0
426 77 0
426 78 0
426 79 138
426 80 0
426 81 0
426 82 0
426 83 0
426 84 0
426 85 0
426 86 0
426 87 48
426 88 0
426 89 153
426 90 24
426 91 0
426 92 0
426 93 0
426 94 69
426 95 60
451 1 0
451 2 0
451 3 0
451 4 0
451 5 230
451 6 0
451 7 67
451 8 0
451 9 0
451 10 0
451 11 34
451 12 0
451 13 219
451 14 0
451 15 0
451 16 0
451 17 13
451 18 315
451 19 0
451 20 0
451 21 0
451 22 33
451 23 139
451 24 0
451 25 0
451 26 0
451 27 0
451 28 0
451 29 0
451 30 0
451 31 87
451 32 0
451 33 0
451 34 0
451 35 210
451 36 0
451 37 0
451 38 0
451 39 120
451 40 0
451 41 84
451 42 111
451 43 135
451 44 0
451 45 0
451 46 24
451 47 122
451 48 0
451 49 25
451 50 0
451 51 0
451 52 65
451 53 0
451 54 19
451 55 46
451 56 0
451 57 356
451 58 0
451 59 0
451 60 0
451 61 136
451 62 0
451 63 199
451 64 0
451 65 0
451 66 31
451 67 195
451 68 0
451 69 0
451 70 30
451 71 74
451 72 0
451 73 331
451 74 0
451 75 0
451 76 0
451 77 0
451 78 0
451 79 149
451 80 0
451 81 0
451 82 0
451 83 0
451 84 0
451 85 0
451 86 0
451 87 49
451 88 0
451 89 152
451 90 23
451 91 0
451 92 0
451 93 0
451 94 64
451 95 55
476 1 0
476 2 0
476 3 0
476 4 0
476 5 237
476 6 0
476 7 61
476 8 0
476 9 0
476 10 0
476 11 33
476 12 0
476 13 197
476 14 0
476 15 0
476 16 0
476 17 16
476 18 270
476 19 0
476 20 0
476 21 0
476 22 37
476 23 123
476 24 0
476 25 0
476 26 0
476 27 0
476 28 0
476 29 0
476 30 0
476 31 91
476 32 0
476 33 0
476 34 0
476 35 224
476 36 0
476 37 0
476 38 0
476 39 116
476 40 0
476 41 83
476 42 106
476 43 141
476 44 0
476 45 0
476 46 27
476 47 114
476 48 0
476 49 35
476 50 0
476 51 0
476 52 62
476 53 0
476 54 6
476 55 45
476 56 0
476 57 354
476 58 0
476 59 0
476 60 0
476 61 141
476 62 0
476 63 195
476 64 0
476 65 0
476 66 31
476 67 183
476 68 0
476 69 0
476 70 33
476 71 68
476 72 0
476 73 324
476 74 0
476 75 0
476 76 0
476 77 0
476 78 0
476 79 152
476 80 0
476 81 0
476 82 0
476 83 0
476 84 0
476 85 0
476 86 0
476 87 45
476 88 0
476 89 151
476 90 20
476 91 0
476 92 0
476 93 0
476 94 67
476 95 59
501 1 0
501 2 0
501 3 0
501 4 0
501 5 237
501 6 0
501 7 65
501 8 0
501 9 0
501 10 0
501 11 31
501 12 0
501 13 224
501 14 0
501 15 0
501 16 0
501 17 12
501 18 302
501 19 0
501 20 0
501 21 0
501 22 27
501 23 117
501 24 0
501 25 0
501 26 0
501 27 0
501 28 0
501 29 0
501 30 0
501 31 88
501 32 0
501 33 0
501 34 0
501 35 197
501 36 0
501 37 0
501 38 0
501 39 118
501 40 0
501 41 77
501 42 113
501 43 118
501 44 0
501 45 0
501 46 25
501 47 119
501 48 0
501 49 24
501 50 0
501 51 0
501 52 61
501 53 0
501 54 0
501 55 37
501 56 0
501 57 369
501 58 0
501 59 0
501 60 0
501 61 133
501 62 0
501 63 192
501 64 0
501 65 0
501 66 33
501 67 218
501 68 0
501 69 0
501 70 28
501 71 79
501 72 0
501 73 315
501 74 0
501 75 0
501 76 0
501 77 0
501 78 0
501 79 154
501 80 0
501 81 0
501 82 0
501 83 0
501 84 0
501 85 0
501 86 0
501 87 47
501 88 0
501 89 152
501 90 25
501 91 0
501 92 0
501 93 0
501 94 64
501 95 65
526 1 0
526 2 0
526 3 0
526 4 0
526 5 228
526 6 0
526 7 67
526 8 0
526 9 0
526 10 0
526 11 30
526 12 0
526 13 218
526 14 0
526 15 0
526 16 0
526 17 13
526 18 310
526 19 0
526 20 0
526 21 0
526 22 23
526 23 124
526 24 0
526 25 0
526 26 0
526 27 0
526 28 0
526 29 0
526 30 0
526 31 73
526 32 0
526 33 0
526 34 0
526 35 206
526 36 0
526 37 0
526 38 0
526 39 114
526 40 0
526 41 73
526 42 111
526 43 124
526 44 0
526 45 0
526 46 32
526 47 134
526 48 0
526 49 32
526 50 0
526 51 0
526 52 66
526 53 0
526 54 0
526 55 37
526 56 0
526 57 343
526 58 0
526 59 0
526 60 0
526 61 143
526 62 0
526 63 194
526 64 0
526 65 0
526 66 37
526 67 228
526 68 0
526 69 0
526 70 33
526 71 63
526 72 0
526 73 341
526 74 0
526 75 0
526 76 0
526 77 0
526 78 0
526 79 138
526 80 0
526 81 0
526 82 0
526 83 0
526 84 0
526 85 0
526 86 0
526 87 44
526 88 0
526 89 158
526 90 27
526 91 0
526 92 0
526 93 0
526 94 74
526 95 53
551 1 0
551 2 0
551 3 0
551 4 0
551 5 232
551 6 0
551 7 59
551 8 0
551 9 0
551 10 0
551 11 40
551 12 0
551 13 227
551 14 0
551 15 0
551 16 0
551 17 7
551 18 311
551 19 0
551 20 0
551 21 0
551 22 20
551 23 115
551 24 0
551 25 0
551 26 0
551 27 0
551 28 0
551 29 0
551 30 0
551 31 69
551 32 0
551 33 0
551 34 0
551 35 205
551 36 0
551 37 0
551 38 0
551 39 103
551 40 0
551 41 78
551 42 115
551 43 151
551 44 0
551 45 0
551 46 22
551 47 131
551 48 0
551 49 32
551 50 0
551 51 0
551 52 62
551 53 0
551 54 0
551 55 46
551 56 0
551 57 341
551 58 0
551 59 0
551 60 0
551 61 139
551 62 0
551 63 192
551 64 0
551 65 0
551 66 32
551 67 217
551 68 0
551 69 0
551 70 29
551 71 69
551 72 0
551 73 319
551 74 0
551 75 0
551 76 0
551 77 0
551 78 0
551 79 146
551 80 0
551 81 0
551 82 0
551 83 0
551 84 0
551 85 0
551 86 0
551 87 39
551 88 0
551 89 160
551 90 20
551 91 0
551 92 0
551 93 0
551 94 75
551 95 64
576 1 0
576 2 0
576 3 0
576 4 0
576 5 197
576 6 0
576 7 70
576 8 0
576 9 0
576 10 0
576 11 34
576 12 0
576 13 219
576 14 0
576 15 0
576 16 0
576 17 0
576 18 314
576 19 0
576 20 0
576 21 0
576 22 23
576 23 113
576 24 0
576 25 0
576 26 0
576 27 0
576 28 0
576 29 0
576 30 0
576 31 79
576 32 0
576 33 0
576 34 0
576 35 228
576 36 0
576 37 0
576 38 0
576 39 112
576 40 0
576 41 81
576 42 115
576 43 155
576 44 0
576 45 0
576 46 20
576 47 124
576 48 0
576 49 30
576 50 0
576 51 0
576 52 78
576 53 0
576 54 0
576 55 40
576 56 0
576 57 357
576 58 0
576 59 0
576 60 0
576 61 140
576 62 0
576 63 185
576 64 0
576 65 0
576 66 36
576 67 210
576 68 0
576 69 0
576 70 32
576 71 72
576 72 0
576 73 320
576 74 0
576 75 0
576 76 0
576 77 0
576 78 0
576 79 149
576 80 0
576 81 0
576 82 0
576 83 0
576 84 0
576 85 0
576 86 0
576 87 52
576 88 0
576 89 152
576 90 23
576 91 0
576 92 0
576 93 0
576 94 62
576 95 77
601 1 0
601 2 0
601 3 0
601 4 0
601 5 226
601 6 0
601 7 62
601 8 0
601 9 0
601 10 0
601 11 38
601 12 0
601 13 216
601 14 0
601 15 0
601 16 0
601 17 0
601 18 317
601 19 0
601 20 0
601 21 0
601 22 30
601 23 117
601 24 0
601 25 0
601 26 0
601 27 0
601 28 0
601 29 0
601 30 0
601 31 73
601 32 0
601 33 0
601 34 0
601 35 200
601 36 0
601 37 0
601 38 0
601 39 118
601 40 0
601 41 81
601 42 104
601 43 132
601 44 0
601 45 0
601 46 20
601 47 120
601 48 0
601 49 33
601 50 0
601 51 0
601 52 68
601 53 0
601 54 0
601 55 45
601 56 0
601 57 350
601 58 0
601 59 0
601 60 0
601 61 147
601 62 0
601 63 192
601 64 0
601 65 0
601 66 35
601 67 216
601 68 0
601 69 0
601 70 31
601 71 74
601 72 0
601 73 340
601 74 0
601 75 0
601 76 0
601 77 0
601 78 0
601 79 144
601 80 0
601 81 0
601 82 0
601 83 0
601 84 0
601 85 0
601 86 0
601 87 36
601 88 0
601 89 157
601 90 21
601 91 0
601 92 0
601 93 0
601 94 65
601 95 64
626 1 0
626 2 0
626 3 0
626 4 0
626 5 224
626 6 0
626 7 65
626 8 0
626 9 0
626 10 0
626 11 34
626 12 0
626 13 208
626 14 0
626 15 0
626 16 0
626 17 0
626 18 303
626 19 0
626 20 0
626 21 0
626 22 27
626 23 121
626 24 0
626 25 0
626 26 0
626 27 0
626 28 0
626 29 0
626 30 0
626 31 81
626 32 0
626 33 0
626 34 0
626 35 221
626 36 0
626 37 0
626 38 0
626 39 109
626 40 0
626 41 78
626 42 111
626 43 114
626 44 0
626 45 0
626 46 29
626 47 117
626 48 0
626 49 36
626 50 0
626 51 0
626 52 61
626 53 0
626 54 0
626 55 47
626 56 0
626 57 378
626 58 0
626 59 0
626 60 0
626 61 139
626 62 0
626 63 203
626 64 0
626 65 0
626 66 38
626 67 208
626 68 0
626 69 0
626 70 30
626 71 76
626 72 0
626 73 307
626 74 0
626 75 0
626 76 0
626 77 0
626 78 0
626 79 143
626 80 0
626 81 0
626 82 0
626 83 0
626 84 0
626 85 0
626 86 0
626 87 63
626 88 0
626 89 144
626 90 31
626 91 0
626 92 0
626 93 0
626 94 77
626 95 76
651 1 0
651 2 0
651 3 0
651 4 0
651 5 225
651 6 0
651 7 70
651 8 0
651 9 0
651 10 0
651 11 32
651 12 0
651 13 212
651 14 0
651 15 0
651 16 0
651 17 0
651 18 311
651 19 0
651 20 0
651 21 0
651 22 34
651 23 112
651 24 0
651 25 0
651 26 0
651 27 0
651 28 0
651 29 0
651 30 0
651 31 80
651 32 0
651 33 0
651 34 0
651 35 200
651 36 0
651 37 0
651 38 0
651 39 122
651 40 0
651 41 75
651 42 113
651 43 122
651 44 0
651 45 0
651 46 28
651 47 123
651 48 0
651 49 33
651 50 0
651 51 0
651 52 59
651 53 0
651 54 0
651 55 42
651 56 0
651 57 361
651 58 0
651 59 0
651 60 0
651 61 129
651 62 0
651 63 194
651 64 0
651 65 0
651 66 43
651 67 208
651 68 0
651 69 0
651 70 33
651 71 68
651 72 0
651 73 330
651 74 0
651 75 0
651 76 0
651 77 0
651 78 0
651 79 146
651 80 0
651 81 0
651 82 0
651 83 0
651 84 0
651 85 0
651 86 0
651 87 50
651 88 0
651 89 160
651 90 27
651 91 0
651 92 0
651 93 0
651 94 71
651 95 65
676 1 0
676 2 0
676 3 0
676 4 0
676 5 210
676 6 0
676 7 72
676 8 0
676 9 0
676 10 0
676 11 35
676 12 0
676 13 221
676 14 0
676 15 0
676 16 0
676 17 0
676 18 308
676 19 0
676 20 0
676 21 0
676 22 22
676 23 117
676 24 0
676 25 0
676 26 0
676 27 0
676 28 0
676 29 0
676 30 0
676 31 77
676 32 0
676 33 0
676 34 0
676 35 193
676 36 0
676 37 0
676 38 0
676 39 118
676 40 0
676 41 71
676 42 117
676 43 116
676 44 0
676 45 0
676 46 21
676 47 119
676 48 0
676 49 34
676 50 0
676 51 0
676 52 60
676 53 0
676 54 0
676 55 35
676 56 0
676 57 349
676 58 0
676 59 0
676 60 0
676 61 137
676 62 0
676 63 196
676 64 0
676 65 0
676 66 33
676 67 206
676 68 0
676 69 0
676 70 29
676 71 84
676 72 0
676 73 322
676 74 0
676 75 0
676 76 0
676 77 0
676 78 0
676 79 152
676 80 0
676 81 0
676 82 0
676 83 0
676 84 0
676 85 0
676 86 0
676 87 55
676 88 0
676 89 155
676 90 30
676 91 0
676 92 0
676 93 0
676 94 69
676 95 75
701 1 0
701 2 0
701 3 0
701 4 0
701 5 225
701 6 0
701 7 62
701 8 0
701 9 0
701 10 0
701 11 30
701 12 0
701 13 221
701 14 0
701 15 0
701 16 0
701 17 0
701 18 295
701 19 0
701 20 0
701 21 0
701 22 29
701 23 122
701 24 0
701 25 0
701 26 0
701 27 0
701 28 0
701 29 0
701 30 0
701 31 74
701 32 0
701 33 0
701 34 0
701 35 202
701 36 0
701 37 0
701 38 0
701 39 120
701 40 0
701 41 78
701 42 118
701 43 119
701 44 0
701 45 0
701 46 19
701 47 125
701 48 0
701 49 28
701 50 0
701 51 0
701 52 62
701 53 0
701 54 0
701 55 41
701 56 0
701 57 366
701 58 0
701 59 0
701 60 0
701 61 134
701 62 0
701 63 195
701 64 0
701 65 0
701 66 36
701 67 210
701 68 0
701 69 0
701 70 30
701 71 77
701 72 0
701 73 345
701 74 0
701 75 0
701 76 0
701 77 0
701 78 0
701 79 158
701 80 0
701 81 0
701 82 0
701 83 0
701 84 0
701 85 0
701 86 0
701 87 50
701 88 0
701 89 158
701 90 30
701 91 0
701 92 0
701 93 0
701 94 70
701 95 76
726 1 0
726 2 0
726 3 0
726 4 0
726 5 248
726 6 0
726 7 58
726 8 0
726 9 0
726 10 0
726 11 33
726 12 0
726 13 219
726 14 0
726 15 0
726 16 0
726 17 0
726 18 302
726 19 0
726 20 0
726 21 0
726 22 28
726 23 112
726 24 0
726 25 0
726 26 0
726 27 0
726 28 0
726 29 0
726 30 0
726 31 81
726 32 0
726 33 0
726 34 0
726 35 186
726 36 0
726 37 0
726 38 0
726 39 110
726 40 0
726 41 80
726 42 113
726 43 119
726 44 0
726 45 0
726 46 23
726 47 121
726 48 0
726 49 34
726 50 0
726 51 0
726 52 62
726 53 0
726 54 0
726 55 42
726 56 0
726 57 372
726 58 0
726 59 0
726 60 0
726 61 120
726 62 0
726 63 196
726 64 0
726 65 0
726 66 37
726 67 216
726 68 0
726 69 0
726 70 29
726 71 63
726 72 0
726 73 340
726 74 0
726 75 0
726 76 0
726 77 0
726 78 0
726 79 158
726 80 0
726 81 0
726 82 0
726 83 0
726 84 0
726 85 0
726 86 0
726 87 48
726 88 0
726 89 157
726 90 27
726 91 0
726 92 0
726 93 0
726 94 76
726 95 78
751 1 0
751 2 0
751 3 0
751 4 0
751 5 227
751 6 0
751 7 69
751 8 0
751 9 0
751 10 0
751 11 33
751 12 0
751 13 218
751 14 0
751 15 0
751 16 0
751 17 0
751 18 307
751 19 0
751 20 0
751 21 0
751 22 26
751 23 118
751 24 0
751 25 0
751 26 0
751 27 0
751 28 0
751 29 0
751 30 0
751 31 78
751 32 0
751 33 0
751 34 0
751 35 192
751 36 0
751 37 0
751 38 0
751 39 109
751 40 0
751 41 80
751 42 117
751 43 106
751 44 0
751 45 0
751 46 27
751 47 123
751 48 0
751 49 32
751 50 0
751 51 0
751 52 55
751 53 0
751 54 0
751 55 37
751 56 0
751 57 363
751 58 0
751 59 0
751 60 0
751 61 133
751 62 0
751 63 193
751 64 0
751 65 0
751 66 30
751 67 219
751 68 0
751 69 0
751 70 37
751 71 70
751 72 0
751 73 345
751 74 0
751 75 0
751 76 0
751 77 0
751 78 0
751 79 150
751 80 0
751 81 0
751 82 0
751 83 0
751 84 0
751 85 0
751 86 0
751 87 48
751 88 0
751 89 151
751 90 30
751 91 0
751 92 0
751 93 0
751 94 70
751 95 68
776 1 0
776 2 0
776 3 0
776 4 0
776 5 237
776 6 0
776 7 58
776 8 0
776 9 0
776 10 0
776 11 31
776 12 0
776 13 210
776 14 0
776 15 0
776 16 0
776 17 0
776 18 298
776 19 0
776 20 0
776 21 0
776 22 28
776 23 119
776 24 0
776 25 0
776 26 0
776 27 0
776 28 0
776 29 0
776 30 0
776 31 79
776 32 0
776 33 0
776 34 0
776 35 189
776 36 0
776 37 0
776 38 0
776 39 118
776 40 0
776 41 82
776 42 110
776 43 115
776 44 0
776 45 0
776 46 18
776 47 122
776 48 0
776 49 26
776 50 0
776 51 0
776 52 60
776 53 0
776 54 0
776 55 43
776 56 0
776 57 348
776 58 0
776 59 0
776 60 0
776 61 136
776 62 0
776 63 195
776 64 0
776 65 0
776 66 31
776 67 214
776 68 0
776 69 0
776 70 30
776 71 75
776 72 0
776 73 342
776 74 0
776 75 0
776 76 0
776 77 0
776 78 0
776 79 156
776 80 0
776 81 0
776 82 0
776 83 0
776 84 0
776 85 0
776 86 0
776 87 60
776 88 0
776 89 159
776 90 21
776 91 0
776 92 0
776 93 0
776 94 64
776 95 73
801 1 0
801 2 0
801 3 0
801 4 0
801 5 224
801 6 0
801 7 65
801 8 0
801 9 0
801 10 0
801 11 38
801 12 0
801 13 215
801 14 0
801 15 0
801 16 0
801 17 0
801 18 312
801 19 0
801 20 0
801 21 0
801 22 30
801 23 116
801 24 0
801 25 0
801 26 0
801 27 0
801 28 0
801 29 0
801 30 0
801 31 81
801 32 0
801 33 0
801 34 0
801 35 198
801 36 0
801 37 0
801 38 0
801 39 115
801 40 0
801 41 73
801 42 112
801 43 113
801 44 0
801 45 0
801 46 20
801 47 111
801 48 0
801 49 31
801 50 0
801 51 0
801 52 63
801 53 0
801 54 0
801 55 42
801 56 0
801 57 358
801 58 0
801 59 0
801 60 0
801 61 136
801 62 0
801 63 196
801 64 0
801 65 0
801 66 34
801 67 210
801 68 0
801 69 0
801 70 31
801 71 71
801 72 0
801 73 328
801 74 0
801 75 0
801 76 0
801 77 0
801 78 0
801 79 155
801 80 0
801 81 0
801 82 0
801 83 0
801 84 0
801 85 0
801 86 0
801 87 58
801 88 0
801 89 148
801 90 21
801 91 0
801 92 0
801 93 0
801 94 77
801 95 86
826 1 0
826 2 0
826 3 0
826 4 0
826 5 198
826 6 0
826 7 75
826 8 0
826 9 0
826 10 0
826 11 32
826 12 0
826 13 225
826 14 0
826 15 0
826 16 0
826 17 0
826 18 314
826 19 0
826 20 0
826 21 0
826 22 21
826 23 118
826 24 0
826 25 0
826 26 0
826 27 0
826 28 0
826 29 0
826 30 0
826 31 79
826 32 0
826 33 0
826 34 0
826 35 198
826 36 0
826 37 0
826 38 0
826 39 116
826 40 0
826 41 78
826 42 112
826 43 130
826 44 0
826 45 0
826 46 24
826 47 105
826 48 0
826 49 31
826 50 0
826 51 0
826 52 60
826 53 0
826 54 0
826 55 33
826 56 0
826 57 370
826 58 0
826 59 0
826 60 0
826 61 136
826 62 0
826 63 188
826 64 0
826 65 0
826 66 38
826 67 224
826 68 0
826 69 0
826 70 31
826 71 79
826 72 0
826 73 337
826 74 0
826 75 0
826 76 0
826 77 0
826 78 0
826 79 156
826 80 0
826 81 0
826 82 0
826 83 0
826 84 0
826 85 0
826 86 0
826 87 53
826 88 0
826 89 148
826 90 21
826 91 0
826 92 0
826 93 0
826 94 69
826 95 64
851 1 0
851 2 0
851 3 0
851 4 0
851 5 204
851 6 0
851 7 77
851 8 0
851 9 0
851 10 0
851 11 34
851 12 0
851 13 220
851 14 0
851 15 0
851 16 0
851 17 0
851 18 318
851 19 0
851 20 0
851 21 0
851 22 21
851 23 125
851 24 0
851 25 0
851 26 0
851 27 0
851 28 0
851 29 0
851 30 0
851 31 80
851 32 0
851 33 0
851 34 0
851 35 190
851 36 0
851 37 0
851 38 0
851 39 107
851 40 0
851 41 78
851 42 106
851 43 133
851 44 0
851 45 0
851 46 20
851 47 129
851 48 0
851 49 29
851 50 0
851 51 0
851 52 59
851 53 0
851 54 0
851 55 35
851 56 0
851 57 359
851 58 0
851 59 0
851 60 0
851 61 128
851 62 0
851 63 192
851 64 0
851 65 0
851 66 34
851 67 232
851 68 0
851 69 0
851 70 29
851 71 72
851 72 0
851 73 329
851 74 0
851 75 0
851 76 0
851 77 0
851 78 0
851 79 148
851 80 0
851 81 0
851 82 0
851 83 0
851 84 0
851 85 0
851 86 0
851 87 55
851 88 0
851 89 151
851 90 25
851 91 0
851 92 0
851 93 0
851 94 66
851 95 79
876 1 0
876 2 0
876 3 0
876 4 0
876 5 225
876 6 0
876 7 66
876 8 0
876 9 0
876 10 0
876 11 29
876 12 0
876 13 225
876 14 0
876 15 0
876 16 0
876 17 0
876 18 313
876 19 0
876 20 0
876 21 0
876 22 22
876 23 120
876 24 0
876 25 0
876 26 0
876 27 0
876 28 0
876 29 0
876 30 0
876 31 80
876 32 0
876 33 0
876 34 0
876 35 192
876 36 0
876 37 0
876 38 0
876 39 115
876 40 0
876 41 78
876 42 116
876 43 120
876 44 0
876 45 0
876 46 27
876 47 123
876 48 0
876 49 30
876 50 0
876 51 0
876 52 71
876 53 0
876 54 0
876 55 35
876 56 0
876 57 365
876 58 0
876 59 0
876 60 0
876 61 134
876 62 0
876 63 201
876 64 0
876 65 0
876 66 30
876 67 214
876 68 0
876 69 0
876 70 32
876 71 69
876 72 0
876 73 345
876 74 0
876 75 0
876 76 0
876 77 0
876 78 0
876 79 153
876 80 0
876 81 0
876 82 0
876 83 0
876 84 0
876 85 0
876 86 0
876 87 43
876 88 0
876 89 138
876 90 28
876 91 0
876 92 0
876 93 0
876 94 78
876 95 78
901 1 0
901 2 0
901 3 0
901 4 0
901 5 236
901 6 0
901 7 62
901 8 0
901 9 0
901 10 0
901 11 34
901 12 0
901 13 213
901 14 0
901 15 0
901 16 0
901 17 0
901 18 303
901 19 0
901 20 0
901 21 0
901 22 16
901 23 125
901 24 0
901 25 0
901 26 0
901 27 0
901 28 0
901 29 0
901 30 0
901 31 74
901 32 0
901 33 0
901 34 0
901 35 196
901 36 0
901 37 0
901 38 0
901 39 113
901 40 0
901 41 78
901 42 116
901 43 106
901 44 0
901 45 0
901 46 26
901 47 127
901 48 0
901 49 34
901 50 0
901 51 0
901 52 63
901 53 0
901 54 0
901 55 33
901 56 0
901 57 365
901 58 0
901 59 0
901 60 0
901 61 124
901 62 0
901 63 184
901 64 0
901 65 0
901 66 30
901 67 209
901 68 0
901 69 0
901 70 30
901 71 65
901 72 0
901 73 337
901 74 0
901 75 0
901 76 0
901 77 0
901 78 0
901 79 153
901 80 0
901 81 0
901 82 0
901 83 0
901 84 0
901 85 0
901 86 0
901 87 53
901 88 0
901 89 149
901 90 27
901 91 0
901 92 0
901 93 0
901 94 79
901 95 76
926 1 0
926 2 0
926 3 0
926 4 0
926 5 228
926 6 0
926 7 65
926 8 0
926 9 0
926 10 0
926 11 27
926 12 0
926 13 232
926 14 0
926 15 0
926 16 0
926 17 0
926 18 318
926 19 0
926 20 0
926 21 0
926 22 22
926 23 118
926 24 0
926 25 0
926 26 0
926 27 0
926 28 0
926 29 0
926 30 0
926 31 76
926 32 0
926 33 0
926 34 0
926 35 188
926 36 0
926 37 0
926 38 0
926 39 116
926 40 0
926 41 82
926 42 115
926 43 124
926 44 0
926 45 0
926 46 20
926 47 116
926 48 0
926 49 30
926 50 0
926 51 0
926 52 62
926 53 0
926 54 0
926 55 39
926 56 0
926 57 358
926 58 0
926 59 0
926 60 0
926 61 140
926 62 0
926 63 191
926 64 0
926 65 0
926 66 34
926 67 219
926 68 0
926 69 0
926 70 31
926 71 64
926 72 0
926 73 345
926 74 0
926 75 0
926 76 0
926 77 0
926 78 0
926 79 148
926 80 0
926 81 0
926 82 0
926 83 0
926 84 0
926 85 0
926 86 0
926 87 52
926 88 0
926 89 162
926 90 22
926 91 0
926 92 0
926 93 0
926 94 64
926 95 63
951 1 0
951 2 0
951 3 0
951 4 0
951 5 217
951 6 0
951 7 67
951 8 0
951 9 0
951 10 0
951 11 31
951 12 0
951 13 219
951 14 0
951 15 0
951 16 0
951 17 0
951 18 292
951 19 0
951 20 0
951 21 0
951 22 34
951 23 115
951 24 0
951 25 0
951 26 0
951 27 0
951 28 0
951 29 0
951 30 0
951 31 81
951 32 0
951 33 0
951 34 0
951 35 195
951 36 0
951 37 0
951 38 0
951 39 108
951 40 0
951 41 74
951 42 112
951 43 124
951 44 0
951 45 0
951 46 18
951 47 119
951 48 0
951 49 29
951 50 0
951 51 0
951 52 66
951 53 0
951 54 0
951 55 35
951 56 0
951 57 364
951 58 0
951 59 0
951 60 0
951 61 133
951 62 0
951 63 201
951 64 0
951 65 0
951 66 29
951 67 210
951 68 0
951 69 0
951 70 30
951 71 72
951 72 0
951 73 340
951 74 0
951 75 0
951 76 0
951 77 0
951 78 0
951 79 148
951 80 0
951 81 0
951 82 0
951 83 0
951 84 0
951 85 0
951 86 0
951 87 58
951 88 0
951 89 157
951 90 27
951 91 0
951 92 0
951 93 0
951 94 74
951 95 70
976 1 0
976 2 0
976 3 0
976 4 0
976 5 220
976 6 0
976 7 62
976 8 0
976 9 0
976 10 0
976 11 33
976 12 0
976 13 216
976 14 0
976 15 0
976 16 0
976 17 0
976 18 296
976 19 0
976 20 0
976 21 0
976 22 34
976 23 118
976 24 0
976 25 0
976 26 0
976 27 0
976 28 0
976 29 0
976 30 0
976 31 78
976 32 0
976 33 0
976 34 0
976 35 182
976 36 0
976 37 0
976 38 0
976 39 120
976 40 0
976 41 81
976 42 118
976 43 121
976 44 0
976 45 0
976 46 23
976 47 141
976 48 0
976 49 30
976 50 0
976 51 0
976 52 61
976 53 0
976 54 0
976 55 41
976 56 0
976 57 337
976 58 0
976 59 0
976 60 0
976 61 131
976 62 0
976 63 197
976 64 0
976 65 0
976 66 29
976 67 192
976 68 0
976 69 0
976 70 38
976 71 64
976 72 0
976 73 337
976 74 0
976 75 0
976 76 0
976 77 0
976 78 0
976 79 133
976 80 0
976 81 0
976 82 0
976 83 0
976 84 0
976 85 0
976 86 0
976 87 60
976 88 0
976 89 164
976 90 30
976 91 0
976 92 0
976 93 0
976 94 62
976 95 74
1001 1 0
1001 2 0
1001 3 0
1001 4 0
1001 5 215
1001 6 0
1001 7 66
1001 8 0
1001 9 0
1001 10 0
1001 11 35
1001 12 0
1001 13 221
1001 14 0
1001 15 0
1001 16 0
1001 17 0
1001 18 310
1001 19 0
1001 20 0
1001 21 0
1001 22 32
1001 23 120
1001 24 0
1001 25 0
1001 26 0
1001 27 0
1001 28 0
1001 29 0
1001 30 0
1001 31 81
1001 32 0
1001 33 0
1001 34 0
1001 35 196
1001 36 0
1001 37 0
1001 38 0
1001 39 122
1001 40 0
1001 41 73
1001 42 116
1001 43 114
1001 44 0
1001 45 0
1001 46 25
1001 47 139
1001 48 0
1001 49 28
1001 50 0
1001 51 0
1001 52 73
1001 53 0
1001 54 0
1001 55 41
1001 56 0
1001 57 360
1001 58 0
1001 59 0
1001 60 0
1001 61 116
1001 62 0
1001 63 195
1001 64 0
1001 65 0
1001 66 33
1001 67 212
1001 68 0
1001 69 0
1001 70 40
1001 71 63
1001 72 0
1001 73 347
1001 74 0
1001 75 0
1001 76 0
1001 77 0
1001 78 0
1001 79 134
1001 80 0
1001 81 0
1001 82 0
1001 83 0
1001 84 0
1001 85 0
1001 86 0
1001 87 47
1001 88 0
1001 89 149
1001 90 22
1001 91 0
1001 92 0
1001 93 0
1001 94 74
1001 95 81
1026 1 0
1026 2 0
1026 3 0
1026 4 0
1026 5 214
1026 6 0
1026 7 77
1026 8 0
1026 9 0
1026 10 0
1026 11 32
1026 12 0
1026 13 218
1026 14 0
1026 15 0
1026 16 0
1026 17 0
1026 18 313
1026 19 0
1026 20 0
1026 21 0
1026 22 32
1026 23 122
1026 24 0
1026 25 0
1026 26 0
1026 27 0
1026 28 0
1026 29 0
1026 30 0
1026 31 77
1026 32 0
1026 33 0
1026 34 0
1026 35 204
1026 36 0
1026 37 0
1026 38 0
1026 39 120
1026 40 0
1026 41 76
1026 42 113
1026 43 115
1026 44 0
1026 45 0
1026 46 22
1026 47 126
1026 48 0
1026 49 28
1026 50 0
1026 51 0
1026 52 61
1026 53 0
1026 54 0
1026 55 39
1026 56 0
1026 57 364
1026 58 0
1026 59 0
1026 60 0
1026 61 145
1026 62 0
1026 63 206
1026 64 0
1026 65 0
1026 66 37
1026 67 221
1026 68 0
1026 69 0
1026 70 34
1026 71 71
1026 72 0
1026 73 330
1026 74 0
1026 75 0
1026 76 0
1026 77 0
1026 78 0
1026 79 130
1026 80 0
1026 81 0
1026 82 0
1026 83 0
1026 84 0
1026 85 0
1026 86 0
1026 87 56
1026 88 0
1026 89 155
1026 90 26
1026 91 0
1026 92 0
1026 93 0
1026 94 74
1026 95 72
1051 1 0
1051 2 0
1051 3 0
1051 4 0
1051 5 204
1051 6 0
1051 7 71
1051 8 0
1051 9 0
1051 10 0
1051 11 32
1051 12 0
1051 13 214
1051 14 0
1051 15 0
1051 16 0
1051 17 0
1051 18 317
1051 19 0
1051 20 0
1051 21 0
1051 22 24
1051 23 109
1051 24 0
1051 25 0
1051 26 0
1051 27 0
1051 28 0
1051 29 0
1051 30 0
1051 31 74
1051 32 0
1051 33 0
1051 34 0
1051 35 197
1051 36 0
1051 37 0
1051 38 0
1051 39 118
1051 40 0
1051 41 81
1051 42 111
1051 43 126
1051 44 0
1051 45 0
1051 46 23
1051 47 117
1051 48 0
1051 49 31
1051 50 0
1051 51 0
1051 52 56
1051 53 0
1051 54 0
1051 55 41
1051 56 0
1051 57 377
1051 58 0
1051 59 0
1051 60 0
1051 61 139
1051 62 0
1051 63 197
1051 64 0
1051 65 0
1051 66 41
1051 67 217
1051 68 0
1051 69 0
1051 70 32
1051 71 65
1051 72 0
1051 73 315
1051 74 0
1051 75 0
1051 76 0
1051 77 0
1051 78 0
1051 79 154
1051 80 0
1051 81 0
1051 82 0
1051 83 0
1051 84 0
1051 85 0
1051 86 0
1051 87 63
1051 88 0
1051 89 155
1051 90 27
1051 91 0
1051 92 0
1051 93 0
1051 94 69
1051 95 69
1076 1 0
1076 2 0
1076 3 0
1076 4 0
1076 5 211
1076 6 0
1076 7 74
1076 8 0
1076 9 0
1076 10 0
1076 11 32
1076 12 0
1076 13 220
1076 14 0
1076 15 0
1076 16 0
1076 17 0
1076 18 309
1076 19 0
1076 20 0
1076 21 0
1076 22 31
1076 23 123
1076 24 0
1076 25 0
1076 26 0
1076 27 0
1076 28 0
1076 29 0
1076 30 0
1076 31 78
1076 32 0
1076 33 0
1076 34 0
1076 35 192
1076 36 0
1076 37 0
1076 38 0
1076 39 115
1076 40 0
1076 41 75
1076 42 103
1076 43 130
1076 44 0
1076 45 0
1076 46 23
1076 47 120
1076 48 0
1076 49 33
1076 50 0
1076 51 0
1076 52 64
1076 53 0
1076 54 0
1076 55 34
1076 56 0
1076 57 374
1076 58 0
1076 59 0
1076 60 0
1076 61 144
1076 62 0
1076 63 195
1076 64 0
1076 65 0
1076 66 30
1076 67 200
1076 68 0
1076 69 0
1076 70 27
1076 71 65
1076 72 0
1076 73 333
1076 74 0
1076 75 0
1076 76 0
1076 77 0
1076 78 0
1076 79 154
1076 80 0
1076 81 0
1076 82 0
1076 83 0
1076 84 0
1076 85 0
1076 86 0
1076 87 56
1076 88 0
1076 89 154
1076 90 26
1076 91 0
1076 92 0
1076 93 0
1076 94 60
1076 95 72
1101 1 0
1101 2 0
1101 3 0
1101 4 0
1101 5 199
1101 6 0
1101 7 74
1101 8 0
1101 9 0
1101 10 0
1101 11 33
1101 12 0
1101 13 221
1101 14 0
1101 15 0
1101 16 0
1101 17 0
1101 18 319
1101 19 0
1101 20 0
1101 21 0
1101 22 23
1101 23 115
1101 24 0
1101 25 0
1101 26 0
1101 27 0
1101 28 0
1101 29 0
1101 30 0
1101 31 76
1101 32 0
1101 33 0
1101 34 0
1101 35 189
1101 36 0
1101 37 0
1101 38 0
1101 39 106
1101 40 0
1101 41 75
1101 42 112
1101 43 127
1101 44 0
1101 45 0
1101 46 19
1101 47 124
1101 48 0
1101 49 30
1101 50 0
1101 51 0
1101 52 57
1101 53 0
1101 54 0
1101 55 39
1101 56 0
1101 57 333
1101 58 0
1101 59 0
1101 60 0
1101 61 141
1101 62 0
1101 63 199
1101 64 0
1101 65 0
1101 66 29
1101 67 213
1101 68 0
1101 69 0
1101 70 29
1101 71 70
1101 72 0
1101 73 337
1101 74 0
1101 75 0
1101 76 0
1101 77 0
1101 78 0
1101 79 143
1101 80 0
1101 81 0
1101 82 0
1101 83 0
1101 84 0
1101 85 0
1101 86 0
1101 87 47
1101 88 0
1101 89 149
1101 90 27
1101 91 0
1101 92 0
1101 93 0
1101 94 78
1101 95 78
1126 1 0
1126 2 0
1126 3 0
1126 4 0
1126 5 201
1126 6 0
1126 7 67
1126 8 0
1126 9 0
1126 10 0
1126 11 34
1126 12 0
1126 13 211
1126 14 0
1126 15 0
1126 16 0
1126 17 0
1126 18 299
1126 19 0
1126 20 0
1126 21 0
1126 22 16
1126 23 114
1126 24 0
1126 25 0
1126 26 0
1126 27 0
1126 28 0
1126 29 0
1126 30 0
1126 31 71
1126 32 0
1126 33 0
1126 34 0
1126 35 183
1126 36 0
1126 37 0
1126 38 0
1126 39 117
1126 40 0
1126 41 70
1126 42 110
1126 43 112
1126 44 0
1126 45 0
1126 46 22
1126 47 117
1126 48 0
1126 49 28
1126 50 0
1126 51 0
1126 52 59
1126 53 0
1126 54 0
1126 55 43
1126 56 0
1126 57 396
1126 58 0
1126 59 0
1126 60 0
1126 61 132
1126 62 0
1126 63 195
1126 64 0
1126 65 0
1126 66 31
1126 67 224
1126 68 0
1126 69 0
1126 70 31
1126 71 69
1126 72 0
1126 73 344
1126 74 0
1126 75 0
1126 76 0
1126 77 0
1126 78 0
1126 79 145
1126 80 0
1126 81 0
1126 82 0
1126 83 0
1126 84 0
1126 85 0
1126 86 0
1126 87 52
1126 88 0
1126 89 167
1126 90 26
1126 91 0
1126 92 0
1126 93 0
1126 94 68
1126 95 73
1151 1 0
1151 2 0
1151 3 0
1151 4 0
1151 5 212
1151 6 0
1151 7 79
1151 8 0
1151 9 0
1151 10 0
1151 11 41
1151 12 0
1151 13 220
1151 14 0
1151 15 0
1151 16 0
1151 17 0
1151 18 302
1151 19 0
1151 20 0
1151 21 0
1151 22 25
1151 23 116
1151 24 0
1151 25 0
1151 26 0
1151 27 0
1151 28 0
1151 29 0
1151 30 0
1151 31 77
1151 32 0
1151 33 0
1151 34 0
1151 35 189
1151 36 0
1151 37 0
1151 38 0
1151 39 119
1151 40 0
1151 41 72
1151 42 117
1151 43 130
1151 44 0
1151 45 0
1151 46 28
1151 47 111
1151 48 0
1151 49 26
1151 50 0
1151 51 0
1151 52 70
1151 53 0
1151 54 0
1151 55 36
1151 56 0
1151 57 364
1151 58 0
1151 59 0
1151 60 0
1151 61 133
1151 62 0
1151 63 196
1151 64 0
1151 65 0
1151 66 34
1151 67 212
1151 68 0
1151 69 0
1151 70 28
1151 71 70
1151 72 0
1151 73 333
1151 74 0
1151 75 0
1151 76 0
1151 77 0
1151 78 0
1151 79 138
1151 80 0
1151 81 0
1151 82 0
1151 83 0
1151 84 0
1151 85 0
1151 86 0
1151 87 58
1151 88 0
1151 89 156
1151 90 26
1151 91 0
1151 92 0
1151 93 0
1151 94 73
1151 95 74
1176 1 0
1176 2 0
1176 3 0
1176 4 0
1176 5 221
1176 6 0
1176 7 65
1176 8 0
1176 9 0
1176 10 0
1176 11 32
1176 12 0
1176 13 224
1176 14 0
1176 15 0
1176 16 0
1176 17 0
1176 18 301
1176 19 0
1176 20 0
1176 21 0
1176 22 30
1176 23 113
1176 24 0
1176 25 0
1176 26 0
1176 27 0
1176 28 0
1176 29 0
1176 30 0
1176 31 80
1176 32 0
1176 33 0
1176 34 0
1176 35 208
1176 36 0
1176 37 0
1176 38 0
1176 39 107
1176 40 0
1176 41 80
1176 42 110
1176 43 128
1176 44 0
1176 45 0
1176 46 21
1176 47 128
1176 48 0
1176 49 31
1176 50 0
1176 51 0
1176 52 66
1176 53 0
1176 54 0
1176 55 36
1176 56 0
1176 57 342
1176 58 0
1176 59 0
1176 60 0
1176 61 133
1176 62 0
1176 63 201
1176 64 0
1176 65 0
1176 66 33
1176 67 212
1176 68 0
1176 69 0
1176 70 30
1176 71 72
1176 72 0
1176 73 344
1176 74 0
1176 75 0
1176 76 0
1176 77 0
1176 78 0
1176 79 142
1176 80 0
1176 81 0
1176 82 0
1176 83 0
1176 84 0
1176 85 0
1176 86 0
1176 87 44
1176 88 0
1176 89 158
1176 90 21
1176 91 0
1176 92 0
1176 93 0
1176 94 67
1176 95 77
1201 1 0
1201 2 0
1201 3 0
1201 4 0
1201 5 205
1201 6 0
1201 7 68
1201 8 0
1201 9 0
1201 10 0
1201 11 33
1201 12 0
1201 13 221
1201 14 0
1201 15 0
1201 16 0
1201 17 0
1201 18 308
1201 19 0
1201 20 0
1201 21 0
1201 22 28
1201 23 123
1201 24 0
1201 25 0
1201 26 0
1201 27 0
1201 28 0
1201 29 0
1201 30 0
1201 31 76
1201 32 0
1201 33 0
1201 34 0
1201 35 198
1201 36 0
1201 37 0
1201 38 0
1201 39 116
1201 40 0
1201 41 76
1201 42 121
1201 43 119
1201 44 0
1201 45 0
1201 46 29
1201 47 114
1201 48 0
1201 49 31
1201 50 0
1201 51 0
1201 52 60
1201 53 0
1201 54 0
1201 55 38
1201 56 0
1201 57 372
1201 58 0
1201 59 0
1201 60 0
1201 61 131
1201 62 0
1201 63 191
1201 64 0
1201 65 0
1201 66 32
1201 67 210
1201 68 0
1201 69 0
1201 70 31
1201 71 68
1201 72 0
1201 73 352
1201 74 0
1201 75 0
1201 76 0
1201 77 0
1201 78 0
1201 79 148
1201 80 0
1201 81 0
1201 82 0
1201 83 0
1201 84 0
1201 85 0
1201 86 0
1201 87 51
1201 88 0
1201 89 157
1201 90 25
1201 91 0
1201 92 0
1201 93 0
1201 94 68
1201 95 70
1226 1 0
1226 2 0
1226 3 0
1226 4 0
1226 5 208
1226 6 0
1226 7 81
1226 8 0
1226 9 0
1226 10 0
1226 11 29
1226 12 0
1226 13 229
1226 14 0
1226 15 0
1226 16 0
1226 17 0
1226 18 307
1226 19 0
1226 20 0
1226 21 0
1226 22 29
1226 23 127
1226 24 0
1226 25 0
1226 26 0
1226 27 0
1226 28 0
1226 29 0
1226 30 0
1226 31 72
1226 32 0
1226 33 0
1226 34 0
1226 35 191
1226 36 0
1226 37 0
1226 38 0
1226 39 112
1226 40 0
1226 41 80
1226 42 123
1226 43 123
1226 44 0
1226 45 0
1226 46 17
1226 47 115
1226 48 0
1226 49 30
1226 50 0
1226 51 0
1226 52 61
1226 53 0
1226 54 0
1226 55 44
1226 56 0
1226 57 360
1226 58 0
1226 59 0
1226 60 0
1226 61 132
1226 62 0
1226 63 197
1226 64 0
1226 65 0
1226 66 31
1226 67 218
1226 68 0
1226 69 0
1226 70 29
1226 71 74
1226 72 0
1226 73 326
1226 74 0
1226 75 0
1226 76 0
1226 77 0
1226 78 0
1226 79 138
1226 80 0
1226 81 0
1226 82 0
1226 83 0
1226 84 0
1226 85 0
1226 86 0
1226 87 62
1226 88 0
1226 89 163
1226 90 24
1226 91 0
1226 92 0
1226 93 0
1226 94 76
1226 95 72
1251 1 0
1251 2 0
1251 3 0
1251 4 0
1251 5 220
1251 6 0
1251 7 77
1251 8 0
1251 9 0
1251 10 0
1251 11 37
1251 12 0
1251 13 214
1251 14 0
1251 15 0
1251 16 0
1251 17 0
1251 18 305
1251 19 0
1251 20 0
1251 21 0
1251 22 24
1251 23 124
1251 24 0
1251 25 0
1251 26 0
1251 27 0
1251 28 0
1251 29 0
1251 30 0
1251 31 80
1251 32 0
1251 33 0
1251 34 0
1251 35 197
1251 36 0
1251 37 0
1251 38 0
1251 39 114
1251 40 0
1251 41 79
1251 42 112
1251 43 142
1251 44 0
1251 45 0
1251 46 23
1251 47 120
1251 48 0
1251 49 27
1251 50 0
1251 51 0
1251 52 57
1251 53 0
1251 54 0
1251 55 35
1251 56 0
1251 57 371
1251 58 0
1251 59 0
1251 60 0
1251 61 134
1251 62 0
1251 63 205
1251 64 0
1251 65 0
1251 66 30
1251 67 212
1251 68 0
1251 69 0
1251 70 28
1251 71 71
1251 72 0
1251 73 334
1251 74 0
1251 75 0
1251 76 0
1251 77 0
1251 78 0
1251 79 146
1251 80 0
1251 81 0
1251 82 0
1251 83 0
1251 84 0
1251 85 0
1251 86 0
1251 87 46
1251 88 0
1251 89 159
1251 90 26
1251 91 0
1251 92 0
1251 93 0
1251 94 72
1251 95 74
1276 1 0
1276 2 0
1276 3 0
1276 4 0
1276 5 199
1276 6 0
1276 7 68
1276 8 0
1276 9 0
1276 10 0
1276 11 31
1276 12 0
1276 13 225
1276 14 0
1276 15 0
1276 16 0
1276 17 0
1276 18 314
1276 19 0
1276 20 0
1276 21 0
1276 22 32
1276 23 117
1276 24 0
1276 25 0
1276 26 0
1276 27 0
1276 28 0
1276 29 0
1276 30 0
1276 31 73
1276 32 0
1276 33 0
1276 34 0
1276 35 193
1276 36 0
1276 37 0
1276 38 0
1276 39 116
1276 40 0
1276 41 79
1276 42 105
1276 43 136
1276 44 0
1276 45 0
1276 46 28
1276 47 132
1276 48 0
1276 49 31
1276 50 0
1276 51 0
1276 52 56
1276 53 0
1276 54 0
1276 55 31
1276 56 0
1276 57 370
1276 58 0
1276 59 0
1276 60 0
1276 61 129
1276 62 0
1276 63 200
1276 64 0
1276 65 0
1276 66 30
1276 67 202
1276 68 0
1276 69 0
1276 70 30
1276 71 78
1276 72 0
1276 73 343
1276 74 0
1276 75 0
1276 76 0
1276 77 0
1276 78 0
1276 79 148
1276 80 0
1276 81 0
1276 82 0
1276 83 0
1276 84 0
1276 85 0
1276 86 0
1276 87 51
1276 88 0
1276 89 147
1276 90 28
1276 91 0
1276 92 0
1276 93 0
1276 94 71
1276 95 72
1301 1 0
1301 2 0
1301 3 0
1301 4 0
1301 5 204
1301 6 0
1301 7 76
1301 8 0
1301 9 0
1301 10 0
1301 11 38
1301 12 0
1301 13 218
1301 14 0
1301 15 0
1301 16 0
1301 17 0
1301 18 310
1301 19 0
1301 20 0
1301 21 0
1301 22 30
1301 23 107
1301 24 0
1301 25 0
1301 26 0
1301 27 0
1301 28 0
1301 29 0
1301 30 0
1301 31 80
1301 32 0
1301 33 0
1301 34 0
1301 35 184
1301 36 0
1301 37 0
1301 38 0
1301 39 116
1301 40 0
1301 41 80
1301 42 98
1301 43 114
1301 44 0
1301 45 0
1301 46 25
1301 47 129
1301 48 0
1301 49 30
1301 50 0
1301 51 0
1301 52 73
1301 53 0
1301 54 0
1301 55 40
1301 56 0
1301 57 355
1301 58 0
1301 59 0
1301 60 0
1301 61 139
1301 62 0
1301 63 200
1301 64 0
1301 65 0
1301 66 28
1301 67 211
1301 68 0
1301 69 0
1301 70 30
1301 71 64
1301 72 0
1301 73 338
1301 74 0
1301 75 0
1301 76 0
1301 77 0
1301 78 0
1301 79 144
1301 80 0
1301 81 0
1301 82 0
1301 83 0
1301 84 0
1301 85 0
1301 86 0
1301 87 62
1301 88 0
1301 89 148
1301 90 26
1301 91 0
1301 92 0
1301 93 0
1301 94 73
1301 95 71
1326 1 0
1326 2 0
1326 3 0
1326 4 0
1326 5 219
1326 6 0
1326 7 69
1326 8 0
1326 9 0
1326 10 0
1326 11 36
1326 12 0
1326 13 219
1326 14 0
1326 15 0
1326 16 0
1326 17 0
1326 18 307
1326 19 0
1326 20 0
1326 21 0
1326 22 27
1326 23 121
1326 24 0
1326 25 0
1326 26 0
1326 27 0
1326 28 0
1326 29 0
1326 30 0
1326 31 81
1326 32 0
1326 33 0
1326 34 0
1326 35 185
1326 36 0
1326 37 0
1326 38 0
1326 39 121
1326 40 0
1326 41 86
1326 42 102
1326 43 115
1326 44 0
1326 45 0
1326 46 17
1326 47 120
1326 48 0
1326 49 33
1326 50 0
1326 51 0
1326 52 60
1326 53 0
1326 54 0
1326 55 43
1326 56 0
1326 57 368
1326 58 0
1326 59 0
1326 60 0
1326 61 140
1326 62 0
1326 63 200
1326 64 0
1326 65 0
1326 66 39
1326 67 218
1326 68 0
1326 69 0
1326 70 30
1326 71 67
1326 72 0
1326 73 333
1326 74 0
1326 75 0
1326 76 0
1326 77 0
1326 78 0
1326 79 159
1326 80 0
1326 81 0
1326 82 0
1326 83 0
1326 84 0
1326 85 0
1326 86 0
1326 87 59
1326 88 0
1326 89 159
1326 90 21
1326 91 0
1326 92 0
1326 93 0
1326 94 73
1326 95 69
1351 1 0
1351 2 0
1351 3 0
1351 4 0
1351 5 224
1351 6 0
1351 7 69
1351 8 0
1351 9 0
1351 10 0
1351 11 38
1351 12 0
1351 13 214
1351 14 0
1351 15 0
1351 16 0
1351 17 0
1351 18 299
1351 19 0
1351 20 0
1351 21 0
1351 22 33
1351 23 120
1351 24 0
1351 25 0
1351 26 0
1351 27 0
1351 28 0
1351 29 0
1351 30 0
1351 31 80
1351 32 0
1351 33 0
1351 34 0
1351 35 193
1351 36 0
1351 37 0
1351 38 0
1351 39 118
1351 40 0
1351 41 73
1351 42 117
1351 43 105
1351 44 0
1351 45 0
1351 46 22
1351 47 106
1351 48 0
1351 49 31
1351 50 0
1351 51 0
1351 52 59
1351 53 0
1351 54 0
1351 55 42
1351 56 0
1351 57 367
1351 58 0
1351 59 0
1351 60 0
1351 61 135
1351 62 0
1351 63 197
1351 64 0
1351 65 0
1351 66 32
1351 67 217
1351 68 0
1351 69 0
1351 70 32
1351 71 78
1351 72 0
1351 73 334
1351 74 0
1351 75 0
1351 76 0
1351 77 0
1351 78 0
1351 79 148
1351 80 0
1351 81 0
1351 82 0
1351 83 0
1351 84 0
1351 85 0
1351 86 0
1351 87 49
1351 88 0
1351 89 155
1351 90 22
1351 91 0
1351 92 0
1351 93 0
1351 94 70
1351 95 69
1376 1 0
1376 2 0
1376 3 0
1376 4 0
1376 5 204
1376 6 0
1376 7 74
1376 8 0
1376 9 0
1376 10 0
1376 11 33
1376 12 0
1376 13 212
1376 14 0
1376 15 0
1376 16 0
1376 17 0
1376 18 288
1376 19 0
1376 20 0
1376 21 0
1376 22 21
1376 23 117
1376 24 0
1376 25 0
1376 26 0
1376 27 0
1376 28 0
1376 29 0
1376 30 0
1376 31 73
1376 32 0
1376 33 0
1376 34 0
1376 35 199
1376 36 0
1376 37 0
1376 38 0
1376 39 124
1376 40 0
1376 41 80
1376 42 115
1376 43 134
1376 44 0
1376 45 0
1376 46 26
1376 47 125
1376 48 0
1376 49 29
1376 50 0
1376 51 0
1376 52 58
1376 53 0
1376 54 0
1376 55 46
1376 56 0
1376 57 373
1376 58 0
1376 59 0
1376 60 0
1376 61 128
1376 62 0
1376 63 199
1376 64 0
1376 65 0
1376 66 40
1376 67 212
1376 68 0
1376 69 0
1376 70 25
1376 71 69
1376 72 0
1376 73 323
1376 74 0
1376 75 0
1376 76 0
1376 77 0
1376 78 0
1376 79 153
1376 80 0
1376 81 0
1376 82 0
1376 83 0
1376 84 0
1376 85 0
1376 86 0
1376 87 55
1376 88 0
1376 89 147
1376 90 25
1376 91 0
1376 92 0
1376 93 0
1376 94 78
1376 95 77
1401 1 0
1401 2 0
1401 3 0
1401 4 0
1401 5 203
1401 6 0
1401 7 71
1401 8 0
1401 9 0
1401 10 0
1401 11 39
1401 12 0
1401 13 234
1401 14 0
1401 15 0
1401 16 0
1401 17 0
1401 18 311
1401 19 0
1401 20 0
1401 21 0
1401 22 23
1401 23 120
1401 24 0
1401 25 0
1401 26 0
1401 27 0
1401 28 0
1401 29 0
1401 30 0
1401 31 69
1401 32 0
1401 33 0
1401 34 0
1401 35 190
1401 36 0
1401 37 0
1401 38 0
1401 39 118
1401 40 0
1401 41 86
1401 42 107
1401 43 126
1401 44 0
1401 45 0
1401 46 27
1401 47 115
1401 48 0
1401 49 31
1401 50 0
1401 51 0
1401 52 65
1401 53 0
1401 54 0
1401 55 27
1401 56 0
1401 57 372
1401 58 0
1401 59 0
1401 60 0
1401 61 136
1401 62 0
1401 63 208
1401 64 0
1401 65 0
1401 66 33
1401 67 219
1401 68 0
1401 69 0
1401 70 23
1401 71 69
1401 72 0
1401 73 343
1401 74 0
1401 75 0
1401 76 0
1401 77 0
1401 78 0
1401 79 148
1401 80 0
1401 81 0
1401 82 0
1401 83 0
1401 84 0
1401 85 0
1401 86 0
1401 87 57
1401 88 0
1401 89 157
1401 90 21
1401 91 0
1401 92 0
1401 93 0
1401 94 78
1401 95 74
1426 1 0
1426 2 0
1426 3 0
1426 4 0
1426 5 226
1426 6 0
1426 7 71
1426 8 0
1426 9 0
1426 10 0
1426 11 33
1426 12 0
1426 13 216
1426 14 0
1426 15 0
1426 16 0
1426 17 0
1426 18 309
1426 19 0
1426 20 0
1426 21 0
1426 22 30
1426 23 120
1426 24 0
1426 25 0
1426 26 0
1426 27 0
1426 28 0
1426 29 0
1426 30 0
1426 31 82
1426 32 0
1426 33 0
1426 34 0
1426 35 179
1426 36 0
1426 37 0
1426 38 0
1426 39 118
1426 40 0
1426 41 87
1426 42 119
1426 43 110
1426 44 0
1426 45 0
1426 46 16
1426 47 129
1426 48 0
1426 49 29
1426 50 0
1426 51 0
1426 52 61
1426 53 0
1426 54 0
1426 55 50
1426 56 0
1426 57 365
1426 58 0
1426 59 0
1426 60 0
1426 61 146
1426 62 0
1426 63 197
1426 64 0
1426 65 0
1426 66 38
1426 67 210
1426 68 0
1426 69 0
1426 70 30
1426 71 71
1426 72 0
1426 73 358
1426 74 0
1426 75 0
1426 76 0
1426 77 0
1426 78 0
1426 79 144
1426 80 0
1426 81 0
1426 82 0
1426 83 0
1426 84 0
1426 85 0
1426 86 0
1426 87 47
1426 88 0
1426 89 154
1426 90 28
1426 91 0
1426 92 0
1426 93 0
1426 94 74
1426 95 74
1451 1 0
1451 2 0
1451 3 0
1451 4 0
1451 5 219
1451 6 0
1451 7 70
1451 8 0
1451 9 0
1451 10 0
1451 11 36
1451 12 0
1451 13 214
1451 14 0
1451 15 0
1451 16 0
1451 17 0
1451 18 303
1451 19 0
1451 20 0
1451 21 0
1451 22 34
1451 23 117
1451 24 0
1451 25 0
1451 26 0
1451 27 0
1451 28 0
1451 29 0
1451 30 0
1451 31 74
1451 32 0
1451 33 0
1451 34 0
1451 35 190
1451 36 0
1451 37 0
1451 38 0
1451 39 113
1451 40 0
1451 41 78
1451 42 112
1451 43 125
1451 44 0
1451 45 0
1451 46 20
1451 47 133
1451 48 0
1451 49 32
1451 50 0
1451 51 0
1451 52 62
1451 53 0
1451 54 0
1451 55 45
1451 56 0
1451 57 345
1451 58 0
1451 59 0
1451 60 0
1451 61 123
1451 62 0
1451 63 198
1451 64 0
1451 65 0
1451 66 39
1451 67 221
1451 68 0
1451 69 0
1451 70 30
1451 71 68
1451 72 0
1451 73 343
1451 74 0
1451 75 0
1451 76 0
1451 77 0
1451 78 0
1451 79 140
1451 80 0
1451 81 0
1451 82 0
1451 83 0
1451 84 0
1451 85 0
1451 86 0
1451 87 51
1451 88 0
1451 89 149
1451 90 28
1451 91 0
1451 92 0
1451 93 0
1451 94 77
1451 95 71
1476 1 0
1476 2 0
1476 3 0
1476 4 0
1476 5 205
1476 6 0
1476 7 81
1476 8 0
1476 9 0
1476 10 0
1476 11 35
1476 12 0
1476 13 221
1476 14 0
1476 15 0
1476 16 0
1476 17 0
1476 18 305
1476 19 0
1476 20 0
1476 21 0
1476 22 29
1476 23 111
1476 24 0
1476 25 0
1476 26 0
1476 27 0
1476 28 0
1476 29 0
1476 30 0
1476 31 82
1476 32 0
1476 33 0
1476 34 0
1476 35 189
1476 36 0
1476 37 0
1476 38 0
1476 39 119
1476 40 0
1476 41 75
1476 42 102
1476 43 128
1476 44 0
1476 45 0
1476 46 17
1476 47 127
1476 48 0
1476 49 28
1476 50 0
1476 51 0
1476 52 58
1476 53 0
1476 54 0
1476 55 45
1476 56 0
1476 57 360
1476 58 0
1476 59 0
1476 60 0
1476 61 141
1476 62 0
1476 63 196
1476 64 0
1476 65 0
1476 66 33
1476 67 205
1476 68 0
1476 69 0
1476 70 33
1476 71 78
1476 72 0
1476 73 337
1476 74 0
1476 75 0
1476 76 0
1476 77 0
1476 78 0
1476 79 154
1476 80 0
1476 81 0
1476 82 0
1476 83 0
1476 84 0
1476 85 0
1476 86 0
1476 87 55
1476 88 0
1476 89 149
1476 90 32
1476 91 0
1476 92 0
1476 93 0
1476 94 72
1476 95 72
1501 1 0
1501 2 0
1501 3 0
1501 4 0
1501 5 197
1501 6 0
1501 7 74
1501 8 0
1501 9 0
1501 10 0
1501 11 34
1501 12 0
1501 13 222
1501 14 0
1501 15 0
1501 16 0
1501 17 0
1501 18 315
1501 19 0
1501 20 0
1501 21 0
1501 22 25
1501 23 125
1501 24 0
1501 25 0
1501 26 0
1501 27 0
1501 28 0
1501 29 0
1501 30 0
1501 31 81
1501 32 0
1501 33 0
1501 34 0
1501 35 187
1501 36 0
1501 37 0
1501 38 0
1501 39 125
1501 40 0
1501 41 81
1501 42 115
1501 43 109
1501 44 0
1501 45 0
1501 46 24
1501 47 117
1501 48 0
1501 49 31
1501 50 0
1501 51 0
1501 52 66
1501 53 0
1501 54 0
1501 55 40
1501 56 0
1501 57 358
1501 58 0
1501 59 0
1501 60 0
1501 61 130
1501 62 0
1501 63 210
1501 64 0
1501 65 0
1501 66 31
1501 67 218
1501 68 0
1501 69 0
1501 70 31
1501 71 72
1501 72 0
1501 73 343
1501 74 0
1501 75 0
1501 76 0
1501 77 0
1501 78 0
1501 79 140
1501 80 0
1501 81 0
1501 82 0
1501 83 0
1501 84 0
1501 85 0
1501 86 0
1501 87 49
1501 88 0
1501 89 154
1501 90 30
1501 91 0
1501 92 0
1501 93 0
1501 94 73
1501 95 72
1526 1 0
1526 2 0
1526 3 0
1526 4 0
1526 5 201
1526 6 0
1526 7 78
1526 8 0
1526 9 0
1526 10 0
1526 11 37
1526 12 0
1526 13 217
1526 14 0
1526 15 0
1526 16 0
1526 17 0
1526 18 304
1526 19 0
1526 20 0
1526 21 0
1526 22 26
1526 23 114
1526 24 0
1526 25 0
1526 26 0
1526 27 0
1526 28 0
1526 29 0
1526 30 0
1526 31 79
1526 32 0
1526 33 0
1526 34 0
1526 35 192
1526 36 0
1526 37 0
1526 38 0
1526 39 115
1526 40 0
1526 41 80
1526 42 116
1526 43 115
1526 44 0
1526 45 0
1526 46 27
1526 47 142
1526 48 0
1526 49 34
1526 50 0
1526 51 0
1526 52 61
1526 53 0
1526 54 0
1526 55 40
1526 56 0
1526 57 358
1526 58 0
1526 59 0
1526 60 0
1526 61 126
1526 62 0
1526 63 190
1526 64 0
1526 65 0
1526 66 30
1526 67 214
1526 68 0
1526 69 0
1526 70 31
1526 71 72
1526 72 0
1526 73 357
1526 74 0
1526 75 0
1526 76 0
1526 77 0
1526 78 0
1526 79 148
1526 80 0
1526 81 0
1526 82 0
1526 83 0
1526 84 0
1526 85 0
1526 86 0
1526 87 55
1526 88 0
1526 89 152
1526 90 28
1526 91 0
1526 92 0
1526 93 0
1526 94 80
1526 95 71
1551 1 0
1551 2 0
1551 3 0
1551 4 0
1551 5 215
1551 6 0
1551 7 70
1551 8 0
1551 9 0
1551 10 0
1551 11 30
1551 12 0
1551 13 212
1551 14 0
1551 15 0
1551 16 0
1551 17 0
1551 18 319
1551 19 0
1551 20 0
1551 21 0
1551 22 19
1551 23 120
1551 24 0
1551 25 0
1551 26 0
1551 27 0
1551 28 0
1551 29 0
1551 30 0
1551 31 76
1551 32 0
1551 33 0
1551 34 0
1551 35 188
1551 36 0
1551 37 0
1551 38 0
1551 39 117
1551 40 0
1551 41 83
1551 42 112
1551 43 128
1551 44 0
1551 45 0
1551 46 24
1551 47 133
1551 48 0
1551 49 35
1551 50 0
1551 51 0
1551 52 53
1551 53 0
1551 54 0
1551 55 45
1551 56 0
1551 57 374
1551 58 0
1551 59 0
1551 60 0
1551 61 144
1551 62 0
1551 63 189
1551 64 0
1551 65 0
1551 66 29
1551 67 225
1551 68 0
1551 69 0
1551 70 25
1551 71 76
1551 72 0
1551 73 332
1551 74 0
1551 75 0
1551 76 0
1551 77 0
1551 78 0
1551 79 143
1551 80 0
1551 81 0
1551 82 0
1551 83 0
1551 84 0
1551 85 0
1551 86 0
1551 87 52
1551 88 0
1551 89 161
1551 90 28
1551 91 0
1551 92 0
1551 93 0
1551 94 70
1551 95 76
1576 1 0
1576 2 0
1576 3 0
1576 4 0
1576 5 212
1576 6 0
1576 7 63
1576 8 0
1576 9 0
1576 10 0
1576 11 29
1576 12 0
1576 13 228
1576 14 0
1576 15 0
1576 16 0
1576 17 0
1576 18 309
1576 19 0
1576 20 0
1576 21 0
1576 22 30
1576 23 126
1576 24 0
1576 25 0
1576 26 0
1576 27 0
1576 28 0
1576 29 0
1576 30 0
1576 31 62
1576 32 0
1576 33 0
1576 34 0
1576 35 186
1576 36 0
1576 37 0
1576 38 0
1576 39 117
1576 40 0
1576 41 74
1576 42 115
1576 43 115
1576 44 0
1576 45 0
1576 46 28
1576 47 124
1576 48 0
1576 49 29
1576 50 0
1576 51 0
1576 52 61
1576 53 0
1576 54 0
1576 55 28
1576 56 0
1576 57 340
1576 58 0
1576 59 0
1576 60 0
1576 61 140
1576 62 0
1576 63 203
1576 64 0
1576 65 0
1576 66 31
1576 67 211
1576 68 0
1576 69 0
1576 70 34
1576 71 79
1576 72 0
1576 73 314
1576 74 0
1576 75 0
1576 76 0
1576 77 0
1576 78 0
1576 79 152
1576 80 0
1576 81 0
1576 82 0
1576 83 0
1576 84 0
1576 85 0
1576 86 0
1576 87 55
1576 88 0
1576 89 157
1576 90 28
1576 91 0
1576 92 0
1576 93 0
1576 94 67
1576 95 75
1601 1 0
1601 2 0
1601 3 0
1601 4 0
1601 5 200
1601 6 0
1601 7 62
1601 8 0
1601 9 0
1601 10 0
1601 11 38
1601 12 0
1601 13 222
1601 14 0
1601 15 0
1601 16 0
1601 17 0
1601 18 323
1601 19 0
1601 20 0
1601 21 0
1601 22 28
1601 23 111
1601 24 0
1601 25 0
1601 26 0
1601 27 0
1601 28 0
1601 29 0
1601 30 0
1601 31 73
1601 32 0
1601 33 0
1601 34 0
1601 35 189
1601 36 0
1601 37 0
1601 38 0
1601 39 111
1601 40 0
1601 41 80
1601 42 115
1601 43 124
1601 44 0
1601 45 0
1601 46 16
1601 47 120
1601 48 0
1601 49 30
1601 50 0
1601 51 0
1601 52 64
1601 53 0
1601 54 0
1601 55 49
1601 56 0
1601 57 346
1601 58 0
1601 59 0
1601 60 0
1601 61 130
1601 62 0
1601 63 200
1601 64 0
1601 65 0
1601 66 35
1601 67 220
1601 68 0
1601 69 0
1601 70 30
1601 71 72
1601 72 0
1601 73 344
1601 74 0
1601 75 0
1601 76 0
1601 77 0
1601 78 0
1601 79 144
1601 80 0
1601 81 0
1601 82 0
1601 83 0
1601 84 0
1601 85 0
1601 86 0
1601 87 53
1601 88 0
1601 89 156
1601 90 27
1601 91 0
1601 92 0
1601 93 0
1601 94 74
1601 95 68
1626 1 0
1626 2 0
1626 3 0
1626 4 0
1626 5 220
1626 6 0
1626 7 69
1626 8 0
1626 9 0
1626 10 0
1626 11 30
1626 12 0
1626 13 221
1626 14 0
1626 15 0
1626 16 0
1626 17 0
1626 18 321
1626 19 0
1626 20 0
1626 21 0
1626 22 26
1626 23 115
1626 24 0
1626 25 0
1626 26 0
1626 27 0
1626 28 0
1626 29 0
1626 30 0
1626 31 79
1626 32 0
1626 33 0
1626 34 0
1626 35 195
1626 36 0
1626 37 0
1626 38 0
1626 39 111
1626 40 0
1626 41 80
1626 42 116
1626 43 138
1626 44 0
1626 45 0
1626 46 27
1626 47 127
1626 48 0
1626 49 30
1626 50 0
1626 51 0
1626 52 70
1626 53 0
1626 54 0
1626 55 37
1626 56 0
1626 57 366
1626 58 0
1626 59 0
1626 60 0
1626 61 128
1626 62 0
1626 63 198
1626 64 0
1626 65 0
1626 66 31
1626 67 216
1626 68 0
1626 69 0
1626 70 29
1626 71 68
1626 72 0
1626 73 348
1626 74 0
1626 75 0
1626 76 0
1626 77 0
1626 78 0
1626 79 141
1626 80 0
1626 81 0
1626 82 0
1626 83 0
1626 84 0
1626 85 0
1626 86 0
1626 87 50
1626 88 0
1626 89 151
1626 90 28
1626 91 0
1626 92 0
1626 93 0
1626 94 58
1626 95 71
1651 1 0
1651 2 0
1651 3 0
1651 4 0
1651 5 206
1651 6 0
1651 7 72
1651 8 0
1651 9 0
1651 10 0
1651 11 39
1651 12 0
1651 13 221
1651 14 0
1651 15 0
1651 16 0
1651 17 0
1651 18 303
1651 19 0
1651 20 0
1651 21 0
1651 22 21
1651 23 124
1651 24 0
1651 25 0
1651 26 0
1651 27 0
1651 28 0
1651 29 0
1651 30 0
1651 31 77
1651 32 0
1651 33 0
1651 34 0
1651 35 198
1651 36 0
1651 37 0
1651 38 0
1651 39 116
1651 40 0
1651 41 80
1651 42 111
1651 43 131
1651 44 0
1651 45 0
1651 46 23
1651 47 128
1651 48 0
1651 49 32
1651 50 0
1651 51 0
1651 52 66
1651 53 0
1651 54 0
1651 55 40
1651 56 0
1651 57 364
1651 58 0
1651 59 0
1651 60 0
1651 61 122
1651 62 0
1651 63 199
1651 64 0
1651 65 0
1651 66 35
1651 67 218
1651 68 0
1651 69 0
1651 70 30
1651 71 67
1651 72 0
1651 73 343
1651 74 0
1651 75 0
1651 76 0
1651 77 0
1651 78 0
1651 79 138
1651 80 0
1651 81 0
1651 82 0
1651 83 0
1651 84 0
1651 85 0
1651 86 0
1651 87 45
1651 88 0
1651 89 153
1651 90 26
1651 91 0
1651 92 0
1651 93 0
1651 94 74
1651 95 74
1676 1 0
1676 2 0
1676 3 0
1676 4 0
1676 5 221
1676 6 0
1676 7 77
1676 8 0
1676 9 0
1676 10 0
1676 11 33
1676 12 0
1676 13 219
1676 14 0
1676 15 0
1676 16 0
1676 17 0
1676 18 303
1676 19 0
1676 20 0
1676 21 0
1676 22 24
1676 23 118
1676 24 0
1676 25 0
1676 26 0
1676 27 0
1676 28 0
1676 29 0
1676 30 0
1676 31 80
1676 32 0
1676 33 0
1676 34 0
1676 35 197
1676 36 0
1676 37 0
1676 38 0
1676 39 120
1676 40 0
1676 41 79
1676 42 116
1676 43 125
1676 44 0
1676 45 0
1676 46 23
1676 47 125
1676 48 0
1676 49 28
1676 50 0
1676 51 0
1676 52 63
1676 53 0
1676 54 0
1676 55 35
1676 56 0
1676 57 364
1676 58 0
1676 59 0
1676 60 0
1676 61 131
1676 62 0
1676 63 200
1676 64 0
1676 65 0
1676 66 32
1676 67 220
1676 68 0
1676 69 0
1676 70 30
1676 71 73
1676 72 0
1676 73 335
1676 74 0
1676 75 0
1676 76 0
1676 77 0
1676 78 0
1676 79 135
1676 80 0
1676 81 0
1676 82 0
1676 83 0
1676 84 0
1676 85 0
1676 86 0
1676 87 54
1676 88 0
1676 89 155
1676 90 28
1676 91 0
1676 92 0
1676 93 0
1676 94 65
1676 95 79
1701 1 0
1701 2 0
1701 3 0
1701 4 0
1701 5 198
1701 6 0
1701 7 80
1701 8 0
1701 9 0
1701 10 0
1701 11 31
1701 12 0
1701 13 217
1701 14 0
1701 15 0
1701 16 0
1701 17 0
1701 18 325
1701 19 0
1701 20 0
1701 21 0
1701 22 23
1701 23 124
1701 24 0
1701 25 0
1701 26 0
1701 27 0
1701 28 0
1701 29 0
1701 30 0
1701 31 81
1701 32 0
1701 33 0
1701 34 0
1701 35 198
1701 36 0
1701 37 0
1701 38 0
1701 39 118
1701 40 0
1701 41 86
1701 42 118
1701 43 130
1701 44 0
1701 45 0
1701 46 27
1701 47 113
1701 48 0
1701 49 31
1701 50 0
1701 51 0
1701 52 64
1701 53 0
1701 54 0
1701 55 37
1701 56 0
1701 57 372
1701 58 0
1701 59 0
1701 60 0
1701 61 135
1701 62 0
1701 63 195
1701 64 0
1701 65 0
1701 66 40
1701 67 208
1701 68 0
1701 69 0
1701 70 31
1701 71 79
1701 72 0
1701 73 353
1701 74 0
1701 75 0
1701 76 0
1701 77 0
1701 78 0
1701 79 152
1701 80 0
1701 81 0
1701 82 0
1701 83 0
1701 84 0
1701 85 0
1701 86 0
1701 87 50
1701 88 0
1701 89 158
1701 90 29
1701 91 0
1701 92 0
1701 93 0
1701 94 75
1701 95 77
1726 1 0
1726 2 0
1726 3 0
1726 4 0
1726 5 224
1726 6 0
1726 7 74
1726 8 0
1726 9 0
1726 10 0
1726 11 33
1726 12 0
1726 13 222
1726 14 0
1726 15 0
1726 16 0
1726 17 0
1726 18 296
1726 19 0
1726 20 0
1726 21 0
1726 22 28
1726 23 111
1726 24 0
1726 25 0
1726 26 0
1726 27 0
1726 28 0
1726 29 0
1726 30 0
1726 31 72
1726 32 0
1726 33 0
1726 34 0
1726 35 192
1726 36 0
1726 37 0
1726 38 0
1726 39 115
1726 40 0
1726 41 76
1726 42 121
1726 43 126
1726 44 0
1726 45 0
1726 46 21
1726 47 121
1726 48 0
1726 49 33
1726 50 0
1726 51 0
1726 52 66
1726 53 0
1726 54 0
1726 55 36
1726 56 0
1726 57 365
1726 58 0
1726 59 0
1726 60 0
1726 61 123
1726 62 0
1726 63 189
1726 64 0
1726 65 0
1726 66 31
1726 67 215
1726 68 0
1726 69 0
1726 70 30
1726 71 71
1726 72 0
1726 73 324
1726 74 0
1726 75 0
1726 76 0
1726 77 0
1726 78 0
1726 79 140
1726 80 0
1726 81 0
1726 82 0
1726 83 0
1726 84 0
1726 85 0
1726 86 0
1726 87 47
1726 88 0
1726 89 155
1726 90 31
1726 91 0
1726 92 0
1726 93 0
1726 94 65
1726 95 76
1751 1 0
1751 2 0
1751 3 0
1751 4 0
1751 5 212
1751 6 0
1751 7 71
1751 8 0
1751 9 0
1751 10 0
1751 11 37
1751 12 0
1751 13 206
1751 14 0
1751 15 0
1751 16 0
1751 17 0
1751 18 311
1751 19 0
1751 20 0
1751 21 0
1751 22 21
1751 23 109
1751 24 0
1751 25 0
1751 26 0
1751 27 0
1751 28 0
1751 29 0
1751 30 0
1751 31 71
1751 32 0
1751 33 0
1751 34 0
1751 35 194
1751 36 0
1751 37 0
1751 38 0
1751 39 112
1751 40 0
1751 41 77
1751 42 110
1751 43 114
1751 44 0
1751 45 0
1751 46 26
1751 47 123
1751 48 0
1751 49 31
1751 50 0
1751 51 0
1751 52 67
1751 53 0
1751 54 0
1751 55 37
1751 56 0
1751 57 356
1751 58 0
1751 59 0
1751 60 0
1751 61 134
1751 62 0
1751 63 196
1751 64 0
1751 65 0
1751 66 42
1751 67 220
1751 68 0
1751 69 0
1751 70 33
1751 71 65
1751 72 0
1751 73 343
1751 74 0
1751 75 0
1751 76 0
1751 77 0
1751 78 0
1751 79 149
1751 80 0
1751 81 0
1751 82 0
1751 83 0
1751 84 0
1751 85 0
1751 86 0
1751 87 48
1751 88 0
1751 89 162
1751 90 26
1751 91 0
1751 92 0
1751 93 0
1751 94 70
1751 95 80
1776 1 0
1776 2 0
1776 3 0
1776 4 0
1776 5 196
1776 6 0
1776 7 75
1776 8 0
1776 9 0
1776 10 0
1776 11 35
1776 12 0
1776 13 208
1776 14 0
1776 15 0
1776 16 0
1776 17 0
1776 18 306
1776 19 0
1776 20 0
1776 21 0
1776 22 22
1776 23 127
1776 24 0
1776 25 0
1776 26 0
1776 27 0
1776 28 0
1776 29 0
1776 30 0
1776 31 78
1776 32 0
1776 33 0
1776 34 0
1776 35 191
1776 36 0
1776 37 0
1776 38 0
1776 39 116
1776 40 0
1776 41 81
1776 42 110
1776 43 116
1776 44 0
1776 45 0
1776 46 22
1776 47 115
1776 48 0
1776 49 29
1776 50 0
1776 51 0
1776 52 61
1776 53 0
1776 54 0
1776 55 51
1776 56 0
1776 57 358
1776 58 0
1776 59 0
1776 60 0
1776 61 139
1776 62 0
1776 63 193
1776 64 0
1776 65 0
1776 66 30
1776 67 217
1776 68 0
1776 69 0
1776 70 34
1776 71 67
1776 72 0
1776 73 350
1776 74 0
1776 75 0
1776 76 0
1776 77 0
1776 78 0
1776 79 154
1776 80 0
1776 81 0
1776 82 0
1776 83 0
1776 84 0
1776 85 0
1776 86 0
1776 87 63
1776 88 0
1776 89 149
1776 90 27
1776 91 0
1776 92 0
1776 93 0
1776 94 75
1776 95 71
1801 1 0
1801 2 0
1801 3 0
1801 4 0
1801 5 209
1801 6 0
1801 7 63
1801 8 0
1801 9 0
1801 10 0
1801 11 32
1801 12 0
1801 13 215
1801 14 0
1801 15 0
1801 16 0
1801 17 0
1801 18 310
1801 19 0
1801 20 0
1801 21 0
1801 22 30
1801 23 109
1801 24 0
1801 25 0
1801 26 0
1801 27 0
1801 28 0
1801 29 0
1801 30 0
1801 31 86
1801 32 0
1801 33 0
1801 34 0
1801 35 193
1801 36 0
1801 37 0
1801 38 0
1801 39 111
1801 40 0
1801 41 82
1801 42 109
1801 43 131
1801 44 0
1801 45 0
1801 46 25
1801 47 129
1801 48 0
1801 49 29
1801 50 0
1801 51 0
1801 52 67
1801 53 0
1801 54 0
1801 55 43
1801 56 0
1801 57 348
1801 58 0
1801 59 0
1801 60 0
1801 61 141
1801 62 0
1801 63 192
1801 64 0
1801 65 0
1801 66 35
1801 67 216
1801 68 0
1801 69 0
1801 70 26
1801 71 64
1801 72 0
1801 73 351
1801 74 0
1801 75 0
1801 76 0
1801 77 0
1801 78 0
1801 79 140
1801 80 0
1801 81 0
1801 82 0
1801 83 0
1801 84 0
1801 85 0
1801 86 0
1801 87 52
1801 88 0
1801 89 163
1801 90 27
1801 91 0
1801 92 0
1801 93 0
1801 94 76
1801 95 72
1826 1 0
1826 2 0
1826 3 0
1826 4 0
1826 5 205
1826 6 0
1826 7 65
1826 8 0
1826 9 0
1826 10 0
1826 11 30
1826 12 0
1826 13 221
1826 14 0
1826 15 0
1826 16 0
1826 17 0
1826 18 319
1826 19 0
1826 20 0
1826 21 0
1826 22 24
1826 23 111
1826 24 0
1826 25 0
1826 26 0
1826 27 0
1826 28 0
1826 29 0
1826 30 0
1826 31 77
1826 32 0
1826 33 0
1826 34 0
1826 35 194
1826 36 0
1826 37 0
1826 38 0
1826 39 116
1826 40 0
1826 41 81
1826 42 105
1826 43 130
1826 44 0
1826 45 0
1826 46 18
1826 47 129
1826 48 0
1826 49 29
1826 50 0
1826 51 0
1826 52 65
1826 53 0
1826 54 0
1826 55 45
1826 56 0
1826 57 354
1826 58 0
1826 59 0
1826 60 0
1826 61 129
1826 62 0
1826 63 208
1826 64 0
1826 65 0
1826 66 33
1826 67 224
1826 68 0
1826 69 0
1826 70 33
1826 71 63
1826 72 0
1826 73 327
1826 74 0
1826 75 0
1826 76 0
1826 77 0
1826 78 0
1826 79 145
1826 80 0
1826 81 0
1826 82 0
1826 83 0
1826 84 0
1826 85 0
1826 86 0
1826 87 53
1826 88 0
1826 89 151
1826 90 25
1826 91 0
1826 92 0
1826 93 0
1826 94 71
1826 95 75
1851 1 0
1851 2 0
1851 3 0
1851 4 0
1851 5 208
1851 6 0
1851 7 70
1851 8 0
1851 9 0
1851 10 0
1851 11 36
1851 12 0
1851 13 207
1851 14 0
1851 15 0
1851 16 0
1851 17 0
1851 18 309
1851 19 0
1851 20 0
1851 21 0
1851 22 23
1851 23 118
1851 24 0
1851 25 0
1851 26 0
1851 27 0
1851 28 0
1851 29 0
1851 30 0
1851 31 73
1851 32 0
1851 33 0
1851 34 0
1851 35 180
1851 36 0
1851 37 0
1851 38 0
1851 39 110
1851 40 0
1851 41 79
1851 42 123
1851 43 140
1851 44 0
1851 45 0
1851 46 27
1851 47 134
1851 48 0
1851 49 28
1851 50 0
1851 51 0
1851 52 58
1851 53 0
1851 54 0
1851 55 44
1851 56 0
1851 57 348
1851 58 0
1851 59 0
1851 60 0
1851 61 139
1851 62 0
1851 63 199
1851 64 0
1851 65 0
1851 66 31
1851 67 217
1851 68 0
1851 69 0
1851 70 26
1851 71 68
1851 72 0
1851 73 319
1851 74 0
1851 75 0
1851 76 0
1851 77 0
1851 78 0
1851 79 141
1851 80 0
1851 81 0
1851 82 0
1851 83 0
1851 84 0
1851 85 0
1851 86 0
1851 87 54
1851 88 0
1851 89 150
1851 90 28
1851 91 0
1851 92 0
1851 93 0
1851 94 74
1851 95 75
1876 1 0
1876 2 0
1876 3 0
1876 4 0
1876 5 198
1876 6 0
1876 7 79
1876 8 0
1876 9 0
1876 10 0
1876 11 33
1876 12 0
1876 13 212
1876 14 0
1876 15 0
1876 16 0
1876 17 0
1876 18 301
1876 19 0
1876 20 0
1876 21 0
1876 22 26
1876 23 118
1876 24 0
1876 25 0
1876 26 0
1876 27 0
1876 28 0
1876 29 0
1876 30 0
1876 31 77
1876 32 0
1876 33 0
1876 34 0
1876 35 196
1876 36 0
1876 37 0
1876 38 0
1876 39 103
1876 40 0
1876 41 72
1876 42 111
1876 43 143
1876 44 0
1876 45 0
1876 46 16
1876 47 118
1876 48 0
1876 49 30
1876 50 0
1876 51 0
1876 52 62
1876 53 0
1876 54 0
1876 55 45
1876 56 0
1876 57 356
1876 58 0
1876 59 0
1876 60 0
1876 61 129
1876 62 0
1876 63 186
1876 64 0
1876 65 0
1876 66 37
1876 67 218
1876 68 0
1876 69 0
1876 70 32
1876 71 65
1876 72 0
1876 73 331
1876 74 0
1876 75 0
1876 76 0
1876 77 0
1876 78 0
1876 79 138
1876 80 0
1876 81 0
1876 82 0
1876 83 0
1876 84 0
1876 85 0
1876 86 0
1876 87 53
1876 88 0
1876 89 159
1876 90 19
1876 91 0
1876 92 0
1876 93 0
1876 94 75
1876 95 72
1901 1 0
1901 2 0
1901 3 0
1901 4 0
1901 5 195
1901 6 0
1901 7 71
1901 8 0
1901 9 0
1901 10 0
1901 11 33
1901 12 0
1901 13 222
1901 14 0
1901 15 0
1901 16 0
1901 17 0
1901 18 318
1901 19 0
1901 20 0
1901 21 0
1901 22 27
1901 23 117
1901 24 0
1901 25 0
1901 26 0
1901 27 0
1901 28 0
1901 29 0
1901 30 0
1901 31 78
1901 32 0
1901 33 0
1901 34 0
1901 35 191
1901 36 0
1901 37 0
1901 38 0
1901 39 115
1901 40 0
1901 41 79
1901 42 120
1901 43 125
1901 44 0
1901 45 0
1901 46 21
1901 47 134
1901 48 0
1901 49 32
1901 50 0
1901 51 0
1901 52 59
1901 53 0
1901 54 0
1901 55 34
1901 56 0
1901 57 346
1901 58 0
1901 59 0
1901 60 0
1901 61 145
1901 62 0
1901 63 190
1901 64 0
1901 65 0
1901 66 33
1901 67 216
1901 68 0
1901 69 0
1901 70 30
1901 71 77
1901 72 0
1901 73 336
1901 74 0
1901 75 0
1901 76 0
1901 77 0
1901 78 0
1901 79 141
1901 80 0
1901 81 0
1901 82 0
1901 83 0
1901 84 0
1901 85 0
1901 86 0
1901 87 58
1901 88 0
1901 89 155
1901 90 20
1901 91 0
1901 92 0
1901 93 0
1901 94 64
1901 95 70
1926 1 0
1926 2 0
1926 3 0
1926 4 0
1926 5 199
1926 6 0
1926 7 72
1926 8 0
1926 9 0
1926 10 0
1926 11 40
1926 12 0
1926 13 212
1926 14 0
1926 15 0
1926 16 0
1926 17 0
1926 18 310
1926 19 0
1926 20 0
1926 21 0
1926 22 28
1926 23 111
1926 24 0
1926 25 0
1926 26 0
1926 27 0
1926 28 0
1926 29 0
1926 30 0
1926 31 78
1926 32 0
1926 33 0
1926 34 0
1926 35 191
1926 36 0
1926 37 0
1926 38 0
1926 39 123
1926 40 0
1926 41 80
1926 42 109
1926 43 128
1926 44 0
1926 45 0
1926 46 22
1926 47 132
1926 48 0
1926 49 30
1926 50 0
1926 51 0
1926 52 69
1926 53 0
1926 54 0
1926 55 40
1926 56 0
1926 57 341
1926 58 0
1926 59 0
1926 60 0
1926 61 129
1926 62 0
1926 63 196
1926 64 0
1926 65 0
1926 66 36
1926 67 209
1926 68 0
1926 69 0
1926 70 33
1926 71 67
1926 72 0
1926 73 352
1926 74 0
1926 75 0
1926 76 0
1926 77 0
1926 78 0
1926 79 156
1926 80 0
1926 81 0
1926 82 0
1926 83 0
1926 84 0
1926 85 0
1926 86 0
1926 87 68
1926 88 0
1926 89 159
1926 90 24
1926 91 0
1926 92 0
1926 93 0
1926 94 64
1926 95 78
1951 1 0
1951 2 0
1951 3 0
1951 4 0
1951 5 206
1951 6 0
1951 7 71
1951 8 0
1951 9 0
1951 10 0
1951 11 33
1951 12 0
1951 13 223
1951 14 0
1951 15 0
1951 16 0
1951 17 0
1951 18 305
1951 19 0
1951 20 0
1951 21 0
1951 22 35
1951 23 114
1951 24 0
1951 25 0
1951 26 0
1951 27 0
1951 28 0
1951 29 0
1951 30 0
1951 31 70
1951 32 0
1951 33 0
1951 34 0
1951 35 201
1951 36 0
1951 37 0
1951 38 0
1951 39 116
1951 40 0
1951 41 78
1951 42 108
1951 43 130
1951 44 0
1951 45 0
1951 46 18
1951 47 139
1951 48 0
1951 49 31
1951 50 0
1951 51 0
1951 52 59
1951 53 0
1951 54 0
1951 55 38
1951 56 0
1951 57 346
1951 58 0
1951 59 0
1951 60 0
1951 61 132
1951 62 0
1951 63 185
1951 64 0
1951 65 0
1951 66 32
1951 67 203
1951 68 0
1951 69 0
1951 70 30
1951 71 71
1951 72 0
1951 73 331
1951 74 0
1951 75 0
1951 76 0
1951 77 0
1951 78 0
1951 79 139
1951 80 0
1951 81 0
1951 82 0
1951 83 0
1951 84 0
1951 85 0
1951 86 0
1951 87 61
1951 88 0
1951 89 159
1951 90 22
1951 91 0
1951 92 0
1951 93 0
1951 94 79
1951 95 68
1976 1 0
1976 2 0
1976 3 0
1976 4 0
1976 5 223
1976 6 0
1976 7 73
1976 8 0
1976 9 0
1976 10 0
1976 11 35
1976 12 0
1976 13 219
1976 14 0
1976 15 0
1976 16 0
1976 17 0
1976 18 306
1976 19 0
1976 20 0
1976 21 0
1976 22 30
1976 23 120
1976 24 0
1976 25 0
1976 26 0
1976 27 0
1976 28 0
1976 29 0
1976 30 0
1976 31 83
1976 32 0
1976 33 0
1976 34 0
1976 35 197
1976 36 0
1976 37 0
1976 38 0
1976 39 119
1976 40 0
1976 41 80
1976 42 109
1976 43 113
1976 44 0
1976 45 0
1976 46 19
1976 47 130
1976 48 0
1976 49 30
1976 50 0
1976 51 0
1976 52 68
1976 53 0
1976 54 0
1976 55 41
1976 56 0
1976 57 333
1976 58 0
1976 59 0
1976 60 0
1976 61 148
1976 62 0
1976 63 198
1976 64 0
1976 65 0
1976 66 35
1976 67 212
1976 68 0
1976 69 0
1976 70 28
1976 71 65
1976 72 0
1976 73 345
1976 74 0
1976 75 0
1976 76 0
1976 77 0
1976 78 0
1976 79 136
1976 80 0
1976 81 0
1976 82 0
1976 83 0
1976 84 0
1976 85 0
1976 86 0
1976 87 64
1976 88 0
1976 89 157
1976 90 18
1976 91 0
1976 92 0
1976 93 0
1976 94 73
1976 95 72
