1 5113
26 3860
51 3936
76 3966
101 4014
126 4008
151 3986
176 3951
201 3955
226 3952
251 3959
276 3974
301 3951
326 4037
351 4082
376 4068
401 4129
426 4082
451 4104
476 4100
501 4174
526 4165
551 4126
576 4131
601 4094
626 4142
651 4038
676 4124
701 4092
726 4150
751 4150
776 4083
801 4128
826 4083
851 4123
876 4130
901 4097
926 4146
951 4125
976 4167
1001 4163
1026 4162
1051 4200
1076 4217
1101 4195
1126 4129
1151 4167
1176 4125
1201 4142
1226 4145
1251 4183
1276 4181
1301 4142
1326 4080
1351 4040
1376 4131
1401 4119
1426 4156
1451 4139
1476 4178
1501 4100
1526 4157
1551 4074
1576 4140
1601 4175
1626 4136
1651 4029
1676 4074
1701 4116
1726 4054
1751 4088
1776 4112
1801 4088
1826 4119
1851 4096
1876 4113
1901 4073
1926 4058
1951 4038
1976 4139
