1 4336
26 1087
51 2270
76 2620
101 2680
126 2709
151 2732
176 2665
201 2730
226 2763
251 2711
276 2715
301 2770
326 2721
351 2758
376 2741
401 2724
426 2764
451 2729
476 2727
501 2736
526 2686
551 2730
576 2746
601 2748
626 2706
651 2728
676 2734
701 2724
726 2650
751 2675
776 2701
801 2746
826 2739
851 2735
876 2784
901 2784
926 2739
951 2753
976 2728
1001 2701
1026 2708
1051 2723
1076 2822
1101 2698
1126 2745
1151 2685
1176 2699
1201 2693
1226 2751
1251 2763
1276 2681
1301 2748
1326 2695
1351 2767
1376 2733
1401 2739
1426 2805
1451 2714
1476 2749
1501 2660
1526 2734
1551 2758
1576 2735
1601 2778
1626 2770
1651 2765
1676 2754
1701 2760
1726 2683
1751 2718
1776 2765
1801 2710
1826 2692
1851 2690
1876 2758
1901 2705
1926 2720
1951 2704
1976 2733
