1 1 50
1 2 45
1 3 47
1 4 52
1 5 49
1 6 49
1 7 48
1 8 44
1 9 40
1 10 42
1 11 44
1 12 50
1 13 48
1 14 46
1 15 47
1 16 49
1 17 50
1 18 52
1 19 49
1 20 44
1 21 45
1 22 42
1 23 47
1 24 48
1 25 46
1 26 45
1 27 47
1 28 51
1 29 50
1 30 47
1 31 44
1 32 42
1 33 41
1 34 42
1 35 48
1 36 47
1 37 44
1 38 50
1 39 48
1 40 47
1 41 47
1 42 44
1 43 42
1 44 43
1 45 45
1 46 46
1 47 44
1 48 47
1 49 46
1 50 49
1 51 50
1 52 47
1 53 46
1 54 40
1 55 43
1 56 39
1 57 46
1 58 49
1 59 47
1 60 47
1 61 48
1 62 49
1 63 49
1 64 48
1 65 44
1 66 44
1 67 43
1 68 44
1 69 47
1 70 47
1 71 46
1 72 53
1 73 50
1 74 48
1 75 42
1 76 48
1 77 45
1 78 47
1 79 44
1 80 44
1 81 45
1 82 48
1 83 48
1 84 46
1 85 44
1 86 49
1 87 45
1 88 46
1 89 47
1 90 49
1 91 48
1 92 48
1 93 49
1 94 48
1 95 45
1 96 48
1 97 50
1 98 46
1 99 43
1 100 50
1 101 47
1 102 43
1 103 49
1 104 49
1 105 49
1 106 49
1 107 49
1 108 46
1 109 52
1 110 50
1 111 52
1 112 46
1 113 50
1 114 48
1 115 44
1 116 42
1 117 46
1 118 45
1 119 46
1 120 48
1 121 46
26 1 41
26 2 46
26 3 45
26 4 44
26 5 44
26 6 44
26 7 45
26 8 45
26 9 20
26 10 21
26 11 27
26 12 43
26 13 45
26 14 47
26 15 43
26 16 51
26 17 47
26 18 44
26 19 43
26 20 19
26 21 20
26 22 18
26 23 42
26 24 45
26 25 46
26 26 39
26 27 46
26 28 48
26 29 47
26 30 45
26 31 38
26 32 14
26 33 16
26 34 40
26 35 42
26 36 45
26 37 42
26 38 49
26 39 54
26 40 51
26 41 44
26 42 45
26 43 15
26 44 16
26 45 19
26 46 31
26 47 44
26 48 43
26 49 48
26 50 47
26 51 46
26 52 49
26 53 41
26 54 28
26 55 18
26 56 29
26 57 21
26 58 43
26 59 45
26 60 46
26 61 48
26 62 47
26 63 49
26 64 43
26 65 43
26 66 36
26 67 12
26 68 21
26 69 42
26 70 47
26 71 47
26 72 42
26 73 46
26 74 52
26 75 40
26 76 42
26 77 40
26 78 21
26 79 28
26 80 39
26 81 43
26 82 51
26 83 50
26 84 46
26 85 48
26 86 47
26 87 46
26 88 47
26 89 42
26 90 42
26 91 44
26 92 43
26 93 47
26 94 40
26 95 45
26 96 44
26 97 45
26 98 46
26 99 40
26 100 47
26 101 47
26 102 44
26 103 47
26 104 41
26 105 40
26 106 44
26 107 45
26 108 42
26 109 41
26 110 45
26 111 47
26 112 49
26 113 43
26 114 42
26 115 41
26 116 39
26 117 42
26 118 44
26 119 43
26 120 39
26 121 44
51 1 46
51 2 49
51 3 43
51 4 51
51 5 47
51 6 43
51 7 45
51 8 43
51 9 41
51 10 19
51 11 24
51 12 45
51 13 48
51 14 46
51 15 49
51 16 46
51 17 44
51 18 46
51 19 46
51 20 22
51 21 10
51 22 22
51 23 43
51 24 44
51 25 47
51 26 44
51 27 48
51 28 43
51 29 49
51 30 42
51 31 25
51 32 11
51 33 17
51 34 41
51 35 41
51 36 43
51 37 44
51 38 47
51 39 48
51 40 48
51 41 44
51 42 39
51 43 18
51 44 16
51 45 15
51 46 22
51 47 41
51 48 43
51 49 47
51 50 48
51 51 47
51 52 44
51 53 41
51 54 26
51 55 21
51 56 20
51 57 21
51 58 40
51 59 48
51 60 49
51 61 47
51 62 49
51 63 47
51 64 48
51 65 47
51 66 44
51 67 19
51 68 22
51 69 44
51 70 51
51 71 48
51 72 48
51 73 47
51 74 46
51 75 46
51 76 44
51 77 43
51 78 36
51 79 28
51 80 42
51 81 43
51 82 43
51 83 43
51 84 50
51 85 48
51 86 45
51 87 44
51 88 43
51 89 46
51 90 40
51 91 42
51 92 47
51 93 42
51 94 32
51 95 43
51 96 45
51 97 47
51 98 45
51 99 47
51 100 50
51 101 47
51 102 46
51 103 48
51 104 43
51 105 39
51 106 43
51 107 45
51 108 44
51 109 45
51 110 46
51 111 43
51 112 47
51 113 46
51 114 42
51 115 44
51 116 43
51 117 48
51 118 44
51 119 45
51 120 46
51 121 40
76 1 48
76 2 44
76 3 42
76 4 46
76 5 45
76 6 47
76 7 44
76 8 45
76 9 33
76 10 15
76 11 31
76 12 45
76 13 44
76 14 46
76 15 45
76 16 49
76 17 44
76 18 43
76 19 44
76 20 27
76 21 10
76 22 24
76 23 43
76 24 49
76 25 44
76 26 43
76 27 43
76 28 44
76 29 45
76 30 47
76 31 23
76 32 12
76 33 18
76 34 41
76 35 42
76 36 44
76 37 45
76 38 45
76 39 49
76 40 45
76 41 43
76 42 41
76 43 17
76 44 14
76 45 17
76 46 30
76 47 46
76 48 44
76 49 44
76 50 45
76 51 49
76 52 48
76 53 42
76 54 26
76 55 21
76 56 21
76 57 19
76 58 44
76 59 46
76 60 46
76 61 48
76 62 47
76 63 48
76 64 42
76 65 44
76 66 42
76 67 20
76 68 26
76 69 43
76 70 43
76 71 43
76 72 52
76 73 46
76 74 51
76 75 45
76 76 46
76 77 46
76 78 30
76 79 34
76 80 41
76 81 44
76 82 43
76 83 47
76 84 52
76 85 47
76 86 45
76 87 46
76 88 43
76 89 42
76 90 44
76 91 44
76 92 49
76 93 45
76 94 43
76 95 45
76 96 48
76 97 45
76 98 41
76 99 37
76 100 43
76 101 44
76 102 45
76 103 43
76 104 47
76 105 40
76 106 47
76 107 46
76 108 45
76 109 43
76 110 42
76 111 44
76 112 47
76 113 45
76 114 44
76 115 40
76 116 43
76 117 45
76 118 41
76 119 41
76 120 41
76 121 44
101 1 44
101 2 46
101 3 44
101 4 54
101 5 45
101 6 48
101 7 42
101 8 45
101 9 30
101 10 22
101 11 36
101 12 42
101 13 48
101 14 45
101 15 45
101 16 47
101 17 43
101 18 45
101 19 44
101 20 21
101 21 20
101 22 20
101 23 45
101 24 47
101 25 41
101 26 35
101 27 46
101 28 48
101 29 46
101 30 42
101 31 32
101 32 17
101 33 20
101 34 40
101 35 46
101 36 42
101 37 37
101 38 43
101 39 45
101 40 45
101 41 42
101 42 42
101 43 21
101 44 13
101 45 21
101 46 28
101 47 43
101 48 48
101 49 48
101 50 47
101 51 50
101 52 42
101 53 42
101 54 20
101 55 16
101 56 21
101 57 27
101 58 44
101 59 47
101 60 49
101 61 49
101 62 46
101 63 46
101 64 46
101 65 42
101 66 41
101 67 26
101 68 20
101 69 45
101 70 46
101 71 45
101 72 46
101 73 47
101 74 45
101 75 46
101 76 43
101 77 41
101 78 27
101 79 24
101 80 36
101 81 46
101 82 46
101 83 48
101 84 47
101 85 46
101 86 43
101 87 46
101 88 41
101 89 41
101 90 45
101 91 46
101 92 46
101 93 44
101 94 45
101 95 45
101 96 42
101 97 42
101 98 43
101 99 39
101 100 45
101 101 47
101 102 47
101 103 44
101 104 48
101 105 38
101 106 45
101 107 49
101 108 44
101 109 42
101 110 41
101 111 40
101 112 45
101 113 44
101 114 49
101 115 50
101 116 28
101 117 44
101 118 47
101 119 44
101 120 40
101 121 42
126 1 42
126 2 47
126 3 46
126 4 48
126 5 48
126 6 47
126 7 47
126 8 46
126 9 27
126 10 19
126 11 40
126 12 42
126 13 42
126 14 45
126 15 46
126 16 48
126 17 53
126 18 46
126 19 46
126 20 25
126 21 11
126 22 16
126 23 41
126 24 48
126 25 45
126 26 44
126 27 44
126 28 45
126 29 49
126 30 44
126 31 38
126 32 11
126 33 19
126 34 40
126 35 47
126 36 47
126 37 43
126 38 48
126 39 46
126 40 42
126 41 46
126 42 46
126 43 15
126 44 21
126 45 17
126 46 33
126 47 42
126 48 43
126 49 47
126 50 46
126 51 45
126 52 47
126 53 46
126 54 42
126 55 21
126 56 17
126 57 23
126 58 42
126 59 42
126 60 43
126 61 48
126 62 48
126 63 44
126 64 49
126 65 43
126 66 42
126 67 20
126 68 21
126 69 45
126 70 45
126 71 47
126 72 47
126 73 44
126 74 48
126 75 42
126 76 42
126 77 42
126 78 28
126 79 26
126 80 43
126 81 49
126 82 47
126 83 44
126 84 48
126 85 45
126 86 49
126 87 43
126 88 43
126 89 44
126 90 45
126 91 49
126 92 49
126 93 49
126 94 44
126 95 46
126 96 47
126 97 46
126 98 44
126 99 33
126 100 45
126 101 47
126 102 43
126 103 46
126 104 47
126 105 41
126 106 47
126 107 43
126 108 42
126 109 40
126 110 44
126 111 42
126 112 45
126 113 41
126 114 48
126 115 45
126 116 39
126 117 44
126 118 46
126 119 41
126 120 44
126 121 44
151 1 43
151 2 48
151 3 46
151 4 44
151 5 46
151 6 49
151 7 45
151 8 44
151 9 27
151 10 20
151 11 33
151 12 47
151 13 45
151 14 44
151 15 43
151 16 49
151 17 48
151 18 45
151 19 43
151 20 22
151 21 15
151 22 22
151 23 40
151 24 41
151 25 42
151 26 44
151 27 45
151 28 45
151 29 45
151 30 43
151 31 28
151 32 9
151 33 18
151 34 41
151 35 43
151 36 43
151 37 38
151 38 44
151 39 50
151 40 49
151 41 44
151 42 44
151 43 24
151 44 18
151 45 17
151 46 21
151 47 48
151 48 48
151 49 46
151 50 44
151 51 47
151 52 49
151 53 43
151 54 42
151 55 22
151 56 21
151 57 25
151 58 43
151 59 46
151 60 44
151 61 43
151 62 46
151 63 51
151 64 45
151 65 45
151 66 43
151 67 21
151 68 15
151 69 39
151 70 42
151 71 46
151 72 43
151 73 45
151 74 49
151 75 43
151 76 43
151 77 41
151 78 30
151 79 20
151 80 40
151 81 46
151 82 43
151 83 44
151 84 41
151 85 45
151 86 41
151 87 43
151 88 42
151 89 44
151 90 46
151 91 45
151 92 48
151 93 46
151 94 40
151 95 43
151 96 46
151 97 45
151 98 43
151 99 38
151 100 47
151 101 50
151 102 49
151 103 47
151 104 39
151 105 43
151 106 44
151 107 47
151 108 46
151 109 44
151 110 44
151 111 42
151 112 44
151 113 43
151 114 45
151 115 45
151 116 43
151 117 44
151 118 44
151 119 46
151 120 47
151 121 42
176 1 43
176 2 47
176 3 44
176 4 45
176 5 48
176 6 47
176 7 37
176 8 47
176 9 28
176 10 19
176 11 34
176 12 47
176 13 45
176 14 43
176 15 46
176 16 45
176 17 43
176 18 42
176 19 48
176 20 29
176 21 14
176 22 24
176 23 44
176 24 42
176 25 46
176 26 44
176 27 47
176 28 48
176 29 41
176 30 46
176 31 25
176 32 11
176 33 21
176 34 42
176 35 42
176 36 43
176 37 42
176 38 46
176 39 50
176 40 50
176 41 46
176 42 41
176 43 19
176 44 22
176 45 22
176 46 35
176 47 47
176 48 49
176 49 46
176 50 48
176 51 47
176 52 49
176 53 46
176 54 30
176 55 19
176 56 21
176 57 28
176 58 44
176 59 45
176 60 47
176 61 45
176 62 48
176 63 50
176 64 47
176 65 43
176 66 44
176 67 20
176 68 28
176 69 46
176 70 46
176 71 49
176 72 48
176 73 50
176 74 48
176 75 47
176 76 47
176 77 43
176 78 22
176 79 28
176 80 44
176 81 48
176 82 44
176 83 47
176 84 47
176 85 49
176 86 46
176 87 45
176 88 40
176 89 43
176 90 44
176 91 42
176 92 46
176 93 41
176 94 40
176 95 44
176 96 45
176 97 46
176 98 44
176 99 45
176 100 45
176 101 45
176 102 44
176 103 40
176 104 43
176 105 30
176 106 42
176 107 43
176 108 46
176 109 44
176 110 41
176 111 45
176 112 44
176 113 46
176 114 44
176 115 42
176 116 39
176 117 43
176 118 46
176 119 42
176 120 43
176 121 42
201 1 47
201 2 47
201 3 47
201 4 48
201 5 43
201 6 48
201 7 46
201 8 45
201 9 31
201 10 20
201 11 35
201 12 48
201 13 46
201 14 46
201 15 46
201 16 45
201 17 49
201 18 42
201 19 42
201 20 22
201 21 17
201 22 30
201 23 40
201 24 43
201 25 45
201 26 39
201 27 43
201 28 49
201 29 48
201 30 46
201 31 27
201 32 12
201 33 22
201 34 42
201 35 43
201 36 43
201 37 39
201 38 45
201 39 46
201 40 47
201 41 45
201 42 45
201 43 12
201 44 23
201 45 19
201 46 41
201 47 45
201 48 47
201 49 49
201 50 46
201 51 43
201 52 47
201 53 47
201 54 25
201 55 19
201 56 19
201 57 20
201 58 42
201 59 41
201 60 43
201 61 46
201 62 43
201 63 49
201 64 49
201 65 43
201 66 38
201 67 22
201 68 18
201 69 43
201 70 49
201 71 46
201 72 46
201 73 45
201 74 48
201 75 47
201 76 45
201 77 45
201 78 25
201 79 31
201 80 39
201 81 46
201 82 45
201 83 46
201 84 46
201 85 48
201 86 47
201 87 45
201 88 43
201 89 44
201 90 46
201 91 42
201 92 42
201 93 42
201 94 25
201 95 41
201 96 48
201 97 43
201 98 43
201 99 43
201 100 46
201 101 50
201 102 45
201 103 44
201 104 47
201 105 30
201 106 43
201 107 41
201 108 46
201 109 44
201 110 46
201 111 48
201 112 49
201 113 45
201 114 45
201 115 43
201 116 35
201 117 44
201 118 42
201 119 45
201 120 46
201 121 40
226 1 44
226 2 44
226 3 45
226 4 45
226 5 49
226 6 46
226 7 43
226 8 43
226 9 25
226 10 16
226 11 31
226 12 45
226 13 45
226 14 44
226 15 48
226 16 48
226 17 45
226 18 45
226 19 39
226 20 22
226 21 14
226 22 24
226 23 44
226 24 48
226 25 44
226 26 43
226 27 47
226 28 44
226 29 44
226 30 41
226 31 35
226 32 16
226 33 23
226 34 42
226 35 46
226 36 47
226 37 42
226 38 46
226 39 47
226 40 45
226 41 46
226 42 42
226 43 16
226 44 21
226 45 19
226 46 23
226 47 43
226 48 41
226 49 47
226 50 47
226 51 50
226 52 42
226 53 44
226 54 20
226 55 18
226 56 20
226 57 20
226 58 43
226 59 49
226 60 49
226 61 48
226 62 49
226 63 46
226 64 45
226 65 45
226 66 34
226 67 18
226 68 20
226 69 43
226 70 48
226 71 49
226 72 44
226 73 48
226 74 48
226 75 45
226 76 46
226 77 44
226 78 29
226 79 27
226 80 43
226 81 46
226 82 43
226 83 42
226 84 47
226 85 50
226 86 45
226 87 45
226 88 45
226 89 44
226 90 45
226 91 45
226 92 42
226 93 44
226 94 41
226 95 43
226 96 46
226 97 43
226 98 45
226 99 38
226 100 47
226 101 47
226 102 49
226 103 49
226 104 45
226 105 37
226 106 42
226 107 44
226 108 45
226 109 44
226 110 44
226 111 40
226 112 48
226 113 45
226 114 47
226 115 42
226 116 37
226 117 43
226 118 43
226 119 39
226 120 43
226 121 41
251 1 48
251 2 49
251 3 49
251 4 45
251 5 49
251 6 43
251 7 50
251 8 45
251 9 19
251 10 19
251 11 40
251 12 45
251 13 51
251 14 47
251 15 47
251 16 48
251 17 48
251 18 48
251 19 43
251 20 18
251 21 18
251 22 20
251 23 42
251 24 45
251 25 44
251 26 43
251 27 47
251 28 48
251 29 49
251 30 47
251 31 26
251 32 10
251 33 21
251 34 40
251 35 44
251 36 47
251 37 43
251 38 50
251 39 43
251 40 49
251 41 46
251 42 41
251 43 20
251 44 20
251 45 18
251 46 29
251 47 42
251 48 43
251 49 50
251 50 48
251 51 49
251 52 50
251 53 46
251 54 22
251 55 22
251 56 18
251 57 22
251 58 45
251 59 45
251 60 45
251 61 48
251 62 47
251 63 44
251 64 46
251 65 45
251 66 43
251 67 21
251 68 20
251 69 42
251 70 46
251 71 50
251 72 47
251 73 47
251 74 45
251 75 43
251 76 40
251 77 41
251 78 30
251 79 30
251 80 38
251 81 46
251 82 49
251 83 46
251 84 43
251 85 41
251 86 44
251 87 43
251 88 42
251 89 46
251 90 45
251 91 47
251 92 51
251 93 44
251 94 43
251 95 43
251 96 45
251 97 48
251 98 46
251 99 40
251 100 44
251 101 43
251 102 47
251 103 45
251 104 48
251 105 44
251 106 45
251 107 47
251 108 45
251 109 43
251 110 45
251 111 44
251 112 43
251 113 47
251 114 46
251 115 43
251 116 39
251 117 41
251 118 44
251 119 41
251 120 45
251 121 43
276 1 45
276 2 47
276 3 48
276 4 42
276 5 47
276 6 46
276 7 47
276 8 45
276 9 34
276 10 24
276 11 26
276 12 45
276 13 52
276 14 48
276 15 49
276 16 49
276 17 46
276 18 48
276 19 46
276 20 27
276 21 14
276 22 20
276 23 45
276 24 44
276 25 44
276 26 44
276 27 49
276 28 48
276 29 45
276 30 42
276 31 23
276 32 13
276 33 24
276 34 42
276 35 44
276 36 45
276 37 42
276 38 47
276 39 46
276 40 47
276 41 46
276 42 42
276 43 20
276 44 18
276 45 20
276 46 39
276 47 45
276 48 42
276 49 44
276 50 47
276 51 46
276 52 48
276 53 43
276 54 20
276 55 13
276 56 12
276 57 19
276 58 46
276 59 45
276 60 44
276 61 43
276 62 48
276 63 49
276 64 43
276 65 43
276 66 43
276 67 21
276 68 19
276 69 44
276 70 44
276 71 47
276 72 48
276 73 45
276 74 48
276 75 45
276 76 48
276 77 46
276 78 29
276 79 26
276 80 33
276 81 45
276 82 44
276 83 46
276 84 47
276 85 48
276 86 45
276 87 46
276 88 42
276 89 43
276 90 43
276 91 42
276 92 47
276 93 46
276 94 39
276 95 44
276 96 46
276 97 44
276 98 41
276 99 40
276 100 48
276 101 48
276 102 48
276 103 48
276 104 48
276 105 39
276 106 44
276 107 48
276 108 41
276 109 41
276 110 48
276 111 42
276 112 40
276 113 46
276 114 50
276 115 45
276 116 41
276 117 47
276 118 46
276 119 47
276 120 41
276 121 45
301 1 44
301 2 45
301 3 45
301 4 50
301 5 46
301 6 45
301 7 40
301 8 43
301 9 24
301 10 16
301 11 42
301 12 39
301 13 47
301 14 46
301 15 48
301 16 47
301 17 49
301 18 47
301 19 45
301 20 19
301 21 15
301 22 30
301 23 43
301 24 47
301 25 46
301 26 43
301 27 47
301 28 47
301 29 46
301 30 43
301 31 26
301 32 11
301 33 18
301 34 42
301 35 43
301 36 41
301 37 42
301 38 46
301 39 48
301 40 46
301 41 48
301 42 41
301 43 20
301 44 18
301 45 15
301 46 30
301 47 43
301 48 45
301 49 50
301 50 47
301 51 48
301 52 47
301 53 44
301 54 20
301 55 18
301 56 15
301 57 20
301 58 41
301 59 47
301 60 50
301 61 44
301 62 44
301 63 43
301 64 44
301 65 45
301 66 40
301 67 17
301 68 21
301 69 42
301 70 44
301 71 45
301 72 47
301 73 47
301 74 49
301 75 45
301 76 45
301 77 42
301 78 28
301 79 24
301 80 34
301 81 45
301 82 46
301 83 47
301 84 47
301 85 50
301 86 43
301 87 47
301 88 44
301 89 42
301 90 48
301 91 45
301 92 45
301 93 46
301 94 39
301 95 46
301 96 47
301 97 47
301 98 46
301 99 40
301 100 46
301 101 46
301 102 50
301 103 48
301 104 44
301 105 39
301 106 45
301 107 45
301 108 50
301 109 45
301 110 47
301 111 45
301 112 46
301 113 45
301 114 46
301 115 42
301 116 43
301 117 40
301 118 45
301 119 43
301 120 44
301 121 43
326 1 41
326 2 45
326 3 50
326 4 47
326 5 48
326 6 47
326 7 41
326 8 42
326 9 27
326 10 20
326 11 33
326 12 40
326 13 48
326 14 45
326 15 41
326 16 46
326 17 44
326 18 47
326 19 45
326 20 21
326 21 10
326 22 21
326 23 45
326 24 43
326 25 40
326 26 43
326 27 47
326 28 46
326 29 47
326 30 44
326 31 28
326 32 17
326 33 20
326 34 37
326 35 42
326 36 43
326 37 44
326 38 43
326 39 48
326 40 46
326 41 45
326 42 44
326 43 17
326 44 15
326 45 19
326 46 25
326 47 50
326 48 47
326 49 46
326 50 47
326 51 47
326 52 44
326 53 42
326 54 21
326 55 18
326 56 17
326 57 24
326 58 45
326 59 49
326 60 44
326 61 45
326 62 53
326 63 48
326 64 46
326 65 47
326 66 41
326 67 22
326 68 29
326 69 44
326 70 48
326 71 44
326 72 47
326 73 50
326 74 47
326 75 46
326 76 47
326 77 41
326 78 22
326 79 24
326 80 39
326 81 45
326 82 46
326 83 48
326 84 49
326 85 48
326 86 47
326 87 45
326 88 42
326 89 43
326 90 41
326 91 43
326 92 46
326 93 44
326 94 44
326 95 46
326 96 44
326 97 49
326 98 46
326 99 37
326 100 44
326 101 47
326 102 43
326 103 45
326 104 44
326 105 41
326 106 46
326 107 42
326 108 44
326 109 42
326 110 41
326 111 43
326 112 46
326 113 47
326 114 48
326 115 42
326 116 37
326 117 43
326 118 45
326 119 46
326 120 40
326 121 45
351 1 43
351 2 48
351 3 49
351 4 45
351 5 46
351 6 43
351 7 42
351 8 44
351 9 28
351 10 17
351 11 38
351 12 41
351 13 48
351 14 49
351 15 46
351 16 42
351 17 49
351 18 42
351 19 43
351 20 19
351 21 14
351 22 26
351 23 43
351 24 46
351 25 45
351 26 44
351 27 44
351 28 42
351 29 41
351 30 42
351 31 24
351 32 16
351 33 28
351 34 44
351 35 47
351 36 43
351 37 42
351 38 45
351 39 46
351 40 49
351 41 47
351 42 40
351 43 18
351 44 21
351 45 18
351 46 28
351 47 46
351 48 46
351 49 49
351 50 47
351 51 46
351 52 46
351 53 46
351 54 32
351 55 17
351 56 21
351 57 23
351 58 40
351 59 48
351 60 49
351 61 47
351 62 45
351 63 46
351 64 46
351 65 43
351 66 43
351 67 20
351 68 21
351 69 45
351 70 46
351 71 49
351 72 52
351 73 47
351 74 48
351 75 45
351 76 43
351 77 43
351 78 24
351 79 31
351 80 41
351 81 44
351 82 49
351 83 46
351 84 46
351 85 45
351 86 43
351 87 41
351 88 43
351 89 45
351 90 48
351 91 47
351 92 43
351 93 44
351 94 36
351 95 44
351 96 44
351 97 42
351 98 47
351 99 43
351 100 45
351 101 50
351 102 46
351 103 43
351 104 43
351 105 26
351 106 45
351 107 45
351 108 44
351 109 45
351 110 50
351 111 42
351 112 47
351 113 44
351 114 46
351 115 44
351 116 31
351 117 43
351 118 44
351 119 44
351 120 43
351 121 46
376 1 43
376 2 46
376 3 46
376 4 51
376 5 49
376 6 48
376 7 44
376 8 44
376 9 27
376 10 20
376 11 30
376 12 40
376 13 45
376 14 46
376 15 47
376 16 47
376 17 46
376 18 45
376 19 47
376 20 29
376 21 19
376 22 17
376 23 41
376 24 45
376 25 46
376 26 42
376 27 46
376 28 47
376 29 43
376 30 43
376 31 26
376 32 18
376 33 19
376 34 42
376 35 42
376 36 45
376 37 44
376 38 49
376 39 45
376 40 47
376 41 44
376 42 44
376 43 18
376 44 20
376 45 24
376 46 42
376 47 44
376 48 45
376 49 48
376 50 49
376 51 46
376 52 42
376 53 44
376 54 26
376 55 22
376 56 27
376 57 23
376 58 42
376 59 44
376 60 49
376 61 50
376 62 49
376 63 45
376 64 45
376 65 46
376 66 42
376 67 30
376 68 20
376 69 43
376 70 45
376 71 46
376 72 45
376 73 48
376 74 47
376 75 45
376 76 44
376 77 42
376 78 26
376 79 31
376 80 43
376 81 45
376 82 48
376 83 46
376 84 44
376 85 45
376 86 43
376 87 44
376 88 41
376 89 44
376 90 47
376 91 45
376 92 50
376 93 43
376 94 42
376 95 50
376 96 45
376 97 47
376 98 43
376 99 41
376 100 43
376 101 47
376 102 43
376 103 48
376 104 44
376 105 38
376 106 48
376 107 46
376 108 49
376 109 43
376 110 43
376 111 43
376 112 41
376 113 47
376 114 46
376 115 46
376 116 35
376 117 45
376 118 47
376 119 41
376 120 43
376 121 43
401 1 44
401 2 49
401 3 51
401 4 46
401 5 47
401 6 46
401 7 46
401 8 44
401 9 28
401 10 24
401 11 32
401 12 44
401 13 50
401 14 50
401 15 46
401 16 44
401 17 46
401 18 46
401 19 40
401 20 21
401 21 16
401 22 19
401 23 42
401 24 48
401 25 45
401 26 45
401 27 48
401 28 45
401 29 47
401 30 41
401 31 30
401 32 11
401 33 23
401 34 40
401 35 39
401 36 47
401 37 45
401 38 51
401 39 43
401 40 46
401 41 47
401 42 41
401 43 19
401 44 16
401 45 20
401 46 21
401 47 45
401 48 45
401 49 45
401 50 45
401 51 48
401 52 46
401 53 44
401 54 30
401 55 17
401 56 21
401 57 18
401 58 40
401 59 48
401 60 47
401 61 46
401 62 48
401 63 50
401 64 45
401 65 45
401 66 44
401 67 20
401 68 15
401 69 46
401 70 45
401 71 44
401 72 44
401 73 45
401 74 47
401 75 49
401 76 46
401 77 43
401 78 33
401 79 25
401 80 39
401 81 46
401 82 45
401 83 48
401 84 49
401 85 45
401 86 43
401 87 45
401 88 47
401 89 45
401 90 41
401 91 42
401 92 45
401 93 46
401 94 40
401 95 48
401 96 44
401 97 46
401 98 43
401 99 45
401 100 48
401 101 48
401 102 47
401 103 46
401 104 47
401 105 38
401 106 44
401 107 45
401 108 45
401 109 50
401 110 49
401 111 46
401 112 50
401 113 45
401 114 43
401 115 45
401 116 42
401 117 42
401 118 42
401 119 42
401 120 44
401 121 46
426 1 44
426 2 47
426 3 46
426 4 47
426 5 42
426 6 42
426 7 49
426 8 47
426 9 34
426 10 22
426 11 37
426 12 44
426 13 47
426 14 43
426 15 46
426 16 46
426 17 46
426 18 49
426 19 45
426 20 19
426 21 14
426 22 16
426 23 42
426 24 43
426 25 45
426 26 42
426 27 49
426 28 50
426 29 49
426 30 45
426 31 24
426 32 11
426 33 16
426 34 43
426 35 45
426 36 46
426 37 41
426 38 46
426 39 44
426 40 47
426 41 46
426 42 42
426 43 16
426 44 21
426 45 14
426 46 22
426 47 41
426 48 44
426 49 47
426 50 46
426 51 45
426 52 47
426 53 45
426 54 26
426 55 18
426 56 21
426 57 24
426 58 46
426 59 47
426 60 49
426 61 46
426 62 45
426 63 46
426 64 44
426 65 41
426 66 41
426 67 21
426 68 21
426 69 44
426 70 45
426 71 49
426 72 48
426 73 42
426 74 50
426 75 44
426 76 43
426 77 43
426 78 32
426 79 25
426 80 43
426 81 42
426 82 43
426 83 42
426 84 45
426 85 45
426 86 48
426 87 43
426 88 40
426 89 43
426 90 46
426 91 48
426 92 50
426 93 41
426 94 40
426 95 45
426 96 42
426 97 43
426 98 40
426 99 37
426 100 49
426 101 43
426 102 45
426 103 47
426 104 43
426 105 36
426 106 45
426 107 44
426 108 50
426 109 46
426 110 44
426 111 47
426 112 42
426 113 48
426 114 49
426 115 40
426 116 36
426 117 46
426 118 44
426 119 45
426 120 46
426 121 41
451 1 44
451 2 47
451 3 47
451 4 46
451 5 48
451 6 45
451 7 44
451 8 43
451 9 25
451 10 17
451 11 23
451 12 44
451 13 43
451 14 47
451 15 45
451 16 46
451 17 49
451 18 48
451 19 47
451 20 17
451 21 11
451 22 20
451 23 47
451 24 45
451 25 44
451 26 46
451 27 47
451 28 50
451 29 46
451 30 49
451 31 32
451 32 18
451 33 20
451 34 40
451 35 44
451 36 48
451 37 48
451 38 47
451 39 46
451 40 48
451 41 50
451 42 45
451 43 19
451 44 13
451 45 16
451 46 29
451 47 46
451 48 46
451 49 49
451 50 47
451 51 47
451 52 45
451 53 45
451 54 26
451 55 22
451 56 19
451 57 22
451 58 45
451 59 47
451 60 51
451 61 51
451 62 46
451 63 46
451 64 45
451 65 48
451 66 41
451 67 21
451 68 25
451 69 42
451 70 44
451 71 48
451 72 47
451 73 45
451 74 43
451 75 43
451 76 44
451 77 41
451 78 22
451 79 22
451 80 43
451 81 41
451 82 47
451 83 49
451 84 50
451 85 51
451 86 47
451 87 45
451 88 43
451 89 42
451 90 46
451 91 45
451 92 46
451 93 48
451 94 40
451 95 42
451 96 49
451 97 45
451 98 44
451 99 44
451 100 45
451 101 44
451 102 47
451 103 45
451 104 45
451 105 39
451 106 45
451 107 43
451 108 42
451 109 44
451 110 45
451 111 44
451 112 48
451 113 48
451 114 48
451 115 45
451 116 43
451 117 41
451 118 43
451 119 40
451 120 40
451 121 43
476 1 44
476 2 47
476 3 47
476 4 47
476 5 48
476 6 46
476 7 41
476 8 45
476 9 31
476 10 20
476 11 30
476 12 45
476 13 48
476 14 48
476 15 51
476 16 47
476 17 46
476 18 42
476 19 40
476 20 15
476 21 16
476 22 16
476 23 42
476 24 47
476 25 44
476 26 43
476 27 48
476 28 49
476 29 45
476 30 44
476 31 26
476 32 19
476 33 20
476 34 45
476 35 42
476 36 45
476 37 40
476 38 49
476 39 49
476 40 41
476 41 46
476 42 44
476 43 20
476 44 19
476 45 17
476 46 27
476 47 45
476 48 46
476 49 43
476 50 45
476 51 48
476 52 48
476 53 46
476 54 29
476 55 18
476 56 22
476 57 25
476 58 47
476 59 47
476 60 48
476 61 45
476 62 44
476 63 45
476 64 48
476 65 43
476 66 42
476 67 19
476 68 25
476 69 42
476 70 47
476 71 42
476 72 44
476 73 47
476 74 47
476 75 45
476 76 42
476 77 40
476 78 24
476 79 28
476 80 35
476 81 42
476 82 46
476 83 43
476 84 44
476 85 46
476 86 46
476 87 46
476 88 44
476 89 46
476 90 45
476 91 44
476 92 46
476 93 48
476 94 43
476 95 47
476 96 48
476 97 47
476 98 45
476 99 39
476 100 45
476 101 50
476 102 48
476 103 46
476 104 46
476 105 39
476 106 44
476 107 44
476 108 47
476 109 47
476 110 45
476 111 42
476 112 44
476 113 45
476 114 46
476 115 42
476 116 35
476 117 42
476 118 45
476 119 43
476 120 44
476 121 43
501 1 44
501 2 47
501 3 47
501 4 49
501 5 45
501 6 46
501 7 44
501 8 46
501 9 36
501 10 21
501 11 24
501 12 46
501 13 48
501 14 48
501 15 46
501 16 49
501 17 46
501 18 41
501 19 47
501 20 20
501 21 16
501 22 24
501 23 46
501 24 44
501 25 45
501 26 42
501 27 46
501 28 43
501 29 45
501 30 46
501 31 31
501 32 15
501 33 21
501 34 43
501 35 43
501 36 43
501 37 42
501 38 44
501 39 43
501 40 49
501 41 45
501 42 46
501 43 18
501 44 17
501 45 24
501 46 34
501 47 42
501 48 45
501 49 42
501 50 44
501 51 44
501 52 45
501 53 45
501 54 26
501 55 20
501 56 19
501 57 30
501 58 46
501 59 51
501 60 41
501 61 49
501 62 48
501 63 44
501 64 43
501 65 43
501 66 41
501 67 23
501 68 19
501 69 41
501 70 45
501 71 44
501 72 47
501 73 48
501 74 43
501 75 42
501 76 46
501 77 43
501 78 29
501 79 34
501 80 40
501 81 47
501 82 46
501 83 48
501 84 47
501 85 44
501 86 46
501 87 44
501 88 43
501 89 42
501 90 44
501 91 44
501 92 44
501 93 42
501 94 37
501 95 44
501 96 44
501 97 42
501 98 44
501 99 39
501 100 48
501 101 49
501 102 47
501 103 48
501 104 44
501 105 30
501 106 46
501 107 45
501 108 48
501 109 45
501 110 47
501 111 45
501 112 48
501 113 47
501 114 48
501 115 44
501 116 36
501 117 44
501 118 41
501 119 40
501 120 44
501 121 43
526 1 40
526 2 45
526 3 50
526 4 46
526 5 46
526 6 43
526 7 45
526 8 44
526 9 37
526 10 23
526 11 30
526 12 41
526 13 44
526 14 43
526 15 44
526 16 47
526 17 47
526 18 50
526 19 49
526 20 25
526 21 13
526 22 18
526 23 45
526 24 44
526 25 43
526 26 43
526 27 48
526 28 48
526 29 49
526 30 46
526 31 32
526 32 13
526 33 15
526 34 48
526 35 42
526 36 46
526 37 41
526 38 50
526 39 46
526 40 48
526 41 54
526 42 43
526 43 23
526 44 20
526 45 21
526 46 32
526 47 43
526 48 46
526 49 49
526 50 49
526 51 48
526 52 49
526 53 44
526 54 22
526 55 21
526 56 25
526 57 32
526 58 44
526 59 47
526 60 50
526 61 45
526 62 46
526 63 49
526 64 46
526 65 41
526 66 43
526 67 24
526 68 24
526 69 42
526 70 48
526 71 45
526 72 48
526 73 48
526 74 50
526 75 45
526 76 47
526 77 42
526 78 32
526 79 16
526 80 35
526 81 44
526 82 47
526 83 42
526 84 45
526 85 50
526 86 44
526 87 47
526 88 45
526 89 42
526 90 43
526 91 45
526 92 45
526 93 44
526 94 44
526 95 47
526 96 44
526 97 44
526 98 46
526 99 42
526 100 49
526 101 49
526 102 45
526 103 47
526 104 45
526 105 40
526 106 46
526 107 47
526 108 41
526 109 48
526 110 43
526 111 48
526 112 48
526 113 44
526 114 45
526 115 41
526 116 41
526 117 47
526 118 44
526 119 43
526 120 44
526 121 45
551 1 46
551 2 48
551 3 49
551 4 45
551 5 47
551 6 47
551 7 45
551 8 45
551 9 35
551 10 17
551 11 37
551 12 45
551 13 46
551 14 45
551 15 49
551 16 47
551 17 47
551 18 42
551 19 43
551 20 25
551 21 14
551 22 22
551 23 44
551 24 44
551 25 46
551 26 45
551 27 50
551 28 48
551 29 45
551 30 47
551 31 29
551 32 12
551 33 19
551 34 44
551 35 44
551 36 46
551 37 46
551 38 49
551 39 48
551 40 45
551 41 43
551 42 45
551 43 10
551 44 21
551 45 28
551 46 30
551 47 42
551 48 46
551 49 46
551 50 45
551 51 44
551 52 45
551 53 45
551 54 24
551 55 18
551 56 17
551 57 35
551 58 47
551 59 45
551 60 47
551 61 46
551 62 49
551 63 43
551 64 45
551 65 42
551 66 41
551 67 27
551 68 27
551 69 46
551 70 48
551 71 50
551 72 46
551 73 49
551 74 48
551 75 46
551 76 46
551 77 44
551 78 31
551 79 25
551 80 44
551 81 44
551 82 47
551 83 46
551 84 44
551 85 47
551 86 47
551 87 45
551 88 43
551 89 44
551 90 44
551 91 43
551 92 43
551 93 45
551 94 39
551 95 44
551 96 48
551 97 50
551 98 47
551 99 45
551 100 48
551 101 46
551 102 45
551 103 49
551 104 44
551 105 44
551 106 48
551 107 45
551 108 45
551 109 42
551 110 43
551 111 51
551 112 46
551 113 44
551 114 44
551 115 47
551 116 38
551 117 49
551 118 46
551 119 46
551 120 49
551 121 44
576 1 45
576 2 48
576 3 49
576 4 47
576 5 47
576 6 43
576 7 41
576 8 42
576 9 23
576 10 15
576 11 36
576 12 45
576 13 49
576 14 46
576 15 46
576 16 45
576 17 44
576 18 46
576 19 45
576 20 15
576 21 12
576 22 20
576 23 42
576 24 45
576 25 42
576 26 40
576 27 43
576 28 44
576 29 48
576 30 47
576 31 23
576 32 10
576 33 19
576 34 40
576 35 46
576 36 45
576 37 42
576 38 47
576 39 46
576 40 47
576 41 42
576 42 40
576 43 20
576 44 18
576 45 17
576 46 30
576 47 42
576 48 50
576 49 49
576 50 47
576 51 49
576 52 45
576 53 43
576 54 35
576 55 20
576 56 18
576 57 21
576 58 47
576 59 44
576 60 49
576 61 45
576 62 42
576 63 46
576 64 44
576 65 47
576 66 45
576 67 15
576 68 20
576 69 48
576 70 43
576 71 47
576 72 45
576 73 49
576 74 46
576 75 42
576 76 45
576 77 43
576 78 30
576 79 28
576 80 44
576 81 45
576 82 49
576 83 42
576 84 48
576 85 45
576 86 42
576 87 49
576 88 41
576 89 44
576 90 43
576 91 48
576 92 47
576 93 45
576 94 40
576 95 46
576 96 48
576 97 43
576 98 48
576 99 44
576 100 44
576 101 47
576 102 45
576 103 43
576 104 47
576 105 38
576 106 42
576 107 44
576 108 48
576 109 48
576 110 45
576 111 43
576 112 42
576 113 46
576 114 50
576 115 46
576 116 42
576 117 43
576 118 43
576 119 46
576 120 39
576 121 41
601 1 45
601 2 45
601 3 48
601 4 44
601 5 46
601 6 46
601 7 47
601 8 44
601 9 37
601 10 24
601 11 26
601 12 49
601 13 47
601 14 45
601 15 46
601 16 44
601 17 46
601 18 46
601 19 43
601 20 22
601 21 12
601 22 24
601 23 45
601 24 45
601 25 44
601 26 45
601 27 47
601 28 49
601 29 45
601 30 46
601 31 19
601 32 8
601 33 21
601 34 44
601 35 44
601 36 44
601 37 40
601 38 47
601 39 49
601 40 41
601 41 42
601 42 40
601 43 11
601 44 16
601 45 18
601 46 21
601 47 46
601 48 48
601 49 45
601 50 47
601 51 44
601 52 46
601 53 47
601 54 24
601 55 19
601 56 21
601 57 20
601 58 45
601 59 49
601 60 46
601 61 45
601 62 45
601 63 45
601 64 50
601 65 44
601 66 43
601 67 20
601 68 16
601 69 40
601 70 47
601 71 47
601 72 46
601 73 45
601 74 47
601 75 44
601 76 44
601 77 42
601 78 20
601 79 23
601 80 45
601 81 48
601 82 43
601 83 45
601 84 46
601 85 44
601 86 49
601 87 49
601 88 40
601 89 41
601 90 42
601 91 46
601 92 47
601 93 47
601 94 39
601 95 46
601 96 45
601 97 46
601 98 47
601 99 25
601 100 49
601 101 44
601 102 45
601 103 44
601 104 41
601 105 34
601 106 50
601 107 47
601 108 46
601 109 48
601 110 44
601 111 40
601 112 44
601 113 47
601 114 47
601 115 44
601 116 39
601 117 46
601 118 44
601 119 44
601 120 44
601 121 43
626 1 45
626 2 46
626 3 45
626 4 48
626 5 45
626 6 47
626 7 48
626 8 43
626 9 19
626 10 22
626 11 27
626 12 45
626 13 47
626 14 48
626 15 49
626 16 47
626 17 48
626 18 50
626 19 42
626 20 25
626 21 11
626 22 23
626 23 41
626 24 44
626 25 45
626 26 43
626 27 44
626 28 46
626 29 48
626 30 43
626 31 26
626 32 10
626 33 18
626 34 39
626 35 40
626 36 43
626 37 42
626 38 44
626 39 47
626 40 47
626 41 45
626 42 42
626 43 22
626 44 21
626 45 21
626 46 24
626 47 44
626 48 47
626 49 46
626 50 47
626 51 43
626 52 45
626 53 44
626 54 34
626 55 19
626 56 14
626 57 22
626 58 42
626 59 44
626 60 46
626 61 46
626 62 49
626 63 47
626 64 43
626 65 43
626 66 44
626 67 19
626 68 20
626 69 41
626 70 42
626 71 47
626 72 50
626 73 46
626 74 48
626 75 43
626 76 43
626 77 44
626 78 30
626 79 25
626 80 41
626 81 46
626 82 42
626 83 47
626 84 45
626 85 43
626 86 48
626 87 40
626 88 43
626 89 43
626 90 45
626 91 46
626 92 46
626 93 45
626 94 41
626 95 45
626 96 44
626 97 45
626 98 43
626 99 43
626 100 47
626 101 50
626 102 45
626 103 44
626 104 46
626 105 28
626 106 46
626 107 45
626 108 48
626 109 46
626 110 45
626 111 47
626 112 46
626 113 42
626 114 45
626 115 40
626 116 37
626 117 44
626 118 43
626 119 40
626 120 39
626 121 40
651 1 47
651 2 46
651 3 43
651 4 44
651 5 46
651 6 46
651 7 46
651 8 41
651 9 22
651 10 20
651 11 39
651 12 48
651 13 50
651 14 47
651 15 44
651 16 47
651 17 48
651 18 49
651 19 40
651 20 22
651 21 15
651 22 29
651 23 45
651 24 43
651 25 43
651 26 45
651 27 49
651 28 47
651 29 51
651 30 41
651 31 32
651 32 10
651 33 16
651 34 41
651 35 43
651 36 42
651 37 42
651 38 48
651 39 52
651 40 48
651 41 42
651 42 41
651 43 21
651 44 18
651 45 20
651 46 26
651 47 47
651 48 39
651 49 50
651 50 48
651 51 47
651 52 47
651 53 46
651 54 28
651 55 17
651 56 19
651 57 24
651 58 43
651 59 52
651 60 47
651 61 49
651 62 48
651 63 50
651 64 47
651 65 43
651 66 40
651 67 20
651 68 11
651 69 44
651 70 46
651 71 45
651 72 48
651 73 50
651 74 47
651 75 48
651 76 44
651 77 40
651 78 22
651 79 16
651 80 40
651 81 43
651 82 47
651 83 43
651 84 45
651 85 46
651 86 47
651 87 46
651 88 46
651 89 44
651 90 44
651 91 47
651 92 44
651 93 44
651 94 42
651 95 45
651 96 46
651 97 46
651 98 43
651 99 40
651 100 43
651 101 46
651 102 47
651 103 42
651 104 45
651 105 39
651 106 42
651 107 45
651 108 39
651 109 47
651 110 45
651 111 45
651 112 49
651 113 48
651 114 45
651 115 42
651 116 37
651 117 45
651 118 42
651 119 41
651 120 41
651 121 43
676 1 47
676 2 47
676 3 51
676 4 45
676 5 45
676 6 49
676 7 47
676 8 48
676 9 39
676 10 24
676 11 35
676 12 44
676 13 49
676 14 45
676 15 44
676 16 42
676 17 46
676 18 42
676 19 41
676 20 22
676 21 16
676 22 23
676 23 42
676 24 45
676 25 40
676 26 45
676 27 45
676 28 47
676 29 45
676 30 42
676 31 23
676 32 14
676 33 19
676 34 41
676 35 42
676 36 42
