1 5459
26 5023
51 4886
76 4980
101 5006
126 5054
151 4932
176 5094
201 5035
226 5000
251 4978
276 4921
301 5074
326 4998
351 5099
376 5055
401 5083
426 4976
451 5056
476 4915
501 4933
526 5059
551 4975
576 4904
601 4956
626 4999
651 5050
676 4986
701 5019
726 4912
751 5030
776 4906
801 4972
826 4991
851 5034
876 5050
901 5039
926 5003
951 4968
976 4912
1001 4972
1026 5053
1051 4949
1076 5053
1101 5010
1126 5046
1151 5088
1176 4904
1201 5010
1226 5000
1251 4898
1276 4889
1301 4961
1326 5020
1351 5010
1376 5062
1401 4934
1426 5016
1451 4904
1476 5047
1501 5008
1526 5044
1551 5031
1576 4946
1601 4986
1626 5144
1651 5109
1676 5148
1701 5111
1726 4999
1751 4954
1776 4883
1801 4973
1826 5072
1851 5085
1876 5059
1901 4912
1926 4996
1951 4935
1976 4999
