1 1 47
1 2 47
1 3 46
1 4 49
1 5 45
1 6 47
1 7 44
1 8 45
1 9 47
1 10 41
1 11 48
1 12 45
1 13 49
1 14 49
1 15 49
1 16 47
1 17 46
1 18 51
1 19 43
1 20 43
1 21 39
1 22 46
1 23 50
1 24 47
1 25 48
1 26 47
1 27 51
1 28 50
1 29 52
1 30 48
1 31 43
1 32 42
1 33 46
1 34 49
1 35 47
1 36 47
1 37 48
1 38 50
1 39 48
1 40 47
1 41 52
1 42 45
1 43 42
1 44 45
1 45 47
1 46 42
1 47 46
1 48 48
1 49 50
1 50 49
1 51 50
1 52 50
1 53 44
1 54 43
1 55 41
1 56 50
1 57 46
1 58 46
1 59 47
1 60 49
1 61 50
1 62 52
1 63 51
1 64 48
1 65 46
1 66 50
1 67 47
1 68 50
1 69 43
1 70 45
1 71 46
1 72 50
1 73 45
1 74 50
1 75 46
1 76 47
1 77 50
1 78 50
1 79 49
1 80 43
1 81 48
1 82 46
1 83 51
1 84 48
1 85 48
1 86 48
1 87 47
1 88 49
1 89 47
1 90 52
1 91 51
1 92 51
1 93 48
1 94 51
1 95 47
1 96 43
1 97 49
1 98 47
1 99 46
1 100 49
1 101 47
1 102 45
1 103 48
1 104 46
1 105 51
1 106 47
1 107 51
1 108 47
1 109 50
1 110 46
1 111 45
1 112 47
1 113 51
1 114 44
1 115 47
1 116 52
1 117 46
1 118 49
1 119 44
1 120 45
1 121 48
26 1 47
26 2 46
26 3 48
26 4 48
26 5 49
26 6 43
26 7 45
26 8 44
26 9 29
26 10 21
26 11 24
26 12 43
26 13 42
26 14 49
26 15 49
26 16 44
26 17 46
26 18 45
26 19 45
26 20 18
26 21 12
26 22 19
26 23 39
26 24 45
26 25 47
26 26 46
26 27 48
26 28 45
26 29 44
26 30 44
26 31 30
26 32 18
26 33 20
26 34 45
26 35 44
26 36 46
26 37 47
26 38 45
26 39 46
26 40 46
26 41 42
26 42 43
26 43 22
26 44 22
26 45 38
26 46 43
26 47 48
26 48 50
26 49 51
26 50 49
26 51 52
26 52 43
26 53 42
26 54 33
26 55 36
26 56 46
26 57 44
26 58 48
26 59 48
26 60 45
26 61 48
26 62 49
26 63 49
26 64 44
26 65 41
26 66 44
26 67 45
26 68 48
26 69 47
26 70 48
26 71 49
26 72 48
26 73 51
26 74 50
26 75 52
26 76 48
26 77 47
26 78 49
26 79 50
26 80 47
26 81 47
26 82 48
26 83 50
26 84 51
26 85 46
26 86 44
26 87 45
26 88 43
26 89 49
26 90 50
26 91 51
26 92 48
26 93 47
26 94 48
26 95 46
26 96 45
26 97 47
26 98 49
26 99 46
26 100 44
26 101 49
26 102 48
26 103 48
26 104 47
26 105 47
26 106 47
26 107 48
26 108 46
26 109 47
26 110 42
26 111 47
26 112 49
26 113 52
26 114 45
26 115 46
26 116 42
26 117 42
26 118 50
26 119 43
26 120 43
26 121 41
51 1 49
51 2 45
51 3 49
51 4 48
51 5 51
51 6 49
51 7 47
51 8 45
51 9 28
51 10 15
51 11 32
51 12 40
51 13 45
51 14 48
51 15 46
51 16 48
51 17 47
51 18 47
51 19 43
51 20 25
51 21 11
51 22 20
51 23 40
51 24 45
51 25 49
51 26 48
51 27 44
51 28 49
51 29 50
51 30 43
51 31 31
51 32 19
51 33 14
51 34 41
51 35 44
51 36 51
51 37 42
51 38 45
51 39 46
51 40 46
51 41 42
51 42 41
51 43 19
51 44 20
51 45 42
51 46 45
51 47 47
51 48 43
51 49 41
51 50 46
51 51 48
51 52 44
51 53 46
51 54 40
51 55 26
51 56 46
51 57 46
51 58 49
51 59 49
51 60 48
51 61 48
51 62 47
51 63 44
51 64 47
51 65 43
51 66 43
51 67 46
51 68 45
51 69 45
51 70 49
51 71 48
51 72 46
51 73 46
51 74 49
51 75 47
51 76 48
51 77 49
51 78 47
51 79 49
51 80 46
51 81 48
51 82 48
51 83 45
51 84 48
51 85 46
51 86 51
51 87 49
51 88 47
51 89 44
51 90 48
51 91 42
51 92 49
51 93 49
51 94 46
51 95 47
51 96 46
51 97 46
51 98 49
51 99 45
51 100 43
51 101 45
51 102 43
51 103 45
51 104 47
51 105 49
51 106 45
51 107 45
51 108 45
51 109 44
51 110 48
51 111 45
51 112 45
51 113 44
51 114 42
51 115 46
51 116 46
51 117 45
51 118 44
51 119 41
51 120 43
51 121 44
76 1 45
76 2 44
76 3 51
76 4 46
76 5 45
76 6 46
76 7 46
76 8 44
76 9 41
76 10 33
76 11 31
76 12 44
76 13 45
76 14 48
76 15 47
76 16 47
76 17 44
76 18 45
76 19 44
76 20 17
76 21 17
76 22 16
76 23 44
76 24 50
76 25 46
76 26 44
76 27 48
76 28 44
76 29 40
76 30 43
76 31 21
76 32 19
76 33 27
76 34 43
76 35 46
76 36 45
76 37 43
76 38 47
76 39 50
76 40 41
76 41 41
76 42 45
76 43 19
76 44 20
76 45 32
76 46 49
76 47 46
76 48 42
76 49 46
76 50 48
76 51 47
76 52 42
76 53 46
76 54 43
76 55 20
76 56 43
76 57 42
76 58 48
76 59 48
76 60 44
76 61 46
76 62 48
76 63 50
76 64 48
76 65 42
76 66 43
76 67 44
76 68 44
76 69 48
76 70 44
76 71 49
76 72 49
76 73 47
76 74 47
76 75 45
76 76 40
76 77 43
76 78 44
76 79 50
76 80 43
76 81 50
76 82 46
76 83 51
76 84 45
76 85 43
76 86 47
76 87 45
76 88 47
76 89 46
76 90 49
76 91 50
76 92 44
76 93 46
76 94 46
76 95 48
76 96 48
76 97 46
76 98 48
76 99 42
76 100 46
76 101 48
76 102 48
76 103 46
76 104 48
76 105 49
76 106 48
76 107 45
76 108 45
76 109 44
76 110 44
76 111 46
76 112 44
76 113 46
76 114 46
76 115 48
76 116 44
76 117 39
76 118 45
76 119 43
76 120 44
76 121 44
101 1 44
101 2 50
101 3 47
101 4 52
101 5 49
101 6 42
101 7 44
101 8 46
101 9 39
101 10 27
101 11 36
101 12 42
101 13 47
101 14 48
101 15 50
101 16 47
101 17 47
101 18 46
101 19 47
101 20 25
101 21 11
101 22 20
101 23 42
101 24 44
101 25 49
101 26 48
101 27 49
101 28 48
101 29 47
101 30 46
101 31 23
101 32 17
101 33 22
101 34 38
101 35 46
101 36 46
101 37 47
101 38 46
101 39 46
101 40 49
101 41 46
101 42 42
101 43 19
101 44 19
101 45 36
101 46 44
101 47 48
101 48 52
101 49 51
101 50 45
101 51 42
101 52 43
101 53 46
101 54 28
101 55 24
101 56 46
101 57 46
101 58 49
101 59 52
101 60 48
101 61 45
101 62 46
101 63 44
101 64 48
101 65 45
101 66 44
101 67 46
101 68 47
101 69 44
101 70 45
101 71 47
101 72 43
101 73 45
101 74 46
101 75 51
101 76 45
101 77 45
101 78 44
101 79 47
101 80 49
101 81 49
101 82 45
101 83 48
101 84 49
101 85 48
101 86 45
101 87 43
101 88 45
101 89 48
101 90 47
101 91 48
101 92 47
101 93 49
101 94 48
101 95 46
101 96 44
101 97 47
101 98 49
101 99 42
101 100 46
101 101 47
101 102 47
101 103 49
101 104 47
101 105 51
101 106 46
101 107 45
101 108 46
101 109 46
101 110 43
101 111 43
101 112 44
101 113 48
101 114 52
101 115 48
101 116 45
101 117 47
101 118 50
101 119 48
101 120 42
101 121 46
126 1 46
126 2 48
126 3 41
126 4 48
126 5 50
126 6 49
126 7 49
126 8 49
126 9 30
126 10 19
126 11 42
126 12 46
126 13 44
126 14 42
126 15 46
126 16 46
126 17 50
126 18 46
126 19 44
126 20 19
126 21 12
126 22 24
126 23 40
126 24 42
126 25 47
126 26 44
126 27 45
126 28 47
126 29 45
126 30 46
126 31 32
126 32 19
126 33 21
126 34 42
126 35 44
126 36 45
126 37 40
126 38 48
126 39 46
126 40 48
126 41 46
126 42 40
126 43 14
126 44 18
126 45 32
126 46 42
126 47 43
126 48 45
126 49 42
126 50 47
126 51 46
126 52 46
126 53 43
126 54 31
126 55 20
126 56 46
126 57 47
126 58 51
126 59 48
126 60 45
126 61 46
126 62 46
126 63 46
126 64 47
126 65 46
126 66 44
126 67 47
126 68 46
126 69 49
126 70 49
126 71 45
126 72 45
126 73 49
126 74 46
126 75 48
126 76 45
126 77 43
126 78 47
126 79 50
126 80 48
126 81 51
126 82 46
126 83 49
126 84 48
126 85 48
126 86 49
126 87 45
126 88 47
126 89 43
126 90 46
126 91 49
126 92 50
126 93 47
126 94 45
126 95 47
126 96 49
126 97 47
126 98 40
126 99 40
126 100 42
126 101 48
126 102 43
126 103 48
126 104 46
126 105 48
126 106 47
126 107 50
126 108 43
126 109 45
126 110 45
126 111 41
126 112 47
126 113 41
126 114 47
126 115 47
126 116 44
126 117 48
126 118 45
126 119 45
126 120 45
126 121 43
151 1 45
151 2 48
151 3 47
151 4 41
151 5 50
151 6 46
151 7 45
151 8 47
151 9 32
151 10 18
151 11 29
151 12 46
151 13 47
151 14 44
151 15 47
151 16 47
151 17 47
151 18 45
151 19 46
151 20 21
151 21 14
151 22 24
151 23 45
151 24 46
151 25 43
151 26 46
151 27 51
151 28 49
151 29 47
151 30 41
151 31 31
151 32 20
151 33 22
151 34 43
151 35 42
151 36 43
151 37 44
151 38 45
151 39 48
151 40 47
151 41 49
151 42 40
151 43 18
151 44 18
151 45 30
151 46 42
151 47 46
151 48 46
151 49 48
151 50 52
151 51 44
151 52 45
151 53 43
151 54 25
151 55 20
151 56 43
151 57 44
151 58 48
151 59 44
151 60 51
151 61 48
151 62 48
151 63 47
151 64 49
151 65 46
151 66 44
151 67 45
151 68 49
151 69 47
151 70 46
151 71 50
151 72 48
151 73 44
151 74 45
151 75 47
151 76 44
151 77 43
151 78 45
151 79 48
151 80 46
151 81 49
151 82 48
151 83 49
151 84 48
151 85 50
151 86 48
151 87 49
151 88 45
151 89 46
151 90 48
151 91 48
151 92 46
151 93 44
151 94 42
151 95 52
151 96 46
151 97 47
151 98 47
151 99 41
151 100 49
151 101 49
151 102 47
151 103 47
151 104 46
151 105 49
151 106 53
151 107 45
151 108 44
151 109 49
151 110 44
151 111 48
151 112 46
151 113 49
151 114 49
151 115 45
151 116 50
151 117 46
151 118 43
151 119 43
151 120 43
151 121 41
176 1 42
176 2 49
176 3 47
176 4 51
176 5 49
176 6 46
176 7 48
176 8 43
176 9 34
176 10 21
176 11 26
176 12 48
176 13 49
176 14 48
176 15 48
176 16 47
176 17 48
176 18 46
176 19 47
176 20 21
176 21 11
176 22 24
176 23 45
176 24 48
176 25 45
176 26 45
176 27 42
176 28 51
176 29 46
176 30 42
176 31 19
176 32 12
176 33 23
176 34 43
176 35 49
176 36 49
176 37 45
176 38 50
176 39 55
176 40 49
176 41 45
176 42 43
176 43 15
176 44 18
176 45 31
176 46 46
176 47 46
176 48 50
176 49 47
176 50 49
176 51 47
176 52 50
176 53 45
176 54 27
176 55 24
176 56 43
176 57 50
176 58 46
176 59 49
176 60 47
176 61 48
176 62 47
176 63 46
176 64 44
176 65 46
176 66 38
176 67 46
176 68 47
176 69 49
176 70 46
176 71 51
176 72 45
176 73 46
176 74 46
176 75 45
176 76 47
176 77 47
176 78 48
176 79 48
176 80 45
176 81 48
176 82 43
176 83 48
176 84 46
176 85 47
176 86 47
176 87 46
176 88 47
176 89 44
176 90 44
176 91 42
176 92 47
176 93 47
176 94 51
176 95 51
176 96 45
176 97 50
176 98 47
176 99 45
176 100 44
176 101 46
176 102 49
176 103 43
176 104 49
176 105 48
176 106 46
176 107 46
176 108 47
176 109 45
176 110 46
176 111 46
176 112 42
176 113 49
176 114 46
176 115 49
176 116 47
176 117 43
176 118 47
176 119 45
176 120 43
176 121 40
201 1 46
201 2 46
201 3 46
201 4 47
201 5 46
201 6 47
201 7 44
201 8 45
201 9 36
201 10 29
201 11 37
201 12 42
201 13 44
201 14 50
201 15 49
201 16 47
201 17 44
201 18 41
201 19 40
201 20 20
201 21 17
201 22 20
201 23 41
201 24 46
201 25 44
201 26 45
201 27 45
201 28 44
201 29 45
201 30 41
201 31 24
201 32 11
201 33 20
201 34 42
201 35 41
201 36 47
201 37 44
201 38 49
201 39 51
201 40 47
201 41 49
201 42 43
201 43 21
201 44 21
201 45 33
201 46 39
201 47 45
201 48 44
201 49 48
201 50 44
201 51 48
201 52 48
201 53 47
201 54 40
201 55 22
201 56 45
201 57 45
201 58 43
201 59 46
201 60 49
201 61 46
201 62 44
201 63 48
201 64 46
201 65 43
201 66 41
201 67 46
201 68 44
201 69 48
201 70 46
201 71 50
201 72 48
201 73 47
201 74 49
201 75 52
201 76 49
201 77 44
201 78 49
201 79 48
201 80 45
201 81 48
201 82 47
201 83 47
201 84 46
201 85 48
201 86 47
201 87 49
201 88 47
201 89 48
201 90 46
201 91 51
201 92 48
201 93 47
201 94 49
201 95 50
201 96 46
201 97 48
201 98 47
201 99 42
201 100 49
201 101 50
201 102 47
201 103 44
201 104 49
201 105 46
201 106 44
201 107 48
201 108 47
201 109 44
201 110 43
201 111 48
201 112 46
201 113 42
201 114 44
201 115 45
201 116 49
201 117 46
201 118 46
201 119 43
201 120 42
201 121 40
226 1 46
226 2 47
226 3 46
226 4 48
226 5 47
226 6 52
226 7 46
226 8 43
226 9 34
226 10 20
226 11 36
226 12 42
226 13 44
226 14 44
226 15 50
226 16 45
226 17 49
226 18 45
226 19 44
226 20 30
226 21 16
226 22 21
226 23 47
226 24 43
226 25 46
226 26 44
226 27 45
226 28 44
226 29 46
226 30 48
226 31 23
226 32 11
226 33 18
226 34 42
226 35 47
226 36 44
226 37 41
226 38 42
226 39 45
226 40 46
226 41 46
226 42 49
226 43 19
226 44 21
226 45 27
226 46 42
226 47 49
226 48 46
226 49 49
226 50 49
226 51 46
226 52 48
226 53 47
226 54 29
226 55 27
226 56 43
226 57 49
226 58 48
226 59 48
226 60 49
226 61 49
226 62 48
226 63 46
226 64 47
226 65 44
226 66 41
226 67 43
226 68 43
226 69 48
226 70 47
226 71 49
226 72 51
226 73 48
226 74 46
226 75 47
226 76 42
226 77 46
226 78 46
226 79 46
226 80 45
226 81 49
226 82 44
226 83 44
226 84 50
226 85 47
226 86 48
226 87 46
226 88 45
226 89 45
226 90 48
226 91 42
226 92 42
226 93 49
226 94 49
226 95 45
226 96 49
226 97 46
226 98 44
226 99 43
226 100 48
226 101 47
226 102 45
226 103 44
226 104 49
226 105 48
226 106 44
226 107 48
226 108 48
226 109 43
226 110 44
226 111 43
226 112 47
226 113 49
226 114 41
226 115 44
226 116 48
226 117 46
226 118 45
226 119 45
226 120 47
226 121 43
251 1 42
251 2 50
251 3 47
251 4 47
251 5 43
251 6 45
251 7 45
251 8 53
251 9 27
251 10 21
251 11 31
251 12 44
251 13 50
251 14 47
251 15 45
251 16 48
251 17 43
251 18 47
251 19 47
251 20 20
251 21 13
251 22 21
251 23 46
251 24 48
251 25 45
251 26 43
251 27 47
251 28 45
251 29 45
251 30 44
251 31 31
251 32 12
251 33 22
251 34 43
251 35 45
251 36 48
251 37 41
251 38 46
251 39 48
251 40 44
251 41 48
251 42 42
251 43 19
251 44 19
251 45 39
251 46 39
251 47 46
251 48 45
251 49 49
251 50 49
251 51 47
251 52 47
251 53 43
251 54 28
251 55 25
251 56 44
251 57 47
251 58 46
251 59 48
251 60 51
251 61 47
251 62 45
251 63 45
251 64 44
251 65 45
251 66 42
251 67 50
251 68 46
251 69 49
251 70 51
251 71 50
251 72 48
251 73 50
251 74 47
251 75 46
251 76 44
251 77 42
251 78 48
251 79 46
251 80 44
251 81 48
251 82 49
251 83 51
251 84 42
251 85 44
251 86 50
251 87 50
251 88 49
251 89 48
251 90 49
251 91 44
251 92 51
251 93 48
251 94 51
251 95 47
251 96 46
251 97 47
251 98 45
251 99 46
251 100 46
251 101 50
251 102 47
251 103 46
251 104 47
251 105 49
251 106 47
251 107 47
251 108 47
251 109 44
251 110 45
251 111 45
251 112 46
251 113 45
251 114 47
251 115 44
251 116 45
251 117 44
251 118 46
251 119 45
251 120 42
251 121 40
276 1 45
276 2 51
276 3 52
276 4 52
276 5 56
276 6 49
276 7 42
276 8 41
276 9 30
276 10 20
276 11 38
276 12 47
276 13 47
276 14 47
276 15 50
276 16 46
276 17 48
276 18 50
276 19 49
276 20 30
276 21 12
276 22 19
276 23 44
276 24 48
276 25 43
276 26 43
276 27 43
276 28 47
276 29 45
276 30 46
276 31 27
276 32 21
276 33 20
276 34 43
276 35 45
276 36 46
276 37 43
276 38 42
276 39 47
276 40 49
276 41 47
276 42 42
276 43 17
276 44 20
276 45 37
276 46 42
276 47 47
276 48 45
276 49 46
276 50 46
276 51 52
276 52 47
276 53 45
276 54 39
276 55 20
276 56 47
276 57 48
276 58 49
276 59 48
276 60 51
276 61 43
276 62 53
276 63 51
276 64 45
276 65 45
276 66 46
276 67 46
276 68 45
276 69 48
276 70 48
276 71 45
276 72 48
276 73 47
276 74 47
276 75 46
276 76 47
276 77 47
276 78 44
276 79 47
276 80 46
276 81 47
276 82 47
276 83 46
276 84 48
276 85 48
276 86 46
276 87 44
276 88 45
276 89 46
276 90 46
276 91 43
276 92 42
276 93 47
276 94 51
276 95 49
276 96 46
276 97 48
276 98 45
276 99 42
276 100 44
276 101 47
276 102 48
276 103 46
276 104 52
276 105 53
276 106 50
276 107 49
276 108 45
276 109 46
276 110 46
276 111 40
276 112 45
276 113 49
276 114 49
276 115 48
276 116 48
276 117 45
276 118 44
276 119 43
276 120 43
276 121 39
301 1 43
301 2 43
301 3 47
301 4 47
301 5 41
301 6 45
301 7 44
301 8 42
301 9 27
301 10 16
301 11 21
301 12 44
301 13 39
301 14 46
301 15 46
301 16 46
301 17 46
301 18 44
301 19 44
301 20 25
301 21 11
301 22 18
301 23 41
301 24 44
301 25 45
301 26 43
301 27 47
301 28 48
301 29 48
301 30 40
301 31 40
301 32 13
301 33 23
301 34 44
301 35 44
301 36 45
301 37 45
301 38 45
301 39 46
301 40 46
301 41 45
301 42 43
301 43 28
301 44 19
301 45 40
301 46 44
301 47 43
301 48 42
301 49 46
301 50 47
301 51 50
301 52 49
301 53 42
301 54 31
301 55 23
301 56 43
301 57 44
301 58 44
301 59 46
301 60 46
301 61 49
301 62 49
301 63 52
301 64 48
301 65 46
301 66 44
301 67 47
301 68 48
301 69 45
301 70 47
301 71 51
301 72 49
301 73 45
301 74 45
301 75 45
301 76 41
301 77 47
301 78 49
301 79 46
301 80 47
301 81 51
301 82 46
301 83 49
301 84 47
301 85 46
301 86 49
301 87 44
301 88 48
301 89 48
301 90 47
301 91 48
301 92 47
301 93 50
301 94 48
301 95 51
301 96 48
301 97 50
301 98 46
301 99 48
301 100 48
301 101 50
301 102 50
301 103 52
301 104 49
301 105 48
301 106 46
301 107 47
301 108 48
301 109 48
301 110 52
301 111 45
301 112 49
301 113 53
301 114 48
301 115 44
301 116 47
301 117 46
301 118 48
301 119 42
301 120 45
301 121 44
326 1 46
326 2 44
326 3 49
326 4 51
326 5 48
326 6 47
326 7 45
326 8 43
326 9 32
326 10 19
326 11 37
326 12 48
326 13 47
326 14 45
326 15 45
326 16 46
326 17 48
326 18 45
326 19 44
326 20 21
326 21 11
326 22 25
326 23 44
326 24 42
326 25 48
326 26 37
326 27 45
326 28 47
326 29 49
326 30 47
326 31 39
326 32 9
326 33 18
326 34 42
326 35 46
326 36 41
326 37 45
326 38 46
326 39 47
326 40 49
326 41 49
326 42 44
326 43 20
326 44 15
326 45 38
326 46 38
326 47 45
326 48 48
326 49 45
326 50 46
326 51 52
326 52 46
326 53 45
326 54 24
326 55 28
326 56 45
326 57 45
326 58 48
326 59 45
326 60 49
326 61 49
326 62 54
326 63 45
326 64 44
326 65 45
326 66 45
326 67 45
326 68 48
326 69 50
326 70 50
326 71 47
326 72 48
326 73 47
326 74 49
326 75 47
326 76 47
326 77 49
326 78 44
326 79 45
326 80 47
326 81 43
326 82 49
326 83 48
326 84 45
326 85 45
326 86 48
326 87 46
326 88 49
326 89 48
326 90 49
326 91 50
326 92 48
326 93 46
326 94 51
326 95 44
326 96 48
326 97 49
326 98 45
326 99 40
326 100 48
326 101 49
326 102 49
326 103 46
326 104 42
326 105 44
326 106 45
326 107 46
326 108 48
326 109 47
326 110 45
326 111 48
326 112 42
326 113 48
326 114 44
326 115 45
326 116 41
326 117 47
326 118 45
326 119 45
326 120 43
326 121 45
351 1 44
351 2 46
351 3 46
351 4 50
351 5 46
351 6 48
351 7 49
351 8 44
351 9 40
351 10 20
351 11 34
351 12 45
351 13 45
351 14 43
351 15 51
351 16 48
351 17 44
351 18 50
351 19 49
351 20 27
351 21 11
351 22 26
351 23 40
351 24 44
351 25 48
351 26 44
351 27 47
351 28 46
351 29 47
351 30 44
351 31 32
351 32 13
351 33 13
351 34 40
351 35 42
351 36 52
351 37 47
351 38 48
351 39 47
351 40 46
351 41 43
351 42 42
351 43 20
351 44 19
351 45 41
351 46 46
351 47 50
351 48 44
351 49 49
351 50 48
351 51 47
351 52 47
351 53 45
351 54 42
351 55 18
351 56 48
351 57 47
351 58 45
351 59 47
351 60 46
351 61 48
351 62 48
351 63 49
351 64 47
351 65 44
351 66 49
351 67 48
351 68 55
351 69 53
351 70 50
351 71 43
351 72 49
351 73 51
351 74 47
351 75 50
351 76 49
351 77 48
351 78 49
351 79 53
351 80 52
351 81 46
351 82 44
351 83 49
351 84 48
351 85 47
351 86 52
351 87 50
351 88 43
351 89 45
351 90 47
351 91 50
351 92 46
351 93 51
351 94 47
351 95 46
351 96 44
351 97 47
351 98 49
351 99 40
351 100 44
351 101 47
351 102 48
351 103 47
351 104 50
351 105 48
351 106 46
351 107 47
351 108 46
351 109 48
351 110 47
351 111 45
351 112 45
351 113 49
351 114 48
351 115 47
351 116 48
351 117 44
351 118 44
351 119 42
351 120 45
351 121 47
376 1 49
376 2 49
376 3 47
376 4 50
376 5 56
376 6 48
376 7 45
376 8 46
376 9 40
376 10 20
376 11 35
376 12 48
376 13 49
376 14 47
376 15 48
376 16 50
376 17 49
376 18 42
376 19 46
376 20 27
376 21 13
376 22 16
376 23 46
376 24 48
376 25 49
376 26 45
376 27 49
376 28 44
376 29 47
376 30 47
376 31 29
376 32 17
376 33 19
376 34 43
376 35 49
376 36 43
376 37 45
376 38 49
376 39 45
376 40 47
376 41 48
376 42 45
376 43 25
376 44 20
376 45 40
376 46 43
376 47 46
376 48 44
376 49 47
376 50 44
376 51 46
376 52 42
376 53 46
376 54 41
376 55 25
376 56 46
376 57 46
376 58 46
376 59 44
376 60 50
376 61 49
376 62 48
376 63 51
376 64 48
376 65 44
376 66 46
376 67 50
376 68 52
376 69 43
376 70 49
376 71 51
376 72 48
376 73 47
376 74 49
376 75 45
376 76 46
376 77 46
376 78 50
376 79 42
376 80 44
376 81 48
376 82 47
376 83 48
376 84 46
376 85 49
376 86 50
376 87 51
376 88 47
376 89 47
376 90 45
376 91 49
376 92 49
376 93 48
376 94 47
376 95 46
376 96 45
376 97 47
376 98 48
376 99 44
376 100 50
376 101 46
376 102 47
376 103 46
376 104 46
376 105 47
376 106 44
376 107 44
376 108 48
376 109 48
376 110 47
376 111 45
376 112 46
376 113 43
376 114 45
376 115 47
376 116 47
376 117 46
376 118 48
376 119 49
376 120 45
376 121 41
401 1 46
401 2 47
401 3 45
401 4 51
401 5 51
401 6 45
401 7 48
401 8 46
401 9 38
401 10 20
401 11 23
401 12 45
401 13 47
401 14 49
401 15 45
401 16 48
401 17 48
401 18 43
401 19 46
401 20 18
401 21 12
401 22 26
401 23 42
401 24 44
401 25 49
401 26 42
401 27 48
401 28 45
401 29 47
401 30 43
401 31 34
401 32 17
401 33 27
401 34 46
401 35 43
401 36 46
401 37 46
401 38 45
401 39 47
401 40 46
401 41 43
401 42 45
401 43 18
401 44 21
401 45 30
401 46 44
401 47 47
401 48 49
401 49 47
401 50 43
401 51 46
401 52 46
401 53 40
401 54 40
401 55 28
401 56 45
401 57 44
401 58 46
401 59 46
401 60 43
401 61 52
401 62 47
401 63 44
401 64 43
401 65 44
401 66 44
401 67 46
401 68 45
401 69 45
401 70 44
401 71 49
401 72 51
401 73 49
401 74 49
401 75 50
401 76 45
401 77 45
401 78 42
401 79 47
401 80 44
401 81 44
401 82 49
401 83 49
401 84 46
401 85 47
401 86 46
401 87 43
401 88 46
401 89 47
401 90 47
401 91 49
401 92 47
401 93 45
401 94 48
401 95 44
401 96 48
401 97 48
401 98 44
401 99 40
401 100 47
401 101 48
401 102 47
401 103 47
401 104 46
401 105 46
401 106 45
401 107 42
401 108 49
401 109 45
401 110 42
401 111 46
401 112 50
401 113 46
401 114 46
401 115 46
401 116 46
401 117 43
401 118 46
401 119 47
401 120 42
401 121 44
426 1 45
426 2 44
426 3 49
426 4 43
426 5 46
426 6 48
426 7 52
426 8 47
426 9 36
426 10 19
426 11 35
426 12 48
426 13 44
426 14 51
426 15 46
426 16 51
426 17 49
426 18 51
426 19 42
426 20 23
426 21 19
426 22 23
426 23 46
426 24 45
426 25 45
426 26 48
426 27 50
426 28 44
426 29 47
426 30 43
426 31 34
426 32 14
426 33 17
426 34 44
426 35 44
426 36 43
426 37 46
426 38 48
426 39 45
426 40 46
426 41 46
426 42 42
426 43 21
426 44 19
426 45 32
426 46 36
426 47 43
426 48 43
426 49 47
426 50 47
426 51 46
426 52 49
426 53 41
426 54 23
426 55 27
426 56 47
426 57 45
426 58 45
426 59 48
426 60 46
426 61 48
426 62 48
426 63 53
426 64 46
426 65 45
426 66 45
426 67 46
426 68 45
426 69 46
426 70 46
426 71 44
426 72 43
426 73 47
426 74 46
426 75 50
426 76 47
426 77 45
426 78 42
426 79 48
426 80 47
426 81 46
426 82 55
426 83 49
426 84 45
426 85 44
426 86 47
426 87 50
426 88 49
426 89 50
426 90 44
426 91 44
426 92 51
426 93 52
426 94 45
426 95 46
426 96 52
426 97 49
426 98 45
426 99 47
426 100 50
426 101 51
426 102 45
426 103 47
426 104 48
426 105 46
426 106 49
426 107 46
426 108 48
426 109 45
426 110 44
426 111 47
426 112 49
426 113 45
426 114 45
426 115 46
426 116 44
426 117 48
426 118 45
426 119 42
426 120 44
426 121 46
451 1 45
451 2 46
451 3 51
451 4 45
451 5 48
451 6 45
451 7 45
451 8 42
451 9 33
451 10 15
451 11 27
451 12 45
451 13 44
451 14 46
451 15 46
451 16 49
451 17 43
451 18 45
451 19 43
451 20 22
451 21 10
451 22 22
451 23 44
451 24 48
451 25 45
451 26 43
451 27 48
451 28 44
451 29 46
451 30 47
451 31 31
451 32 14
451 33 18
451 34 43
451 35 44
451 36 44
451 37 45
451 38 46
451 39 45
451 40 45
451 41 41
451 42 44
451 43 21
451 44 22
451 45 26
451 46 43
451 47 47
451 48 47
451 49 51
451 50 48
451 51 47
451 52 44
451 53 46
451 54 33
451 55 21
451 56 41
451 57 45
451 58 48
451 59 48
451 60 47
451 61 48
451 62 45
451 63 46
451 64 44
451 65 45
451 66 44
451 67 47
451 68 48
451 69 47
451 70 51
451 71 48
451 72 49
451 73 50
451 74 44
451 75 47
451 76 46
451 77 47
451 78 48
451 79 48
451 80 40
451 81 44
451 82 41
451 83 49
451 84 48
451 85 47
451 86 43
451 87 49
451 88 45
451 89 48
451 90 46
451 91 47
451 92 45
451 93 48
451 94 49
451 95 47
451 96 51
451 97 49
451 98 42
451 99 45
451 100 46
451 101 48
451 102 50
451 103 48
451 104 48
451 105 50
451 106 47
451 107 48
451 108 46
451 109 45
451 110 47
451 111 45
451 112 48
451 113 48
451 114 47
451 115 44
451 116 47
451 117 45
451 118 45
451 119 43
451 120 41
451 121 40
476 1 46
476 2 47
476 3 46
476 4 46
476 5 47
476 6 47
476 7 46
476 8 45
476 9 29
476 10 19
476 11 34
476 12 44
476 13 47
476 14 48
476 15 46
476 16 50
476 17 47
476 18 46
476 19 40
476 20 17
476 21 16
476 22 20
476 23 41
476 24 44
476 25 45
476 26 44
476 27 47
476 28 45
476 29 47
476 30 41
476 31 23
476 32 15
476 33 20
476 34 43
476 35 44
476 36 45
476 37 42
476 38 49
476 39 44
476 40 49
476 41 46
476 42 40
476 43 18
476 44 18
476 45 24
476 46 32
476 47 47
476 48 49
476 49 46
476 50 47
476 51 50
476 52 43
476 53 43
476 54 42
476 55 19
476 56 42
476 57 45
476 58 45
476 59 47
476 60 46
476 61 47
476 62 44
476 63 47
476 64 47
476 65 47
476 66 42
476 67 44
476 68 46
476 69 47
476 70 48
476 71 47
476 72 45
476 73 49
476 74 50
476 75 48
476 76 45
476 77 48
476 78 42
476 79 45
476 80 47
476 81 47
476 82 45
476 83 46
476 84 48
476 85 49
476 86 49
476 87 46
476 88 47
476 89 47
476 90 45
476 91 46
476 92 45
476 93 44
476 94 51
476 95 48
476 96 51
476 97 47
476 98 46
476 99 47
476 100 49
476 101 50
476 102 48
476 103 43
476 104 51
476 105 48
476 106 47
476 107 48
476 108 45
476 109 47
476 110 45
476 111 49
476 112 45
476 113 48
476 114 47
476 115 46
476 116 48
476 117 46
476 118 43
476 119 42
476 120 47
476 121 43
501 1 42
501 2 48
501 3 45
501 4 48
501 5 49
501 6 47
501 7 47
501 8 44
501 9 40
501 10 24
501 11 30
501 12 43
501 13 48
501 14 48
501 15 44
501 16 52
501 17 46
501 18 49
501 19 44
501 20 21
501 21 10
501 22 24
501 23 44
501 24 43
501 25 43
501 26 43
501 27 47
501 28 49
501 29 47
501 30 44
501 31 28
501 32 10
501 33 26
501 34 40
501 35 48
501 36 45
501 37 41
501 38 46
501 39 46
501 40 43
501 41 42
501 42 41
501 43 15
501 44 19
501 45 34
501 46 37
501 47 45
501 48 43
501 49 44
501 50 53
501 51 49
501 52 44
501 53 44
501 54 26
501 55 19
501 56 45
501 57 45
501 58 48
501 59 43
501 60 46
501 61 49
501 62 45
501 63 50
501 64 50
501 65 44
501 66 40
501 67 46
501 68 47
501 69 43
501 70 45
501 71 45
501 72 47
501 73 46
501 74 48
501 75 52
501 76 47
501 77 46
501 78 44
501 79 46
501 80 46
501 81 50
501 82 50
501 83 50
501 84 49
501 85 48
501 86 47
501 87 49
501 88 46
501 89 49
501 90 47
501 91 46
501 92 49
501 93 45
501 94 44
501 95 48
501 96 47
501 97 44
501 98 45
501 99 47
501 100 48
501 101 47
501 102 48
501 103 46
501 104 45
501 105 47
501 106 46
501 107 47
501 108 44
501 109 47
501 110 48
501 111 46
501 112 49
501 113 47
501 114 46
501 115 50
501 116 46
501 117 47
501 118 51
501 119 40
501 120 48
501 121 42
526 1 46
526 2 50
526 3 45
526 4 45
526 5 48
526 6 46
526 7 48
526 8 44
526 9 32
526 10 25
526 11 33
526 12 43
526 13 48
526 14 50
526 15 45
526 16 49
526 17 42
526 18 46
526 19 47
526 20 21
526 21 14
526 22 30
526 23 47
526 24 48
526 25 47
526 26 44
526 27 45
526 28 47
526 29 47
526 30 50
526 31 26
526 32 12
526 33 22
526 34 42
526 35 45
526 36 40
526 37 41
526 38 42
526 39 43
526 40 42
526 41 46
526 42 45
526 43 20
526 44 23
526 45 44
526 46 43
526 47 45
526 48 42
526 49 48
526 50 45
526 51 46
526 52 46
526 53 45
526 54 35
526 55 31
526 56 44
526 57 46
526 58 49
526 59 47
526 60 47
526 61 47
526 62 42
526 63 45
526 64 46
526 65 45
526 66 43
526 67 46
526 68 43
526 69 48
526 70 48
526 71 46
526 72 47
526 73 48
526 74 44
526 75 46
526 76 50
526 77 47
526 78 49
526 79 44
526 80 49
526 81 46
526 82 50
526 83 51
526 84 47
526 85 47
526 86 43
526 87 47
526 88 46
526 89 48
526 90 47
526 91 44
526 92 45
526 93 48
526 94 52
526 95 46
526 96 49
526 97 51
526 98 49
526 99 48
526 100 48
526 101 47
526 102 47
526 103 49
526 104 47
526 105 46
526 106 49
526 107 46
526 108 51
526 109 46
526 110 47
526 111 46
526 112 47
526 113 47
526 114 48
526 115 46
526 116 46
526 117 46
526 118 43
526 119 45
526 120 43
526 121 45
551 1 44
551 2 43
551 3 45
551 4 51
551 5 48
551 6 49
551 7 46
551 8 45
551 9 41
551 10 21
551 11 25
551 12 43
551 13 47
551 14 49
551 15 45
551 16 53
551 17 48
551 18 44
551 19 43
551 20 17
551 21 14
551 22 27
551 23 42
551 24 50
551 25 46
551 26 41
551 27 50
551 28 50
551 29 49
551 30 41
551 31 21
551 32 12
551 33 29
551 34 41
551 35 46
551 36 45
551 37 43
551 38 46
551 39 44
551 40 46
551 41 39
551 42 42
551 43 20
551 44 21
551 45 36
551 46 37
551 47 45
551 48 46
551 49 45
551 50 47
551 51 47
551 52 45
551 53 46
551 54 38
551 55 29
551 56 44
551 57 49
551 58 49
551 59 47
551 60 46
551 61 48
551 62 48
551 63 47
551 64 44
551 65 48
551 66 44
551 67 49
551 68 49
551 69 49
551 70 48
551 71 48
551 72 50
551 73 50
551 74 47
551 75 44
551 76 43
551 77 50
551 78 48
551 79 45
551 80 43
551 81 49
551 82 48
551 83 49
551 84 48
551 85 48
551 86 45
551 87 43
551 88 47
551 89 52
551 90 47
551 91 47
551 92 44
551 93 47
551 94 44
551 95 49
551 96 46
551 97 46
551 98 46
551 99 42
551 100 49
551 101 49
551 102 47
551 103 46
551 104 48
551 105 49
551 106 48
551 107 45
551 108 45
551 109 47
551 110 44
551 111 48
551 112 41
551 113 48
551 114 46
551 115 44
551 116 46
551 117 47
551 118 43
551 119 47
551 120 43
551 121 46
576 1 48
576 2 43
576 3 49
576 4 50
576 5 52
576 6 48
576 7 44
576 8 46
576 9 40
576 10 21
576 11 29
576 12 43
576 13 47
576 14 47
576 15 46
576 16 47
576 17 46
576 18 49
576 19 42
576 20 28
576 21 17
576 22 14
576 23 40
576 24 46
576 25 45
576 26 47
576 27 43
576 28 42
576 29 44
576 30 43
576 31 20
576 32 13
576 33 29
576 34 42
576 35 44
576 36 46
576 37 43
576 38 46
576 39 45
576 40 48
576 41 46
576 42 49
576 43 22
576 44 17
576 45 38
576 46 46
576 47 47
576 48 48
576 49 47
576 50 45
576 51 46
576 52 44
576 53 46
576 54 28
576 55 20
576 56 46
576 57 45
576 58 46
576 59 46
576 60 48
576 61 49
576 62 48
576 63 42
576 64 47
576 65 46
576 66 49
576 67 46
576 68 49
576 69 42
576 70 44
576 71 48
576 72 50
576 73 48
576 74 46
576 75 46
576 76 45
576 77 43
576 78 49
576 79 49
576 80 45
576 81 45
576 82 50
576 83 50
576 84 47
576 85 50
576 86 42
576 87 44
576 88 42
576 89 50
576 90 49
576 91 48
576 92 51
576 93 46
576 94 45
576 95 46
576 96 46
576 97 41
576 98 43
576 99 43
576 100 46
576 101 44
576 102 44
576 103 50
576 104 51
576 105 49
576 106 46
576 107 46
576 108 50
576 109 47
576 110 47
576 111 44
576 112 48
576 113 49
576 114 44
576 115 49
576 116 45
576 117 48
576 118 43
576 119 45
576 120 44
576 121 42
601 1 46
601 2 47
601 3 49
601 4 47
601 5 49
601 6 44
601 7 44
601 8 45
601 9 40
601 10 18
601 11 30
601 12 41
601 13 43
601 14 50
601 15 45
601 16 53
601 17 50
601 18 46
601 19 46
601 20 23
601 21 12
601 22 20
601 23 46
601 24 47
601 25 47
601 26 40
601 27 47
601 28 47
601 29 48
601 30 46
601 31 33
601 32 12
601 33 21
601 34 47
601 35 44
601 36 46
601 37 42
601 38 46
601 39 44
601 40 47
601 41 45
601 42 44
601 43 17
601 44 20
601 45 43
601 46 48
601 47 46
601 48 49
601 49 46
601 50 49
601 51 48
601 52 51
601 53 45
601 54 28
601 55 25
601 56 46
601 57 46
601 58 48
601 59 50
601 60 47
601 61 47
601 62 46
601 63 44
601 64 48
601 65 44
601 66 39
601 67 45
601 68 46
601 69 51
601 70 45
601 71 45
601 72 49
601 73 50
601 74 43
601 75 47
601 76 44
601 77 47
601 78 46
601 79 47
601 80 42
601 81 47
601 82 47
601 83 45
601 84 50
601 85 47
601 86 50
601 87 45
601 88 43
601 89 50
601 90 46
601 91 46
601 92 47
601 93 51
601 94 48
601 95 48
601 96 46
601 97 47
601 98 44
601 99 45
601 100 45
601 101 49
601 102 45
601 103 45
601 104 48
601 105 44
601 106 48
601 107 50
601 108 47
601 109 44
601 110 42
601 111 45
601 112 46
601 113 48
601 114 47
601 115 49
601 116 49
601 117 50
601 118 45
601 119 42
601 120 44
601 121 37
626 1 45
626 2 50
626 3 51
626 4 48
626 5 49
626 6 48
626 7 51
626 8 42
626 9 18
626 10 13
626 11 24
626 12 40
626 13 45
626 14 44
626 15 49
626 16 47
626 17 44
626 18 50
626 19 48
626 20 17
626 21 10
626 22 19
626 23 47
626 24 45
626 25 45
626 26 41
626 27 44
626 28 50
626 29 47
626 30 43
626 31 24
626 32 19
626 33 17
626 34 43
626 35 42
626 36 43
626 37 37
626 38 48
626 39 48
626 40 48
626 41 45
626 42 44
626 43 22
626 44 17
626 45 32
626 46 42
626 47 46
626 48 48
626 49 46
626 50 47
626 51 46
626 52 49
626 53 46
626 54 29
626 55 24
626 56 46
626 57 48
626 58 47
626 59 48
626 60 50
626 61 48
626 62 48
626 63 51
626 64 47
626 65 47
626 66 44
626 67 48
626 68 46
626 69 46
626 70 55
626 71 49
626 72 49
626 73 45
626 74 48
626 75 52
626 76 50
626 77 47
626 78 48
626 79 49
626 80 46
626 81 44
626 82 49
626 83 40
626 84 44
626 85 45
626 86 45
626 87 50
626 88 44
626 89 49
626 90 49
626 91 45
626 92 48
626 93 46
626 94 48
626 95 44
626 96 47
626 97 49
626 98 46
626 99 42
626 100 48
626 101 46
626 102 46
626 103 40
626 104 45
626 105 49
626 106 44
626 107 46
626 108 48
626 109 50
626 110 46
626 111 47
626 112 43
626 113 42
626 114 44
626 115 47
626 116 47
626 117 45
626 118 40
626 119 46
626 120 39
626 121 46
651 1 43
651 2 47
651 3 47
651 4 48
651 5 49
651 6 46
651 7 47
651 8 44
651 9 29
651 10 21
651 11 36
651 12 49
651 13 48
651 14 44
651 15 45
651 16 48
651 17 47
651 18 44
651 19 46
651 20 22
651 21 11
651 22 28
651 23 44
651 24 47
651 25 47
651 26 45
651 27 48
651 28 49
651 29 51
651 30 46
651 31 26
651 32 16
651 33 22
651 34 42
651 35 44
651 36 44
651 37 46
651 38 47
651 39 47
651 40 48
651 41 46
651 42 45
651 43 19
651 44 22
651 45 42
651 46 42
651 47 48
651 48 50
651 49 51
651 50 43
651 51 49
651 52 48
651 53 45
651 54 33
651 55 26
651 56 43
651 57 44
651 58 48
651 59 50
651 60 48
651 61 47
651 62 46
651 63 47
651 64 47
651 65 49
651 66 46
651 67 45
651 68 44
651 69 47
651 70 46
651 71 47
651 72 48
651 73 49
651 74 49
651 75 47
651 76 45
651 77 44
651 78 45
651 79 45
651 80 42
651 81 49
651 82 45
651 83 48
651 84 46
651 85 49
651 86 48
651 87 48
651 88 44
651 89 47
651 90 48
651 91 46
651 92 48
651 93 48
651 94 53
651 95 48
651 96 49
651 97 49
651 98 46
651 99 43
651 100 49
651 101 47
651 102 44
651 103 47
651 104 47
651 105 48
651 106 47
651 107 45
651 108 50
651 109 48
651 110 45
651 111 48
651 112 47
651 113 47
651 114 46
651 115 45
651 116 49
651 117 46
651 118 44
651 119 42
651 120 44
651 121 41
676 1 45
676 2 48
676 3 50
676 4 49
676 5 50
676 6 47
676 7 48
676 8 43
676 9 41
676 10 25
676 11 33
676 12 45
676 13 47
676 14 48
676 15 49
676 16 44
676 17 47
676 18 46
676 19 48
676 20 30
676 21 9
676 22 22
676 23 46
676 24 49
676 25 43
676 26 44
676 27 51
676 28 49
676 29 49
676 30 44
676 31 39
676 32 10
676 33 20
676 34 42
676 35 47
676 36 46
