1 4236
26 881
51 787
76 795
101 731
126 725
151 727
176 725
201 732
226 736
251 753
276 745
301 697
326 703
351 690
376 704
401 712
426 704
451 736
476 687
501 713
526 742
551 712
576 686
601 692
626 735
651 737
676 703
701 719
726 718
751 690
776 691
801 700
826 716
851 696
876 694
901 684
926 693
951 731
976 680
1001 707
1026 714
1051 672
1076 673
1101 687
1126 693
1151 704
1176 698
1201 690
1226 694
1251 674
1276 706
1301 701
1326 668
1351 687
1376 716
1401 658
1426 659
1451 682
1476 673
1501 660
1526 673
1551 672
1576 666
1601 660
1626 670
1651 679
1676 659
1701 674
1726 663
1751 656
1776 696
1801 654
1826 665
1851 661
1876 655
1901 658
1926 625
1951 646
1976 660
