1 4862
26 897
51 1840
76 2441
101 2522
126 2587
151 2554
176 2585
201 2500
226 2466
251 2525
276 2492
301 2474
326 2609
351 2532
376 2497
401 2480
426 2557
451 2576
476 2514
501 2540
526 2532
551 2534
576 2517
601 2523
626 2494
651 2558
676 2537
701 2448
726 2499
751 2425
776 2473
801 2494
826 2464
851 2513
876 2570
901 2619
926 2515
951 2570
976 2491
1001 2515
1026 2517
1051 2461
1076 2443
1101 2482
1126 2463
1151 2477
1176 2495
1201 2518
1226 2569
1251 2541
1276 2507
1301 2518
1326 2520
1351 2577
1376 2503
1401 2540
1426 2557
1451 2464
1476 2522
1501 2551
1526 2451
1551 2482
1576 2479
1601 2464
1626 2508
1651 2527
1676 2516
1701 2446
1726 2567
1751 2506
1776 2444
1801 2552
1826 2519
1851 2515
1876 2512
1901 2553
1926 2629
1951 2497
1976 2499
