1 5058
26 4955
51 4986
76 5100
101 4981
126 5086
151 5066
176 5050
201 5060
226 5062
251 5053
276 5069
301 5120
326 5080
351 5098
376 5072
401 5065
426 5130
451 5065
476 5103
501 5077
526 5053
551 5087
576 5059
601 4993
626 5025
651 5157
676 5145
701 5074
726 5043
751 5048
776 5035
801 5017
826 5034
851 4974
876 4992
901 5051
926 5062
951 5054
976 5023
1001 5171
1026 5075
1051 5074
1076 5057
1101 5110
1126 5005
1151 5002
1176 5038
1201 5072
1226 5028
1251 5091
1276 5025
1301 5063
1326 5024
1351 5052
1376 5084
1401 5054
1426 5112
1451 5086
1476 5013
1501 5102
1526 5015
1551 4965
1576 5011
1601 4996
1626 5079
1651 5108
1676 5019
1701 5077
1726 5142
1751 5080
1776 5074
1801 5043
1826 5050
1851 5071
1876 5082
1901 5032
1926 5084
1951 5106
1976 5063
