1 24
26 24
51 24
76 24
101 24
126 24
151 24
176 24
201 24
226 24
251 24
276 24
301 24
326 24
351 24
376 24
401 24
426 24
451 24
476 24
501 24
526 24
551 24
576 24
601 24
626 24
651 24
676 24
701 24
726 24
751 23
776 23
801 23
826 23
851 23
876 23
901 23
926 23
951 23
976 23
1001 23
1026 23
1051 23
1076 23
1101 23
1126 23
1151 23
1176 23
1201 23
1226 23
1251 23
1276 23
1301 23
1326 23
1351 23
1376 23
1401 23
1426 23
1451 23
1476 23
1501 23
1526 23
1551 23
1576 23
1601 23
1626 23
1651 23
1676 23
1701 22
1726 22
1751 22
1776 22
1801 22
1826 22
1851 22
1876 22
1901 22
1926 22
1951 22
1976 22
