1 5102
26 3439
51 3336
76 3478
101 3442
126 3465
151 3612
176 3641
201 3703
226 3785
251 3745
276 3729
301 3705
326 3746
351 3766
376 3781
401 3745
426 3701
451 3716
476 3707
501 3750
526 3796
551 3696
576 3750
601 3685
626 3730
651 3673
676 3731
701 3721
726 3717
751 3691
776 3758
801 3772
826 3733
851 3799
876 3739
901 3758
926 3674
951 3740
976 3747
1001 3683
1026 3762
1051 3748
1076 3760
1101 3787
1126 3676
1151 3738
1176 3735
1201 3805
1226 3710
1251 3727
1276 3724
1301 3735
1326 3716
1351 3795
1376 3673
1401 3720
1426 3732
1451 3785
1476 3764
1501 3734
1526 3754
1551 3765
1576 3700
1601 3724
1626 3717
1651 3728
1676 3701
1701 3675
1726 3709
1751 3777
1776 3735
1801 3767
1826 3726
1851 3789
1876 3686
1901 3769
1926 3716
1951 3732
1976 3767
