1 1 42
1 2 42
1 3 41
1 4 38
1 5 35
1 6 43
1 7 47
1 8 44
1 9 37
1 10 36
1 11 36
1 12 42
1 13 41
1 14 35
1 15 32
1 16 40
1 17 45
1 18 45
1 19 43
1 20 34
1 21 34
1 22 35
1 23 37
1 24 36
1 25 35
1 26 36
1 27 35
1 28 42
1 29 48
1 30 40
1 31 32
1 32 36
1 33 35
1 34 34
1 35 36
1 36 39
1 37 38
1 38 36
1 39 38
1 40 39
1 41 32
1 42 37
1 43 35
1 44 35
1 45 36
1 46 32
1 47 41
1 48 38
1 49 43
1 50 36
1 51 38
1 52 39
1 53 34
1 54 37
1 55 34
1 56 37
1 57 35
1 58 39
1 59 41
1 60 41
1 61 36
1 62 40
1 63 31
1 64 36
1 65 37
1 66 32
1 67 36
1 68 39
1 69 41
1 70 43
1 71 42
1 72 34
1 73 35
1 74 31
1 75 34
1 76 29
1 77 35
1 78 35
1 79 34
1 80 36
1 81 39
1 82 34
1 83 32
1 84 35
1 85 38
1 86 37
1 87 37
1 88 39
1 89 36
1 90 36
1 91 41
1 92 32
1 93 32
1 94 36
1 95 35
1 96 34
1 97 34
1 98 38
1 99 39
1 100 37
1 101 38
1 102 36
1 103 37
1 104 35
1 105 32
1 106 35
1 107 40
1 108 38
1 109 40
1 110 39
1 111 38
1 112 40
1 113 36
1 114 35
1 115 33
1 116 37
1 117 34
1 118 34
1 119 35
1 120 43
1 121 44
26 1 39
26 2 42
26 3 15
26 4 13
26 5 8
26 6 41
26 7 40
26 8 37
26 9 11
26 10 20
26 11 19
26 12 42
26 13 37
26 14 13
26 15 9
26 16 11
26 17 40
26 18 43
26 19 40
26 20 8
26 21 10
26 22 8
26 23 12
26 24 9
26 25 10
26 26 10
26 27 14
26 28 41
26 29 41
26 30 37
26 31 14
26 32 9
26 33 8
26 34 0
26 35 10
26 36 8
26 37 15
26 38 5
26 39 8
26 40 10
26 41 15
26 42 12
26 43 10
26 44 8
26 45 9
26 46 14
26 47 41
26 48 38
26 49 41
26 50 16
26 51 4
26 52 6
26 53 9
26 54 10
26 55 11
26 56 7
26 57 13
26 58 40
26 59 40
26 60 43
26 61 9
26 62 7
26 63 0
26 64 13
26 65 6
26 66 11
26 67 4
26 68 15
26 69 45
26 70 41
26 71 48
26 72 12
26 73 7
26 74 9
26 75 3
26 76 6
26 77 10
26 78 11
26 79 8
26 80 12
26 81 19
26 82 10
26 83 8
26 84 9
26 85 4
26 86 12
26 87 12
26 88 8
26 89 6
26 90 8
26 91 7
26 92 7
26 93 8
26 94 0
26 95 12
26 96 10
26 97 19
26 98 8
26 99 9
26 100 14
26 101 9
26 102 9
26 103 9
26 104 18
26 105 6
26 106 8
26 107 5
26 108 9
26 109 38
26 110 37
26 111 11
26 112 8
26 113 11
26 114 8
26 115 10
26 116 14
26 117 13
26 118 10
26 119 10
26 120 39
26 121 41
51 1 40
51 2 39
51 3 13
51 4 13
51 5 14
51 6 41
51 7 41
51 8 39
51 9 11
51 10 18
51 11 17
51 12 40
51 13 42
51 14 9
51 15 10
51 16 15
51 17 44
51 18 40
51 19 39
51 20 12
51 21 10
51 22 16
51 23 15
51 24 16
51 25 18
51 26 13
51 27 17
51 28 42
51 29 41
51 30 40
51 31 12
51 32 0
51 33 8
51 34 0
51 35 7
51 36 10
51 37 14
51 38 12
51 39 8
51 40 17
51 41 13
51 42 8
51 43 0
51 44 0
51 45 0
51 46 8
51 47 42
51 48 40
51 49 40
51 50 11
51 51 12
51 52 10
51 53 10
51 54 9
51 55 7
51 56 8
51 57 9
51 58 38
51 59 37
51 60 39
51 61 7
51 62 14
51 63 11
51 64 12
51 65 9
51 66 13
51 67 10
51 68 9
51 69 37
51 70 39
51 71 41
51 72 9
51 73 10
51 74 20
51 75 10
51 76 11
51 77 8
51 78 10
51 79 12
51 80 13
51 81 11
51 82 9
51 83 0
51 84 10
51 85 18
51 86 13
51 87 13
51 88 10
51 89 11
51 90 11
51 91 13
51 92 7
51 93 10
51 94 10
51 95 13
51 96 18
51 97 17
51 98 9
51 99 12
51 100 18
51 101 10
51 102 15
51 103 5
51 104 10
51 105 8
51 106 10
51 107 12
51 108 19
51 109 37
51 110 39
51 111 18
51 112 11
51 113 11
51 114 0
51 115 9
51 116 18
51 117 10
51 118 8
51 119 12
51 120 41
51 121 38
76 1 39
76 2 40
76 3 7
76 4 9
76 5 10
76 6 41
76 7 38
76 8 38
76 9 13
76 10 15
76 11 15
76 12 42
76 13 43
76 14 9
76 15 9
76 16 16
76 17 44
76 18 40
76 19 42
76 20 10
76 21 8
76 22 13
76 23 13
76 24 11
76 25 13
76 26 8
76 27 13
76 28 40
76 29 38
76 30 40
76 31 11
76 32 0
76 33 9
76 34 14
76 35 9
76 36 9
76 37 12
76 38 12
76 39 10
76 40 9
76 41 11
76 42 7
76 43 10
76 44 0
76 45 10
76 46 14
76 47 43
76 48 41
76 49 41
76 50 18
76 51 14
76 52 4
76 53 10
76 54 0
76 55 0
76 56 11
76 57 19
76 58 43
76 59 42
76 60 40
76 61 8
76 62 11
76 63 9
76 64 20
76 65 0
76 66 10
76 67 13
76 68 12
76 69 40
76 70 43
76 71 40
76 72 11
76 73 16
76 74 15
76 75 11
76 76 10
76 77 0
76 78 8
76 79 13
76 80 14
76 81 11
76 82 12
76 83 12
76 84 12
76 85 17
76 86 18
76 87 20
76 88 9
76 89 10
76 90 12
76 91 10
76 92 7
76 93 8
76 94 9
76 95 8
76 96 9
76 97 11
76 98 13
76 99 14
76 100 11
76 101 7
76 102 15
76 103 11
76 104 9
76 105 8
76 106 11
76 107 12
76 108 20
76 109 42
76 110 42
76 111 14
76 112 11
76 113 10
76 114 7
76 115 6
76 116 12
76 117 9
76 118 17
76 119 14
76 120 40
76 121 44
101 1 36
101 2 36
101 3 15
101 4 3
101 5 8
101 6 41
101 7 39
101 8 38
101 9 15
101 10 12
101 11 22
101 12 43
101 13 40
101 14 7
101 15 3
101 16 12
101 17 42
101 18 41
101 19 41
101 20 10
101 21 12
101 22 11
101 23 13
101 24 13
101 25 10
101 26 10
101 27 10
101 28 38
101 29 40
101 30 39
101 31 9
101 32 8
101 33 6
101 34 10
101 35 10
101 36 15
101 37 12
101 38 9
101 39 14
101 40 10
101 41 16
101 42 10
101 43 10
101 44 7
101 45 10
101 46 18
101 47 42
101 48 42
101 49 41
101 50 17
101 51 14
101 52 19
101 53 8
101 54 8
101 55 10
101 56 9
101 57 11
101 58 41
101 59 44
101 60 45
101 61 15
101 62 13
101 63 13
101 64 20
101 65 11
101 66 16
101 67 10
101 68 15
101 69 42
101 70 43
101 71 38
101 72 12
101 73 15
101 74 17
101 75 16
101 76 10
101 77 10
101 78 0
101 79 12
101 80 13
101 81 11
101 82 10
101 83 13
101 84 12
101 85 10
101 86 10
101 87 12
101 88 0
101 89 5
101 90 0
101 91 11
101 92 7
101 93 13
101 94 18
101 95 11
101 96 9
101 97 14
101 98 23
101 99 10
101 100 12
101 101 0
101 102 7
101 103 7
101 104 0
101 105 0
101 106 0
101 107 11
101 108 19
101 109 39
101 110 39
101 111 14
101 112 7
101 113 7
101 114 9
101 115 13
101 116 12
101 117 14
101 118 22
101 119 15
101 120 41
101 121 43
126 1 39
126 2 40
126 3 11
126 4 10
126 5 6
126 6 40
126 7 44
126 8 44
126 9 20
126 10 15
126 11 14
126 12 42
126 13 38
126 14 0
126 15 8
126 16 9
126 17 40
126 18 41
126 19 42
126 20 12
126 21 6
126 22 8
126 23 9
126 24 10
126 25 3
126 26 9
126 27 11
126 28 40
126 29 40
126 30 39
126 31 14
126 32 7
126 33 6
126 34 11
126 35 10
126 36 17
126 37 16
126 38 10
126 39 9
126 40 19
126 41 11
126 42 7
126 43 0
126 44 7
126 45 8
126 46 17
126 47 43
126 48 42
126 49 40
126 50 14
126 51 11
126 52 8
126 53 11
126 54 4
126 55 10
126 56 9
126 57 13
126 58 40
126 59 43
126 60 39
126 61 10
126 62 20
126 63 9
126 64 10
126 65 13
126 66 6
126 67 4
126 68 10
126 69 40
126 70 40
126 71 37
126 72 15
126 73 17
126 74 15
126 75 15
126 76 14
126 77 11
126 78 8
126 79 6
126 80 7
126 81 11
126 82 12
126 83 19
126 84 23
126 85 20
126 86 14
126 87 14
126 88 12
126 89 11
126 90 0
126 91 5
126 92 9
126 93 18
126 94 11
126 95 10
126 96 10
126 97 11
126 98 11
126 99 11
126 100 10
126 101 9
126 102 9
126 103 13
126 104 7
126 105 12
126 106 10
126 107 20
126 108 11
126 109 40
126 110 39
126 111 15
126 112 8
126 113 0
126 114 11
126 115 0
126 116 6
126 117 14
126 118 14
126 119 16
126 120 42
126 121 42
151 1 40
151 2 39
151 3 21
151 4 7
151 5 9
151 6 41
151 7 43
151 8 40
151 9 18
151 10 17
151 11 12
151 12 40
151 13 39
151 14 12
151 15 8
151 16 10
151 17 40
151 18 43
151 19 42
151 20 18
151 21 0
151 22 14
151 23 13
151 24 10
151 25 10
151 26 8
151 27 9
151 28 38
151 29 40
151 30 41
151 31 9
151 32 5
151 33 0
151 34 12
151 35 8
151 36 9
151 37 11
151 38 11
151 39 8
151 40 13
151 41 19
151 42 7
151 43 0
151 44 0
151 45 3
151 46 14
151 47 35
151 48 42
151 49 39
151 50 16
151 51 12
151 52 17
151 53 21
151 54 13
151 55 12
151 56 10
151 57 11
151 58 37
151 59 38
151 60 41
151 61 15
151 62 19
151 63 7
151 64 10
151 65 17
151 66 0
151 67 11
151 68 13
151 69 39
151 70 38
151 71 38
151 72 13
151 73 21
151 74 14
151 75 22
151 76 13
151 77 9
151 78 0
151 79 4
151 80 11
151 81 11
151 82 10
151 83 14
151 84 13
151 85 13
151 86 20
151 87 9
151 88 18
151 89 15
151 90 5
151 91 4
151 92 10
151 93 13
151 94 12
151 95 21
151 96 20
151 97 12
151 98 19
151 99 11
151 100 12
151 101 9
151 102 8
151 103 8
151 104 9
151 105 8
151 106 15
151 107 19
151 108 14
151 109 40
151 110 39
151 111 9
151 112 12
151 113 8
151 114 9
151 115 4
151 116 13
151 117 20
151 118 14
151 119 11
151 120 40
151 121 40
176 1 42
176 2 40
176 3 16
176 4 9
176 5 16
176 6 38
176 7 40
176 8 42
176 9 13
176 10 8
176 11 14
176 12 42
176 13 40
176 14 10
176 15 9
176 16 10
176 17 40
176 18 42
176 19 39
176 20 15
176 21 11
176 22 18
176 23 8
176 24 10
176 25 12
176 26 10
176 27 14
176 28 40
176 29 42
176 30 42
176 31 13
176 32 10
176 33 9
176 34 0
176 35 11
176 36 14
176 37 14
176 38 12
176 39 15
176 40 15
176 41 13
176 42 19
176 43 8
176 44 11
176 45 9
176 46 18
176 47 41
176 48 43
176 49 43
176 50 13
176 51 13
176 52 14
176 53 9
176 54 21
176 55 12
176 56 6
176 57 10
176 58 41
176 59 41
176 60 42
176 61 8
176 62 14
176 63 18
176 64 10
176 65 20
176 66 8
176 67 10
176 68 13
176 69 38
176 70 40
176 71 40
176 72 10
176 73 11
176 74 10
176 75 17
176 76 10
176 77 9
176 78 8
176 79 13
176 80 9
176 81 11
176 82 18
176 83 9
176 84 19
176 85 18
176 86 15
176 87 19
176 88 11
176 89 10
176 90 6
176 91 8
176 92 19
176 93 5
176 94 15
176 95 16
176 96 15
176 97 16
176 98 20
176 99 9
176 100 9
176 101 5
176 102 12
176 103 11
176 104 6
176 105 9
176 106 20
176 107 10
176 108 18
176 109 43
176 110 41
176 111 9
176 112 10
176 113 8
176 114 10
176 115 10
176 116 10
176 117 17
176 118 10
176 119 12
176 120 39
176 121 40
201 1 40
201 2 42
201 3 0
201 4 6
201 5 7
201 6 38
201 7 42
201 8 43
201 9 14
201 10 6
201 11 13
201 12 40
201 13 42
201 14 10
201 15 12
201 16 5
201 17 39
201 18 43
201 19 40
201 20 14
201 21 10
201 22 14
201 23 10
201 24 12
201 25 10
201 26 13
201 27 6
201 28 39
201 29 40
201 30 38
201 31 10
201 32 11
201 33 12
201 34 2
201 35 12
201 36 15
201 37 10
201 38 12
201 39 6
201 40 11
201 41 14
201 42 9
201 43 11
201 44 10
201 45 9
201 46 8
201 47 43
201 48 45
201 49 40
201 50 11
201 51 6
201 52 14
201 53 10
201 54 14
201 55 7
201 56 7
201 57 10
201 58 41
201 59 43
201 60 43
201 61 14
201 62 20
201 63 20
201 64 10
201 65 18
201 66 10
201 67 7
201 68 14
201 69 44
201 70 39
201 71 40
201 72 10
201 73 20
201 74 21
201 75 12
201 76 19
201 77 10
201 78 10
201 79 11
201 80 13
201 81 15
201 82 13
201 83 13
201 84 11
201 85 19
201 86 13
201 87 11
201 88 8
201 89 14
201 90 12
201 91 0
201 92 17
201 93 17
201 94 15
201 95 14
201 96 20
201 97 22
201 98 10
201 99 10
201 100 5
201 101 12
201 102 6
201 103 11
201 104 14
201 105 18
201 106 18
201 107 11
201 108 12
201 109 39
201 110 43
201 111 16
201 112 6
201 113 13
201 114 10
201 115 16
201 116 9
201 117 13
201 118 2
201 119 11
201 120 37
201 121 39
226 1 42
226 2 41
226 3 13
226 4 11
226 5 11
226 6 46
226 7 42
226 8 39
226 9 10
226 10 13
226 11 14
226 12 40
226 13 39
226 14 14
226 15 9
226 16 10
226 17 41
226 18 41
226 19 45
226 20 11
226 21 14
226 22 11
226 23 20
226 24 13
226 25 9
226 26 10
226 27 16
226 28 39
226 29 39
226 30 41
226 31 18
226 32 9
226 33 5
226 34 6
226 35 7
226 36 10
226 37 14
226 38 11
226 39 9
226 40 8
226 41 11
226 42 18
226 43 12
226 44 0
226 45 0
226 46 13
226 47 37
226 48 40
226 49 38
226 50 13
226 51 9
226 52 15
226 53 18
226 54 10
226 55 14
226 56 9
226 57 10
226 58 38
226 59 44
226 60 45
226 61 9
226 62 17
226 63 21
226 64 9
226 65 10
226 66 3
226 67 7
226 68 11
226 69 38
226 70 38
226 71 40
226 72 10
226 73 14
226 74 13
226 75 20
226 76 15
226 77 12
226 78 15
226 79 7
226 80 10
226 81 14
226 82 15
226 83 11
226 84 17
226 85 17
226 86 17
226 87 21
226 88 12
226 89 10
226 90 15
226 91 9
226 92 14
226 93 11
226 94 20
226 95 20
226 96 20
226 97 19
226 98 24
226 99 15
226 100 20
226 101 9
226 102 14
226 103 15
226 104 18
226 105 12
226 106 19
226 107 16
226 108 11
226 109 42
226 110 40
226 111 10
226 112 11
226 113 7
226 114 8
226 115 9
226 116 12
226 117 20
226 118 9
226 119 12
226 120 40
226 121 39
251 1 38
251 2 39
251 3 12
251 4 13
251 5 10
251 6 41
251 7 41
251 8 42
251 9 12
251 10 11
251 11 10
251 12 40
251 13 39
251 14 9
251 15 9
251 16 13
251 17 41
251 18 41
251 19 42
251 20 11
251 21 8
251 22 12
251 23 10
251 24 11
251 25 13
251 26 9
251 27 10
251 28 39
251 29 43
251 30 44
251 31 11
251 32 8
251 33 10
251 34 11
251 35 9
251 36 15
251 37 17
251 38 10
251 39 9
251 40 12
251 41 18
251 42 9
251 43 9
251 44 0
251 45 9
251 46 10
251 47 39
251 48 41
251 49 43
251 50 16
251 51 17
251 52 12
251 53 19
251 54 15
251 55 12
251 56 10
251 57 16
251 58 40
251 59 39
251 60 38
251 61 10
251 62 10
251 63 20
251 64 18
251 65 16
251 66 11
251 67 12
251 68 11
251 69 40
251 70 41
251 71 41
251 72 13
251 73 21
251 74 22
251 75 19
251 76 14
251 77 21
251 78 15
251 79 15
251 80 10
251 81 10
251 82 7
251 83 11
251 84 15
251 85 17
251 86 23
251 87 18
251 88 15
251 89 17
251 90 13
251 91 2
251 92 9
251 93 11
251 94 16
251 95 9
251 96 19
251 97 20
251 98 20
251 99 18
251 100 20
251 101 14
251 102 19
251 103 11
251 104 21
251 105 11
251 106 15
251 107 17
251 108 19
251 109 40
251 110 36
251 111 14
251 112 12
251 113 11
251 114 9
251 115 14
251 116 20
251 117 20
251 118 21
251 119 15
251 120 41
251 121 41
276 1 40
276 2 40
276 3 12
276 4 9
276 5 8
276 6 44
276 7 42
276 8 41
276 9 7
276 10 10
276 11 15
276 12 38
276 13 40
276 14 10
276 15 8
276 16 11
276 17 41
276 18 43
276 19 42
276 20 11
276 21 5
276 22 9
276 23 10
276 24 12
276 25 12
276 26 10
276 27 12
276 28 39
276 29 39
276 30 43
276 31 15
276 32 11
276 33 0
276 34 9
276 35 10
276 36 7
276 37 13
276 38 19
276 39 13
276 40 12
276 41 10
276 42 11
276 43 19
276 44 0
276 45 5
276 46 12
276 47 41
276 48 42
276 49 41
276 50 17
276 51 11
276 52 9
276 53 22
276 54 17
276 55 8
276 56 17
276 57 6
276 58 38
276 59 42
276 60 39
276 61 18
276 62 13
276 63 20
276 64 21
276 65 19
276 66 8
276 67 14
276 68 10
276 69 41
276 70 44
276 71 39
276 72 13
276 73 22
276 74 14
276 75 13
276 76 20
276 77 16
276 78 20
276 79 9
276 80 14
276 81 12
276 82 8
276 83 15
276 84 19
276 85 21
276 86 15
276 87 18
276 88 11
276 89 18
276 90 8
276 91 7
276 92 12
276 93 9
276 94 23
276 95 17
276 96 12
276 97 12
276 98 20
276 99 20
276 100 15
276 101 11
276 102 11
276 103 10
276 104 15
276 105 14
276 106 12
276 107 15
276 108 16
276 109 43
276 110 40
276 111 14
276 112 11
276 113 6
276 114 11
276 115 12
276 116 19
276 117 18
276 118 19
276 119 10
276 120 40
276 121 41
301 1 34
301 2 40
301 3 12
301 4 14
301 5 17
301 6 37
301 7 37
301 8 40
301 9 13
301 10 8
301 11 15
301 12 40
301 13 41
301 14 10
301 15 8
301 16 17
301 17 41
301 18 41
301 19 40
301 20 8
301 21 6
301 22 10
301 23 10
301 24 17
301 25 12
301 26 14
301 27 10
301 28 41
301 29 40
301 30 42
301 31 15
301 32 11
301 33 13
301 34 0
301 35 5
301 36 10
301 37 18
301 38 6
301 39 10
301 40 8
301 41 15
301 42 18
301 43 15
301 44 6
301 45 9
301 46 10
301 47 39
301 48 40
301 49 41
301 50 10
301 51 10
301 52 10
301 53 20
301 54 17
301 55 9
301 56 0
301 57 18
301 58 43
301 59 41
301 60 43
301 61 12
301 62 12
301 63 11
301 64 23
301 65 13
301 66 19
301 67 14
301 68 9
301 69 39
301 70 36
301 71 43
301 72 15
301 73 14
301 74 13
301 75 20
301 76 20
301 77 15
301 78 18
301 79 10
301 80 17
301 81 10
301 82 16
301 83 5
301 84 11
301 85 20
301 86 15
301 87 20
301 88 19
301 89 21
301 90 10
301 91 12
301 92 8
301 93 0
301 94 9
301 95 16
301 96 12
301 97 19
301 98 17
301 99 23
301 100 7
301 101 15
301 102 8
301 103 11
301 104 11
301 105 8
301 106 15
301 107 21
301 108 12
301 109 41
301 110 38
301 111 23
301 112 9
301 113 7
301 114 12
301 115 14
301 116 11
301 117 14
301 118 19
301 119 15
301 120 42
301 121 40
326 1 39
326 2 40
326 3 10
326 4 12
326 5 17
326 6 41
326 7 42
326 8 40
326 9 13
326 10 9
326 11 15
326 12 39
326 13 40
326 14 11
326 15 7
326 16 6
326 17 37
326 18 37
326 19 41
326 20 10
326 21 18
326 22 9
326 23 13
326 24 8
326 25 5
326 26 12
326 27 9
326 28 42
326 29 43
326 30 41
326 31 17
326 32 12
326 33 14
326 34 13
326 35 11
326 36 9
326 37 15
326 38 19
326 39 6
326 40 11
326 41 12
326 42 10
326 43 13
326 44 13
326 45 11
326 46 15
326 47 41
326 48 42
326 49 38
326 50 11
326 51 15
326 52 8
326 53 18
326 54 12
326 55 15
326 56 0
326 57 14
326 58 40
326 59 36
326 60 41
326 61 10
326 62 10
326 63 12
326 64 12
326 65 18
326 66 10
326 67 11
326 68 11
326 69 42
326 70 43
326 71 39
326 72 9
326 73 12
326 74 20
326 75 10
326 76 21
326 77 10
326 78 12
326 79 8
326 80 11
326 81 10
326 82 10
326 83 11
326 84 13
326 85 16
326 86 19
326 87 13
326 88 14
326 89 10
326 90 0
326 91 9
326 92 10
326 93 9
326 94 13
326 95 19
326 96 13
326 97 16
326 98 11
326 99 16
326 100 16
326 101 5
326 102 7
326 103 10
326 104 20
326 105 12
326 106 16
326 107 13
326 108 16
326 109 40
326 110 39
326 111 8
326 112 8
326 113 6
326 114 11
326 115 11
326 116 24
326 117 17
326 118 21
326 119 20
326 120 39
326 121 41
351 1 40
351 2 40
351 3 7
351 4 13
351 5 18
351 6 41
351 7 42
351 8 40
351 9 14
351 10 13
351 11 16
351 12 43
351 13 37
351 14 9
351 15 16
351 16 12
351 17 41
351 18 40
351 19 39
351 20 13
351 21 11
351 22 10
351 23 9
351 24 6
351 25 9
351 26 10
351 27 9
351 28 39
351 29 40
351 30 39
351 31 8
351 32 18
351 33 13
351 34 18
351 35 2
351 36 11
351 37 10
351 38 11
351 39 10
351 40 11
351 41 7
351 42 16
351 43 19
351 44 19
351 45 19
351 46 14
351 47 42
351 48 40
351 49 41
351 50 10
351 51 9
351 52 19
351 53 15
351 54 12
351 55 12
351 56 14
351 57 10
351 58 39
351 59 42
351 60 43
351 61 8
351 62 9
351 63 15
351 64 19
351 65 10
351 66 19
351 67 16
351 68 7
351 69 40
351 70 40
351 71 41
351 72 15
351 73 14
351 74 12
351 75 19
351 76 24
351 77 15
351 78 10
351 79 10
351 80 10
351 81 15
351 82 15
351 83 10
351 84 11
351 85 16
351 86 20
351 87 20
351 88 14
351 89 21
351 90 11
351 91 9
351 92 10
351 93 8
351 94 13
351 95 14
351 96 19
351 97 14
351 98 15
351 99 11
351 100 9
351 101 11
351 102 8
351 103 12
351 104 18
351 105 13
351 106 21
351 107 15
351 108 11
351 109 35
351 110 40
351 111 7
351 112 10
351 113 10
351 114 17
351 115 14
351 116 19
351 117 18
351 118 14
351 119 18
351 120 38
351 121 41
376 1 39
376 2 38
376 3 9
376 4 14
376 5 13
376 6 42
376 7 43
376 8 43
376 9 10
376 10 9
376 11 16
376 12 39
376 13 41
376 14 10
376 15 13
376 16 9
376 17 41
376 18 40
376 19 40
376 20 17
376 21 10
376 22 10
376 23 11
376 24 9
376 25 10
376 26 10
376 27 13
376 28 35
376 29 40
376 30 38
376 31 18
376 32 16
376 33 0
376 34 9
376 35 8
376 36 11
376 37 9
376 38 20
376 39 10
376 40 10
376 41 10
376 42 17
376 43 14
376 44 11
376 45 14
376 46 16
376 47 40
376 48 41
376 49 41
376 50 10
376 51 0
376 52 10
376 53 9
376 54 13
376 55 19
376 56 16
376 57 16
376 58 40
376 59 40
376 60 42
376 61 11
376 62 11
376 63 21
376 64 16
376 65 15
376 66 17
376 67 11
376 68 10
376 69 39
376 70 43
376 71 39
376 72 10
376 73 18
376 74 19
376 75 16
376 76 16
376 77 21
376 78 10
376 79 7
376 80 12
376 81 9
376 82 9
376 83 14
376 84 15
376 85 13
376 86 13
376 87 13
376 88 18
376 89 18
376 90 15
376 91 12
376 92 11
376 93 10
376 94 10
376 95 19
376 96 20
376 97 17
376 98 23
376 99 10
376 100 12
376 101 9
376 102 9
376 103 10
376 104 0
376 105 13
376 106 20
376 107 17
376 108 21
376 109 39
376 110 38
376 111 16
376 112 11
376 113 6
376 114 11
376 115 5
376 116 14
376 117 20
376 118 13
376 119 13
376 120 39
376 121 36
401 1 41
401 2 39
401 3 14
401 4 9
401 5 13
401 6 43
401 7 39
401 8 43
401 9 12
401 10 14
401 11 13
401 12 39
401 13 33
401 14 9
401 15 3
401 16 9
401 17 40
401 18 42
401 19 36
401 20 5
401 21 0
401 22 12
401 23 9
401 24 11
401 25 9
401 26 13
401 27 8
401 28 43
401 29 38
401 30 38
401 31 10
401 32 12
401 33 15
401 34 14
401 35 10
401 36 8
401 37 10
401 38 8
401 39 12
401 40 13
401 41 13
401 42 11
401 43 19
401 44 13
401 45 10
401 46 15
401 47 41
401 48 43
401 49 43
401 50 10
401 51 4
401 52 20
401 53 16
401 54 19
401 55 13
401 56 11
401 57 9
401 58 39
401 59 44
401 60 42
401 61 11
401 62 9
401 63 20
401 64 12
401 65 15
401 66 16
401 67 10
401 68 17
401 69 40
401 70 45
401 71 41
401 72 10
401 73 21
401 74 13
401 75 21
401 76 19
401 77 19
401 78 10
401 79 8
401 80 11
401 81 19
401 82 12
401 83 10
401 84 18
401 85 20
401 86 12
401 87 10
401 88 18
401 89 18
401 90 15
401 91 11
401 92 11
401 93 14
401 94 12
401 95 16
401 96 21
401 97 11
401 98 4
401 99 21
401 100 10
401 101 13
401 102 21
401 103 20
401 104 11
401 105 0
401 106 3
401 107 20
401 108 19
401 109 39
401 110 38
401 111 15
401 112 7
401 113 19
401 114 10
401 115 10
401 116 10
401 117 15
401 118 11
401 119 15
401 120 42
401 121 40
426 1 38
426 2 39
426 3 10
426 4 10
426 5 10
426 6 41
426 7 40
426 8 38
426 9 14
426 10 13
426 11 14
426 12 41
426 13 39
426 14 10
426 15 10
426 16 15
426 17 41
426 18 41
426 19 39
426 20 10
426 21 0
426 22 11
426 23 12
426 24 12
426 25 10
426 26 9
426 27 8
426 28 40
426 29 40
426 30 38
426 31 7
426 32 9
426 33 15
426 34 0
426 35 8
426 36 18
426 37 9
426 38 9
426 39 8
426 40 15
426 41 16
426 42 18
426 43 20
426 44 15
426 45 13
426 46 12
426 47 42
426 48 42
426 49 43
426 50 14
426 51 6
426 52 14
426 53 11
426 54 14
426 55 19
426 56 10
426 57 11
426 58 44
426 59 42
426 60 42
426 61 10
426 62 10
426 63 10
426 64 19
426 65 21
426 66 17
426 67 12
426 68 11
426 69 40
426 70 41
426 71 39
426 72 14
426 73 11
426 74 20
426 75 14
426 76 19
426 77 9
426 78 11
426 79 10
426 80 13
426 81 12
426 82 9
426 83 11
426 84 16
426 85 18
426 86 16
426 87 12
426 88 11
426 89 17
426 90 17
426 91 9
426 92 14
426 93 12
426 94 18
426 95 17
426 96 13
426 97 16
426 98 10
426 99 17
426 100 12
426 101 17
426 102 9
426 103 17
426 104 16
426 105 9
426 106 14
426 107 11
426 108 17
426 109 41
426 110 40
426 111 11
426 112 18
426 113 13
426 114 12
426 115 1
426 116 10
426 117 12
426 118 17
426 119 15
426 120 40
426 121 40
451 1 41
451 2 39
451 3 17
451 4 12
451 5 11
451 6 39
451 7 38
451 8 36
451 9 11
451 10 12
451 11 15
451 12 40
451 13 37
451 14 10
451 15 7
451 16 10
451 17 40
451 18 40
451 19 39
451 20 12
451 21 10
451 22 9
451 23 7
451 24 12
451 25 8
451 26 9
451 27 15
451 28 41
451 29 42
451 30 40
451 31 10
451 32 24
451 33 14
451 34 21
451 35 10
451 36 12
451 37 14
451 38 9
451 39 17
451 40 15
451 41 13
451 42 0
451 43 16
451 44 11
451 45 15
451 46 8
451 47 40
451 48 40
451 49 39
451 50 11
451 51 0
451 52 13
451 53 13
451 54 13
451 55 13
451 56 10
451 57 9
451 58 40
451 59 41
451 60 40
451 61 10
451 62 12
451 63 13
451 64 15
451 65 11
451 66 19
451 67 12
451 68 12
451 69 40
451 70 41
451 71 39
451 72 13
451 73 20
451 74 23
451 75 18
451 76 13
451 77 14
451 78 14
451 79 18
451 80 10
451 81 8
451 82 12
451 83 9
451 84 11
451 85 19
451 86 20
451 87 14
451 88 13
451 89 11
451 90 14
451 91 10
451 92 11
451 93 17
451 94 16
451 95 20
451 96 15
451 97 12
451 98 11
451 99 14
451 100 10
451 101 11
451 102 11
451 103 17
451 104 12
451 105 9
451 106 20
451 107 3
451 108 16
451 109 38
451 110 42
451 111 11
451 112 10
451 113 21
451 114 15
451 115 11
451 116 11
451 117 7
451 118 10
451 119 14
451 120 41
451 121 41
476 1 42
476 2 37
476 3 12
476 4 11
476 5 17
476 6 36
476 7 40
476 8 37
476 9 12
476 10 13
476 11 15
476 12 39
476 13 39
476 14 15
476 15 10
476 16 10
476 17 40
476 18 42
476 19 40
476 20 11
476 21 14
476 22 12
476 23 12
476 24 9
476 25 6
476 26 6
476 27 11
476 28 40
476 29 40
476 30 43
476 31 10
476 32 0
476 33 10
476 34 14
476 35 8
476 36 10
476 37 15
476 38 11
476 39 10
476 40 10
476 41 11
476 42 9
476 43 15
476 44 19
476 45 24
476 46 12
476 47 41
476 48 40
476 49 38
476 50 11
476 51 11
476 52 11
476 53 19
476 54 13
476 55 21
476 56 10
476 57 11
476 58 38
476 59 42
476 60 37
476 61 15
476 62 16
476 63 16
476 64 18
476 65 15
476 66 15
476 67 13
476 68 14
476 69 38
476 70 39
476 71 42
476 72 13
476 73 17
476 74 12
476 75 18
476 76 13
476 77 20
476 78 16
476 79 14
476 80 11
476 81 8
476 82 12
476 83 17
476 84 10
476 85 13
476 86 18
476 87 19
476 88 10
476 89 23
476 90 23
476 91 15
476 92 13
476 93 7
476 94 9
476 95 15
476 96 14
476 97 0
476 98 17
476 99 9
476 100 6
476 101 18
476 102 19
476 103 9
476 104 13
476 105 13
476 106 19
476 107 9
476 108 12
476 109 40
476 110 39
476 111 13
476 112 11
476 113 17
476 114 11
476 115 7
476 116 20
476 117 18
476 118 11
476 119 17
476 120 37
476 121 41
501 1 37
501 2 39
501 3 6
501 4 12
501 5 10
501 6 43
501 7 43
501 8 42
501 9 10
501 10 10
501 11 13
501 12 40
501 13 40
501 14 10
501 15 13
501 16 19
501 17 41
501 18 42
501 19 37
501 20 10
501 21 8
501 22 7
501 23 16
501 24 9
501 25 10
501 26 9
501 27 9
501 28 40
501 29 40
501 30 39
501 31 10
501 32 0
501 33 11
501 34 7
501 35 9
501 36 10
501 37 16
501 38 14
501 39 11
501 40 11
501 41 6
501 42 10
501 43 0
501 44 12
501 45 18
501 46 9
501 47 42
501 48 40
501 49 43
501 50 10
501 51 5
501 52 9
501 53 9
501 54 16
501 55 17
501 56 18
501 57 11
501 58 40
501 59 40
501 60 41
501 61 10
501 62 12
501 63 16
501 64 16
501 65 10
501 66 21
501 67 11
501 68 17
501 69 40
501 70 39
501 71 42
501 72 15
501 73 14
501 74 20
501 75 11
501 76 17
501 77 11
501 78 23
501 79 10
501 80 10
501 81 10
501 82 10
501 83 8
501 84 17
501 85 11
501 86 14
501 87 12
501 88 19
501 89 4
501 90 17
501 91 17
501 92 13
501 93 10
501 94 12
501 95 19
501 96 20
501 97 10
501 98 8
501 99 14
501 100 11
501 101 8
501 102 20
501 103 20
501 104 16
501 105 17
501 106 15
501 107 9
501 108 14
501 109 38
501 110 40
501 111 11
501 112 9
501 113 3
501 114 20
501 115 0
501 116 10
501 117 15
501 118 12
501 119 8
501 120 41
501 121 39
526 1 40
526 2 40
526 3 9
526 4 9
526 5 10
526 6 40
526 7 41
526 8 43
526 9 17
526 10 14
526 11 13
526 12 43
526 13 40
526 14 12
526 15 10
526 16 18
526 17 39
526 18 40
526 19 39
526 20 9
526 21 11
526 22 8
526 23 10
526 24 10
526 25 11
526 26 9
526 27 11
526 28 41
526 29 43
526 30 42
526 31 8
526 32 8
526 33 3
526 34 0
526 35 9
526 36 17
526 37 15
526 38 11
526 39 8
526 40 11
526 41 7
526 42 0
526 43 4
526 44 13
526 45 10
526 46 10
526 47 42
526 48 39
526 49 41
526 50 11
526 51 20
526 52 11
526 53 12
526 54 17
526 55 10
526 56 20
526 57 10
526 58 40
526 59 42
526 60 40
526 61 9
526 62 10
526 63 16
526 64 16
526 65 11
526 66 18
526 67 8
526 68 10
526 69 42
526 70 46
526 71 40
526 72 15
526 73 11
526 74 14
526 75 18
526 76 13
526 77 20
526 78 16
526 79 11
526 80 11
526 81 10
526 82 10
526 83 6
526 84 15
526 85 12
526 86 14
526 87 21
526 88 14
526 89 10
526 90 15
526 91 0
526 92 13
526 93 12
526 94 12
526 95 10
526 96 11
526 97 13
526 98 14
526 99 11
526 100 11
526 101 0
526 102 18
526 103 15
526 104 17
526 105 8
526 106 17
526 107 18
526 108 12
526 109 40
526 110 42
526 111 9
526 112 11
526 113 10
526 114 17
526 115 6
526 116 6
526 117 7
526 118 9
526 119 13
526 120 38
526 121 39
551 1 39
551 2 43
551 3 18
551 4 10
551 5 10
551 6 39
551 7 39
551 8 40
551 9 9
551 10 13
551 11 17
551 12 40
551 13 39
551 14 10
551 15 11
551 16 16
551 17 41
551 18 38
551 19 39
551 20 13
551 21 0
551 22 7
551 23 10
551 24 9
551 25 10
551 26 10
551 27 15
551 28 41
551 29 41
551 30 38
551 31 10
551 32 4
551 33 8
551 34 0
551 35 0
551 36 10
551 37 15
551 38 13
551 39 10
551 40 13
551 41 15
551 42 15
551 43 14
551 44 9
551 45 20
551 46 8
551 47 42
551 48 42
551 49 40
551 50 15
551 51 9
551 52 9
551 53 11
551 54 17
551 55 19
551 56 17
551 57 12
551 58 41
551 59 39
551 60 38
551 61 14
551 62 11
551 63 12
551 64 13
551 65 20
551 66 17
551 67 21
551 68 19
551 69 40
551 70 41
551 71 40
551 72 8
551 73 11
551 74 21
551 75 15
551 76 15
551 77 18
551 78 7
551 79 16
551 80 9
551 81 8
551 82 11
551 83 19
551 84 13
551 85 19
551 86 9
551 87 20
551 88 12
551 89 9
551 90 9
551 91 18
551 92 15
551 93 17
551 94 12
551 95 18
551 96 12
551 97 10
551 98 12
551 99 11
551 100 13
551 101 9
551 102 5
551 103 12
551 104 13
551 105 15
551 106 16
551 107 12
551 108 11
551 109 42
551 110 42
551 111 10
551 112 8
551 113 10
551 114 9
551 115 0
551 116 9
551 117 9
551 118 14
551 119 9
551 120 40
551 121 40
576 1 37
576 2 38
576 3 10
576 4 11
576 5 11
576 6 39
576 7 39
576 8 41
576 9 13
576 10 16
576 11 17
576 12 41
576 13 41
576 14 6
576 15 8
576 16 14
576 17 41
576 18 42
576 19 43
576 20 14
576 21 11
576 22 9
576 23 14
576 24 10
576 25 9
576 26 10
576 27 8
576 28 38
576 29 40
576 30 39
576 31 13
576 32 8
576 33 2
576 34 13
576 35 8
576 36 12
576 37 13
576 38 11
576 39 18
576 40 16
576 41 15
576 42 13
576 43 13
576 44 11
576 45 12
576 46 10
576 47 40
576 48 40
576 49 45
576 50 5
576 51 9
576 52 9
576 53 16
576 54 20
576 55 15
576 56 10
576 57 11
576 58 38
576 59 42
576 60 44
576 61 11
576 62 6
576 63 0
576 64 15
576 65 18
576 66 16
576 67 18
576 68 14
576 69 41
576 70 36
576 71 39
576 72 10
576 73 18
576 74 9
576 75 13
576 76 18
576 77 16
576 78 12
576 79 10
576 80 10
576 81 10
576 82 15
576 83 12
576 84 12
576 85 14
576 86 12
576 87 16
576 88 21
576 89 10
576 90 0
576 91 0
576 92 21
576 93 10
576 94 17
576 95 16
576 96 13
576 97 11
576 98 9
576 99 8
576 100 10
576 101 6
576 102 10
576 103 12
576 104 18
576 105 11
576 106 19
576 107 14
576 108 10
576 109 40
576 110 39
576 111 14
576 112 12
576 113 10
576 114 10
576 115 12
576 116 17
576 117 8
576 118 8
576 119 14
576 120 39
576 121 41
601 1 40
601 2 44
601 3 15
601 4 13
601 5 8
601 6 41
601 7 38
601 8 41
601 9 10
601 10 10
601 11 10
601 12 40
601 13 40
601 14 10
601 15 9
601 16 13
601 17 45
601 18 43
601 19 41
601 20 9
601 21 0
601 22 9
601 23 16
601 24 10
601 25 8
601 26 9
601 27 9
601 28 39
601 29 43
601 30 42
601 31 16
601 32 6
601 33 8
601 34 7
601 35 11
601 36 12
601 37 9
601 38 9
601 39 9
601 40 10
601 41 12
601 42 13
601 43 9
601 44 15
601 45 7
601 46 13
601 47 43
601 48 43
601 49 35
601 50 14
601 51 11
601 52 14
601 53 12
601 54 15
601 55 11
601 56 0
601 57 15
601 58 40
601 59 42
601 60 45
601 61 10
601 62 8
601 63 1
601 64 20
601 65 14
601 66 19
601 67 10
601 68 7
601 69 41
601 70 42
601 71 41
601 72 10
601 73 10
601 74 20
601 75 10
601 76 17
601 77 15
601 78 13
601 79 7
601 80 10
601 81 9
601 82 15
601 83 0
601 84 19
601 85 13
601 86 14
601 87 12
601 88 19
601 89 10
601 90 7
601 91 1
601 92 18
601 93 9
601 94 13
601 95 8
601 96 18
601 97 10
601 98 11
601 99 12
601 100 9
601 101 11
601 102 14
601 103 15
601 104 19
601 105 10
601 106 7
601 107 8
601 108 10
601 109 41
601 110 44
601 111 13
601 112 10
601 113 11
601 114 0
601 115 8
601 116 11
601 117 13
601 118 10
601 119 13
601 120 42
601 121 43
626 1 40
626 2 42
626 3 10
626 4 2
626 5 14
626 6 38
626 7 39
626 8 41
626 9 14
626 10 5
626 11 18
626 12 41
626 13 42
626 14 10
626 15 10
626 16 13
626 17 39
626 18 39
626 19 42
626 20 12
626 21 9
626 22 12
626 23 11
626 24 13
626 25 8
626 26 10
626 27 13
626 28 44
626 29 43
626 30 43
626 31 10
626 32 15
626 33 9
626 34 0
626 35 9
626 36 5
626 37 16
626 38 10
626 39 20
626 40 14
626 41 11
626 42 10
626 43 9
626 44 19
626 45 4
626 46 11
626 47 40
626 48 40
626 49 40
626 50 14
626 51 10
626 52 10
626 53 13
626 54 10
626 55 20
626 56 0
626 57 14
626 58 43
626 59 41
626 60 41
626 61 16
626 62 0
626 63 12
626 64 21
626 65 14
626 66 11
626 67 14
626 68 14
626 69 42
626 70 41
626 71 43
626 72 10
626 73 9
626 74 18
626 75 18
626 76 17
626 77 13
626 78 10
626 79 10
626 80 9
626 81 8
626 82 5
626 83 12
626 84 18
626 85 14
626 86 18
626 87 16
626 88 17
626 89 12
626 90 0
626 91 0
626 92 17
626 93 17
626 94 9
626 95 11
626 96 15
626 97 13
626 98 10
626 99 16
626 100 12
626 101 15
626 102 12
626 103 10
626 104 11
626 105 10
626 106 12
626 107 9
626 108 11
626 109 40
626 110 40
626 111 10
626 112 9
626 113 13
626 114 12
626 115 10
626 116 11
626 117 9
626 118 8
626 119 11
626 120 40
626 121 39
651 1 40
651 2 41
651 3 12
651 4 13
651 5 17
651 6 42
651 7 40
651 8 39
651 9 9
651 10 8
651 11 20
651 12 42
651 13 43
651 14 14
651 15 5
651 16 11
651 17 41
651 18 38
651 19 41
651 20 10
651 21 10
651 22 9
651 23 14
651 24 13
651 25 3
651 26 12
651 27 9
651 28 40
651 29 38
651 30 40
651 31 14
651 32 8
651 33 8
651 34 10
651 35 3
651 36 11
651 37 12
651 38 15
651 39 8
651 40 14
651 41 19
651 42 10
651 43 12
651 44 14
651 45 8
651 46 10
651 47 37
651 48 40
651 49 37
651 50 16
651 51 10
651 52 16
651 53 11
651 54 10
651 55 17
651 56 11
651 57 12
651 58 41
651 59 44
651 60 39
651 61 11
651 62 13
651 63 17
651 64 15
651 65 16
651 66 10
651 67 12
651 68 7
651 69 39
651 70 39
651 71 37
651 72 11
651 73 15
651 74 11
651 75 12
651 76 18
651 77 20
651 78 18
651 79 10
651 80 10
651 81 8
651 82 10
651 83 15
651 84 9
651 85 20
651 86 17
651 87 11
651 88 11
651 89 0
651 90 11
651 91 10
651 92 14
651 93 10
651 94 20
651 95 10
651 96 15
651 97 17
651 98 11
651 99 9
651 100 9
651 101 10
651 102 13
651 103 13
651 104 15
651 105 11
651 106 10
651 107 6
651 108 9
651 109 34
651 110 43
651 111 14
651 112 8
651 113 18
651 114 16
651 115 17
651 116 13
651 117 16
651 118 10
651 119 9
651 120 41
651 121 40
676 1 43
676 2 40
676 3 10
676 4 10
676 5 10
676 6 41
676 7 43
676 8 40
676 9 13
676 10 11
676 11 17
676 12 37
676 13 36
676 14 10
676 15 7
676 16 10
676 17 39
676 18 39
676 19 41
676 20 10
676 21 10
676 22 12
676 23 10
676 24 11
676 25 12
676 26 8
676 27 17
676 28 39
676 29 40
676 30 40
676 31 12
676 32 8
676 33 11
676 34 21
676 35 9
676 36 8
676 37 18
676 38 12
676 39 13
676 40 10
676 41 11
676 42 9
676 43 8
676 44 13
676 45 8
676 46 9
676 47 40
676 48 43
676 49 43
676 50 13
676 51 6
676 52 9
676 53 15
676 54 10
676 55 10
676 56 15
676 57 13
676 58 41
676 59 38
676 60 43
676 61 11
676 62 11
676 63 9
676 64 18
676 65 20
676 66 17
676 67 12
676 68 13
676 69 40
676 70 40
676 71 40
676 72 10
676 73 13
676 74 12
676 75 13
676 76 19
676 77 10
676 78 10
676 79 9
676 80 12
676 81 10
676 82 8
676 83 17
676 84 14
676 85 20
676 86 10
676 87 11
676 88 16
676 89 9
676 90 8
676 91 18
676 92 14
676 93 9
676 94 17
676 95 13
676 96 13
676 97 15
676 98 9
676 99 8
676 100 11
676 101 14
676 102 17
676 103 15
676 104 14
676 105 13
676 106 14
676 107 13
676 108 11
676 109 42
676 110 40
676 111 17
676 112 17
676 113 10
676 114 18
676 115 10
676 116 10
676 117 9
676 118 19
676 119 11
676 120 40
676 121 38
701 1 42
701 2 40
701 3 7
701 4 9
701 5 10
701 6 40
701 7 42
701 8 39
701 9 20
701 10 10
701 11 13
701 12 38
701 13 40
701 14 10
701 15 11
701 16 15
701 17 42
701 18 40
701 19 39
701 20 9
701 21 11
701 22 11
701 23 9
701 24 15
701 25 8
701 26 12
701 27 11
701 28 39
701 29 41
701 30 38
701 31 13
701 32 9
701 33 10
701 34 0
701 35 10
701 36 12
701 37 10
701 38 6
701 39 10
701 40 10
701 41 10
701 42 9
701 43 21
701 44 15
701 45 16
701 46 9
701 47 39
701 48 39
701 49 42
701 50 11
701 51 11
701 52 17
701 53 13
701 54 19
701 55 16
701 56 11
701 57 13
701 58 40
701 59 40
701 60 41
701 61 11
701 62 10
701 63 20
701 64 18
701 65 9
701 66 15
701 67 15
701 68 11
701 69 39
701 70 39
701 71 41
701 72 10
701 73 9
701 74 16
701 75 11
701 76 14
701 77 14
701 78 9
701 79 5
701 80 11
701 81 17
701 82 9
701 83 16
701 84 10
701 85 10
701 86 14
701 87 17
701 88 11
701 89 11
701 90 7
701 91 11
701 92 21
701 93 9
701 94 17
701 95 11
701 96 11
701 97 12
701 98 11
701 99 8
701 100 13
701 101 12
701 102 12
701 103 16
701 104 15
701 105 19
701 106 11
701 107 10
701 108 7
701 109 41
701 110 41
701 111 19
701 112 15
701 113 12
701 114 11
701 115 7
701 116 11
701 117 9
701 118 9
701 119 10
701 120 43
701 121 42
726 1 41
726 2 45
726 3 10
726 4 7
726 5 9
726 6 37
726 7 44
726 8 40
726 9 7
726 10 11
726 11 9
726 12 41
726 13 42
726 14 10
726 15 9
726 16 10
726 17 41
726 18 42
726 19 42
726 20 12
726 21 0
726 22 13
726 23 9
726 24 16
726 25 5
726 26 11
726 27 13
726 28 39
726 29 40
726 30 42
726 31 6
726 32 19
726 33 11
726 34 10
726 35 12
726 36 18
726 37 13
726 38 15
726 39 15
726 40 11
726 41 10
726 42 12
726 43 8
726 44 10
726 45 4
726 46 14
726 47 45
726 48 47
726 49 39
726 50 12
726 51 0
726 52 11
726 53 16
726 54 10
726 55 12
726 56 12
726 57 10
726 58 43
726 59 47
726 60 43
726 61 11
726 62 10
726 63 12
726 64 16
726 65 10
726 66 10
726 67 11
726 68 14
726 69 37
726 70 42
726 71 41
726 72 15
726 73 8
726 74 12
726 75 9
726 76 16
726 77 17
726 78 0
726 79 8
726 80 16
726 81 8
726 82 10
726 83 11
726 84 10
726 85 13
726 86 9
726 87 12
726 88 9
726 89 6
726 90 12
726 91 19
726 92 18
726 93 16
726 94 14
726 95 20
726 96 18
726 97 21
726 98 10
726 99 10
726 100 11
726 101 10
726 102 10
726 103 11
726 104 13
726 105 12
726 106 11
726 107 10
726 108 10
726 109 43
726 110 40
726 111 14
726 112 10
726 113 13
726 114 6
726 115 9
726 116 7
726 117 11
726 118 10
726 119 8
726 120 36
726 121 39
751 1 41
751 2 43
751 3 10
751 4 11
751 5 13
751 6 42
751 7 40
751 8 39
751 9 12
751 10 12
751 11 22
751 12 38
751 13 39
751 14 12
751 15 7
751 16 10
751 17 39
751 18 42
751 19 42
751 20 14
751 21 2
751 22 8
751 23 9
751 24 11
751 25 13
751 26 6
751 27 13
751 28 42
751 29 43
751 30 44
751 31 10
751 32 11
751 33 10
751 34 12
751 35 10
751 36 12
751 37 10
751 38 12
751 39 12
751 40 13
751 41 9
751 42 0
751 43 20
751 44 19
751 45 10
751 46 12
751 47 40
751 48 40
751 49 40
751 50 19
751 51 8
751 52 10
751 53 14
751 54 11
751 55 15
751 56 16
751 57 12
751 58 40
751 59 43
751 60 43
751 61 10
751 62 16
751 63 14
751 64 18
751 65 19
751 66 14
751 67 12
751 68 12
751 69 37
751 70 40
751 71 43
751 72 18
751 73 14
751 74 15
751 75 18
751 76 12
751 77 9
751 78 10
751 79 11
751 80 22
751 81 11
751 82 7
751 83 0
751 84 10
751 85 18
751 86 15
751 87 18
751 88 14
751 89 11
751 90 15
751 91 11
751 92 12
751 93 10
751 94 10
751 95 11
751 96 10
751 97 9
751 98 11
751 99 11
751 100 12
751 101 0
751 102 12
751 103 13
751 104 16
751 105 10
751 106 13
751 107 2
751 108 6
751 109 37
751 110 40
751 111 19
751 112 12
751 113 0
751 114 10
751 115 12
751 116 19
751 117 16
751 118 8
751 119 15
751 120 40
751 121 39
776 1 41
776 2 42
776 3 10
776 4 9
776 5 12
776 6 35
776 7 40
776 8 40
776 9 14
776 10 15
776 11 10
776 12 42
776 13 38
776 14 11
776 15 7
776 16 10
776 17 41
776 18 42
776 19 39
776 20 11
776 21 10
776 22 10
776 23 10
776 24 11
776 25 12
776 26 11
776 27 12
776 28 41
776 29 39
776 30 41
776 31 15
776 32 8
776 33 6
776 34 7
776 35 10
776 36 12
776 37 11
776 38 13
776 39 8
776 40 11
776 41 11
776 42 11
776 43 19
776 44 15
776 45 11
776 46 14
776 47 41
776 48 42
776 49 39
776 50 9
776 51 12
776 52 13
776 53 17
776 54 9
776 55 17
776 56 18
776 57 9
776 58 44
776 59 43
776 60 41
776 61 12
776 62 10
776 63 13
776 64 16
776 65 15
776 66 13
776 67 21
776 68 12
776 69 39
776 70 40
776 71 45
776 72 9
776 73 20
776 74 22
776 75 11
776 76 12
776 77 12
776 78 15
776 79 14
776 80 10
776 81 9
776 82 15
776 83 15
776 84 10
776 85 15
776 86 15
776 87 10
776 88 10
776 89 14
776 90 11
776 91 11
776 92 13
776 93 20
776 94 15
776 95 19
776 96 14
776 97 10
776 98 11
776 99 9
776 100 11
776 101 10
776 102 11
776 103 11
776 104 15
776 105 13
776 106 9
776 107 14
776 108 12
776 109 40
776 110 41
776 111 10
776 112 16
776 113 7
776 114 11
776 115 15
776 116 9
776 117 12
776 118 10
776 119 13
776 120 38
776 121 36
801 1 42
801 2 41
801 3 11
801 4 11
801 5 12
801 6 42
801 7 40
801 8 43
801 9 14
801 10 14
801 11 13
801 12 37
801 13 41
801 14 9
801 15 10
801 16 9
801 17 41
801 18 40
801 19 40
801 20 15
801 21 11
801 22 11
801 23 10
801 24 9
801 25 8
801 26 8
801 27 7
801 28 41
801 29 44
801 30 41
801 31 14
801 32 0
801 33 7
801 34 9
801 35 9
801 36 15
801 37 13
801 38 9
801 39 8
801 40 12
801 41 9
801 42 14
801 43 19
801 44 18
801 45 13
801 46 12
801 47 43
801 48 43
801 49 40
801 50 11
801 51 9
801 52 16
801 53 10
801 54 9
801 55 19
801 56 11
801 57 9
801 58 41
801 59 40
801 60 39
801 61 10
801 62 16
801 63 17
801 64 19
801 65 13
801 66 12
801 67 15
801 68 12
801 69 45
801 70 41
801 71 41
801 72 10
801 73 13
801 74 13
801 75 13
801 76 21
801 77 17
801 78 11
801 79 4
801 80 8
801 81 10
801 82 11
801 83 11
801 84 16
801 85 19
801 86 12
801 87 13
801 88 20
801 89 0
801 90 23
801 91 9
801 92 12
801 93 14
801 94 12
801 95 15
801 96 12
801 97 10
801 98 11
801 99 10
801 100 17
801 101 14
801 102 9
801 103 21
801 104 18
801 105 11
801 106 14
801 107 14
801 108 6
801 109 39
801 110 41
801 111 11
801 112 4
801 113 12
801 114 8
801 115 11
801 116 14
801 117 12
801 118 11
801 119 11
801 120 35
801 121 40
826 1 41
826 2 37
826 3 11
826 4 12
826 5 8
826 6 41
826 7 38
826 8 41
826 9 14
826 10 8
826 11 19
826 12 39
826 13 36
826 14 8
826 15 14
826 16 14
826 17 37
826 18 38
826 19 43
826 20 11
826 21 11
826 22 15
826 23 17
826 24 9
826 25 16
826 26 9
826 27 10
826 28 34
826 29 42
826 30 42
826 31 12
826 32 7
826 33 10
826 34 12
826 35 11
826 36 10
826 37 12
826 38 10
826 39 10
826 40 9
826 41 7
826 42 10
826 43 21
826 44 18
826 45 12
826 46 19
826 47 40
826 48 42
826 49 40
826 50 10
826 51 8
826 52 12
826 53 10
826 54 18
826 55 10
826 56 10
826 57 8
826 58 38
826 59 43
826 60 44
826 61 10
826 62 11
826 63 12
826 64 17
826 65 12
826 66 10
826 67 17
826 68 15
826 69 40
826 70 42
826 71 41
826 72 9
826 73 16
826 74 19
826 75 12
826 76 12
826 77 10
826 78 19
826 79 10
826 80 14
826 81 8
826 82 7
826 83 4
826 84 17
826 85 10
826 86 13
826 87 9
826 88 22
826 89 9
826 90 19
826 91 0
826 92 18
826 93 10
826 94 9
826 95 10
826 96 17
826 97 8
826 98 8
826 99 10
826 100 10
826 101 10
826 102 16
826 103 22
826 104 9
826 105 12
826 106 20
826 107 11
826 108 10
826 109 39
826 110 40
826 111 14
826 112 9
826 113 0
826 114 17
826 115 16
826 116 8
826 117 9
826 118 16
826 119 12
826 120 43
826 121 38
851 1 38
851 2 40
851 3 12
851 4 8
851 5 12
851 6 40
851 7 44
851 8 39
851 9 13
851 10 15
851 11 9
851 12 42
851 13 44
851 14 20
851 15 9
851 16 17
851 17 37
851 18 41
851 19 41
851 20 12
851 21 11
851 22 9
851 23 9
851 24 21
851 25 11
851 26 13
851 27 11
851 28 40
851 29 39
851 30 40
851 31 9
851 32 12
851 33 18
851 34 11
851 35 11
851 36 19
851 37 10
851 38 5
851 39 12
851 40 16
851 41 11
851 42 22
851 43 14
851 44 14
851 45 14
851 46 10
851 47 42
851 48 41
851 49 39
851 50 6
851 51 12
851 52 11
851 53 17
851 54 10
851 55 13
851 56 10
851 57 18
851 58 40
851 59 40
851 60 39
851 61 10
851 62 14
851 63 18
851 64 15
851 65 13
851 66 14
851 67 15
851 68 11
851 69 37
851 70 40
851 71 38
851 72 20
851 73 14
851 74 13
851 75 14
851 76 14
851 77 16
851 