1 1 87
1 2 99
1 3 85
1 4 90
1 5 87
1 6 95
1 7 108
1 8 96
1 9 83
1 10 99
1 11 98
1 12 85
1 13 84
1 14 98
1 15 106
1 16 92
1 17 89
1 18 106
1 19 99
1 20 108
1 21 103
1 22 91
1 23 93
1 24 98
1 25 103
1 26 92
1 27 84
1 28 85
1 29 99
1 30 86
1 31 97
1 32 104
1 33 95
1 34 100
1 35 91
1 36 89
1 37 89
1 38 82
1 39 102
1 40 92
1 41 84
1 42 97
1 43 91
1 44 94
1 45 92
1 46 85
1 47 85
1 48 97
1 49 85
1 50 97
1 51 99
1 52 83
1 53 92
1 54 89
1 55 86
1 56 97
1 57 101
1 58 101
1 59 93
1 60 96
1 61 98
1 62 100
1 63 90
1 64 85
1 65 94
1 66 84
1 67 96
1 68 82
1 69 107
1 70 101
1 71 85
1 72 83
1 73 91
1 74 87
1 75 86
1 76 98
1 77 88
1 78 98
1 79 92
1 80 89
1 81 95
1 82 99
1 83 93
1 84 97
1 85 90
1 86 85
1 87 92
1 88 91
1 89 84
1 90 92
1 91 96
1 92 84
1 93 82
1 94 99
1 95 95
1 96 82
1 97 105
1 98 88
1 99 90
1 100 95
1 101 87
1 102 92
1 103 106
1 104 90
1 105 98
1 106 99
1 107 94
1 108 94
1 109 95
1 110 95
1 111 93
1 112 95
1 113 83
1 114 94
1 115 86
1 116 79
1 117 82
1 118 87
1 119 72
1 120 80
1 121 90
26 1 40
26 2 39
26 3 40
26 4 40
26 5 35
26 6 44
26 7 42
26 8 39
26 9 37
26 10 39
26 11 42
26 12 39
26 13 40
26 14 37
26 15 40
26 16 37
26 17 41
26 18 43
26 19 39
26 20 42
26 21 43
26 22 43
26 23 41
26 24 39
26 25 41
26 26 39
26 27 39
26 28 44
26 29 40
26 30 37
26 31 39
26 32 40
26 33 41
26 34 43
26 35 40
26 36 39
26 37 40
26 38 37
26 39 43
26 40 42
26 41 39
26 42 39
26 43 39
26 44 38
26 45 40
26 46 38
26 47 35
26 48 40
26 49 42
26 50 41
26 51 41
26 52 39
26 53 39
26 54 40
26 55 41
26 56 43
26 57 42
26 58 38
26 59 40
26 60 41
26 61 40
26 62 44
26 63 41
26 64 39
26 65 40
26 66 40
26 67 38
26 68 38
26 69 40
26 70 41
26 71 41
26 72 42
26 73 41
26 74 45
26 75 38
26 76 39
26 77 34
26 78 40
26 79 40
26 80 40
26 81 40
26 82 42
26 83 39
26 84 35
26 85 40
26 86 43
26 87 43
26 88 37
26 89 39
26 90 40
26 91 33
26 92 39
26 93 40
26 94 40
26 95 40
26 96 40
26 97 40
26 98 38
26 99 41
26 100 39
26 101 39
26 102 38
26 103 40
26 104 42
26 105 42
26 106 40
26 107 40
26 108 40
26 109 37
26 110 39
26 111 40
26 112 38
26 113 41
26 114 40
26 115 42
26 116 43
26 117 40
26 118 41
26 119 41
26 120 38
26 121 45
51 1 45
51 2 40
51 3 40
51 4 43
51 5 40
51 6 42
51 7 39
51 8 41
51 9 46
51 10 42
51 11 41
51 12 40
51 13 40
51 14 40
51 15 43
51 16 41
51 17 44
51 18 40
51 19 41
51 20 42
51 21 43
51 22 40
51 23 39
51 24 40
51 25 40
51 26 42
51 27 43
51 28 39
51 29 44
51 30 42
51 31 41
51 32 42
51 33 40
51 34 43
51 35 44
51 36 43
51 37 40
51 38 41
51 39 40
51 40 41
51 41 45
51 42 39
51 43 39
51 44 41
51 45 42
51 46 40
51 47 42
51 48 41
51 49 46
51 50 40
51 51 43
51 52 41
51 53 42
51 54 39
51 55 42
51 56 43
51 57 42
51 58 41
51 59 42
51 60 44
51 61 42
51 62 42
51 63 43
51 64 42
51 65 40
51 66 39
51 67 41
51 68 41
51 69 45
51 70 38
51 71 41
51 72 41
51 73 41
51 74 40
51 75 43
51 76 41
51 77 38
51 78 41
51 79 41
51 80 43
51 81 40
51 82 39
51 83 42
51 84 39
51 85 40
51 86 43
51 87 42
51 88 42
51 89 42
51 90 41
51 91 40
51 92 40
51 93 42
51 94 38
51 95 41
51 96 40
51 97 41
51 98 41
51 99 43
51 100 43
51 101 43
51 102 41
51 103 40
51 104 39
51 105 38
51 106 41
51 107 43
51 108 40
51 109 40
51 110 40
51 111 41
51 112 42
51 113 42
51 114 41
51 115 41
51 116 43
51 117 41
51 118 43
51 119 39
51 120 37
51 121 41
76 1 40
76 2 43
76 3 44
76 4 44
76 5 45
76 6 43
76 7 41
76 8 46
76 9 44
76 10 40
76 11 40
76 12 40
76 13 44
76 14 43
76 15 42
76 16 41
76 17 40
76 18 40
76 19 42
76 20 44
76 21 40
76 22 41
76 23 43
76 24 42
76 25 42
76 26 42
76 27 44
76 28 44
76 29 41
76 30 43
76 31 41
76 32 40
76 33 41
76 34 45
76 35 44
76 36 43
76 37 43
76 38 42
76 39 43
76 40 43
76 41 42
76 42 42
76 43 41
76 44 41
76 45 44
76 46 45
76 47 47
76 48 42
76 49 42
76 50 41
76 51 39
76 52 41
76 53 45
76 54 41
76 55 45
76 56 44
76 57 42
76 58 44
76 59 41
76 60 42
76 61 44
76 62 42
76 63 42
76 64 43
76 65 42
76 66 39
76 67 41
76 68 43
76 69 39
76 70 40
76 71 40
76 72 41
76 73 40
76 74 39
76 75 43
76 76 40
76 77 39
76 78 40
76 79 43
76 80 42
76 81 42
76 82 44
76 83 41
76 84 45
76 85 44
76 86 44
76 87 44
76 88 40
76 89 44
76 90 44
76 91 42
76 92 43
76 93 42
76 94 39
76 95 40
76 96 46
76 97 43
76 98 38
76 99 39
76 100 45
76 101 43
76 102 42
76 103 40
76 104 43
76 105 39
76 106 44
76 107 45
76 108 46
76 109 40
76 110 40
76 111 38
76 112 45
76 113 41
76 114 40
76 115 45
76 116 39
76 117 45
76 118 43
76 119 39
76 120 40
76 121 41
101 1 44
101 2 42
101 3 43
101 4 42
101 5 45
101 6 42
101 7 41
101 8 44
101 9 42
101 10 42
101 11 42
101 12 45
101 13 44
101 14 41
101 15 41
101 16 44
101 17 43
101 18 43
101 19 45
101 20 39
101 21 45
101 22 46
101 23 42
101 24 41
101 25 42
101 26 44
101 27 45
101 28 45
101 29 43
101 30 39
101 31 41
101 32 41
101 33 40
101 34 46
101 35 47
101 36 42
101 37 39
101 38 41
101 39 39
101 40 45
101 41 43
101 42 44
101 43 41
101 44 43
101 45 44
101 46 43
101 47 40
101 48 40
101 49 39
101 50 40
101 51 41
101 52 42
101 53 41
101 54 41
101 55 45
101 56 44
101 57 34
101 58 43
101 59 40
101 60 39
101 61 39
101 62 43
101 63 41
101 64 45
101 65 40
101 66 46
101 67 42
101 68 43
101 69 40
101 70 41
101 71 40
101 72 40
101 73 45
101 74 39
101 75 41
101 76 43
101 77 38
101 78 43
101 79 41
101 80 41
101 81 42
101 82 40
101 83 41
101 84 45
101 85 44
101 86 44
101 87 43
101 88 45
101 89 45
101 90 43
101 91 40
101 92 40
101 93 42
101 94 39
101 95 43
101 96 44
101 97 42
101 98 46
101 99 40
101 100 45
101 101 44
101 102 41
101 103 40
101 104 41
101 105 38
101 106 40
101 107 46
101 108 41
101 109 40
101 110 41
101 111 44
101 112 45
101 113 41
101 114 36
101 115 41
101 116 44
101 117 43
101 118 42
101 119 42
101 120 44
101 121 44
126 1 45
126 2 41
126 3 46
126 4 43
126 5 42
126 6 43
126 7 45
126 8 43
126 9 43
126 10 41
126 11 44
126 12 45
126 13 38
126 14 46
126 15 47
126 16 51
126 17 49
126 18 44
126 19 42
126 20 43
126 21 41
126 22 47
126 23 40
126 24 40
126 25 43
126 26 44
126 27 42
126 28 42
126 29 44
126 30 41
126 31 45
126 32 41
126 33 41
126 34 44
126 35 40
126 36 44
126 37 45
126 38 44
126 39 37
126 40 42
126 41 42
126 42 40
126 43 40
126 44 45
126 45 42
126 46 44
126 47 47
126 48 40
126 49 40
126 50 42
126 51 42
126 52 41
126 53 45
126 54 43
126 55 43
126 56 40
126 57 45
126 58 42
126 59 41
126 60 42
126 61 41
126 62 42
126 63 46
126 64 43
126 65 39
126 66 42
126 67 39
126 68 44
126 69 43
126 70 42
126 71 39
126 72 42
126 73 44
126 74 44
126 75 43
126 76 39
126 77 47
126 78 45
126 79 41
126 80 38
126 81 40
126 82 43
126 83 41
126 84 43
126 85 42
126 86 41
126 87 42
126 88 41
126 89 41
126 90 42
126 91 41
126 92 43
126 93 42
126 94 47
126 95 44
126 96 43
126 97 47
126 98 43
126 99 41
126 100 39
126 101 39
126 102 41
126 103 46
126 104 43
126 105 45
126 106 46
126 107 47
126 108 43
126 109 42
126 110 42
126 111 43
126 112 39
126 113 42
126 114 46
126 115 43
126 116 48
126 117 48
126 118 41
126 119 43
126 120 40
126 121 42
151 1 45
151 2 46
151 3 48
151 4 43
151 5 47
151 6 44
151 7 42
151 8 43
151 9 42
151 10 46
151 11 40
151 12 43
151 13 45
151 14 43
151 15 47
151 16 45
151 17 47
151 18 45
151 19 43
151 20 44
151 21 43
151 22 40
151 23 42
151 24 44
151 25 45
151 26 47
151 27 44
151 28 47
151 29 44
151 30 46
151 31 45
151 32 41
151 33 39
151 34 49
151 35 44
151 36 45
151 37 45
151 38 43
151 39 45
151 40 43
151 41 42
151 42 42
151 43 41
151 44 40
151 45 41
151 46 47
151 47 44
151 48 42
151 49 46
151 50 43
151 51 40
151 52 42
151 53 44
151 54 44
151 55 38
151 56 44
151 57 47
151 58 42
151 59 47
151 60 48
151 61 46
151 62 44
151 63 44
151 64 47
151 65 44
151 66 41
151 67 41
151 68 42
151 69 48
151 70 44
151 71 49
151 72 45
151 73 41
151 74 44
151 75 43
151 76 40
151 77 41
151 78 46
151 79 44
151 80 43
151 81 45
151 82 43
151 83 42
151 84 42
151 85 42
151 86 42
151 87 41
151 88 43
151 89 43
151 90 46
151 91 49
151 92 44
151 93 42
151 94 41
151 95 38
151 96 43
151 97 40
151 98 42
151 99 44
151 100 44
151 101 47
151 102 45
151 103 45
151 104 44
151 105 43
151 106 43
151 107 41
151 108 43
151 109 44
151 110 42
151 111 41
151 112 43
151 113 44
151 114 46
151 115 46
151 116 43
151 117 44
151 118 42
151 119 43
151 120 44
151 121 41
176 1 48
176 2 44
176 3 46
176 4 45
176 5 45
176 6 48
176 7 44
176 8 41
176 9 41
176 10 42
176 11 43
176 12 43
176 13 45
176 14 45
176 15 43
176 16 44
176 17 43
176 18 47
176 19 45
176 20 43
176 21 40
176 22 43
176 23 43
176 24 44
176 25 44
176 26 43
176 27 40
176 28 42
176 29 44
176 30 50
176 31 42
176 32 43
176 33 46
176 34 41
176 35 39
176 36 46
176 37 46
176 38 44
176 39 45
176 40 48
176 41 49
176 42 43
176 43 44
176 44 42
176 45 42
176 46 41
176 47 49
176 48 42
176 49 47
176 50 45
176 51 45
176 52 41
176 53 40
176 54 45
176 55 44
176 56 44
176 57 45
176 58 42
176 59 43
176 60 42
176 61 46
176 62 45
176 63 43
176 64 46
176 65 44
176 66 45
176 67 43
176 68 45
176 69 42
176 70 48
176 71 43
176 72 41
176 73 43
176 74 42
176 75 45
176 76 43
176 77 43
176 78 40
176 79 46
176 80 38
176 81 44
176 82 43
176 83 44
176 84 43
176 85 39
176 86 43
176 87 41
176 88 40
176 89 39
176 90 42
176 91 41
176 92 43
176 93 43
176 94 45
176 95 43
176 96 41
176 97 41
176 98 37
176 99 39
176 100 42
176 101 43
176 102 46
176 103 43
176 104 46
176 105 42
176 106 45
176 107 42
176 108 40
176 109 41
176 110 39
176 111 42
176 112 40
176 113 48
176 114 44
176 115 43
176 116 44
176 117 45
176 118 47
176 119 46
176 120 38
176 121 44
201 1 44
201 2 43
201 3 43
201 4 43
201 5 41
201 6 42
201 7 41
201 8 41
201 9 41
201 10 47
201 11 40
201 12 38
201 13 41
201 14 44
201 15 40
201 16 44
201 17 42
201 18 44
201 19 45
201 20 44
201 21 39
201 22 43
201 23 40
201 24 44
201 25 43
201 26 40
201 27 41
201 28 44
201 29 41
201 30 46
201 31 41
201 32 40
201 33 40
201 34 44
201 35 42
201 36 41
201 37 40
201 38 43
201 39 42
201 40 41
201 41 42
201 42 42
201 43 42
201 44 43
201 45 41
201 46 43
201 47 43
201 48 43
201 49 40
201 50 40
201 51 45
201 52 44
201 53 41
201 54 43
201 55 42
201 56 42
201 57 42
201 58 40
201 59 43
201 60 44
201 61 44
201 62 41
201 63 42
201 64 45
201 65 44
201 66 42
201 67 45
201 68 46
201 69 43
201 70 39
201 71 47
201 72 42
201 73 47
201 74 39
201 75 42
201 76 44
201 77 41
201 78 45
201 79 41
201 80 41
201 81 42
201 82 46
201 83 45
201 84 47
201 85 46
201 86 45
201 87 42
201 88 44
201 89 43
201 90 46
201 91 44
201 92 42
201 93 42
201 94 44
201 95 43
201 96 42
201 97 45
201 98 40
201 99 37
201 100 43
201 101 42
201 102 41
201 103 47
201 104 41
201 105 46
201 106 44
201 107 44
201 108 41
201 109 37
201 110 43
201 111 41
201 112 42
201 113 42
201 114 43
201 115 40
201 116 44
201 117 40
201 118 43
201 119 38
201 120 42
201 121 44
226 1 44
226 2 45
226 3 43
226 4 46
226 5 44
226 6 48
226 7 42
226 8 41
226 9 44
226 10 42
226 11 45
226 12 44
226 13 43
226 14 41
226 15 40
226 16 40
226 17 44
226 18 40
226 19 41
226 20 41
226 21 42
226 22 44
226 23 42
226 24 46
226 25 43
226 26 42
226 27 43
226 28 42
226 29 42
226 30 43
226 31 40
226 32 41
226 33 43
226 34 45
226 35 44
226 36 40
226 37 41
226 38 46
226 39 46
226 40 41
226 41 41
226 42 41
226 43 43
226 44 46
226 45 43
226 46 44
226 47 43
226 48 40
226 49 42
226 50 40
226 51 42
226 52 38
226 53 43
226 54 40
226 55 46
226 56 41
226 57 41
226 58 44
226 59 40
226 60 40
226 61 42
226 62 41
226 63 41
226 64 43
226 65 40
226 66 41
226 67 45
226 68 44
226 69 43
226 70 42
226 71 42
226 72 44
226 73 47
226 74 43
226 75 44
226 76 44
226 77 42
226 78 40
226 79 43
226 80 46
226 81 42
226 82 42
226 83 41
226 84 42
226 85 43
226 86 44
226 87 45
226 88 46
226 89 42
226 90 45
226 91 41
226 92 43
226 93 43
226 94 44
226 95 44
226 96 46
226 97 42
226 98 43
226 99 41
226 100 40
226 101 41
226 102 45
226 103 40
226 104 41
226 105 42
226 106 43
226 107 40
226 108 43
226 109 43
226 110 41
226 111 39
226 112 39
226 113 43
226 114 40
226 115 41
226 116 43
226 117 39
226 118 45
226 119 40
226 120 41
226 121 39
251 1 42
251 2 42
251 3 39
251 4 44
251 5 43
251 6 40
251 7 39
251 8 43
251 9 41
251 10 45
251 11 43
251 12 48
251 13 46
251 14 45
251 15 45
251 16 43
251 17 43
251 18 41
251 19 43
251 20 47
251 21 40
251 22 44
251 23 47
251 24 45
251 25 44
251 26 41
251 27 42
251 28 44
251 29 43
251 30 43
251 31 42
251 32 43
251 33 43
251 34 45
251 35 40
251 36 40
251 37 41
251 38 42
251 39 40
251 40 42
251 41 43
251 42 43
251 43 44
251 44 44
251 45 42
251 46 43
251 47 42
251 48 37
251 49 46
251 50 41
251 51 44
251 52 44
251 53 42
251 54 41
251 55 44
251 56 44
251 57 43
251 58 41
251 59 40
251 60 43
251 61 42
251 62 45
251 63 43
251 64 42
251 65 34
251 66 38
251 67 45
251 68 45
251 69 45
251 70 46
251 71 44
251 72 44
251 73 43
251 74 42
251 75 43
251 76 40
251 77 39
251 78 45
251 79 43
251 80 44
251 81 42
251 82 42
251 83 40
251 84 40
251 85 42
251 86 44
251 87 41
251 88 48
251 89 48
251 90 41
251 91 45
251 92 41
251 93 41
251 94 41
251 95 42
251 96 45
251 97 41
251 98 39
251 99 40
251 100 44
251 101 44
251 102 41
251 103 41
251 104 40
251 105 41
251 106 43
251 107 42
251 108 42
251 109 42
251 110 39
251 111 42
251 112 43
251 113 48
251 114 45
251 115 41
251 116 37
251 117 42
251 118 42
251 119 41
251 120 41
251 121 43
276 1 42
276 2 45
276 3 41
276 4 42
276 5 43
276 6 42
276 7 47
276 8 42
276 9 46
276 10 44
276 11 44
276 12 40
276 13 42
276 14 39
276 15 45
276 16 47
276 17 41
276 18 41
276 19 44
276 20 39
276 21 40
276 22 41
276 23 46
276 24 44
276 25 43
276 26 45
276 27 42
276 28 39
276 29 41
276 30 44
276 31 44
276 32 38
276 33 42
276 34 43
276 35 42
276 36 46
276 37 44
276 38 44
276 39 41
276 40 40
276 41 42
276 42 44
276 43 43
276 44 42
276 45 39
276 46 44
276 47 40
276 48 41
276 49 41
276 50 40
276 51 40
276 52 40
276 53 43
276 54 39
276 55 40
276 56 40
276 57 40
276 58 41
276 59 38
276 60 40
276 61 40
276 62 43
276 63 40
276 64 42
276 65 43
276 66 41
276 67 43
276 68 40
276 69 47
276 70 41
276 71 43
276 72 40
276 73 42
276 74 42
276 75 43
276 76 39
276 77 40
276 78 40
276 79 43
276 80 45
276 81 43
276 82 41
276 83 41
276 84 41
276 85 43
276 86 45
276 87 40
276 88 39
276 89 42
276 90 44
276 91 43
276 92 43
276 93 38
276 94 40
276 95 44
276 96 39
276 97 43
276 98 43
276 99 43
276 100 42
276 101 45
276 102 43
276 103 43
276 104 40
276 105 42
276 106 46
276 107 44
276 108 42
276 109 42
276 110 44
276 111 44
276 112 43
276 113 44
276 114 42
276 115 41
276 116 40
276 117 42
276 118 45
276 119 39
276 120 41
276 121 41
301 1 40
301 2 40
301 3 42
301 4 41
301 5 41
301 6 42
301 7 40
301 8 44
301 9 46
301 10 43
301 11 44
301 12 45
301 13 43
301 14 42
301 15 42
301 16 46
301 17 44
301 18 40
301 19 45
301 20 45
301 21 42
301 22 44
301 23 42
301 24 42
301 25 43
301 26 45
301 27 45
301 28 42
301 29 40
301 30 40
301 31 43
301 32 39
301 33 44
301 34 44
301 35 44
301 36 43
301 37 43
301 38 40
301 39 44
301 40 45
301 41 41
301 42 42
301 43 39
301 44 39
301 45 44
301 46 45
301 47 41
301 48 42
301 49 37
301 50 43
301 51 46
301 52 42
301 53 40
301 54 40
301 55 42
301 56 41
301 57 42
301 58 41
301 59 43
301 60 42
301 61 38
301 62 42
301 63 43
301 64 41
301 65 37
301 66 40
301 67 43
301 68 40
301 69 41
301 70 45
301 71 42
301 72 41
301 73 38
301 74 39
301 75 41
301 76 39
301 77 43
301 78 42
301 79 42
301 80 38
301 81 39
301 82 40
301 83 40
301 84 43
301 85 41
301 86 41
301 87 44
301 88 46
301 89 41
301 90 45
301 91 45
301 92 43
301 93 42
301 94 39
301 95 46
301 96 39
301 97 45
301 98 40
301 99 40
301 100 42
301 101 40
301 102 44
301 103 43
301 104 43
301 105 39
301 106 41
301 107 40
301 108 43
301 109 43
301 110 41
301 111 45
301 112 41
301 113 41
301 114 41
301 115 41
301 116 41
301 117 44
301 118 45
301 119 37
301 120 42
301 121 43
326 1 43
326 2 42
326 3 44
326 4 43
326 5 44
326 6 46
326 7 44
326 8 41
326 9 39
326 10 45
326 11 42
326 12 38
326 13 41
326 14 41
326 15 42
326 16 45
326 17 45
326 18 38
326 19 39
326 20 44
326 21 40
326 22 40
326 23 40
326 24 43
326 25 43
326 26 45
326 27 44
326 28 43
326 29 42
326 30 42
326 31 44
326 32 45
326 33 41
326 34 38
326 35 41
326 36 42
326 37 40
326 38 42
326 39 46
326 40 41
326 41 43
326 42 43
326 43 39
326 44 44
326 45 41
326 46 39
326 47 40
326 48 41
326 49 40
326 50 47
326 51 44
326 52 45
326 53 44
326 54 40
326 55 43
326 56 41
326 57 44
326 58 41
326 59 41
326 60 42
326 61 45
326 62 43
326 63 40
326 64 40
326 65 38
326 66 42
326 67 40
326 68 47
326 69 46
326 70 44
326 71 44
326 72 44
326 73 42
326 74 45
326 75 44
326 76 42
326 77 45
326 78 46
326 79 41
326 80 44
326 81 40
326 82 39
326 83 44
326 84 44
326 85 42
326 86 41
326 87 40
326 88 46
326 89 41
326 90 44
326 91 45
326 92 43
326 93 42
326 94 43
326 95 44
326 96 43
326 97 40
326 98 42
326 99 40
326 100 45
326 101 44
326 102 43
326 103 43
326 104 44
326 105 46
326 106 40
326 107 41
326 108 42
326 109 43
326 110 44
326 111 47
326 112 39
326 113 40
326 114 41
326 115 43
326 116 41
326 117 43
326 118 42
326 119 42
326 120 43
326 121 41
351 1 43
351 2 47
351 3 42
351 4 45
351 5 42
351 6 45
351 7 43
351 8 39
351 9 43
351 10 44
351 11 40
351 12 42
351 13 42
351 14 44
351 15 42
351 16 39
351 17 41
351 18 43
351 19 42
351 20 40
351 21 45
351 22 40
351 23 41
351 24 39
351 25 46
351 26 42
351 27 41
351 28 40
351 29 40
351 30 41
351 31 42
351 32 44
351 33 47
351 34 40
351 35 40
351 36 44
351 37 41
351 38 41
351 39 39
351 40 40
351 41 40
351 42 40
351 43 43
351 44 41
351 45 43
351 46 40
351 47 43
351 48 41
351 49 40
351 50 41
351 51 41
351 52 44
351 53 43
351 54 41
351 55 40
351 56 41
351 57 43
351 58 43
351 59 41
351 60 41
351 61 40
351 62 43
351 63 44
351 64 41
351 65 45
351 66 39
351 67 41
351 68 41
351 69 40
351 70 42
351 71 43
351 72 42
351 73 39
351 74 42
351 75 40
351 76 45
351 77 41
351 78 44
351 79 41
351 80 42
351 81 44
351 82 41
351 83 41
351 84 41
351 85 42
351 86 43
351 87 40
351 88 42
351 89 45
351 90 43
351 91 39
351 92 41
351 93 41
351 94 42
351 95 40
351 96 42
351 97 38
351 98 45
351 99 40
351 100 43
351 101 48
351 102 42
351 103 41
351 104 44
351 105 41
351 106 42
351 107 41
351 108 44
351 109 43
351 110 44
351 111 43
351 112 43
351 113 44
351 114 39
351 115 40
351 116 42
351 117 40
351 118 41
351 119 42
351 120 41
351 121 45
376 1 40
376 2 43
376 3 43
376 4 43
376 5 46
376 6 44
376 7 42
376 8 48
376 9 44
376 10 40
376 11 41
376 12 44
376 13 46
376 14 44
376 15 46
376 16 44
376 17 47
376 18 44
376 19 42
376 20 41
376 21 42
376 22 39
376 23 40
376 24 45
376 25 44
376 26 43
376 27 42
376 28 44
376 29 47
376 30 42
376 31 46
376 32 39
376 33 43
376 34 44
376 35 47
376 36 46
376 37 43
376 38 43
376 39 42
376 40 45
376 41 44
376 42 41
376 43 41
376 44 42
376 45 39
376 46 42
376 47 42
376 48 40
376 49 41
376 50 41
376 51 42
376 52 39
376 53 42
376 54 45
376 55 43
376 56 43
376 57 42
376 58 43
376 59 46
376 60 39
376 61 41
376 62 40
376 63 40
376 64 37
376 65 41
376 66 42
376 67 45
376 68 43
376 69 40
376 70 41
376 71 42
376 72 44
376 73 42
376 74 45
376 75 43
376 76 44
376 77 44
376 78 43
376 79 43
376 80 40
376 81 42
376 82 43
376 83 43
376 84 43
376 85 44
376 86 40
376 87 40
376 88 41
376 89 44
376 90 42
376 91 41
376 92 40
376 93 42
376 94 42
376 95 41
376 96 40
376 97 44
376 98 41
376 99 42
376 100 46
376 101 45
376 102 40
376 103 43
376 104 42
376 105 39
376 106 42
376 107 44
376 108 42
376 109 41
376 110 45
376 111 45
376 112 43
376 113 39
376 114 41
376 115 37
376 116 44
376 117 44
376 118 40
376 119 43
376 120 42
376 121 38
401 1 45
401 2 44
401 3 51
401 4 44
401 5 42
401 6 43
401 7 44
401 8 44
401 9 42
401 10 44
401 11 42
401 12 43
401 13 42
401 14 42
401 15 41
401 16 41
401 17 39
401 18 42
401 19 43
401 20 43
401 21 46
401 22 40
401 23 42
401 24 41
401 25 41
401 26 41
401 27 41
401 28 40
401 29 43
401 30 41
401 31 41
401 32 44
401 33 43
401 34 45
401 35 40
401 36 42
401 37 42
401 38 42
401 39 42
401 40 39
401 41 41
401 42 41
401 43 43
401 44 42
401 45 43
401 46 41
401 47 42
401 48 40
401 49 44
401 50 43
401 51 39
401 52 41
401 53 44
401 54 40
401 55 38
401 56 42
401 57 47
401 58 41
401 59 43
401 60 45
401 61 42
401 62 41
401 63 38
401 64 42
401 65 40
401 66 40
401 67 42
401 68 43
401 69 39
401 70 42
401 71 41
401 72 43
401 73 40
401 74 40
401 75 44
401 76 43
401 77 44
401 78 40
401 79 43
401 80 39
401 81 42
401 82 45
401 83 41
401 84 41
401 85 43
401 86 43
401 87 41
401 88 44
401 89 45
401 90 46
401 91 44
401 92 44
401 93 42
401 94 44
401 95 47
401 96 43
401 97 43
401 98 43
401 99 42
401 100 44
401 101 40
401 102 40
401 103 42
401 104 42
401 105 42
401 106 42
401 107 42
401 108 48
401 109 46
401 110 45
401 111 41
401 112 41
401 113 42
401 114 40
401 115 43
401 116 41
401 117 44
401 118 43
401 119 43
401 120 41
401 121 41
426 1 42
426 2 45
426 3 44
426 4 45
426 5 44
426 6 41
426 7 43
426 8 47
426 9 42
426 10 41
426 11 41
426 12 44
426 13 46
426 14 40
426 15 41
426 16 43
426 17 42
426 18 45
426 19 47
426 20 43
426 21 40
426 22 42
426 23 45
426 24 44
426 25 42
426 26 47
426 27 44
426 28 42
426 29 42
426 30 43
426 31 44
426 32 41
426 33 41
426 34 43
426 35 45
426 36 40
426 37 42
426 38 44
426 39 42
426 40 44
426 41 40
426 42 44
426 43 40
426 44 44
426 45 38
426 46 39
426 47 43
426 48 39
426 49 44
426 50 41
426 51 43
426 52 41
426 53 44
426 54 42
426 55 44
426 56 43
426 57 41
426 58 40
426 59 42
426 60 43
426 61 43
426 62 39
426 63 40
426 64 37
426 65 41
426 66 45
426 67 41
426 68 41
426 69 43
426 70 39
426 71 38
426 72 42
426 73 44
426 74 41
426 75 42
426 76 46
426 77 39
426 78 43
426 79 43
426 80 41
426 81 40
426 82 39
426 83 44
426 84 42
426 85 41
426 86 41
426 87 43
426 88 44
426 89 44
426 90 45
426 91 48
426 92 43
426 93 43
426 94 43
426 95 41
426 96 40
426 97 44
426 98 43
426 99 40
426 100 42
426 101 43
426 102 42
426 103 43
426 104 44
426 105 40
426 106 41
426 107 44
426 108 47
426 109 40
426 110 42
426 111 42
426 112 37
426 113 41
426 114 43
426 115 42
426 116 40
426 117 43
426 118 46
426 119 43
426 120 40
426 121 46
451 1 42
451 2 43
451 3 43
451 4 46
451 5 46
451 6 40
451 7 39
451 8 45
451 9 40
451 10 42
451 11 45
451 12 41
451 13 42
451 14 40
451 15 44
451 16 41
451 17 44
451 18 46
451 19 40
451 20 43
451 21 45
451 22 41
451 23 44
451 24 45
451 25 41
451 26 45
451 27 41
451 28 46
451 29 39
451 30 40
451 31 40
451 32 43
451 33 44
451 34 41
451 35 42
451 36 44
451 37 46
451 38 42
451 39 41
451 40 45
451 41 40
451 42 42
451 43 45
451 44 40
451 45 39
451 46 43
451 47 41
451 48 41
451 49 40
451 50 41
451 51 41
451 52 43
451 53 40
451 54 40
451 55 39
451 56 41
451 57 42
451 58 41
451 59 42
451 60 43
451 61 41
451 62 41
451 63 39
451 64 41
451 65 42
451 66 41
451 67 41
451 68 39
451 69 40
451 70 40
451 71 42
451 72 39
451 73 40
451 74 43
451 75 40
451 76 44
451 77 43
451 78 43
451 79 42
451 80 45
451 81 45
451 82 43
451 83 42
451 84 41
451 85 43
451 86 41
451 87 47
451 88 41
451 89 40
451 90 46
451 91 46
451 92 46
451 93 47
451 94 45
451 95 42
451 96 42
451 97 40
451 98 44
451 99 39
451 100 42
451 101 45
451 102 42
451 103 42
451 104 44
451 105 42
451 106 42
451 107 46
451 108 41
451 109 41
451 110 42
451 111 41
451 112 40
451 113 42
451 114 40
451 115 40
451 116 42
451 117 42
451 118 42
451 119 39
451 120 44
451 121 39
476 1 40
476 2 44
476 3 41
476 4 45
476 5 40
476 6 43
476 7 44
476 8 42
476 9 44
476 10 37
476 11 42
476 12 43
476 13 41
476 14 42
476 15 40
476 16 41
476 17 43
476 18 43
476 19 43
476 20 43
476 21 45
476 22 41
476 23 42
476 24 41
476 25 41
476 26 40
476 27 41
476 28 44
476 29 42
476 30 38
476 31 42
476 32 38
476 33 42
476 34 45
476 35 40
476 36 45
476 37 42
476 38 41
476 39 42
476 40 44
476 41 43
476 42 44
476 43 41
476 44 42
476 45 40
476 46 41
476 47 42
476 48 41
476 49 43
476 50 46
476 51 41
476 52 41
476 53 42
476 54 41
476 55 41
476 56 41
476 57 41
476 58 42
476 59 39
476 60 41
476 61 42
476 62 44
476 63 45
476 64 42
476 65 40
476 66 42
476 67 40
476 68 41
476 69 41
476 70 46
476 71 42
476 72 44
476 73 43
476 74 39
476 75 41
476 76 39
476 77 43
476 78 42
476 79 40
476 80 39
476 81 40
476 82 44
476 83 40
476 84 43
476 85 42
476 86 42
476 87 43
476 88 42
476 89 44
476 90 40
476 91 45
476 92 40
476 93 43
476 94 44
476 95 39
476 96 41
476 97 40
476 98 46
476 99 43
476 100 45
476 101 45
476 102 45
476 103 42
476 104 45
476 105 45
476 106 42
476 107 42
476 108 40
476 109 40
476 110 45
476 111 44
476 112 40
476 113 39
476 114 41
476 115 47
476 116 44
476 117 40
476 118 43
476 119 40
476 120 41
476 121 41
