1 5280
26 4755
51 4553
76 4468
101 4438
126 4393
151 4316
176 4299
201 4283
226 4323
251 4258
276 4299
301 4261
326 4219
351 4215
376 4242
401 4258
426 4227
451 4278
476 4222
501 4238
526 4238
551 4272
576 4285
601 4239
626 4242
651 4229
676 4251
701 4257
726 4302
751 4226
776 4227
801 4204
826 4232
851 4246
876 4221
901 4240
926 4275
951 4220
976 4257
1001 4212
1026 4231
1051 4309
1076 4286
1101 4234
1126 4264
1151 4213
1176 4233
1201 4198
1226 4227
1251 4193
1276 4275
1301 4235
1326 4279
1351 4214
1376 4258
1401 4277
1426 4246
1451 4208
1476 4251
1501 4235
1526 4269
1551 4250
1576 4269
1601 4213
1626 4221
1651 4232
1676 4249
1701 4208
1726 4250
1751 4247
1776 4252
1801 4239
1826 4255
1851 4210
1876 4260
1901 4308
1926 4186
1951 4234
1976 4234
