1 5199
26 4090
51 4233
76 4475
101 4443
126 4481
151 4425
176 4472
201 4487
226 4483
251 4499
276 4463
301 4436
326 4457
351 4465
376 4472
401 4510
426 4506
451 4511
476 4482
501 4484
526 4524
551 4521
576 4451
601 4520
626 4424
651 4583
676 4465
701 4449
726 4544
751 4530
776 4539
801 4521
826 4488
851 4422
876 4466
901 4495
926 4510
951 4525
976 4479
1001 4516
1026 4530
1051 4508
1076 4496
1101 4525
1126 4442
1151 4543
1176 4505
1201 4604
1226 4509
1251 4515
1276 4516
1301 4555
1326 4508
1351 4481
1376 4489
1401 4526
1426 4540
1451 4512
1476 4497
1501 4508
1526 4478
1551 4481
1576 4455
1601 4415
1626 4442
1651 4523
1676 4543
1701 4554
1726 4561
1751 4537
1776 4557
1801 4537
1826 4465
1851 4500
1876 4526
1901 4499
1926 4545
1951 4553
1976 4506
