1 4509
26 2745
51 2770
76 2779
101 2772
126 2705
151 2719
176 2732
201 2693
226 2757
251 2732
276 2736
301 2743
326 2741
351 2722
376 2677
401 2746
426 2710
451 2658
476 2698
501 2678
526 2748
551 2742
576 2708
601 2686
626 2688
651 2716
676 2660
701 2708
726 2701
751 2707
776 2689
801 2713
826 2696
851 2701
876 2706
901 2704
926 2710
951 2713
976 2691
1001 2695
1026 2666
1051 2718
1076 2700
1101 2684
1126 2682
1151 2658
1176 2682
1201 2683
1226 2712
1251 2719
1276 2690
1301 2723
1326 2672
1351 2689
1376 2705
1401 2706
1426 2665
1451 2713
1476 2697
1501 2706
1526 2686
1551 2649
1576 2693
1601 2669
1626 2696
1651 2668
1676 2672
1701 2712
1726 2694
1751 2661
1776 2672
1801 2671
1826 2677
1851 2691
1876 2665
1901 2722
1926 2702
1951 2677
1976 2698
