1 1 48
1 2 49
1 3 46
1 4 43
1 5 45
1 6 45
1 7 44
1 8 45
1 9 46
1 10 44
1 11 44
1 12 45
1 13 49
1 14 46
1 15 48
1 16 43
1 17 44
1 18 46
1 19 50
1 20 47
1 21 43
1 22 39
1 23 45
1 24 50
1 25 43
1 26 40
1 27 45
1 28 43
1 29 47
1 30 49
1 31 45
1 32 39
1 33 39
1 34 44
1 35 48
1 36 46
1 37 42
1 38 45
1 39 49
1 40 49
1 41 46
1 42 45
1 43 35
1 44 40
1 45 41
1 46 47
1 47 42
1 48 43
1 49 46
1 50 49
1 51 48
1 52 50
1 53 45
1 54 43
1 55 42
1 56 47
1 57 47
1 58 49
1 59 49
1 60 48
1 61 48
1 62 46
1 63 44
1 64 49
1 65 47
1 66 45
1 67 47
1 68 47
1 69 46
1 70 48
1 71 49
1 72 47
1 73 45
1 74 49
1 75 49
1 76 46
1 77 48
1 78 41
1 79 46
1 80 47
1 81 47
1 82 48
1 83 49
1 84 50
1 85 46
1 86 43
1 87 44
1 88 46
1 89 46
1 90 48
1 91 44
1 92 45
1 93 48
1 94 43
1 95 46
1 96 44
1 97 44
1 98 46
1 99 44
1 100 49
1 101 48
1 102 48
1 103 48
1 104 46
1 105 42
1 106 45
1 107 44
1 108 44
1 109 45
1 110 44
1 111 46
1 112 46
1 113 43
1 114 46
1 115 47
1 116 45
1 117 43
1 118 43
1 119 44
1 120 46
1 121 46
26 1 43
26 2 46
26 3 40
26 4 43
26 5 43
26 6 42
26 7 46
26 8 43
26 9 41
26 10 29
26 11 19
26 12 42
26 13 48
26 14 42
26 15 42
26 16 46
26 17 42
26 18 45
26 19 43
26 20 38
26 21 17
26 22 19
26 23 49
26 24 43
26 25 42
26 26 38
26 27 47
26 28 49
26 29 44
26 30 40
26 31 40
26 32 20
26 33 15
26 34 40
26 35 40
26 36 42
26 37 37
26 38 46
26 39 40
26 40 45
26 41 43
26 42 45
26 43 18
26 44 11
26 45 20
26 46 23
26 47 42
26 48 41
26 49 42
26 50 41
26 51 44
26 52 46
26 53 41
26 54 21
26 55 18
26 56 47
26 57 45
26 58 42
26 59 41
26 60 42
26 61 43
26 62 49
26 63 48
26 64 44
26 65 46
26 66 46
26 67 44
26 68 47
26 69 43
26 70 41
26 71 44
26 72 45
26 73 46
26 74 46
26 75 47
26 76 46
26 77 42
26 78 48
26 79 46
26 80 42
26 81 45
26 82 48
26 83 43
26 84 46
26 85 47
26 86 45
26 87 46
26 88 43
26 89 45
26 90 44
26 91 47
26 92 45
26 93 42
26 94 48
26 95 44
26 96 45
26 97 47
26 98 45
26 99 33
26 100 46
26 101 47
26 102 46
26 103 44
26 104 45
26 105 46
26 106 43
26 107 42
26 108 45
26 109 42
26 110 42
26 111 43
26 112 47
26 113 46
26 114 41
26 115 49
26 116 46
26 117 44
26 118 44
26 119 42
26 120 43
26 121 40
51 1 45
51 2 42
51 3 46
51 4 46
51 5 45
51 6 41
51 7 47
51 8 41
51 9 44
51 10 23
51 11 22
51 12 43
51 13 45
51 14 44
51 15 45
51 16 42
51 17 43
51 18 46
51 19 48
51 20 42
51 21 17
51 22 21
51 23 43
51 24 41
51 25 43
51 26 39
51 27 46
51 28 47
51 29 44
51 30 48
51 31 42
51 32 22
51 33 18
51 34 40
51 35 41
51 36 40
51 37 39
51 38 40
51 39 47
51 40 49
51 41 44
51 42 42
51 43 20
51 44 13
51 45 20
51 46 36
51 47 41
51 48 44
51 49 43
51 50 46
51 51 49
51 52 48
51 53 45
51 54 30
51 55 18
51 56 39
51 57 44
51 58 42
51 59 43
51 60 47
51 61 42
51 62 45
51 63 46
51 64 42
51 65 41
51 66 42
51 67 42
51 68 45
51 69 46
51 70 47
51 71 47
51 72 49
51 73 45
51 74 48
51 75 47
51 76 44
51 77 44
51 78 42
51 79 42
51 80 41
51 81 43
51 82 50
51 83 46
51 84 47
51 85 45
51 86 46
51 87 45
51 88 42
51 89 47
51 90 42
51 91 43
51 92 43
51 93 47
51 94 49
51 95 49
51 96 44
51 97 45
51 98 43
51 99 42
51 100 47
51 101 50
51 102 44
51 103 50
51 104 49
51 105 51
51 106 49
51 107 48
51 108 47
51 109 45
51 110 41
51 111 45
51 112 42
51 113 48
51 114 49
51 115 43
51 116 45
51 117 48
51 118 46
51 119 46
51 120 41
51 121 45
76 1 43
76 2 44
76 3 47
76 4 41
76 5 49
76 6 42
76 7 40
76 8 47
76 9 47
76 10 28
76 11 28
76 12 44
76 13 44
76 14 43
76 15 44
76 16 46
76 17 43
76 18 46
76 19 49
76 20 46
76 21 16
76 22 21
76 23 41
76 24 40
76 25 44
76 26 41
76 27 48
76 28 45
76 29 50
76 30 48
76 31 44
76 32 13
76 33 18
76 34 42
76 35 44
76 36 46
76 37 40
76 38 44
76 39 44
76 40 43
76 41 43
76 42 43
76 43 19
76 44 13
76 45 30
76 46 40
76 47 45
76 48 47
76 49 45
76 50 47
76 51 48
76 52 44
76 53 42
76 54 26
76 55 21
76 56 40
76 57 46
76 58 47
76 59 51
76 60 46
76 61 45
76 62 46
76 63 46
76 64 45
76 65 40
76 66 41
76 67 42
76 68 46
76 69 47
76 70 43
76 71 52
76 72 48
76 73 43
76 74 45
76 75 46
76 76 43
76 77 41
76 78 44
76 79 43
76 80 38
76 81 43
76 82 46
76 83 46
76 84 46
76 85 47
76 86 44
76 87 42
76 88 43
76 89 48
76 90 45
76 91 44
76 92 48
76 93 47
76 94 49
76 95 48
76 96 45
76 97 44
76 98 46
76 99 39
76 100 43
76 101 46
76 102 47
76 103 44
76 104 47
76 105 46
76 106 42
76 107 47
76 108 47
76 109 44
76 110 45
76 111 44
76 112 44
76 113 46
76 114 48
76 115 47
76 116 44
76 117 43
76 118 44
76 119 45
76 120 39
76 121 42
101 1 41
101 2 47
101 3 47
101 4 50
101 5 50
101 6 48
101 7 49
101 8 48
101 9 48
101 10 21
101 11 30
101 12 45
101 13 48
101 14 42
101 15 46
101 16 48
101 17 44
101 18 47
101 19 47
101 20 45
101 21 21
101 22 19
101 23 43
101 24 46
101 25 42
101 26 38
101 27 42
101 28 43
101 29 45
101 30 48
101 31 41
101 32 18
101 33 18
101 34 42
101 35 42
101 36 40
101 37 38
101 38 40
101 39 45
101 40 48
101 41 42
101 42 41
101 43 11
101 44 21
101 45 31
101 46 25
101 47 45
101 48 43
101 49 45
101 50 44
101 51 47
101 52 42
101 53 44
101 54 23
101 55 19
101 56 45
101 57 41
101 58 43
101 59 44
101 60 45
101 61 43
101 62 48
101 63 45
101 64 45
101 65 45
101 66 45
101 67 41
101 68 45
101 69 43
101 70 44
101 71 47
101 72 46
101 73 45
101 74 46
101 75 46
101 76 45
101 77 44
101 78 42
101 79 44
101 80 43
101 81 42
101 82 47
101 83 46
101 84 46
101 85 49
101 86 49
101 87 47
101 88 46
101 89 46
101 90 48
101 91 48
101 92 46
101 93 47
101 94 45
101 95 47
101 96 47
101 97 47
101 98 48
101 99 44
101 100 47
101 101 46
101 102 43
101 103 47
101 104 45
101 105 43
101 106 46
101 107 47
101 108 48
101 109 45
101 110 43
101 111 45
101 112 46
101 113 42
101 114 43
101 115 45
101 116 47
101 117 46
101 118 50
101 119 47
101 120 46
101 121 43
126 1 45
126 2 42
126 3 46
126 4 45
126 5 46
126 6 49
126 7 47
126 8 45
126 9 41
126 10 20
126 11 27
126 12 42
126 13 47
126 14 46
126 15 47
126 16 50
126 17 48
126 18 46
126 19 39
126 20 41
126 21 15
126 22 17
126 23 40
126 24 41
126 25 44
126 26 41
126 27 46
126 28 45
126 29 45
126 30 40
126 31 38
126 32 15
126 33 22
126 34 40
126 35 43
126 36 40
126 37 39
126 38 44
126 39 43
126 40 45
126 41 42
126 42 44
126 43 14
126 44 17
126 45 25
126 46 33
126 47 43
126 48 43
126 49 47
126 50 50
126 51 45
126 52 39
126 53 41
126 54 23
126 55 20
126 56 41
126 57 45
126 58 44
126 59 42
126 60 47
126 61 48
126 62 45
126 63 43
126 64 43
126 65 42
126 66 44
126 67 46
126 68 43
126 69 40
126 70 50
126 71 45
126 72 46
126 73 44
126 74 44
126 75 46
126 76 42
126 77 46
126 78 44
126 79 47
126 80 41
126 81 47
126 82 43
126 83 45
126 84 43
126 85 45
126 86 46
126 87 40
126 88 43
126 89 44
126 90 46
126 91 46
126 92 45
126 93 42
126 94 42
126 95 44
126 96 46
126 97 43
126 98 43
126 99 44
126 100 41
126 101 45
126 102 48
126 103 47
126 104 41
126 105 43
126 106 48
126 107 42
126 108 41
126 109 41
126 110 39
126 111 43
126 112 44
126 113 47
126 114 46
126 115 46
126 116 49
126 117 44
126 118 41
126 119 46
126 120 42
126 121 43
151 1 45
151 2 44
151 3 48
151 4 48
151 5 48
151 6 49
151 7 47
151 8 46
151 9 42
151 10 21
151 11 32
151 12 43
151 13 44
151 14 47
151 15 47
151 16 49
151 17 48
151 18 42
151 19 41
151 20 41
151 21 21
151 22 20
151 23 43
151 24 43
151 25 44
151 26 36
151 27 44
151 28 46
151 29 44
151 30 45
151 31 45
151 32 20
151 33 21
151 34 45
151 35 40
151 36 41
151 37 40
151 38 44
151 39 45
151 40 46
151 41 44
151 42 43
151 43 20
151 44 20
151 45 26
151 46 27
151 47 39
151 48 47
151 49 47
151 50 45
151 51 47
151 52 46
151 53 47
151 54 34
151 55 24
151 56 46
151 57 37
151 58 40
151 59 41
151 60 43
151 61 47
151 62 45
151 63 46
151 64 43
151 65 46
151 66 43
151 67 50
151 68 47
151 69 40
151 70 48
151 71 43
151 72 47
151 73 47
151 74 43
151 75 46
151 76 46
151 77 46
151 78 47
151 79 48
151 80 44
151 81 43
151 82 45
151 83 43
151 84 47
151 85 44
151 86 49
151 87 40
151 88 43
151 89 45
151 90 44
151 91 44
151 92 46
151 93 40
151 94 45
151 95 46
151 96 44
151 97 46
151 98 44
151 99 37
151 100 43
151 101 43
151 102 44
151 103 43
151 104 48
151 105 49
151 106 49
151 107 45
151 108 44
151 109 42
151 110 43
151 111 43
151 112 39
151 113 40
151 114 45
151 115 47
151 116 49
151 117 49
151 118 40
151 119 43
151 120 43
151 121 45
176 1 44
176 2 44
176 3 44
176 4 42
176 5 44
176 6 44
176 7 47
176 8 46
176 9 42
176 10 30
176 11 29
176 12 45
176 13 40
176 14 43
176 15 49
176 16 44
176 17 43
176 18 46
176 19 40
176 20 43
176 21 20
176 22 17
176 23 47
176 24 41
176 25 45
176 26 42
176 27 46
176 28 44
176 29 44
176 30 47
176 31 38
176 32 14
176 33 19
176 34 44
176 35 40
176 36 45
176 37 39
176 38 44
176 39 45
176 40 46
176 41 44
176 42 41
176 43 17
176 44 21
176 45 23
176 46 38
176 47 44
176 48 44
176 49 48
176 50 44
176 51 47
176 52 43
176 53 46
176 54 30
176 55 20
176 56 42
176 57 39
176 58 46
176 59 41
176 60 49
176 61 43
176 62 45
176 63 40
176 64 41
176 65 41
176 66 43
176 67 43
176 68 41
176 69 45
176 70 45
176 71 46
176 72 45
176 73 47
176 74 46
176 75 44
176 76 43
176 77 41
176 78 43
176 79 42
176 80 40
176 81 48
176 82 48
176 83 47
176 84 49
176 85 48
176 86 45
176 87 40
176 88 45
176 89 44
176 90 42
176 91 38
176 92 45
176 93 45
176 94 47
176 95 44
176 96 50
176 97 46
176 98 43
176 99 38
176 100 43
176 101 45
176 102 45
176 103 40
176 104 45
176 105 46
176 106 46
176 107 45
176 108 43
176 109 44
176 110 40
176 111 44
176 112 47
176 113 46
176 114 41
176 115 43
176 116 39
176 117 40
176 118 48
176 119 49
176 120 42
176 121 42
201 1 45
201 2 43
201 3 43
201 4 45
201 5 45
201 6 44
201 7 44
201 8 45
201 9 43
201 10 36
201 11 19
201 12 43
201 13 45
201 14 43
201 15 47
201 16 42
201 17 42
201 18 43
201 19 43
201 20 44
201 21 19
201 22 22
201 23 43
201 24 42
201 25 42
201 26 38
201 27 48
201 28 41
201 29 47
201 30 42
201 31 41
201 32 17
201 33 13
201 34 42
201 35 46
201 36 43
201 37 39
201 38 49
201 39 46
201 40 47
201 41 44
201 42 41
201 43 13
201 44 21
201 45 24
201 46 29
201 47 42
201 48 41
201 49 47
201 50 50
201 51 45
201 52 44
201 53 42
201 54 26
201 55 20
201 56 39
201 57 43
201 58 44
201 59 46
201 60 46
201 61 45
201 62 50
201 63 46
201 64 46
201 65 44
201 66 39
201 67 40
201 68 43
201 69 45
201 70 47
201 71 43
201 72 47
201 73 44
201 74 43
201 75 47
201 76 46
201 77 42
201 78 46
201 79 42
201 80 38
201 81 46
201 82 45
201 83 47
201 84 49
201 85 50
201 86 47
201 87 42
201 88 45
201 89 44
201 90 42
201 91 45
201 92 43
201 93 46
201 94 46
201 95 47
201 96 47
201 97 46
201 98 45
201 99 41
201 100 42
201 101 48
201 102 47
201 103 46
201 104 47
201 105 48
201 106 48
201 107 42
201 108 45
201 109 43
201 110 43
201 111 42
201 112 47
201 113 42
201 114 42
201 115 43
201 116 46
201 117 47
201 118 44
201 119 40
201 120 41
201 121 41
226 1 44
226 2 47
226 3 44
226 4 47
226 5 47
226 6 46
226 7 44
226 8 47
226 9 38
226 10 25
226 11 23
226 12 44
226 13 47
226 14 48
226 15 47
226 16 48
226 17 46
226 18 44
226 19 44
226 20 44
226 21 19
226 22 20
226 23 43
226 24 47
226 25 41
226 26 35
226 27 47
226 28 45
226 29 46
226 30 44
226 31 43
226 32 16
226 33 25
226 34 41
226 35 43
226 36 44
226 37 40
226 38 44
226 39 48
226 40 50
226 41 48
226 42 42
226 43 22
226 44 21
226 45 21
226 46 42
226 47 42
226 48 47
226 49 45
226 50 48
226 51 50
226 52 46
226 53 43
226 54 28
226 55 14
226 56 40
226 57 40
226 58 44
226 59 42
226 60 44
226 61 45
226 62 48
226 63 44
226 64 42
226 65 42
226 66 43
226 67 44
226 68 44
226 69 45
226 70 43
226 71 48
226 72 43
226 73 45
226 74 43
226 75 47
226 76 44
226 77 44
226 78 44
226 79 45
226 80 44
226 81 43
226 82 48
226 83 48
226 84 46
226 85 47
226 86 45
226 87 46
226 88 45
226 89 45
226 90 46
226 91 43
226 92 47
226 93 46
226 94 44
226 95 45
226 96 46
226 97 43
226 98 43
226 99 43
226 100 42
226 101 49
226 102 44
226 103 41
226 104 47
226 105 43
226 106 43
226 107 47
226 108 48
226 109 47
226 110 46
226 111 45
226 112 49
226 113 44
226 114 44
226 115 46
226 116 47
226 117 51
226 118 43
226 119 43
226 120 43
226 121 44
251 1 45
251 2 50
251 3 42
251 4 44
251 5 43
251 6 46
251 7 41
251 8 45
251 9 42
251 10 24
251 11 25
251 12 40
251 13 47
251 14 42
251 15 41
251 16 43
251 17 49
251 18 47
251 19 41
251 20 39
251 21 17
251 22 16
251 23 41
251 24 43
251 25 41
251 26 37
251 27 43
251 28 44
251 29 45
251 30 45
251 31 41
251 32 22
251 33 21
251 34 41
251 35 40
251 36 41
251 37 33
251 38 46
251 39 49
251 40 45
251 41 45
251 42 43
251 43 17
251 44 21
251 45 36
251 46 43
251 47 44
251 48 45
251 49 43
251 50 44
251 51 49
251 52 45
251 53 42
251 54 19
251 55 16
251 56 42
251 57 43
251 58 45
251 59 41
251 60 44
251 61 48
251 62 48
251 63 46
251 64 42
251 65 43
251 66 42
251 67 44
251 68 45
251 69 43
251 70 46
251 71 49
251 72 50
251 73 48
251 74 43
251 75 44
251 76 42
251 77 45
251 78 38
251 79 42
251 80 40
251 81 47
251 82 49
251 83 51
251 84 48
251 85 45
251 86 47
251 87 43
251 88 43
251 89 46
251 90 47
251 91 47
251 92 44
251 93 45
251 94 52
251 95 48
251 96 41
251 97 46
251 98 43
251 99 40
251 100 45
251 101 47
251 102 43
251 103 46
251 104 48
251 105 46
251 106 47
251 107 49
251 108 45
251 109 45
251 110 38
251 111 42
251 112 44
251 113 41
251 114 45
251 115 46
251 116 41
251 117 45
251 118 49
251 119 44
251 120 42
251 121 43
276 1 46
276 2 44
276 3 42
276 4 45
276 5 45
276 6 42
276 7 43
276 8 45
276 9 46
276 10 20
276 11 34
276 12 46
276 13 46
276 14 41
276 15 43
276 16 44
276 17 48
276 18 46
276 19 45
276 20 43
276 21 20
276 22 14
276 23 39
276 24 46
276 25 40
276 26 34
276 27 44
276 28 45
276 29 43
276 30 45
276 31 44
276 32 13
276 33 14
276 34 45
276 35 40
276 36 38
276 37 35
276 38 47
276 39 44
276 40 42
276 41 40
276 42 41
276 43 20
276 44 15
276 45 21
276 46 33
276 47 42
276 48 45
276 49 44
276 50 45
276 51 47
276 52 41
276 53 45
276 54 24
276 55 20
276 56 43
276 57 42
276 58 42
276 59 45
276 60 47
276 61 45
276 62 49
276 63 43
276 64 41
276 65 41
276 66 40
276 67 42
276 68 42
276 69 44
276 70 45
276 71 50
276 72 42
276 73 48
276 74 45
276 75 45
276 76 46
276 77 40
276 78 47
276 79 43
276 80 38
276 81 41
276 82 43
276 83 41
276 84 47
276 85 48
276 86 46
276 87 45
276 88 46
276 89 43
276 90 47
276 91 42
276 92 43
276 93 47
276 94 47
276 95 46
276 96 45
276 97 44
276 98 42
276 99 40
276 100 42
276 101 46
276 102 43
276 103 45
276 104 44
276 105 46
276 106 47
276 107 44
276 108 45
276 109 44
276 110 43
276 111 44
276 112 43
276 113 46
276 114 46
276 115 44
276 116 45
276 117 44
276 118 47
276 119 44
276 120 43
276 121 42
301 1 47
301 2 49
301 3 44
301 4 44
301 5 44
301 6 43
301 7 49
301 8 41
301 9 45
301 10 24
301 11 28
301 12 46
301 13 44
301 14 44
301 15 46
301 16 47
301 17 48
301 18 49
301 19 42
301 20 46
301 21 21
301 22 18
301 23 43
301 24 44
301 25 44
301 26 35
301 27 42
301 28 45
301 29 45
301 30 44
301 31 47
301 32 15
301 33 16
301 34 37
301 35 43
301 36 45
301 37 39
301 38 44
301 39 46
301 40 44
301 41 44
301 42 42
301 43 19
301 44 21
301 45 22
301 46 35
301 47 44
301 48 45
301 49 44
301 50 45
301 51 43
301 52 45
301 53 43
301 54 19
301 55 20
301 56 41
301 57 41
301 58 43
301 59 46
301 60 43
301 61 46
301 62 44
301 63 45
301 64 45
301 65 46
301 66 43
301 67 47
301 68 45
301 69 43
301 70 46
301 71 48
301 72 45
301 73 45
301 74 47
301 75 44
301 76 48
301 77 45
301 78 44
301 79 45
301 80 41
301 81 45
301 82 51
301 83 45
301 84 43
301 85 47
301 86 45
301 87 43
301 88 44
301 89 44
301 90 45
301 91 48
301 92 43
301 93 43
301 94 41
301 95 44
301 96 43
301 97 46
301 98 44
301 99 42
301 100 42
301 101 43
301 102 46
301 103 44
301 104 44
301 105 41
301 106 41
301 107 44
301 108 39
301 109 42
301 110 43
301 111 44
301 112 49
301 113 46
301 114 50
301 115 46
301 116 43
301 117 46
301 118 44
301 119 41
301 120 42
301 121 42
326 1 44
326 2 44
326 3 43
326 4 47
326 5 45
326 6 48
326 7 44
326 8 45
326 9 44
326 10 27
326 11 22
326 12 46
326 13 45
326 14 44
326 15 40
326 16 43
326 17 48
326 18 47
326 19 46
326 20 41
326 21 17
326 22 21
326 23 42
326 24 45
326 25 43
326 26 30
326 27 44
326 28 48
326 29 47
326 30 43
326 31 40
326 32 17
326 33 15
326 34 40
326 35 41
326 36 44
326 37 41
326 38 42
326 39 50
326 40 46
326 41 43
326 42 45
326 43 21
326 44 21
326 45 27
326 46 26
326 47 40
326 48 46
326 49 41
326 50 43
326 51 46
326 52 44
326 53 44
326 54 36
326 55 21
326 56 44
326 57 43
326 58 44
326 59 49
326 60 46
326 61 46
326 62 44
326 63 43
326 64 43
326 65 40
326 66 47
326 67 45
326 68 40
326 69 50
326 70 48
326 71 47
326 72 47
326 73 44
326 74 47
326 75 43
326 76 43
326 77 40
326 78 46
326 79 42
326 80 44
326 81 46
326 82 46
326 83 43
326 84 44
326 85 45
326 86 43
326 87 43
326 88 42
326 89 46
326 90 46
326 91 42
326 92 43
326 93 43
326 94 40
326 95 46
326 96 48
326 97 43
326 98 46
326 99 39
326 100 47
326 101 44
326 102 44
326 103 47
326 104 43
326 105 45
326 106 44
326 107 44
326 108 44
326 109 45
326 110 39
326 111 46
326 112 44
326 113 45
326 114 44
326 115 44
326 116 44
326 117 42
326 118 47
326 119 40
326 120 43
326 121 42
351 1 41
351 2 46
351 3 46
351 4 46
351 5 43
351 6 45
351 7 47
351 8 46
351 9 43
351 10 19
351 11 25
351 12 42
351 13 43
351 14 45
351 15 41
351 16 41
351 17 41
351 18 40
351 19 47
351 20 39
351 21 22
351 22 20
351 23 46
351 24 42
351 25 42
351 26 38
351 27 41
351 28 44
351 29 42
351 30 46
351 31 41
351 32 20
351 33 12
351 34 42
351 35 42
351 36 43
351 37 30
351 38 45
351 39 42
351 40 44
351 41 48
351 42 43
351 43 17
351 44 21
351 45 20
351 46 39
351 47 46
351 48 44
351 49 41
351 50 44
351 51 43
351 52 44
351 53 43
351 54 19
351 55 21
351 56 41
351 57 47
351 58 46
351 59 50
351 60 46
351 61 46
351 62 44
351 63 43
351 64 46
351 65 42
351 66 45
351 67 46
351 68 45
351 69 43
351 70 46
351 71 44
351 72 44
351 73 43
351 74 47
351 75 46
351 76 46
351 77 45
351 78 45
351 79 40
351 80 45
351 81 46
351 82 48
351 83 46
351 84 43
351 85 44
351 86 46
351 87 45
351 88 45
351 89 43
351 90 43
351 91 46
351 92 45
351 93 47
351 94 46
351 95 45
351 96 46
351 97 49
351 98 46
351 99 39
351 100 42
351 101 41
351 102 45
351 103 48
351 104 44
351 105 45
351 106 46
351 107 45
351 108 46
351 109 43
351 110 41
351 111 43
351 112 45
351 113 50
351 114 47
351 115 45
351 116 41
351 117 45
351 118 48
351 119 43
351 120 39
351 121 43
376 1 46
376 2 43
376 3 44
376 4 40
376 5 47
376 6 46
376 7 46
376 8 42
376 9 45
376 10 24
376 11 19
376 12 43
376 13 46
376 14 48
376 15 46
376 16 46
376 17 44
376 18 48
376 19 44
376 20 45
376 21 17
376 22 20
376 23 43
376 24 47
376 25 43
376 26 37
376 27 44
376 28 42
376 29 48
376 30 43
376 31 43
376 32 26
376 33 20
376 34 43
376 35 42
376 36 44
376 37 39
376 38 45
376 39 45
376 40 42
376 41 45
376 42 44
376 43 21
376 44 21
376 45 30
376 46 40
376 47 46
376 48 42
376 49 46
376 50 44
376 51 46
376 52 44
376 53 46
376 54 24
376 55 16
376 56 43
376 57 44
376 58 45
376 59 48
376 60 47
376 61 47
376 62 48
376 63 46
376 64 43
376 65 43
376 66 43
376 67 43
376 68 43
376 69 42
376 70 45
376 71 45
376 72 49
376 73 47
376 74 45
376 75 44
376 76 43
376 77 44
376 78 42
376 79 41
376 80 38
376 81 46
376 82 46
376 83 45
376 84 49
376 85 44
376 86 44
376 87 43
376 88 41
376 89 42
376 90 43
376 91 41
376 92 43
376 93 47
376 94 50
376 95 43
376 96 45
376 97 43
376 98 43
376 99 36
376 100 42
376 101 40
376 102 46
376 103 45
376 104 48
376 105 48
376 106 47
376 107 44
376 108 42
376 109 45
376 110 43
376 111 45
376 112 43
376 113 42
376 114 45
376 115 45
376 116 45
376 117 45
376 118 44
376 119 46
376 120 42
376 121 43
401 1 46
401 2 45
401 3 45
401 4 46
401 5 47
401 6 47
401 7 46
401 8 47
401 9 46
401 10 25
401 11 18
401 12 43
401 13 45
401 14 46
401 15 46
401 16 46
401 17 45
401 18 44
401 19 45
401 20 44
401 21 19
401 22 21
401 23 44
401 24 42
401 25 43
401 26 42
401 27 46
401 28 46
401 29 45
401 30 40
401 31 40
401 32 17
401 33 12
401 34 40
401 35 44
401 36 46
401 37 41
401 38 42
401 39 47
401 40 42
401 41 47
401 42 44
401 43 20
401 44 19
401 45 22
401 46 37
401 47 43
401 48 45
401 49 43
401 50 49
401 51 46
401 52 46
401 53 40
401 54 25
401 55 15
401 56 45
401 57 43
401 58 48
401 59 45
401 60 44
401 61 47
401 62 43
401 63 46
401 64 43
401 65 43
401 66 42
401 67 42
401 68 45
401 69 45
401 70 49
401 71 46
401 72 45
401 73 43
401 74 45
401 75 40
401 76 45
401 77 41
401 78 44
401 79 44
401 80 38
401 81 44
401 82 42
401 83 44
401 84 45
401 85 47
401 86 44
401 87 48
401 88 43
401 89 47
401 90 45
401 91 46
401 92 45
401 93 46
401 94 48
401 95 41
401 96 44
401 97 45
401 98 47
401 99 34
401 100 43
401 101 42
401 102 46
401 103 44
401 104 49
401 105 44
401 106 47
401 107 44
401 108 43
401 109 47
401 110 45
401 111 45
401 112 40
401 113 45
401 114 44
401 115 45
401 116 47
401 117 45
401 118 45
401 119 44
401 120 42
401 121 43
426 1 43
426 2 41
426 3 41
426 4 44
426 5 42
426 6 47
426 7 46
426 8 43
426 9 44
426 10 35
426 11 23
426 12 39
426 13 42
426 14 42
426 15 43
426 16 38
426 17 41
426 18 45
426 19 44
426 20 44
426 21 18
426 22 22
426 23 39
426 24 40
426 25 40
426 26 39
426 27 42
426 28 44
426 29 49
426 30 45
426 31 44
426 32 20
426 33 21
426 34 39
426 35 45
426 36 41
426 37 27
426 38 46
426 39 45
426 40 46
426 41 47
426 42 40
426 43 14
426 44 13
426 45 24
426 46 35
426 47 43
426 48 48
426 49 45
426 50 45
426 51 42
426 52 42
426 53 41
426 54 28
426 55 16
426 56 40
426 57 43
426 58 45
426 59 46
426 60 46
426 61 49
426 62 49
426 63 47
426 64 44
426 65 44
426 66 45
426 67 44
426 68 44
426 69 43
426 70 45
426 71 45
426 72 43
426 73 44
426 74 45
426 75 43
426 76 44
426 77 40
426 78 42
426 79 40
426 80 40
426 81 47
426 82 42
426 83 48
426 84 44
426 85 48
426 86 49
426 87 44
426 88 41
426 89 45
426 90 46
426 91 47
426 92 46
426 93 43
426 94 46
426 95 40
426 96 44
426 97 50
426 98 46
426 99 36
426 100 43
426 101 45
426 102 50
426 103 47
426 104 45
426 105 41
426 106 41
426 107 38
426 108 42
426 109 45
426 110 43
426 111 44
426 112 42
426 113 46
426 114 46
426 115 46
426 116 47
426 117 47
426 118 43
426 119 41
426 120 40
426 121 41
451 1 40
451 2 42
451 3 46
451 4 44
451 5 44
451 6 43
451 7 42
451 8 46
451 9 41
451 10 20
451 11 20
451 12 41
451 13 41
451 14 46
451 15 45
451 16 47
451 17 47
451 18 48
451 19 48
451 20 45
451 21 20
451 22 20
451 23 41
451 24 38
451 25 40
451 26 43
451 27 45
451 28 49
451 29 50
451 30 44
451 31 47
451 32 16
451 33 15
451 34 42
451 35 42
451 36 41
451 37 41
451 38 41
451 39 45
451 40 43
451 41 44
451 42 46
451 43 23
451 44 17
451 45 23
451 46 33
451 47 41
451 48 42
451 49 46
451 50 41
451 51 45
451 52 46
451 53 39
451 54 22
451 55 13
451 56 46
451 57 46
451 58 45
451 59 47
451 60 42
451 61 45
451 62 42
451 63 42
451 64 41
451 65 45
451 66 47
451 67 48
451 68 45
451 69 45
451 70 44
451 71 45
451 72 47
451 73 43
451 74 40
451 75 44
451 76 45
451 77 51
451 78 48
451 79 45
451 80 42
451 81 46
451 82 50
451 83 49
451 84 47
451 85 42
451 86 46
451 87 43
451 88 46
451 89 43
451 90 43
451 91 46
451 92 41
451 93 48
451 94 52
451 95 47
451 96 44
451 97 42
451 98 47
451 99 36
451 100 43
451 101 47
451 102 49
451 103 46
451 104 50
451 105 46
451 106 46
451 107 43
451 108 41
451 109 46
451 110 47
451 111 42
451 112 42
451 113 47
451 114 40
451 115 43
451 116 46
451 117 46
451 118 42
451 119 44
451 120 41
451 121 46
476 1 46
476 2 46
476 3 45
476 4 45
476 5 48
476 6 50
476 7 50
476 8 46
476 9 47
476 10 20
476 11 21
476 12 42
476 13 43
476 14 43
476 15 46
476 16 49
476 17 44
476 18 44
476 19 46
476 20 44
476 21 22
476 22 18
476 23 46
476 24 45
476 25 47
476 26 34
476 27 42
476 28 45
476 29 48
476 30 48
476 31 42
476 32 22
476 33 11
476 34 41
476 35 44
476 36 43
476 37 39
476 38 42
476 39 43
476 40 48
476 41 46
476 42 41
476 43 20
476 44 20
476 45 31
476 46 42
476 47 44
476 48 43
476 49 43
476 50 46
476 51 44
476 52 47
476 53 45
476 54 25
476 55 12
476 56 46
476 57 41
476 58 46
476 59 42
476 60 42
476 61 47
476 62 45
476 63 48
476 64 44
476 65 43
476 66 42
476 67 46
476 68 47
476 69 47
476 70 42
476 71 49
476 72 44
476 73 47
476 74 42
476 75 48
476 76 47
476 77 46
476 78 43
476 79 50
476 80 46
476 81 45
476 82 48
476 83 49
476 84 45
476 85 50
476 86 46
476 87 44
476 88 43
476 89 43
476 90 41
476 91 45
476 92 43
476 93 45
476 94 49
476 95 43
476 96 47
476 97 45
476 98 44
476 99 37
476 100 44
476 101 45
476 102 46
476 103 45
476 104 43
476 105 44
476 106 46
476 107 45
476 108 44
476 109 44
476 110 47
476 111 43
476 112 43
476 113 46
476 114 46
476 115 41
476 116 47
476 117 47
476 118 44
476 119 47
476 120 43
476 121 42
501 1 45
501 2 44
501 3 45
501 4 45
501 5 44
501 6 50
501 7 52
501 8 47
501 9 47
501 10 22
501 11 18
501 12 44
501 13 43
501 14 43
501 15 41
501 16 43
501 17 50
501 18 46
501 19 42
501 20 41
501 21 18
501 22 15
501 23 44
501 24 41
501 25 45
501 26 43
501 27 47
501 28 45
501 29 46
501 30 43
501 31 45
501 32 18
501 33 27
501 34 43
501 35 46
501 36 49
501 37 43
501 38 42
501 39 46
501 40 48
501 41 45
501 42 43
501 43 25
501 44 11
501 45 19
501 46 37
501 47 44
501 48 48
501 49 42
501 50 44
501 51 47
501 52 44
501 53 42
501 54 29
501 55 21
501 56 43
501 57 43
501 58 45
501 59 47
501 60 44
501 61 47
501 62 44
501 63 42
501 64 46
501 65 47
501 66 45
501 67 46
501 68 42
501 69 48
501 70 48
501 71 45
501 72 49
501 73 48
501 74 46
501 75 46
501 76 45
501 77 49
501 78 45
501 79 46
501 80 46
501 81 47
501 82 50
501 83 49
501 84 47
501 85 45
501 86 44
501 87 39
501 88 45
501 89 43
501 90 47
501 91 47
501 92 47
501 93 48
501 94 41
501 95 45
501 96 44
501 97 48
501 98 46
501 99 35
501 100 43
501 101 50
501 102 46
501 103 49
501 104 42
501 105 46
501 106 47
501 107 41
501 108 47
501 109 45
501 110 43
501 111 47
501 112 41
501 113 46
501 114 46
501 115 49
501 116 45
501 117 43
501 118 45
501 119 46
501 120 42
501 121 40
526 1 46
526 2 44
526 3 48
526 4 46
526 5 48
526 6 47
526 7 44
526 8 42
526 9 39
526 10 20
526 11 25
526 12 42
526 13 42
526 14 45
526 15 47
526 16 45
526 17 46
526 18 46
526 19 49
526 20 43
526 21 18
526 22 16
526 23 47
526 24 44
526 25 41
526 26 45
526 27 47
526 28 47
526 29 52
526 30 42
526 31 42
526 32 20
526 33 18
526 34 41
526 35 47
526 36 44
526 37 45
526 38 47
526 39 48
526 40 44
526 41 42
526 42 39
526 43 25
526 44 20
526 45 17
526 46 34
526 47 45
526 48 45
526 49 47
526 50 42
526 51 44
526 52 43
526 53 43
526 54 17
526 55 12
526 56 43
526 57 45
526 58 43
526 59 45
526 60 50
526 61 47
526 62 47
526 63 42
526 64 46
526 65 42
526 66 41
526 67 41
526 68 43
526 69 46
526 70 46
526 71 47
526 72 44
526 73 46
526 74 48
526 75 48
526 76 45
526 77 42
526 78 45
526 79 42
526 80 43
526 81 47
526 82 46
526 83 46
526 84 47
526 85 47
526 86 47
526 87 40
526 88 43
526 89 46
526 90 49
526 91 45
526 92 46
526 93 46
526 94 46
526 95 49
526 96 48
526 97 47
526 98 47
526 99 42
526 100 46
526 101 47
526 102 48
526 103 46
526 104 45
526 105 46
526 106 44
526 107 43
526 108 47
526 109 45
526 110 40
526 111 44
526 112 42
526 113 41
526 114 47
526 115 48
526 116 45
526 117 44
526 118 46
526 119 44
526 120 43
526 121 42
551 1 44
551 2 44
551 3 50
551 4 47
551 5 48
551 6 46
551 7 44
551 8 45
551 9 44
551 10 27
551 11 28
551 12 42
551 13 43
551 14 45
551 15 47
551 16 49
551 17 44
551 18 43
551 19 47
551 20 44
551 21 13
551 22 19
551 23 42
551 24 45
551 25 42
551 26 33
551 27 45
551 28 44
551 29 47
551 30 46
551 31 40
551 32 16
551 33 18
551 34 42
551 35 43
551 36 37
551 37 39
551 38 45
551 39 42
551 40 40
551 41 45
551 42 43
551 43 11
551 44 13
551 45 22
551 46 42
551 47 46
551 48 42
551 49 45
551 50 45
551 51 40
551 52 41
551 53 45
551 54 20
551 55 14
551 56 46
551 57 49
551 58 47
551 59 45
551 60 46
551 61 45
551 62 47
551 63 46
551 64 42
551 65 38
551 66 39
551 67 43
551 68 47
551 69 42
551 70 44
551 71 50
551 72 47
551 73 51
551 74 46
551 75 43
551 76 41
551 77 44
551 78 40
551 79 44
551 80 44
551 81 47
551 82 52
551 83 47
551 84 49
551 85 43
551 86 42
551 87 44
551 88 44
551 89 43
551 90 45
551 91 48
551 92 47
551 93 47
551 94 46
551 95 41
551 96 42
551 97 45
551 98 43
551 99 42
551 100 41
551 101 44
551 102 45
551 103 48
551 104 42
551 105 47
551 106 47
551 107 48
551 108 48
551 109 41
551 110 44
551 111 42
551 112 44
551 113 46
551 114 43
551 115 45
551 116 44
551 117 45
551 118 48
551 119 47
551 120 44
551 121 42
576 1 42
576 2 44
576 3 44
576 4 46
576 5 48
576 6 49
576 7 48
576 8 44
576 9 41
576 10 33
576 11 19
576 12 39
576 13 42
576 14 43
576 15 43
576 16 43
576 17 45
576 18 46
576 19 42
576 20 43
576 21 18
576 22 17
576 23 41
576 24 38
576 25 41
576 26 40
576 27 43
576 28 47
576 29 42
576 30 41
576 31 46
576 32 15
576 33 20
576 34 42
576 35 41
576 36 42
576 37 40
576 38 42
576 39 47
576 40 46
576 41 43
576 42 44
576 43 19
576 44 13
576 45 21
576 46 31
576 47 42
576 48 45
576 49 45
576 50 45
576 51 47
576 52 45
576 53 43
576 54 25
576 55 21
576 56 42
576 57 41
576 58 40
576 59 49
576 60 47
576 61 45
576 62 40
576 63 42
576 64 41
576 65 39
576 66 44
576 67 49
576 68 46
576 69 50
576 70 43
576 71 44
576 72 47
576 73 42
576 74 51
576 75 47
576 76 45
576 77 46
576 78 47
576 79 40
576 80 42
576 81 45
576 82 46
576 83 46
576 84 46
576 85 41
576 86 49
576 87 45
576 88 45
576 89 44
576 90 50
576 91 46
576 92 48
576 93 48
576 94 46
576 95 46
576 96 45
576 97 43
576 98 46
576 99 43
576 100 47
576 101 45
576 102 47
576 103 45
576 104 48
576 105 46
576 106 43
576 107 46
576 108 41
576 109 42
576 110 47
576 111 46
576 112 43
576 113 43
576 114 46
576 115 48
576 116 47
576 117 44
576 118 43
576 119 43
576 120 40
576 121 45
601 1 45
601 2 49
601 3 44
601 4 46
601 5 54
601 6 50
601 7 51
601 8 47
601 9 44
601 10 24
601 11 22
601 12 42
601 13 43
601 14 40
601 15 44
601 16 48
601 17 49
601 18 48
601 19 48
601 20 47
601 21 22
601 22 22
601 23 42
601 24 44
601 25 44
601 26 44
601 27 42
601 28 47
601 29 49
601 30 42
601 31 43
601 32 17
601 33 17
601 34 42
601 35 41
601 36 43
601 37 37
601 38 40
601 39 44
601 40 41
601 41 45
601 42 40
601 43 22
601 44 25
601 45 34
601 46 36
601 47 39
601 48 45
601 49 45
601 50 48
601 51 45
601 52 47
601 53 46
601 54 28
601 55 23
601 56 47
601 57 45
601 58 45
601 59 47
601 60 47
601 61 52
601 62 46
601 63 48
601 64 45
601 65 41
601 66 44
601 67 48
601 68 50
601 69 43
601 70 44
601 71 47
601 72 45
601 73 49
601 74 47
601 75 42
601 76 46
601 77 47
601 78 47
601 79 47
601 80 45
601 81 47
601 82 49
601 83 46
601 84 48
601 85 48
601 86 44
601 87 42
601 88 47
601 89 46
601 90 49
601 91 48
601 92 45
601 93 47
601 94 48
601 95 43
601 96 47
601 97 44
601 98 46
601 99 44
601 100 43
601 101 47
601 102 45
601 103 46
601 104 48
601 105 46
601 106 47
601 107 44
601 108 42
601 109 42
601 110 43
601 111 48
601 112 48
601 113 49
601 114 47
601 115 48
601 116 49
601 117 50
601 118 49
601 119 45
601 120 46
601 121 41
626 1 46
626 2 49
626 3 46
626 4 46
626 5 45
626 6 47
626 7 45
626 8 45
626 9 46
626 10 30
626 11 22
626 12 43
626 13 45
626 14 47
626 15 46
626 16 48
626 17 47
626 18 49
626 19 50
626 20 43
626 21 24
626 22 20
626 23 46
626 24 42
626 25 42
626 26 42
626 27 47
626 28 45
626 29 45
626 30 47
626 31 44
626 32 22
626 33 11
626 34 44
626 35 39
626 36 44
626 37 44
626 38 48
626 39 49
626 40 45
626 41 45
626 42 41
626 43 22
626 44 16
626 45 34
626 46 38
626 47 44
626 48 44
626 49 44
626 50 46
626 51 46
626 52 46
626 53 44
626 54 34
626 55 20
626 56 43
626 57 44
626 58 43
626 59 46
626 60 44
626 61 48
626 62 48
626 63 43
626 64 45
626 65 42
626 66 45
626 67 44
626 68 48
626 69 45
626 70 45
626 71 43
626 72 43
626 73 48
626 74 48
626 75 44
626 76 45
626 77 43
626 78 44
626 79 44
626 80 40
626 81 42
626 82 49
626 83 45
626 84 44
626 85 47
626 86 45
626 87 49
626 88 42
626 89 46
626 90 40
626 91 45
626 92 37
626 93 47
626 94 45
626 95 45
626 96 46
626 97 45
626 98 48
626 99 36
626 100 48
626 101 45
626 102 48
626 103 46
626 104 47
626 105 48
626 106 41
626 107 47
626 108 46
626 109 42
626 110 39
626 111 47
626 112 43
626 113 43
626 114 43
626 115 49
626 116 47
626 117 43
626 118 43
626 119 42
626 120 41
626 121 42
651 1 43
651 2 42
651 3 47
651 4 47
651 5 45
651 6 45
651 7 48
651 8 46
651 9 41
651 10 20
651 11 25
651 12 42
651 13 43
651 14 45
651 15 44
651 16 45
651 17 43
651 18 45
651 19 48
651 20 41
651 21 21
651 22 24
651 23 46
651 24 49
651 25 44
651 26 42
651 27 45
651 28 47
651 29 42
651 30 45
651 31 45
651 32 24
651 33 27
651 34 45
651 35 44
651 36 47
651 37 42
651 38 44
651 39 47
651 40 45
651 41 43
651 42 44
651 43 19
651 44 22
651 45 27
651 46 39
651 47 41
651 48 43
651 49 41
651 50 42
651 51 44
651 52 46
651 53 43
651 54 25
651 55 19
651 56 45
651 57 41
651 58 47
651 59 45
651 60 47
651 61 45
651 62 44
651 63 46
651 64 46
651 65 43
651 66 45
651 67 47
651 68 48
651 69 45
651 70 48
651 71 42
651 72 44
651 73 42
651 74 44
651 75 47
651 76 47
651 77 46
651 78 51
651 79 45
651 80 40
651 81 43
651 82 44
651 83 42
651 84 43
651 85 43
651 86 46
651 87 43
651 88 43
651 89 49
651 90 44
651 91 47
651 92 43
651 93 42
651 94 44
651 95 46
651 96 46
651 97 44
651 98 45
651 99 43
651 100 46
651 101 45
651 102 45
651 103 44
651 104 48
651 105 49
651 106 47
651 107 47
651 108 46
651 109 46
651 110 44
651 111 49
651 112 45
651 113 40
651 114 44
651 115 43
651 116 48
651 117 45
651 118 45
651 119 44
651 120 44
651 121 46
676 1 41
676 2 41
676 3 48
676 4 47
676 5 41
676 6 47
676 7 48
676 8 45
676 9 41
676 10 28
676 11 20
676 12 42
676 13 48
676 14 46
676 15 43
676 16 41
676 17 43
676 18 44
676 19 45
676 20 46
676 21 19
676 22 19
676 23 41
676 24 46
676 25 45
676 26 42
676 27 44
676 28 44
676 29 44
676 30 45
676 31 43
676 32 11
676 33 20
676 34 41
676 35 45
676 36 