1 4218
26 2020
51 1935
76 1969
101 1950
126 1978
151 1969
176 1986
201 1950
226 1980
251 1969
276 1949
301 1996
326 1938
351 1992
376 1969
401 1948
426 1933
451 1912
476 1958
501 1932
526 1928
551 1974
576 1921
601 1944
626 1952
651 1900
676 1964
701 1970
726 1942
751 1960
776 1918
801 1932
826 1922
851 1907
876 1970
901 1908
926 1929
951 1886
976 1951
1001 1942
1026 1913
1051 1903
1076 1931
1101 1910
1126 1902
1151 1897
1176 1961
1201 1899
1226 1935
1251 1966
1276 1914
1301 1903
1326 1905
1351 1915
1376 1906
1401 1911
1426 1899
1451 1923
1476 1910
1501 1861
1526 1914
1551 1936
1576 1903
1601 1850
1626 1906
1651 1914
1676 1899
1701 1907
1726 1937
1751 1915
1776 1919
1801 1952
1826 1921
1851 1889
1876 1915
1901 1931
1926 1918
1951 1893
1976 1923
