1 1 22
1 2 0
1 3 48
1 4 0
1 5 0
1 6 42
1 7 16
1 8 0
1 9 189
1 10 0
1 11 0
1 12 0
1 13 189
1 14 31
1 15 115
1 16 0
1 17 52
1 18 248
1 19 28
1 20 101
1 21 28
1 22 0
1 23 39
1 24 0
1 25 44
1 26 0
1 27 0
1 28 0
1 29 0
1 30 0
1 31 0
1 32 26
1 33 0
1 34 0
1 35 0
1 36 0
1 37 0
1 38 0
1 39 0
1 40 0
1 41 177
1 42 0
1 43 0
1 44 60
1 45 0
1 46 0
1 47 0
1 48 66
1 49 298
1 50 0
1 51 41
1 52 0
1 53 407
1 54 0
1 55 0
1 56 0
1 57 23
1 58 0
1 59 26
1 60 107
1 61 0
1 62 170
1 63 133
1 64 0
1 65 0
1 66 12
1 67 0
1 68 0
1 69 0
1 70 177
1 71 127
1 72 0
1 73 11
1 74 0
1 75 82
1 76 0
1 77 0
1 78 0
1 79 30
1 80 0
1 81 173
1 82 23
1 83 30
1 84 0
1 85 0
1 86 0
1 87 0
1 88 30
1 89 0
1 90 18
1 91 58
1 92 341
1 93 0
1 94 0
1 95 232
26 1 23
26 2 0
26 3 31
26 4 0
26 5 0
26 6 31
26 7 16
26 8 0
26 9 89
26 10 0
26 11 0
26 12 0
26 13 109
26 14 32
26 15 120
26 16 0
26 17 30
26 18 165
26 19 0
26 20 92
26 21 30
26 22 0
26 23 47
26 24 0
26 25 0
26 26 0
26 27 0
26 28 0
26 29 0
26 30 0
26 31 0
26 32 29
26 33 0
26 34 0
26 35 0
26 36 0
26 37 0
26 38 0
26 39 0
26 40 0
26 41 137
26 42 0
26 43 0
26 44 0
26 45 0
26 46 0
26 47 0
26 48 66
26 49 256
26 50 0
26 51 33
26 52 0
26 53 416
26 54 0
26 55 0
26 56 0
26 57 0
26 58 0
26 59 31
26 60 84
26 61 0
26 62 139
26 63 102
26 64 0
26 65 0
26 66 5
26 67 0
26 68 0
26 69 0
26 70 126
26 71 114
26 72 0
26 73 10
26 74 0
26 75 69
26 76 0
26 77 0
26 78 0
26 79 28
26 80 0
26 81 107
26 82 23
26 83 0
26 84 0
26 85 0
26 86 0
26 87 0
26 88 36
26 89 0
26 90 20
26 91 30
26 92 260
26 93 0
26 94 0
26 95 74
51 1 23
51 2 0
51 3 30
51 4 0
51 5 0
51 6 32
51 7 18
51 8 0
51 9 82
51 10 0
51 11 0
51 12 0
51 13 114
51 14 30
51 15 132
51 16 0
51 17 29
51 18 174
51 19 0
51 20 98
51 21 21
51 22 0
51 23 40
51 24 0
51 25 0
51 26 0
51 27 0
51 28 0
51 29 0
51 30 0
51 31 0
51 32 23
51 33 0
51 34 0
51 35 0
51 36 0
51 37 0
51 38 0
51 39 0
51 40 0
51 41 128
51 42 0
51 43 0
51 44 0
51 45 0
51 46 0
51 47 0
51 48 62
51 49 251
51 50 0
51 51 27
51 52 0
51 53 387
51 54 0
51 55 0
51 56 0
51 57 0
51 58 0
51 59 26
51 60 92
51 61 0
51 62 127
51 63 108
51 64 0
51 65 0
51 66 0
51 67 0
51 68 0
51 69 0
51 70 123
51 71 118
51 72 0
51 73 5
51 74 0
51 75 64
51 76 0
51 77 0
51 78 0
51 79 29
51 80 0
51 81 89
51 82 25
51 83 0
51 84 0
51 85 0
51 86 0
51 87 0
51 88 28
51 89 0
51 90 24
51 91 30
51 92 255
51 93 0
51 94 0
51 95 91
76 1 16
76 2 0
76 3 24
76 4 0
76 5 0
76 6 26
76 7 15
76 8 0
76 9 86
76 10 0
76 11 0
76 12 0
76 13 109
76 14 27
76 15 138
76 16 0
76 17 27
76 18 174
76 19 0
76 20 111
76 21 17
76 22 0
76 23 42
76 24 0
76 25 0
76 26 0
76 27 0
76 28 0
76 29 0
76 30 0
76 31 0
76 32 29
76 33 0
76 34 0
76 35 0
76 36 0
76 37 0
76 38 0
76 39 0
76 40 0
76 41 132
76 42 0
76 43 0
76 44 0
76 45 0
76 46 0
76 47 0
76 48 62
76 49 252
76 50 0
76 51 24
76 52 0
76 53 408
76 54 0
76 55 0
76 56 0
76 57 0
76 58 0
76 59 30
76 60 86
76 61 0
76 62 102
76 63 98
76 64 0
76 65 0
76 66 0
76 67 0
76 68 0
76 69 0
76 70 129
76 71 116
76 72 0
76 73 0
76 74 0
76 75 67
76 76 0
76 77 0
76 78 0
76 79 28
76 80 0
76 81 98
76 82 22
76 83 0
76 84 0
76 85 0
76 86 0
76 87 0
76 88 31
76 89 0
76 90 20
76 91 19
76 92 248
76 93 0
76 94 0
76 95 86
101 1 23
101 2 0
101 3 31
101 4 0
101 5 0
101 6 32
101 7 10
101 8 0
101 9 89
101 10 0
101 11 0
101 12 0
101 13 114
101 14 31
101 15 128
101 16 0
101 17 38
101 18 172
101 19 0
101 20 95
101 21 22
101 22 0
101 23 47
101 24 0
101 25 0
101 26 0
101 27 0
101 28 0
101 29 0
101 30 0
101 31 0
101 32 23
101 33 0
101 34 0
101 35 0
101 36 0
101 37 0
101 38 0
101 39 0
101 40 0
101 41 134
101 42 0
101 43 0
101 44 0
101 45 0
101 46 0
101 47 0
101 48 64
101 49 241
101 50 0
101 51 30
101 52 0
101 53 407
101 54 0
101 55 0
101 56 0
101 57 0
101 58 0
101 59 32
101 60 91
101 61 0
101 62 111
101 63 117
101 64 0
101 65 0
101 66 0
101 67 0
101 68 0
101 69 0
101 70 132
101 71 117
101 72 0
101 73 0
101 74 0
101 75 58
101 76 0
101 77 0
101 78 0
101 79 31
101 80 0
101 81 112
101 82 20
101 83 0
101 84 0
101 85 0
101 86 0
101 87 0
101 88 38
101 89 0
101 90 20
101 91 27
101 92 249
101 93 0
101 94 0
101 95 81
126 1 19
126 2 0
126 3 29
126 4 0
126 5 0
126 6 35
126 7 11
126 8 0
126 9 87
126 10 0
126 11 0
126 12 0
126 13 106
126 14 31
126 15 128
126 16 0
126 17 39
126 18 172
126 19 0
126 20 89
126 21 18
126 22 0
126 23 49
126 24 0
126 25 0
126 26 0
126 27 0
126 28 0
126 29 0
126 30 0
126 31 0
126 32 21
126 33 0
126 34 0
126 35 0
126 36 0
126 37 0
126 38 0
126 39 0
126 40 0
126 41 134
126 42 0
126 43 0
126 44 0
126 45 0
126 46 0
126 47 0
126 48 62
126 49 256
126 50 0
126 51 20
126 52 0
126 53 394
126 54 0
126 55 0
126 56 0
126 57 0
126 58 0
126 59 31
126 60 89
126 61 0
126 62 125
126 63 112
126 64 0
126 65 0
126 66 0
126 67 0
126 68 0
126 69 0
126 70 127
126 71 137
126 72 0
126 73 0
126 74 0
126 75 67
126 76 0
126 77 0
126 78 0
126 79 36
126 80 0
126 81 106
126 82 18
126 83 0
126 84 0
126 85 0
126 86 0
126 87 0
126 88 35
126 89 0
126 90 18
126 91 30
126 92 233
126 93 0
126 94 0
126 95 80
151 1 22
151 2 0
151 3 31
151 4 0
151 5 0
151 6 32
151 7 15
151 8 0
151 9 98
151 10 0
151 11 0
151 12 0
151 13 110
151 14 34
151 15 132
151 16 0
151 17 31
151 18 165
151 19 0
151 20 100
151 21 22
151 22 0
151 23 43
151 24 0
151 25 0
151 26 0
151 27 0
151 28 0
151 29 0
151 30 0
151 31 0
151 32 31
151 33 0
151 34 0
151 35 0
151 36 0
151 37 0
151 38 0
151 39 0
151 40 0
151 41 125
151 42 0
151 43 0
151 44 0
151 45 0
151 46 0
151 47 0
151 48 69
151 49 231
151 50 0
151 51 26
151 52 0
151 53 408
151 54 0
151 55 0
151 56 0
151 57 0
151 58 0
151 59 29
151 60 86
151 61 0
151 62 128
151 63 105
151 64 0
151 65 0
151 66 0
151 67 0
151 68 0
151 69 0
151 70 119
151 71 129
151 72 0
151 73 0
151 74 0
151 75 54
151 76 0
151 77 0
151 78 0
151 79 28
151 80 0
151 81 101
151 82 25
151 83 0
151 84 0
151 85 0
151 86 0
151 87 0
151 88 40
151 89 0
151 90 15
151 91 29
151 92 222
151 93 0
151 94 0
151 95 91
176 1 24
176 2 0
176 3 28
176 4 0
176 5 0
176 6 29
176 7 11
176 8 0
176 9 95
176 10 0
176 11 0
176 12 0
176 13 107
176 14 30
176 15 125
176 16 0
176 17 38
176 18 168
176 19 0
176 20 87
176 21 21
176 22 0
176 23 55
176 24 0
176 25 0
176 26 0
176 27 0
176 28 0
176 29 0
176 30 0
176 31 0
176 32 19
176 33 0
176 34 0
176 35 0
176 36 0
176 37 0
176 38 0
176 39 0
176 40 0
176 41 139
176 42 0
176 43 0
176 44 0
176 45 0
176 46 0
176 47 0
176 48 64
176 49 241
176 50 0
176 51 23
176 52 0
176 53 401
176 54 0
176 55 0
176 56 0
176 57 0
176 58 0
176 59 31
176 60 91
176 61 0
176 62 128
176 63 113
176 64 0
176 65 0
176 66 0
176 67 0
176 68 0
176 69 0
176 70 126
176 71 120
176 72 0
176 73 0
176 74 0
176 75 73
176 76 0
176 77 0
176 78 0
176 79 28
176 80 0
176 81 95
176 82 20
176 83 0
176 84 0
176 85 0
176 86 0
176 87 0
176 88 38
176 89 0
176 90 16
176 91 30
176 92 222
176 93 0
176 94 0
176 95 96
201 1 24
201 2 0
201 3 32
201 4 0
201 5 0
201 6 34
201 7 7
201 8 0
201 9 92
201 10 0
201 11 0
201 12 0
201 13 121
201 14 38
201 15 141
201 16 0
201 17 30
201 18 158
201 19 0
201 20 101
201 21 27
201 22 0
201 23 44
201 24 0
201 25 0
201 26 0
201 27 0
201 28 0
201 29 0
201 30 0
201 31 0
201 32 21
201 33 0
201 34 0
201 35 0
201 36 0
201 37 0
201 38 0
201 39 0
201 40 0
201 41 145
201 42 0
201 43 0
201 44 0
201 45 0
201 46 0
201 47 0
201 48 64
201 49 256
201 50 0
201 51 30
201 52 0
201 53 415
201 54 0
201 55 0
201 56 0
201 57 0
201 58 0
201 59 30
201 60 87
201 61 0
201 62 136
201 63 118
201 64 0
201 65 0
201 66 0
201 67 0
201 68 0
201 69 0
201 70 135
201 71 113
201 72 0
201 73 0
201 74 0
201 75 56
201 76 0
201 77 0
201 78 0
201 79 29
201 80 0
201 81 90
201 82 21
201 83 0
201 84 0
201 85 0
201 86 0
201 87 0
201 88 32
201 89 0
201 90 13
201 91 31
201 92 228
201 93 0
201 94 0
201 95 84
226 1 23
226 2 0
226 3 31
226 4 0
226 5 0
226 6 34
226 7 13
226 8 0
226 9 85
226 10 0
226 11 0
226 12 0
226 13 111
226 14 33
226 15 115
226 16 0
226 17 29
226 18 176
226 19 0
226 20 93
226 21 29
226 22 0
226 23 45
226 24 0
226 25 0
226 26 0
226 27 0
226 28 0
226 29 0
226 30 0
226 31 0
226 32 29
226 33 0
226 34 0
226 35 0
226 36 0
226 37 0
226 38 0
226 39 0
226 40 0
226 41 128
226 42 0
226 43 0
226 44 0
226 45 0
226 46 0
226 47 0
226 48 73
226 49 230
226 50 0
226 51 27
226 52 0
226 53 397
226 54 0
226 55 0
226 56 0
226 57 0
226 58 0
226 59 29
226 60 89
226 61 0
226 62 131
226 63 119
226 64 0
226 65 0
226 66 0
226 67 0
226 68 0
226 69 0
226 70 126
226 71 121
226 72 0
226 73 0
226 74 0
226 75 57
226 76 0
226 77 0
226 78 0
226 79 25
226 80 0
226 81 106
226 82 19
226 83 0
226 84 0
226 85 0
226 86 0
226 87 0
226 88 45
226 89 0
226 90 18
226 91 31
226 92 234
226 93 0
226 94 0
226 95 93
251 1 16
251 2 0
251 3 33
251 4 0
251 5 0
251 6 32
251 7 10
251 8 0
251 9 84
251 10 0
251 11 0
251 12 0
251 13 116
251 14 38
251 15 117
251 16 0
251 17 30
251 18 156
251 19 0
251 20 93
251 21 20
251 22 0
251 23 50
251 24 0
251 25 0
251 26 0
251 27 0
251 28 0
251 29 0
251 30 0
251 31 0
251 32 31
251 33 0
251 34 0
251 35 0
251 36 0
251 37 0
251 38 0
251 39 0
251 40 0
251 41 141
251 42 0
251 43 0
251 44 0
251 45 0
251 46 0
251 47 0
251 48 68
251 49 235
251 50 0
251 51 29
251 52 0
251 53 413
251 54 0
251 55 0
251 56 0
251 57 0
251 58 0
251 59 31
251 60 96
251 61 0
251 62 126
251 63 104
251 64 0
251 65 0
251 66 0
251 67 0
251 68 0
251 69 0
251 70 135
251 71 124
251 72 0
251 73 0
251 74 0
251 75 63
251 76 0
251 77 0
251 78 0
251 79 27
251 80 0
251 81 103
251 82 27
251 83 0
251 84 0
251 85 0
251 86 0
251 87 0
251 88 32
251 89 0
251 90 19
251 91 33
251 92 235
251 93 0
251 94 0
251 95 84
276 1 26
276 2 0
276 3 28
276 4 0
276 5 0
276 6 37
276 7 10
276 8 0
276 9 85
276 10 0
276 11 0
276 12 0
276 13 115
276 14 40
276 15 120
276 16 0
276 17 30
276 18 161
276 19 0
276 20 86
276 21 21
276 22 0
276 23 56
276 24 0
276 25 0
276 26 0
276 27 0
276 28 0
276 29 0
276 30 0
276 31 0
276 32 25
276 33 0
276 34 0
276 35 0
276 36 0
276 37 0
276 38 0
276 39 0
276 40 0
276 41 143
276 42 0
276 43 0
276 44 0
276 45 0
276 46 0
276 47 0
276 48 65
276 49 235
276 50 0
276 51 29
276 52 0
276 53 422
276 54 0
276 55 0
276 56 0
276 57 0
276 58 0
276 59 29
276 60 87
276 61 0
276 62 119
276 63 118
276 64 0
276 65 0
276 66 0
276 67 0
276 68 0
276 69 0
276 70 135
276 71 132
276 72 0
276 73 0
276 74 0
276 75 52
276 76 0
276 77 0
276 78 0
276 79 31
276 80 0
276 81 119
276 82 24
276 83 0
276 84 0
276 85 0
276 86 0
276 87 0
276 88 33
276 89 0
276 90 14
276 91 29
276 92 231
276 93 0
276 94 0
276 95 85
301 1 24
301 2 0
301 3 29
301 4 0
301 5 0
301 6 33
301 7 14
301 8 0
301 9 77
301 10 0
301 11 0
301 12 0
301 13 115
301 14 30
301 15 126
301 16 0
301 17 29
301 18 170
301 19 0
301 20 83
301 21 20
301 22 0
301 23 42
301 24 0
301 25 0
301 26 0
301 27 0
301 28 0
301 29 0
301 30 0
301 31 0
301 32 28
301 33 0
301 34 0
301 35 0
301 36 0
301 37 0
301 38 0
301 39 0
301 40 0
301 41 138
301 42 0
301 43 0
301 44 0
301 45 0
301 46 0
301 47 0
301 48 59
301 49 247
301 50 0
301 51 21
301 52 0
301 53 398
301 54 0
301 55 0
301 56 0
301 57 0
301 58 0
301 59 35
301 60 95
301 61 0
301 62 141
301 63 115
301 64 0
301 65 0
301 66 0
301 67 0
301 68 0
301 69 0
301 70 140
301 71 119
301 72 0
301 73 0
301 74 0
301 75 65
301 76 0
301 77 0
301 78 0
301 79 28
301 80 0
301 81 103
301 82 17
301 83 0
301 84 0
301 85 0
301 86 0
301 87 0
301 88 41
301 89 0
301 90 15
301 91 29
301 92 244
301 93 0
301 94 0
301 95 78
326 1 27
326 2 0
326 3 27
326 4 0
326 5 0
326 6 26
326 7 10
326 8 0
326 9 72
326 10 0
326 11 0
326 12 0
326 13 121
326 14 30
326 15 131
326 16 0
326 17 30
326 18 163
326 19 0
326 20 86
326 21 26
326 22 0
326 23 46
326 24 0
326 25 0
326 26 0
326 27 0
326 28 0
326 29 0
326 30 0
326 31 0
326 32 23
326 33 0
326 34 0
326 35 0
326 36 0
326 37 0
326 38 0
326 39 0
326 40 0
326 41 121
326 42 0
326 43 0
326 44 0
326 45 0
326 46 0
326 47 0
326 48 64
326 49 245
326 50 0
326 51 21
326 52 0
326 53 405
326 54 0
326 55 0
326 56 0
326 57 0
326 58 0
326 59 30
326 60 78
326 61 0
326 62 139
326 63 96
326 64 0
326 65 0
326 66 0
326 67 0
326 68 0
326 69 0
326 70 132
326 71 106
326 72 0
326 73 0
326 74 0
326 75 73
326 76 0
326 77 0
326 78 0
326 79 27
326 80 0
326 81 93
326 82 22
326 83 0
326 84 0
326 85 0
326 86 0
326 87 0
326 88 43
326 89 0
326 90 23
326 91 27
326 92 256
326 93 0
326 94 0
326 95 79
351 1 18
351 2 0
351 3 27
351 4 0
351 5 0
351 6 29
351 7 10
351 8 0
351 9 71
351 10 0
351 11 0
351 12 0
351 13 109
351 14 39
351 15 126
351 16 0
351 17 30
351 18 184
351 19 0
351 20 86
351 21 24
351 22 0
351 23 50
351 24 0
351 25 0
351 26 0
351 27 0
351 28 0
351 29 0
351 30 0
351 31 0
351 32 23
351 33 0
351 34 0
351 35 0
351 36 0
351 37 0
351 38 0
351 39 0
351 40 0
351 41 129
351 42 0
351 43 0
351 44 0
351 45 0
351 46 0
351 47 0
351 48 65
351 49 260
351 50 0
351 51 27
351 52 0
351 53 420
351 54 0
351 55 0
351 56 0
351 57 0
351 58 0
351 59 32
351 60 92
351 61 0
351 62 121
351 63 128
351 64 0
351 65 0
351 66 0
351 67 0
351 68 0
351 69 0
351 70 136
351 71 112
351 72 0
351 73 0
351 74 0
351 75 70
351 76 0
351 77 0
351 78 0
351 79 28
351 80 0
351 81 98
351 82 20
351 83 0
351 84 0
351 85 0
351 86 0
351 87 0
351 88 30
351 89 0
351 90 20
351 91 30
351 92 246
351 93 0
351 94 0
351 95 90
376 1 26
376 2 0
376 3 31
376 4 0
376 5 0
376 6 34
376 7 12
376 8 0
376 9 67
376 10 0
376 11 0
376 12 0
376 13 107
376 14 35
376 15 129
376 16 0
376 17 34
376 18 159
376 19 0
376 20 98
376 21 19
376 22 0
376 23 39
376 24 0
376 25 0
376 26 0
376 27 0
376 28 0
376 29 0
376 30 0
376 31 0
376 32 27
376 33 0
376 34 0
376 35 0
376 36 0
376 37 0
376 38 0
376 39 0
376 40 0
376 41 124
376 42 0
376 43 0
376 44 0
376 45 0
376 46 0
376 47 0
376 48 69
376 49 231
376 50 0
376 51 28
376 52 0
376 53 401
376 54 0
376 55 0
376 56 0
376 57 0
376 58 0
376 59 31
376 60 85
376 61 0
376 62 127
376 63 113
376 64 0
376 65 0
376 66 0
376 67 0
376 68 0
376 69 0
376 70 140
376 71 123
376 72 0
376 73 0
376 74 0
376 75 68
376 76 0
376 77 0
376 78 0
376 79 29
376 80 0
376 81 105
376 82 18
376 83 0
376 84 0
376 85 0
376 86 0
376 87 0
376 88 35
376 89 0
376 90 15
376 91 26
376 92 237
376 93 0
376 94 0
376 95 74
401 1 20
401 2 0
401 3 31
401 4 0
401 5 0
401 6 42
401 7 10
401 8 0
401 9 70
401 10 0
401 11 0
401 12 0
401 13 115
401 14 30
401 15 125
401 16 0
401 17 27
401 18 158
401 19 0
401 20 89
401 21 20
401 22 0
401 23 41
401 24 0
401 25 0
401 26 0
401 27 0
401 28 0
401 29 0
401 30 0
401 31 0
401 32 30
401 33 0
401 34 0
401 35 0
401 36 0
401 37 0
401 38 0
401 39 0
401 40 0
401 41 136
401 42 0
401 43 0
401 44 0
401 45 0
401 46 0
401 47 0
401 48 62
401 49 247
401 50 0
401 51 30
401 52 0
401 53 399
401 54 0
401 55 0
401 56 0
401 57 0
401 58 0
401 59 39
401 60 82
401 61 0
401 62 127
401 63 126
401 64 0
401 65 0
401 66 0
401 67 0
401 68 0
401 69 0
401 70 121
401 71 120
401 72 0
401 73 0
401 74 0
401 75 62
401 76 0
401 77 0
401 78 0
401 79 30
401 80 0
401 81 96
401 82 28
401 83 0
401 84 0
401 85 0
401 86 0
401 87 0
401 88 26
401 89 0
401 90 10
401 91 29
401 92 234
401 93 0
401 94 0
401 95 94
426 1 19
426 2 0
426 3 30
426 4 0
426 5 0
426 6 32
426 7 9
426 8 0
426 9 71
426 10 0
426 11 0
426 12 0
426 13 117
426 14 36
426 15 117
426 16 0
426 17 30
426 18 172
426 19 0
426 20 79
426 21 28
426 22 0
426 23 46
426 24 0
426 25 0
426 26 0
426 27 0
426 28 0
426 29 0
426 30 0
426 31 0
426 32 20
426 33 0
426 34 0
426 35 0
426 36 0
426 37 0
426 38 0
426 39 0
426 40 0
426 41 135
426 42 0
426 43 0
426 44 0
426 45 0
426 46 0
426 47 0
426 48 61
426 49 253
426 50 0
426 51 31
426 52 0
426 53 400
426 54 0
426 55 0
426 56 0
426 57 0
426 58 0
426 59 33
426 60 81
426 61 0
426 62 136
426 63 101
426 64 0
426 65 0
426 66 0
426 67 0
426 68 0
426 69 0
426 70 126
426 71 133
426 72 0
426 73 0
426 74 0
426 75 75
426 76 0
426 77 0
426 78 0
426 79 25
426 80 0
426 81 101
426 82 28
426 83 0
426 84 0
426 85 0
426 86 0
426 87 0
426 88 38
426 89 0
426 90 17
426 91 35
426 92 250
426 93 0
426 94 0
426 95 73
451 1 15
451 2 0
451 3 30
451 4 0
451 5 0
451 6 35
451 7 10
451 8 0
451 9 67
451 10 0
451 11 0
451 12 0
451 13 118
451 14 33
451 15 128
451 16 0
451 17 29
451 18 186
451 19 0
451 20 90
451 21 25
451 22 0
451 23 53
451 24 0
451 25 0
451 26 0
451 27 0
451 28 0
451 29 0
451 30 0
451 31 0
451 32 25
451 33 0
451 34 0
451 35 0
451 36 0
451 37 0
451 38 0
451 39 0
451 40 0
451 41 137
451 42 0
451 43 0
451 44 0
451 45 0
451 46 0
451 47 0
451 48 57
451 49 257
451 50 0
451 51 24
451 52 0
451 53 391
451 54 0
451 55 0
451 56 0
451 57 0
451 58 0
451 59 30
451 60 92
451 61 0
451 62 135
451 63 100
451 64 0
451 65 0
451 66 0
451 67 0
451 68 0
451 69 0
451 70 135
451 71 120
451 72 0
451 73 0
451 74 0
451 75 61
451 76 0
451 77 0
451 78 0
451 79 30
451 80 0
451 81 100
451 82 17
451 83 0
451 84 0
451 85 0
451 86 0
451 87 0
451 88 42
451 89 0
451 90 21
451 91 40
451 92 246
451 93 0
451 94 0
451 95 78
476 1 21
476 2 0
476 3 28
476 4 0
476 5 0
476 6 34
476 7 7
476 8 0
476 9 63
476 10 0
476 11 0
476 12 0
476 13 110
476 14 30
476 15 120
476 16 0
476 17 32
476 18 176
476 19 0
476 20 92
476 21 22
476 22 0
476 23 44
476 24 0
476 25 0
476 26 0
476 27 0
476 28 0
476 29 0
476 30 0
476 31 0
476 32 29
476 33 0
476 34 0
476 35 0
476 36 0
476 37 0
476 38 0
476 39 0
476 40 0
476 41 129
476 42 0
476 43 0
476 44 0
476 45 0
476 46 0
476 47 0
476 48 66
476 49 231
476 50 0
476 51 22
476 52 0
476 53 415
476 54 0
476 55 0
476 56 0
476 57 0
476 58 0
476 59 31
476 60 107
476 61 0
476 62 139
476 63 108
476 64 0
476 65 0
476 66 0
476 67 0
476 68 0
476 69 0
476 70 121
476 71 112
476 72 0
476 73 0
476 74 0
476 75 73
476 76 0
476 77 0
476 78 0
476 79 26
476 80 0
476 81 97
476 82 19
476 83 0
476 84 0
476 85 0
476 86 0
476 87 0
476 88 34
476 89 0
476 90 23
476 91 32
476 92 236
476 93 0
476 94 0
476 95 96
501 1 23
501 2 0
501 3 28
501 4 0
501 5 0
501 6 31
501 7 11
501 8 0
501 9 81
501 10 0
501 11 0
501 12 0
501 13 120
501 14 33
501 15 118
501 16 0
501 17 39
501 18 160
501 19 0
501 20 89
501 21 28
501 22 0
501 23 40
501 24 0
501 25 0
501 26 0
501 27 0
501 28 0
501 29 0
501 30 0
501 31 0
501 32 23
501 33 0
501 34 0
501 35 0
501 36 0
501 37 0
501 38 0
501 39 0
501 40 0
501 41 134
501 42 0
501 43 0
501 44 0
501 45 0
501 46 0
501 47 0
501 48 73
501 49 249
501 50 0
501 51 29
501 52 0
501 53 402
501 54 0
501 55 0
501 56 0
501 57 0
501 58 0
501 59 31
501 60 94
501 61 0
501 62 137
501 63 104
501 64 0
501 65 0
501 66 0
501 67 0
501 68 0
501 69 0
501 70 130
501 71 118
501 72 0
501 73 0
501 74 0
501 75 63
501 76 0
501 77 0
501 78 0
501 79 30
501 80 0
501 81 103
501 82 18
501 83 0
501 84 0
501 85 0
501 86 0
501 87 0
501 88 31
501 89 0
501 90 21
501 91 32
501 92 259
501 93 0
501 94 0
501 95 86
526 1 25
526 2 0
526 3 33
526 4 0
526 5 0
526 6 32
526 7 9
526 8 0
526 9 76
526 10 0
526 11 0
526 12 0
526 13 107
526 14 31
526 15 123
526 16 0
526 17 35
526 18 170
526 19 0
526 20 85
526 21 23
526 22 0
526 23 52
526 24 0
526 25 0
526 26 0
526 27 0
526 28 0
526 29 0
526 30 0
526 31 0
526 32 21
526 33 0
526 34 0
526 35 0
526 36 0
526 37 0
526 38 0
526 39 0
526 40 0
526 41 135
526 42 0
526 43 0
526 44 0
526 45 0
526 46 0
526 47 0
526 48 64
526 49 237
526 50 0
526 51 27
526 52 0
526 53 416
526 54 0
526 55 0
526 56 0
526 57 0
526 58 0
526 59 33
526 60 90
526 61 0
526 62 138
526 63 99
526 64 0
526 65 0
526 66 0
526 67 0
526 68 0
526 69 0
526 70 118
526 71 126
526 72 0
526 73 0
526 74 0
526 75 71
526 76 0
526 77 0
526 78 0
526 79 26
526 80 0
526 81 104
526 82 21
526 83 0
526 84 0
526 85 0
526 86 0
526 87 0
526 88 34
526 89 0
526 90 17
526 91 30
526 92 261
526 93 0
526 94 0
526 95 93
551 1 13
551 2 0
551 3 29
551 4 0
551 5 0
551 6 39
551 7 8
551 8 0
551 9 75
551 10 0
551 11 0
551 12 0
551 13 110
551 14 32
551 15 124
551 16 0
551 17 30
551 18 169
551 19 0
551 20 89
551 21 26
551 22 0
551 23 52
551 24 0
551 25 0
551 26 0
551 27 0
551 28 0
551 29 0
551 30 0
551 31 0
551 32 23
551 33 0
551 34 0
551 35 0
551 36 0
551 37 0
551 38 0
551 39 0
551 40 0
551 41 133
551 42 0
551 43 0
551 44 0
551 45 0
551 46 0
551 47 0
551 48 62
551 49 246
551 50 0
551 51 29
551 52 0
551 53 403
551 54 0
551 55 0
551 56 0
551 57 0
551 58 0
551 59 30
551 60 90
551 61 0
551 62 133
551 63 95
551 64 0
551 65 0
551 66 0
551 67 0
551 68 0
551 69 0
551 70 142
551 71 118
551 72 0
551 73 0
551 74 0
551 75 67
551 76 0
551 77 0
551 78 0
551 79 29
551 80 0
551 81 99
551 82 22
551 83 0
551 84 0
551 85 0
551 86 0
551 87 0
551 88 32
551 89 0
551 90 15
551 91 30
551 92 258
551 93 0
551 94 0
551 95 82
576 1 16
576 2 0
576 3 28
576 4 0
576 5 0
576 6 32
576 7 9
576 8 0
576 9 80
576 10 0
576 11 0
576 12 0
576 13 115
576 14 30
576 15 138
576 16 0
576 17 35
576 18 174
576 19 0
576 20 99
576 21 24
576 22 0
576 23 45
576 24 0
576 25 0
576 26 0
576 27 0
576 28 0
576 29 0
576 30 0
576 31 0
576 32 21
576 33 0
576 34 0
576 35 0
576 36 0
576 37 0
576 38 0
576 39 0
576 40 0
576 41 132
576 42 0
576 43 0
576 44 0
576 45 0
576 46 0
576 47 0
576 48 61
576 49 247
576 50 0
576 51 25
576 52 0
576 53 416
576 54 0
576 55 0
576 56 0
576 57 0
576 58 0
576 59 31
576 60 94
576 61 0
576 62 111
576 63 97
576 64 0
576 65 0
576 66 0
576 67 0
576 68 0
576 69 0
576 70 128
576 71 118
576 72 0
576 73 0
576 74 0
576 75 73
576 76 0
576 77 0
576 78 0
576 79 28
576 80 0
576 81 105
576 82 26
576 83 0
576 84 0
576 85 0
576 86 0
576 87 0
576 88 32
576 89 0
576 90 27
576 91 31
576 92 249
576 93 0
576 94 0
576 95 80
601 1 14
601 2 0
601 3 27
601 4 0
601 5 0
601 6 30
601 7 18
601 8 0
601 9 62
601 10 0
601 11 0
601 12 0
601 13 114
601 14 31
601 15 119
601 16 0
601 17 35
601 18 175
601 19 0
601 20 85
601 21 18
601 22 0
601 23 53
601 24 0
601 25 0
601 26 0
601 27 0
601 28 0
601 29 0
601 30 0
601 31 0
601 32 20
601 33 0
601 34 0
601 35 0
601 36 0
601 37 0
601 38 0
601 39 0
601 40 0
601 41 142
601 42 0
601 43 0
601 44 0
601 45 0
601 46 0
601 47 0
601 48 66
601 49 248
601 50 0
601 51 23
601 52 0
601 53 401
601 54 0
601 55 0
601 56 0
601 57 0
601 58 0
601 59 29
601 60 85
601 61 0
601 62 142
601 63 111
601 64 0
601 65 0
601 66 0
601 67 0
601 68 0
601 69 0
601 70 136
601 71 119
601 72 0
601 73 0
601 74 0
601 75 66
601 76 0
601 77 0
601 78 0
601 79 30
601 80 0
601 81 104
601 82 22
601 83 0
601 84 0
601 85 0
601 86 0
601 87 0
601 88 23
601 89 0
601 90 17
601 91 33
601 92 266
601 93 0
601 94 0
601 95 93
626 1 21
626 2 0
626 3 33
626 4 0
626 5 0
626 6 32
626 7 14
626 8 0
626 9 79
626 10 0
626 11 0
626 12 0
626 13 113
626 14 28
626 15 121
626 16 0
626 17 31
626 18 180
626 19 0
626 20 93
626 21 28
626 22 0
626 23 44
626 24 0
626 25 0
626 26 0
626 27 0
626 28 0
626 29 0
626 30 0
626 31 0
626 32 21
626 33 0
626 34 0
626 35 0
626 36 0
626 37 0
626 38 0
626 39 0
626 40 0
626 41 139
626 42 0
626 43 0
626 44 0
626 45 0
626 46 0
626 47 0
626 48 60
626 49 251
626 50 0
626 51 25
626 52 0
626 53 411
626 54 0
626 55 0
626 56 0
626 57 0
626 58 0
626 59 33
626 60 86
626 61 0
626 62 139
626 63 106
626 64 0
626 65 0
626 66 0
626 67 0
626 68 0
626 69 0
626 70 126
626 71 122
626 72 0
626 73 0
626 74 0
626 75 67
626 76 0
626 77 0
626 78 0
626 79 27
626 80 0
626 81 111
626 82 25
626 83 0
626 84 0
626 85 0
626 86 0
626 87 0
626 88 37
626 89 0
626 90 22
626 91 27
626 92 226
626 93 0
626 94 0
626 95 85
651 1 21
651 2 0
651 3 25
651 4 0
651 5 0
651 6 29
651 7 11
651 8 0
651 9 71
651 10 0
651 11 0
651 12 0
651 13 110
651 14 33
651 15 133
651 16 0
651 17 34
651 18 172
651 19 0
651 20 96
651 21 24
651 22 0
651 23 40
651 24 0
651 25 0
651 26 0
651 27 0
651 28 0
651 29 0
651 30 0
651 31 0
651 32 29
651 33 0
651 34 0
651 35 0
651 36 0
651 37 0
651 38 0
651 39 0
651 40 0
651 41 128
651 42 0
651 43 0
651 44 0
651 45 0
651 46 0
651 47 0
651 48 60
651 49 243
651 50 0
651 51 27
651 52 0
651 53 422
651 54 0
651 55 0
651 56 0
651 57 0
651 58 0
651 59 31
651 60 89
651 61 0
651 62 125
651 63 111
651 64 0
651 65 0
651 66 0
651 67 0
651 68 0
651 69 0
651 70 130
651 71 122
651 72 0
651 73 0
651 74 0
651 75 74
651 76 0
651 77 0
651 78 0
651 79 30
651 80 0
651 81 96
651 82 22
651 83 0
651 84 0
651 85 0
651 86 0
651 87 0
651 88 33
651 89 0
651 90 16
651 91 28
651 92 246
651 93 0
651 94 0
651 95 76
676 1 27
676 2 0
676 3 30
676 4 0
676 5 0
676 6 35
676 7 9
676 8 0
676 9 80
676 10 0
676 11 0
676 12 0
676 13 107
676 14 28
676 15 121
676 16 0
676 17 31
676 18 180
676 19 0
676 20 98
676 21 23
676 22 0
676 23 42
676 24 0
676 25 0
676 26 0
676 27 0
676 28 0
676 29 0
676 30 0
676 31 0
676 32 27
676 33 0
676 34 0
676 35 0
676 36 0
676 37 0
676 38 0
676 39 0
676 40 0
676 41 133
676 42 0
676 43 0
676 44 0
676 45 0
676 46 0
676 47 0
676 48 61
676 49 246
676 50 0
676 51 29
676 52 0
676 53 391
676 54 0
676 55 0
676 56 0
676 57 0
676 58 0
676 59 30
676 60 94
676 61 0
676 62 132
676 63 106
676 64 0
676 65 0
676 66 0
676 67 0
676 68 0
676 69 0
676 70 125
676 71 130
676 72 0
676 73 0
676 74 0
676 75 73
676 76 0
676 77 0
676 78 0
676 79 30
676 80 0
676 81 97
676 82 24
676 83 0
676 84 0
676 85 0
676 86 0
676 87 0
676 88 34
676 89 0
676 90 18
676 91 30
676 92 250
676 93 0
676 94 0
676 95 87
701 1 20
701 2 0
701 3 31
701 4 0
701 5 0
701 6 30
701 7 14
701 8 0
701 9 59
701 10 0
701 11 0
701 12 0
701 13 113
701 14 40
701 15 125
701 16 0
701 17 30
701 18 177
701 19 0
701 20 87
701 21 22
701 22 0
701 23 53
701 24 0
701 25 0
701 26 0
701 27 0
701 28 0
701 29 0
701 30 0
701 31 0
701 32 27
701 33 0
701 34 0
701 35 0
701 36 0
701 37 0
701 38 0
701 39 0
701 40 0
701 41 138
701 42 0
701 43 0
701 44 0
701 45 0
701 46 0
701 47 0
701 48 60
701 49 245
701 50 0
701 51 31
701 52 0
701 53 407
701 54 0
701 55 0
701 56 0
701 57 0
701 58 0
701 59 33
701 60 92
701 61 0
701 62 129
701 63 109
701 64 0
701 65 0
701 66 0
701 67 0
701 68 0
701 69 0
701 70 122
701 71 117
701 72 0
701 73 0
701 74 0
701 75 68
701 76 0
701 77 0
701 78 0
701 79 26
701 80 0
701 81 106
701 82 22
701 83 0
701 84 0
701 85 0
701 86 0
701 87 0
701 88 40
701 89 0
701 90 22
701 91 30
701 92 230
701 93 0
701 94 0
701 95 84
726 1 17
726 2 0
726 3 34
726 4 0
726 5 0
726 6 34
726 7 9
726 8 0
726 9 72
726 10 0
726 11 0
726 12 0
726 13 109
726 14 30
726 15 113
726 16 0
726 17 29
726 18 164
726 19 0
726 20 93
726 21 21
726 22 0
726 23 40
726 24 0
726 25 0
726 26 0
726 27 0
726 28 0
726 29 0
726 30 0
726 31 0
726 32 29
726 33 0
726 34 0
726 35 0
726 36 0
726 37 0
726 38 0
726 39 0
726 40 0
726 41 147
726 42 0
726 43 0
726 44 0
726 45 0
726 46 0
726 47 0
726 48 67
726 49 243
726 50 0
726 51 30
726 52 0
726 53 397
726 54 0
726 55 0
726 56 0
726 57 0
726 58 0
726 59 38
726 60 90
726 61 0
726 62 140
726 63 122
726 64 0
726 65 0
726 66 0
726 67 0
726 68 0
726 69 0
726 70 122
726 71 114
726 72 0
726 73 0
726 74 0
726 75 61
726 76 0
726 77 0
726 78 0
726 79 26
726 80 0
726 81 98
726 82 25
726 83 0
726 84 0
726 85 0
726 86 0
726 87 0
726 88 42
726 89 0
726 90 22
726 91 30
726 92 214
726 93 0
726 94 0
726 95 79
751 1 22
751 2 0
751 3 27
751 4 0
751 5 0
751 6 38
751 7 0
751 8 0
751 9 72
751 10 0
751 11 0
751 12 0
751 13 117
751 14 30
751 15 130
751 16 0
751 17 33
751 18 166
751 19 0
751 20 89
751 21 23
751 22 0
751 23 40
751 24 0
751 25 0
751 26 0
751 27 0
751 28 0
751 29 0
751 30 0
751 31 0
751 32 26
751 33 0
751 34 0
751 35 0
751 36 0
751 37 0
751 38 0
751 39 0
751 40 0
751 41 134
751 42 0
751 43 0
751 44 0
751 45 0
751 46 0
751 47 0
751 48 61
751 49 240
751 50 0
751 51 30
751 52 0
751 53 402
751 54 0
751 55 0
751 56 0
751 57 0
751 58 0
751 59 34
751 60 83
751 61 0
751 62 137
751 63 90
751 64 0
751 65 0
751 66 0
751 67 0
751 68 0
751 69 0
751 70 119
751 71 119
751 72 0
751 73 0
751 74 0
751 75 70
751 76 0
751 77 0
751 78 0
751 79 27
751 80 0
751 81 102
751 82 29
751 83 0
751 84 0
751 85 0
751 86 0
751 87 0
751 88 34
751 89 0
751 90 20
751 91 29
751 92 255
751 93 0
751 94 0
751 95 90
776 1 13
776 2 0
776 3 30
776 4 0
776 5 0
776 6 31
776 7 0
776 8 0
776 9 78
776 10 0
776 11 0
776 12 0
776 13 114
776 14 29
776 15 112
776 16 0
776 17 31
776 18 172
776 19 0
776 20 85
776 21 23
776 22 0
776 23 51
776 24 0
776 25 0
776 26 0
776 27 0
776 28 0
776 29 0
776 30 0
776 31 0
776 32 30
776 33 0
776 34 0
776 35 0
776 36 0
776 37 0
776 38 0
776 39 0
776 40 0
776 41 147
776 42 0
776 43 0
776 44 0
776 45 0
776 46 0
776 47 0
776 48 60
776 49 238
776 50 0
776 51 29
776 52 0
776 53 423
776 54 0
776 55 0
776 56 0
776 57 0
776 58 0
776 59 31
776 60 105
776 61 0
776 62 146
776 63 102
776 64 0
776 65 0
776 66 0
776 67 0
776 68 0
776 69 0
776 70 121
776 71 120
776 72 0
776 73 0
776 74 0
776 75 61
776 76 0
776 77 0
776 78 0
776 79 30
776 80 0
776 81 111
776 82 23
776 83 0
776 84 0
776 85 0
776 86 0
776 87 0
776 88 34
776 89 0
776 90 14
776 91 35
776 92 260
776 93 0
776 94 0
776 95 76
801 1 18
801 2 0
801 3 30
801 4 0
801 5 0
801 6 38
801 7 0
801 8 0
801 9 77
801 10 0
801 11 0
801 12 0
801 13 113
801 14 39
801 15 128
801 16 0
801 17 30
801 18 173
801 19 0
801 20 92
801 21 28
801 22 0
801 23 46
801 24 0
801 25 0
801 26 0
801 27 0
801 28 0
801 29 0
801 30 0
801 31 0
801 32 24
801 33 0
801 34 0
801 35 0
801 36 0
801 37 0
801 38 0
801 39 0
801 40 0
801 41 134
801 42 0
801 43 0
801 44 0
801 45 0
801 46 0
801 47 0
801 48 56
801 49 236
801 50 0
801 51 25
801 52 0
801 53 410
801 54 0
801 55 0
801 56 0
801 57 0
801 58 0
801 59 34
801 60 79
801 61 0
801 62 140
801 63 120
801 64 0
801 65 0
801 66 0
801 67 0
801 68 0
801 69 0
801 70 128
801 71 143
801 72 0
801 73 0
801 74 0
801 75 75
801 76 0
801 77 0
801 78 0
801 79 29
801 80 0
801 81 117
801 82 23
801 83 0
801 84 0
801 85 0
801 86 0
801 87 0
801 88 33
801 89 0
801 90 18
801 91 29
801 92 245
801 93 0
801 94 0
801 95 91
826 1 18
826 2 0
826 3 29
826 4 0
826 5 0
826 6 33
826 7 0
826 8 0
826 9 69
826 10 0
826 11 0
826 12 0
826 13 114
826 14 32
826 15 111
826 16 0
826 17 27
826 18 181
826 19 0
826 20 75
826 21 24
826 22 0
826 23 47
826 24 0
826 25 0
826 26 0
826 27 0
826 28 0
826 29 0
826 30 0
826 31 0
826 32 21
826 33 0
826 34 0
826 35 0
826 36 0
826 37 0
826 38 0
826 39 0
826 40 0
826 41 139
826 42 0
826 43 0
826 44 0
826 45 0
826 46 0
826 47 0
826 48 62
826 49 247
826 50 0
826 51 20
826 52 0
826 53 414
826 54 0
826 55 0
826 56 0
826 57 0
826 58 0
826 59 35
826 60 96
826 61 0
826 62 145
826 63 123
826 64 0
826 65 0
826 66 0
826 67 0
826 68 0
826 69 0
826 70 134
826 71 128
826 72 0
826 73 0
826 74 0
826 75 70
826 76 0
826 77 0
826 78 0
826 79 30
826 80 0
826 81 110
826 82 20
826 83 0
826 84 0
826 85 0
826 86 0
826 87 0
826 88 37
826 89 0
826 90 20
826 91 32
826 92 245
826 93 0
826 94 0
826 95 84
851 1 17
851 2 0
851 3 35
851 4 0
851 5 0
851 6 33
851 7 0
851 8 0
851 9 69
851 10 0
851 11 0
851 12 0
851 13 104
851 14 29
851 15 129
851 16 0
851 17 27
851 18 171
851 19 0
851 20 101
851 21 24
851 22 0
851 23 36
851 24 0
851 25 0
851 26 0
851 27 0
851 28 0
851 29 0
851 30 0
851 31 0
851 32 37
851 33 0
851 34 0
851 35 0
851 36 0
851 37 0
851 38 0
851 39 0
851 40 0
851 41 134
851 42 0
851 43 0
851 44 0
851 45 0
851 46 0
851 47 0
851 48 61
851 49 227
851 50 0
851 51 22
851 52 0
851 53 398
851 54 0
851 55 0
851 56 0
851 57 0
851 58 0
851 59 30
851 60 99
851 61 0
851 62 122
851 63 88
851 64 0
851 65 0
851 66 0
851 67 0
851 68 0
851 69 0
851 70 133
851 71 122
851 72 0
851 73 0
851 74 0
851 75 63
851 76 0
851 77 0
851 78 0
851 79 28
851 80 0
851 81 101
851 82 18
851 83 0
851 84 0
851 85 0
851 86 0
851 87 0
851 88 39
851 89 0
851 90 16
851 91 24
851 92 251
851 93 0
851 94 0
851 95 89
876 1 17
876 2 0
876 3 27
876 4 0
876 5 0
876 6 31
876 7 0
876 8 0
876 9 76
876 10 0
876 11 0
876 12 0
876 13 113
876 14 33
876 15 129
876 16 0
876 17 28
876 18 179
876 19 0
876 20 88
876 21 20
876 22 0
876 23 43
876 24 0
876 25 0
876 26 0
876 27 0
876 28 0
876 29 0
876 30 0
876 31 0
876 32 21
876 33 0
876 34 0
876 35 0
876 36 0
876 37 0
876 38 0
876 39 0
876 40 0
876 41 129
876 42 0
876 43 0
876 44 0
876 45 0
876 46 0
876 47 0
876 48 72
876 49 236
876 50 0
876 51 27
876 52 0
876 53 397
876 54 0
876 55 0
876 56 0
876 57 0
876 58 0
876 59 30
876 60 93
876 61 0
876 62 128
876 63 96
876 64 0
876 65 0
876 66 0
876 67 0
876 68 0
876 69 0
876 70 136
876 71 115
876 72 0
876 73 0
876 74 0
876 75 63
876 76 0
876 77 0
876 78 0
876 79 33
876 80 0
876 81 101
876 82 25
876 83 0
876 84 0
876 85 0
876 86 0
876 87 0
876 88 32
876 89 0
876 90 24
876 91 31
876 92 256
876 93 0
876 94 0
876 95 80
901 1 19
901 2 0
901 3 28
901 4 0
901 5 0
901 6 30
901 7 0
901 8 0
901 9 72
901 10 0
901 11 0
901 12 0
901 13 109
901 14 32
901 15 127
901 16 0
901 17 29
901 18 171
901 19 0
901 20 94
901 21 20
901 22 0
901 23 44
901 24 0
901 25 0
901 26 0
901 27 0
901 28 0
901 29 0
901 30 0
901 31 0
901 32 27
901 33 0
901 34 0
901 35 0
901 36 0
901 37 0
901 38 0
901 39 0
901 40 0
901 41 142
901 42 0
901 43 0
901 44 0
901 45 0
901 46 0
901 47 0
901 48 67
901 49 257
901 50 0
901 51 30
901 52 0
901 53 407
901 54 0
901 55 0
901 56 0
901 57 0
901 58 0
901 59 30
901 60 90
901 61 0
901 62 136
901 63 121
901 64 0
901 65 0
901 66 0
901 67 0
901 68 0
901 69 0
901 70 130
901 71 119
901 72 0
901 73 0
901 74 0
901 75 66
901 76 0
901 77 0
901 78 0
901 79 25
901 80 0
901 81 97
901 82 20
901 83 0
901 84 0
901 85 0
901 86 0
901 87 0
901 88 35
901 89 0
901 90 19
901 91 25
901 92 214
901 93 0
901 94 0
901 95 92
926 1 30
926 2 0
926 3 22
926 4 0
926 5 0
926 6 35
926 7 0
926 8 0
926 9 82
926 10 0
926 11 0
926 12 0
926 13 124
926 14 29
926 15 107
926 16 0
926 17 35
926 18 199
926 19 0
926 20 94
926 21 21
926 22 0
926 23 45
926 24 0
926 25 0
926 26 0
926 27 0
926 28 0
926 29 0
926 30 0
926 31 0
926 32 22
926 33 0
926 34 0
926 35 0
926 36 0
926 37 0
926 38 0
926 39 0
926 40 0
926 41 136
926 42 0
926 43 0
926 44 0
926 45 0
926 46 0
926 47 0
926 48 65
926 49 235
926 50 0
926 51 30
926 52 0
926 53 408
926 54 0
926 55 0
926 56 0
926 57 0
926 58 0
926 59 31
926 60 91
926 61 0
926 62 135
926 63 112
926 64 0
926 65 0
926 66 0
926 67 0
926 68 0
926 69 0
926 70 143
926 71 134
926 72 0
926 73 0
926 74 0
926 75 68
926 76 0
926 77 0
926 78 0
926 79 28
926 80 0
926 81 105
926 82 22
926 83 0
926 84 0
926 85 0
926 86 0
926 87 0
926 88 22
926 89 0
926 90 14
926 91 30
926 92 243
926 93 0
926 94 0
926 95 90
951 1 18
951 2 0
951 3 30
951 4 0
951 5 0
951 6 33
951 7 0
951 8 0
951 9 73
951 10 0
951 11 0
951 12 0
951 13 115
951 14 30
951 15 120
951 16 0
951 17 33
951 18 179
951 19 0
951 20 109
951 21 19
951 22 0
951 23 36
951 24 0
951 25 0
951 26 0
951 27 0
951 28 0
951 29 0
951 30 0
951 31 0
951 32 27
951 33 0
951 34 0
951 35 0
951 36 0
951 37 0
951 38 0
951 39 0
951 40 0
951 41 139
951 42 0
951 43 0
951 44 0
951 45 0
951 46 0
951 47 0
951 48 66
951 49 240
951 50 0
951 51 28
951 52 0
951 53 412
951 54 0
951 55 0
951 56 0
951 57 0
951 58 0
951 59 30
951 60 90
951 61 0
951 62 150
951 63 104
951 64 0
951 65 0
951 66 0
951 67 0
951 68 0
951 69 0
951 70 127
951 71 117
951 72 0
951 73 0
951 74 0
951 75 65
951 76 0
951 77 0
951 78 0
951 79 29
951 80 0
951 81 113
951 82 20
951 83 0
951 84 0
951 85 0
951 86 0
951 87 0
951 88 46
951 89 0
951 90 19
951 91 25
951 92 239
951 93 0
951 94 0
951 95 79
976 1 19
976 2 0
976 3 25
976 4 0
976 5 0
976 6 31
976 7 0
976 8 0
976 9 70
976 10 0
976 11 0
976 12 0
976 13 110
976 14 37
976 15 131
976 16 0
976 17 28
976 18 186
976 19 0
976 20 90
976 21 22
976 22 0
976 23 41
976 24 0
976 25 0
976 26 0
976 27 0
976 28 0
976 29 0
976 30 0
976 31 0
976 32 28
976 33 0
976 34 0
976 35 0
976 36 0
976 37 0
976 38 0
976 39 0
976 40 0
976 41 135
976 42 0
976 43 0
976 44 0
976 45 0
976 46 0
976 47 0
976 48 65
976 49 253
976 50 0
976 51 19
976 52 0
976 53 414
976 54 0
976 55 0
976 56 0
976 57 0
976 58 0
976 59 36
976 60 93
976 61 0
976 62 149
976 63 100
976 64 0
976 65 0
976 66 0
976 67 0
976 68 0
976 69 0
976 70 121
976 71 110
976 72 0
976 73 0
976 74 0
976 75 72
976 76 0
976 77 0
976 78 0
976 79 30
976 80 0
976 81 95
976 82 21
976 83 0
976 84 0
976 85 0
976 86 0
976 87 0
976 88 34
976 89 0
976 90 18
976 91 31
976 92 243
976 93 0
976 94 0
976 95 77
1001 1 19
1001 2 0
1001 3 29
1001 4 0
1001 5 0
1001 6 34
1001 7 0
1001 8 0
1001 9 65
1001 10 0
1001 11 0
1001 12 0
1001 13 113
1001 14 31
1001 15 116
1001 16 0
1001 17 30
1001 18 183
1001 19 0
1001 20 105
1001 21 22
1001 22 0
1001 23 32
1001 24 0
1001 25 0
1001 26 0
1001 27 0
1001 28 0
1001 29 0
1001 30 0
1001 31 0
1001 32 28
1001 33 0
1001 34 0
1001 35 0
1001 36 0
1001 37 0
1001 38 0
1001 39 0
1001 40 0
1001 41 144
1001 42 0
1001 43 0
1001 44 0
1001 45 0
1001 46 0
1001 47 0
1001 48 76
1001 49 252
1001 50 0
1001 51 29
1001 52 0
1001 53 426
1001 54 0
1001 55 0
1001 56 0
1001 57 0
1001 58 0
1001 59 28
1001 60 86
1001 61 0
1001 62 134
1001 63 119
1001 64 0
1001 65 0
1001 66 0
1001 67 0
1001 68 0
1001 69 0
1001 70 131
1001 71 120
1001 72 0
1001 73 0
1001 74 0
1001 75 70
1001 76 0
1001 77 0
1001 78 0
1001 79 34
1001 80 0
1001 81 98
1001 82 23
1001 83 0
1001 84 0
1001 85 0
1001 86 0
1001 87 0
1001 88 37
1001 89 0
1001 90 12
1001 91 26
1001 92 217
1001 93 0
1001 94 0
1001 95 76
1026 1 18
1026 2 0
1026 3 29
1026 4 0
1026 5 0
1026 6 30
1026 7 0
1026 8 0
1026 9 72
1026 10 0
1026 11 0
1026 12 0
1026 13 103
1026 14 38
1026 15 117
1026 16 0
1026 17 36
1026 18 175
1026 19 0
1026 20 81
1026 21 21
1026 22 0
1026 23 56
1026 24 0
1026 25 0
1026 26 0
1026 27 0
1026 28 0
1026 29 0
1026 30 0
1026 31 0
1026 32 30
1026 33 0
1026 34 0
1026 35 0
1026 36 0
1026 37 0
1026 38 0
1026 39 0
1026 40 0
1026 41 143
1026 42 0
1026 43 0
1026 44 0
1026 45 0
1026 46 0
1026 47 0
1026 48 59
1026 49 260
1026 50 0
1026 51 25
1026 52 0
1026 53 422
1026 54 0
1026 55 0
1026 56 0
1026 57 0
1026 58 0
1026 59 29
1026 60 91
1026 61 0
1026 62 140
1026 63 117
1026 64 0
1026 65 0
1026 66 0
1026 67 0
1026 68 0
1026 69 0
1026 70 140
1026 71 125
1026 72 0
1026 73 0
1026 74 0
1026 75 68
1026 76 0
1026 77 0
1026 78 0
1026 79 30
1026 80 0
1026 81 90
1026 82 23
1026 83 0
1026 84 0
1026 85 0
1026 86 0
1026 87 0
1026 88 38
1026 89 0
1026 90 16
1026 91 32
1026 92 224
1026 93 0
1026 94 0
1026 95 82
1051 1 15
1051 2 0
1051 3 30
1051 4 0
1051 5 0
1051 6 31
1051 7 0
1051 8 0
1051 9 74
1051 10 0
1051 11 0
1051 12 0
1051 13 118
1051 14 31
1051 15 135
1051 16 0
1051 17 28
1051 18 176
1051 19 0
1051 20 96
1051 21 19
1051 22 0
1051 23 43
1051 24 0
1051 25 0
1051 26 0
1051 27 0
1051 28 0
1051 29 0
1051 30 0
1051 31 0
1051 32 30
1051 33 0
1051 34 0
1051 35 0
1051 36 0
1051 37 0
1051 38 0
1051 39 0
1051 40 0
1051 41 136
1051 42 0
1051 43 0
1051 44 0
1051 45 0
1051 46 0
1051 47 0
1051 48 66
1051 49 255
1051 50 0
1051 51 26
1051 52 0
1051 53 424
1051 54 0
1051 55 0
1051 56 0
1051 57 0
1051 58 0
1051 59 30
1051 60 88
1051 61 0
1051 62 130
1051 63 122
1051 64 0
1051 65 0
1051 66 0
1051 67 0
1051 68 0
1051 69 0
1051 70 132
1051 71 110
1051 72 0
1051 73 0
1051 74 0
1051 75 66
1051 76 0
1051 77 0
1051 78 0
1051 79 27
1051 80 0
1051 81 107
1051 82 26
1051 83 0
1051 84 0
1051 85 0
1051 86 0
1051 87 0
1051 88 32
1051 89 0
1051 90 18
1051 91 28
1051 92 237
1051 93 0
1051 94 0
1051 95 87
1076 1 17
1076 2 0
1076 3 31
1076 4 0
1076 5 0
1076 6 31
1076 7 0
1076 8 0
1076 9 77
1076 10 0
1076 11 0
1076 12 0
1076 13 117
1076 14 35
1076 15 114
1076 16 0
1076 17 36
1076 18 160
1076 19 0
1076 20 95
1076 21 25
1076 22 0
1076 23 44
1076 24 0
1076 25 0
1076 26 0
1076 27 0
1076 28 0
1076 29 0
1076 30 0
1076 31 0
1076 32 27
1076 33 0
1076 34 0
1076 35 0
1076 36 0
1076 37 0
1076 38 0
1076 39 0
1076 40 0
1076 41 131
1076 42 0
1076 43 0
1076 44 0
1076 45 0
1076 46 0
1076 47 0
1076 48 63
1076 49 257
1076 50 0
1076 51 29
1076 52 0
1076 53 400
1076 54 0
1076 55 0
1076 56 0
1076 57 0
1076 58 0
1076 59 32
1076 60 95
1076 61 0
1076 62 126
1076 63 117
1076 64 0
1076 65 0
1076 66 0
1076 67 0
1076 68 0
1076 69 0
1076 70 123
1076 71 113
1076 72 0
1076 73 0
1076 74 0
1076 75 65
1076 76 0
1076 77 0
1076 78 0
1076 79 30
1076 80 0
1076 81 92
1076 82 18
1076 83 0
1076 84 0
1076 85 0
1076 86 0
1076 87 0
1076 88 38
1076 89 0
1076 90 24
1076 91 31
1076 92 247
1076 93 0
1076 94 0
1076 95 83
1101 1 22
1101 2 0
1101 3 31
1101 4 0
1101 5 0
1101 6 32
1101 7 0
1101 8 0
1101 9 74
1101 10 0
1101 11 0
1101 12 0
1101 13 116
1101 14 30
1101 15 136
1101 16 0
1101 17 33
1101 18 180
1101 19 0
1101 20 106
1101 21 23
1101 22 0
1101 23 41
1101 24 0
1101 25 0
1101 26 0
1101 27 0
1101 28 0
1101 29 0
1101 30 0
1101 31 0
1101 32 30
1101 33 0
1101 34 0
1101 35 0
1101 36 0
1101 37 0
1101 38 0
1101 39 0
1101 40 0
1101 41 135
1101 42 0
1101 43 0
1101 44 0
1101 45 0
1101 46 0
1101 47 0
1101 48 64
1101 49 242
1101 50 0
1101 51 28
1101 52 0
1101 53 410
1101 54 0
1101 55 0
1101 56 0
1101 57 0
1101 58 0
1101 59 29
1101 60 89
1101 61 0
1101 62 118
1101 63 106
1101 64 0
1101 65 0
1101 66 0
1101 67 0
1101 68 0
1101 69 0
1101 70 124
1101 71 121
1101 72 0
1101 73 0
1101 74 0
1101 75 67
1101 76 0
1101 77 0
1101 78 0
1101 79 27
1101 80 0
1101 81 116
1101 82 20
1101 83 0
1101 84 0
1101 85 0
1101 86 0
1101 87 0
1101 88 36
1101 89 0
1101 90 14
1101 91 30
1101 92 258
1101 93 0
1101 94 0
1101 95 85
1126 1 18
1126 2 0
1126 3 28
1126 4 0
1126 5 0
1126 6 28
1126 7 0
1126 8 0
1126 9 62
1126 10 0
1126 11 0
1126 12 0
1126 13 119
1126 14 29
1126 15 122
1126 16 0
1126 17 38
1126 18 172
1126 19 0
1126 20 90
1126 21 20
1126 22 0
1126 23 53
1126 24 0
1126 25 0
1126 26 0
1126 27 0
1126 28 0
1126 29 0
1126 30 0
1126 31 0
1126 32 25
1126 33 0
1126 34 0
1126 35 0
1126 36 0
1126 37 0
1126 38 0
1126 39 0
1126 40 0
1126 41 137
1126 42 0
1126 43 0
1126 44 0
1126 45 0
1126 46 0
1126 47 0
1126 48 62
1126 49 240
1126 50 0
1126 51 29
1126 52 0
1126 53 413
1126 54 0
1126 55 0
1126 56 0
1126 57 0
1126 58 0
1126 59 30
1126 60 93
1126 61 0
1126 62 124
1126 63 102
1126 64 0
1126 65 0
1126 66 0
1126 67 0
1126 68 0
1126 69 0
1126 70 132
1126 71 121
1126 72 0
1126 73 0
1126 74 0
1126 75 65
1126 76 0
1126 77 0
1126 78 0
1126 79 29
1126 80 0
1126 81 100
1126 82 26
1126 83 0
1126 84 0
1126 85 0
1126 86 0
1126 87 0
1126 88 26
1126 89 0
1126 90 15
1126 91 30
1126 92 242
1126 93 0
1126 94 0
1126 95 81
1151 1 21
1151 2 0
1151 3 29
1151 4 0
1151 5 0
1151 6 29
1151 7 0
1151 8 0
1151 9 70
1151 10 0
1151 11 0
1151 12 0
1151 13 104
1151 14 38
1151 15 121
1151 16 0
1151 17 30
1151 18 167
1151 19 0
1151 20 86
1151 21 22
1151 22 0
1151 23 41
1151 24 0
1151 25 0
1151 26 0
1151 27 0
1151 28 0
1151 29 0
1151 30 0
1151 31 0
1151 32 27
1151 33 0
1151 34 0
1151 35 0
1151 36 0
1151 37 0
1151 38 0
1151 39 0
1151 40 0
1151 41 146
1151 42 0
1151 43 0
1151 44 0
1151 45 0
1151 46 0
1151 47 0
1151 48 59
1151 49 235
1151 50 0
1151 51 29
1151 52 0
1151 53 417
1151 54 0
1151 55 0
1151 56 0
1151 57 0
1151 58 0
1151 59 28
1151 60 83
1151 61 0
1151 62 141
1151 63 132
1151 64 0
1151 65 0
1151 66 0
1151 67 0
1151 68 0
1151 69 0
1151 70 142
1151 71 125
1151 72 0
1151 73 0
1151 74 0
1151 75 63
1151 76 0
1151 77 0
1151 78 0
1151 79 34
1151 80 0
1151 81 109
1151 82 20
1151 83 0
1151 84 0
1151 85 0
1151 86 0
1151 87 0
1151 88 29
1151 89 0
1151 90 23
1151 91 32
1151 92 236
1151 93 0
1151 94 0
1151 95 88
1176 1 17
1176 2 0
1176 3 23
1176 4 0
1176 5 0
1176 6 41
1176 7 0
1176 8 0
1176 9 76
1176 10 0
1176 11 0
1176 12 0
1176 13 125
1176 14 33
1176 15 121
1176 16 0
1176 17 29
1176 18 175
1176 19 0
1176 20 92
1176 21 22
1176 22 0
1176 23 48
1176 24 0
1176 25 0
1176 26 0
1176 27 0
1176 28 0
1176 29 0
1176 30 0
1176 31 0
1176 32 30
1176 33 0
1176 34 0
1176 35 0
1176 36 0
1176 37 0
1176 38 0
1176 39 0
1176 40 0
1176 41 135
1176 42 0
1176 43 0
1176 44 0
1176 45 0
1176 46 0
1176 47 0
1176 48 63
1176 49 265
1176 50 0
1176 51 28
1176 52 0
1176 53 392
1176 54 0
1176 55 0
1176 56 0
1176 57 0
1176 58 0
1176 59 31
1176 60 85
1176 61 0
1176 62 125
1176 63 115
1176 64 0
1176 65 0
1176 66 0
1176 67 0
1176 68 0
1176 69 0
1176 70 119
1176 71 120
1176 72 0
1176 73 0
1176 74 0
1176 75 68
1176 76 0
1176 77 0
1176 78 0
1176 79 30
1176 80 0
1176 81 112
1176 82 22
1176 83 0
1176 84 0
1176 85 0
1176 86 0
1176 87 0
1176 88 33
1176 89 0
1176 90 19
1176 91 29
1176 92 237
1176 93 0
1176 94 0
1176 95 71
1201 1 19
1201 2 0
1201 3 28
1201 4 0
1201 5 0
1201 6 36
1201 7 0
1201 8 0
1201 9 80
1201 10 0
1201 11 0
1201 12 0
1201 13 119
1201 14 30
1201 15 97
1201 16 0
1201 17 31
1201 18 167
1201 19 0
1201 20 83
1201 21 22
1201 22 0
1201 23 45
1201 24 0
1201 25 0
1201 26 0
1201 27 0
1201 28 0
1201 29 0
1201 30 0
1201 31 0
1201 32 30
1201 33 0
1201 34 0
1201 35 0
1201 36 0
1201 37 0
1201 38 0
1201 39 0
1201 40 0
1201 41 139
1201 42 0
1201 43 0
1201 44 0
1201 45 0
1201 46 0
1201 47 0
1201 48 65
1201 49 232
1201 50 0
1201 51 31
1201 52 0
1201 53 405
1201 54 0
1201 55 0
1201 56 0
1201 57 0
1201 58 0
1201 59 30
1201 60 87
1201 61 0
1201 62 157
1201 63 110
1201 64 0
1201 65 0
1201 66 0
1201 67 0
1201 68 0
1201 69 0
1201 70 132
1201 71 117
1201 72 0
1201 73 0
1201 74 0
1201 75 70
1201 76 0
1201 77 0
1201 78 0
1201 79 26
1201 80 0
1201 81 109
1201 82 19
1201 83 0
1201 84 0
1201 85 0
1201 86 0
1201 87 0
1201 88 36
1201 89 0
1201 90 19
1201 91 30
1201 92 237
1201 93 0
1201 94 0
1201 95 71
1226 1 21
1226 2 0
1226 3 26
1226 4 0
1226 5 0
1226 6 30
1226 7 0
1226 8 0
1226 9 72
1226 10 0
1226 11 0
1226 12 0
1226 13 107
1226 14 31
1226 15 126
1226 16 0
1226 17 27
1226 18 158
1226 19 0
1226 20 91
1226 21 23
1226 22 0
1226 23 49
1226 24 0
1226 25 0
1226 26 0
1226 27 0
1226 28 0
1226 29 0
1226 30 0
1226 31 0
1226 32 19
1226 33 0
1226 34 0
1226 35 0
1226 36 0
1226 37 0
1226 38 0
1226 39 0
1226 40 0
1226 41 126
1226 42 0
1226 43 0
1226 44 0
1226 45 0
1226 46 0
1226 47 0
1226 48 59
1226 49 240
1226 50 0
1226 51 20
1226 52 0
1226 53 393
1226 54 0
1226 55 0
1226 56 0
1226 57 0
1226 58 0
1226 59 37
1226 60 84
1226 61 0
1226 62 129
1226 63 108
1226 64 0
1226 65 0
1226 66 0
1226 67 0
1226 68 0
1226 69 0
1226 70 134
1226 71 116
1226 72 0
1226 73 0
1226 74 0
1226 75 63
1226 76 0
1226 77 0
1226 78 0
1226 79 33
1226 80 0
1226 81 107
1226 82 21
1226 83 0
1226 84 0
1226 85 0
1226 86 0
1226 87 0
1226 88 34
1226 89 0
1226 90 20
1226 91 29
1226 92 244
1226 93 0
1226 94 0
1226 95 93
1251 1 22
1251 2 0
1251 3 29
1251 4 0
1251 5 0
1251 6 31
1251 7 0
1251 8 0
1251 9 77
1251 10 0
1251 11 0
1251 12 0
1251 13 121
1251 14 33
1251 15 136
1251 16 0
1251 17 32
1251 18 174
1251 19 0
1251 20 100
1251 21 26
1251 22 0
1251 23 32
1251 24 0
1251 25 0
1251 26 0
1251 27 0
1251 28 0
1251 29 0
1251 30 0
1251 31 0
1251 32 29
1251 33 0
1251 34 0
1251 35 0
1251 36 0
1251 37 0
1251 38 0
1251 39 0
1251 40 0
1251 41 146
1251 42 0
1251 43 0
1251 44 0
1251 45 0
1251 46 0
1251 47 0
1251 48 70
1251 49 230
1251 50 0
1251 51 24
1251 52 0
1251 53 399
1251 54 0
1251 55 0
1251 56 0
1251 57 0
1251 58 0
1251 59 27
1251 60 79
1251 61 0
1251 62 120
1251 63 106
1251 64 0
1251 65 0
1251 66 0
1251 67 0
1251 68 0
1251 69 0
1251 70 123
1251 71 112
1251 72 0
1251 73 0
1251 74 0
1251 75 64
1251 76 0
1251 77 0
1251 78 0
1251 79 31
1251 80 0
1251 81 105
1251 82 17
1251 83 0
1251 84 0
1251 85 0
1251 86 0
1251 87 0
1251 88 37
1251 89 0
1251 90 21
1251 91 31
1251 92 242
1251 93 0
1251 94 0
1251 95 87
1276 1 22
1276 2 0
1276 3 31
1276 4 0
1276 5 0
1276 6 39
1276 7 0
1276 8 0
1276 9 80
1276 10 0
1276 11 0
1276 12 0
1276 13 118
1276 14 39
1276 15 125
1276 16 0
1276 17 33
1276 18 172
1276 19 0
1276 20 96
1276 21 28
1276 22 0
1276 23 40
1276 24 0
1276 25 0
1276 26 0
1276 27 0
1276 28 0
1276 29 0
1276 30 0
1276 31 0
1276 32 26
1276 33 0
1276 34 0
1276 35 0
1276 36 0
1276 37 0
1276 38 0
1276 39 0
1276 40 0
1276 41 137
1276 42 0
1276 43 0
1276 44 0
1276 45 0
1276 46 0
1276 47 0
1276 48 63
1276 49 237
1276 50 0
1276 51 30
1276 52 0
1276 53 383
1276 54 0
1276 55 0
1276 56 0
1276 57 0
1276 58 0
1276 59 30
1276 60 91
1276 61 0
1276 62 126
1276 63 116
1276 64 0
1276 65 0
1276 66 0
1276 67 0
1276 68 0
1276 69 0
1276 70 140
1276 71 111
1276 72 0
1276 73 0
1276 74 0
1276 75 70
1276 76 0
1276 77 0
1276 78 0
1276 79 28
1276 80 0
1276 81 111
1276 82 22
1276 83 0
1276 84 0
1276 85 0
1276 86 0
1276 87 0
1276 88 40
1276 89 0
1276 90 24
1276 91 30
1276 92 224
1276 93 0
1276 94 0
1276 95 77
1301 1 27
1301 2 0
1301 3 33
1301 4 0
1301 5 0
1301 6 38
1301 7 0
1301 8 0
1301 9 78
1301 10 0
1301 11 0
1301 12 0
1301 13 123
1301 14 30
1301 15 135
1301 16 0
1301 17 33
1301 18 177
1301 19 0
1301 20 89
1301 21 18
1301 22 0
1301 23 43
1301 24 0
1301 25 0
1301 26 0
1301 27 0
1301 28 0
1301 29 0
1301 30 0
1301 31 0
1301 32 28
1301 33 0
1301 34 0
1301 35 0
1301 36 0
1301 37 0
1301 38 0
1301 39 0
1301 40 0
1301 41 132
1301 42 0
1301 43 0
1301 44 0
1301 45 0
1301 46 0
1301 47 0
1301 48 55
1301 49 244
1301 50 0
1301 51 27
1301 52 0
1301 53 383
1301 54 0
1301 55 0
1301 56 0
1301 57 0
1301 58 0
1301 59 33
1301 60 86
1301 61 0
1301 62 140
1301 63 95
1301 64 0
1301 65 0
1301 66 0
1301 67 0
1301 68 0
1301 69 0
1301 70 139
1301 71 104
1301 72 0
1301 73 0
1301 74 0
1301 75 68
1301 76 0
1301 77 0
1301 78 0
1301 79 31
1301 80 0
1301 81 109
1301 82 22
1301 83 0
1301 84 0
1301 85 0
1301 86 0
1301 87 0
1301 88 30
1301 89 0
1301 90 25
1301 91 29
1301 92 257
1301 93 0
1301 94 0
1301 95 81
1326 1 18
1326 2 0
1326 3 32
1326 4 0
1326 5 0
1326 6 29
1326 7 0
1326 8 0
1326 9 82
1326 10 0
1326 11 0
1326 12 0
1326 13 114
1326 14 30
1326 15 118
1326 16 0
1326 17 30
1326 18 175
1326 19 0
1326 20 88
1326 21 23
1326 22 0
1326 23 50
1326 24 0
1326 25 0
1326 26 0
1326 27 0
1326 28 0
1326 29 0
1326 30 0
1326 31 0
1326 32 23
1326 33 0
1326 34 0
1326 35 0
1326 36 0
1326 37 0
1326 38 0
1326 39 0
1326 40 0
1326 41 143
1326 42 0
1326 43 0
1326 44 0
1326 45 0
1326 46 0
1326 47 0
1326 48 69
1326 49 240
1326 50 0
1326 51 29
1326 52 0
1326 53 432
1326 54 0
1326 55 0
1326 56 0
1326 57 0
1326 58 0
1326 59 38
1326 60 89
1326 61 0
1326 62 148
1326 63 111
1326 64 0
1326 65 0
1326 66 0
1326 67 0
1326 68 0
1326 69 0
1326 70 122
1326 71 117
1326 72 0
1326 73 0
1326 74 0
1326 75 65
1326 76 0
1326 77 0
1326 78 0
1326 79 27
1326 80 0
1326 81 102
1326 82 25
1326 83 0
1326 84 0
1326 85 0
1326 86 0
1326 87 0
1326 88 36
1326 89 0
1326 90 11
1326 91 29
1326 92 240
1326 93 0
1326 94 0
1326 95 87
1351 1 22
1351 2 0
1351 3 31
1351 4 0
1351 5 0
1351 6 39
1351 7 0
1351 8 0
1351 9 75
1351 10 0
1351 11 0
1351 12 0
1351 13 117
1351 14 33
1351 15 138
1351 16 0
1351 17 27
1351 18 170
1351 19 0
1351 20 98
1351 21 27
1351 22 0
1351 23 40
1351 24 0
1351 25 0
1351 26 0
1351 27 0
1351 28 0
1351 29 0
1351 30 0
1351 31 0
1351 32 27
1351 33 0
1351 34 0
1351 35 0
1351 36 0
1351 37 0
1351 38 0
1351 39 0
1351 40 0
1351 41 127
1351 42 0
1351 43 0
1351 44 0
1351 45 0
1351 46 0
1351 47 0
1351 48 69
1351 49 247
1351 50 0
1351 51 25
1351 52 0
1351 53 402
1351 54 0
1351 55 0
1351 56 0
1351 57 0
1351 58 0
1351 59 33
1351 60 86
1351 61 0
1351 62 119
1351 63 105
1351 64 0
1351 65 0
1351 66 0
1351 67 0
1351 68 0
1351 69 0
1351 70 138
1351 71 112
1351 72 0
1351 73 0
1351 74 0
1351 75 76
1351 76 0
1351 77 0
1351 78 0
1351 79 26
1351 80 0
1351 81 100
1351 82 20
1351 83 0
1351 84 0
1351 85 0
1351 86 0
1351 87 0
1351 88 31
1351 89 0
1351 90 16
1351 91 26
1351 92 237
1351 93 0
1351 94 0
1351 95 85
1376 1 21
1376 2 0
1376 3 26
1376 4 0
1376 5 0
1376 6 38
1376 7 0
1376 8 0
1376 9 79
1376 10 0
1376 11 0
1376 12 0
1376 13 111
1376 14 30
1376 15 128
1376 16 0
1376 17 30
1376 18 176
1376 19 0
1376 20 88
1376 21 25
1376 22 0
1376 23 42
1376 24 0
1376 25 0
1376 26 0
1376 27 0
1376 28 0
1376 29 0
1376 30 0
1376 31 0
1376 32 31
1376 33 0
1376 34 0
1376 35 0
1376 36 0
1376 37 0
1376 38 0
1376 39 0
1376 40 0
1376 41 127
1376 42 0
1376 43 0
1376 44 0
1376 45 0
1376 46 0
1376 47 0
1376 48 60
1376 49 243
1376 50 0
1376 51 23
1376 52 0
1376 53 401
1376 54 0
1376 55 0
1376 56 0
1376 57 0
1376 58 0
1376 59 32
1376 60 94
1376 61 0
1376 62 124
1376 63 109
1376 64 0
1376 65 0
1376 66 0
1376 67 0
1376 68 0
1376 69 0
1376 70 128
1376 71 117
1376 72 0
1376 73 0
1376 74 0
1376 75 74
1376 76 0
1376 77 0
1376 78 0
1376 79 31
1376 80 0
1376 81 95
1376 82 24
1376 83 0
1376 84 0
1376 85 0
1376 86 0
1376 87 0
1376 88 40
1376 89 0
1376 90 16
1376 91 30
1376 92 219
1376 93 0
1376 94 0
1376 95 90
1401 1 19
1401 2 0
1401 3 28
1401 4 0
1401 5 0
1401 6 31
1401 7 0
1401 8 0
1401 9 71
1401 10 0
1401 11 0
1401 12 0
1401 13 113
1401 14 32
1401 15 122
1401 16 0
1401 17 32
1401 18 170
1401 19 0
1401 20 99
1401 21 22
1401 22 0
1401 23 48
1401 24 0
1401 25 0
1401 26 0
1401 27 0
1401 28 0
1401 29 0
1401 30 0
1401 31 0
1401 32 26
1401 33 0
1401 34 0
1401 35 0
1401 36 0
1401 37 0
1401 38 0
1401 39 0
1401 40 0
1401 41 136
1401 42 0
1401 43 0
1401 44 0
1401 45 0
1401 46 0
1401 47 0
1401 48 74
1401 49 244
1401 50 0
1401 51 25
1401 52 0
1401 53 401
1401 54 0
1401 55 0
1401 56 0
1401 57 0
1401 58 0
1401 59 29
1401 60 84
1401 61 0
1401 62 129
1401 63 114
1401 64 0
1401 65 0
1401 66 0
1401 67 0
1401 68 0
1401 69 0
1401 70 129
1401 71 125
1401 72 0
1401 73 0
1401 74 0
1401 75 55
1401 76 0
1401 77 0
1401 78 0
1401 79 30
1401 80 0
1401 81 106
1401 82 26
1401 83 0
1401 84 0
1401 85 0
1401 86 0
1401 87 0
1401 88 28
1401 89 0
1401 90 17
1401 91 29
1401 92 231
1401 93 0
1401 94 0
1401 95 86
1426 1 17
1426 2 0
1426 3 19
1426 4 0
1426 5 0
1426 6 35
1426 7 0
1426 8 0
1426 9 70
1426 10 0
1426 11 0
1426 12 0
1426 13 119
1426 14 32
1426 15 124
1426 16 0
1426 17 28
1426 18 175
1426 19 0
1426 20 89
1426 21 25
1426 22 0
1426 23 45
1426 24 0
1426 25 0
1426 26 0
1426 27 0
1426 28 0
1426 29 0
1426 30 0
1426 31 0
1426 32 26
1426 33 0
1426 34 0
1426 35 0
1426 36 0
1426 37 0
1426 38 0
1426 39 0
1426 40 0
1426 41 140
1426 42 0
1426 43 0
1426 44 0
1426 45 0
1426 46 0
1426 47 0
1426 48 56
1426 49 235
1426 50 0
1426 51 33
1426 52 0
1426 53 399
1426 54 0
1426 55 0
1426 56 0
1426 57 0
1426 58 0
1426 59 30
1426 60 99
1426 61 0
1426 62 135
1426 63 110
1426 64 0
1426 65 0
1426 66 0
1426 67 0
1426 68 0
1426 69 0
1426 70 124
1426 71 139
1426 72 0
1426 73 0
1426 74 0
1426 75 65
1426 76 0
1426 77 0
1426 78 0
1426 79 28
1426 80 0
1426 81 101
1426 82 22
1426 83 0
1426 84 0
1426 85 0
1426 86 0
1426 87 0
1426 88 47
1426 89 0
1426 90 14
1426 91 30
1426 92 232
1426 93 0
1426 94 0
1426 95 94
1451 1 20
1451 2 0
1451 3 31
1451 4 0
1451 5 0
1451 6 33
1451 7 0
1451 8 0
1451 9 67
1451 10 0
1451 11 0
1451 12 0
1451 13 112
1451 14 34
1451 15 133
1451 16 0
1451 17 28
1451 18 182
1451 19 0
1451 20 89
1451 21 25
1451 22 0
1451 23 37
1451 24 0
1451 25 0
1451 26 0
1451 27 0
1451 28 0
1451 29 0
1451 30 0
1451 31 0
1451 32 23
1451 33 0
1451 34 0
1451 35 0
1451 36 0
1451 37 0
1451 38 0
1451 39 0
1451 40 0
1451 41 140
1451 42 0
1451 43 0
1451 44 0
1451 45 0
1451 46 0
1451 47 0
1451 48 73
1451 49 245
1451 50 0
1451 51 22
1451 52 0
1451 53 437
1451 54 0
1451 55 0
1451 56 0
1451 57 0
1451 58 0
1451 59 30
1451 60 82
1451 61 0
1451 62 143
1451 63 107
1451 64 0
1451 65 0
1451 66 0
1451 67 0
1451 68 0
1451 69 0
1451 70 125
1451 71 114
1451 72 0
1451 73 0
1451 74 0
1451 75 68
1451 76 0
1451 77 0
1451 78 0
1451 79 23
1451 80 0
1451 81 105
1451 82 21
1451 83 0
1451 84 0
1451 85 0
1451 86 0
1451 87 0
1451 88 35
1451 89 0
1451 90 19
1451 91 27
1451 92 250
1451 93 0
1451 94 0
1451 95 88
1476 1 22
1476 2 0
1476 3 29
1476 4 0
1476 5 0
1476 6 37
1476 7 0
1476 8 0
1476 9 71
1476 10 0
1476 11 0
1476 12 0
1476 13 105
1476 14 37
1476 15 126
1476 16 0
1476 17 30
1476 18 171
1476 19 0
1476 20 98
1476 21 18
1476 22 0
1476 23 42
1476 24 0
1476 25 0
1476 26 0
1476 27 0
1476 28 0
1476 29 0
1476 30 0
1476 31 0
1476 32 30
1476 33 0
1476 34 0
1476 35 0
1476 36 0
1476 37 0
1476 38 0
1476 39 0
1476 40 0
1476 41 135
1476 42 0
1476 43 0
1476 44 0
1476 45 0
1476 46 0
1476 47 0
1476 48 60
1476 49 234
1476 50 0
1476 51 22
1476 52 0
1476 53 430
1476 54 0
1476 55 0
1476 56 0
1476 57 0
1476 58 0
1476 59 31
1476 60 82
1476 61 0
1476 62 134
1476 63 100
1476 64 0
1476 65 0
1476 66 0
1476 67 0
1476 68 0
1476 69 0
1476 70 120
1476 71 107
1476 72 0
1476 73 0
1476 74 0
1476 75 71
1476 76 0
1476 77 0
1476 78 0
1476 79 32
1476 80 0
1476 81 95
1476 82 21
1476 83 0
1476 84 0
1476 85 0
1476 86 0
1476 87 0
1476 88 37
1476 89 0
1476 90 13
1476 91 30
1476 92 247
1476 93 0
1476 94 0
1476 95 88
1501 1 17
1501 2 0
1501 3 26
1501 4 0
1501 5 0
1501 6 38
1501 7 0
1501 8 0
1501 9 70
1501 10 0
1501 11 0
1501 12 0
1501 13 115
1501 14 35
1501 15 129
1501 16 0
1501 17 32
1501 18 169
1501 19 0
1501 20 98
1501 21 20
1501 22 0
1501 23 56
1501 24 0
1501 25 0
1501 26 0
1501 27 0
1501 28 0
1501 29 0
1501 30 0
1501 31 0
1501 32 17
1501 33 0
1501 34 0
1501 35 0
1501 36 0
1501 37 0
1501 38 0
1501 39 0
1501 40 0
1501 41 145
1501 42 0
1501 43 0
1501 44 0
1501 45 0
1501 46 0
1501 47 0
1501 48 66
1501 49 237
1501 50 0
1501 51 28
1501 52 0
1501 53 388
1501 54 0
1501 55 0
1501 56 0
1501 57 0
1501 58 0
1501 59 33
1501 60 91
1501 61 0
1501 62 129
1501 63 135
1501 64 0
1501 65 0
1501 66 0
1501 67 0
1501 68 0
1501 69 0
1501 70 124
1501 71 120
1501 72 0
1501 73 0
1501 74 0
1501 75 64
1501 76 0
1501 77 0
1501 78 0
1501 79 30
1501 80 0
1501 81 98
1501 82 22
1501 83 0
1501 84 0
1501 85 0
1501 86 0
1501 87 0
1501 88 32
1501 89 0
1501 90 19
1501 91 29
1501 92 238
1501 93 0
1501 94 0
1501 95 97
1526 1 16
1526 2 0
1526 3 30
1526 4 0
1526 5 0
1526 6 31
1526 7 0
1526 8 0
1526 9 71
1526 10 0
1526 11 0
1526 12 0
1526 13 113
1526 14 31
1526 15 127
1526 16 0
1526 17 39
1526 18 155
1526 19 0
1526 20 101
1526 21 19
1526 22 0
1526 23 50
1526 24 0
1526 25 0
1526 26 0
1526 27 0
1526 28 0
1526 29 0
1526 30 0
1526 31 0
1526 32 22
1526 33 0
1526 34 0
1526 35 0
1526 36 0
1526 37 0
1526 38 0
1526 39 0
1526 40 0
1526 41 151
1526 42 0
1526 43 0
1526 44 0
1526 45 0
1526 46 0
1526 47 0
1526 48 60
1526 49 243
1526 50 0
1526 51 28
1526 52 0
1526 53 392
1526 54 0
1526 55 0
1526 56 0
1526 57 0
1526 58 0
1526 59 27
1526 60 81
1526 61 0
1526 62 135
1526 63 104
1526 64 0
1526 65 0
1526 66 0
1526 67 0
1526 68 0
1526 69 0
1526 70 131
1526 71 122
1526 72 0
1526 73 0
1526 74 0
1526 75 70
1526 76 0
1526 77 0
1526 78 0
1526 79 30
1526 80 0
1526 81 98
1526 82 22
1526 83 0
1526 84 0
1526 85 0
1526 86 0
1526 87 0
1526 88 29
1526 89 0
1526 90 22
1526 91 30
1526 92 241
1526 93 0
1526 94 0
1526 95 85
1551 1 21
1551 2 0
1551 3 30
1551 4 0
1551 5 0
1551 6 30
1551 7 0
1551 8 0
1551 9 75
1551 10 0
1551 11 0
1551 12 0
1551 13 106
1551 14 39
1551 15 123
1551 16 0
1551 17 30
1551 18 180
1551 19 0
1551 20 98
1551 21 23
1551 22 0
1551 23 43
1551 24 0
1551 25 0
1551 26 0
1551 27 0
1551 28 0
1551 29 0
1551 30 0
1551 31 0
1551 32 28
1551 33 0
1551 34 0
1551 35 0
1551 36 0
1551 37 0
1551 38 0
1551 39 0
1551 40 0
1551 41 137
1551 42 0
1551 43 0
1551 44 0
1551 45 0
1551 46 0
1551 47 0
1551 48 62
1551 49 244
1551 50 0
1551 51 31
1551 52 0
1551 53 417
1551 54 0
1551 55 0
1551 56 0
1551 57 0
1551 58 0
1551 59 29
1551 60 92
1551 61 0
1551 62 116
1551 63 110
1551 64 0
1551 65 0
1551 66 0
1551 67 0
1551 68 0
1551 69 0
1551 70 129
1551 71 136
1551 72 0
1551 73 0
1551 74 0
1551 75 63
1551 76 0
1551 77 0
1551 78 0
1551 79 22
1551 80 0
1551 81 99
1551 82 25
1551 83 0
1551 84 0
1551 85 0
1551 86 0
1551 87 0
1551 88 35
1551 89 0
1551 90 19
1551 91 29
1551 92 241
1551 93 0
1551 94 0
1551 95 83
1576 1 17
1576 2 0
1576 3 30
1576 4 0
1576 5 0
1576 6 41
1576 7 0
1576 8 0
1576 9 72
1576 10 0
1576 11 0
1576 12 0
1576 13 107
1576 14 35
1576 15 114
1576 16 0
1576 17 30
1576 18 152
1576 19 0
1576 20 93
1576 21 22
1576 22 0
1576 23 41
1576 24 0
1576 25 0
1576 26 0
1576 27 0
1576 28 0
1576 29 0
1576 30 0
1576 31 0
1576 32 27
1576 33 0
1576 34 0
1576 35 0
1576 36 0
1576 37 0
1576 38 0
1576 39 0
1576 40 0
1576 41 135
1576 42 0
1576 43 0
1576 44 0
1576 45 0
1576 46 0
1576 47 0
1576 48 72
1576 49 247
1576 50 0
1576 51 29
1576 52 0
1576 53 434
1576 54 0
1576 55 0
1576 56 0
1576 57 0
1576 58 0
1576 59 32
1576 60 86
1576 61 0
1576 62 122
1576 63 120
1576 64 0
1576 65 0
1576 66 0
1576 67 0
1576 68 0
1576 69 0
1576 70 128
1576 71 121
1576 72 0
1576 73 0
1576 74 0
1576 75 69
1576 76 0
1576 77 0
1576 78 0
1576 79 30
1576 80 0
1576 81 103
1576 82 25
1576 83 0
1576 84 0
1576 85 0
1576 86 0
1576 87 0
1576 88 41
1576 89 0
1576 90 18
1576 91 32
1576 92 211
1576 93 0
1576 94 0
1576 95 76
1601 1 23
1601 2 0
1601 3 29
1601 4 0
1601 5 0
1601 6 30
1601 7 0
1601 8 0
1601 9 77
1601 10 0
1601 11 0
1601 12 0
1601 13 119
1601 14 39
1601 15 119
1601 16 0
1601 17 31
1601 18 166
1601 19 0
1601 20 97
1601 21 20
1601 22 0
1601 23 46
1601 24 0
1601 25 0
1601 26 0
1601 27 0
1601 28 0
1601 29 0
1601 30 0
1601 31 0
1601 32 26
1601 33 0
1601 34 0
1601 35 0
1601 36 0
1601 37 0
1601 38 0
1601 39 0
1601 40 0
1601 41 124
1601 42 0
1601 43 0
1601 44 0
1601 45 0
1601 46 0
1601 47 0
1601 48 66
1601 49 242
1601 50 0
1601 51 28
1601 52 0
1601 53 391
1601 54 0
1601 55 0
1601 56 0
1601 57 0
1601 58 0
1601 59 31
1601 60 88
1601 61 0
1601 62 146
1601 63 116
1601 64 0
1601 65 0
1601 66 0
1601 67 0
1601 68 0
1601 69 0
1601 70 121
1601 71 118
1601 72 0
1601 73 0
1601 74 0
1601 75 65
1601 76 0
1601 77 0
1601 78 0
1601 79 27
1601 80 0
1601 81 97
1601 82 22
1601 83 0
1601 84 0
1601 85 0
1601 86 0
1601 87 0
1601 88 26
1601 89 0
1601 90 26
1601 91 32
1601 92 224
1601 93 0
1601 94 0
1601 95 94
1626 1 21
1626 2 0
1626 3 30
1626 4 0
1626 5 0
1626 6 38
1626 7 0
1626 8 0
1626 9 76
1626 10 0
1626 11 0
1626 12 0
1626 13 117
1626 14 39
1626 15 121
1626 16 0
1626 17 30
1626 18 169
1626 19 0
1626 20 93
1626 21 20
1626 22 0
1626 23 57
1626 24 0
1626 25 0
1626 26 0
1626 27 0
1626 28 0
1626 29 0
1626 30 0
1626 31 0
1626 32 29
1626 33 0
1626 34 0
1626 35 0
1626 36 0
1626 37 0
1626 38 0
1626 39 0
1626 40 0
1626 41 129
1626 42 0
1626 43 0
1626 44 0
1626 45 0
1626 46 0
1626 47 0
1626 48 59
1626 49 245
1626 50 0
1626 51 32
1626 52 0
1626 53 399
1626 54 0
1626 55 0
1626 56 0
1626 57 0
1626 58 0
1626 59 29
1626 60 104
1626 61 0
1626 62 132
1626 63 119
1626 64 0
1626 65 0
1626 66 0
1626 67 0
1626 68 0
1626 69 0
1626 70 140
1626 71 126
1626 72 0
1626 73 0
1626 74 0
1626 75 70
1626 76 0
1626 77 0
1626 78 0
1626 79 29
1626 80 0
1626 81 92
1626 82 22
1626 83 0
1626 84 0
1626 85 0
1626 86 0
1626 87 0
1626 88 32
1626 89 0
1626 90 24
1626 91 35
1626 92 224
1626 93 0
1626 94 0
1626 95 89
1651 1 26
1651 2 0
1651 3 32
1651 4 0
1651 5 0
1651 6 34
1651 7 0
1651 8 0
1651 9 73
1651 10 0
1651 11 0
1651 12 0
1651 13 120
1651 14 34
1651 15 128
1651 16 0
1651 17 28
1651 18 166
1651 19 0
1651 20 93
1651 21 20
1651 22 0
1651 23 39
1651 24 0
1651 25 0
1651 26 0
1651 27 0
1651 28 0
1651 29 0
1651 30 0
1651 31 0
1651 32 26
1651 33 0
1651 34 0
1651 35 0
1651 36 0
1651 37 0
1651 38 0
1651 39 0
1651 40 0
1651 41 128
1651 42 0
1651 43 0
1651 44 0
1651 45 0
1651 46 0
1651 47 0
1651 48 67
1651 49 230
1651 50 0
1651 51 22
1651 52 0
1651 53 403
1651 54 0
1651 55 0
1651 56 0
1651 57 0
1651 58 0
1651 59 37
1651 60 90
1651 61 0
1651 62 117
1651 63 110
1651 64 0
1651 65 0
1651 66 0
1651 67 0
1651 68 0
1651 69 0
1651 70 137
1651 71 109
1651 72 0
1651 73 0
1651 74 0
1651 75 66
1651 76 0
1651 77 0
1651 78 0
1651 79 24
1651 80 0
1651 81 102
1651 82 21
1651 83 0
1651 84 0
1651 85 0
1651 86 0
1651 87 0
1651 88 36
1651 89 0
1651 90 18
1651 91 29
1651 92 228
1651 93 0
1651 94 0
1651 95 91
1676 1 22
1676 2 0
1676 3 26
1676 4 0
1676 5 0
1676 6 29
1676 7 0
1676 8 0
1676 9 75
1676 10 0
1676 11 0
1676 12 0
1676 13 108
1676 14 30
1676 15 125
1676 16 0
1676 17 32
1676 18 177
1676 19 0
1676 20 94
1676 21 29
1676 22 0
1676 23 49
1676 24 0
1676 25 0
1676 26 0
1676 27 0
1676 28 0
1676 29 0
1676 30 0
1676 31 0
1676 32 26
1676 33 0
1676 34 0
1676 35 0
1676 36 0
1676 37 0
1676 38 0
1676 39 0
1676 40 0
1676 41 123
1676 42 0
1676 43 0
1676 44 0
1676 45 0
1676 46 0
1676 47 0
1676 48 64
1676 49 261
1676 50 0
1676 51 30
1676 52 0
1676 53 399
1676 54 0
1676 55 0
1676 56 0
1676 57 0
1676 58 0
1676 59 30
1676 60 81
1676 61 0
1676 62 128
1676 63 105
1676 64 0
1676 65 0
1676 66 0
1676 67 0
1676 68 0
1676 69 0
1676 70 129
1676 71 132
1676 72 0
1676 73 0
1676 74 0
1676 75 75
1676 76 0
1676 77 0
1676 78 0
1676 79 28
1676 80 0
1676 81 98
1676 82 25
1676 83 0
1676 84 0
1676 85 0
1676 86 0
1676 87 0
1676 88 29
1676 89 0
1676 90 18
1676 91 31
1676 92 234
1676 93 0
1676 94 0
1676 95 85
1701 1 19
1701 2 0
1701 3 27
1701 4 0
1701 5 0
1701 6 35
1701 7 0
1701 8 0
1701 9 75
1701 10 0
1701 11 0
1701 12 0
1701 13 112
1701 14 30
1701 15 121
1701 16 0
1701 17 30
1701 18 174
1701 19 0
1701 20 90
1701 21 23
1701 22 0
1701 23 58
1701 24 0
1701 25 0
1701 26 0
1701 27 0
1701 28 0
1701 29 0
1701 30 0
1701 31 0
1701 32 22
1701 33 0
1701 34 0
1701 35 0
1701 36 0
1701 37 0
1701 38 0
1701 39 0
1701 40 0
1701 41 128
1701 42 0
1701 43 0
1701 44 0
1701 45 0
1701 46 0
1701 47 0
1701 48 69
1701 49 241
1701 50 0
1701 51 31
1701 52 0
1701 53 410
1701 54 0
1701 55 0
1701 56 0
1701 57 0
1701 58 0
1701 59 34
1701 60 96
1701 61 0
1701 62 125
1701 63 127
1701 64 0
1701 65 0
1701 66 0
1701 67 0
1701 68 0
1701 69 0
1701 70 122
1701 71 119
1701 72 0
1701 73 0
1701 74 0
1701 75 73
1701 76 0
1701 77 0
1701 78 0
1701 79 31
1701 80 0
1701 81 105
1701 82 16
1701 83 0
1701 84 0
1701 85 0
1701 86 0
1701 87 0
1701 88 43
1701 89 0
1701 90 15
1701 91 30
1701 92 225
1701 93 0
1701 94 0
1701 95 91
1726 1 24
1726 2 0
1726 3 30
1726 4 0
1726 5 0
1726 6 41
1726 7 0
1726 8 0
1726 9 75
1726 10 0
1726 11 0
1726 12 0
1726 13 116
1726 14 33
1726 15 131
1726 16 0
1726 17 34
1726 18 180
1726 19 0
1726 20 96
1726 21 24
1726 22 0
1726 23 48
1726 24 0
1726 25 0
1726 26 0
1726 27 0
1726 28 0
1726 29 0
1726 30 0
1726 31 0
1726 32 24
1726 33 0
1726 34 0
1726 35 0
1726 36 0
1726 37 0
1726 38 0
1726 39 0
1726 40 0
1726 41 128
1726 42 0
1726 43 0
1726 44 0
1726 45 0
1726 46 0
1726 47 0
1726 48 63
1726 49 245
1726 50 0
1726 51 32
1726 52 0
1726 53 395
1726 54 0
1726 55 0
1726 56 0
1726 57 0
1726 58 0
1726 59 30
1726 60 92
1726 61 0
1726 62 137
1726 63 107
1726 64 0
1726 65 0
1726 66 0
1726 67 0
1726 68 0
1726 69 0
1726 70 135
1726 71 120
1726 72 0
1726 73 0
1726 74 0
1726 75 73
1726 76 0
1726 77 0
1726 78 0
1726 79 26
1726 80 0
1726 81 103
1726 82 17
1726 83 0
1726 84 0
1726 85 0
1726 86 0
1726 87 0
1726 88 33
1726 89 0
1726 90 20
1726 91 26
1726 92 233
1726 93 0
1726 94 0
1726 95 77
1751 1 22
1751 2 0
1751 3 26
1751 4 0
1751 5 0
1751 6 39
1751 7 0
1751 8 0
1751 9 75
1751 10 0
1751 11 0
1751 12 0
1751 13 121
1751 14 35
1751 15 96
1751 16 0
1751 17 33
1751 18 195
1751 19 0
1751 20 89
1751 21 28
1751 22 0
1751 23 42
1751 24 0
1751 25 0
1751 26 0
1751 27 0
1751 28 0
1751 29 0
1751 30 0
1751 31 0
1751 32 27
1751 33 0
1751 34 0
1751 35 0
1751 36 0
1751 37 0
1751 38 0
1751 39 0
1751 40 0
1751 41 129
1751 42 0
1751 43 0
1751 44 0
1751 45 0
1751 46 0
1751 47 0
1751 48 59
1751 49 239
1751 50 0
1751 51 26
1751 52 0
1751 53 415
1751 54 0
1751 55 0
1751 56 0
1751 57 0
1751 58 0
1751 59 30
1751 60 86
1751 61 0
1751 62 153
1751 63 122
1751 64 0
1751 65 0
1751 66 0
1751 67 0
1751 68 0
1751 69 0
1751 70 126
1751 71 127
1751 72 0
1751 73 0
1751 74 0
1751 75 71
1751 76 0
1751 77 0
1751 78 0
1751 79 30
1751 80 0
1751 81 107
1751 82 18
1751 83 0
1751 84 0
1751 85 0
1751 86 0
1751 87 0
1751 88 38
1751 89 0
1751 90 15
1751 91 29
1751 92 226
1751 93 0
1751 94 0
1751 95 76
1776 1 23
1776 2 0
1776 3 30
1776 4 0
1776 5 0
1776 6 28
1776 7 0
1776 8 0
1776 9 78
1776 10 0
1776 11 0
1776 12 0
1776 13 117
1776 14 40
1776 15 130
1776 16 0
1776 17 33
1776 18 162
1776 19 0
1776 20 97
1776 21 20
1776 22 0
1776 23 47
1776 24 0
1776 25 0
1776 26 0
1776 27 0
1776 28 0
1776 29 0
1776 30 0
1776 31 0
1776 32 29
1776 33 0
1776 34 0
1776 35 0
1776 36 0
1776 37 0
1776 38 0
1776 39 0
1776 40 0
1776 41 144
1776 42 0
1776 43 0
1776 44 0
1776 45 0
1776 46 0
1776 47 0
1776 48 61
1776 49 243
1776 50 0
1776 51 28
1776 52 0
1776 53 394
1776 54 0
1776 55 0
1776 56 0
1776 57 0
1776 58 0
1776 59 26
1776 60 85
1776 61 0
1776 62 137
1776 63 104
1776 64 0
1776 65 0
1776 66 0
1776 67 0
1776 68 0
1776 69 0
1776 70 124
1776 71 120
1776 72 0
1776 73 0
1776 74 0
1776 75 67
1776 76 0
1776 77 0
1776 78 0
1776 79 29
1776 80 0
1776 81 102
1776 82 22
1776 83 0
1776 84 0
1776 85 0
1776 86 0
1776 87 0
1776 88 33
1776 89 0
1776 90 13
1776 91 24
1776 92 235
1776 93 0
1776 94 0
1776 95 65
1801 1 20
1801 2 0
1801 3 31
1801 4 0
1801 5 0
1801 6 38
1801 7 0
1801 8 0
1801 9 80
1801 10 0
1801 11 0
1801 12 0
1801 13 102
1801 14 30
1801 15 129
1801 16 0
1801 17 30
1801 18 168
1801 19 0
1801 20 91
1801 21 22
1801 22 0
1801 23 43
1801 24 0
1801 25 0
1801 26 0
1801 27 0
1801 28 0
1801 29 0
1801 30 0
1801 31 0
1801 32 21
1801 33 0
1801 34 0
1801 35 0
1801 36 0
1801 37 0
1801 38 0
1801 39 0
1801 40 0
1801 41 153
1801 42 0
1801 43 0
1801 44 0
1801 45 0
1801 46 0
1801 47 0
1801 48 69
1801 49 249
1801 50 0
1801 51 28
1801 52 0
1801 53 379
1801 54 0
1801 55 0
1801 56 0
1801 57 0
1801 58 0
1801 59 30
1801 60 90
1801 61 0
1801 62 140
1801 63 98
1801 64 0
1801 65 0
1801 66 0
1801 67 0
1801 68 0
1801 69 0
1801 70 140
1801 71 125
1801 72 0
1801 73 0
1801 74 0
1801 75 67
1801 76 0
1801 77 0
1801 78 0
1801 79 31
1801 80 0
1801 81 94
1801 82 20
1801 83 0
1801 84 0
1801 85 0
1801 86 0
1801 87 0
1801 88 23
1801 89 0
1801 90 21
1801 91 29
1801 92 261
1801 93 0
1801 94 0
1801 95 80
1826 1 19
1826 2 0
1826 3 32
1826 4 0
1826 5 0
1826 6 32
1826 7 0
1826 8 0
1826 9 73
1826 10 0
1826 11 0
1826 12 0
1826 13 113
1826 14 39
1826 15 108
1826 16 0
1826 17 28
1826 18 180
1826 19 0
1826 20 87
1826 21 23
1826 22 0
1826 23 47
1826 24 0
1826 25 0
1826 26 0
1826 27 0
1826 28 0
1826 29 0
1826 30 0
1826 31 0
1826 32 29
1826 33 0
1826 34 0
1826 35 0
1826 36 0
1826 37 0
1826 38 0
1826 39 0
1826 40 0
1826 41 138
1826 42 0
1826 43 0
1826 44 0
1826 45 0
1826 46 0
1826 47 0
1826 48 67
1826 49 240
1826 50 0
1826 51 30
1826 52 0
1826 53 420
1826 54 0
1826 55 0
1826 56 0
1826 57 0
1826 58 0
1826 59 31
1826 60 86
1826 61 0
1826 62 144
1826 63 116
1826 64 0
1826 65 0
1826 66 0
1826 67 0
1826 68 0
1826 69 0
1826 70 140
1826 71 123
1826 72 0
1826 73 0
1826 74 0
1826 75 65
1826 76 0
1826 77 0
1826 78 0
1826 79 30
1826 80 0
1826 81 97
1826 82 17
1826 83 0
1826 84 0
1826 85 0
1826 86 0
1826 87 0
1826 88 39
1826 89 0
1826 90 21
1826 91 30
1826 92 223
1826 93 0
1826 94 0
1826 95 68
1851 1 16
1851 2 0
1851 3 29
1851 4 0
1851 5 0
1851 6 40
1851 7 0
1851 8 0
1851 9 70
1851 10 0
1851 11 0
1851 12 0
1851 13 110
1851 14 36
1851 15 126
1851 16 0
1851 17 30
1851 18 155
1851 19 0
1851 20 82
1851 21 19
1851 22 0
1851 23 45
1851 24 0
1851 25 0
1851 26 0
1851 27 0
1851 28 0
1851 29 0
1851 30 0
1851 31 0
1851 32 28
1851 33 0
1851 34 0
1851 35 0
1851 36 0
1851 37 0
1851 38 0
1851 39 0
1851 40 0
1851 41 123
1851 42 0
1851 43 0
1851 44 0
1851 45 0
1851 46 0
1851 47 0
1851 48 62
1851 49 248
1851 50 0
1851 51 31
1851 52 0
1851 53 404
1851 54 0
1851 55 0
1851 56 0
1851 57 0
1851 58 0
1851 59 31
1851 60 86
1851 61 0
1851 62 125
1851 63 104
1851 64 0
1851 65 0
1851 66 0
1851 67 0
1851 68 0
1851 69 0
1851 70 121
1851 71 115
1851 72 0
1851 73 0
1851 74 0
1851 75 65
1851 76 0
1851 77 0
1851 78 0
1851 79 36
1851 80 0
1851 81 102
1851 82 17
1851 83 0
1851 84 0
1851 85 0
1851 86 0
1851 87 0
1851 88 39
1851 89 0
1851 90 15
1851 91 30
1851 92 237
1851 93 0
1851 94 0
1851 95 76
1876 1 15
1876 2 0
1876 3 30
1876 4 0
1876 5 0
1876 6 33
1876 7 0
1876 8 0
1876 9 74
1876 10 0
1876 11 0
1876 12 0
1876 13 118
1876 14 34
1876 15 106
1876 16 0
1876 17 32
1876 18 183
1876 19 0
1876 20 92
1876 21 23
1876 22 0
1876 23 46
1876 24 0
1876 25 0
1876 26 0
1876 27 0
1876 28 0
1876 29 0
1876 30 0
1876 31 0
1876 32 24
1876 33 0
1876 34 0
1876 35 0
1876 36 0
1876 37 0
1876 38 0
1876 39 0
1876 40 0
1876 41 137
1876 42 0
1876 43 0
1876 44 0
1876 45 0
1876 46 0
1876 47 0
1876 48 61
1876 49 242
1876 50 0
1876 51 26
1876 52 0
1876 53 411
1876 54 0
1876 55 0
1876 56 0
1876 57 0
1876 58 0
1876 59 31
1876 60 77
1876 61 0
1876 62 136
1876 63 107
1876 64 0
1876 65 0
1876 66 0
1876 67 0
1876 68 0
1876 69 0
1876 70 140
1876 71 114
1876 72 0
1876 73 0
1876 74 0
1876 75 68
1876 76 0
1876 77 0
1876 78 0
1876 79 30
1876 80 0
1876 81 105
1876 82 15
1876 83 0
1876 84 0
1876 85 0
1876 86 0
1876 87 0
1876 88 41
1876 89 0
1876 90 17
1876 91 30
1876 92 234
1876 93 0
1876 94 0
1876 95 73
1901 1 20
1901 2 0
1901 3 20
1901 4 0
1901 5 0
1901 6 39
1901 7 0
1901 8 0
1901 9 69
1901 10 0
1901 11 0
1901 12 0
1901 13 118
1901 14 30
1901 15 134
1901 16 0
1901 17 29
1901 18 171
1901 19 0
1901 20 89
1901 21 24
1901 22 0
1901 23 38
1901 24 0
1901 25 0
1901 26 0
1901 27 0
1901 28 0
1901 29 0
1901 30 0
1901 31 0
1901 32 23
1901 33 0
1901 34 0
1901 35 0
1901 36 0
1901 37 0
1901 38 0
1901 39 0
1901 40 0
1901 41 139
1901 42 0
1901 43 0
1901 44 0
1901 45 0
1901 46 0
1901 47 0
1901 48 58
1901 49 245
1901 50 0
1901 51 31
1901 52 0
1901 53 390
1901 54 0
1901 55 0
1901 56 0
1901 57 0
1901 58 0
1901 59 32
1901 60 82
1901 61 0
1901 62 124
1901 63 117
1901 64 0
1901 65 0
1901 66 0
1901 67 0
1901 68 0
1901 69 0
1901 70 132
1901 71 122
1901 72 0
1901 73 0
1901 74 0
1901 75 66
1901 76 0
1901 77 0
1901 78 0
1901 79 31
1901 80 0
1901 81 93
1901 82 16
1901 83 0
1901 84 0
1901 85 0
1901 86 0
1901 87 0
1901 88 37
1901 89 0
1901 90 23
1901 91 30
1901 92 237
1901 93 0
1901 94 0
1901 95 69
1926 1 26
1926 2 0
1926 3 28
1926 4 0
1926 5 0
1926 6 29
1926 7 0
1926 8 0
1926 9 74
1926 10 0
1926 11 0
1926 12 0
1926 13 111
1926 14 37
1926 15 137
1926 16 0
1926 17 31
1926 18 171
1926 19 0
1926 20 96
1926 21 21
1926 22 0
1926 23 43
1926 24 0
1926 25 0
1926 26 0
1926 27 0
1926 28 0
1926 29 0
1926 30 0
1926 31 0
1926 32 27
1926 33 0
1926 34 0
1926 35 0
1926 36 0
1926 37 0
1926 38 0
1926 39 0
1926 40 0
1926 41 120
1926 42 0
1926 43 0
1926 44 0
1926 45 0
1926 46 0
1926 47 0
1926 48 56
1926 49 249
1926 50 0
1926 51 23
1926 52 0
1926 53 397
1926 54 0
1926 55 0
1926 56 0
1926 57 0
1926 58 0
1926 59 31
1926 60 85
1926 61 0
1926 62 117
1926 63 116
1926 64 0
1926 65 0
1926 66 0
1926 67 0
1926 68 0
1926 69 0
1926 70 130
1926 71 120
1926 72 0
1926 73 0
1926 74 0
1926 75 67
1926 76 0
1926 77 0
1926 78 0
1926 79 20
1926 80 0
1926 81 95
1926 82 22
1926 83 0
1926 84 0
1926 85 0
1926 86 0
1926 87 0
1926 88 48
1926 89 0
1926 90 15
1926 91 30
1926 92 220
1926 93 0
1926 94 0
1926 95 62
1951 1 14
1951 2 0
1951 3 29
1951 4 0
1951 5 0
1951 6 31
1951 7 0
1951 8 0
1951 9 66
1951 10 0
1951 11 0
1951 12 0
1951 13 122
1951 14 36
1951 15 131
1951 16 0
1951 17 37
1951 18 166
1951 19 0
1951 20 99
1951 21 19
1951 22 0
1951 23 45
1951 24 0
1951 25 0
1951 26 0
1951 27 0
1951 28 0
1951 29 0
1951 30 0
1951 31 0
1951 32 20
1951 33 0
1951 34 0
1951 35 0
1951 36 0
1951 37 0
1951 38 0
1951 39 0
1951 40 0
1951 41 125
1951 42 0
1951 43 0
1951 44 0
1951 45 0
1951 46 0
1951 47 0
1951 48 67
1951 49 245
1951 50 0
1951 51 24
1951 52 0
1951 53 407
1951 54 0
1951 55 0
1951 56 0
1951 57 0
1951 58 0
1951 59 29
1951 60 94
1951 61 0
1951 62 150
1951 63 110
1951 64 0
1951 65 0
1951 66 0
1951 67 0
1951 68 0
1951 69 0
1951 70 126
1951 71 110
1951 72 0
1951 73 0
1951 74 0
1951 75 60
1951 76 0
1951 77 0
1951 78 0
1951 79 32
1951 80 0
1951 81 101
1951 82 28
1951 83 0
1951 84 0
1951 85 0
1951 86 0
1951 87 0
1951 88 28
1951 89 0
1951 90 19
1951 91 34
1951 92 246
1951 93 0
1951 94 0
1951 95 75
1976 1 17
1976 2 0
1976 3 29
1976 4 0
1976 5 0
1976 6 35
1976 7 0
1976 8 0
1976 9 64
1976 10 0
1976 11 0
1976 12 0
1976 13 112
1976 14 31
1976 15 134
1976 16 0
1976 17 27
1976 18 176
1976 19 0
1976 20 81
1976 21 26
1976 22 0
1976 23 43
1976 24 0
1976 25 0
1976 26 0
1976 27 0
1976 28 0
1976 29 0
1976 30 0
1976 31 0
1976 32 30
1976 33 0
1976 34 0
1976 35 0
1976 36 0
1976 37 0
1976 38 0
1976 39 0
1976 40 0
1976 41 145
1976 42 0
1976 43 0
1976 44 0
1976 45 0
1976 46 0
1976 47 0
1976 48 72
1976 49 256
1976 50 0
1976 51 29
1976 52 0
1976 53 402
1976 54 0
1976 55 0
1976 56 0
1976 57 0
1976 58 0
1976 59 36
1976 60 89
1976 61 0
1976 62 125
1976 63 104
1976 64 0
1976 65 0
1976 66 0
1976 67 0
1976 68 0
1976 69 0
1976 70 127
1976 71 118
1976 72 0
1976 73 0
1976 74 0
1976 75 76
1976 76 0
1976 77 0
1976 78 0
1976 79 28
1976 80 0
1976 81 103
1976 82 19
1976 83 0
1976 84 0
1976 85 0
1976 86 0
1976 87 0
1976 88 35
1976 89 0
1976 90 16
1976 91 27
1976 92 249
1976 93 0
1976 94 0
1976 95 69
