1 4417
26 2999
51 2980
76 3013
101 2978
126 2937
151 2956
176 2931
201 2898
226 2916
251 2946
276 2902
301 2899
326 2954
351 2989
376 2927
401 2961
426 2914
451 2938
476 2931
501 2941
526 2962
551 2870
576 2922
601 2933
626 2963
651 2967
676 2977
701 2919
726 2968
751 2953
776 2922
801 2913
826 2860
851 2902
876 2892
901 2912
926 2853
951 2878
976 2896
1001 2908
1026 2916
1051 2877
1076 2928
1101 2925
1126 2946
1151 2916
1176 2848
1201 2900
1226 2889
1251 2837
1276 2938
1301 2903
1326 2945
1351 2888
1376 2894
1401 2909
1426 2870
1451 2854
1476 2908
1501 2897
1526 2907
1551 2892
1576 2899
1601 2847
1626 2851
1651 2858
1676 2858
1701 2839
1726 2891
1751 2827
1776 2879
1801 2852
1826 2820
1851 2931
1876 2842
1901 2861
1926 2868
1951 2914
1976 2888
