1 4075
26 3627
51 3607
76 3621
101 3564
126 3612
151 3611
176 3560
201 3544
226 3602
251 3582
276 3593
301 3610
326 3651
351 3527
376 3610
401 3665
426 3605
451 3613
476 3617
501 3571
526 3552
551 3576
576 3596
601 3618
626 3591
651 3575
676 3605
701 3576
726 3596
751 3529
776 3566
801 3587
826 3548
851 3587
876 3587
901 3527
926 3645
951 3638
976 3555
1001 3598
1026 3551
1051 3567
1076 3533
1101 3601
1126 3507
1151 3556
1176 3550
1201 3535
1226 3595
1251 3547
1276 3513
1301 3613
1326 3617
1351 3532
1376 3540
1401 3581
1426 3571
1451 3590
1476 3583
1501 3596
1526 3534
1551 3637
1576 3577
1601 3558
1626 3553
1651 3582
1676 3584
1701 3592
1726 3555
1751 3569
1776 3541
1801 3565
1826 3582
1851 3580
1876 3624
1901 3540
1926 3616
1951 3607
1976 3596
