1 4811
26 3751
51 3735
76 3840
101 3724
126 3811
151 3795
176 3754
201 3761
226 3750
251 3779
276 3734
301 3781
326 3750
351 3743
376 3754
401 3756
426 3786
451 3771
476 3776
501 3755
526 3738
551 3794
576 3770
601 3772
626 3781
651 3742
676 3740
701 3753
726 3752
751 3749
776 3754
801 3795
826 3741
851 3727
876 3828
901 3800
926 3748
951 3771
976 3780
1001 3783
1026 3699
1051 3727
1076 3767
1101 3769
1126 3746
1151 3721
1176 3833
1201 3725
1226 3744
1251 3756
1276 3827
1301 3743
1326 3759
1351 3774
1376 3752
1401 3748
1426 3768
1451 3704
1476 3783
1501 3707
1526 3809
1551 3750
1576 3820
1601 3778
1626 3698
1651 3765
1676 3777
1701 3760
1726 3731
1751 3748
1776 3734
1801 3764
1826 3768
1851 3788
1876 3717
1901 3769
1926 3775
1951 3753
1976 3714
