1 3762
26 1041
51 1031
76 1032
101 1037
126 1029
151 997
176 987
201 958
226 1008
251 959
276 1001
301 985
326 958
351 961
376 975
401 960
426 988
451 972
476 960
501 966
526 982
551 969
576 943
601 987
626 963
651 946
676 945
701 947
726 951
751 901
776 928
801 941
826 955
851 920
876 948
901 945
926 936
951 932
976 983
1001 969
1026 964
1051 938
1076 936
1101 918
1126 908
1151 919
1176 918
1201 959
1226 944
1251 908
1276 936
1301 888
1326 937
1351 939
1376 924
1401 906
1426 947
1451 952
1476 922
1501 919
1526 934
1551 928
1576 936
1601 928
1626 953
1651 911
1676 917
1701 928
1726 947
1751 940
1776 936
1801 928
1826 904
1851 928
1876 925
1901 927
1926 932
1951 942
1976 956
