1 5093
26 4661
51 4671
76 4772
101 4685
126 4588
151 4652
176 4664
201 4666
226 4670
251 4720
276 4624
301 4631
326 4632
351 4647
376 4698
401 4651
426 4690
451 4624
476 4627
501 4661
526 4656
551 4639
576 4711
601 4590
626 4640
651 4673
676 4682
701 4667
726 4634
751 4716
776 4581
801 4782
826 4669
851 4672
876 4624
901 4729
926 4682
951 4638
976 4725
1001 4561
1026 4733
1051 4676
1076 4665
1101 4667
1126 4628
1151 4672
1176 4699
1201 4663
1226 4710
1251 4803
1276 4645
1301 4651
1326 4672
1351 4687
1376 4665
1401 4698
1426 4651
1451 4762
1476 4643
1501 4654
1526 4695
1551 4652
1576 4647
1601 4600
1626 4684
1651 4740
1676 4674
1701 4704
1726 4680
1751 4651
1776 4701
1801 4706
1826 4640
1851 4700
1876 4600
1901 4594
1926 4717
1951 4667
1976 4727
