1 1 0
1 2 215
1 3 0
1 4 0
1 5 0
1 6 0
1 7 36
1 8 0
1 9 0
1 10 0
1 11 0
1 12 0
1 13 0
1 14 0
1 15 396
1 16 34
1 17 37
1 18 0
1 19 0
1 20 208
1 21 0
1 22 0
1 23 0
1 24 0
1 25 0
1 26 0
1 27 42
1 28 0
1 29 0
1 30 0
1 31 0
1 32 0
1 33 79
1 34 0
1 35 0
1 36 0
1 37 0
1 38 173
1 39 0
1 40 0
1 41 27
1 42 0
1 43 0
1 44 0
1 45 290
1 46 0
1 47 0
1 48 0
1 49 0
1 50 0
1 51 0
1 52 250
1 53 497
1 54 0
1 55 112
1 56 212
1 57 0
1 58 0
1 59 0
1 60 0
1 61 0
1 62 0
1 63 945
1 64 0
1 65 0
1 66 151
1 67 0
1 68 0
1 69 0
1 70 0
1 71 0
1 72 0
1 73 0
1 74 340
1 75 0
1 76 0
1 77 0
1 78 0
1 79 81
1 80 0
1 81 0
1 82 33
1 83 0
1 84 251
1 85 0
1 86 0
1 87 370
1 88 81
1 89 41
1 90 0
1 91 0
1 92 201
1 93 0
1 94 0
1 95 0
26 1 0
26 2 200
26 3 0
26 4 0
26 5 0
26 6 0
26 7 37
26 8 0
26 9 0
26 10 0
26 11 0
26 12 0
26 13 0
26 14 0
26 15 376
26 16 38
26 17 33
26 18 0
26 19 0
26 20 205
26 21 0
26 22 0
26 23 0
26 24 0
26 25 0
26 26 0
26 27 39
26 28 0
26 29 0
26 30 0
26 31 0
26 32 0
26 33 86
26 34 0
26 35 0
26 36 0
26 37 0
26 38 171
26 39 0
26 40 0
26 41 30
26 42 0
26 43 0
26 44 0
26 45 315
26 46 0
26 47 0
26 48 0
26 49 0
26 50 0
26 51 0
26 52 249
26 53 498
26 54 0
26 55 120
26 56 210
26 57 0
26 58 0
26 59 0
26 60 0
26 61 0
26 62 0
26 63 949
26 64 0
26 65 0
26 66 153
26 67 0
26 68 0
26 69 0
26 70 0
26 71 0
26 72 0
26 73 0
26 74 365
26 75 0
26 76 0
26 77 0
26 78 0
26 79 83
26 80 0
26 81 0
26 82 32
26 83 0
26 84 257
26 85 0
26 86 0
26 87 362
26 88 75
26 89 41
26 90 0
26 91 0
26 92 199
26 93 0
26 94 0
26 95 0
51 1 0
51 2 209
51 3 0
51 4 0
51 5 0
51 6 0
51 7 40
51 8 0
51 9 0
51 10 0
51 11 0
51 12 0
51 13 0
51 14 0
51 15 393
51 16 39
51 17 36
51 18 0
51 19 0
51 20 208
51 21 0
51 22 0
51 23 0
51 24 0
51 25 0
51 26 0
51 27 39
51 28 0
51 29 0
51 30 0
51 31 0
51 32 0
51 33 88
51 34 0
51 35 0
51 36 0
51 37 0
51 38 173
51 39 0
51 40 0
51 41 34
51 42 0
51 43 0
51 44 0
51 45 297
51 46 0
51 47 0
51 48 0
51 49 0
51 50 0
51 51 0
51 52 249
51 53 494
51 54 0
51 55 136
51 56 217
51 57 0
51 58 0
51 59 0
51 60 0
51 61 0
51 62 0
51 63 973
51 64 0
51 65 0
51 66 176
51 67 0
51 68 0
51 69 0
51 70 0
51 71 0
51 72 0
51 73 0
51 74 349
51 75 0
51 76 0
51 77 0
51 78 0
51 79 76
51 80 0
51 81 0
51 82 34
51 83 0
51 84 255
51 85 0
51 86 0
51 87 354
51 88 71
51 89 47
51 90 0
51 91 0
51 92 204
51 93 0
51 94 0
51 95 0
76 1 0
76 2 205
76 3 0
76 4 0
76 5 0
76 6 0
76 7 42
76 8 0
76 9 0
76 10 0
76 11 0
76 12 0
76 13 0
76 14 0
76 15 375
76 16 35
76 17 36
76 18 0
76 19 0
76 20 206
76 21 0
76 22 0
76 23 0
76 24 0
76 25 0
76 26 0
76 27 39
76 28 0
76 29 0
76 30 0
76 31 0
76 32 0
76 33 77
76 34 0
76 35 0
76 36 0
76 37 0
76 38 174
76 39 0
76 40 0
76 41 42
76 42 0
76 43 0
76 44 0
76 45 289
76 46 0
76 47 0
76 48 0
76 49 0
76 50 0
76 51 0
76 52 245
76 53 489
76 54 0
76 55 120
76 56 202
76 57 0
76 58 0
76 59 0
76 60 0
76 61 0
76 62 0
76 63 944
76 64 0
76 65 0
76 66 163
76 67 0
76 68 0
76 69 0
76 70 0
76 71 0
76 72 0
76 73 0
76 74 347
76 75 0
76 76 0
76 77 0
76 78 0
76 79 83
76 80 0
76 81 0
76 82 32
76 83 0
76 84 260
76 85 0
76 86 0
76 87 362
76 88 78
76 89 37
76 90 0
76 91 0
76 92 201
76 93 0
76 94 0
76 95 0
101 1 0
101 2 207
101 3 0
101 4 0
101 5 0
101 6 0
101 7 45
101 8 0
101 9 0
101 10 0
101 11 0
101 12 0
101 13 0
101 14 0
101 15 373
101 16 35
101 17 39
101 18 0
101 19 0
101 20 200
101 21 0
101 22 0
101 23 0
101 24 0
101 25 0
101 26 0
101 27 41
101 28 0
101 29 0
101 30 0
101 31 0
101 32 0
101 33 81
101 34 0
101 35 0
101 36 0
101 37 0
101 38 174
101 39 0
101 40 0
101 41 41
101 42 0
101 43 0
101 44 0
101 45 282
101 46 0
101 47 0
101 48 0
101 49 0
101 50 0
101 51 0
101 52 246
101 53 482
101 54 0
101 55 121
101 56 210
101 57 0
101 58 0
101 59 0
101 60 0
101 61 0
101 62 0
101 63 962
101 64 0
101 65 0
101 66 174
101 67 0
101 68 0
101 69 0
101 70 0
101 71 0
101 72 0
101 73 0
101 74 349
101 75 0
101 76 0
101 77 0
101 78 0
101 79 78
101 80 0
101 81 0
101 82 29
101 83 0
101 84 271
101 85 0
101 86 0
101 87 374
101 88 73
101 89 39
101 90 0
101 91 0
101 92 211
101 93 0
101 94 0
101 95 0
126 1 0
126 2 231
126 3 0
126 4 0
126 5 0
126 6 0
126 7 39
126 8 0
126 9 0
126 10 0
126 11 0
126 12 0
126 13 0
126 14 0
126 15 381
126 16 37
126 17 44
126 18 0
126 19 0
126 20 204
126 21 0
126 22 0
126 23 0
126 24 0
126 25 0
126 26 0
126 27 39
126 28 0
126 29 0
126 30 0
126 31 0
126 32 0
126 33 85
126 34 0
126 35 0
126 36 0
126 37 0
126 38 172
126 39 0
126 40 0
126 41 41
126 42 0
126 43 0
126 44 0
126 45 258
126 46 0
126 47 0
126 48 0
126 49 0
126 50 0
126 51 0
126 52 249
126 53 488
126 54 0
126 55 120
126 56 210
126 57 0
126 58 0
126 59 0
126 60 0
126 61 0
126 62 0
126 63 977
126 64 0
126 65 0
126 66 177
126 67 0
126 68 0
126 69 0
126 70 0
126 71 0
126 72 0
126 73 0
126 74 339
126 75 0
126 76 0
126 77 0
126 78 0
126 79 79
126 80 0
126 81 0
126 82 32
126 83 0
126 84 256
126 85 0
126 86 0
126 87 360
126 88 81
126 89 41
126 90 0
126 91 0
126 92 204
126 93 0
126 94 0
126 95 0
151 1 0
151 2 246
151 3 0
151 4 0
151 5 0
151 6 0
151 7 40
151 8 0
151 9 0
151 10 0
151 11 0
151 12 0
151 13 0
151 14 0
151 15 373
151 16 40
151 17 37
151 18 0
151 19 0
151 20 212
151 21 0
151 22 0
151 23 0
151 24 0
151 25 0
151 26 0
151 27 40
151 28 0
151 29 0
151 30 0
151 31 0
151 32 0
151 33 85
151 34 0
151 35 0
151 36 0
151 37 0
151 38 166
151 39 0
151 40 0
151 41 42
151 42 0
151 43 0
151 44 0
151 45 256
151 46 0
151 47 0
151 48 0
151 49 0
151 50 0
151 51 0
151 52 252
151 53 479
151 54 0
151 55 119
151 56 214
151 57 0
151 58 0
151 59 0
151 60 0
151 61 0
151 62 0
151 63 996
151 64 0
151 65 0
151 66 183
151 67 0
151 68 0
151 69 0
151 70 0
151 71 0
151 72 0
151 73 0
151 74 344
151 75 0
151 76 0
151 77 0
151 78 0
151 79 82
151 80 0
151 81 0
151 82 31
151 83 0
151 84 261
151 85 0
151 86 0
151 87 365
151 88 78
151 89 44
151 90 0
151 91 0
151 92 206
151 93 0
151 94 0
151 95 0
176 1 0
176 2 247
176 3 0
176 4 0
176 5 0
176 6 0
176 7 41
176 8 0
176 9 0
176 10 0
176 11 0
176 12 0
176 13 0
176 14 0
176 15 373
176 16 30
176 17 39
176 18 0
176 19 0
176 20 205
176 21 0
176 22 0
176 23 0
176 24 0
176 25 0
176 26 0
176 27 37
176 28 0
176 29 0
176 30 0
176 31 0
176 32 0
176 33 81
176 34 0
176 35 0
176 36 0
176 37 0
176 38 181
176 39 0
176 40 0
176 41 40
176 42 0
176 43 0
176 44 0
176 45 249
176 46 0
176 47 0
176 48 0
176 49 0
176 50 0
176 51 0
176 52 263
176 53 492
176 54 0
176 55 121
176 56 211
176 57 0
176 58 0
176 59 0
176 60 0
176 61 0
176 62 0
176 63 970
176 64 0
176 65 0
176 66 187
176 67 0
176 68 0
176 69 0
176 70 0
176 71 0
176 72 0
176 73 0
176 74 347
176 75 0
176 76 0
176 77 0
176 78 0
176 79 84
176 80 0
176 81 0
176 82 32
176 83 0
176 84 262
176 85 0
176 86 0
176 87 334
176 88 72
176 89 37
176 90 0
176 91 0
176 92 219
176 93 0
176 94 0
176 95 0
201 1 0
201 2 251
201 3 0
201 4 0
201 5 0
201 6 0
201 7 42
201 8 0
201 9 0
201 10 0
201 11 0
201 12 0
201 13 0
201 14 0
201 15 387
201 16 40
201 17 43
201 18 0
201 19 0
201 20 207
201 21 0
201 22 0
201 23 0
201 24 0
201 25 0
201 26 0
201 27 37
201 28 0
201 29 0
201 30 0
201 31 0
201 32 0
201 33 84
201 34 0
201 35 0
201 36 0
201 37 0
201 38 175
201 39 0
201 40 0
201 41 40
201 42 0
201 43 0
201 44 0
201 45 255
201 46 0
201 47 0
201 48 0
201 49 0
201 50 0
201 51 0
201 52 257
201 53 505
201 54 0
201 55 116
201 56 209
201 57 0
201 58 0
201 59 0
201 60 0
201 61 0
201 62 0
201 63 973
201 64 0
201 65 0
201 66 182
201 67 0
201 68 0
201 69 0
201 70 0
201 71 0
201 72 0
201 73 0
201 74 364
201 75 0
201 76 0
201 77 0
201 78 0
201 79 77
201 80 0
201 81 0
201 82 30
201 83 0
201 84 256
201 85 0
201 86 0
201 87 338
201 88 80
201 89 40
201 90 0
201 91 0
201 92 200
201 93 0
201 94 0
201 95 0
226 1 0
226 2 241
226 3 0
226 4 0
226 5 0
226 6 0
226 7 33
226 8 0
226 9 0
226 10 0
226 11 0
226 12 0
226 13 0
226 14 0
226 15 378
226 16 36
226 17 40
226 18 0
226 19 0
226 20 210
226 21 0
226 22 0
226 23 0
226 24 0
226 25 0
226 26 0
226 27 43
226 28 0
226 29 0
226 30 0
226 31 0
226 32 0
226 33 86
226 34 0
226 35 0
226 36 0
226 37 0
226 38 169
226 39 0
226 40 0
226 41 40
226 42 0
226 43 0
226 44 0
226 45 243
226 46 0
226 47 0
226 48 0
226 49 0
226 50 0
226 51 0
226 52 249
226 53 485
226 54 0
226 55 121
226 56 215
226 57 0
226 58 0
226 59 0
226 60 0
226 61 0
226 62 0
226 63 965
226 64 0
226 65 0
226 66 187
226 67 0
226 68 0
226 69 0
226 70 0
226 71 0
226 72 0
226 73 0
226 74 336
226 75 0
226 76 0
226 77 0
226 78 0
226 79 80
226 80 0
226 81 0
226 82 27
226 83 0
226 84 246
226 85 0
226 86 0
226 87 360
226 88 80
226 89 38
226 90 0
226 91 0
226 92 200
226 93 0
226 94 0
226 95 0
251 1 0
251 2 264
251 3 0
251 4 0
251 5 0
251 6 0
251 7 40
251 8 0
251 9 0
251 10 0
251 11 0
251 12 0
251 13 0
251 14 0
251 15 387
251 16 38
251 17 39
251 18 0
251 19 0
251 20 220
251 21 0
251 22 0
251 23 0
251 24 0
251 25 0
251 26 0
251 27 38
251 28 0
251 29 0
251 30 0
251 31 0
251 32 0
251 33 86
251 34 0
251 35 0
251 36 0
251 37 0
251 38 177
251 39 0
251 40 0
251 41 40
251 42 0
251 43 0
251 44 0
251 45 251
251 46 0
251 47 0
251 48 0
251 49 0
251 50 0
251 51 0
251 52 254
251 53 484
251 54 0
251 55 119
251 56 215
251 57 0
251 58 0
251 59 0
251 60 0
251 61 0
251 62 0
251 63 954
251 64 0
251 65 0
251 66 177
251 67 0
251 68 0
251 69 0
251 70 0
251 71 0
251 72 0
251 73 0
251 74 343
251 75 0
251 76 0
251 77 0
251 78 0
251 79 81
251 80 0
251 81 0
251 82 28
251 83 0
251 84 262
251 85 0
251 86 0
251 87 355
251 88 69
251 89 38
251 90 0
251 91 0
251 92 203
251 93 0
251 94 0
251 95 0
276 1 0
276 2 252
276 3 0
276 4 0
276 5 0
276 6 0
276 7 41
276 8 0
276 9 0
276 10 0
276 11 0
276 12 0
276 13 0
276 14 0
276 15 380
276 16 40
276 17 29
276 18 0
276 19 0
276 20 214
276 21 0
276 22 0
276 23 0
276 24 0
276 25 0
276 26 0
276 27 39
276 28 0
276 29 0
276 30 0
276 31 0
276 32 0
276 33 81
276 34 0
276 35 0
276 36 0
276 37 0
276 38 170
276 39 0
276 40 0
276 41 40
276 42 0
276 43 0
276 44 0
276 45 254
276 46 0
276 47 0
276 48 0
276 49 0
276 50 0
276 51 0
276 52 249
276 53 477
276 54 0
276 55 111
276 56 207
276 57 0
276 58 0
276 59 0
276 60 0
276 61 0
276 62 0
276 63 977
276 64 0
276 65 0
276 66 170
276 67 0
276 68 0
276 69 0
276 70 0
276 71 0
276 72 0
276 73 0
276 74 338
276 75 0
276 76 0
276 77 0
276 78 0
276 79 81
276 80 0
276 81 0
276 82 30
276 83 0
276 84 248
276 85 0
276 86 0
276 87 354
276 88 68
276 89 40
276 90 0
276 91 0
276 92 201
276 93 0
276 94 0
276 95 0
301 1 0
301 2 251
301 3 0
301 4 0
301 5 0
301 6 0
301 7 40
301 8 0
301 9 0
301 10 0
301 11 0
301 12 0
301 13 0
301 14 0
301 15 374
301 16 38
301 17 33
301 18 0
301 19 0
301 20 203
301 21 0
301 22 0
301 23 0
301 24 0
301 25 0
301 26 0
301 27 38
301 28 0
301 29 0
301 30 0
301 31 0
301 32 0
301 33 87
301 34 0
301 35 0
301 36 0
301 37 0
301 38 175
301 39 0
301 40 0
301 41 45
301 42 0
301 43 0
301 44 0
301 45 247
301 46 0
301 47 0
301 48 0
301 49 0
301 50 0
301 51 0
301 52 271
301 53 495
301 54 0
301 55 119
301 56 209
301 57 0
301 58 0
301 59 0
301 60 0
301 61 0
301 62 0
301 63 968
301 64 0
301 65 0
301 66 186
301 67 0
301 68 0
301 69 0
301 70 0
301 71 0
301 72 0
301 73 0
301 74 345
301 75 0
301 76 0
301 77 0
301 78 0
301 79 79
301 80 0
301 81 0
301 82 31
301 83 0
301 84 253
301 85 0
301 86 0
301 87 356
301 88 77
301 89 40
301 90 0
301 91 0
301 92 207
301 93 0
301 94 0
301 95 0
326 1 0
326 2 249
326 3 0
326 4 0
326 5 0
326 6 0
326 7 37
326 8 0
326 9 0
326 10 0
326 11 0
326 12 0
326 13 0
326 14 0
326 15 388
326 16 39
326 17 38
326 18 0
326 19 0
326 20 208
326 21 0
326 22 0
326 23 0
326 24 0
326 25 0
326 26 0
326 27 36
326 28 0
326 29 0
326 30 0
326 31 0
326 32 0
326 33 90
326 34 0
326 35 0
326 36 0
326 37 0
326 38 171
326 39 0
326 40 0
326 41 40
326 42 0
326 43 0
326 44 0
326 45 254
326 46 0
326 47 0
326 48 0
326 49 0
326 50 0
326 51 0
326 52 242
326 53 485
326 54 0
326 55 115
326 56 211
326 57 0
326 58 0
326 59 0
326 60 0
326 61 0
326 62 0
326 63 972
326 64 0
326 65 0
326 66 192
326 67 0
326 68 0
326 69 0
326 70 0
326 71 0
326 72 0
326 73 0
326 74 352
326 75 0
326 76 0
326 77 0
326 78 0
326 79 82
326 80 0
326 81 0
326 82 37
326 83 0
326 84 256
326 85 0
326 86 0
326 87 351
326 88 79
326 89 41
326 90 0
326 91 0
326 92 210
326 93 0
326 94 0
326 95 0
351 1 0
351 2 256
351 3 0
351 4 0
351 5 0
351 6 0
351 7 40
351 8 0
351 9 0
351 10 0
351 11 0
351 12 0
351 13 0
351 14 0
351 15 378
351 16 41
351 17 41
351 18 0
351 19 0
351 20 211
351 21 0
351 22 0
351 23 0
351 24 0
351 25 0
351 26 0
351 27 33
351 28 0
351 29 0
351 30 0
351 31 0
351 32 0
351 33 77
351 34 0
351 35 0
351 36 0
351 37 0
351 38 169
351 39 0
351 40 0
351 41 38
351 42 0
351 43 0
351 44 0
351 45 266
351 46 0
351 47 0
351 48 0
351 49 0
351 50 0
351 51 0
351 52 255
351 53 484
351 54 0
351 55 127
351 56 209
351 57 0
351 58 0
351 59 0
351 60 0
351 61 0
351 62 0
351 63 950
351 64 0
351 65 0
351 66 188
351 67 0
351 68 0
351 69 0
351 70 0
351 71 0
351 72 0
351 73 0
351 74 344
351 75 0
351 76 0
351 77 0
351 78 0
351 79 87
351 80 0
351 81 0
351 82 35
351 83 0
351 84 250
351 85 0
351 86 0
351 87 360
351 88 78
351 89 40
351 90 0
351 91 0
351 92 211
351 93 0
351 94 0
351 95 0
376 1 0
376 2 247
376 3 0
376 4 0
376 5 0
376 6 0
376 7 39
376 8 0
376 9 0
376 10 0
376 11 0
376 12 0
376 13 0
376 14 0
376 15 371
376 16 38
376 17 37
376 18 0
376 19 0
376 20 212
376 21 0
376 22 0
376 23 0
376 24 0
376 25 0
376 26 0
376 27 41
376 28 0
376 29 0
376 30 0
376 31 0
376 32 0
376 33 83
376 34 0
376 35 0
376 36 0
376 37 0
376 38 180
376 39 0
376 40 0
376 41 40
376 42 0
376 43 0
376 44 0
376 45 256
376 46 0
376 47 0
376 48 0
376 49 0
376 50 0
376 51 0
376 52 241
376 53 483
376 54 0
376 55 122
376 56 208
376 57 0
376 58 0
376 59 0
376 60 0
376 61 0
376 62 0
376 63 948
376 64 0
376 65 0
376 66 180
376 67 0
376 68 0
376 69 0
376 70 0
376 71 0
376 72 0
376 73 0
376 74 337
376 75 0
376 76 0
376 77 0
376 78 0
376 79 79
376 80 0
376 81 0
376 82 36
376 83 0
376 84 260
376 85 0
376 86 0
376 87 361
376 88 79
376 89 39
376 90 0
376 91 0
376 92 212
376 93 0
376 94 0
376 95 0
401 1 0
401 2 242
401 3 0
401 4 0
401 5 0
401 6 0
401 7 40
401 8 0
401 9 0
401 10 0
401 11 0
401 12 0
401 13 0
401 14 0
401 15 396
401 16 40
401 17 31
401 18 0
401 19 0
401 20 211
401 21 0
401 22 0
401 23 0
401 24 0
401 25 0
401 26 0
401 27 39
401 28 0
401 29 0
401 30 0
401 31 0
401 32 0
401 33 78
401 34 0
401 35 0
401 36 0
401 37 0
401 38 170
401 39 0
401 40 0
401 41 40
401 42 0
401 43 0
401 44 0
401 45 250
401 46 0
401 47 0
401 48 0
401 49 0
401 50 0
401 51 0
401 52 255
401 53 491
401 54 0
401 55 120
401 56 212
401 57 0
401 58 0
401 59 0
401 60 0
401 61 0
401 62 0
401 63 970
401 64 0
401 65 0
401 66 185
401 67 0
401 68 0
401 69 0
401 70 0
401 71 0
401 72 0
401 73 0
401 74 355
401 75 0
401 76 0
401 77 0
401 78 0
401 79 85
401 80 0
401 81 0
401 82 30
401 83 0
401 84 260
401 85 0
401 86 0
401 87 361
401 88 82
401 89 42
401 90 0
401 91 0
401 92 209
401 93 0
401 94 0
401 95 0
426 1 0
426 2 251
426 3 0
426 4 0
426 5 0
426 6 0
426 7 37
426 8 0
426 9 0
426 10 0
426 11 0
426 12 0
426 13 0
426 14 0
426 15 366
426 16 42
426 17 31
426 18 0
426 19 0
426 20 220
426 21 0
426 22 0
426 23 0
426 24 0
426 25 0
426 26 0
426 27 40
426 28 0
426 29 0
426 30 0
426 31 0
426 32 0
426 33 79
426 34 0
426 35 0
426 36 0
426 37 0
426 38 160
426 39 0
426 40 0
426 41 38
426 42 0
426 43 0
426 44 0
426 45 250
426 46 0
426 47 0
426 48 0
426 49 0
426 50 0
426 51 0
426 52 254
426 53 479
426 54 0
426 55 116
426 56 201
426 57 0
426 58 0
426 59 0
426 60 0
426 61 0
426 62 0
426 63 947
426 64 0
426 65 0
426 66 181
426 67 0
426 68 0
426 69 0
426 70 0
426 71 0
426 72 0
426 73 0
426 74 338
426 75 0
426 76 0
426 77 0
426 78 0
426 79 83
426 80 0
426 81 0
426 82 32
426 83 0
426 84 258
426 85 0
426 86 0
426 87 358
426 88 77
426 89 38
426 90 0
426 91 0
426 92 198
426 93 0
426 94 0
426 95 0
451 1 0
451 2 244
451 3 0
451 4 0
451 5 0
451 6 0
451 7 39
451 8 0
451 9 0
451 10 0
451 11 0
451 12 0
451 13 0
451 14 0
451 15 371
451 16 38
451 17 36
451 18 0
451 19 0
451 20 203
451 21 0
451 22 0
451 23 0
451 24 0
451 25 0
451 26 0
451 27 40
451 28 0
451 29 0
451 30 0
451 31 0
451 32 0
451 33 89
451 34 0
451 35 0
451 36 0
451 37 0
451 38 166
451 39 0
451 40 0
451 41 42
451 42 0
451 43 0
451 44 0
451 45 262
451 46 0
451 47 0
451 48 0
451 49 0
451 50 0
451 51 0
451 52 254
451 53 489
451 54 0
451 55 121
451 56 214
451 57 0
451 58 0
451 59 0
451 60 0
451 61 0
451 62 0
451 63 953
451 64 0
451 65 0
451 66 173
451 67 0
451 68 0
451 69 0
451 70 0
451 71 0
451 72 0
451 73 0
451 74 350
451 75 0
451 76 0
451 77 0
451 78 0
451 79 81
451 80 0
451 81 0
451 82 29
451 83 0
451 84 242
451 85 0
451 86 0
451 87 357
451 88 77
451 89 42
451 90 0
451 91 0
451 92 208
451 93 0
451 94 0
451 95 0
476 1 0
476 2 256
476 3 0
476 4 0
476 5 0
476 6 0
476 7 42
476 8 0
476 9 0
476 10 0
476 11 0
476 12 0
476 13 0
476 14 0
476 15 388
476 16 39
476 17 40
476 18 0
476 19 0
476 20 222
476 21 0
476 22 0
476 23 0
476 24 0
476 25 0
476 26 0
476 27 41
476 28 0
476 29 0
476 30 0
476 31 0
476 32 0
476 33 91
476 34 0
476 35 0
476 36 0
476 37 0
476 38 182
476 39 0
476 40 0
476 41 43
476 42 0
476 43 0
476 44 0
476 45 247
476 46 0
476 47 0
476 48 0
476 49 0
476 50 0
476 51 0
476 52 247
476 53 491
476 54 0
476 55 120
476 56 213
476 57 0
476 58 0
476 59 0
476 60 0
476 61 0
476 62 0
476 63 959
476 64 0
476 65 0
476 66 174
476 67 0
476 68 0
476 69 0
476 70 0
476 71 0
476 72 0
476 73 0
476 74 361
476 75 0
476 76 0
476 77 0
476 78 0
476 79 78
476 80 0
476 81 0
476 82 32
476 83 0
476 84 267
476 85 0
476 86 0
476 87 347
476 88 79
476 89 42
476 90 0
476 91 0
476 92 207
476 93 0
476 94 0
476 95 0
501 1 0
501 2 242
501 3 0
501 4 0
501 5 0
501 6 0
501 7 35
501 8 0
501 9 0
501 10 0
501 11 0
501 12 0
501 13 0
501 14 0
501 15 370
501 16 42
501 17 39
501 18 0
501 19 0
501 20 200
501 21 0
501 22 0
501 23 0
501 24 0
501 25 0
501 26 0
501 27 41
501 28 0
501 29 0
501 30 0
501 31 0
501 32 0
501 33 85
501 34 0
501 35 0
501 36 0
501 37 0
501 38 171
501 39 0
501 40 0
501 41 41
501 42 0
501 43 0
501 44 0
501 45 269
501 46 0
501 47 0
501 48 0
501 49 0
501 50 0
501 51 0
501 52 259
501 53 482
501 54 0
501 55 125
501 56 200
501 57 0
501 58 0
501 59 0
501 60 0
501 61 0
501 62 0
501 63 990
501 64 0
501 65 0
501 66 178
501 67 0
501 68 0
501 69 0
501 70 0
501 71 0
501 72 0
501 73 0
501 74 338
501 75 0
501 76 0
501 77 0
501 78 0
501 79 84
501 80 0
501 81 0
501 82 29
501 83 0
501 84 252
501 85 0
501 86 0
501 87 342
501 88 70
501 89 40
501 90 0
501 91 0
501 92 200
501 93 0
501 94 0
501 95 0
526 1 0
526 2 266
526 3 0
526 4 0
526 5 0
526 6 0
526 7 38
526 8 0
526 9 0
526 10 0
526 11 0
526 12 0
526 13 0
526 14 0
526 15 382
526 16 31
526 17 36
526 18 0
526 19 0
526 20 207
526 21 0
526 22 0
526 23 0
526 24 0
526 25 0
526 26 0
526 27 40
526 28 0
526 29 0
526 30 0
526 31 0
526 32 0
526 33 89
526 34 0
526 35 0
526 36 0
526 37 0
526 38 167
526 39 0
526 40 0
526 41 40
526 42 0
526 43 0
526 44 0
526 45 255
526 46 0
526 47 0
526 48 0
526 49 0
526 50 0
526 51 0
526 52 246
526 53 476
526 54 0
526 55 119
526 56 213
526 57 0
526 58 0
526 59 0
526 60 0
526 61 0
526 62 0
526 63 988
526 64 0
526 65 0
526 66 169
526 67 0
526 68 0
526 69 0
526 70 0
526 71 0
526 72 0
526 73 0
526 74 340
526 75 0
526 76 0
526 77 0
526 78 0
526 79 83
526 80 0
526 81 0
526 82 32
526 83 0
526 84 246
526 85 0
526 86 0
526 87 367
526 88 77
526 89 36
526 90 0
526 91 0
526 92 202
526 93 0
526 94 0
526 95 0
551 1 0
551 2 250
551 3 0
551 4 0
551 5 0
551 6 0
551 7 38
551 8 0
551 9 0
551 10 0
551 11 0
551 12 0
551 13 0
551 14 0
551 15 399
551 16 36
551 17 30
551 18 0
551 19 0
551 20 201
551 21 0
551 22 0
551 23 0
551 24 0
551 25 0
551 26 0
551 27 41
551 28 0
551 29 0
551 30 0
551 31 0
551 32 0
551 33 81
551 34 0
551 35 0
551 36 0
551 37 0
551 38 165
551 39 0
551 40 0
551 41 35
551 42 0
551 43 0
551 44 0
551 45 260
551 46 0
551 47 0
551 48 0
551 49 0
551 50 0
551 51 0
551 52 254
551 53 474
551 54 0
551 55 113
551 56 225
551 57 0
551 58 0
551 59 0
551 60 0
551 61 0
551 62 0
551 63 955
551 64 0
551 65 0
551 66 180
551 67 0
551 68 0
551 69 0
551 70 0
551 71 0
551 72 0
551 73 0
551 74 340
551 75 0
551 76 0
551 77 0
551 78 0
551 79 77
551 80 0
551 81 0
551 82 29
551 83 0
551 84 269
551 85 0
551 86 0
551 87 348
551 88 82
551 89 42
551 90 0
551 91 0
551 92 202
551 93 0
551 94 0
551 95 0
576 1 0
576 2 263
576 3 0
576 4 0
576 5 0
576 6 0
576 7 45
576 8 0
576 9 0
576 10 0
576 11 0
576 12 0
576 13 0
576 14 0
576 15 368
576 16 41
576 17 35
576 18 0
576 19 0
576 20 207
576 21 0
576 22 0
576 23 0
576 24 0
576 25 0
576 26 0
576 27 41
576 28 0
576 29 0
576 30 0
576 31 0
576 32 0
576 33 89
576 34 0
576 35 0
576 36 0
576 37 0
576 38 170
576 39 0
576 40 0
576 41 42
576 42 0
576 43 0
576 44 0
576 45 258
576 46 0
576 47 0
576 48 0
576 49 0
576 50 0
576 51 0
576 52 251
576 53 488
576 54 0
576 55 128
576 56 225
576 57 0
576 58 0
576 59 0
576 60 0
576 61 0
576 62 0
576 63 963
576 64 0
576 65 0
576 66 182
576 67 0
576 68 0
576 69 0
576 70 0
576 71 0
576 72 0
576 73 0
576 74 346
576 75 0
576 76 0
576 77 0
576 78 0
576 79 85
576 80 0
576 81 0
576 82 37
576 83 0
576 84 251
576 85 0
576 86 0
576 87 352
576 88 79
576 89 40
576 90 0
576 91 0
576 92 203
576 93 0
576 94 0
576 95 0
601 1 0
601 2 248
601 3 0
601 4 0
601 5 0
601 6 0
601 7 42
601 8 0
601 9 0
601 10 0
601 11 0
601 12 0
601 13 0
601 14 0
601 15 407
601 16 43
601 17 39
601 18 0
601 19 0
601 20 199
601 21 0
601 22 0
601 23 0
601 24 0
601 25 0
601 26 0
601 27 40
601 28 0
601 29 0
601 30 0
601 31 0
601 32 0
601 33 75
601 34 0
601 35 0
601 36 0
601 37 0
601 38 174
601 39 0
601 40 0
601 41 39
601 42 0
601 43 0
601 44 0
601 45 262
601 46 0
601 47 0
601 48 0
601 49 0
601 50 0
601 51 0
601 52 251
601 53 478
601 54 0
601 55 117
601 56 199
601 57 0
601 58 0
601 59 0
601 60 0
601 61 0
601 62 0
601 63 962
601 64 0
601 65 0
601 66 179
601 67 0
601 68 0
601 69 0
601 70 0
601 71 0
601 72 0
601 73 0
601 74 352
601 75 0
601 76 0
601 77 0
601 78 0
601 79 79
601 80 0
601 81 0
601 82 31
601 83 0
601 84 254
601 85 0
601 86 0
601 87 354
601 88 79
601 89 39
601 90 0
601 91 0
601 92 203
601 93 0
601 94 0
601 95 0
626 1 0
626 2 256
626 3 0
626 4 0
626 5 0
626 6 0
626 7 41
626 8 0
626 9 0
626 10 0
626 11 0
626 12 0
626 13 0
626 14 0
626 15 377
626 16 33
626 17 39
626 18 0
626 19 0
626 20 211
626 21 0
626 22 0
626 23 0
626 24 0
626 25 0
626 26 0
626 27 42
626 28 0
626 29 0
626 30 0
626 31 0
626 32 0
626 33 83
626 34 0
626 35 0
626 36 0
626 37 0
626 38 174
626 39 0
626 40 0
626 41 36
626 42 0
626 43 0
626 44 0
626 45 255
626 46 0
626 47 0
626 48 0
626 49 0
626 50 0
626 51 0
626 52 239
626 53 473
626 54 0
626 55 122
626 56 207
626 57 0
626 58 0
626 59 0
626 60 0
626 61 0
626 62 0
626 63 957
626 64 0
626 65 0
626 66 172
626 67 0
626 68 0
626 69 0
626 70 0
626 71 0
626 72 0
626 73 0
626 74 345
626 75 0
626 76 0
626 77 0
626 78 0
626 79 81
626 80 0
626 81 0
626 82 26
626 83 0
626 84 238
626 85 0
626 86 0
626 87 367
626 88 79
626 89 39
626 90 0
626 91 0
626 92 215
626 93 0
626 94 0
626 95 0
651 1 0
651 2 250
651 3 0
651 4 0
651 5 0
651 6 0
651 7 38
651 8 0
651 9 0
651 10 0
651 11 0
651 12 0
651 13 0
651 14 0
651 15 395
651 16 38
651 17 34
651 18 0
651 19 0
651 20 198
651 21 0
651 22 0
651 23 0
651 24 0
651 25 0
651 26 0
651 27 39
651 28 0
651 29 0
651 30 0
651 31 0
651 32 0
651 33 77
651 34 0
651 35 0
651 36 0
651 37 0
651 38 178
651 39 0
651 40 0
651 41 41
651 42 0
651 43 0
651 44 0
651 45 252
651 46 0
651 47 0
651 48 0
651 49 0
651 50 0
651 51 0
651 52 256
651 53 460
651 54 0
651 55 119
651 56 210
651 57 0
651 58 0
651 59 0
651 60 0
651 61 0
651 62 0
651 63 982
651 64 0
651 65 0
651 66 193
651 67 0
651 68 0
651 69 0
651 70 0
651 71 0
651 72 0
651 73 0
651 74 369
651 75 0
651 76 0
651 77 0
651 78 0
651 79 82
651 80 0
651 81 0
651 82 32
651 83 0
651 84 262
651 85 0
651 86 0
651 87 344
651 88 82
651 89 41
651 90 0
651 91 0
651 92 202
651 93 0
651 94 0
651 95 0
676 1 0
676 2 248
676 3 0
676 4 0
676 5 0
676 6 0
676 7 41
676 8 0
676 9 0
676 10 0
676 11 0
676 12 0
676 13 0
676 14 0
676 15 391
676 16 35
676 17 40
676 18 0
676 19 0
676 20 206
676 21 0
676 22 0
676 23 0
676 24 0
676 25 0
676 26 0
676 27 40
676 28 0
676 29 0
676 30 0
676 31 0
676 32 0
676 33 82
676 34 0
676 35 0
676 36 0
676 37 0
676 38 160
676 39 0
676 40 0
676 41 39
676 42 0
676 43 0
676 44 0
676 45 248
676 46 0
676 47 0
676 48 0
676 49 0
676 50 0
676 51 0
676 52 254
676 53 482
676 54 0
676 55 121
676 56 207
676 57 0
676 58 0
676 59 0
676 60 0
676 61 0
676 62 0
676 63 941
676 64 0
676 65 0
676 66 178
676 67 0
676 68 0
676 69 0
676 70 0
676 71 0
676 72 0
676 73 0
676 74 353
676 75 0
676 76 0
676 77 0
676 78 0
676 79 80
676 80 0
676 81 0
676 82 30
676 83 0
676 84 253
676 85 0
676 86 0
676 87 354
676 88 84
676 89 42
676 90 0
676 91 0
676 92 202
676 93 0
676 94 0
676 95 0
701 1 0
701 2 242
701 3 0
701 4 0
701 5 0
701 6 0
701 7 41
701 8 0
701 9 0
701 10 0
701 11 0
701 12 0
701 13 0
701 14 0
701 15 380
701 16 40
701 17 32
701 18 0
701 19 0
701 20 202
701 21 0
701 22 0
701 23 0
701 24 0
701 25 0
701 26 0
701 27 40
701 28 0
701 29 0
701 30 0
701 31 0
701 32 0
701 33 80
701 34 0
701 35 0
701 36 0
701 37 0
701 38 173
701 39 0
701 40 0
701 41 45
701 42 0
701 43 0
701 44 0
701 45 248
701 46 0
701 47 0
701 48 0
701 49 0
701 50 0
701 51 0
701 52 262
701 53 485
701 54 0
701 55 115
701 56 218
701 57 0
701 58 0
701 59 0
701 60 0
701 61 0
701 62 0
701 63 980
701 64 0
701 65 0
701 66 181
701 67 0
701 68 0
701 69 0
701 70 0
701 71 0
701 72 0
701 73 0
701 74 345
701 75 0
701 76 0
701 77 0
701 78 0
701 79 78
701 80 0
701 81 0
701 82 35
701 83 0
701 84 233
701 85 0
701 86 0
701 87 348
701 88 75
701 89 42
701 90 0
701 91 0
701 92 205
701 93 0
701 94 0
701 95 0
726 1 0
726 2 248
726 3 0
726 4 0
726 5 0
726 6 0
726 7 37
726 8 0
726 9 0
726 10 0
726 11 0
726 12 0
726 13 0
726 14 0
726 15 377
726 16 39
726 17 40
726 18 0
726 19 0
726 20 206
726 21 0
726 22 0
726 23 0
726 24 0
726 25 0
726 26 0
726 27 38
726 28 0
726 29 0
726 30 0
726 31 0
726 32 0
726 33 79
726 34 0
726 35 0
726 36 0
726 37 0
726 38 166
726 39 0
726 40 0
726 41 39
726 42 0
726 43 0
726 44 0
726 45 235
726 46 0
726 47 0
726 48 0
726 49 0
726 50 0
726 51 0
726 52 251
726 53 488
726 54 0
726 55 121
726 56 215
726 57 0
726 58 0
726 59 0
726 60 0
726 61 0
726 62 0
726 63 991
726 64 0
726 65 0
726 66 175
726 67 0
726 68 0
726 69 0
726 70 0
726 71 0
726 72 0
726 73 0
726 74 334
726 75 0
726 76 0
726 77 0
726 78 0
726 79 83
726 80 0
726 81 0
726 82 29
726 83 0
726 84 269
726 85 0
726 86 0
726 87 358
726 88 70
726 89 40
726 90 0
726 91 0
726 92 199
726 93 0
726 94 0
726 95 0
751 1 0
751 2 254
751 3 0
751 4 0
751 5 0
751 6 0
751 7 34
751 8 0
751 9 0
751 10 0
751 11 0
751 12 0
751 13 0
751 14 0
751 15 389
751 16 41
751 17 39
751 18 0
751 19 0
751 20 205
751 21 0
751 22 0
751 23 0
751 24 0
751 25 0
751 26 0
751 27 42
751 28 0
751 29 0
751 30 0
751 31 0
751 32 0
751 33 77
751 34 0
751 35 0
751 36 0
751 37 0
751 38 160
751 39 0
751 40 0
751 41 42
751 42 0
751 43 0
751 44 0
751 45 261
751 46 0
751 47 0
751 48 0
751 49 0
751 50 0
751 51 0
751 52 256
751 53 490
751 54 0
751 55 127
751 56 197
751 57 0
751 58 0
751 59 0
751 60 0
751 61 0
751 62 0
751 63 965
751 64 0
751 65 0
751 66 183
751 67 0
751 68 0
751 69 0
751 70 0
751 71 0
751 72 0
751 73 0
751 74 348
751 75 0
751 76 0
751 77 0
751 78 0
751 79 82
751 80 0
751 81 0
751 82 36
751 83 0
751 84 244
751 85 0
751 86 0
751 87 365
751 88 78
751 89 40
751 90 0
751 91 0
751 92 201
751 93 0
751 94 0
751 95 0
776 1 0
776 2 252
776 3 0
776 4 0
776 5 0
776 6 0
776 7 37
776 8 0
776 9 0
776 10 0
776 11 0
776 12 0
776 13 0
776 14 0
776 15 386
776 16 33
776 17 30
776 18 0
776 19 0
776 20 209
776 21 0
776 22 0
776 23 0
776 24 0
776 25 0
776 26 0
776 27 47
776 28 0
776 29 0
776 30 0
776 31 0
776 32 0
776 33 82
776 34 0
776 35 0
776 36 0
776 37 0
776 38 168
776 39 0
776 40 0
776 41 38
776 42 0
776 43 0
776 44 0
776 45 269
776 46 0
776 47 0
776 48 0
776 49 0
776 50 0
776 51 0
776 52 242
776 53 489
776 54 0
776 55 120
776 56 192
776 57 0
776 58 0
776 59 0
776 60 0
776 61 0
776 62 0
776 63 937
776 64 0
776 65 0
776 66 177
776 67 0
776 68 0
776 69 0
776 70 0
776 71 0
776 72 0
776 73 0
776 74 339
776 75 0
776 76 0
776 77 0
776 78 0
776 79 79
776 80 0
776 81 0
776 82 29
776 83 0
776 84 255
776 85 0
776 86 0
776 87 352
776 88 79
776 89 45
776 90 0
776 91 0
776 92 201
776 93 0
776 94 0
776 95 0
801 1 0
801 2 248
801 3 0
801 4 0
801 5 0
801 6 0
801 7 47
801 8 0
801 9 0
801 10 0
801 11 0
801 12 0
801 13 0
801 14 0
801 15 391
801 16 33
801 17 40
801 18 0
801 19 0
801 20 206
801 21 0
801 22 0
801 23 0
801 24 0
801 25 0
801 26 0
801 27 41
801 28 0
801 29 0
801 30 0
801 31 0
801 32 0
801 33 88
801 34 0
801 35 0
801 36 0
801 37 0
801 38 176
801 39 0
801 40 0
801 41 47
801 42 0
801 43 0
801 44 0
801 45 255
801 46 0
801 47 0
801 48 0
801 49 0
801 50 0
801 51 0
801 52 247
801 53 478
801 54 0
801 55 120
801 56 205
801 57 0
801 58 0
801 59 0
801 60 0
801 61 0
801 62 0
801 63 970
801 64 0
801 65 0
801 66 180
801 67 0
801 68 0
801 69 0
801 70 0
801 71 0
801 72 0
801 73 0
801 74 338
801 75 0
801 76 0
801 77 0
801 78 0
801 79 81
801 80 0
801 81 0
801 82 30
801 83 0
801 84 253
801 85 0
801 86 0
801 87 342
801 88 79
801 89 38
801 90 0
801 91 0
801 92 203
801 93 0
801 94 0
801 95 0
826 1 0
826 2 256
826 3 0
826 4 0
826 5 0
826 6 0
826 7 40
826 8 0
826 9 0
826 10 0
826 11 0
826 12 0
826 13 0
826 14 0
826 15 369
826 16 43
826 17 39
826 18 0
826 19 0
826 20 200
826 21 0
826 22 0
826 23 0
826 24 0
826 25 0
826 26 0
826 27 41
826 28 0
826 29 0
826 30 0
826 31 0
826 32 0
826 33 78
826 34 0
826 35 0
826 36 0
826 37 0
826 38 168
826 39 0
826 40 0
826 41 40
826 42 0
826 43 0
826 44 0
826 45 243
826 46 0
826 47 0
826 48 0
826 49 0
826 50 0
826 51 0
826 52 240
826 53 496
826 54 0
826 55 121
826 56 199
826 57 0
826 58 0
826 59 0
826 60 0
826 61 0
826 62 0
826 63 947
826 64 0
826 65 0
826 66 184
826 67 0
826 68 0
826 69 0
826 70 0
826 71 0
826 72 0
826 73 0
826 74 338
826 75 0
826 76 0
826 77 0
826 78 0
826 79 84
826 80 0
826 81 0
826 82 30
826 83 0
826 84 256
826 85 0
826 86 0
826 87 352
826 88 82
826 89 41
826 90 0
826 91 0
826 92 206
826 93 0
826 94 0
826 95 0
851 1 0
851 2 254
851 3 0
851 4 0
851 5 0
851 6 0
851 7 40
851 8 0
851 9 0
851 10 0
851 11 0
851 12 0
851 13 0
851 14 0
851 15 381
851 16 41
851 17 39
851 18 0
851 19 0
851 20 201
851 21 0
851 22 0
851 23 0
851 24 0
851 25 0
851 26 0
851 27 40
851 28 0
851 29 0
851 30 0
851 31 0
851 32 0
851 33 78
851 34 0
851 35 0
851 36 0
851 37 0
851 38 192
851 39 0
851 40 0
851 41 40
851 42 0
851 43 0
851 44 0
851 45 261
851 46 0
851 47 0
851 48 0
851 49 0
851 50 0
851 51 0
851 52 255
851 53 489
851 54 0
851 55 116
851 56 219
851 57 0
851 58 0
851 59 0
851 60 0
851 61 0
851 62 0
851 63 990
851 64 0
851 65 0
851 66 184
851 67 0
851 68 0
851 69 0
851 70 0
851 71 0
851 72 0
851 73 0
851 74 342
851 75 0
851 76 0
851 77 0
851 78 0
851 79 79
851 80 0
851 81 0
851 82 35
851 83 0
851 84 249
851 85 0
851 86 0
851 87 355
851 88 66
851 89 40
851 90 0
851 91 0
851 92 208
851 93 0
851 94 0
851 95 0
876 1 0
876 2 262
876 3 0
876 4 0
876 5 0
876 6 0
876 7 38
876 8 0
876 9 0
876 10 0
876 11 0
876 12 0
876 13 0
876 14 0
876 15 384
876 16 43
876 17 33
876 18 0
876 19 0
876 20 197
876 21 0
876 22 0
876 23 0
876 24 0
876 25 0
876 26 0
876 27 44
876 28 0
876 29 0
876 30 0
876 31 0
876 32 0
876 33 84
876 34 0
876 35 0
876 36 0
876 37 0
876 38 170
876 39 0
876 40 0
876 41 38
876 42 0
876 43 0
876 44 0
876 45 252
876 46 0
876 47 0
876 48 0
876 49 0
876 50 0
876 51 0
876 52 249
876 53 478
876 54 0
876 55 120
876 56 202
876 57 0
876 58 0
876 59 0
876 60 0
876 61 0
876 62 0
876 63 970
876 64 0
876 65 0
876 66 176
876 67 0
876 68 0
876 69 0
876 70 0
876 71 0
876 72 0
876 73 0
876 74 345
876 75 0
876 76 0
876 77 0
876 78 0
876 79 78
876 80 0
876 81 0
876 82 29
876 83 0
876 84 261
876 85 0
876 86 0
876 87 357
876 88 80
876 89 40
876 90 0
876 91 0
876 92 201
876 93 0
876 94 0
876 95 0
901 1 0
901 2 246
901 3 0
901 4 0
901 5 0
901 6 0
901 7 41
901 8 0
901 9 0
901 10 0
901 11 0
901 12 0
901 13 0
901 14 0
901 15 369
901 16 38
901 17 37
901 18 0
901 19 0
901 20 212
901 21 0
901 22 0
901 23 0
901 24 0
901 25 0
901 26 0
901 27 42
901 28 0
901 29 0
901 30 0
901 31 0
901 32 0
901 33 88
901 34 0
901 35 0
901 36 0
901 37 0
901 38 183
901 39 0
901 40 0
901 41 36
901 42 0
901 43 0
901 44 0
901 45 261
901 46 0
901 47 0
901 48 0
901 49 0
901 50 0
901 51 0
901 52 240
901 53 494
901 54 0
901 55 124
901 56 208
901 57 0
901 58 0
901 59 0
901 60 0
901 61 0
901 62 0
901 63 980
901 64 0
901 65 0
901 66 180
901 67 0
901 68 0
901 69 0
901 70 0
901 71 0
901 72 0
901 73 0
901 74 342
901 75 0
901 76 0
901 77 0
901 78 0
901 79 85
901 80 0
901 81 0
901 82 32
901 83 0
901 84 257
901 85 0
901 86 0
901 87 345
901 88 77
901 89 39
901 90 0
901 91 0
901 92 213
901 93 0
901 94 0
901 95 0
926 1 0
926 2 240
926 3 0
926 4 0
926 5 0
926 6 0
926 7 41
926 8 0
926 9 0
926 10 0
926 11 0
926 12 0
926 13 0
926 14 0
926 15 371
926 16 31
926 17 38
926 18 0
926 19 0
926 20 209
926 21 0
926 22 0
926 23 0
926 24 0
926 25 0
926 26 0
926 27 40
926 28 0
926 29 0
926 30 0
926 31 0
926 32 0
926 33 80
926 34 0
926 35 0
926 36 0
926 37 0
926 38 162
926 39 0
926 40 0
926 41 41
926 42 0
926 43 0
926 44 0
926 45 251
926 46 0
926 47 0
926 48 0
926 49 0
926 50 0
926 51 0
926 52 246
926 53 480
926 54 0
926 55 116
926 56 212
926 57 0
926 58 0
926 59 0
926 60 0
926 61 0
926 62 0
926 63 977
926 64 0
926 65 0
926 66 170
926 67 0
926 68 0
926 69 0
926 70 0
926 71 0
926 72 0
926 73 0
926 74 339
926 75 0
926 76 0
926 77 0
926 78 0
926 79 74
926 80 0
926 81 0
926 82 34
926 83 0
926 84 253
926 85 0
926 86 0
926 87 360
926 88 80
926 89 39
926 90 0
926 91 0
926 92 191
926 93 0
926 94 0
926 95 0
951 1 0
951 2 253
951 3 0
951 4 0
951 5 0
951 6 0
951 7 42
951 8 0
951 9 0
951 10 0
951 11 0
951 12 0
951 13 0
951 14 0
951 15 392
951 16 40
951 17 28
951 18 0
951 19 0
951 20 195
951 21 0
951 22 0
951 23 0
951 24 0
951 25 0
951 26 0
951 27 41
951 28 0
951 29 0
951 30 0
951 31 0
951 32 0
951 33 85
951 34 0
951 35 0
951 36 0
951 37 0
951 38 178
951 39 0
951 40 0
951 41 41
951 42 0
951 43 0
951 44 0
951 45 238
951 46 0
951 47 0
951 48 0
951 49 0
951 50 0
951 51 0
951 52 244
951 53 504
951 54 0
951 55 121
951 56 216
951 57 0
951 58 0
951 59 0
951 60 0
951 61 0
951 62 0
951 63 973
951 64 0
951 65 0
951 66 167
951 67 0
951 68 0
951 69 0
951 70 0
951 71 0
951 72 0
951 73 0
951 74 349
951 75 0
951 76 0
951 77 0
951 78 0
951 79 83
951 80 0
951 81 0
951 82 34
951 83 0
951 84 266
951 85 0
951 86 0
951 87 352
951 88 71
951 89 40
951 90 0
951 91 0
951 92 200
951 93 0
951 94 0
951 95 0
976 1 0
976 2 244
976 3 0
976 4 0
976 5 0
976 6 0
976 7 40
976 8 0
976 9 0
976 10 0
976 11 0
976 12 0
976 13 0
976 14 0
976 15 399
976 16 39
976 17 34
976 18 0
976 19 0
976 20 207
976 21 0
976 22 0
976 23 0
976 24 0
976 25 0
976 26 0
976 27 43
976 28 0
976 29 0
976 30 0
976 31 0
976 32 0
976 33 84
976 34 0
976 35 0
976 36 0
976 37 0
976 38 163
976 39 0
976 40 0
976 41 42
976 42 0
976 43 0
976 44 0
976 45 250
976 46 0
976 47 0
976 48 0
976 49 0
976 50 0
976 51 0
976 52 254
976 53 484
976 54 0
976 55 125
976 56 208
976 57 0
976 58 0
976 59 0
976 60 0
976 61 0
976 62 0
976 63 950
976 64 0
976 65 0
976 66 174
976 67 0
976 68 0
976 69 0
976 70 0
976 71 0
976 72 0
976 73 0
976 74 353
976 75 0
976 76 0
976 77 0
976 78 0
976 79 83
976 80 0
976 81 0
976 82 32
976 83 0
976 84 252
976 85 0
976 86 0
976 87 358
976 88 73
976 89 41
976 90 0
976 91 0
976 92 212
976 93 0
976 94 0
976 95 0
1001 1 0
1001 2 252
1001 3 0
1001 4 0
1001 5 0
1001 6 0
1001 7 42
1001 8 0
1001 9 0
1001 10 0
1001 11 0
1001 12 0
1001 13 0
1001 14 0
1001 15 384
1001 16 38
1001 17 39
1001 18 0
1001 19 0
1001 20 209
1001 21 0
1001 22 0
1001 23 0
1001 24 0
1001 25 0
1001 26 0
1001 27 42
1001 28 0
1001 29 0
1001 30 0
1001 31 0
1001 32 0
1001 33 76
1001 34 0
1001 35 0
1001 36 0
1001 37 0
1001 38 165
1001 39 0
1001 40 0
1001 41 35
1001 42 0
1001 43 0
1001 44 0
1001 45 256
1001 46 0
1001 47 0
1001 48 0
1001 49 0
1001 50 0
1001 51 0
1001 52 250
1001 53 487
1001 54 0
1001 55 120
1001 56 211
1001 57 0
1001 58 0
1001 59 0
1001 60 0
1001 61 0
1001 62 0
1001 63 960
1001 64 0
1001 65 0
1001 66 177
1001 67 0
1001 68 0
1001 69 0
1001 70 0
1001 71 0
1001 72 0
1001 73 0
1001 74 352
1001 75 0
1001 76 0
1001 77 0
1001 78 0
1001 79 81
1001 80 0
1001 81 0
1001 82 33
1001 83 0
1001 84 259
1001 85 0
1001 86 0
1001 87 367
1001 88 67
1001 89 41
1001 90 0
1001 91 0
1001 92 206
1001 93 0
1001 94 0
1001 95 0
1026 1 0
1026 2 254
1026 3 0
1026 4 0
1026 5 0
1026 6 0
1026 7 40
1026 8 0
1026 9 0
1026 10 0
1026 11 0
1026 12 0
1026 13 0
1026 14 0
1026 15 380
1026 16 38
1026 17 32
1026 18 0
1026 19 0
1026 20 202
1026 21 0
1026 22 0
1026 23 0
1026 24 0
1026 25 0
1026 26 0
1026 27 40
1026 28 0
1026 29 0
1026 30 0
1026 31 0
1026 32 0
1026 33 78
1026 34 0
1026 35 0
1026 36 0
1026 37 0
1026 38 167
1026 39 0
1026 40 0
1026 41 38
1026 42 0
1026 43 0
1026 44 0
1026 45 263
1026 46 0
1026 47 0
1026 48 0
1026 49 0
1026 50 0
1026 51 0
1026 52 257
1026 53 482
1026 54 0
1026 55 123
1026 56 215
1026 57 0
1026 58 0
1026 59 0
1026 60 0
1026 61 0
1026 62 0
1026 63 984
1026 64 0
1026 65 0
1026 66 169
1026 67 0
1026 68 0
1026 69 0
1026 70 0
1026 71 0
1026 72 0
1026 73 0
1026 74 349
1026 75 0
1026 76 0
1026 77 0
1026 78 0
1026 79 82
1026 80 0
1026 81 0
1026 82 34
1026 83 0
1026 84 249
1026 85 0
1026 86 0
1026 87 348
1026 88 80
1026 89 40
1026 90 0
1026 91 0
1026 92 202
1026 93 0
1026 94 0
1026 95 0
1051 1 0
1051 2 237
1051 3 0
1051 4 0
1051 5 0
1051 6 0
1051 7 42
1051 8 0
1051 9 0
1051 10 0
1051 11 0
1051 12 0
1051 13 0
1051 14 0
1051 15 385
1051 16 40
1051 17 40
1051 18 0
1051 19 0
1051 20 223
1051 21 0
1051 22 0
1051 23 0
1051 24 0
1051 25 0
1051 26 0
1051 27 39
1051 28 0
1051 29 0
1051 30 0
1051 31 0
1051 32 0
1051 33 87
1051 34 0
1051 35 0
1051 36 0
1051 37 0
1051 38 166
1051 39 0
1051 40 0
1051 41 40
1051 42 0
1051 43 0
1051 44 0
1051 45 274
1051 46 0
1051 47 0
1051 48 0
1051 49 0
1051 50 0
1051 51 0
1051 52 256
1051 53 486
1051 54 0
1051 55 121
1051 56 201
1051 57 0
1051 58 0
1051 59 0
1051 60 0
1051 61 0
1051 62 0
1051 63 953
1051 64 0
1051 65 0
1051 66 181
1051 67 0
1051 68 0
1051 69 0
1051 70 0
1051 71 0
1051 72 0
1051 73 0
1051 74 361
1051 75 0
1051 76 0
1051 77 0
1051 78 0
1051 79 78
1051 80 0
1051 81 0
1051 82 34
1051 83 0
1051 84 252
1051 85 0
1051 86 0
1051 87 355
1051 88 74
1051 89 47
1051 90 0
1051 91 0
1051 92 206
1051 93 0
1051 94 0
1051 95 0
1076 1 0
1076 2 234
1076 3 0
1076 4 0
1076 5 0
1076 6 0
1076 7 41
1076 8 0
1076 9 0
1076 10 0
1076 11 0
1076 12 0
1076 13 0
1076 14 0
1076 15 365
1076 16 40
1076 17 32
1076 18 0
1076 19 0
1076 20 215
1076 21 0
1076 22 0
1076 23 0
1076 24 0
1076 25 0
1076 26 0
1076 27 38
1076 28 0
1076 29 0
1076 30 0
1076 31 0
1076 32 0
1076 33 84
1076 34 0
1076 35 0
1076 36 0
1076 37 0
1076 38 173
1076 39 0
1076 40 0
1076 41 42
1076 42 0
1076 43 0
1076 44 0
1076 45 239
1076 46 0
1076 47 0
1076 48 0
1076 49 0
1076 50 0
1076 51 0
1076 52 248
1076 53 485
1076 54 0
1076 55 122
1076 56 212
1076 57 0
1076 58 0
1076 59 0
1076 60 0
1076 61 0
1076 62 0
1076 63 957
1076 64 0
1076 65 0
1076 66 180
1076 67 0
1076 68 0
1076 69 0
1076 70 0
1076 71 0
1076 72 0
1076 73 0
1076 74 332
1076 75 0
1076 76 0
1076 77 0
1076 78 0
1076 79 77
1076 80 0
1076 81 0
1076 82 32
1076 83 0
1076 84 259
1076 85 0
1076 86 0
1076 87 356
1076 88 66
1076 89 37
1076 90 0
1076 91 0
1076 92 196
1076 93 0
1076 94 0
1076 95 0
1101 1 0
1101 2 236
1101 3 0
1101 4 0
1101 5 0
1101 6 0
1101 7 39
1101 8 0
1101 9 0
1101 10 0
1101 11 0
1101 12 0
1101 13 0
1101 14 0
1101 15 378
1101 16 40
1101 17 39
1101 18 0
1101 19 0
1101 20 207
1101 21 0
1101 22 0
1101 23 0
1101 24 0
1101 25 0
1101 26 0
1101 27 40
1101 28 0
1101 29 0
1101 30 0
1101 31 0
1101 32 0
1101 33 77
1101 34 0
1101 35 0
1101 36 0
1101 37 0
1101 38 173
1101 39 0
1101 40 0
1101 41 39
1101 42 0
1101 43 0
1101 44 0
1101 45 255
1101 46 0
1101 47 0
1101 48 0
1101 49 0
1101 50 0
1101 51 0
1101 52 245
1101 53 489
1101 54 0
1101 55 117
1101 56 217
1101 57 0
1101 58 0
1101 59 0
1101 60 0
1101 61 0
1101 62 0
1101 63 960
1101 64 0
1101 65 0
1101 66 180
1101 67 0
1101 68 0
1101 69 0
1101 70 0
1101 71 0
1101 72 0
1101 73 0
1101 74 345
1101 75 0
1101 76 0
1101 77 0
1101 78 0
1101 79 79
1101 80 0
1101 81 0
1101 82 30
1101 83 0
1101 84 256
1101 85 0
1101 86 0
1101 87 341
1101 88 80
1101 89 37
1101 90 0
1101 91 0
1101 92 199
1101 93 0
1101 94 0
1101 95 0
1126 1 0
1126 2 256
1126 3 0
1126 4 0
1126 5 0
1126 6 0
1126 7 41
1126 8 0
1126 9 0
1126 10 0
1126 11 0
1126 12 0
1126 13 0
1126 14 0
1126 15 387
1126 16 38
1126 17 39
1126 18 0
1126 19 0
1126 20 201
1126 21 0
1126 22 0
1126 23 0
1126 24 0
1126 25 0
1126 26 0
1126 27 40
1126 28 0
1126 29 0
1126 30 0
1126 31 0
1126 32 0
1126 33 83
1126 34 0
1126 35 0
1126 36 0
1126 37 0
1126 38 168
1126 39 0
1126 40 0
1126 41 36
1126 42 0
1126 43 0
1126 44 0
1126 45 258
1126 46 0
1126 47 0
1126 48 0
1126 49 0
1126 50 0
1126 51 0
1126 52 247
1126 53 507
1126 54 0
1126 55 113
1126 56 214
1126 57 0
1126 58 0
1126 59 0
1126 60 0
1126 61 0
1126 62 0
1126 63 968
1126 64 0
1126 65 0
1126 66 182
1126 67 0
1126 68 0
1126 69 0
1126 70 0
1126 71 0
1126 72 0
1126 73 0
1126 74 336
1126 75 0
1126 76 0
1126 77 0
1126 78 0
1126 79 80
1126 80 0
1126 81 0
1126 82 39
1126 83 0
1126 84 256
1126 85 0
1126 86 0
1126 87 353
1126 88 73
1126 89 42
1126 90 0
1126 91 0
1126 92 202
1126 93 0
1126 94 0
1126 95 0
1151 1 0
1151 2 252
1151 3 0
1151 4 0
1151 5 0
1151 6 0
1151 7 45
1151 8 0
1151 9 0
1151 10 0
1151 11 0
1151 12 0
1151 13 0
1151 14 0
1151 15 381
1151 16 42
1151 17 39
1151 18 0
1151 19 0
1151 20 205
1151 21 0
1151 22 0
1151 23 0
1151 24 0
1151 25 0
1151 26 0
1151 27 39
1151 28 0
1151 29 0
1151 30 0
1151 31 0
1151 32 0
1151 33 79
1151 34 0
1151 35 0
1151 36 0
1151 37 0
1151 38 175
1151 39 0
1151 40 0
1151 41 47
1151 42 0
1151 43 0
1151 44 0
1151 45 260
1151 46 0
1151 47 0
1151 48 0
1151 49 0
1151 50 0
1151 51 0
1151 52 245
1151 53 491
1151 54 0
1151 55 134
1151 56 209
1151 57 0
1151 58 0
1151 59 0
1151 60 0
1151 61 0
1151 62 0
1151 63 969
1151 64 0
1151 65 0
1151 66 171
1151 67 0
1151 68 0
1151 69 0
1151 70 0
1151 71 0
1151 72 0
1151 73 0
1151 74 340
1151 75 0
1151 76 0
1151 77 0
1151 78 0
1151 79 75
1151 80 0
1151 81 0
1151 82 31
1151 83 0
1151 84 243
1151 85 0
1151 86 0
1151 87 365
1151 88 78
1151 89 40
1151 90 0
1151 91 0
1151 92 210
1151 93 0
1151 94 0
1151 95 0
1176 1 0
1176 2 240
1176 3 0
1176 4 0
1176 5 0
1176 6 0
1176 7 41
1176 8 0
1176 9 0
1176 10 0
1176 11 0
1176 12 0
1176 13 0
1176 14 0
1176 15 384
1176 16 35
1176 17 40
1176 18 0
1176 19 0
1176 20 201
1176 21 0
1176 22 0
1176 23 0
1176 24 0
1176 25 0
1176 26 0
1176 27 40
1176 28 0
1176 29 0
1176 30 0
1176 31 0
1176 32 0
1176 33 81
1176 34 0
1176 35 0
1176 36 0
1176 37 0
1176 38 166
1176 39 0
1176 40 0
1176 41 39
1176 42 0
1176 43 0
1176 44 0
1176 45 263
1176 46 0
1176 47 0
1176 48 0
1176 49 0
1176 50 0
1176 51 0
1176 52 241
1176 53 493
1176 54 0
1176 55 130
1176 56 212
1176 57 0
1176 58 0
1176 59 0
1176 60 0
1176 61 0
1176 62 0
1176 63 967
1176 64 0
1176 65 0
1176 66 167
1176 67 0
1176 68 0
1176 69 0
1176 70 0
1176 71 0
1176 72 0
1176 73 0
1176 74 363
1176 75 0
1176 76 0
1176 77 0
1176 78 0
1176 79 81
1176 80 0
1176 81 0
1176 82 38
1176 83 0
1176 84 259
1176 85 0
1176 86 0
1176 87 355
1176 88 73
1176 89 40
1176 90 0
1176 91 0
1176 92 198
1176 93 0
1176 94 0
1176 95 0
1201 1 0
1201 2 241
1201 3 0
1201 4 0
1201 5 0
1201 6 0
1201 7 40
1201 8 0
1201 9 0
1201 10 0
1201 11 0
1201 12 0
1201 13 0
1201 14 0
1201 15 380
1201 16 40
1201 17 32
1201 18 0
1201 19 0
1201 20 217
1201 21 0
1201 22 0
1201 23 0
1201 24 0
1201 25 0
1201 26 0
1201 27 38
1201 28 0
1201 29 0
1201 30 0
1201 31 0
1201 32 0
1201 33 78
1201 34 0
1201 35 0
1201 36 0
1201 37 0
1201 38 165
1201 39 0
1201 40 0
1201 41 40
1201 42 0
1201 43 0
1201 44 0
1201 45 250
1201 46 0
1201 47 0
1201 48 0
1201 49 0
1201 50 0
1201 51 0
1201 52 251
1201 53 500
1201 54 0
1201 55 118
1201 56 207
1201 57 0
1201 58 0
1201 59 0
1201 60 0
1201 61 0
1201 62 0
1201 63 949
1201 64 0
1201 65 0
1201 66 193
1201 67 0
1201 68 0
1201 69 0
1201 70 0
1201 71 0
1201 72 0
1201 73 0
1201 74 339
1201 75 0
1201 76 0
1201 77 0
1201 78 0
1201 79 81
1201 80 0
1201 81 0
1201 82 30
1201 83 0
1201 84 260
1201 85 0
1201 86 0
1201 87 341
1201 88 78
1201 89 38
1201 90 0
1201 91 0
1201 92 198
1201 93 0
1201 94 0
1201 95 0
1226 1 0
1226 2 249
1226 3 0
1226 4 0
1226 5 0
1226 6 0
1226 7 38
1226 8 0
1226 9 0
1226 10 0
1226 11 0
1226 12 0
1226 13 0
1226 14 0
1226 15 380
1226 16 40
1226 17 38
1226 18 0
1226 19 0
1226 20 200
1226 21 0
1226 22 0
1226 23 0
1226 24 0
1226 25 0
1226 26 0
1226 27 34
1226 28 0
1226 29 0
1226 30 0
1226 31 0
1226 32 0
1226 33 75
1226 34 0
1226 35 0
1226 36 0
1226 37 0
1226 38 174
1226 39 0
1226 40 0
1226 41 40
1226 42 0
1226 43 0
1226 44 0
1226 45 252
1226 46 0
1226 47 0
1226 48 0
1226 49 0
1226 50 0
1226 51 0
1226 52 251
1226 53 502
1226 54 0
1226 55 113
1226 56 233
1226 57 0
1226 58 0
1226 59 0
1226 60 0
1226 61 0
1226 62 0
1226 63 943
1226 64 0
1226 65 0
1226 66 174
1226 67 0
1226 68 0
1226 69 0
1226 70 0
1226 71 0
1226 72 0
1226 73 0
1226 74 345
1226 75 0
1226 76 0
1226 77 0
1226 78 0
1226 79 83
1226 80 0
1226 81 0
1226 82 29
1226 83 0
1226 84 251
1226 85 0
1226 86 0
1226 87 347
1226 88 71
1226 89 40
1226 90 0
1226 91 0
1226 92 210
1226 93 0
1226 94 0
1226 95 0
1251 1 0
1251 2 252
1251 3 0
1251 4 0
1251 5 0
1251 6 0
1251 7 39
1251 8 0
1251 9 0
1251 10 0
1251 11 0
1251 12 0
1251 13 0
1251 14 0
1251 15 376
1251 16 34
1251 17 35
1251 18 0
1251 19 0
1251 20 201
1251 21 0
1251 22 0
1251 23 0
1251 24 0
1251 25 0
1251 26 0
1251 27 40
1251 28 0
1251 29 0
1251 30 0
1251 31 0
1251 32 0
1251 33 79
1251 34 0
1251 35 0
1251 36 0
1251 37 0
1251 38 174
1251 39 0
1251 40 0
1251 41 40
1251 42 0
1251 43 0
1251 44 0
1251 45 254
1251 46 0
1251 47 0
1251 48 0
1251 49 0
1251 50 0
1251 51 0
1251 52 250
1251 53 490
1251 54 0
1251 55 122
1251 56 201
1251 57 0
1251 58 0
1251 59 0
1251 60 0
1251 61 0
1251 62 0
1251 63 952
1251 64 0
1251 65 0
1251 66 179
1251 67 0
1251 68 0
1251 69 0
1251 70 0
1251 71 0
1251 72 0
1251 73 0
1251 74 338
1251 75 0
1251 76 0
1251 77 0
1251 78 0
1251 79 86
1251 80 0
1251 81 0
1251 82 38
1251 83 0
1251 84 253
1251 85 0
1251 86 0
1251 87 345
1251 88 75
1251 89 45
1251 90 0
1251 91 0
1251 92 199
1251 93 0
1251 94 0
1251 95 0
1276 1 0
1276 2 252
1276 3 0
1276 4 0
1276 5 0
1276 6 0
1276 7 40
1276 8 0
1276 9 0
1276 10 0
1276 11 0
1276 12 0
1276 13 0
1276 14 0
1276 15 373
1276 16 36
1276 17 30
1276 18 0
1276 19 0
1276 20 201
1276 21 0
1276 22 0
1276 23 0
1276 24 0
1276 25 0
1276 26 0
1276 27 45
1276 28 0
1276 29 0
1276 30 0
1276 31 0
1276 32 0
1276 33 87
1276 34 0
1276 35 0
1276 36 0
1276 37 0
1276 38 172
1276 39 0
1276 40 0
1276 41 40
1276 42 0
1276 43 0
1276 44 0
1276 45 262
1276 46 0
1276 47 0
1276 48 0
1276 49 0
1276 50 0
1276 51 0
1276 52 260
1276 53 484
1276 54 0
1276 55 117
1276 56 214
1276 57 0
1276 58 0
1276 59 0
1276 60 0
1276 61 0
1276 62 0
1276 63 952
1276 64 0
1276 65 0
1276 66 183
1276 67 0
1276 68 0
1276 69 0
1276 70 0
1276 71 0
1276 72 0
1276 73 0
1276 74 342
1276 75 0
1276 76 0
1276 77 0
1276 78 0
1276 79 83
1276 80 0
1276 81 0
1276 82 37
1276 83 0
1276 84 259
1276 85 0
1276 86 0
1276 87 355
1276 88 78
1276 89 41
1276 90 0
1276 91 0
1276 92 196
1276 93 0
1276 94 0
1276 95 0
1301 1 0
1301 2 241
1301 3 0
1301 4 0
1301 5 0
1301 6 0
1301 7 39
1301 8 0
1301 9 0
1301 10 0
1301 11 0
1301 12 0
1301 13 0
1301 14 0
1301 15 387
1301 16 34
1301 17 31
1301 18 0
1301 19 0
1301 20 204
1301 21 0
1301 22 0
1301 23 0
1301 24 0
1301 25 0
1301 26 0
1301 27 41
1301 28 0
1301 29 0
1301 30 0
1301 31 0
1301 32 0
1301 33 77
1301 34 0
1301 35 0
1301 36 0
1301 37 0
1301 38 180
1301 39 0
1301 40 0
1301 41 39
1301 42 0
1301 43 0
1301 44 0
1301 45 259
1301 46 0
1301 47 0
1301 48 0
1301 49 0
1301 50 0
1301 51 0
1301 52 249
1301 53 472
1301 54 0
1301 55 125
1301 56 207
1301 57 0
1301 58 0
1301 59 0
1301 60 0
1301 61 0
1301 62 0
1301 63 951
1301 64 0
1301 65 0
1301 66 170
1301 67 0
1301 68 0
1301 69 0
1301 70 0
1301 71 0
1301 72 0
1301 73 0
1301 74 325
1301 75 0
1301 76 0
1301 77 0
1301 78 0
1301 79 83
1301 80 0
1301 81 0
1301 82 32
1301 83 0
1301 84 254
1301 85 0
1301 86 0
1301 87 353
1301 88 81
1301 89 40
1301 90 0
1301 91 0
1301 92 193
1301 93 0
1301 94 0
1301 95 0
1326 1 0
1326 2 248
1326 3 0
1326 4 0
1326 5 0
1326 6 0
1326 7 39
1326 8 0
1326 9 0
1326 10 0
1326 11 0
1326 12 0
1326 13 0
1326 14 0
1326 15 398
1326 16 38
1326 17 38
1326 18 0
1326 19 0
1326 20 211
1326 21 0
1326 22 0
1326 23 0
1326 24 0
1326 25 0
1326 26 0
1326 27 44
1326 28 0
1326 29 0
1326 30 0
1326 31 0
1326 32 0
1326 33 86
1326 34 0
1326 35 0
1326 36 0
1326 37 0
1326 38 183
1326 39 0
1326 40 0
1326 41 42
1326 42 0
1326 43 0
1326 44 0
1326 45 254
1326 46 0
1326 47 0
1326 48 0
1326 49 0
1326 50 0
1326 51 0
1326 52 240
1326 53 480
1326 54 0
1326 55 123
1326 56 213
1326 57 0
1326 58 0
1326 59 0
1326 60 0
1326 61 0
1326 62 0
1326 63 928
1326 64 0
1326 65 0
1326 66 175
1326 67 0
1326 68 0
1326 69 0
1326 70 0
1326 71 0
1326 72 0
1326 73 0
1326 74 347
1326 75 0
1326 76 0
1326 77 0
1326 78 0
1326 79 82
1326 80 0
1326 81 0
1326 82 35
1326 83 0
1326 84 258
1326 85 0
1326 86 0
1326 87 344
1326 88 76
1326 89 44
1326 90 0
1326 91 0
1326 92 210
1326 93 0
1326 94 0
1326 95 0
1351 1 0
1351 2 254
1351 3 0
1351 4 0
1351 5 0
1351 6 0
1351 7 41
1351 8 0
1351 9 0
1351 10 0
1351 11 0
1351 12 0
1351 13 0
1351 14 0
1351 15 379
1351 16 32
1351 17 30
1351 18 0
1351 19 0
1351 20 197
1351 21 0
1351 22 0
1351 23 0
1351 24 0
1351 25 0
1351 26 0
1351 27 42
1351 28 0
1351 29 0
1351 30 0
1351 31 0
1351 32 0
1351 33 69
1351 34 0
1351 35 0
1351 36 0
1351 37 0
1351 38 162
1351 39 0
1351 40 0
1351 41 41
1351 42 0
1351 43 0
1351 44 0
1351 45 251
1351 46 0
1351 47 0
1351 48 0
1351 49 0
1351 50 0
1351 51 0
1351 52 243
1351 53 461
1351 54 0
1351 55 131
1351 56 217
1351 57 0
1351 58 0
1351 59 0
1351 60 0
1351 61 0
1351 62 0
1351 63 939
1351 64 0
1351 65 0
1351 66 187
1351 67 0
1351 68 0
1351 69 0
1351 70 0
1351 71 0
1351 72 0
1351 73 0
1351 74 352
1351 75 0
1351 76 0
1351 77 0
1351 78 0
1351 79 83
1351 80 0
1351 81 0
1351 82 34
1351 83 0
1351 84 257
1351 85 0
1351 86 0
1351 87 363
1351 88 78
1351 89 39
1351 90 0
1351 91 0
1351 92 213
1351 93 0
1351 94 0
1351 95 0
1376 1 0
1376 2 244
1376 3 0
1376 4 0
1376 5 0
1376 6 0
1376 7 44
1376 8 0
1376 9 0
1376 10 0
1376 11 0
1376 12 0
1376 13 0
1376 14 0
1376 15 398
1376 16 39
1376 17 44
1376 18 0
1376 19 0
1376 20 208
1376 21 0
1376 22 0
1376 23 0
1376 24 0
1376 25 0
1376 26 0
1376 27 37
1376 28 0
1376 29 0
1376 30 0
1376 31 0
1376 32 0
1376 33 85
1376 34 0
1376 35 0
1376 36 0
1376 37 0
1376 38 179
1376 39 0
1376 40 0
1376 41 41
1376 42 0
1376 43 0
1376 44 0
1376 45 258
1376 46 0
1376 47 0
1376 48 0
1376 49 0
1376 50 0
1376 51 0
1376 52 257
1376 53 486
1376 54 0
1376 55 120
1376 56 196
1376 57 0
1376 58 0
1376 59 0
1376 60 0
1376 61 0
1376 62 0
1376 63 939
1376 64 0
1376 65 0
1376 66 173
1376 67 0
1376 68 0
1376 69 0
1376 70 0
1376 71 0
1376 72 0
1376 73 0
1376 74 348
1376 75 0
1376 76 0
1376 77 0
1376 78 0
1376 79 81
1376 80 0
1376 81 0
1376 82 31
1376 83 0
1376 84 246
1376 85 0
1376 86 0
1376 87 364
1376 88 80
1376 89 45
1376 90 0
1376 91 0
1376 92 202
1376 93 0
1376 94 0
1376 95 0
1401 1 0
1401 2 244
1401 3 0
1401 4 0
1401 5 0
1401 6 0
1401 7 39
1401 8 0
1401 9 0
1401 10 0
1401 11 0
1401 12 0
1401 13 0
1401 14 0
1401 15 369
1401 16 33
1401 17 41
1401 18 0
1401 19 0
1401 20 219
1401 21 0
1401 22 0
1401 23 0
1401 24 0
1401 25 0
1401 26 0
1401 27 41
1401 28 0
1401 29 0
1401 30 0
1401 31 0
1401 32 0
1401 33 77
1401 34 0
1401 35 0
1401 36 0
1401 37 0
1401 38 171
1401 39 0
1401 40 0
1401 41 39
1401 42 0
1401 43 0
1401 44 0
1401 45 255
1401 46 0
1401 47 0
1401 48 0
1401 49 0
1401 50 0
1401 51 0
1401 52 239
1401 53 477
1401 54 0
1401 55 125
1401 56 216
1401 57 0
1401 58 0
1401 59 0
1401 60 0
1401 61 0
1401 62 0
1401 63 967
1401 64 0
1401 65 0
1401 66 172
1401 67 0
1401 68 0
1401 69 0
1401 70 0
1401 71 0
1401 72 0
1401 73 0
1401 74 337
1401 75 0
1401 76 0
1401 77 0
1401 78 0
1401 79 81
1401 80 0
1401 81 0
1401 82 30
1401 83 0
1401 84 238
1401 85 0
1401 86 0
1401 87 358
1401 88 71
1401 89 40
1401 90 0
1401 91 0
1401 92 204
1401 93 0
1401 94 0
1401 95 0
1426 1 0
1426 2 244
1426 3 0
1426 4 0
1426 5 0
1426 6 0
1426 7 36
1426 8 0
1426 9 0
1426 10 0
1426 11 0
1426 12 0
1426 13 0
1426 14 0
1426 15 376
1426 16 40
1426 17 40
1426 18 0
1426 19 0
1426 20 200
1426 21 0
1426 22 0
1426 23 0
1426 24 0
1426 25 0
1426 26 0
1426 27 40
1426 28 0
1426 29 0
1426 30 0
1426 31 0
1426 32 0
1426 33 73
1426 34 0
1426 35 0
1426 36 0
1426 37 0
1426 38 173
1426 39 0
1426 40 0
1426 41 41
1426 42 0
1426 43 0
1426 44 0
1426 45 250
1426 46 0
1426 47 0
1426 48 0
1426 49 0
1426 50 0
1426 51 0
1426 52 238
1426 53 500
1426 54 0
1426 55 113
1426 56 212
1426 57 0
1426 58 0
1426 59 0
1426 60 0
1426 61 0
1426 62 0
1426 63 959
1426 64 0
1426 65 0
1426 66 184
1426 67 0
1426 68 0
1426 69 0
1426 70 0
1426 71 0
1426 72 0
1426 73 0
1426 74 338
1426 75 0
1426 76 0
1426 77 0
1426 78 0
1426 79 78
1426 80 0
1426 81 0
1426 82 34
1426 83 0
1426 84 242
1426 85 0
1426 86 0
1426 87 350
1426 88 78
1426 89 40
1426 90 0
1426 91 0
1426 92 197
1426 93 0
1426 94 0
1426 95 0
1451 1 0
1451 2 244
1451 3 0
1451 4 0
1451 5 0
1451 6 0
1451 7 40
1451 8 0
1451 9 0
1451 10 0
1451 11 0
1451 12 0
1451 13 0
1451 14 0
1451 15 375
1451 16 40
1451 17 32
1451 18 0
1451 19 0
1451 20 213
1451 21 0
1451 22 0
1451 23 0
1451 24 0
1451 25 0
1451 26 0
1451 27 40
1451 28 0
1451 29 0
1451 30 0
1451 31 0
1451 32 0
1451 33 76
1451 34 0
1451 35 0
1451 36 0
1451 37 0
1451 38 171
1451 39 0
1451 40 0
1451 41 36
1451 42 0
1451 43 0
1451 44 0
1451 45 255
1451 46 0
1451 47 0
1451 48 0
1451 49 0
1451 50 0
1451 51 0
1451 52 255
1451 53 487
1451 54 0
1451 55 122
1451 56 212
1451 57 0
1451 58 0
1451 59 0
1451 60 0
1451 61 0
1451 62 0
1451 63 963
1451 64 0
1451 65 0
1451 66 180
1451 67 0
1451 68 0
1451 69 0
1451 70 0
1451 71 0
1451 72 0
1451 73 0
1451 74 341
1451 75 0
1451 76 0
1451 77 0
1451 78 0
1451 79 80
1451 80 0
1451 81 0
1451 82 33
1451 83 0
1451 84 240
1451 85 0
1451 86 0
1451 87 368
1451 88 72
1451 89 38
1451 90 0
1451 91 0
1451 92 214
1451 93 0
1451 94 0
1451 95 0
1476 1 0
1476 2 253
1476 3 0
1476 4 0
1476 5 0
1476 6 0
1476 7 39
1476 8 0
1476 9 0
1476 10 0
1476 11 0
1476 12 0
1476 13 0
1476 14 0
1476 15 407
1476 16 30
1476 17 35
1476 18 0
1476 19 0
1476 20 199
1476 21 0
1476 22 0
1476 23 0
1476 24 0
1476 25 0
1476 26 0
1476 27 41
1476 28 0
1476 29 0
1476 30 0
1476 31 0
1476 32 0
1476 33 85
1476 34 0
1476 35 0
1476 36 0
1476 37 0
1476 38 180
1476 39 0
1476 40 0
1476 41 40
1476 42 0
1476 43 0
1476 44 0
1476 45 250
1476 46 0
1476 47 0
1476 48 0
1476 49 0
1476 50 0
1476 51 0
1476 52 244
1476 53 496
1476 54 0
1476 55 122
1476 56 220
1476 57 0
1476 58 0
1476 59 0
1476 60 0
1476 61 0
1476 62 0
1476 63 979
1476 64 0
1476 65 0
1476 66 172
1476 67 0
1476 68 0
1476 69 0
1476 70 0
1476 71 0
1476 72 0
1476 73 0
1476 74 325
1476 75 0
1476 76 0
1476 77 0
1476 78 0
1476 79 82
1476 80 0
1476 81 0
1476 82 28
1476 83 0
1476 84 266
1476 85 0
1476 86 0
1476 87 341
1476 88 76
1476 89 40
1476 90 0
1476 91 0
1476 92 215
1476 93 0
1476 94 0
1476 95 0
1501 1 0
1501 2 247
1501 3 0
1501 4 0
1501 5 0
1501 6 0
1501 7 40
1501 8 0
1501 9 0
1501 10 0
1501 11 0
1501 12 0
1501 13 0
1501 14 0
1501 15 377
1501 16 34
1501 17 39
1501 18 0
1501 19 0
1501 20 197
1501 21 0
1501 22 0
1501 23 0
1501 24 0
1501 25 0
1501 26 0
1501 27 40
1501 28 0
1501 29 0
1501 30 0
1501 31 0
1501 32 0
1501 33 79
1501 34 0
1501 35 0
1501 36 0
1501 37 0
1501 38 164
1501 39 0
1501 40 0
1501 41 42
1501 42 0
1501 43 0
1501 44 0
1501 45 239
1501 46 0
1501 47 0
1501 48 0
1501 49 0
1501 50 0
1501 51 0
1501 52 237
1501 53 471
1501 54 0
1501 55 119
1501 56 208
1501 57 0
1501 58 0
1501 59 0
1501 60 0
1501 61 0
1501 62 0
1501 63 963
1501 64 0
1501 65 0
1501 66 174
1501 67 0
1501 68 0
1501 69 0
1501 70 0
1501 71 0
1501 72 0
1501 73 0
1501 74 339
1501 75 0
1501 76 0
1501 77 0
1501 78 0
1501 79 75
1501 80 0
1501 81 0
1501 82 30
1501 83 0
1501 84 254
1501 85 0
1501 86 0
1501 87 345
1501 88 73
1501 89 36
1501 90 0
1501 91 0
1501 92 200
1501 93 0
1501 94 0
1501 95 0
1526 1 0
1526 2 240
1526 3 0
1526 4 0
1526 5 0
1526 6 0
1526 7 35
1526 8 0
1526 9 0
1526 10 0
1526 11 0
1526 12 0
1526 13 0
1526 14 0
1526 15 377
1526 16 41
1526 17 39
1526 18 0
1526 19 0
1526 20 203
1526 21 0
1526 22 0
1526 23 0
1526 24 0
1526 25 0
1526 26 0
1526 27 39
1526 28 0
1526 29 0
1526 30 0
1526 31 0
1526 32 0
1526 33 81
1526 34 0
1526 35 0
1526 36 0
1526 37 0
1526 38 173
1526 39 0
1526 40 0
1526 41 39
1526 42 0
1526 43 0
1526 44 0
1526 45 259
1526 46 0
1526 47 0
1526 48 0
1526 49 0
1526 50 0
1526 51 0
1526 52 254
1526 53 488
1526 54 0
1526 55 122
1526 56 216
1526 57 0
1526 58 0
1526 59 0
1526 60 0
1526 61 0
1526 62 0
1526 63 969
1526 64 0
1526 65 0
1526 66 181
1526 67 0
1526 68 0
1526 69 0
1526 70 0
1526 71 0
1526 72 0
1526 73 0
1526 74 359
1526 75 0
1526 76 0
1526 77 0
1526 78 0
1526 79 71
1526 80 0
1526 81 0
1526 82 32
1526 83 0
1526 84 253
1526 85 0
1526 86 0
1526 87 366
1526 88 75
1526 89 43
1526 90 0
1526 91 0
1526 92 197
1526 93 0
1526 94 0
1526 95 0
1551 1 0
1551 2 245
1551 3 0
1551 4 0
1551 5 0
1551 6 0
1551 7 34
1551 8 0
1551 9 0
1551 10 0
1551 11 0
1551 12 0
1551 13 0
1551 14 0
1551 15 374
1551 16 36
1551 17 40
1551 18 0
1551 19 0
1551 20 212
1551 21 0
1551 22 0
1551 23 0
1551 24 0
1551 25 0
1551 26 0
1551 27 41
1551 28 0
1551 29 0
1551 30 0
1551 31 0
1551 32 0
1551 33 78
1551 34 0
1551 35 0
1551 36 0
1551 37 0
1551 38 168
1551 39 0
1551 40 0
1551 41 41
1551 42 0
1551 43 0
1551 44 0
1551 45 271
1551 46 0
1551 47 0
1551 48 0
1551 49 0
1551 50 0
1551 51 0
1551 52 247
1551 53 492
1551 54 0
1551 55 129
1551 56 223
1551 57 0
1551 58 0
1551 59 0
1551 60 0
1551 61 0
1551 62 0
1551 63 981
1551 64 0
1551 65 0
1551 66 181
1551 67 0
1551 68 0
1551 69 0
1551 70 0
1551 71 0
1551 72 0
1551 73 0
1551 74 348
1551 75 0
1551 76 0
1551 77 0
1551 78 0
1551 79 84
1551 80 0
1551 81 0
1551 82 24
1551 83 0
1551 84 269
1551 85 0
1551 86 0
1551 87 352
1551 88 82
1551 89 42
1551 90 0
1551 91 0
1551 92 204
1551 93 0
1551 94 0
1551 95 0
1576 1 0
1576 2 236
1576 3 0
1576 4 0
1576 5 0
1576 6 0
1576 7 42
1576 8 0
1576 9 0
1576 10 0
1576 11 0
1576 12 0
1576 13 0
1576 14 0
1576 15 396
1576 16 32
1576 17 37
1576 18 0
1576 19 0
1576 20 207
1576 21 0
1576 22 0
1576 23 0
1576 24 0
1576 25 0
1576 26 0
1576 27 44
1576 28 0
1576 29 0
1576 30 0
1576 31 0
1576 32 0
1576 33 89
1576 34 0
1576 35 0
1576 36 0
1576 37 0
1576 38 168
1576 39 0
1576 40 0
1576 41 33
1576 42 0
1576 43 0
1576 44 0
1576 45 255
1576 46 0
1576 47 0
1576 48 0
1576 49 0
1576 50 0
1576 51 0
1576 52 243
1576 53 486
1576 54 0
1576 55 125
1576 56 211
1576 57 0
1576 58 0
1576 59 0
1576 60 0
1576 61 0
1576 62 0
1576 63 942
1576 64 0
1576 65 0
1576 66 183
1576 67 0
1576 68 0
1576 69 0
1576 70 0
1576 71 0
1576 72 0
1576 73 0
1576 74 345
1576 75 0
1576 76 0
1576 77 0
1576 78 0
1576 79 81
1576 80 0
1576 81 0
1576 82 30
1576 83 0
1576 84 249
1576 85 0
1576 86 0
1576 87 354
1576 88 76
1576 89 38
1576 90 0
1576 91 0
1576 92 197
1576 93 0
1576 94 0
1576 95 0
1601 1 0
1601 2 243
1601 3 0
1601 4 0
1601 5 0
1601 6 0
1601 7 40
1601 8 0
1601 9 0
1601 10 0
1601 11 0
1601 12 0
1601 13 0
1601 14 0
1601 15 373
1601 16 34
1601 17 38
1601 18 0
1601 19 0
1601 20 211
1601 21 0
1601 22 0
1601 23 0
1601 24 0
1601 25 0
1601 26 0
1601 27 38
1601 28 0
1601 29 0
1601 30 0
1601 31 0
1601 32 0
1601 33 85
1601 34 0
1601 35 0
1601 36 0
1601 37 0
1601 38 168
1601 39 0
1601 40 0
1601 41 37
1601 42 0
1601 43 0
1601 44 0
1601 45 248
1601 46 0
1601 47 0
1601 48 0
1601 49 0
1601 50 0
1601 51 0
1601 52 246
1601 53 489
1601 54 0
1601 55 123
1601 56 203
1601 57 0
1601 58 0
1601 59 0
1601 60 0
1601 61 0
1601 62 0
1601 63 943
1601 64 0
1601 65 0
1601 66 180
1601 67 0
1601 68 0
1601 69 0
1601 70 0
1601 71 0
1601 72 0
1601 73 0
1601 74 335
1601 75 0
1601 76 0
1601 77 0
1601 78 0
1601 79 75
1601 80 0
1601 81 0
1601 82 40
1601 83 0
1601 84 254
1601 85 0
1601 86 0
1601 87 355
1601 88 79
1601 89 39
1601 90 0
1601 91 0
1601 92 201
1601 93 0
1601 94 0
1601 95 0
1626 1 0
1626 2 260
1626 3 0
1626 4 0
1626 5 0
1626 6 0
1626 7 36
1626 8 0
1626 9 0
1626 10 0
1626 11 0
1626 12 0
1626 13 0
1626 14 0
1626 15 394
1626 16 31
1626 17 31
1626 18 0
1626 19 0
1626 20 210
1626 21 0
1626 22 0
1626 23 0
1626 24 0
1626 25 0
1626 26 0
1626 27 42
1626 28 0
1626 29 0
1626 30 0
1626 31 0
1626 32 0
1626 33 86
1626 34 0
1626 35 0
1626 36 0
1626 37 0
1626 38 167
1626 39 0
1626 40 0
1626 41 41
1626 42 0
1626 43 0
1626 44 0
1626 45 262
1626 46 0
1626 47 0
1626 48 0
1626 49 0
1626 50 0
1626 51 0
1626 52 257
1626 53 489
1626 54 0
1626 55 121
1626 56 195
1626 57 0
1626 58 0
1626 59 0
1626 60 0
1626 61 0
1626 62 0
1626 63 969
1626 64 0
1626 65 0
1626 66 177
1626 67 0
1626 68 0
1626 69 0
1626 70 0
1626 71 0
1626 72 0
1626 73 0
1626 74 335
1626 75 0
1626 76 0
1626 77 0
1626 78 0
1626 79 84
1626 80 0
1626 81 0
1626 82 33
1626 83 0
1626 84 264
1626 85 0
1626 86 0
1626 87 356
1626 88 85
1626 89 40
1626 90 0
1626 91 0
1626 92 207
1626 93 0
1626 94 0
1626 95 0
1651 1 0
1651 2 244
1651 3 0
1651 4 0
1651 5 0
1651 6 0
1651 7 40
1651 8 0
1651 9 0
1651 10 0
1651 11 0
1651 12 0
1651 13 0
1651 14 0
1651 15 399
1651 16 38
1651 17 29
1651 18 0
1651 19 0
1651 20 216
1651 21 0
1651 22 0
1651 23 0
1651 24 0
1651 25 0
1651 26 0
1651 27 40
1651 28 0
1651 29 0
1651 30 0
1651 31 0
1651 32 0
1651 33 88
1651 34 0
1651 35 0
1651 36 0
1651 37 0
1651 38 166
1651 39 0
1651 40 0
1651 41 38
1651 42 0
1651 43 0
1651 44 0
1651 45 245
1651 46 0
1651 47 0
1651 48 0
1651 49 0
1651 50 0
1651 51 0
1651 52 245
1651 53 484
1651 54 0
1651 55 111
1651 56 206
1651 57 0
1651 58 0
1651 59 0
1651 60 0
1651 61 0
1651 62 0
1651 63 956
1651 64 0
1651 65 0
1651 66 176
1651 67 0
1651 68 0
1651 69 0
1651 70 0
1651 71 0
1651 72 0
1651 73 0
1651 74 331
1651 75 0
1651 76 0
1651 77 0
1651 78 0
1651 79 78
1651 80 0
1651 81 0
1651 82 33
1651 83 0
1651 84 272
1651 85 0
1651 86 0
1651 87 361
1651 88 73
1651 89 39
1651 90 0
1651 91 0
1651 92 210
1651 93 0
1651 94 0
1651 95 0
1676 1 0
1676 2 244
1676 3 0
1676 4 0
1676 5 0
1676 6 0
1676 7 40
1676 8 0
1676 9 0
1676 10 0
1676 11 0
1676 12 0
1676 13 0
1676 14 0
1676 15 396
1676 16 35
1676 17 34
1676 18 0
1676 19 0
1676 20 207
1676 21 0
1676 22 0
1676 23 0
1676 24 0
1676 25 0
1676 26 0
1676 27 39
1676 28 0
1676 29 0
1676 30 0
1676 31 0
1676 32 0
1676 33 79
1676 34 0
1676 35 0
1676 36 0
1676 37 0
1676 38 168
1676 39 0
1676 40 0
1676 41 44
1676 42 0
1676 43 0
1676 44 0
1676 45 266
1676 46 0
1676 47 0
1676 48 0
1676 49 0
1676 50 0
1676 51 0
1676 52 245
1676 53 482
1676 54 0
1676 55 127
1676 56 209
1676 57 0
1676 58 0
1676 59 0
1676 60 0
1676 61 0
1676 62 0
1676 63 970
1676 64 0
1676 65 0
1676 66 171
1676 67 0
1676 68 0
1676 69 0
1676 70 0
1676 71 0
1676 72 0
1676 73 0
1676 74 335
1676 75 0
1676 76 0
1676 77 0
1676 78 0
1676 79 84
1676 80 0
1676 81 0
1676 82 38
1676 83 0
1676 84 251
1676 85 0
1676 86 0
1676 87 352
1676 88 81
1676 89 38
1676 90 0
1676 91 0
1676 92 208
1676 93 0
1676 94 0
1676 95 0
1701 1 0
1701 2 249
1701 3 0
1701 4 0
1701 5 0
1701 6 0
1701 7 37
1701 8 0
1701 9 0
1701 10 0
1701 11 0
1701 12 0
1701 13 0
1701 14 0
1701 15 394
1701 16 39
1701 17 40
1701 18 0
1701 19 0
1701 20 196
1701 21 0
1701 22 0
1701 23 0
1701 24 0
1701 25 0
1701 26 0
1701 27 40
1701 28 0
1701 29 0
1701 30 0
1701 31 0
1701 32 0
1701 33 78
1701 34 0
1701 35 0
1701 36 0
1701 37 0
1701 38 176
1701 39 0
1701 40 0
1701 41 43
1701 42 0
1701 43 0
1701 44 0
1701 45 269
1701 46 0
1701 47 0
1701 48 0
1701 49 0
1701 50 0
1701 51 0
1701 52 257
1701 53 467
1701 54 0
1701 55 125
1701 56 207
1701 57 0
1701 58 0
1701 59 0
1701 60 0
1701 61 0
1701 62 0
1701 63 962
1701 64 0
1701 65 0
1701 66 180
1701 67 0
1701 68 0
1701 69 0
1701 70 0
1701 71 0
1701 72 0
1701 73 0
1701 74 344
1701 75 0
1701 76 0
1701 77 0
1701 78 0
1701 79 79
1701 80 0
1701 81 0
1701 82 39
1701 83 0
1701 84 246
1701 85 0
1701 86 0
1701 87 350
1701 88 78
1701 89 39
1701 90 0
1701 91 0
1701 92 200
1701 93 0
1701 94 0
1701 95 0
1726 1 0
1726 2 244
1726 3 0
1726 4 0
1726 5 0
1726 6 0
1726 7 40
1726 8 0
1726 9 0
1726 10 0
1726 11 0
1726 12 0
1726 13 0
1726 14 0
1726 15 403
1726 16 38
1726 17 40
1726 18 0
1726 19 0
1726 20 203
1726 21 0
1726 22 0
1726 23 0
1726 24 0
1726 25 0
1726 26 0
1726 27 40
1726 28 0
1726 29 0
1726 30 0
1726 31 0
1726 32 0
1726 33 84
1726 34 0
1726 35 0
1726 36 0
1726 37 0
1726 38 168
1726 39 0
1726 40 0
1726 41 41
1726 42 0
1726 43 0
1726 44 0
1726 45 251
1726 46 0
1726 47 0
1726 48 0
1726 49 0
1726 50 0
1726 51 0
1726 52 254
1726 53 497
1726 54 0
1726 55 121
1726 56 204
1726 57 0
1726 58 0
1726 59 0
1726 60 0
1726 61 0
1726 62 0
1726 63 956
1726 64 0
1726 65 0
1726 66 195
1726 67 0
1726 68 0
1726 69 0
1726 70 0
1726 71 0
1726 72 0
1726 73 0
1726 74 334
1726 75 0
1726 76 0
1726 77 0
1726 78 0
1726 79 79
1726 80 0
1726 81 0
1726 82 40
1726 83 0
1726 84 251
1726 85 0
1726 86 0
1726 87 353
1726 88 80
1726 89 45
1726 90 0
1726 91 0
1726 92 200
1726 93 0
1726 94 0
1726 95 0
1751 1 0
1751 2 257
1751 3 0
1751 4 0
1751 5 0
1751 6 0
1751 7 42
1751 8 0
1751 9 0
1751 10 0
1751 11 0
1751 12 0
1751 13 0
1751 14 0
1751 15 379
1751 16 31
1751 17 34
1751 18 0
1751 19 0
1751 20 198
1751 21 0
1751 22 0
1751 23 0
1751 24 0
1751 25 0
1751 26 0
1751 27 42
1751 28 0
1751 29 0
1751 30 0
1751 31 0
1751 32 0
1751 33 80
1751 34 0
1751 35 0
1751 36 0
1751 37 0
1751 38 170
1751 39 0
1751 40 0
1751 41 40
1751 42 0
1751 43 0
1751 44 0
1751 45 243
1751 46 0
1751 47 0
1751 48 0
1751 49 0
1751 50 0
1751 51 0
1751 52 239
1751 53 477
1751 54 0
1751 55 123
1751 56 222
1751 57 0
1751 58 0
1751 59 0
1751 60 0
1751 61 0
1751 62 0
1751 63 967
1751 64 0
1751 65 0
1751 66 176
1751 67 0
1751 68 0
1751 69 0
1751 70 0
1751 71 0
1751 72 0
1751 73 0
1751 74 345
1751 75 0
1751 76 0
1751 77 0
1751 78 0
1751 79 82
1751 80 0
1751 81 0
1751 82 39
1751 83 0
1751 84 248
1751 85 0
1751 86 0
1751 87 345
1751 88 73
1751 89 35
1751 90 0
1751 91 0
1751 92 208
1751 93 0
1751 94 0
1751 95 0
1776 1 0
1776 2 244
1776 3 0
1776 4 0
1776 5 0
1776 6 0
1776 7 39
1776 8 0
1776 9 0
1776 10 0
1776 11 0
1776 12 0
1776 13 0
1776 14 0
1776 15 368
1776 16 39
1776 17 37
1776 18 0
1776 19 0
1776 20 206
1776 21 0
1776 22 0
1776 23 0
1776 24 0
1776 25 0
1776 26 0
1776 27 42
1776 28 0
1776 29 0
1776 30 0
1776 31 0
1776 32 0
1776 33 84
1776 34 0
1776 35 0
1776 36 0
1776 37 0
1776 38 161
1776 39 0
1776 40 0
1776 41 32
1776 42 0
1776 43 0
1776 44 0
1776 45 242
1776 46 0
1776 47 0
1776 48 0
1776 49 0
1776 50 0
1776 51 0
1776 52 248
1776 53 473
1776 54 0
1776 55 123
1776 56 209
1776 57 0
1776 58 0
1776 59 0
1776 60 0
1776 61 0
1776 62 0
1776 63 943
1776 64 0
1776 65 0
1776 66 175
1776 67 0
1776 68 0
1776 69 0
1776 70 0
1776 71 0
1776 72 0
1776 73 0
1776 74 333
1776 75 0
1776 76 0
1776 77 0
1776 78 0
1776 79 78
1776 80 0
1776 81 0
1776 82 30
1776 83 0
1776 84 250
1776 85 0
1776 86 0
1776 87 356
1776 88 70
1776 89 37
1776 90 0
1776 91 0
1776 92 203
1776 93 0
1776 94 0
1776 95 0
1801 1 0
1801 2 247
1801 3 0
1801 4 0
1801 5 0
1801 6 0
1801 7 42
1801 8 0
1801 9 0
1801 10 0
1801 11 0
1801 12 0
1801 13 0
1801 14 0
1801 15 383
1801 16 37
1801 17 31
1801 18 0
1801 19 0
1801 20 203
1801 21 0
1801 22 0
1801 23 0
1801 24 0
1801 25 0
1801 26 0
1801 27 42
1801 28 0
1801 29 0
1801 30 0
1801 31 0
1801 32 0
1801 33 76
1801 34 0
1801 35 0
1801 36 0
1801 37 0
1801 38 169
1801 39 0
1801 40 0
1801 41 42
1801 42 0
1801 43 0
1801 44 0
1801 45 250
1801 46 0
1801 47 0
1801 48 0
1801 49 0
1801 50 0
1801 51 0
1801 52 248
1801 53 509
1801 54 0
1801 55 121
1801 56 206
1801 57 0
1801 58 0
1801 59 0
1801 60 0
1801 61 0
1801 62 0
1801 63 960
1801 64 0
1801 65 0
1801 66 182
1801 67 0
1801 68 0
1801 69 0
1801 70 0
1801 71 0
1801 72 0
1801 73 0
1801 74 319
1801 75 0
1801 76 0
1801 77 0
1801 78 0
1801 79 86
1801 80 0
1801 81 0
1801 82 26
1801 83 0
1801 84 246
1801 85 0
1801 86 0
1801 87 342
1801 88 79
1801 89 43
1801 90 0
1801 91 0
1801 92 206
1801 93 0
1801 94 0
1801 95 0
1826 1 0
1826 2 251
1826 3 0
1826 4 0
1826 5 0
1826 6 0
1826 7 41
1826 8 0
1826 9 0
1826 10 0
1826 11 0
1826 12 0
1826 13 0
1826 14 0
1826 15 388
1826 16 38
1826 17 34
1826 18 0
1826 19 0
1826 20 211
1826 21 0
1826 22 0
1826 23 0
1826 24 0
1826 25 0
1826 26 0
1826 27 32
1826 28 0
1826 29 0
1826 30 0
1826 31 0
1826 32 0
1826 33 83
1826 34 0
1826 35 0
1826 36 0
1826 37 0
1826 38 171
1826 39 0
1826 40 0
1826 41 41
1826 42 0
1826 43 0
1826 44 0
1826 45 261
1826 46 0
1826 47 0
1826 48 0
1826 49 0
1826 50 0
1826 51 0
1826 52 254
1826 53 483
1826 54 0
1826 55 121
1826 56 195
1826 57 0
1826 58 0
1826 59 0
1826 60 0
1826 61 0
1826 62 0
1826 63 974
1826 64 0
1826 65 0
1826 66 175
1826 67 0
1826 68 0
1826 69 0
1826 70 0
1826 71 0
1826 72 0
1826 73 0
1826 74 352
1826 75 0
1826 76 0
1826 77 0
1826 78 0
1826 79 82
1826 80 0
1826 81 0
1826 82 29
1826 83 0
1826 84 251
1826 85 0
1826 86 0
1826 87 377
1826 88 87
1826 89 39
1826 90 0
1826 91 0
1826 92 213
1826 93 0
1826 94 0
1826 95 0
1851 1 0
1851 2 245
1851 3 0
1851 4 0
1851 5 0
1851 6 0
1851 7 38
1851 8 0
1851 9 0
1851 10 0
1851 11 0
1851 12 0
1851 13 0
1851 14 0
1851 15 382
1851 16 38
1851 17 33
1851 18 0
1851 19 0
1851 20 200
1851 21 0
1851 22 0
1851 23 0
1851 24 0
1851 25 0
1851 26 0
1851 27 45
1851 28 0
1851 29 0
1851 30 0
1851 31 0
1851 32 0
1851 33 80
1851 34 0
1851 35 0
1851 36 0
1851 37 0
1851 38 169
1851 39 0
1851 40 0
1851 41 40
1851 42 0
1851 43 0
1851 44 0
1851 45 262
1851 46 0
1851 47 0
1851 48 0
1851 49 0
1851 50 0
1851 51 0
1851 52 237
1851 53 498
1851 54 0
1851 55 122
1851 56 216
1851 57 0
1851 58 0
1851 59 0
1851 60 0
1851 61 0
1851 62 0
1851 63 964
1851 64 0
1851 65 0
1851 66 177
1851 67 0
1851 68 0
1851 69 0
1851 70 0
1851 71 0
1851 72 0
1851 73 0
1851 74 335
1851 75 0
1851 76 0
1851 77 0
1851 78 0
1851 79 81
1851 80 0
1851 81 0
1851 82 35
1851 83 0
1851 84 262
1851 85 0
1851 86 0
1851 87 347
1851 88 81
1851 89 38
1851 90 0
1851 91 0
1851 92 206
1851 93 0
1851 94 0
1851 95 0
1876 1 0
1876 2 254
1876 3 0
1876 4 0
1876 5 0
1876 6 0
1876 7 39
1876 8 0
1876 9 0
1876 10 0
1876 11 0
1876 12 0
1876 13 0
1876 14 0
1876 15 401
1876 16 41
1876 17 34
1876 18 0
1876 19 0
1876 20 208
1876 21 0
1876 22 0
1876 23 0
1876 24 0
1876 25 0
1876 26 0
1876 27 41
1876 28 0
1876 29 0
1876 30 0
1876 31 0
1876 32 0
1876 33 85
1876 34 0
1876 35 0
1876 36 0
1876 37 0
1876 38 172
1876 39 0
1876 40 0
1876 41 38
1876 42 0
1876 43 0
1876 44 0
1876 45 259
1876 46 0
1876 47 0
1876 48 0
1876 49 0
1876 50 0
1876 51 0
1876 52 239
1876 53 475
1876 54 0
1876 55 125
1876 56 208
1876 57 0
1876 58 0
1876 59 0
1876 60 0
1876 61 0
1876 62 0
1876 63 963
1876 64 0
1876 65 0
1876 66 178
1876 67 0
1876 68 0
1876 69 0
1876 70 0
1876 71 0
1876 72 0
1876 73 0
1876 74 347
1876 75 0
1876 76 0
1876 77 0
1876 78 0
1876 79 81
1876 80 0
1876 81 0
1876 82 37
1876 83 0
1876 84 255
1876 85 0
1876 86 0
1876 87 340
1876 88 78
1876 89 39
1876 90 0
1876 91 0
1876 92 200
1876 93 0
1876 94 0
1876 95 0
1901 1 0
1901 2 262
1901 3 0
1901 4 0
1901 5 0
1901 6 0
1901 7 34
1901 8 0
1901 9 0
1901 10 0
1901 11 0
1901 12 0
1901 13 0
1901 14 0
1901 15 390
1901 16 40
1901 17 40
1901 18 0
1901 19 0
1901 20 203
1901 21 0
1901 22 0
1901 23 0
1901 24 0
1901 25 0
1901 26 0
1901 27 40
1901 28 0
1901 29 0
1901 30 0
1901 31 0
1901 32 0
1901 33 86
1901 34 0
1901 35 0
1901 36 0
1901 37 0
1901 38 156
1901 39 0
1901 40 0
1901 41 43
1901 42 0
1901 43 0
1901 44 0
1901 45 253
1901 46 0
1901 47 0
1901 48 0
1901 49 0
1901 50 0
1901 51 0
1901 52 253
1901 53 487
1901 54 0
1901 55 118
1901 56 203
1901 57 0
1901 58 0
1901 59 0
1901 60 0
1901 61 0
1901 62 0
1901 63 981
1901 64 0
1901 65 0
1901 66 183
1901 67 0
1901 68 0
1901 69 0
1901 70 0
1901 71 0
1901 72 0
1901 73 0
1901 74 352
1901 75 0
1901 76 0
1901 77 0
1901 78 0
1901 79 83
1901 80 0
1901 81 0
1901 82 36
1901 83 0
1901 84 247
1901 85 0
1901 86 0
1901 87 358
1901 88 70
1901 89 45
1901 90 0
1901 91 0
1901 92 199
1901 93 0
1901 94 0
1901 95 0
1926 1 0
1926 2 240
1926 3 0
1926 4 0
1926 5 0
1926 6 0
1926 7 40
1926 8 0
1926 9 0
1926 10 0
1926 11 0
1926 12 0
1926 13 0
1926 14 0
1926 15 401
1926 16 31
1926 17 40
1926 18 0
1926 19 0
1926 20 207
1926 21 0
1926 22 0
1926 23 0
1926 24 0
1926 25 0
1926 26 0
1926 27 48
1926 28 0
1926 29 0
1926 30 0
1926 31 0
1926 32 0
1926 33 75
1926 34 0
1926 35 0
1926 36 0
1926 37 0
1926 38 182
1926 39 0
1926 40 0
1926 41 39
1926 42 0
1926 43 0
1926 44 0
1926 45 252
1926 46 0
1926 47 0
1926 48 0
1926 49 0
1926 50 0
1926 51 0
1926 52 241
1926 53 495
1926 54 0
1926 55 131
1926 56 201
1926 57 0
1926 58 0
1926 59 0
1926 60 0
1926 61 0
1926 62 0
1926 63 970
1926 64 0
1926 65 0
1926 66 195
1926 67 0
1926 68 0
1926 69 0
1926 70 0
1926 71 0
1926 72 0
1926 73 0
1926 74 341
1926 75 0
1926 76 0
1926 77 0
1926 78 0
1926 79 80
1926 80 0
1926 81 0
1926 82 36
1926 83 0
1926 84 252
1926 85 0
1926 86 0
1926 87 345
1926 88 75
1926 89 43
1926 90 0
1926 91 0
1926 92 204
1926 93 0
1926 94 0
1926 95 0
1951 1 0
1951 2 257
1951 3 0
1951 4 0
1951 5 0
1951 6 0
1951 7 41
1951 8 0
1951 9 0
1951 10 0
1951 11 0
1951 12 0
1951 13 0
1951 14 0
1951 15 366
1951 16 42
1951 17 40
1951 18 0
1951 19 0
1951 20 202
1951 21 0
1951 22 0
1951 23 0
1951 24 0
1951 25 0
1951 26 0
1951 27 38
1951 28 0
1951 29 0
1951 30 0
1951 31 0
1951 32 0
1951 33 86
1951 34 0
1951 35 0
1951 36 0
1951 37 0
1951 38 174
1951 39 0
1951 40 0
1951 41 43
1951 42 0
1951 43 0
1951 44 0
1951 45 255
1951 46 0
1951 47 0
1951 48 0
1951 49 0
1951 50 0
1951 51 0
1951 52 247
1951 53 491
1951 54 0
1951 55 127
1951 56 220
1951 57 0
1951 58 0
1951 59 0
1951 60 0
1951 61 0
1951 62 0
1951 63 971
1951 64 0
1951 65 0
1951 66 185
1951 67 0
1951 68 0
1951 69 0
1951 70 0
1951 71 0
1951 72 0
1951 73 0
1951 74 350
1951 75 0
1951 76 0
1951 77 0
1951 78 0
1951 79 76
1951 80 0
1951 81 0
1951 82 35
1951 83 0
1951 84 252
1951 85 0
1951 86 0
1951 87 352
1951 88 70
1951 89 41
1951 90 0
1951 91 0
1951 92 199
1951 93 0
1951 94 0
1951 95 0
1976 1 0
1976 2 259
1976 3 0
1976 4 0
1976 5 0
1976 6 0
1976 7 41
1976 8 0
1976 9 0
1976 10 0
1976 11 0
1976 12 0
1976 13 0
1976 14 0
1976 15 389
1976 16 38
1976 17 35
1976 18 0
1976 19 0
1976 20 210
1976 21 0
1976 22 0
1976 23 0
1976 24 0
1976 25 0
1976 26 0
1976 27 36
1976 28 0
1976 29 0
1976 30 0
1976 31 0
1976 32 0
1976 33 82
1976 34 0
1976 35 0
1976 36 0
1976 37 0
1976 38 166
1976 39 0
1976 40 0
1976 41 39
1976 42 0
1976 43 0
1976 44 0
1976 45 265
1976 46 0
1976 47 0
1976 48 0
1976 49 0
1976 50 0
1976 51 0
1976 52 252
1976 53 498
1976 54 0
1976 55 123
1976 56 202
1976 57 0
1976 58 0
1976 59 0
1976 60 0
1976 61 0
1976 62 0
1976 63 961
1976 64 0
1976 65 0
1976 66 173
1976 67 0
1976 68 0
1976 69 0
1976 70 0
1976 71 0
1976 72 0
1976 73 0
1976 74 336
1976 75 0
1976 76 0
1976 77 0
1976 78 0
1976 79 81
1976 80 0
1976 81 0
1976 82 30
1976 83 0
1976 84 270
1976 85 0
1976 86 0
1976 87 353
1976 88 74
1976 89 34
1976 90 0
1976 91 0
1976 92 197
1976 93 0
1976 94 0
1976 95 0
