1 1 46
1 2 36
1 3 31
1 4 42
1 5 40
1 6 41
1 7 49
1 8 43
1 9 38
1 10 37
1 11 28
1 12 43
1 13 36
1 14 41
1 15 40
1 16 34
1 17 45
1 18 40
1 19 38
1 20 40
1 21 31
1 22 34
1 23 32
1 24 37
1 25 36
1 26 36
1 27 37
1 28 40
1 29 39
1 30 38
1 31 33
1 32 28
1 33 43
1 34 33
1 35 32
1 36 30
1 37 35
1 38 26
1 39 30
1 40 39
1 41 27
1 42 33
1 43 31
1 44 46
1 45 37
1 46 34
1 47 37
1 48 45
1 49 50
1 50 41
1 51 34
1 52 30
1 53 36
1 54 29
1 55 38
1 56 33
1 57 34
1 58 40
1 59 47
1 60 43
1 61 45
1 62 37
1 63 34
1 64 27
1 65 34
1 66 33
1 67 33
1 68 37
1 69 46
1 70 42
1 71 38
1 72 41
1 73 31
1 74 35
1 75 32
1 76 36
1 77 23
1 78 28
1 79 42
1 80 37
1 81 33
1 82 34
1 83 31
1 84 42
1 85 40
1 86 33
1 87 29
1 88 35
1 89 39
1 90 34
1 91 43
1 92 40
1 93 40
1 94 35
1 95 34
1 96 44
1 97 51
1 98 40
1 99 40
1 100 37
1 101 39
1 102 38
1 103 50
1 104 34
1 105 34
1 106 40
1 107 44
1 108 48
1 109 44
1 110 45
1 111 32
1 112 37
1 113 49
1 114 38
1 115 41
1 116 38
1 117 44
1 118 49
1 119 39
1 120 40
1 121 46
26 1 43
26 2 39
26 3 32
26 4 49
26 5 42
26 6 49
26 7 46
26 8 42
26 9 11
26 10 13
26 11 12
26 12 40
26 13 32
26 14 40
26 15 38
26 16 40
26 17 50
26 18 40
26 19 37
26 20 16
26 21 0
26 22 20
26 23 10
26 24 10
26 25 0
26 26 25
26 27 0
26 28 39
26 29 33
26 30 45
26 31 13
26 32 9
26 33 17
26 34 0
26 35 0
26 36 13
26 37 20
26 38 0
26 39 10
26 40 0
26 41 12
26 42 0
26 43 10
26 44 10
26 45 0
26 46 11
26 47 36
26 48 45
26 49 40
26 50 4
26 51 12
26 52 0
26 53 10
26 54 0
26 55 3
26 56 14
26 57 8
26 58 40
26 59 45
26 60 46
26 61 15
26 62 2
26 63 0
26 64 0
26 65 0
26 66 0
26 67 0
26 68 12
26 69 44
26 70 44
26 71 40
26 72 13
26 73 0
26 74 0
26 75 0
26 76 0
26 77 0
26 78 8
26 79 11
26 80 18
26 81 19
26 82 13
26 83 11
26 84 10
26 85 8
26 86 0
26 87 0
26 88 0
26 89 10
26 90 4
26 91 38
26 92 46
26 93 39
26 94 12
26 95 40
26 96 39
26 97 42
26 98 9
26 99 9
26 100 8
26 101 3
26 102 41
26 103 38
26 104 38
26 105 0
26 106 40
26 107 39
26 108 47
26 109 39
26 110 39
26 111 0
26 112 21
26 113 43
26 114 31
26 115 40
26 116 21
26 117 40
26 118 43
26 119 40
26 120 46
26 121 38
51 1 43
51 2 32
51 3 41
51 4 45
51 5 40
51 6 45
51 7 42
51 8 41
51 9 17
51 10 14
51 11 13
51 12 41
51 13 41
51 14 36
51 15 49
51 16 42
51 17 39
51 18 41
51 19 40
51 20 18
51 21 0
51 22 14
51 23 11
51 24 11
51 25 0
51 26 20
51 27 0
51 28 38
51 29 38
51 30 43
51 31 11
51 32 0
51 33 19
51 34 0
51 35 0
51 36 8
51 37 12
51 38 0
51 39 11
51 40 0
51 41 8
51 42 0
51 43 10
51 44 4
51 45 0
51 46 10
51 47 35
51 48 44
51 49 44
51 50 7
51 51 5
51 52 0
51 53 10
51 54 0
51 55 0
51 56 0
51 57 7
51 58 43
51 59 45
51 60 46
51 61 15
51 62 9
51 63 0
51 64 0
51 65 0
51 66 0
51 67 0
51 68 12
51 69 50
51 70 46
51 71 37
51 72 9
51 73 0
51 74 0
51 75 0
51 76 0
51 77 0
51 78 8
51 79 11
51 80 13
51 81 18
51 82 12
51 83 8
51 84 9
51 85 11
51 86 0
51 87 0
51 88 0
51 89 10
51 90 6
51 91 39
51 92 49
51 93 45
51 94 13
51 95 42
51 96 40
51 97 41
51 98 9
51 99 8
51 100 8
51 101 6
51 102 39
51 103 44
51 104 35
51 105 0
51 106 50
51 107 39
51 108 44
51 109 42
51 110 42
51 111 0
51 112 18
51 113 40
51 114 38
51 115 40
51 116 21
51 117 49
51 118 51
51 119 37
51 120 45
51 121 39
76 1 41
76 2 40
76 3 31
76 4 47
76 5 38
76 6 40
76 7 46
76 8 47
76 9 10
76 10 10
76 11 15
76 12 39
76 13 40
76 14 48
76 15 30
76 16 44
76 17 44
76 18 37
76 19 43
76 20 14
76 21 0
76 22 12
76 23 9
76 24 10
76 25 0
76 26 17
76 27 0
76 28 39
76 29 40
76 30 38
76 31 11
76 32 0
76 33 18
76 34 0
76 35 0
76 36 10
76 37 10
76 38 0
76 39 10
76 40 0
76 41 10
76 42 0
76 43 7
76 44 8
76 45 0
76 46 10
76 47 38
76 48 48
76 49 42
76 50 0
76 51 10
76 52 0
76 53 9
76 54 0
76 55 0
76 56 0
76 57 6
76 58 40
76 59 42
76 60 43
76 61 10
76 62 0
76 63 0
76 64 0
76 65 0
76 66 0
76 67 0
76 68 11
76 69 38
76 70 42
76 71 40
76 72 10
76 73 0
76 74 0
76 75 0
76 76 0
76 77 0
76 78 0
76 79 10
76 80 12
76 81 19
76 82 13
76 83 6
76 84 8
76 85 9
76 86 0
76 87 0
76 88 0
76 89 9
76 90 6
76 91 39
76 92 40
76 93 40
76 94 12
76 95 40
76 96 42
76 97 39
76 98 7
76 99 10
76 100 10
76 101 0
76 102 43
76 103 47
76 104 31
76 105 0
76 106 40
76 107 41
76 108 39
76 109 40
76 110 42
76 111 0
76 112 17
76 113 38
76 114 36
76 115 37
76 116 21
76 117 41
76 118 43
76 119 40
76 120 47
76 121 39
101 1 42
101 2 39
101 3 31
101 4 43
101 5 35
101 6 48
101 7 41
101 8 39
101 9 13
101 10 8
101 11 12
101 12 42
101 13 39
101 14 38
101 15 41
101 16 41
101 17 42
101 18 42
101 19 47
101 20 21
101 21 0
101 22 15
101 23 9
101 24 10
101 25 0
101 26 20
101 27 0
101 28 38
101 29 42
101 30 40
101 31 11
101 32 0
101 33 10
101 34 0
101 35 0
101 36 10
101 37 15
101 38 0
101 39 10
101 40 0
101 41 10
101 42 0
101 43 7
101 44 8
101 45 0
101 46 10
101 47 42
101 48 40
101 49 47
101 50 0
101 51 8
101 52 0
101 53 9
101 54 0
101 55 0
101 56 0
101 57 5
101 58 42
101 59 46
101 60 41
101 61 14
101 62 0
101 63 0
101 64 0
101 65 0
101 66 0
101 67 0
101 68 10
101 69 39
101 70 45
101 71 41
101 72 10
101 73 0
101 74 0
101 75 0
101 76 0
101 77 0
101 78 0
101 79 9
101 80 13
101 81 19
101 82 15
101 83 8
101 84 10
101 85 8
101 86 0
101 87 0
101 88 0
101 89 9
101 90 9
101 91 40
101 92 38
101 93 42
101 94 10
101 95 42
101 96 40
101 97 45
101 98 9
101 99 14
101 100 9
101 101 0
101 102 48
101 103 51
101 104 40
101 105 0
101 106 40
101 107 41
101 108 43
101 109 39
101 110 45
101 111 0
101 112 20
101 113 47
101 114 33
101 115 41
101 116 14
101 117 40
101 118 46
101 119 37
101 120 47
101 121 40
126 1 43
126 2 38
126 3 30
126 4 39
126 5 39
126 6 38
126 7 45
126 8 47
126 9 13
126 10 11
126 11 15
126 12 41
126 13 41
126 14 40
126 15 39
126 16 44
126 17 40
126 18 39
126 19 39
126 20 19
126 21 0
126 22 20
126 23 12
126 24 11
126 25 0
126 26 20
126 27 0
126 28 40
126 29 38
126 30 40
126 31 10
126 32 0
126 33 18
126 34 0
126 35 0
126 36 9
126 37 20
126 38 0
126 39 10
126 40 0
126 41 9
126 42 0
126 43 0
126 44 0
126 45 0
126 46 9
126 47 39
126 48 43
126 49 47
126 50 0
126 51 7
126 52 0
126 53 10
126 54 0
126 55 0
126 56 0
126 57 14
126 58 40
126 59 42
126 60 41
126 61 17
126 62 0
126 63 0
126 64 0
126 65 0
126 66 0
126 67 0
126 68 10
126 69 38
126 70 49
126 71 41
126 72 10
126 73 0
126 74 0
126 75 0
126 76 0
126 77 0
126 78 0
126 79 9
126 80 17
126 81 17
126 82 12
126 83 11
126 84 4
126 85 0
126 86 0
126 87 0
126 88 0
126 89 10
126 90 6
126 91 37
126 92 43
126 93 38
126 94 6
126 95 41
126 96 41
126 97 40
126 98 10
126 99 11
126 100 10
126 101 0
126 102 47
126 103 49
126 104 33
126 105 0
126 106 44
126 107 48
126 108 40
126 109 40
126 110 43
126 111 0
126 112 20
126 113 40
126 114 33
126 115 40
126 116 19
126 117 41
126 118 43
126 119 39
126 120 41
126 121 41
151 1 50
151 2 38
151 3 30
151 4 44
151 5 43
151 6 45
151 7 48
151 8 38
151 9 18
151 10 9
151 11 10
151 12 39
151 13 35
151 14 39
151 15 44
151 16 38
151 17 41
151 18 42
151 19 44
151 20 16
151 21 0
151 22 16
151 23 10
151 24 11
151 25 0
151 26 24
151 27 0
151 28 39
151 29 39
151 30 40
151 31 11
151 32 0
151 33 12
151 34 0
151 35 0
151 36 10
151 37 12
151 38 0
151 39 11
151 40 0
151 41 10
151 42 0
151 43 0
151 44 0
151 45 0
151 46 10
151 47 35
151 48 43
151 49 48
151 50 0
151 51 9
151 52 0
151 53 8
151 54 0
151 55 0
151 56 0
151 57 9
151 58 41
151 59 40
151 60 50
151 61 17
151 62 0
151 63 0
151 64 0
151 65 0
151 66 0
151 67 0
151 68 10
151 69 41
151 70 51
151 71 45
151 72 15
151 73 0
151 74 0
151 75 0
151 76 0
151 77 0
151 78 0
151 79 10
151 80 9
151 81 18
151 82 15
151 83 10
151 84 8
151 85 0
151 86 0
151 87 0
151 88 0
151 89 9
151 90 6
151 91 39
151 92 42
151 93 43
151 94 7
151 95 41
151 96 40
151 97 40
151 98 5
151 99 10
151 100 12
151 101 0
151 102 42
151 103 44
151 104 36
151 105 0
151 106 42
151 107 40
151 108 49
151 109 40
151 110 43
151 111 0
151 112 27
151 113 39
151 114 35
151 115 39
151 116 19
151 117 49
151 118 51
151 119 39
151 120 40
151 121 38
176 1 43
176 2 36
176 3 35
176 4 42
176 5 44
176 6 47
176 7 48
176 8 36
176 9 16
176 10 10
176 11 11
176 12 44
176 13 34
176 14 40
176 15 44
176 16 41
176 17 45
176 18 41
176 19 41
176 20 16
176 21 0
176 22 16
176 23 10
176 24 10
176 25 0
176 26 22
176 27 0
176 28 41
176 29 39
176 30 44
176 31 13
176 32 0
176 33 10
176 34 0
176 35 0
176 36 13
176 37 13
176 38 0
176 39 11
176 40 0
176 41 11
176 42 0
176 43 0
176 44 0
176 45 0
176 46 11
176 47 39
176 48 39
176 49 43
176 50 0
176 51 12
176 52 0
176 53 9
176 54 0
176 55 0
176 56 0
176 57 11
176 58 42
176 59 45
176 60 40
176 61 15
176 62 0
176 63 0
176 64 0
176 65 0
176 66 0
176 67 0
176 68 16
176 69 48
176 70 41
176 71 39
176 72 11
176 73 0
176 74 0
176 75 0
176 76 0
176 77 0
176 78 0
176 79 10
176 80 13
176 81 17
176 82 14
176 83 7
176 84 12
176 85 0
176 86 0
176 87 0
176 88 0
176 89 10
176 90 0
176 91 39
176 92 37
176 93 42
176 94 9
176 95 40
176 96 40
176 97 50
176 98 3
176 99 11
176 100 9
176 101 0
176 102 39
176 103 41
176 104 36
176 105 0
176 106 41
176 107 46
176 108 47
176 109 43
176 110 41
176 111 0
176 112 21
176 113 40
176 114 30
176 115 40
176 116 18
176 117 39
176 118 41
176 119 40
176 120 52
176 121 40
201 1 45
201 2 37
201 3 31
201 4 44
201 5 41
201 6 46
201 7 48
201 8 40
201 9 12
201 10 16
201 11 14
201 12 40
201 13 33
201 14 39
201 15 40
201 16 44
201 17 44
201 18 38
201 19 35
201 20 13
201 21 0
201 22 13
201 23 8
201 24 10
201 25 0
201 26 21
201 27 0
201 28 36
201 29 42
201 30 39
201 31 10
201 32 0
201 33 11
201 34 0
201 35 0
201 36 11
201 37 9
201 38 0
201 39 13
201 40 0
201 41 9
201 42 0
201 43 0
201 44 0
201 45 0
201 46 10
201 47 31
201 48 46
201 49 44
201 50 0
201 51 8
201 52 0
201 53 7
201 54 0
201 55 0
201 56 0
201 57 11
201 58 41
201 59 45
201 60 43
201 61 15
201 62 0
201 63 0
201 64 0
201 65 0
201 66 0
201 67 0
201 68 11
201 69 41
201 70 47
201 71 40
201 72 13
201 73 0
201 74 0
201 75 0
201 76 0
201 77 0
201 78 0
201 79 15
201 80 17
201 81 14
201 82 13
201 83 11
201 84 10
201 85 0
201 86 0
201 87 0
201 88 0
201 89 7
201 90 0
201 91 38
201 92 41
201 93 40
201 94 14
201 95 43
201 96 39
201 97 40
201 98 9
201 99 16
201 100 9
201 101 0
201 102 43
201 103 44
201 104 42
201 105 0
201 106 35
201 107 41
201 108 49
201 109 40
201 110 36
201 111 0
201 112 19
201 113 47
201 114 37
201 115 39
201 116 19
201 117 47
201 118 42
201 119 37
201 120 44
201 121 43
226 1 38
226 2 36
226 3 34
226 4 44
226 5 41
226 6 40
226 7 46
226 8 41
226 9 13
226 10 10
226 11 13
226 12 37
226 13 38
226 14 40
226 15 45
226 16 39
226 17 40
226 18 42
226 19 47
226 20 17
226 21 0
226 22 20
226 23 10
226 24 15
226 25 0
226 26 23
226 27 0
226 28 41
226 29 39
226 30 41
226 31 15
226 32 0
226 33 11
226 34 0
226 35 0
226 36 9
226 37 12
226 38 0
226 39 9
226 40 0
226 41 15
226 42 0
226 43 0
226 44 0
226 45 0
226 46 10
226 47 35
226 48 49
226 49 40
226 50 0
226 51 9
226 52 0
226 53 13
226 54 0
226 55 0
226 56 0
226 57 5
226 58 43
226 59 41
226 60 40
226 61 16
226 62 0
226 63 0
226 64 0
226 65 0
226 66 0
226 67 0
226 68 10
226 69 40
226 70 50
226 71 40
226 72 11
226 73 0
226 74 0
226 75 0
226 76 0
226 77 0
226 78 0
226 79 11
226 80 13
226 81 19
226 82 9
226 83 10
226 84 11
226 85 0
226 86 0
226 87 0
226 88 0
226 89 11
226 90 0
226 91 44
226 92 45
226 93 40
226 94 4
226 95 41
226 96 43
226 97 38
226 98 10
226 99 10
226 100 6
226 101 0
226 102 41
226 103 46
226 104 31
226 105 0
226 106 42
226 107 40
226 108 41
226 109 42
226 110 42
226 111 0
226 112 20
226 113 40
226 114 37
226 115 46
226 116 19
226 117 47
226 118 44
226 119 42
226 120 51
226 121 40
251 1 41
251 2 40
251 3 37
251 4 46
251 5 42
251 6 42
251 7 43
251 8 41
251 9 21
251 10 12
251 11 15
251 12 43
251 13 32
251 14 43
251 15 41
251 16 40
251 17 41
251 18 45
251 19 40
251 20 16
251 21 0
251 22 16
251 23 10
251 24 10
251 25 0
251 26 20
251 27 0
251 28 39
251 29 39
251 30 38
251 31 9
251 32 0
251 33 16
251 34 0
251 35 0
251 36 11
251 37 15
251 38 0
251 39 10
251 40 0
251 41 10
251 42 0
251 43 0
251 44 0
251 45 0
251 46 10
251 47 32
251 48 44
251 49 51
251 50 0
251 51 10
251 52 0
251 53 8
251 54 0
251 55 0
251 56 0
251 57 8
251 58 38
251 59 38
251 60 48
251 61 16
251 62 0
251 63 0
251 64 0
251 65 0
251 66 0
251 67 0
251 68 17
251 69 43
251 70 44
251 71 39
251 72 11
251 73 0
251 74 0
251 75 0
251 76 0
251 77 0
251 78 0
251 79 16
251 80 11
251 81 20
251 82 11
251 83 9
251 84 10
251 85 0
251 86 0
251 87 0
251 88 0
251 89 9
251 90 0
251 91 46
251 92 41
251 93 37
251 94 10
251 95 37
251 96 45
251 97 42
251 98 9
251 99 13
251 100 10
251 101 0
251 102 40
251 103 50
251 104 40
251 105 0
251 106 37
251 107 41
251 108 40
251 109 42
251 110 42
251 111 0
251 112 22
251 113 41
251 114 36
251 115 39
251 116 17
251 117 50
251 118 40
251 119 44
251 120 42
251 121 43
276 1 48
276 2 38
276 3 37
276 4 40
276 5 40
276 6 47
276 7 40
276 8 42
276 9 12
276 10 10
276 11 15
276 12 40
276 13 36
276 14 46
276 15 41
276 16 40
276 17 52
276 18 41
276 19 38
276 20 13
276 21 0
276 22 11
276 23 9
276 24 9
276 25 0
276 26 21
276 27 0
276 28 46
276 29 36
276 30 40
276 31 10
276 32 0
276 33 11
276 34 0
276 35 0
276 36 12
276 37 14
276 38 0
276 39 9
276 40 0
276 41 9
276 42 0
276 43 0
276 44 0
276 45 0
276 46 8
276 47 37
276 48 41
276 49 42
276 50 0
276 51 10
276 52 0
276 53 10
276 54 0
276 55 0
276 56 0
276 57 10
276 58 38
276 59 38
276 60 48
276 61 16
276 62 0
276 63 0
276 64 0
276 65 0
276 66 0
276 67 0
276 68 13
276 69 38
276 70 39
276 71 43
276 72 11
276 73 0
276 74 0
276 75 0
276 76 0
276 77 0
276 78 0
276 79 11
276 80 16
276 81 19
276 82 10
276 83 10
276 84 7
276 85 0
276 86 0
276 87 0
276 88 0
276 89 11
276 90 0
276 91 41
276 92 40
276 93 42
276 94 11
276 95 40
276 96 39
276 97 40
276 98 10
276 99 10
276 100 2
276 101 0
276 102 41
276 103 49
276 104 37
276 105 0
276 106 40
276 107 40
276 108 40
276 109 46
276 110 47
276 111 0
276 112 21
276 113 41
276 114 40
276 115 40
276 116 17
276 117 42
276 118 41
276 119 41
276 120 39
276 121 37
301 1 40
301 2 40
301 3 34
301 4 41
301 5 39
301 6 42
301 7 49
301 8 45
301 9 15
301 10 9
301 11 10
301 12 46
301 13 30
301 14 42
301 15 40
301 16 40
301 17 47
301 18 38
301 19 40
301 20 19
301 21 0
301 22 20
301 23 10
301 24 10
301 25 0
301 26 19
301 27 0
301 28 34
301 29 38
301 30 37
301 31 17
301 32 0
301 33 12
301 34 0
301 35 0
301 36 11
301 37 19
301 38 0
301 39 10
301 40 0
301 41 12
301 42 0
301 43 0
301 44 0
301 45 0
301 46 9
301 47 36
301 48 45
301 49 55
301 50 0
301 51 8
301 52 0
301 53 7
301 54 0
301 55 0
301 56 0
301 57 11
301 58 41
301 59 47
301 60 45
301 61 20
301 62 0
301 63 0
301 64 0
301 65 0
301 66 0
301 67 0
301 68 11
301 69 40
301 70 44
301 71 39
301 72 9
301 73 0
301 74 0
301 75 0
301 76 0
301 77 0
301 78 0
301 79 10
301 80 13
301 81 15
301 82 10
301 83 11
301 84 9
301 85 0
301 86 0
301 87 0
301 88 0
301 89 10
301 90 0
301 91 40
301 92 39
301 93 43
301 94 9
301 95 41
301 96 47
301 97 45
301 98 8
301 99 14
301 100 9
301 101 0
301 102 42
301 103 42
301 104 33
301 105 0
301 106 41
301 107 40
301 108 43
301 109 45
301 110 44
301 111 0
301 112 14
301 113 40
301 114 39
301 115 40
301 116 17
301 117 45
301 118 41
301 119 41
301 120 50
301 121 39
326 1 43
326 2 37
326 3 31
326 4 41
326 5 41
326 6 51
326 7 44
326 8 47
326 9 13
326 10 11
326 11 19
326 12 44
326 13 37
326 14 41
326 15 42
326 16 39
326 17 45
326 18 42
326 19 39
326 20 12
326 21 0
326 22 12
326 23 10
326 24 13
326 25 0
326 26 20
326 27 0
326 28 38
326 29 40
326 30 42
326 31 14
326 32 0
326 33 12
326 34 0
326 35 0
326 36 9
326 37 11
326 38 0
326 39 10
326 40 0
326 41 9
326 42 0
326 43 0
326 44 0
326 45 0
326 46 10
326 47 40
326 48 46
326 49 44
326 50 0
326 51 11
326 52 0
326 53 4
326 54 0
326 55 0
326 56 0
326 57 9
326 58 39
326 59 49
326 60 43
326 61 18
326 62 0
326 63 0
326 64 0
326 65 0
326 66 0
326 67 0
326 68 12
326 69 40
326 70 44
326 71 40
326 72 9
326 73 0
326 74 0
326 75 0
326 76 0
326 77 0
326 78 0
326 79 12
326 80 17
326 81 11
326 82 10
326 83 6
326 84 10
326 85 0
326 86 0
326 87 0
326 88 0
326 89 9
326 90 0
326 91 34
326 92 37
326 93 39
326 94 7
326 95 40
326 96 43
326 97 38
326 98 9
326 99 12
326 100 13
326 101 0
326 102 43
326 103 49
326 104 31
326 105 0
326 106 43
326 107 40
326 108 41
326 109 46
326 110 44
326 111 0
326 112 20
326 113 40
326 114 31
326 115 43
326 116 19
326 117 51
326 118 40
326 119 41
326 120 41
326 121 40
351 1 40
351 2 39
351 3 38
351 4 42
351 5 40
351 6 50
351 7 48
351 8 40
351 9 12
351 10 14
351 11 15
351 12 42
351 13 41
351 14 38
351 15 43
351 16 42
351 17 40
351 18 40
351 19 46
351 20 17
351 21 0
351 22 13
351 23 12
351 24 8
351 25 0
351 26 25
351 27 0
351 28 37
351 29 38
351 30 39
351 31 10
351 32 0
351 33 10
351 34 0
351 35 0
351 36 12
351 37 14
351 38 0
351 39 12
351 40 0
351 41 14
351 42 0
351 43 0
351 44 0
351 45 0
351 46 12
351 47 37
351 48 40
351 49 44
351 50 0
351 51 12
351 52 0
351 53 9
351 54 0
351 55 0
351 56 0
351 57 10
351 58 40
351 59 48
351 60 51
351 61 17
351 62 0
351 63 0
351 64 0
351 65 0
351 66 0
351 67 0
351 68 11
351 69 48
351 70 45
351 71 45
351 72 18
351 73 0
351 74 0
351 75 0
351 76 0
351 77 0
351 78 0
351 79 10
351 80 12
351 81 13
351 82 14
351 83 13
351 84 5
351 85 0
351 86 0
351 87 0
351 88 0
351 89 11
351 90 0
351 91 40
351 92 43
351 93 42
351 94 10
351 95 39
351 96 47
351 97 40
351 98 8
351 99 18
351 100 9
351 101 0
351 102 41
351 103 50
351 104 30
351 105 0
351 106 41
351 107 39
351 108 48
351 109 40
351 110 49
351 111 0
351 112 19
351 113 40
351 114 39
351 115 39
351 116 18
351 117 50
351 118 44
351 119 47
351 120 51
351 121 37
376 1 44
376 2 35
376 3 39
376 4 41
376 5 39
376 6 45
376 7 47
376 8 43
376 9 16
376 10 11
376 11 14
376 12 41
376 13 40
376 14 40
376 15 47
376 16 39
376 17 46
376 18 41
376 19 36
376 20 20
376 21 0
376 22 20
376 23 10
376 24 16
376 25 0
376 26 21
376 27 0
376 28 37
376 29 40
376 30 46
376 31 11
376 32 0
376 33 9
376 34 0
376 35 0
376 36 12
376 37 13
376 38 0
376 39 9
376 40 0
376 41 12
376 42 0
376 43 0
376 44 0
376 45 0
376 46 10
376 47 36
376 48 42
376 49 44
376 50 0
376 51 16
376 52 0
376 53 10
376 54 0
376 55 0
376 56 0
376 57 11
376 58 36
376 59 38
376 60 47
376 61 21
376 62 0
376 63 0
376 64 0
376 65 0
376 66 0
376 67 0
376 68 12
376 69 44
376 70 45
376 71 41
376 72 11
376 73 0
376 74 0
376 75 0
376 76 0
376 77 0
376 78 0
376 79 14
376 80 15
376 81 9
376 82 10
376 83 7
376 84 6
376 85 0
376 86 0
376 87 0
376 88 0
376 89 7
376 90 0
376 91 38
376 92 41
376 93 46
376 94 9
376 95 44
376 96 42
376 97 48
376 98 11
376 99 10
376 100 13
376 101 0
376 102 43
376 103 49
376 104 41
376 105 0
376 106 40
376 107 40
376 108 52
376 109 48
376 110 42
376 111 0
376 112 16
376 113 45
376 114 40
376 115 39
376 116 23
376 117 47
376 118 40
376 119 44
376 120 48
376 121 38
401 1 40
401 2 40
401 3 40
401 4 39
401 5 38
401 6 48
401 7 51
401 8 44
401 9 20
401 10 10
401 11 15
401 12 40
401 13 37
401 14 36
401 15 38
401 16 39
401 17 44
401 18 40
401 19 41
401 20 12
401 21 0
401 22 14
401 23 11
401 24 20
401 25 0
401 26 17
401 27 0
401 28 38
401 29 41
401 30 39
401 31 11
401 32 0
401 33 11
401 34 0
401 35 0
401 36 10
401 37 15
401 38 0
401 39 10
401 40 0
401 41 11
401 42 0
401 43 0
401 44 0
401 45 0
401 46 7
401 47 40
401 48 47
401 49 38
401 50 0
401 51 5
401 52 0
401 53 9
401 54 0
401 55 0
401 56 0
401 57 11
401 58 39
401 59 50
401 60 48
401 61 14
401 62 0
401 63 0
401 64 0
401 65 0
401 66 0
401 67 0
401 68 10
401 69 40
401 70 43
401 71 39
401 72 11
401 73 0
401 74 0
401 75 0
401 76 0
401 77 0
401 78 0
401 79 10
401 80 13
401 81 17
401 82 17
401 83 8
401 84 10
401 85 0
401 86 0
401 87 0
401 88 0
401 89 8
401 90 0
401 91 42
401 92 38
401 93 41
401 94 11
401 95 44
401 96 50
401 97 39
401 98 9
401 99 13
401 100 10
401 101 0
401 102 42
401 103 50
401 104 35
401 105 0
401 106 41
401 107 44
401 108 48
401 109 40
401 110 42
401 111 0
401 112 20
401 113 41
401 114 33
401 115 43
401 116 21
401 117 42
401 118 48
401 119 47
401 120 49
401 121 41
426 1 40
426 2 36
426 3 31
426 4 40
426 5 41
426 6 40
426 7 50
426 8 41
426 9 13
426 10 15
426 11 10
426 12 40
426 13 37
426 14 40
426 15 46
426 16 35
426 17 47
426 18 49
426 19 42
426 20 14
426 21 0
426 22 17
426 23 12
426 24 9
426 25 0
426 26 22
426 27 0
426 28 36
426 29 44
426 30 44
426 31 13
426 32 0
426 33 10
426 34 0
426 35 0
426 36 10
426 37 14
426 38 0
426 39 11
426 40 0
426 41 13
426 42 0
426 43 0
426 44 0
426 45 0
426 46 13
426 47 36
426 48 45
426 49 40
426 50 0
426 51 8
426 52 0
426 53 7
426 54 0
426 55 0
426 56 0
426 57 13
426 58 39
426 59 41
426 60 49
426 61 17
426 62 0
426 63 0
426 64 0
426 65 0
426 66 0
426 67 0
426 68 10
426 69 41
426 70 46
426 71 41
426 72 9
426 73 0
426 74 0
426 75 0
426 76 0
426 77 0
426 78 0
426 79 10
426 80 13
426 81 17
426 82 14
426 83 11
426 84 10
426 85 0
426 86 0
426 87 0
426 88 0
426 89 10
426 90 0
426 91 41
426 92 43
426 93 39
426 94 10
426 95 43
426 96 48
426 97 42
426 98 6
426 99 9
426 100 8
426 101 0
426 102 45
426 103 46
426 104 40
426 105 0
426 106 42
426 107 41
426 108 42
426 109 43
426 110 43
426 111 0
426 112 20
426 113 43
426 114 32
426 115 43
426 116 17
426 117 49
426 118 41
426 119 41
426 120 44
426 121 43
451 1 40
451 2 39
451 3 27
451 4 43
451 5 39
451 6 44
451 7 49
451 8 39
451 9 12
451 10 10
451 11 19
451 12 42
451 13 37
451 14 36
451 15 40
451 16 40
451 17 43
451 18 40
451 19 40
451 20 19
451 21 0
451 22 10
451 23 10
451 24 14
451 25 0
451 26 19
451 27 0
451 28 38
451 29 40
451 30 37
451 31 9
451 32 0
451 33 11
451 34 0
451 35 0
451 36 12
451 37 17
451 38 0
451 39 14
451 40 0
451 41 10
451 42 0
451 43 0
451 44 0
451 45 0
451 46 9
451 47 37
451 48 40
451 49 41
451 50 0
451 51 10
451 52 0
451 53 14
451 54 0
451 55 0
451 56 0
451 57 7
451 58 47
451 59 46
451 60 42
451 61 14
451 62 0
451 63 0
451 64 0
451 65 0
451 66 0
451 67 0
451 68 10
451 69 41
451 70 41
451 71 41
451 72 10
451 73 0
451 74 0
451 75 0
451 76 0
451 77 0
451 78 0
451 79 10
451 80 16
451 81 14
451 82 10
451 83 6
451 84 10
451 85 0
451 86 0
451 87 0
451 88 0
451 89 7
451 90 0
451 91 38
451 92 42
451 93 41
451 94 7
451 95 41
451 96 42
451 97 41
451 98 9
451 99 10
451 100 8
451 101 0
451 102 35
451 103 40
451 104 37
451 105 0
451 106 38
451 107 41
451 108 41
451 109 39
451 110 40
451 111 0
451 112 21
451 113 42
451 114 32
451 115 41
451 116 20
451 117 41
451 118 39
451 119 42
451 120 49
451 121 40
476 1 45
476 2 38
476 3 28
476 4 40
476 5 38
476 6 46
476 7 46
476 8 36
476 9 18
476 10 11
476 11 20
476 12 40
476 13 33
476 14 39
476 15 39
476 16 38
476 17 43
476 18 42
476 19 39
476 20 11
476 21 0
476 22 16
476 23 7
476 24 12
476 25 0
476 26 19
476 27 0
476 28 30
476 29 47
476 30 42
476 31 16
476 32 0
476 33 11
476 34 0
476 35 0
476 36 10
476 37 12
476 38 0
476 39 12
476 40 0
476 41 9
476 42 0
476 43 0
476 44 0
476 45 0
476 46 16
476 47 40
476 48 39
476 49 44
476 50 0
476 51 7
476 52 0
476 53 10
476 54 0
476 55 0
476 56 0
476 57 9
476 58 39
476 59 41
476 60 44
476 61 19
476 62 0
476 63 0
476 64 0
476 65 0
476 66 0
476 67 0
476 68 10
476 69 41
476 70 50
476 71 43
476 72 11
476 73 0
476 74 0
476 75 0
476 76 0
476 77 0
476 78 0
476 79 13
476 80 22
476 81 14
476 82 19
476 83 12
476 84 8
476 85 0
476 86 0
476 87 0
476 88 0
476 89 6
476 90 0
476 91 41
476 92 43
476 93 51
476 94 9
476 95 42
476 96 40
476 97 42
476 98 6
476 99 15
476 100 10
476 101 0
476 102 39
476 103 49
476 104 39
476 105 0
476 106 40
476 107 43
476 108 50
476 109 40
476 110 40
476 111 0
476 112 20
476 113 40
476 114 32
476 115 40
476 116 19
476 117 46
476 118 43
476 119 40
476 120 42
476 121 43
501 1 43
501 2 42
501 3 36
501 4 44
501 5 40
501 6 50
501 7 49
501 8 39
501 9 17
501 10 14
501 11 15
501 12 42
501 13 37
501 14 37
501 15 42
501 16 42
501 17 39
501 18 40
501 19 40
501 20 19
501 21 0
501 22 13
501 23 9
501 24 12
501 25 0
501 26 22
501 27 0
501 28 39
501 29 39
501 30 41
501 31 10
501 32 0
501 33 11
501 34 0
501 35 0
501 36 10
501 37 10
501 38 0
501 39 10
501 40 0
501 41 9
501 42 0
501 43 0
501 44 0
501 45 0
501 46 13
501 47 33
501 48 37
501 49 44
501 50 0
501 51 9
501 52 0
501 53 13
501 54 0
501 55 0
501 56 0
501 57 7
501 58 32
501 59 45
501 60 40
501 61 12
501 62 0
501 63 0
501 64 0
501 65 0
501 66 0
501 67 0
501 68 13
501 69 49
501 70 42
501 71 41
501 72 12
501 73 0
501 74 0
501 75 0
501 76 0
501 77 0
501 78 0
501 79 12
501 80 12
501 81 18
501 82 15
501 83 11
501 84 10
501 85 0
501 86 0
501 87 0
501 88 0
501 89 10
501 90 0
501 91 39
501 92 43
501 93 39
501 94 10
501 95 43
501 96 43
501 97 41
501 98 10
501 99 8
501 100 8
501 101 0
501 102 40
501 103 48
501 104 35
501 105 0
501 106 42
501 107 40
501 108 43
501 109 46
501 110 40
501 111 0
501 112 22
501 113 40
501 114 40
501 115 40
501 116 20
501 117 40
501 118 43
501 119 41
501 120 43
501 121 40
526 1 40
526 2 33
526 3 38
526 4 45
526 5 40
526 6 53
526 7 49
526 8 39
526 9 15
526 10 10
526 11 7
526 12 48
526 13 42
526 14 43
526 15 40
526 16 45
526 17 45
526 18 40
526 19 40
526 20 18
526 21 0
526 22 15
526 23 9
526 24 13
526 25 0
526 26 21
526 27 0
526 28 40
526 29 40
526 30 40
526 31 12
526 32 0
526 33 10
526 34 0
526 35 0
526 36 5
526 37 12
526 38 0
526 39 9
526 40 0
526 41 9
526 42 0
526 43 0
526 44 0
526 45 0
526 46 10
526 47 43
526 48 42
526 49 40
526 50 0
526 51 9
526 52 0
526 53 10
526 54 0
526 55 0
526 56 0
526 57 14
526 58 40
526 59 50
526 60 42
526 61 22
526 62 0
526 63 0
526 64 0
526 65 0
526 66 0
526 67 0
526 68 12
526 69 39
526 70 42
526 71 41
526 72 16
526 73 0
526 74 0
526 75 0
526 76 0
526 77 0
526 78 0
526 79 13
526 80 17
526 81 15
526 82 16
526 83 14
526 84 9
526 85 0
526 86 0
526 87 0
526 88 0
526 89 8
526 90 0
526 91 40
526 92 42
526 93 40
526 94 11
526 95 46
526 96 40
526 97 41
526 98 6
526 99 12
526 100 12
526 101 0
526 102 40
526 103 47
526 104 33
526 105 0
526 106 42
526 107 44
526 108 50
526 109 48
526 110 47
526 111 0
526 112 18
526 113 44
526 114 31
526 115 41
526 116 20
526 117 41
526 118 48
526 119 39
526 120 45
526 121 40
551 1 47
551 2 40
551 3 36
551 4 40
551 5 40
551 6 49
551 7 40
551 8 39
551 9 19
551 10 10
551 11 17
551 12 41
551 13 36
551 14 44
551 15 45
551 16 40
551 17 40
551 18 43
551 19 47
551 20 20
551 21 0
551 22 12
551 23 10
551 24 15
551 25 0
551 26 23
551 27 0
551 28 41
551 29 42
551 30 41
551 31 17
551 32 0
551 33 10
551 34 0
551 35 0
551 36 10
551 37 10
551 38 0
551 39 10
551 40 0
551 41 11
551 42 0
551 43 0
551 44 0
551 45 0
551 46 12
551 47 31
551 48 38
551 49 49
551 50 0
551 51 9
551 52 0
551 53 5
551 54 0
551 55 0
551 56 0
551 57 10
551 58 39
551 59 40
551 60 41
551 61 19
551 62 0
551 63 0
551 64 0
551 65 0
551 66 0
551 67 0
551 68 10
551 69 41
551 70 47
551 71 38
551 72 11
551 73 0
551 74 0
551 75 0
551 76 0
551 77 0
551 78 0
551 79 10
551 80 14
551 81 13
551 82 12
551 83 13
551 84 9
551 85 0
551 86 0
551 87 0
551 88 0
551 89 8
551 90 0
551 91 39
551 92 43
551 93 49
551 94 10
551 95 42
551 96 41
551 97 41
551 98 7
551 99 12
551 100 9
551 101 0
551 102 44
551 103 46
551 104 32
551 105 0
551 106 44
551 107 41
551 108 47
551 109 46
551 110 41
551 111 0
551 112 22
551 113 41
551 114 33
551 115 38
551 116 22
551 117 47
551 118 41
551 119 40
551 120 47
551 121 38
576 1 45
576 2 38
576 3 32
576 4 42
576 5 39
576 6 40
576 7 46
576 8 40
576 9 19
576 10 10
576 11 13
576 12 40
576 13 30
576 14 40
576 15 39
576 16 40
576 17 40
576 18 43
576 19 37
576 20 20
576 21 0
576 22 12
576 23 12
576 24 14
576 25 0
576 26 20
576 27 0
576 28 38
576 29 42
576 30 50
576 31 17
576 32 0
576 33 16
576 34 0
576 35 0
576 36 10
576 37 15
576 38 0
576 39 13
576 40 0
576 41 10
576 42 0
576 43 0
576 44 0
576 45 0
576 46 12
576 47 32
576 48 40
576 49 42
576 50 0
576 51 10
576 52 0
576 53 7
576 54 0
576 55 0
576 56 0
576 57 10
576 58 40
576 59 43
576 60 42
576 61 18
576 62 0
576 63 0
576 64 0
576 65 0
576 66 0
576 67 0
576 68 12
576 69 44
576 70 47
576 71 39
576 72 10
576 73 0
576 74 0
576 75 0
576 76 0
576 77 0
576 78 0
576 79 10
576 80 15
576 81 10
576 82 10
576 83 10
576 84 5
576 85 0
576 86 0
576 87 0
576 88 0
576 89 8
576 90 0
576 91 38
576 92 38
576 93 38
576 94 6
576 95 39
576 96 42
576 97 39
576 98 8
576 99 15
576 100 8
576 101 0
576 102 41
576 103 49
576 104 38
576 105 0
576 106 40
576 107 38
576 108 49
576 109 40
576 110 50
576 111 0
576 112 20
576 113 41
576 114 43
576 115 40
576 116 14
576 117 47
576 118 42
576 119 41
576 120 45
576 121 42
601 1 41
601 2 36
601 3 36
601 4 38
601 5 40
601 6 48
601 7 49
601 8 40
601 9 16
601 10 12
601 11 16
601 12 41
601 13 42
601 14 38
601 15 40
601 16 38
601 17 40
601 18 39
601 19 40
601 20 17
601 21 0
601 22 11
601 23 10
601 24 15
601 25 0
601 26 24
601 27 0
601 28 30
601 29 45
601 30 41
601 31 17
601 32 0
601 33 10
601 34 0
601 35 0
601 36 11
601 37 12
601 38 0
601 39 11
601 40 0
601 41 11
601 42 0
601 43 0
601 44 0
601 45 0
601 46 9
601 47 31
601 48 42
601 49 40
601 50 0
601 51 9
601 52 0
601 53 8
601 54 0
601 55 0
601 56 0
601 57 10
601 58 40
601 59 44
601 60 40
601 61 16
601 62 0
601 63 0
601 64 0
601 65 0
601 66 0
601 67 0
601 68 14
601 69 43
601 70 47
601 71 39
601 72 11
601 73 0
601 74 0
601 75 0
601 76 0
601 77 0
601 78 0
601 79 9
601 80 11
601 81 15
601 82 10
601 83 7
601 84 11
601 85 0
601 86 0
601 87 0
601 88 0
601 89 11
601 90 0
601 91 42
601 92 44
601 93 39
601 94 9
601 95 38
601 96 41
601 97 39
601 98 12
601 99 10
601 100 5
601 101 0
601 102 42
601 103 42
601 104 36
601 105 0
601 106 42
601 107 40
601 108 47
601 109 41
601 110 42
601 111 0
601 112 18
601 113 41
601 114 36
601 115 39
601 116 20
601 117 42
601 118 42
601 119 44
601 120 46
601 121 38
626 1 40
626 2 38
626 3 33
626 4 44
626 5 40
626 6 41
626 7 47
626 8 39
626 9 9
626 10 13
626 11 16
626 12 40
626 13 38
626 14 41
626 15 41
626 16 39
626 17 41
626 18 40
626 19 40
626 20 16
626 21 0
626 22 15
626 23 12
626 24 14
626 25 0
626 26 20
626 27 0
626 28 39
626 29 40
626 30 37
626 31 13
626 32 0
626 33 14
626 34 0
626 35 0
626 36 10
626 37 11
626 38 0
626 39 12
626 40 0
626 41 12
626 42 0
626 43 0
626 44 0
626 45 0
626 46 8
626 47 31
626 48 40
626 49 44
626 50 0
626 51 8
626 52 0
626 53 10
626 54 0
626 55 0
626 56 0
626 57 7
626 58 41
626 59 43
626 60 40
626 61 17
626 62 0
626 63 0
626 64 0
626 65 0
626 66 0
626 67 0
626 68 12
626 69 42
626 70 41
626 71 38
626 72 10
626 73 0
626 74 0
626 75 0
626 76 0
626 77 0
626 78 0
626 79 10
626 80 17
626 81 16
626 82 17
626 83 8
626 84 6
626 85 0
626 86 0
626 87 0
626 88 0
626 89 4
626 90 0
626 91 41
626 92 38
626 93 42
626 94 9
626 95 39
626 96 45
626 97 40
626 98 10
626 99 13
626 100 8
626 101 0
626 102 43
626 103 48
626 104 36
626 105 0
626 106 35
626 107 41
626 108 48
626 109 42
626 110 44
626 111 0
626 112 16
626 113 39
626 114 39
626 115 37
626 116 22
626 117 40
626 118 40
626 119 40
626 120 43
626 121 40
651 1 40
651 2 33
651 3 35
651 4 46
651 5 40
651 6 48
651 7 40
651 8 43
651 9 19
651 10 10
651 11 13
651 12 38
651 13 37
651 14 39
651 15 41
651 16 39
651 17 43
651 18 46
651 19 40
651 20 20
651 21 0
651 22 19
651 23 7
651 24 11
651 25 0
651 26 21
651 27 0
651 28 41
651 29 43
651 30 36
651 31 15
651 32 0
651 33 10
651 34 0
651 35 0
651 36 10
651 37 19
651 38 0
651 39 11
651 40 0
651 41 10
651 42 0
651 43 0
651 44 0
651 45 0
651 46 14
651 47 37
651 48 44
651 49 44
651 50 0
651 51 11
651 52 0
651 53 9
651 54 0
651 55 0
651 56 0
651 57 12
651 58 37
651 59 43
651 60 37
651 61 15
651 62 0
651 63 0
651 64 0
651 65 0
651 66 0
651 67 0
651 68 12
651 69 43
651 70 40
651 71 40
651 72 9
651 73 0
651 74 0
651 75 0
651 76 0
651 77 0
651 78 0
651 79 10
651 80 16
651 81 20
651 82 13
651 83 9
651 84 11
651 85 0
651 86 0
651 87 0
651 88 0
651 89 4
651 90 0
651 91 37
651 92 49
651 93 43
651 94 6
651 95 41
651 96 45
651 97 40
651 98 5
651 99 12
651 100 9
651 101 0
651 102 40
651 103 46
651 104 32
651 105 0
651 106 42
651 107 46
651 108 50
651 109 39
651 110 42
651 111 0
651 112 18
651 113 44
651 114 35
651 115 40
651 116 17
651 117 46
651 118 51
651 119 39
651 120 42
651 121 43
676 1 42
676 2 33
676 3 35
676 4 48
676 5 34
676 6 49
676 7 44
676 8 46
676 9 10
676 10 10
676 11 15
676 12 44
676 13 39
676 14 42
676 15 36
676 16 43
676 17 41
676 18 44
676 19 50
676 20 18
676 21 0
676 22 19
676 23 13
676 24 20
676 25 0
676 26 24
676 27 0
676 28 35
676 29 41
676 30 39
676 31 10
676 32 0
676 33 12
676 34 0
676 35 0
676 36 14
676 37 11
676 38 0
676 39 11
676 40 0
676 41 11
676 42 0
676 43 0
676 44 0
676 45 0
676 46 10
676 47 34
676 48 43
676 49 41
676 50 0
676 51 8
676 52 0
676 53 9
676 54 0
676 55 0
676 56 0
676 57 10
676 58 40
676 59 40
676 60 41
676 61 19
676 62 0
676 63 0
676 64 0
676 65 0
676 66 0
676 67 0
676 68 11
676 69 40
676 70 43
676 71 38
676 72 11
676 73 0
676 74 0
676 75 0
676 76 0
676 77 0
676 78 0
676 79 15
676 80 14
676 81 18
676 82 12
676 83 0
676 84 9
676 85 0
676 86 0
676 87 0
676 88 0
676 89 12
676 90 0
676 91 39
676 92 41
676 93 44
676 94 17
676 95 39
676 96 43
676 97 41
676 98 10
676 99 10
676 100 10
676 101 0
676 102 41
676 103 44
676 104 30
676 105 0
676 106 41
676 107 44
676 108 49
676 109 37
676 110 45
676 111 0
676 112 19
676 113 43
676 114 40
676 115 39
676 116 22
676 117 50
676 118 41
676 119 42
676 120 41
676 121 39
701 1 45
701 2 40
701 3 33
701 4 39
701 5 40
701 6 40
701 7 47
701 8 40
701 9 17
701 10 16
701 11 16
701 12 50
701 13 40
701 14 41
701 15 43
701 16 32
701 17 42
701 18 40
701 19 39
701 20 18
701 21 0
701 22 13
701 23 10
701 24 10
701 25 0
701 26 23
701 27 0
701 28 40
701 29 39
701 30 40
701 31 10
701 32 0
701 33 18
701 34 0
701 35 0
701 36 13
701 37 19
701 38 0
701 39 11
701 40 0
701 41 11
701 42 0
701 43 0
701 44 0
701 45 0
701 46 11
701 47 34
701 48 42
701 49 48
701 50 0
701 51 7
701 52 0
701 53 5
701 54 0
701 55 0
701 56 0
701 57 9
701 58 35
701 59 47
701 60 40
701 61 18
701 62 0
701 63 0
701 64 0
701 65 0
701 66 0
701 67 0
701 68 15
701 69 40
701 70 48
701 71 45
701 72 19
701 73 0
701 74 0
701 75 0
701 76 0
701 77 0
701 78 0
701 79 10
701 80 19
701 81 16
701 82 12
701 83 0
701 84 5
701 85 0
701 86 0
701 87 0
701 88 0
701 89 9
701 90 0
701 91 40
701 92 39
701 93 45
701 94 12
701 95 40
701 96 43
701 97 46
701 98 10
701 99 14
701 100 6
701 101 0
701 102 47
701 103 52
701 104 39
701 105 0
701 106 39
701 107 38
701 108 43
701 109 39
701 110 45
701 111 0
701 112 20
701 113 46
701 114 38
701 115 42
701 116 22
701 117 50
701 118 42
701 119 44
701 120 50
701 121 42
726 1 45
726 2 37
726 3 40
726 4 40
726 5 38
726 6 42
726 7 49
726 8 39
726 9 12
726 10 10
726 11 17
726 12 42
726 13 38
726 14 36
726 15 43
726 16 40
726 17 40
726 18 41
726 19 40
726 20 16
726 21 0
726 22 18
726 23 11
726 24 10
726 25 0
726 26 20
726 27 0
726 28 40
726 29 37
726 30 45
726 31 11
726 32 0
726 33 15
726 34 0
726 35 0
726 36 9
726 37 15
726 38 0
726 39 14
726 40 0
726 41 11
726 42 0
726 43 0
726 44 0
726 45 0
726 46 11
726 47 40
726 48 43
726 49 48
726 50 0
726 51 9
726 52 0
726 53 0
726 54 0
726 55 0
726 56 0
726 57 10
726 58 42
726 59 51
726 60 42
726 61 16
726 62 0
726 63 0
726 64 0
726 65 0
726 66 0
726 67 0
726 68 10
726 69 41
726 70 49
726 71 38
726 72 14
726 73 0
726 74 0
726 75 0
726 76 0
726 77 0
726 78 0
726 79 15
726 80 20
726 81 19
726 82 10
726 83 0
726 84 4
726 85 0
726 86 0
726 87 0
726 88 0
726 89 7
726 90 0
726 91 42
726 92 39
726 93 41
726 94 10
726 95 44
726 96 45
726 97 36
726 98 7
726 99 11
726 100 7
726 101 0
726 102 41
726 103 45
726 104 30
726 105 0
726 106 46
726 107 40
726 108 46
726 109 44
726 110 42
726 111 0
726 112 22
726 113 45
726 114 35
726 115 44
726 116 20
726 117 44
726 118 38
726 119 38
726 120 50
726 121 38
751 1 41
751 2 32
751 3 35
751 4 40
751 5 38
751 6 48
751 7 47
751 8 39
751 9 12
751 10 12
751 11 20
751 12 47
751 13 39
751 14 37
751 15 45
751 16 40
751 17 44
751 18 43
751 19 43
751 20 16
751 21 0
751 22 15
751 23 13
751 24 11
751 25 0
751 26 18
751 27 0
751 28 33
751 29 41
751 30 39
751 31 11
751 32 0
751 33 10
751 34 0
751 35 0
751 36 10
751 37 16
751 38 0
751 39 12
751 40 0
751 41 10
751 42 0
751 43 0
751 44 0
751 45 0
751 46 13
751 47 38
751 48 40
751 49 42
751 50 0
751 51 14
751 52 0
751 53 0
751 54 0
751 55 0
751 56 0
751 57 9
751 58 39
751 59 43
751 60 38
751 61 20
751 62 0
751 63 0
751 64 0
751 65 0
751 66 0
751 67 0
751 68 10
751 69 43
751 70 49
751 71 46
751 72 10
751 73 0
751 74 0
751 75 0
751 76 0
751 77 0
751 78 0
751 79 10
751 80 14
751 81 14
751 82 10
751 83 0
751 84 9
751 85 0
751 86 0
751 87 0
751 88 0
751 89 3
751 90 0
751 91 39
751 92 42
751 93 40
751 94 10
751 95 44
751 96 37
751 97 40
751 98 10
751 99 11
751 100 9
751 101 0
751 102 40
751 103 49
751 104 42
751 105 0
751 106 41
751 107 40
751 108 47
751 109 43
751 110 41
751 111 0
751 112 20
751 113 42
751 114 36
751 115 41
751 116 22
751 117 41
751 118 41
751 119 39
751 120 48
751 121 41
776 1 36
776 2 37
776 3 38
776 4 44
776 5 44
776 6 50
776 7 50
776 8 40
776 9 16
776 10 13
776 11 12
776 12 50
776 13 39
776 14 40
776 15 38
776 16 41
776 17 38
776 18 37
776 19 41
776 20 19
776 21 0
776 22 19
776 23 12
776 24 13
776 25 0
776 26 29
776 27 0
776 28 37
776 29 43
776 30 43
776 31 12
776 32 0
776 33 17
776 34 0
776 35 0
776 36 15
776 37 16
776 38 0
776 39 14
776 40 0
776 41 12
776 42 0
776 43 0
776 44 0
776 45 0
776 46 10
776 47 41
776 48 43
776 49 51
776 50 0
776 51 9
776 52 0
776 53 0
776 54 0
776 55 0
776 56 0
776 57 11
776 58 41
776 59 50
776 60 41
776 61 17
776 62 0
776 63 0
776 64 0
776 65 0
776 66 0
776 67 0
776 68 13
776 69 45
776 70 51
776 71 41
776 72 14
776 73 0
776 74 0
776 75 0
776 76 0
776 77 0
776 78 0
776 79 5
776 80 11
776 81 13
776 82 14
776 83 0
776 84 10
776 85 0
776 86 0
776 87 0
776 88 0
776 89 8
776 90 0
776 91 36
776 92 37
776 93 37
776 94 12
776 95 40
776 96 40
776 97 48
776 98 9
776 99 16
776 100 7
776 101 0
776 102 48
776 103 42
776 104 35
776 105 0
776 106 45
776 107 45
776 108 40
776 109 46
776 110 39
776 111 0
776 112 20
776 113 37
776 114 37
776 115 40
776 116 20
776 117 49
776 118 40
776 119 40
776 120 50
776 121 41
801 1 47
801 2 34
801 3 41
801 4 38
801 5 29
801 6 47
801 7 47
801 8 40
801 9 20
801 10 10
801 11 17
801 12 40
801 13 36
801 14 41
801 15 40
801 16 40
801 17 39
801 18 41
801 19 43
801 20 20
801 21 0
801 22 19
801 23 8
801 24 11
801 25 0
801 26 20
801 27 0
801 28 42
801 29 44
801 30 41
801 31 12
801 32 0
801 33 11
801 34 0
801 35 0
801 36 10
801 37 16
801 38 0
801 39 14
801 40 0
801 41 9
801 42 0
801 43 0
801 44 0
801 45 0
801 46 7
801 47 35
801 48 49
801 49 43
801 50 0
801 51 10
801 52 0
801 53 0
801 54 0
801 55 0
801 56 0
801 57 11
801 58 39
801 59 47
801 60 47
801 61 17
801 62 0
801 63 0
801 64 0
801 65 0
801 66 0
801 67 0
801 68 8
801 69 33
801 70 50
801 71 44
801 72 11
801 73 0
801 74 0
801 75 0
801 76 0
801 77 0
801 78 0
801 79 11
801 80 12
801 81 17
801 82 20
801 83 0
801 84 6
801 85 0
801 86 0
801 87 0
801 88 0
801 89 5
801 90 0
801 91 40
801 92 38
801 93 43
801 94 12
801 95 45
801 96 44
801 97 41
801 98 7
801 99 9
801 100 9
801 101 0
801 102 41
801 103 51
801 104 38
801 105 0
801 106 41
801 107 41
801 108 48
801 109 43
801 110 44
801 111 0
801 112 23
801 113 43
801 114 34
801 115 40
801 116 21
801 117 45
801 118 39
801 119 41
801 120 41
801 121 45
826 1 41
826 2 31
826 3 28
826 4 42
826 5 41
826 6 42
826 7 46
826 8 40
826 9 16
826 10 13
826 11 15
826 12 40
826 13 32
826 14 40
826 15 39
826 16 41
826 17 40
826 18 40
826 19 41
826 20 19
826 21 0
826 22 13
826 23 9
826 24 8
826 25 0
826 26 20
826 27 0
826 28 41
826 29 42
826 30 39
826 31 11
826 32 0
826 33 15
826 34 0
826 35 0
826 36 13
826 37 11
826 38 0
826 39 10
826 40 0
826 41 11
826 42 0
826 43 0
826 44 0
826 45 0
826 46 9
826 47 40
826 48 39
826 49 43
826 50 0
826 51 7
826 52 0
826 53 0
826 54 0
826 55 0
826 56 0
826 57 10
826 58 37
826 59 43
826 60 41
826 61 17
826 62 0
826 63 0
826 64 0
826 65 0
826 66 0
826 67 0
826 68 10
826 69 36
826 70 42
826 71 38
826 72 13
826 73 0
826 74 0
826 75 0
826 76 0
826 77 0
826 78 0
826 79 10
826 80 16
826 81 15
826 82 14
826 83 0
826 84 8
826 85 0
826 86 0
826 87 0
826 88 0
826 89 9
826 90 0
826 91 40
826 92 39
826 93 42
826 94 9
826 95 45
826 96 41
826 97 39
826 98 6
826 99 12
826 100 11
826 101 0
826 102 41
826 103 50
826 104 33
826 105 0
826 106 37
826 107 42
826 108 45
826 109 42
826 110 49
826 111 0
826 112 19
826 113 39
826 114 31
826 115 40
826 116 19
826 117 43
826 118 39
826 119 40
826 120 40
826 121 39
851 1 40
851 2 38
851 3 39
851 4 41
851 5 42
851 6 44
851 7 42
851 8 42
851 9 16
851 10 14
851 11 13
851 12 39
851 13 39
851 14 38
851 15 42
851 16 39
851 17 33
851 18 39
851 19 42
851 20 19
851 21 0
851 22 16
851 23 10
851 24 14
851 25 0
851 26 21
851 27 0
851 28 41
851 29 40
851 30 41
851 31 10
851 32 0
851 33 9
851 34 0
851 35 0
851 36 10
851 37 17
851 38 0
851 39 16
851 40 0
851 41 9
851 42 0
851 43 0
851 44 0
851 45 0
851 46 12
851 47 39
851 48 46
851 49 47
851 50 0
851 51 5
851 52 0
851 53 0
851 54 0
851 55 0
851 56 0
851 57 6
851 58 42
851 59 50
851 60 49
851 61 16
851 62 0
851 63 0
851 64 0
851 65 0
851 66 0
851 67 0
851 68 12
851 69 39
851 70 44
851 71 43
851 72 13
851 73 0
851 74 0
851 75 0
851 76 0
851 77 0
851 78 0
851 79 10
851 80 11
851 81 19
851 82 10
851 83 0
851 84 9
851 85 0
851 86 0
851 87 0
851 88 0
851 89 13
851 90 0
851 91 43
851 92 38
851 93 43
851 94 9
851 95 44
851 96 41
851 97 42
851 98 10
851 99 10
851 100 11
851 101 0
851 102 39
851 103 48
851 104 30
851 105 0
851 106 42
851 107 40
851 108 44
851 109 41
851 110 42
851 111 0
851 112 23
851 113 42
851 114 31
851 115 39
851 116 19
851 117 44
851 118 42
851 119 37
851 120 48
851 121 42
876 1 41
876 2 36
876 3 37
876 4 50
876 5 41
876 6 50
876 7 50
876 8 42
876 9 11
876 10 10
876 11 13
876 12 39
876 13 40
876 14 43
876 15 40
876 16 30
876 17 49
876 18 38
876 19 40
876 20 18
876 21 0
876 22 14
876 23 10
876 24 9
876 25 0
876 26 23
876 27 0
876 28 40
876 29 41
876 30 46
876 31 11
876 32 0
876 33 12
876 34 0
876 35 0
876 36 10
876 37 14
876 38 0
876 39 12
876 40 0
876 41 18
876 42 0
876 43 0
876 44 0
876 45 0
876 46 10
876 47 35
876 48 41
876 49 45
876 50 0
876 51 10
876 52 0
876 53 0
876 54 0
876 55 0
876 56 0
876 57 9
876 58 38
876 59 38
876 60 43
876 61 16
876 62 0
876 63 0
876 64 0
876 65 0
876 66 0
876 67 0
876 68 13
876 69 48
876 70 41
876 71 43
876 72 12
876 73 0
876 74 0
876 75 0
876 76 0
876 77 0
876 78 0
876 79 11
876 80 14
876 81 14
876 82 11
876 83 0
876 84 4
876 85 0
876 86 0
876 87 0
876 88 0
876 89 0
876 90 0
876 91 39
876 92 47
876 93 42
876 94 11
876 95 41
876 96 47
876 97 44
876 98 11
876 99 11
876 100 6
876 101 0
876 102 41
876 103 48
876 104 38
876 105 0
876 106 42
876 107 40
876 108 45
876 109 42
876 110 39
876 111 0
876 112 20
876 113 38
876 114 39
876 115 40
876 116 18
876 117 46
876 118 42
876 119 48
876 120 49
876 121 39
901 1 40
901 2 40
901 3 40
901 4 43
901 5 38
901 6 48
901 7 46
901 8 43
901 9 16
901 10 9
901 11 19
901 12 41
901 13 40
901 14 39
901 15 39
901 16 38
901 17 42
901 18 40
901 19 38
901 20 15
901 21 0
901 22 18
901 23 8
901 24 10
901 25 0
901 26 21
901 27 0
901 28 39
901 29 40
901 30 38
901 31 13
901 32 0
901 33 10
901 34 0
901 35 0
901 36 10
901 37 16
901 38 0
901 39 11
901 40 0
901 41 10
901 42 0
901 43 0
901 44 0
901 45 0
901 46 10
901 47 34
901 48 47
901 49 41
901 50 0
901 51 8
901 52 0
901 53 0
901 54 0
901 55 0
901 56 0
901 57 10
901 58 40
901 59 44
901 60 44
901 61 16
901 62 0
901 63 0
901 64 0
901 65 0
901 66 0
901 67 0
901 68 11
901 69 46
901 70 48
901 71 44
901 72 11
901 73 0
901 74 0
901 75 0
901 76 0
901 77 0
901 78 0
901 79 12
901 80 13
901 81 12
901 82 8
901 83 0
901 84 8
901 85 0
901 86 0
901 87 0
901 88 0
901 89 0
901 90 0
901 91 42
901 92 40
901 93 43
901 94 6
901 95 41
901 96 42
901 97 50
901 98 10
901 99 10
901 100 9
901 101 0
901 102 38
901 103 47
901 104 32
901 105 0
901 106 41
901 107 39
901 108 41
901 109 42
901 110 47
901 111 0
901 112 20
901 113 38
901 114 40
901 115 37
901 116 17
901 117 44
901 118 45
901 119 41
901 120 45
901 121 38
926 1 45
926 2 40
926 3 30
926 4 42
926 5 40
926 6 40
926 7 47
926 8 39
926 9 15
926 10 6
926 11 11
926 12 42
926 13 38
926 14 39
926 15 41
926 16 41
926 17 44
926 18 38
926 19 44
926 20 20
926 21 0
926 22 18
926 23 6
926 24 11
926 25 0
926 26 21
926 27 0
926 28 41
926 29 40
926 30 39
926 31 10
926 32 0
926 33 13
926 34 0
926 35 0
926 36 12
926 37 14
926 38 0
926 39 10
926 40 0
926 41 10
926 42 0
926 43 0
926 44 0
926 45 0
926 46 13
926 47 34
926 48 45
926 49 50
926 50 0
926 51 11
926 52 0
926 53 0
926 54 0
926 55 0
926 56 0
926 57 7
926 58 42
926 59 42
926 60 45
926 61 20
926 62 0
926 63 0
926 64 0
926 65 0
926 66 0
926 67 0
926 68 12
926 69 39
926 70 43
926 71 39
926 72 10
926 73 0
926 74 0
926 75 0
926 76 0
926 77 0
926 78 0
926 79 14
926 80 13
926 81 13
926 82 12
926 83 0
926 84 9
926 85 0
926 86 0
926 87 0
926 88 0
926 89 0
926 90 0
926 91 35
926 92 40
926 93 40
926 94 9
926 95 40
926 96 38
926 97 46
926 98 0
926 99 10
926 100 7
926 101 0
926 102 42
926 103 49
926 104 40
926 105 0
926 106 41
926 107 47
926 108 40
926 109 42
926 110 41
926 111 0
926 112 20
926 113 48
926 114 34
926 115 42
926 116 21
926 117 45
926 118 49
926 119 43
926 120 43
926 121 39
951 1 39
951 2 28
951 3 40
951 4 40
951 5 39
951 6 42
951 7 47
951 8 43
951 9 17
951 10 10
951 11 14
951 12 40
951 13 31
951 14 39
951 15 40
951 16 43
951 17 39
951 18 40
951 19 40
951 20 20
951 21 0
951 22 19
951 23 10
951 24 11
951 25 0
951 26 25
951 27 0
951 28 39
951 29 37
951 30 47
951 31 12
951 32 0
951 33 13
951 34 0
951 35 0
951 36 11
951 37 15
951 38 0
951 39 10
951 40 0
951 41 14
951 42 0
951 43 0
951 44 0
951 45 0
951 46 11
951 47 31
951 48 44
951 49 50
951 50 0
951 51 10
951 52 0
951 53 0
951 54 0
951 55 0
951 56 0
951 57 8
951 58 44
951 59 40
951 60 40
951 61 17
951 62 0
951 63 0
951 64 0
951 65 0
951 66 0
951 67 0
951 68 10
951 69 44
951 70 43
951 71 40
951 72 14
951 73 0
951 74 0
951 75 0
951 76 0
951 77 0
951 78 0
951 79 10
951 80 10
951 81 19
951 82 9
951 83 0
951 84 10
951 85 0
951 86 0
951 87 0
951 88 0
951 89 0
951 90 0
951 91 44
951 92 41
951 93 41
951 94 10
951 95 43
951 96 41
951 97 42
951 98 0
951 99 14
951 100 7
951 101 0
951 102 43
951 103 47
951 104 37
951 105 0
951 106 39
951 107 40
951 108 45
951 109 45
951 110 40
951 111 0
951 112 17
951 113 40
951 114 42
951 115 45
951 116 21
951 117 42
951 118 40
951 119 39
951 120 44
951 121 40
976 1 47
976 2 39
976 3 30
976 4 35
976 5 42
976 6 46
976 7 40
976 8 40
976 9 14
976 10 14
976 11 18
976 12 40
976 13 42
976 14 38
976 15 44
976 16 40
976 17 42
976 18 40
976 19 38
976 20 14
976 21 0
976 22 10
976 23 12
976 24 16
976 25 0
976 26 21
976 27 0
976 28 40
976 29 37
976 30 41
976 31 10
976 32 0
976 33 10
976 34 0
976 35 0
976 36 11
976 37 14
976 38 0
976 39 11
976 40 0
976 41 10
976 42 0
976 43 0
976 44 0
976 45 0
976 46 10
976 47 32
976 48 43
976 49 46
976 50 0
976 51 7
976 52 0
976 53 0
976 54 0
976 55 0
976 56 0
976 57 11
976 58 39
976 59 50
976 60 48
976 61 13
976 62 0
976 63 0
976 64 0
976 65 0
976 66 0
976 67 0
976 68 10
976 69 40
976 70 41
976 71 40
976 72 12
976 73 0
976 74 0
976 75 0
976 76 0
976 77 0
976 78 0
976 79 9
976 80 17
976 81 17
976 82 11
976 83 0
976 84 10
976 85 0
976 86 0
976 87 0
976 88 0
976 89 0
976 90 0
976 91 38
976 92 40
976 93 42
976 94 10
976 95 45
976 96 40
976 97 40
976 98 0
976 99 11
976 100 11
976 101 0
976 102 41
976 103 48
976 104 39
976 105 0
976 106 47
976 107 39
976 108 43
976 109 39
976 110 49
976 111 0
976 112 20
976 113 44
976 114 33
976 115 41
976 116 23
976 117 48
976 118 53
976 119 43
976 120 44
976 121 43
1001 1 43
1001 2 40
1001 3 31
1001 4 39
1001 5 37
1001 6 41
1001 7 48
1001 8 39
1001 9 15
1001 10 12
1001 11 10
1001 12 38
1001 13 33
1001 14 39
1001 15 42
1001 16 42
1001 17 41
1001 18 37
1001 19 41
1001 20 22
1001 21 0
1001 22 13
1001 23 12
1001 24 14
1001 25 0
1001 26 21
1001 27 0
1001 28 41
1001 29 43
1001 30 41
1001 31 14
1001 32 0
1001 33 11
1001 34 0
1001 35 0
1001 36 12
1001 37 9
1001 38 0
1001 39 14
1001 40 0
1001 41 14
1001 42 0
1001 43 0
1001 44 0
1001 45 0
1001 46 12
1001 47 39
1001 48 44
1001 49 51
1001 50 0
1001 51 10
1001 52 0
1001 53 0
1001 54 0
1001 55 0
1001 56 0
1001 57 7
1001 58 40
1001 59 51
1001 60 51
1001 61 20
1001 62 0
1001 63 0
1001 64 0
1001 65 0
1001 66 0
1001 67 0
1001 68 11
1001 69 43
1001 70 41
1001 71 45
1001 72 8
1001 73 0
1001 74 0
1001 75 0
1001 76 0
1001 77 0
1001 78 0
1001 79 13
1001 80 11
1001 81 13
1001 82 12
1001 83 0
1001 84 10
1001 85 0
1001 86 0
1001 87 0
1001 88 0
1001 89 0
1001 90 0
1001 91 41
1001 92 40
1001 93 43
1001 94 4
1001 95 42
1001 96 45
1001 97 47
1001 98 0
1001 99 11
1001 100 11
1001 101 0
1001 102 42
1001 103 48
1001 104 29
1001 105 0
1001 106 44
1001 107 42
1001 108 46
1001 109 42
1001 110 42
1001 111 0
1001 112 20
1001 113 39
1001 114 38
1001 115 39
1001 116 17
1001 117 44
1001 118 41
1001 119 37
1001 120 45
1001 121 41
1026 1 41
1026 2 36
1026 3 31
1026 4 45
1026 5 40
1026 6 52
1026 7 41
1026 8 46
1026 9 15
1026 10 10
1026 11 11
1026 12 38
1026 13 31
1026 14 45
1026 15 41
1026 16 40
1026 17 40
1026 18 37
1026 19 44
1026 20 17
1026 21 0
1026 22 13
1026 23 9
1026 24 10
1026 25 0
1026 26 18
1026 27 0
1026 28 41
1026 29 45
1026 30 40
1026 31 9
1026 32 0
1026 33 12
1026 34 0
1026 35 0
1026 36 9
1026 37 17
1026 38 0
1026 39 11
1026 40 0
1026 41 14
1026 42 0
1026 43 0
1026 44 0
1026 45 0
1026 46 10
1026 47 34
1026 48 40
1026 49 41
1026 50 0
1026 51 8
1026 52 0
1026 53 0
1026 54 0
1026 55 0
1026 56 0
1026 57 9
1026 58 37
1026 59 38
1026 60 45
1026 61 19
1026 62 0
1026 63 0
1026 64 0
1026 65 0
1026 66 0
1026 67 0
1026 68 9
1026 69 41
1026 70 41
1026 71 38
1026 72 11
1026 73 0
1026 74 0
1026 75 0
1026 76 0
1026 77 0
1026 78 0
1026 79 8
1026 80 17
1026 81 15
1026 82 16
1026 83 0
1026 84 3
1026 85 0
1026 86 0
1026 87 0
1026 88 0
1026 89 0
1026 90 0
1026 91 40
1026 92 39
1026 93 38
1026 94 8
1026 95 39
1026 96 41
1026 97 40
1026 98 0
1026 99 13
1026 100 10
1026 101 0
1026 102 43
1026 103 50
1026 104 37
1026 105 0
1026 106 38
1026 107 51
1026 108 44
1026 109 39
1026 110 46
1026 111 0
1026 112 19
1026 113 39
1026 114 40
1026 115 49
1026 116 19
1026 117 44
1026 118 48
1026 119 41
1026 120 42
1026 121 40
1051 1 43
1051 2 39
1051 3 35
1051 4 40
1051 5 41
1051 6 38
1051 7 50
1051 8 40
1051 9 17
1051 10 12
1051 11 19
1051 12 43
1051 13 37
1051 14 37
1051 15 40
1051 16 38
1051 17 39
1051 18 41
1051 19 39
1051 20 17
1051 21 0
1051 22 14
1051 23 17
1051 24 14
1051 25 0
1051 26 21
1051 27 0
1051 28 35
1051 29 34
1051 30 44
1051 31 18
1051 32 0
1051 33 15
1051 34 0
1051 35 0
1051 36 12
1051 37 20
1051 38 0
1051 39 10
1051 40 0
1051 41 9
1051 42 0
1051 43 0
1051 44 0
1051 45 0
1051 46 10
1051 47 40
1051 48 41
1051 49 49
1051 50 0
1051 51 10
1051 52 0
1051 53 0
1051 54 0
1051 55 0
1051 56 0
1051 57 9
1051 58 44
1051 59 48
1051 60 49
1051 61 15
1051 62 0
1051 63 0
1051 64 0
1051 65 0
1051 66 0
1051 67 0
1051 68 10
1051 69 44
1051 70 50
1051 71 38
1051 72 14
1051 73 0
1051 74 0
1051 75 0
1051 76 0
1051 77 0
1051 78 0
1051 79 9
1051 80 14
1051 81 16
1051 82 10
1051 83 0
1051 84 5
1051 85 0
1051 86 0
1051 87 0
1051 88 0
1051 89 0
1051 90 0
1051 91 40
1051 92 40
1051 93 40
1051 94 11
1051 95 42
1051 96 40
1051 97 40
1051 98 0
1051 99 17
1051 100 9
1051 101 0
1051 102 44
1051 103 50
1051 104 36
1051 105 0
1051 106 45
1051 107 40
1051 108 51
1051 109 39
1051 110 44
1051 111 0
1051 112 23
1051 113 40
1051 114 37
1051 115 40
1051 116 19
1051 117 50
1051 118 41
1051 119 44
1051 120 48
1051 121 40
1076 1 44
1076 2 37
1076 3 31
1076 4 43
1076 5 39
1076 6 37
1076 7 49
1076 8 46
1076 9 16
1076 10 13
1076 11 17
1076 12 42
1076 13 38
1076 14 40
1076 15 39
1076 16 39
1076 17 43
1076 18 40
1076 19 35
1076 20 13
1076 21 0
1076 22 19
1076 23 14
1076 24 11
1076 25 0
1076 26 20
1076 27 0
1076 28 38
1076 29 44
1076 30 49
1076 31 13
1076 32 0
1076 33 8
1076 34 0
1076 35 0
1076 36 8
1076 37 16
1076 38 0
1076 39 10
1076 40 0
1076 41 10
1076 42 0
1076 43 0
1076 44 0
1076 45 0
1076 46 5
1076 47 40
1076 48 40
1076 49 43
1076 50 0
1076 51 10
1076 52 0
1076 53 0
1076 54 0
1076 55 0
1076 56 0
1076 57 14
1076 58 44
1076 59 41
1076 60 38
1076 61 13
1076 62 0
1076 63 0
1076 64 0
1076 65 0
1076 66 0
1076 67 0
1076 68 11
1076 69 40
1076 70 43
1076 71 43
1076 72 12
1076 73 0
1076 74 0
1076 75 0
1076 76 0
1076 77 0
1076 78 0
1076 79 13
1076 80 19
1076 81 16
1076 82 10
1076 83 0
1076 84 11
1076 85 0
1076 86 0
1076 87 0
1076 88 0
1076 89 0
1076 90 0
1076 91 39
1076 92 40
1076 93 42
1076 94 10
1076 95 41
1076 96 45
1076 97 40
1076 98 0
1076 99 12
1076 100 13
1076 101 0
1076 102 47
1076 103 50
1076 104 31
1076 105 0
1076 106 40
1076 107 36
1076 108 48
1076 109 45
1076 110 44
1076 111 0
1076 112 20
1076 113 40
1076 114 36
1076 115 40
1076 116 22
1076 117 50
1076 118 52
1076 119 38
1076 120 48
1076 121 41
1101 1 47
1101 2 39
1101 3 36
1101 4 46
1101 5 36
1101 6 49
1101 7 47
1101 8 44
1101 9 21
1101 10 11
1101 11 11
1101 12 41
1101 13 38
1101 14 40
1101 15 38
1101 16 39
1101 17 43
1101 18 40
1101 19 41
1101 20 18
1101 21 0
1101 22 17
1101 23 11
1101 24 13
1101 25 0
1101 26 20
1101 27 0
1101 28 37
1101 29 37
1101 30 44
1101 31 11
1101 32 0
1101 33 10
1101 34 0
1101 35 0
1101 36 12
1101 37 11
1101 38 0
1101 39 12
1101 40 0
1101 41 10
1101 42 0
1101 43 0
1101 44 0
1101 45 0
1101 46 12
1101 47 40
1101 48 43
1101 49 42
1101 50 0
1101 51 8
1101 52 0
1101 53 0
1101 54 0
1101 55 0
1101 56 0
1101 57 12
1101 58 49
1101 59 44
1101 60 47
1101 61 13
1101 62 0
1101 63 0
1101 64 0
1101 65 0
1101 66 0
1101 67 0
1101 68 11
1101 69 39
1101 70 48
1101 71 39
1101 72 7
1101 73 0
1101 74 0
1101 75 0
1101 76 0
1101 77 0
1101 78 0
1101 79 7
1101 80 13
1101 81 20
1101 82 10
1101 83 0
1101 84 10
1101 85 0
1101 86 0
1101 87 0
1101 88 0
1101 89 0
1101 90 0
1101 91 38
1101 92 40
1101 93 38
1101 94 0
1101 95 40
1101 96 41
1101 97 40
1101 98 0
1101 99 11
1101 100 5
1101 101 0
1101 102 40
1101 103 42
1101 104 32
1101 105 0
1101 106 48
1101 107 42
1101 108 43
1101 109 41
1101 110 40
1101 111 0
1101 112 19
1101 113 48
1101 114 37
1101 115 39
1101 116 17
1101 117 49
1101 118 45
1101 119 41
1101 120 44
1101 121 41
1126 1 40
1126 2 41
1126 3 28
1126 4 45
1126 5 39
1126 6 45
1126 7 41
1126 8 41
1126 9 12
1126 10 11
1126 11 11
1126 12 39
1126 13 41
1126 14 42
1126 15 46
1126 16 38
1126 17 43
1126 18 39
1126 19 36
1126 20 11
1126 21 0
1126 22 20
1126 23 9
1126 24 16
1126 25 0
1126 26 20
1126 27 0
1126 28 38
1126 29 41
1126 30 39
1126 31 12
1126 32 0
1126 33 11
1126 34 0
1126 35 0
1126 36 15
1126 37 13
1126 38 0
1126 39 10
1126 40 0
1126 41 12
1126 42 0
1126 43 0
1126 44 0
1126 45 0
1126 46 14
1126 47 36
1126 48 41
1126 49 39
1126 50 0
1126 51 0
1126 52 0
1126 53 0
1126 54 0
1126 55 0
1126 56 0
1126 57 5
1126 58 45
1126 59 40
1126 60 40
1126 61 19
1126 62 0
1126 63 0
1126 64 0
1126 65 0
1126 66 0
1126 67 0
1126 68 7
1126 69 42
1126 70 42
1126 71 38
1126 72 9
1126 73 0
1126 74 0
1126 75 0
1126 76 0
1126 77 0
1126 78 0
1126 79 8
1126 80 15
1126 81 11
1126 82 13
1126 83 0
1126 84 9
1126 85 0
1126 86 0
1126 87 0
1126 88 0
1126 89 0
1126 90 0
1126 91 32
1126 92 40
1126 93 44
1126 94 0
1126 95 41
1126 96 40
1126 97 41
1126 98 0
1126 99 11
1126 100 6
1126 101 0
1126 102 46
1126 103 46
1126 104 34
1126 105 0
1126 106 47
1126 107 38
1126 108 47
1126 109 47
1126 110 43
1126 111 0
1126 112 22
1126 113 38
1126 114 30
1126 115 39
1126 116 19
1126 117 47
1126 118 47
1126 119 43
1126 120 48
1126 121 41
1151 1 41
1151 2 37
1151 3 36
1151 4 45
1151 5 37
1151 6 49
1151 7 42
1151 8 39
1151 9 11
1151 10 11
1151 11 16
1151 12 43
1151 13 38
1151 14 36
1151 15 40
1151 16 37
1151 17 37
1151 18 40
1151 19 42
1151 20 20
1151 21 0
1151 22 16
1151 23 11
1151 24 12
1151 25 0
1151 26 18
1151 27 0
1151 28 38
1151 29 39
1151 30 42
1151 31 15
1151 32 0
1151 33 9
1151 34 0
1151 35 0
1151 36 10
1151 37 14
1151 38 0
1151 39 8
1151 40 0
1151 41 11
1151 42 0
1151 43 0
1151 44 0
1151 45 0
1151 46 11
1151 47 40
1151 48 44
1151 49 40
1151 50 0
1151 51 0
1151 52 0
1151 53 0
1151 54 0
1151 55 0
1151 56 0
1151 57 9
1151 58 39
1151 59 47
1151 60 40
1151 61 17
1151 62 0
1151 63 0
1151 64 0
1151 65 0
1151 66 0
1151 67 0
1151 68 14
1151 69 47
1151 70 40
1151 71 41
1151 72 13
1151 73 0
1151 74 0
1151 75 0
1151 76 0
1151 77 0
1151 78 0
1151 79 8
1151 80 15
1151 81 19
1151 82 12
1151 83 0
1151 84 10
1151 85 0
1151 86 0
1151 87 0
1151 88 0
1151 89 0
1151 90 0
1151 91 41
1151 92 49
1151 93 41
1151 94 0
1151 95 41
1151 96 48
1151 97 41
1151 98 0
1151 99 12
1151 100 11
1151 101 0
1151 102 50
1151 103 46
1151 104 37
1151 105 0
1151 106 42
1151 107 40
1151 108 47
1151 109 41
1151 110 45
1151 111 0
1151 112 21
1151 113 42
1151 114 39
1151 115 40
1151 116 17
1151 117 49
1151 118 45
1151 119 41
1151 120 50
1151 121 39
1176 1 33
1176 2 40
1176 3 30
1176 4 42
1176 5 40
1176 6 48
1176 7 49
1176 8 40
1176 9 16
1176 10 12
1176 11 10
1176 12 39
1176 13 40
1176 14 32
1176 15 42
1176 16 41
1176 17 41
1176 18 45
1176 19 40
1176 20 19
1176 21 0
1176 22 19
1176 23 12
1176 24 9
1176 25 0
1176 26 19
1176 27 0
1176 28 41
1176 29 41
1176 30 41
1176 31 13
1176 32 0
1176 33 10
1176 34 0
1176 35 0
1176 36 9
1176 37 16
1176 38 0
1176 39 9
1176 40 0
1176 41 10
1176 42 0
1176 43 0
1176 44 0
1176 45 0
1176 46 13
1176 47 35
1176 48 40
1176 49 44
1176 50 0
1176 51 0
1176 52 0
1176 53 0
1176 54 0
1176 55 0
1176 56 0
1176 57 10
1176 58 45
1176 59 41
1176 60 44
1176 61 16
1176 62 0
1176 63 0
1176 64 0
1176 65 0
1176 66 0
1176 67 0
1176 68 9
1176 69 43
1176 70 40
1176 71 40
1176 72 13
1176 73 0
1176 74 0
1176 75 0
1176 76 0
1176 77 0
1176 78 0
1176 79 10
1176 80 19
1176 81 12
1176 82 13
1176 83 0
1176 84 8
1176 85 0
1176 86 0
1176 87 0
1176 88 0
1176 89 0
1176 90 0
1176 91 41
1176 92 39
1176 93 41
1176 94 0
1176 95 40
1176 96 39
1176 97 43
1176 98 0
1176 99 16
1176 100 9
1176 101 0
1176 102 43
1176 103 53
1176 104 38
1176 105 0
1176 106 41
1176 107 40
1176 108 40
1176 109 41
1176 110 45
1176 111 0
1176 112 20
1176 113 43
1176 114 40
1176 115 44
1176 116 17
1176 117 46
1176 118 39
1176 119 40
1176 120 44
1176 121 39
1201 1 41
1201 2 42
1201 3 35
1201 4 41
1201 5 40
1201 6 43
1201 7 49
1201 8 40
1201 9 12
1201 10 11
1201 11 12
1201 12 38
1201 13 38
1201 14 37
1201 15 40
1201 16 49
1201 17 41
1201 18 39
1201 19 41
1201 20 20
1201 21 0
1201 22 12
1201 23 11
1201 24 6
1201 25 0
1201 26 20
1201 27 0
1201 28 40
1201 29 37
1201 30 44
1201 31 16
1201 32 0
1201 33 10
1201 34 0
1201 35 0
1201 36 10
1201 37 12
1201 38 0
1201 39 10
1201 40 0
1201 41 10
1201 42 0
1201 43 0
1201 44 0
1201 45 0
1201 46 12
1201 47 33
1201 48 38
1201 49 46
1201 50 0
1201 51 0
1201 52 0
1201 53 0
1201 54 0
1201 55 0
1201 56 0
1201 57 9
1201 58 40
1201 59 41
1201 60 46
1201 61 20
1201 62 0
1201 63 0
1201 64 0
1201 65 0
1201 66 0
1201 67 0
1201 68 15
1201 69 49
1201 70 40
1201 71 38
1201 72 12
1201 73 0
1201 74 0
1201 75 0
1201 76 0
1201 77 0
1201 78 0
1201 79 8
1201 80 13
1201 81 20
1201 82 10
1201 83 0
1201 84 5
1201 85 0
1201 86 0
1201 87 0
1201 88 0
1201 89 0
1201 90 0
1201 91 40
1201 92 39
1201 93 40
1201 94 0
1201 95 37
1201 96 49
1201 97 40
1201 98 0
1201 99 10
1201 100 6
1201 101 0
1201 102 41
1201 103 51
1201 104 39
1201 105 0
1201 106 40
1201 107 40
1201 108 51
1201 109 40
1201 110 39
1201 111 0
1201 112 19
1201 113 45
1201 114 33
1201 115 40
1201 116 18
1201 117 44
1201 118 40
1201 119 43
1201 120 43
1201 121 39
1226 1 41
1226 2 39
1226 3 34
1226 4 42
1226 5 40
1226 6 41
1226 7 44
1226 8 42
1226 9 17
1226 10 10
1226 11 13
1226 12 45
1226 13 40
1226 14 36
1226 15 42
1226 16 40
1226 17 47
1226 18 40
1226 19 46
1226 20 18
1226 21 0
1226 22 12
1226 23 9
1226 24 7
1226 25 0
1226 26 21
1226 27 0
1226 28 40
1226 29 39
1226 30 43
1226 31 12
1226 32 0
1226 33 14
1226 34 0
1226 35 0
1226 36 9
1226 37 14
1226 38 0
1226 39 15
1226 40 0
1226 41 12
1226 42 0
1226 43 0
1226 44 0
1226 45 0
1226 46 10
1226 47 35
1226 48 43
1226 49 43
1226 50 0
1226 51 0
1226 52 0
1226 53 0
1226 54 0
1226 55 0
1226 56 0
1226 57 10
1226 58 40
1226 59 47
1226 60 45
1226 61 19
1226 62 0
1226 63 0
1226 64 0
1226 65 0
1226 66 0
1226 67 0
1226 68 12
1226 69 40
1226 70 47
1226 71 40
1226 72 17
1226 73 0
1226 74 0
1226 75 0
1226 76 0
1226 77 0
1226 78 0
1226 79 15
1226 80 12
1226 81 10
1226 82 11
1226 83 0
1226 84 9
1226 85 0
1226 86 0
1226 87 0
1226 88 0
1226 89 0
1226 90 0
1226 91 40
1226 92 39
1226 93 39
1226 94 0
1226 95 37
1226 96 43
1226 97 44
1226 98 0
1226 99 15
1226 100 7
1226 101 0
1226 102 41
1226 103 50
1226 104 32
1226 105 0
1226 106 44
1226 107 40
1226 108 44
1226 109 43
1226 110 45
1226 111 0
1226 112 21
1226 113 41
1226 114 38
1226 115 46
1226 116 17
1226 117 49
1226 118 44
1226 119 40
1226 120 41
1226 121 49
1251 1 41
1251 2 35
1251 3 28
1251 4 43
1251 5 33
1251 6 49
1251 7 39
1251 8 37
1251 9 10
1251 10 9
1251 11 15
1251 12 43
1251 13 39
1251 14 40
1251 15 40
1251 16 44
1251 17 39
1251 18 40
1251 19 41
1251 20 18
1251 21 0
1251 22 19
1251 23 8
1251 24 13
1251 25 0
1251 26 23
1251 27 0
1251 28 38
1251 29 37
1251 30 40
1251 31 10
1251 32 0
1251 33 10
1251 34 0
1251 35 0
1251 36 10
1251 37 13
1251 38 0
1251 39 11
1251 40 0
1251 41 10
1251 42 0
1251 43 0
1251 44 0
1251 45 0
1251 46 8
1251 47 38
1251 48 43
1251 49 50
1251 50 0
1251 51 0
1251 52 0
1251 53 0
1251 54 0
1251 55 0
1251 56 0
1251 57 10
1251 58 38
1251 59 47
1251 60 41
1251 61 18
1251 62 0
1251 63 0
1251 64 0
1251 65 0
1251 66 0
1251 67 0
1251 68 9
1251 69 41
1251 70 46
1251 71 39
1251 72 13
1251 73 0
1251 74 0
1251 75 0
1251 76 0
1251 77 0
1251 78 0
1251 79 12
1251 80 16
1251 81 14
1251 82 13
1251 83 0
1251 84 10
1251 85 0
1251 86 0
1251 87 0
1251 88 0
1251 89 0
1251 90 0
1251 91 37
1251 92 40
1251 93 40
1251 94 0
1251 95 41
1251 96 43
1251 97 40
1251 98 0
1251 99 13
1251 100 10
1251 101 0
1251 102 40
1251 103 45
1251 104 37
1251 105 0
1251 106 40
1251 107 46
1251 108 46
1251 109 40
1251 110 41
1251 111 0
1251 112 20
1251 113 41
1251 114 40
1251 115 40
1251 116 22
1251 117 41
1251 118 42
1251 119 44
1251 120 44
1251 121 41
1276 1 42
1276 2 42
1276 3 40
1276 4 40
1276 5 41
1276 6 40
1276 7 44
1276 8 45
1276 9 14
1276 10 11
1276 11 19
1276 12 41
1276 13 39
1276 14 33
1276 15 40
1276 16 41
1276 17 40
1276 18 39
1276 19 40
1276 20 19
1276 21 0
1276 22 18
1276 23 12
1276 24 12
1276 25 0
1276 26 20
1276 27 0
1276 28 41
1276 29 40
1276 30 46
1276 31 19
1276 32 0
1276 33 13
1276 34 0
1276 35 0
1276 36 10
1276 37 10
1276 38 0
1276 39 11
1276 40 0
1276 41 11
1276 42 0
1276 43 0
1276 44 0
1276 45 0
1276 46 7
1276 47 41
1276 48 39
1276 49 41
1276 50 0
1276 51 0
1276 52 0
1276 53 0
1276 54 0
1276 55 0
1276 56 0
1276 57 9
1276 58 42
1276 59 45
1276 60 45
1276 61 19
1276 62 0
1276 63 0
1276 64 0
1276 65 0
1276 66 0
1276 67 0
1276 68 8
1276 69 39
1276 70 42
1276 71 40
1276 72 9
1276 73 0
1276 74 0
1276 75 0
1276 76 0
1276 77 0
1276 78 0
1276 79 11
1276 80 8
1276 81 17
1276 82 11
1276 83 0
1276 84 5
1276 85 0
1276 86 0
1276 87 0
1276 88 0
1276 89 0
1276 90 0
1276 91 41
1276 92 40
1276 93 39
1276 94 0
1276 95 43
1276 96 41
1276 97 40
1276 98 0
1276 99 14
1276 100 10
1276 101 0
1276 102 41
1276 103 39
1276 104 32
1276 105 0
1276 106 44
1276 107 41
1276 108 44
1276 109 40
1276 110 42
1276 111 0
1276 112 20
1276 113 47
1276 114 38
1276 115 39
1276 116 11
1276 117 41
1276 118 41
1276 119 38
1276 120 43
1276 121 39
1301 1 40
1301 2 40
1301 3 35
1301 4 44
1301 5 45
1301 6 43
1301 7 43
1301 8 44
1301 9 13
1301 10 9
1301 11 12
1301 12 42
1301 13 40
1301 14 38
1301 15 42
1301 16 41
1301 17 43
1301 18 41
1301 19 42
1301 20 15
1301 21 0
1301 22 15
1301 23 10
1301 24 10
1301 25 0
1301 26 22
1301 27 0
1301 28 39
1301 29 42
1301 30 40
1301 31 11
1301 32 0
1301 33 13
1301 34 0
1301 35 0
1301 36 11
1301 37 17
1301 38 0
1301 39 9
1301 40 0
1301 41 10
1301 42 0
1301 43 0
1301 44 0
1301 45 0
1301 46 11
1301 47 34
1301 48 40
1301 49 51
1301 50 0
1301 51 0
1301 52 0
1301 53 0
1301 54 0
1301 55 0
1301 56 0
1301 57 11
1301 58 40
1301 59 44
1301 60 47
1301 61 22
1301 62 0
1301 63 0
1301 64 0
1301 65 0
1301 66 0
1301 67 0
1301 68 10
1301 69 44
1301 70 42
1301 71 41
1301 72 14
1301 73 0
1301 74 0
1301 75 0
1301 76 0
1301 77 0
1301 78 0
1301 79 8
1301 80 9
1301 81 21
1301 82 10
1301 83 0
1301 84 7
1301 85 0
1301 86 0
1301 87 0
1301 88 0
1301 89 0
1301 90 0
1301 91 40
1301 92 41
1301 93 48
1301 94 0
1301 95 36
1301 96 44
1301 97 39
1301 98 0
1301 99 10
1301 100 4
1301 101 0
1301 102 38
1301 103 49
1301 104 30
1301 105 0
1301 106 44
1301 107 41
1301 108 49
1301 109 41
1301 110 40
1301 111 0
1301 112 17
1301 113 41
1301 114 35
1301 115 42
1301 116 11
1301 117 44
1301 118 42
1301 119 40
1301 120 50
1301 121 40
1326 1 45
1326 2 39
1326 3 40
1326 4 40
1326 5 35
1326 6 39
1326 7 51
1326 8 41
1326 9 14
1326 10 10
1326 11 15
1326 12 41
1326 13 41
1326 14 40
1326 15 37
1326 16 41
1326 17 41
1326 18 36
1326 19 40
1326 20 18
1326 21 0
1326 22 15
1326 23 12
1326 24 11
1326 25 0
1326 26 20
1326 27 0
1326 28 42
1326 29 42
1326 30 43
1326 31 12
1326 32 0
1326 33 13
1326 34 0
1326 35 0
1326 36 14
1326 37 13
1326 38 0
1326 39 12
1326 40 0
1326 41 13
1326 42 0
1326 43 0
1326 44 0
1326 45 0
1326 46 11
1326 47 29
1326 48 41
1326 49 40
1326 50 0
1326 51 0
1326 52 0
1326 53 0
1326 54 0
1326 55 0
1326 56 0
1326 57 11
1326 58 40
1326 59 45
1326 60 39
1326 61 12
1326 62 0
1326 63 0
1326 64 0
1326 65 0
1326 66 0
1326 67 0
1326 68 11
1326 69 39
1326 70 48
1326 71 40
1326 72 11
1326 73 0
1326 74 0
1326 75 0
1326 76 0
1326 77 0
1326 78 0
1326 79 13
1326 80 11
1326 81 13
1326 82 11
1326 83 0
1326 84 10
1326 85 0
1326 86 0
1326 87 0
1326 88 0
1326 89 0
1326 90 0
1326 91 41
1326 92 40
1326 93 41
1326 94 0
1326 95 35
1326 96 41
1326 97 42
1326 98 0
1326 99 14
1326 100 10
1326 101 0
1326 102 47
1326 103 50
1326 104 32
1326 105 0
1326 106 43
1326 107 45
1326 108 50
1326 109 41
1326 110 49
1326 111 0
1326 112 18
1326 113 42
1326 114 38
1326 115 41
1326 116 19
1326 117 47
1326 118 43
1326 119 34
1326 120 51
1326 121 35
1351 1 40
1351 2 40
1351 3 34
1351 4 42
1351 5 41
1351 6 48
1351 7 50
1351 8 48
1351 9 15
1351 10 11
1351 11 12
1351 12 42
1351 13 35
1351 14 41
1351 15 42
1351 16 41
1351 17 47
1351 18 42
1351 19 46
1351 20 17
1351 21 0
1351 22 11
1351 23 13
1351 24 13
1351 25 0
1351 26 18
1351 27 0
1351 28 38
1351 29 41
1351 30 44
1351 31 11
1351 32 0
1351 33 15
1351 34 0
1351 35 0
1351 36 12
1351 37 20
1351 38 0
1351 39 14
1351 40 0
1351 41 9
1351 42 0
1351 43 0
1351 44 0
1351 45 0
1351 46 13
1351 47 37
1351 48 48
1351 49 46
1351 50 0
1351 51 0
1351 52 0
1351 53 0
1351 54 0
1351 55 0
1351 56 0
1351 57 10
1351 58 42
1351 59 43
1351 60 46
1351 61 20
1351 62 0
1351 63 0
1351 64 0
1351 65 0
1351 66 0
1351 67 0
1351 68 11
1351 69 40
1351 70 49
1351 71 41
1351 72 9
1351 73 0
1351 74 0
1351 75 0
1351 76 0
1351 77 0
1351 78 0
1351 79 8
1351 80 12
1351 81 13
1351 82 12
1351 83 0
1351 84 9
1351 85 0
1351 86 0
1351 87 0
1351 88 0
1351 89 0
1351 90 0
1351 91 42
1351 92 40
1351 93 43
1351 94 0
1351 95 40
1351 96 42
1351 97 39
1351 98 0
1351 99 15
1351 100 3
1351 101 0
1351 102 46
1351 103 47
1351 104 30
1351 105 0
1351 106 40
1351 107 44
1351 108 40
1351 109 47
1351 110 42
1351 111 0
1351 112 16
1351 113 41
1351 114 41
1351 115 46
1351 116 16
1351 117 49
1351 118 49
1351 119 42
1351 120 44
1351 121 40
1376 1 45
1376 2 33
1376 3 39
1376 4 44
1376 5 41
1376 6 50
1376 7 47
1376 8 40
1376 9 18
1376 10 10
1376 11 14
1376 12 41
1376 13 30
1376 14 40
1376 15 40
1376 16 40
1376 17 44
1376 18 40
1376 19 42
1376 20 18
1376 21 0
1376 22 19
1376 23 12
1376 24 16
1376 25 0
1376 26 18
1376 27 0
1376 28 38
1376 29 37
1376 30 45
1376 31 10
1376 32 0
1376 33 16
1376 34 0
1376 35 0
1376 36 13
1376 37 12
1376 38 0
1376 39 10
1376 40 0
1376 41 14
1376 42 0
1376 43 0
1376 44 0
1376 45 0
1376 46 13
1376 47 31
1376 48 45
1376 49 43
1376 50 0
1376 51 0
1376 52 0
1376 53 0
1376 54 0
1376 55 0
1376 56 0
1376 57 11
1376 58 38
1376 59 47
1376 60 37
1376 61 17
1376 62 0
1376 63 0
1376 64 0
1376 65 0
1376 66 0
1376 67 0
1376 68 22
1376 69 47
1376 70 40
1376 71 44
1376 72 18
1376 73 0
1376 74 0
1376 75 0
1376 76 0
1376 77 0
1376 78 0
1376 79 15
1376 80 16
1376 81 15
1376 82 17
1376 83 0
1376 84 8
1376 85 0
1376 86 0
1376 87 0
1376 88 0
1376 89 0
1376 90 0
1376 91 40
1376 92 40
1376 93 39
1376 94 0
1376 95 39
1376 96 41
1376 97 42
1376 98 0
1376 99 11
1376 100 10
1376 101 0
1376 102 47
1376 103 49
1376 104 30
1376 105 0
1376 106 40
1376 107 46
1376 108 48
1376 109 39
1376 110 49
1376 111 0
1376 112 20
1376 113 38
1376 114 42
1376 115 40
1376 116 19
1376 117 51
1376 118 43
1376 119 40
1376 120 50
1376 121 43
1401 1 40
1401 2 42
1401 3 32
1401 4 40
1401 5 39
1401 6 44
1401 7 42
1401 8 40
1401 9 13
1401 10 14
1401 11 16
1401 12 38
1401 13 31
1401 14 39
1401 15 41
1401 16 41
1401 17 39
1401 18 43
1401 19 41
1401 20 22
1401 21 0
1401 22 18
1401 23 11
1401 24 14
1401 25 0
1401 26 27
1401 27 0
1401 28 32
1401 29 40
1401 30 42
1401 31 15
1401 32 0
1401 33 8
1401 34 0
1401 35 0
1401 36 10
1401 37 14
1401 38 0
1401 39 10
1401 40 0
1401 41 10
1401 42 0
1401 43 0
1401 44 0
1401 45 0
1401 46 11
1401 47 35
1401 48 41
1401 49 44
1401 50 0
1401 51 0
1401 52 0
1401 53 0
1401 54 0
1401 55 0
1401 56 0
1401 57 12
1401 58 42
1401 59 40
1401 60 39
1401 61 19
1401 62 0
1401 63 0
1401 64 0
1401 65 0
1401 66 0
1401 67 0
1401 68 10
1401 69 40
1401 70 43
1401 71 39
1401 72 8
1401 73 0
1401 74 0
1401 75 0
1401 76 0
1401 77 0
1401 78 0
1401 79 10
1401 80 14
1401 81 17
1401 82 10
1401 83 0
1401 84 11
1401 85 0
1401 86 0
1401 87 0
1401 88 0
1401 89 0
1401 90 0
1401 91 31
1401 92 36
1401 93 40
1401 94 0
1401 95 39
1401 96 43
1401 97 49
1401 98 0
1401 99 10
1401 100 10
1401 101 0
1401 102 38
1401 103 41
1401 104 34
1401 105 0
1401 106 39
1401 107 40
1401 108 43
1401 109 38
1401 110 40
1401 111 0
1401 112 19
1401 113 38
1401 114 34
1401 115 40
1401 116 16
1401 117 46
1401 118 45
1401 119 48
1401 120 41
1401 121 40
1426 1 37
1426 2 31
1426 3 32
1426 4 40
1426 5 45
1426 6 41
1426 7 37
1426 8 42
1426 9 18
1426 10 11
1426 11 13
1426 12 37
1426 13 38
1426 14 37
1426 15 43
1426 16 39
1426 17 39
1426 18 40
1426 19 49
1426 20 20
1426 21 0
1426 22 10
1426 23 5
1426 24 19
1426 25 0
1426 26 21
1426 27 0
1426 28 42
1426 29 40
1426 30 42
1426 31 12
1426 32 0
1426 33 10
1426 34 0
1426 35 0
1426 36 10
1426 37 11
1426 38 0
1426 39 10
1426 40 0
1426 41 10
1426 42 0
1426 43 0
1426 44 0
1426 45 0
1426 46 12
1426 47 39
1426 48 40
1426 49 50
1426 50 0
1426 51 0
1426 52 0
1426 53 0
1426 54 0
1426 55 0
1426 56 0
1426 57 10
1426 58 40
1426 59 43
1426 60 49
1426 61 19
1426 62 0
1426 63 0
1426 64 0
1426 65 0
1426 66 0
1426 67 0
1426 68 10
1426 69 43
1426 70 51
1426 71 42
1426 72 10
1426 73 0
1426 74 0
1426 75 0
1426 76 0
1426 77 0
1426 78 0
1426 79 12
1426 80 19
1426 81 10
1426 82 10
1426 83 0
1426 84 9
1426 85 0
1426 86 0
1426 87 0
1426 88 0
1426 89 0
1426 90 0
1426 91 40
1426 92 43
1426 93 40
1426 94 0
1426 95 41
1426 96 40
1426 97 41
1426 98 0
1426 99 10
1426 100 10
1426 101 0
1426 102 38
1426 103 49
1426 104 38
1426 105 0
1426 106 40
1426 107 39
1426 108 44
1426 109 38
1426 110 50
1426 111 0
1426 112 19
1426 113 41
1426 114 32
1426 115 41
1426 116 16
1426 117 40
1426 118 47
1426 119 40
1426 120 46
1426 121 41
1451 1 41
1451 2 36
1451 3 30
1451 4 40
1451 5 37
1451 6 42
1451 7 40
1451 8 45
1451 9 12
1451 10 11
1451 11 10
1451 12 40
1451 13 39
1451 14 40
1451 15 42
1451 16 45
1451 17 42
1451 18 40
1451 19 42
1451 20 16
1451 21 0
1451 22 19
1451 23 10
1451 24 13
1451 25 0
1451 26 19
1451 27 0
1451 28 42
1451 29 38
1451 30 44
1451 31 12
1451 32 0
1451 33 11
1451 34 0
1451 35 0
1451 36 9
1451 37 14
1451 38 0
1451 39 10
1451 40 0
1451 41 13
1451 42 0
1451 43 0
1451 44 0
1451 45 0
1451 46 15
1451 47 38
1451 48 38
1451 49 51
1451 50 0
1451 51 0
1451 52 0
1451 53 0
1451 54 0
1451 55 0
1451 56 0
1451 57 6
1451 58 39
1451 59 44
1451 60 50
1451 61 16
1451 62 0
1451 63 0
1451 64 0
1451 65 0
1451 66 0
1451 67 0
1451 68 12
1451 69 43
1451 70 42
1451 71 41
1451 72 13
1451 73 0
1451 74 0
1451 75 0
1451 76 0
1451 77 0
1451 78 0
1451 79 13
1451 80 14
1451 81 14
1451 82 10
1451 83 0
1451 84 10
1451 85 0
1451 86 0
1451 87 0
1451 88 0
1451 89 0
1451 90 0
1451 91 39
1451 92 47
1451 93 45
1451 94 0
1451 95 44
1451 96 50
1451 97 43
1451 98 0
1451 99 14
1451 100 8
1451 101 0
1451 102 44
1451 103 50
1451 104 34
1451 105 0
1451 106 42
1451 107 39
1451 108 45
1451 109 40
1451 110 40
1451 111 0
1451 112 25
1451 113 41
1451 114 39
1451 115 41
1451 116 16
1451 117 42
1451 118 40
1451 119 44
1451 120 45
1451 121 41
1476 1 42
1476 2 39
1476 3 32
1476 4 37
1476 5 40
1476 6 44
1476 7 47
1476 8 44
1476 9 21
1476 10 16
1476 11 12
1476 12 38
1476 13 40
1476 14 40
1476 15 40
1476 16 48
1476 17 40
1476 18 39
1476 19 39
1476 20 18
1476 21 0
1476 22 12
1476 23 10
1476 24 14
1476 25 0
1476 26 20
1476 27 0
1476 28 35
1476 29 40
1476 30 42
1476 31 13
1476 32 0
1476 33 12
1476 34 0
1476 35 0
1476 36 10
1476 37 15
1476 38 0
1476 39 9
1476 40 0
1476 41 8
1476 42 0
1476 43 0
1476 44 0
1476 45 0
1476 46 8
1476 47 32
1476 48 42
1476 49 48
1476 50 0
1476 51 0
1476 52 0
1476 53 0
1476 54 0
1476 55 0
1476 56 0
1476 57 7
1476 58 39
1476 59 46
1476 60 50
1476 61 20
1476 62 0
1476 63 0
1476 64 0
1476 65 0
1476 66 0
1476 67 0
1476 68 8
1476 69 44
1476 70 47
1476 71 41
1476 72 10
1476 73 0
1476 74 0
1476 75 0
1476 76 0
1476 77 0
1476 78 0
1476 79 10
1476 80 17
1476 81 20
1476 82 10
1476 83 0
1476 84 9
1476 85 0
1476 86 0
1476 87 0
1476 88 0
1476 89 0
1476 90 0
1476 91 39
1476 92 42
1476 93 46
1476 94 0
1476 95 46
1476 96 39
1476 97 49
1476 98 0
1476 99 14
1476 100 10
1476 101 0
1476 102 40
1476 103 46
1476 104 28
1476 105 0
1476 106 39
1476 107 41
1476 108 47
1476 109 40
1476 110 39
1476 111 0
1476 112 25
1476 113 45
1476 114 32
1476 115 40
1476 116 17
1476 117 47
1476 118 50
1476 119 42
1476 120 49
1476 121 41
1501 1 45
1501 2 38
1501 3 29
1501 4 42
1501 5 33
1501 6 45
1501 7 40
1501 8 38
1501 9 20
1501 10 6
1501 11 20
1501 12 40
1501 13 38
1501 14 40
1501 15 37
1501 16 42
1501 17 40
1501 18 42
1501 19 43
1501 20 20
1501 21 0
1501 22 13
1501 23 12
1501 24 14
1501 25 0
1501 26 21
1501 27 0
1501 28 40
1501 29 42
1501 30 41
1501 31 13
1501 32 0
1501 33 12
1501 34 0
1501 35 0
1501 36 11
1501 37 15
1501 38 0
1501 39 12
1501 40 0
1501 41 12
1501 42 0
1501 43 0
1501 44 0
1501 45 0
1501 46 11
1501 47 40
1501 48 44
1501 49 43
1501 50 0
1501 51 0
1501 52 0
1501 53 0
1501 54 0
1501 55 0
1501 56 0
1501 57 7
1501 58 43
1501 59 45
1501 60 44
1501 61 16
1501 62 0
1501 63 0
1501 64 0
1501 65 0
1501 66 0
1501 67 0
1501 68 12
1501 69 42
1501 70 43
1501 71 40
1501 72 13
1501 73 0
1501 74 0
1501 75 0
1501 76 0
1501 77 0
1501 78 0
1501 79 10
1501 80 15
1501 81 13
1501 82 10
1501 83 0
1501 84 10
1501 85 0
1501 86 0
1501 87 0
1501 88 0
1501 89 0
1501 90 0
1501 91 40
1501 92 41
1501 93 40
1501 94 0
1501 95 41
1501 96 43
1501 97 46
1501 98 0
1501 99 11
1501 100 11
1501 101 0
1501 102 49
1501 103 43
1501 104 30
1501 105 0
1501 106 47
1501 107 42
1501 108 42
1501 109 40
1501 110 45
1501 111 0
1501 112 23
1501 113 42
1501 114 39
1501 115 40
1501 116 18
1501 117 40
1501 118 45
1501 119 37
1501 120 49
1501 121 42
1526 1 42
1526 2 36
1526 3 31
1526 4 44
1526 5 39
1526 6 47
1526 7 44
1526 8 42
1526 9 20
1526 10 10
1526 11 15
1526 12 45
1526 13 36
1526 14 38
1526 15 43
1526 16 41
1526 17 41
1526 18 39
1526 19 39
1526 20 20
1526 21 0
1526 22 15
1526 23 11
1526 24 9
1526 25 0
1526 26 21
1526 27 0
1526 28 40
1526 29 35
1526 30 41
1526 31 12
1526 32 0
1526 33 12
1526 34 0
1526 35 0
1526 36 9
1526 37 14
1526 38 0
1526 39 11
1526 40 0
1526 41 10
1526 42 0
1526 43 0
1526 44 0
1526 45 0
1526 46 13
1526 47 39
1526 48 43
1526 49 41
1526 50 0
1526 51 0
1526 52 0
1526 53 0
1526 54 0
1526 55 0
1526 56 0
1526 57 11
1526 58 42
1526 59 44
1526 60 50
1526 61 16
1526 62 0
1526 63 0
1526 64 0
1526 65 0
1526 66 0
1526 67 0
1526 68 8
1526 69 43
1526 70 49
1526 71 41
1526 72 12
1526 73 0
1526 74 0
1526 75 0
1526 76 0
1526 77 0
1526 78 0
1526 79 10
1526 80 17
1526 81 18
1526 82 16
1526 83 0
1526 84 8
1526 85 0
1526 86 0
1526 87 0
1526 88 0
1526 89 0
1526 90 0
1526 91 42
1526 92 41
1526 93 40
1526 94 0
1526 95 40
1526 96 42
1526 97 42
1526 98 0
1526 99 14
1526 100 14
1526 101 0
1526 102 41
1526 103 39
1526 104 31
1526 105 0
1526 106 51
1526 107 36
1526 108 46
1526 109 48
1526 110 41
1526 111 0
1526 112 20
1526 113 38
1526 114 34
1526 115 41
1526 116 21
1526 117 34
1526 118 40
1526 119 41
1526 120 50
1526 121 38
1551 1 40
1551 2 37
1551 3 37
1551 4 39
1551 5 40
1551 6 47
1551 7 48
1551 8 40
1551 9 17
1551 10 13
1551 11 11
1551 12 42
1551 13 35
1551 14 30
1551 15 41
1551 16 39
1551 17 38
1551 18 40
1551 19 40
1551 20 20
1551 21 0
1551 22 21
1551 23 8
1551 24 10
1551 25 0
1551 26 19
1551 27 0
1551 28 40
1551 29 39
1551 30 38
1551 31 13
1551 32 0
1551 33 14
1551 34 0
1551 35 0
1551 36 9
1551 37 15
1551 38 0
1551 39 13
1551 40 0
1551 41 12
1551 42 0
1551 43 0
1551 44 0
1551 45 0
1551 46 11
1551 47 30
1551 48 42
1551 49 43
1551 50 0
1551 51 0
1551 52 0
1551 53 0
1551 54 0
1551 55 0
1551 56 0
1551 57 11
1551 58 42
1551 59 46
1551 60 41
1551 61 11
1551 62 0
1551 63 0
1551 64 0
1551 65 0
1551 66 0
1551 67 0
1551 68 11
1551 69 43
1551 70 42
1551 71 38
1551 72 10
1551 73 0
1551 74 0
1551 75 0
1551 76 0
1551 77 0
1551 78 0
1551 79 13
1551 80 16
1551 81 17
1551 82 13
1551 83 0
1551 84 4
1551 85 0
1551 86 0
1551 87 0
1551 88 0
1551 89 0
1551 90 0
1551 91 44
1551 92 43
1551 93 43
1551 94 0
1551 95 41
1551 96 38
1551 97 40
1551 98 0
1551 99 10
1551 100 11
1551 101 0
1551 102 46
1551 103 51
1551 104 40
1551 105 0
1551 106 40
1551 107 41
1551 108 43
1551 109 38
1551 110 43
1551 111 0
1551 112 20
1551 113 41
1551 114 38
1551 115 44
1551 116 20
1551 117 43
1551 118 44
1551 119 41
1551 120 49
1551 121 41
1576 1 40
1576 2 37
1576 3 38
1576 4 43
1576 5 39
1576 6 47
1576 7 48
1576 8 40
1576 9 14
1576 10 9
1576 11 15
1576 12 40
1576 13 34
1576 14 40
1576 15 38
1576 16 42
1576 17 42
1576 18 45
1576 19 44
1576 20 20
1576 21 0
1576 22 16
1576 23 8
1576 24 17
1576 25 0
1576 26 21
1576 27 0
1576 28 39
1576 29 37
1576 30 42
1576 31 12
1576 32 0
1576 33 10
1576 34 0
1576 35 0
1576 36 11
1576 37 15
1576 38 0
1576 39 8
1576 40 0
1576 41 8
1576 42 0
1576 43 0
1576 44 0
1576 45 0
1576 46 10
1576 47 35
1576 48 41
1576 49 48
1576 50 0
1576 51 0
1576 52 0
1576 53 0
1576 54 0
1576 55 0
1576 56 0
1576 57 9
1576 58 38
1576 59 43
1576 60 45
1576 61 15
1576 62 0
1576 63 0
1576 64 0
1576 65 0
1576 66 0
1576 67 0
1576 68 13
1576 69 51
1576 70 48
1576 71 50
1576 72 15
1576 73 0
1576 74 0
1576 75 0
1576 76 0
1576 77 0
1576 78 0
1576 79 12
1576 80 10
1576 81 18
1576 82 13
1576 83 0
1576 84 12
1576 85 0
1576 86 0
1576 87 0
1576 88 0
1576 89 0
1576 90 0
1576 91 44
1576 92 42
1576 93 42
1576 94 0
1576 95 44
1576 96 42
1576 97 40
1576 98 0
1576 99 13
1576 100 10
1576 101 0
1576 102 41
1576 103 51
1576 104 40
1576 105 0
1576 106 40
1576 107 42
1576 108 41
1576 109 40
1576 110 39
1576 111 0
1576 112 20
1576 113 39
1576 114 38
1576 115 42
1576 116 21
1576 117 40
1576 118 40
1576 119 48
1576 120 46
1576 121 39
1601 1 40
1601 2 37
1601 3 40
1601 4 37
1601 5 40
1601 6 48
1601 7 49
1601 8 39
1601 9 19
1601 10 10
1601 11 14
1601 12 41
1601 13 39
1601 14 38
1601 15 42
1601 16 42
1601 17 41
1601 18 45
1601 19 40
1601 20 19
1601 21 0
1601 22 12
1601 23 9
1601 24 14
1601 25 0
1601 26 20
1601 27 0
1601 28 36
1601 29 41
1601 30 40
1601 31 11
1601 32 0
1601 33 14
1601 34 0
1601 35 0
1601 36 10
1601 37 12
1601 38 0
1601 39 11
1601 40 0
1601 41 12
1601 42 0
1601 43 0
1601 44 0
1601 45 0
1601 46 12
1601 47 37
1601 48 42
1601 49 51
1601 50 0
1601 51 0
1601 52 0
1601 53 0
1601 54 0
1601 55 0
1601 56 0
1601 57 10
1601 58 37
1601 59 41
1601 60 44
1601 61 18
1601 62 0
1601 63 0
1601 64 0
1601 65 0
1601 66 0
1601 67 0
1601 68 11
1601 69 41
1601 70 42
1601 71 41
1601 72 12
1601 73 0
1601 74 0
1601 75 0
1601 76 0
1601 77 0
1601 78 0
1601 79 15
1601 80 14
1601 81 18
1601 82 12
1601 83 0
1601 84 10
1601 85 0
1601 86 0
1601 87 0
1601 88 0
1601 89 0
1601 90 0
1601 91 40
1601 92 41
1601 93 43
1601 94 0
1601 95 40
1601 96 40
1601 97 39
1601 98 0
1601 99 13
1601 100 10
1601 101 0
1601 102 41
1601 103 46
1601 104 36
1601 105 0
1601 106 40
1601 107 42
1601 108 46
1601 109 41
1601 110 41
1601 111 0
1601 112 19
1601 113 43
1601 114 30
1601 115 45
1601 116 20
1601 117 41
1601 118 41
1601 119 42
1601 120 49
1601 121 40
1626 1 42
1626 2 33
1626 3 37
1626 4 41
1626 5 38
1626 6 50
1626 7 45
1626 8 44
1626 9 13
1626 10 12
1626 11 16
1626 12 42
1626 13 40
1626 14 34
1626 15 43
1626 16 38
1626 17 40
1626 18 37
1626 19 41
1626 20 20
1626 21 0
1626 22 16
1626 23 7
1626 24 10
1626 25 0
1626 26 20
1626 27 0
1626 28 33
1626 29 38
1626 30 39
1626 31 13
1626 32 0
1626 33 10
1626 34 0
1626 35 0
1626 36 11
1626 37 13
1626 38 0
1626 39 18
1626 40 0
1626 41 10
1626 42 0
1626 43 0
1626 44 0
1626 45 0
1626 46 12
1626 47 40
1626 48 41
1626 49 47
1626 50 0
1626 51 0
1626 52 0
1626 53 0
1626 54 0
1626 55 0
1626 56 0
1626 57 7
1626 58 41
1626 59 49
1626 60 41
1626 61 16
1626 62 0
1626 63 0
1626 64 0
1626 65 0
1626 66 0
1626 67 0
1626 68 15
1626 69 46
1626 70 45
1626 71 41
1626 72 11
1626 73 0
1626 74 0
1626 75 0
1626 76 0
1626 77 0
1626 78 0
1626 79 11
1626 80 16
1626 81 14
1626 82 12
1626 83 0
1626 84 9
1626 85 0
1626 86 0
1626 87 0
1626 88 0
1626 89 0
1626 90 0
1626 91 39
1626 92 50
1626 93 42
1626 94 0
1626 95 43
1626 96 43
1626 97 43
1626 98 0
1626 99 17
1626 100 9
1626 101 0
1626 102 44
1626 103 48
1626 104 40
1626 105 0
1626 106 39
1626 107 39
1626 108 49
1626 109 40
1626 110 42
1626 111 0
1626 112 23
1626 113 42
1626 114 32
1626 115 40
1626 116 22
1626 117 48
1626 118 42
1626 119 40
1626 120 48
1626 121 37
1651 1 42
1651 2 42
1651 3 38
1651 4 39
1651 5 34
1651 6 40
1651 7 49
1651 8 42
1651 9 12
1651 10 11
1651 11 14
1651 12 47
1651 13 46
1651 14 40
1651 15 42
1651 16 35
1651 17 41
1651 18 40
1651 19 40
1651 20 20
1651 21 0
1651 22 18
1651 23 9
1651 24 11
1651 25 0
1651 26 24
1651 27 0
1651 28 38
1651 29 43
1651 30 43
1651 31 14
1651 32 0
1651 33 15
1651 34 0
1651 35 0
1651 36 10
1651 37 19
1651 38 0
1651 39 11
1651 40 0
1651 41 12
1651 42 0
1651 43 0
1651 44 0
1651 45 0
1651 46 10
1651 47 32
1651 48 43
1651 49 50
1651 50 0
1651 51 0
1651 52 0
1651 53 0
1651 54 0
1651 55 0
1651 56 0
1651 57 6
1651 58 43
1651 59 45
1651 60 50
1651 61 21
1651 62 0
1651 63 0
1651 64 0
1651 65 0
1651 66 0
1651 67 0
1651 68 11
1651 69 41
1651 70 49
1651 71 39
1651 72 11
1651 73 0
1651 74 0
1651 75 0
1651 76 0
1651 77 0
1651 78 0
1651 79 10
1651 80 14
1651 81 17
1651 82 11
1651 83 0
1651 84 10
1651 85 0
1651 86 0
1651 87 0
1651 88 0
1651 89 0
1651 90 0
1651 91 39
1651 92 41
1651 93 44
1651 94 0
1651 95 37
1651 96 43
1651 97 40
1651 98 0
1651 99 10
1651 100 11
1651 101 0
1651 102 44
1651 103 48
1651 104 40
1651 105 0
1651 106 41
1651 107 42
1651 108 47
1651 109 42
1651 110 39
1651 111 0
1651 112 19
1651 113 44
1651 114 36
1651 115 39
1651 116 19
1651 117 43
1651 118 39
1651 119 35
1651 120 43
1651 121 44
1676 1 48
1676 2 38
1676 3 33
1676 4 39
1676 5 38
1676 6 49
1676 7 39
1676 8 42
1676 9 17
1676 10 5
1676 11 15
1676 12 39
1676 13 40
1676 14 39
1676 15 32
1676 16 40
1676 17 46
1676 18 48
1676 19 42
1676 20 14
1676 21 0
1676 22 16
1676 23 13
1676 24 10
1676 25 0
1676 26 25
1676 27 0
1676 28 44
1676 29 40
1676 30 46
1676 31 17
1676 32 0
1676 33 12
1676 34 0
1676 35 0
1676 36 10
1676 37 11
1676 38 0
1676 39 14
1676 40 0
1676 41 12
1676 42 0
1676 43 0
1676 44 0
1676 45 0
1676 46 8
1676 47 36
1676 48 41
1676 49 47
1676 50 0
1676 51 0
1676 52 0
1676 53 0
1676 54 0
1676 55 0
1676 56 0
1676 57 10
1676 58 42
1676 59 47
1676 60 43
1676 61 20
1676 62 0
1676 63 0
1676 64 0
1676 65 0
1676 66 0
1676 67 0
1676 68 9
1676 69 44
1676 70 42
1676 71 42
1676 72 14
1676 73 0
1676 74 0
1676 75 0
1676 76 0
1676 77 0
1676 78 0
1676 79 11
1676 80 19
1676 81 14
1676 82 9
1676 83 0
1676 84 10
1676 85 0
1676 86 0
1676 87 0
1676 88 0
1676 89 0
1676 90 0
1676 91 40
1676 92 42
1676 93 41
1676 94 0
1676 95 49
1676 96 40
1676 97 41
1676 98 0
1676 99 9
1676 100 6
1676 101 0
1676 102 40
1676 103 42
1676 104 40
1676 105 0
1676 106 45
1676 107 38
1676 108 42
1676 109 44
1676 110 48
1676 111 0
1676 112 21
1676 113 46
1676 114 36
1676 115 45
1676 116 17
1676 117 44
1676 118 41
1676 119 40
1676 120 43
1676 121 40
1701 1 41
1701 2 33
1701 3 33
1701 4 40
1701 5 32
1701 6 47
1701 7 42
1701 8 43
1701 9 14
1701 10 12
1701 11 17
1701 12 40
1701 13 30
1701 14 39
1701 15 38
1701 16 44
1701 17 44
1701 18 43
1701 19 40
1701 20 17
1701 21 0
1701 22 15
1701 23 11
1701 24 8
1701 25 0
1701 26 20
1701 27 0
1701 28 39
1701 29 39
1701 30 43
1701 31 14
1701 32 0
1701 33 16
1701 34 0
1701 35 0
1701 36 10
1701 37 13
1701 38 0
1701 39 11
1701 40 0
1701 41 13
1701 42 0
1701 43 0
1701 44 0
1701 45 0
1701 46 10
1701 47 36
1701 48 40
1701 49 41
1701 50 0
1701 51 0
1701 52 0
1701 53 0
1701 54 0
1701 55 0
1701 56 0
1701 57 11
1701 58 40
1701 59 39
1701 60 41
1701 61 13
1701 62 0
1701 63 0
1701 64 0
1701 65 0
1701 66 0
1701 67 0
1701 68 8
1701 69 43
1701 70 41
1701 71 40
1701 72 10
1701 73 0
1701 74 0
1701 75 0
1701 76 0
1701 77 0
1701 78 0
1701 79 10
1701 80 14
1701 81 13
1701 82 11
1701 83 0
1701 84 10
1701 85 0
1701 86 0
1701 87 0
1701 88 0
1701 89 0
1701 90 0
1701 91 39
1701 92 42
1701 93 44
1701 94 0
1701 95 35
1701 96 41
1701 97 46
1701 98 0
1701 99 11
1701 100 9
1701 101 0
1701 102 39
1701 103 42
1701 104 37
1701 105 0
1701 106 40
1701 107 48
1701 108 48
1701 109 48
1701 110 40
1701 111 0
1701 112 20
1701 113 39
1701 114 38
1701 115 43
1701 116 20
1701 117 48
1701 118 44
1701 119 41
1701 120 42
1701 121 40
1726 1 41
1726 2 37
1726 3 30
1726 4 46
1726 5 40
1726 6 44
1726 7 41
1726 8 42
1726 9 19
1726 10 12
1726 11 16
1726 12 40
1726 13 39
1726 14 40
1726 15 40
1726 16 31
1726 17 44
1726 18 43
1726 19 42
1726 20 18
1726 21 0
1726 22 13
1726 23 11
1726 24 11
1726 25 0
1726 26 21
1726 27 0
1726 28 38
1726 29 40
1726 30 40
1726 31 12
1726 32 0
1726 33 10
1726 34 0
1726 35 0
1726 36 11
1726 37 12
1726 38 0
1726 39 10
1726 40 0
1726 41 10
1726 42 0
1726 43 0
1726 44 0
1726 45 0
1726 46 11
1726 47 37
1726 48 41
1726 49 43
1726 50 0
1726 51 0
1726 52 0
1726 53 0
1726 54 0
1726 55 0
1726 56 0
1726 57 9
1726 58 40
1726 59 43
1726 60 40
1726 61 13
1726 62 0
1726 63 0
1726 64 0
1726 65 0
1726 66 0
1726 67 0
1726 68 12
1726 69 37
1726 70 47
1726 71 40
1726 72 12
1726 73 0
1726 74 0
1726 75 0
1726 76 0
1726 77 0
1726 78 0
1726 79 10
1726 80 14
1726 81 12
1726 82 15
1726 83 0
1726 84 9
1726 85 0
1726 86 0
1726 87 0
1726 88 0
1726 89 0
1726 90 0
1726 91 45
1726 92 41
1726 93 44
1726 94 0
1726 95 40
1726 96 42
1726 97 50
1726 98 0
1726 99 12
1726 100 10
1726 101 0
1726 102 43
1726 103 47
1726 104 34
1726 105 0
1726 106 35
1726 107 39
1726 108 50
1726 109 48
1726 110 50
1726 111 0
1726 112 18
1726 113 35
1726 114 26
1726 115 40
1726 116 14
1726 117 50
1726 118 51
1726 119 46
1726 120 41
1726 121 39
1751 1 43
1751 2 39
1751 3 39
1751 4 40
1751 5 39
1751 6 47
1751 7 42
1751 8 39
1751 9 12
1751 10 11
1751 11 16
1751 12 39
1751 13 40
1751 14 40
1751 15 40
1751 16 40
1751 17 40
1751 18 46
1751 19 34
1751 20 10
1751 21 0
1751 22 14
1751 23 10
1751 24 16
1751 25 0
1751 26 20
1751 27 0
1751 28 35
1751 29 39
1751 30 39
1751 31 11
1751 32 0
1751 33 15
1751 34 0
1751 35 0
1751 36 7
1751 37 11
1751 38 0
1751 39 12
1751 40 0
1751 41 8
1751 42 0
1751 43 0
1751 44 0
1751 45 0
1751 46 9
1751 47 39
1751 48 44
1751 49 41
1751 50 0
1751 51 0
1751 52 0
1751 53 0
1751 54 0
1751 55 0
1751 56 0
1751 57 10
1751 58 40
1751 59 47
1751 60 42
1751 61 20
1751 62 0
1751 63 0
1751 64 0
1751 65 0
1751 66 0
1751 67 0
1751 68 16
1751 69 47
1751 70 46
1751 71 41
1751 72 10
1751 73 0
1751 74 0
1751 75 0
1751 76 0
1751 77 0
1751 78 0
1751 79 12
1751 80 15
1751 81 14
1751 82 10
1751 83 0
1751 84 12
1751 85 0
1751 86 0
1751 87 0
1751 88 0
1751 89 0
1751 90 0
1751 91 40
1751 92 44
1751 93 43
1751 94 0
1751 95 43
1751 96 38
1751 97 45
1751 98 0
1751 99 13
1751 100 10
1751 101 0
1751 102 45
1751 103 48
1751 104 39
1751 105 0
1751 106 40
1751 107 45
1751 108 49
1751 109 40
1751 110 40
1751 111 0
1751 112 19
1751 113 42
1751 114 36
1751 115 39
1751 116 19
1751 117 42
1751 118 43
1751 119 40
1751 120 40
1751 121 41
1776 1 42
1776 2 32
1776 3 36
1776 4 43
1776 5 34
1776 6 43
1776 7 38
1776 8 40
1776 9 13
1776 10 12
1776 11 14
1776 12 41
1776 13 40
1776 14 41
1776 15 46
1776 16 40
1776 17 40
1776 18 40
1776 19 41
1776 20 9
1776 21 0
1776 22 16
1776 23 15
1776 24 12
1776 25 0
1776 26 20
1776 27 0
1776 28 36
1776 29 43
1776 30 41
1776 31 14
1776 32 0
1776 33 10
1776 34 0
1776 35 0
1776 36 8
1776 37 12
1776 38 0
1776 39 9
1776 40 0
1776 41 11
1776 42 0
1776 43 0
1776 44 0
1776 45 0
1776 46 9
1776 47 36
1776 48 46
1776 49 44
1776 50 0
1776 51 0
1776 52 0
1776 53 0
1776 54 0
1776 55 0
1776 56 0
1776 57 10
1776 58 40
1776 59 44
1776 60 50
1776 61 19
1776 62 0
1776 63 0
1776 64 0
1776 65 0
1776 66 0
1776 67 0
1776 68 13
1776 69 49
1776 70 49
1776 71 46
1776 72 8
1776 73 0
1776 74 0
1776 75 0
1776 76 0
1776 77 0
1776 78 0
1776 79 10
1776 80 11
1776 81 16
1776 82 12
1776 83 0
1776 84 7
1776 85 0
1776 86 0
1776 87 0
1776 88 0
1776 89 0
1776 90 0
1776 91 38
1776 92 42
1776 93 40
1776 94 0
1776 95 39
1776 96 40
1776 97 40
1776 98 0
1776 99 13
1776 100 12
1776 101 0
1776 102 43
1776 103 48
1776 104 38
1776 105 0
1776 106 43
1776 107 40
1776 108 50
1776 109 44
1776 110 46
1776 111 0
1776 112 18
1776 113 47
1776 114 40
1776 115 40
1776 116 20
1776 117 50
1776 118 39
1776 119 42
1776 120 43
1776 121 42
1801 1 49
1801 2 42
1801 3 31
1801 4 47
1801 5 37
1801 6 47
1801 7 43
1801 8 39
1801 9 18
1801 10 10
1801 11 10
1801 12 39
1801 13 38
1801 14 40
1801 15 46
1801 16 38
1801 17 41
1801 18 42
1801 19 42
1801 20 17
1801 21 0
1801 22 13
1801 23 11
1801 24 10
1801 25 0
1801 26 22
1801 27 0
1801 28 32
1801 29 40
1801 30 38
1801 31 13
1801 32 0
1801 33 10
1801 34 0
1801 35 0
1801 36 10
1801 37 16
1801 38 0
1801 39 12
1801 40 0
1801 41 10
1801 42 0
1801 43 0
1801 44 0
1801 45 0
1801 46 14
1801 47 31
1801 48 43
1801 49 51
1801 50 0
1801 51 0
1801 52 0
1801 53 0
1801 54 0
1801 55 0
1801 56 0
1801 57 5
1801 58 40
1801 59 50
1801 60 43
1801 61 19
1801 62 0
1801 63 0
1801 64 0
1801 65 0
1801 66 0
1801 67 0
1801 68 12
1801 69 40
1801 70 45
1801 71 42
1801 72 9
1801 73 0
1801 74 0
1801 75 0
1801 76 0
1801 77 0
1801 78 0
1801 79 13
1801 80 9
1801 81 20
1801 82 14
1801 83 0
1801 84 10
1801 85 0
1801 86 0
1801 87 0
1801 88 0
1801 89 0
1801 90 0
1801 91 39
1801 92 42
1801 93 43
1801 94 0
1801 95 47
1801 96 39
1801 97 41
1801 98 0
1801 99 7
1801 100 11
1801 101 0
1801 102 41
1801 103 47
1801 104 30
1801 105 0
1801 106 39
1801 107 40
1801 108 50
1801 109 40
1801 110 44
1801 111 0
1801 112 25
1801 113 44
1801 114 33
1801 115 41
1801 116 17
1801 117 44
1801 118 42
1801 119 39
1801 120 48
1801 121 39
1826 1 50
1826 2 36
1826 3 36
1826 4 40
1826 5 37
1826 6 43
1826 7 45
1826 8 42
1826 9 11
1826 10 9
1826 11 10
1826 12 37
1826 13 35
1826 14 43
1826 15 40
1826 16 36
1826 17 40
1826 18 39
1826 19 38
1826 20 14
1826 21 0
1826 22 10
1826 23 10
1826 24 10
1826 25 0
1826 26 22
1826 27 0
1826 28 43
1826 29 41
1826 30 39
1826 31 11
1826 32 0
1826 33 11
1826 34 0
1826 35 0
1826 36 10
1826 37 10
1826 38 0
1826 39 10
1826 40 0
1826 41 10
1826 42 0
1826 43 0
1826 44 0
1826 45 0
1826 46 9
1826 47 37
1826 48 37
1826 49 49
1826 50 0
1826 51 0
1826 52 0
1826 53 0
1826 54 0
1826 55 0
1826 56 0
1826 57 8
1826 58 40
1826 59 49
1826 60 40
1826 61 15
1826 62 0
1826 63 0
1826 64 0
1826 65 0
1826 66 0
1826 67 0
1826 68 14
1826 69 41
1826 70 49
1826 71 39
1826 72 12
1826 73 0
1826 74 0
1826 75 0
1826 76 0
1826 77 0
1826 78 0
1826 79 10
1826 80 16
1826 81 12
1826 82 11
1826 83 0
1826 84 15
1826 85 0
1826 86 0
1826 87 0
1826 88 0
1826 89 0
1826 90 0
1826 91 39
1826 92 40
1826 93 39
1826 94 0
1826 95 37
1826 96 48
1826 97 50
1826 98 0
1826 99 12
1826 100 8
1826 101 0
1826 102 39
1826 103 50
1826 104 40
1826 105 0
1826 106 39
1826 107 38
1826 108 50
1826 109 39
1826 110 50
1826 111 0
1826 112 21
1826 113 46
1826 114 38
1826 115 40
1826 116 18
1826 117 49
1826 118 43
1826 119 41
1826 120 48
1826 121 38
1851 1 43
1851 2 41
1851 3 35
1851 4 41
1851 5 37
1851 6 46
1851 7 48
1851 8 38
1851 9 10
1851 10 9
1851 11 14
1851 12 39
1851 13 40
1851 14 40
1851 15 42
1851 16 39
1851 17 41
1851 18 48
1851 19 42
1851 20 17
1851 21 0
1851 22 16
1851 23 11
1851 24 12
1851 25 0
1851 26 28
1851 27 0
1851 28 31
1851 29 40
1851 30 41
1851 31 13
1851 32 0
1851 33 16
1851 34 0
1851 35 0
1851 36 10
1851 37 14
1851 38 0
1851 39 13
1851 40 0
1851 41 10
1851 42 0
1851 43 0
1851 44 0
1851 45 0
1851 46 8
1851 47 40
1851 48 42
1851 49 45
1851 50 0
1851 51 0
1851 52 0
1851 53 0
1851 54 0
1851 55 0
1851 56 0
1851 57 9
1851 58 39
1851 59 51
1851 60 45
1851 61 17
1851 62 0
1851 63 0
1851 64 0
1851 65 0
1851 66 0
1851 67 0
1851 68 11
1851 69 43
1851 70 48
1851 71 41
1851 72 13
1851 73 0
1851 74 0
1851 75 0
1851 76 0
1851 77 0
1851 78 0
1851 79 9
1851 80 10
1851 81 12
1851 82 13
1851 83 0
1851 84 10
1851 85 0
1851 86 0
1851 87 0
1851 88 0
1851 89 0
1851 90 0
1851 91 42
1851 92 47
1851 93 40
1851 94 0
1851 95 41
1851 96 40
1851 97 41
1851 98 0
1851 99 14
1851 100 11
1851 101 0
1851 102 46
1851 103 47
1851 104 37
1851 105 0
1851 106 40
1851 107 39
1851 108 48
1851 109 42
1851 110 48
1851 111 0
1851 112 21
1851 113 41
1851 114 32
1851 115 43
1851 116 20
1851 117 49
1851 118 40
1851 119 40
1851 120 49
1851 121 43
1876 1 50
1876 2 29
1876 3 30
1876 4 41
1876 5 41
1876 6 45
1876 7 47
1876 8 41
1876 9 12
1876 10 9
1876 11 15
1876 12 40
1876 13 38
1876 14 44
1876 15 40
1876 16 41
1876 17 42
1876 18 46
1876 19 40
1876 20 19
1876 21 0
1876 22 17
1876 23 12
1876 24 8
1876 25 0
1876 26 19
1876 27 0
1876 28 40
1876 29 41
1876 30 40
1876 31 14
1876 32 0
1876 33 16
1876 34 0
1876 35 0
1876 36 9
1876 37 10
1876 38 0
1876 39 9
1876 40 0
1876 41 10
1876 42 0
1876 43 0
1876 44 0
1876 45 0
1876 46 10
1876 47 40
1876 48 48
1876 49 39
1876 50 0
1876 51 0
1876 52 0
1876 53 0
1876 54 0
1876 55 0
1876 56 0
1876 57 9
1876 58 38
1876 59 47
1876 60 44
1876 61 21
1876 62 0
1876 63 0
1876 64 0
1876 65 0
1876 66 0
1876 67 0
1876 68 9
1876 69 39
1876 70 39
1876 71 39
1876 72 10
1876 73 0
1876 74 0
1876 75 0
1876 76 0
1876 77 0
1876 78 0
1876 79 7
1876 80 9
1876 81 16
1876 82 11
1876 83 0
1876 84 8
1876 85 0
1876 86 0
1876 87 0
1876 88 0
1876 89 0
1876 90 0
1876 91 41
1876 92 46
1876 93 41
1876 94 0
1876 95 42
1876 96 40
1876 97 38
1876 98 0
1876 99 14
1876 100 8
1876 101 0
1876 102 40
1876 103 41
1876 104 41
1876 105 0
1876 106 42
1876 107 44
1876 108 43
1876 109 37
1876 110 38
1876 111 0
1876 112 19
1876 113 40
1876 114 37
1876 115 38
1876 116 22
1876 117 49
1876 118 39
1876 119 41
1876 120 45
1876 121 38
1901 1 41
1901 2 32
1901 3 40
1901 4 40
1901 5 41
1901 6 44
1901 7 46
1901 8 41
1901 9 21
1901 10 12
1901 11 15
1901 12 43
1901 13 30
1901 14 41
1901 15 40
1901 16 38
1901 17 42
1901 18 41
1901 19 46
1901 20 20
1901 21 0
1901 22 13
1901 23 10
1901 24 10
1901 25 0
1901 26 20
1901 27 0
1901 28 47
1901 29 41
1901 30 42
1901 31 11
1901 32 0
1901 33 20
1901 34 0
1901 35 0
1901 36 8
1901 37 15
1901 38 0
1901 39 9
1901 40 0
1901 41 8
1901 42 0
1901 43 0
1901 44 0
1901 45 0
1901 46 10
1901 47 38
1901 48 48
1901 49 46
1901 50 0
1901 51 0
1901 52 0
1901 53 0
1901 54 0
1901 55 0
1901 56 0
1901 57 8
1901 58 43
1901 59 44
1901 60 45
1901 61 18
1901 62 0
1901 63 0
1901 64 0
1901 65 0
1901 66 0
1901 67 0
1901 68 11
1901 69 37
1901 70 50
1901 71 37
1901 72 16
1901 73 0
1901 74 0
1901 75 0
1901 76 0
1901 77 0
1901 78 0
1901 79 11
1901 80 14
1901 81 20
1901 82 15
1901 83 0
1901 84 12
1901 85 0
1901 86 0
1901 87 0
1901 88 0
1901 89 0
1901 90 0
1901 91 40
1901 92 42
1901 93 42
1901 94 0
1901 95 45
1901 96 46
1901 97 39
1901 98 0
1901 99 11
1901 100 7
1901 101 0
1901 102 40
1901 103 46
1901 104 39
1901 105 0
1901 106 39
1901 107 41
1901 108 40
1901 109 40
1901 110 42
1901 111 0
1901 112 20
1901 113 43
1901 114 40
1901 115 39
1901 116 19
1901 117 48
1901 118 44
1901 119 41
1901 120 49
1901 121 36
1926 1 41
1926 2 40
1926 3 36
1926 4 37
1926 5 38
1926 6 43
1926 7 41
1926 8 40
1926 9 14
1926 10 17
1926 11 12
1926 12 41
1926 13 31
1926 14 48
1926 15 40
1926 16 43
1926 17 42
1926 18 44
1926 19 42
1926 20 14
1926 21 0
1926 22 16
1926 23 9
1926 24 10
1926 25 0
1926 26 21
1926 27 0
1926 28 38
1926 29 40
1926 30 42
1926 31 14
1926 32 0
1926 33 17
1926 34 0
1926 35 0
1926 36 10
1926 37 21
1926 38 0
1926 39 9
1926 40 0
1926 41 13
1926 42 0
1926 43 0
1926 44 0
1926 45 0
1926 46 15
1926 47 37
1926 48 38
1926 49 43
1926 50 0
1926 51 0
1926 52 0
1926 53 0
1926 54 0
1926 55 0
1926 56 0
1926 57 7
1926 58 40
1926 59 45
1926 60 44
1926 61 20
1926 62 0
1926 63 0
1926 64 0
1926 65 0
1926 66 0
1926 67 0
1926 68 9
1926 69 38
1926 70 44
1926 71 44
1926 72 14
1926 73 0
1926 74 0
1926 75 0
1926 76 0
1926 77 0
1926 78 0
1926 79 11
1926 80 13
1926 81 17
1926 82 12
1926 83 0
1926 84 10
1926 85 0
1926 86 0
1926 87 0
1926 88 0
1926 89 0
1926 90 0
1926 91 44
1926 92 45
1926 93 42
1926 94 0
1926 95 43
1926 96 49
1926 97 38
1926 98 0
1926 99 10
1926 100 8
1926 101 0
1926 102 47
1926 103 46
1926 104 30
1926 105 0
1926 106 40
1926 107 42
1926 108 48
1926 109 39
1926 110 41
1926 111 0
1926 112 21
1926 113 41
1926 114 36
1926 115 40
1926 116 18
1926 117 49
1926 118 45
1926 119 40
1926 120 50
1926 121 42
1951 1 41
1951 2 41
1951 3 34
1951 4 38
1951 5 41
1951 6 41
1951 7 43
1951 8 42
1951 9 18
1951 10 9
1951 11 11
1951 12 42
1951 13 41
1951 14 39
1951 15 38
1951 16 36
1951 17 41
1951 18 43
1951 19 37
1951 20 18
1951 21 0
1951 22 17
1951 23 8
1951 24 11
1951 25 0
1951 26 21
1951 27 0
1951 28 38
1951 29 40
1951 30 41
1951 31 8
1951 32 0
1951 33 17
1951 34 0
1951 35 0
1951 36 11
1951 37 15
1951 38 0
1951 39 13
1951 40 0
1951 41 14
1951 42 0
1951 43 0
1951 44 0
1951 45 0
1951 46 9
1951 47 31
1951 48 41
1951 49 48
1951 50 0
1951 51 0
1951 52 0
1951 53 0
1951 54 0
1951 55 0
1951 56 0
1951 57 9
1951 58 45
1951 59 45
1951 60 43
1951 61 13
1951 62 0
1951 63 0
1951 64 0
1951 65 0
1951 66 0
1951 67 0
1951 68 12
1951 69 39
1951 70 43
1951 71 40
1951 72 9
1951 73 0
1951 74 0
1951 75 0
1951 76 0
1951 77 0
1951 78 0
1951 79 14
1951 80 11
1951 81 15
1951 82 11
1951 83 0
1951 84 9
1951 85 0
1951 86 0
1951 87 0
1951 88 0
1951 89 0
1951 90 0
1951 91 38
1951 92 42
1951 93 40
1951 94 0
1951 95 40
1951 96 43
1951 97 43
1951 98 0
1951 99 12
1951 100 9
1951 101 0
1951 102 39
1951 103 47
1951 104 38
1951 105 0
1951 106 43
1951 107 45
1951 108 46
1951 109 50
1951 110 38
1951 111 0
1951 112 19
1951 113 46
1951 114 42
1951 115 42
1951 116 19
1951 117 46
1951 118 40
1951 119 37
1951 120 49
1951 121 45
1976 1 40
1976 2 45
1976 3 31
1976 4 45
1976 5 42
1976 6 41
1976 7 50
1976 8 44
1976 9 21
1976 10 8
1976 11 11
1976 12 41
1976 13 42
1976 14 39
1976 15 39
1976 16 41
1976 17 43
1976 18 42
1976 19 41
1976 20 17
1976 21 0
1976 22 19
1976 23 8
1976 24 11
1976 25 0
1976 26 20
1976 27 0
1976 28 42
1976 29 39
1976 30 40
1976 31 13
1976 32 0
1976 33 14
1976 34 0
1976 35 0
1976 36 9
1976 37 15
1976 38 0
1976 39 9
1976 40 0
1976 41 10
1976 42 0
1976 43 0
1976 44 0
1976 45 0
1976 46 6
1976 47 39
1976 48 42
1976 49 40
1976 50 0
1976 51 0
1976 52 0
1976 53 0
1976 54 0
1976 55 0
1976 56 0
1976 57 10
1976 58 41
1976 59 44
1976 60 47
1976 61 20
1976 62 0
1976 63 0
1976 64 0
1976 65 0
1976 66 0
1976 67 0
1976 68 15
1976 69 42
1976 70 48
1976 71 41
1976 72 16
1976 73 0
1976 74 0
1976 75 0
1976 76 0
1976 77 0
1976 78 0
1976 79 9
1976 80 15
1976 81 12
1976 82 10
1976 83 0
1976 84 10
1976 85 0
1976 86 0
1976 87 0
1976 88 0
1976 89 0
1976 90 0
1976 91 39
1976 92 40
1976 93 40
1976 94 0
1976 95 38
1976 96 41
1976 97 40
1976 98 0
1976 99 15
1976 100 8
1976 101 0
1976 102 47
1976 103 46
1976 104 38
1976 105 0
1976 106 39
1976 107 40
1976 108 48
1976 109 46
1976 110 43
1976 111 0
1976 112 20
1976 113 42
1976 114 35
1976 115 42
1976 116 17
1976 117 47
1976 118 49
1976 119 36
1976 120 50
1976 121 41
