1 4275
26 867
51 829
76 804
101 792
126 809
151 797
176 782
201 799
226 783
251 788
276 775
301 771
326 799
351 786
376 779
401 770
426 759
451 776
476 804
501 791
526 786
551 788
576 786
601 768
626 786
651 763
676 772
701 775
726 755
751 762
776 765
801 801
826 753
851 738
876 759
901 755
926 770
951 760
976 749
1001 779
1026 728
1051 761
1076 743
1101 715
1126 699
1151 749
1176 737
1201 729
1226 728
1251 740
1276 746
1301 742
1326 735
1351 729
1376 709
1401 750
1426 727
1451 706
1476 744
1501 726
1526 750
1551 744
1576 739
1601 738
1626 708
1651 724
1676 727
1701 756
1726 710
1751 755
1776 778
1801 723
1826 721
1851 750
1876 722
1901 702
1926 741
1951 716
1976 715
