1 3704
26 608
51 561
76 558
101 566
126 552
151 569
176 542
201 553
226 533
251 516
276 487
301 533
326 510
351 512
376 531
401 537
426 505
451 530
476 519
501 518
526 526
551 510
576 525
601 496
626 546
651 541
676 532
701 533
726 513
751 532
776 532
801 537
826 494
851 544
876 515
901 511
926 525
951 507
976 519
1001 512
1026 517
1051 522
1076 532
1101 515
1126 515
1151 496
1176 491
1201 486
1226 497
1251 468
1276 505
1301 517
1326 501
1351 509
1376 500
1401 507
1426 499
1451 524
1476 508
1501 473
1526 522
1551 493
1576 509
1601 525
1626 487
1651 482
1676 502
1701 505
1726 499
1751 518
1776 500
1801 503
1826 500
1851 508
1876 494
1901 510
1926 495
1951 480
1976 495
