1 1 37
1 2 36
1 3 37
1 4 40
1 5 38
1 6 41
1 7 30
1 8 36
1 9 42
1 10 37
1 11 41
1 12 38
1 13 37
1 14 36
1 15 36
1 16 37
1 17 38
1 18 38
1 19 37
1 20 37
1 21 42
1 22 41
1 23 36
1 24 31
1 25 30
1 26 34
1 27 37
1 28 38
1 29 42
1 30 44
1 31 43
1 32 40
1 33 42
1 34 32
1 35 33
1 36 36
1 37 33
1 38 39
1 39 41
1 40 41
1 41 43
1 42 44
1 43 41
1 44 40
1 45 41
1 46 35
1 47 33
1 48 36
1 49 42
1 50 44
1 51 40
1 52 43
1 53 42
1 54 41
1 55 42
1 56 39
1 57 37
1 58 32
1 59 36
1 60 42
1 61 41
1 62 43
1 63 40
1 64 39
1 65 41
1 66 42
1 67 36
1 68 31
1 69 34
1 70 38
1 71 40
1 72 41
1 73 45
1 74 39
1 75 38
1 76 39
1 77 41
1 78 36
1 79 32
1 80 34
1 81 38
1 82 39
1 83 44
1 84 43
1 85 44
1 86 38
1 87 41
1 88 43
1 89 35
1 90 35
1 91 36
1 92 34
1 93 36
1 94 42
1 95 39
1 96 42
1 97 41
1 98 40
1 99 41
1 100 40
1 101 39
1 102 40
1 103 40
1 104 36
1 105 42
1 106 43
1 107 41
1 108 36
1 109 41
1 110 43
1 111 37
1 112 35
1 113 39
1 114 36
1 115 43
1 116 43
1 117 39
1 118 40
1 119 41
1 120 44
1 121 47
26 1 16
26 2 6
26 3 0
26 4 6
26 5 17
26 6 12
26 7 3
26 8 12
26 9 9
26 10 12
26 11 39
26 12 11
26 13 5
26 14 6
26 15 11
26 16 9
26 17 11
26 18 15
26 19 11
26 20 9
26 21 43
26 22 39
26 23 10
26 24 8
26 25 10
26 26 7
26 27 12
26 28 20
26 29 40
26 30 40
26 31 42
26 32 42
26 33 41
26 34 12
26 35 8
26 36 7
26 37 10
26 38 41
26 39 43
26 40 42
26 41 41
26 42 41
26 43 46
26 44 42
26 45 11
26 46 13
26 47 9
26 48 13
26 49 42
26 50 43
26 51 44
26 52 44
26 53 43
26 54 42
26 55 41
26 56 10
26 57 11
26 58 10
26 59 12
26 60 40
26 61 39
26 62 40
26 63 43
26 64 39
26 65 39
26 66 41
26 67 11
26 68 9
26 69 6
26 70 0
26 71 12
26 72 37
26 73 41
26 74 41
26 75 44
26 76 46
26 77 40
26 78 10
26 79 7
26 80 4
26 81 6
26 82 14
26 83 43
26 84 40
26 85 40
26 86 18
26 87 39
26 88 40
26 89 10
26 90 15
26 91 0
26 92 11
26 93 18
26 94 41
26 95 16
26 96 40
26 97 21
26 98 38
26 99 44
26 100 10
26 101 11
26 102 12
26 103 11
26 104 11
26 105 45
26 106 41
26 107 41
26 108 16
26 109 39
26 110 39
26 111 13
26 112 8
26 113 9
26 114 11
26 115 36
26 116 40
26 117 19
26 118 41
26 119 39
26 120 38
26 121 40
51 1 17
51 2 9
51 3 10
51 4 8
51 5 10
51 6 21
51 7 7
51 8 13
51 9 20
51 10 20
51 11 40
51 12 13
51 13 11
51 14 10
51 15 15
51 16 13
51 17 6
51 18 20
51 19 10
51 20 17
51 21 37
51 22 37
51 23 0
51 24 10
51 25 9
51 26 8
51 27 11
51 28 19
51 29 41
51 30 42
51 31 40
51 32 42
51 33 40
51 34 10
51 35 7
51 36 10
51 37 12
51 38 34
51 39 42
51 40 41
51 41 40
51 42 40
51 43 42
51 44 42
51 45 12
51 46 7
51 47 0
51 48 6
51 49 39
51 50 41
51 51 40
51 52 41
51 53 43
51 54 41
51 55 40
51 56 15
51 57 12
51 58 8
51 59 15
51 60 39
51 61 41
51 62 42
51 63 44
51 64 38
51 65 41
51 66 43
51 67 11
51 68 11
51 69 9
51 70 10
51 71 7
51 72 41
51 73 42
51 74 41
51 75 38
51 76 40
51 77 42
51 78 10
51 79 10
51 80 11
51 81 11
51 82 10
51 83 39
51 84 43
51 85 42
51 86 16
51 87 42
51 88 42
51 89 10
51 90 9
51 91 14
51 92 10
51 93 11
51 94 40
51 95 18
51 96 44
51 97 13
51 98 37
51 99 39
51 100 13
51 101 9
51 102 5
51 103 7
51 104 16
51 105 39
51 106 36
51 107 39
51 108 15
51 109 42
51 110 42
51 111 12
51 112 10
51 113 10
51 114 10
51 115 40
51 116 40
51 117 14
51 118 42
51 119 40
51 120 40
51 121 40
76 1 10
76 2 8
76 3 8
76 4 15
76 5 13
76 6 6
76 7 10
76 8 10
76 9 16
76 10 18
76 11 35
76 12 9
76 13 7
76 14 7
76 15 10
76 16 9
76 17 8
76 18 17
76 19 14
76 20 21
76 21 41
76 22 39
76 23 10
76 24 10
76 25 10
76 26 12
76 27 14
76 28 15
76 29 42
76 30 38
76 31 41
76 32 42
76 33 42
76 34 13
76 35 9
76 36 12
76 37 12
76 38 39
76 39 40
76 40 40
76 41 41
76 42 39
76 43 40
76 44 41
76 45 13
76 46 9
76 47 0
76 48 12
76 49 42
76 50 41
76 51 42
76 52 39
76 53 39
76 54 40
76 55 40
76 56 12
76 57 9
76 58 10
76 59 7
76 60 39
76 61 40
76 62 40
76 63 41
76 64 42
76 65 40
76 66 36
76 67 10
76 68 10
76 69 8
76 70 12
76 71 18
76 72 39
76 73 41
76 74 42
76 75 38
76 76 44
76 77 40
76 78 13
76 79 10
76 80 11
76 81 9
76 82 11
76 83 42
76 84 48
76 85 39
76 86 19
76 87 39
76 88 42
76 89 10
76 90 8
76 91 14
76 92 12
76 93 11
76 94 40
76 95 18
76 96 39
76 97 13
76 98 40
76 99 40
76 100 13
76 101 9
76 102 9
76 103 9
76 104 11
76 105 42
76 106 42
76 107 40
76 108 22
76 109 40
76 110 40
76 111 10
76 112 9
76 113 13
76 114 12
76 115 43
76 116 40
76 117 20
76 118 39
76 119 40
76 120 40
76 121 40
101 1 12
101 2 10
101 3 10
101 4 11
101 5 14
101 6 10
101 7 9
101 8 12
101 9 11
101 10 19
101 11 38
101 12 11
101 13 11
101 14 9
101 15 6
101 16 11
101 17 8
101 18 16
101 19 12
101 20 10
101 21 38
101 22 39
101 23 15
101 24 9
101 25 10
101 26 6
101 27 9
101 28 11
101 29 41
101 30 40
101 31 42
101 32 40
101 33 40
101 34 10
101 35 5
101 36 5
101 37 10
101 38 40
101 39 39
101 40 44
101 41 43
101 42 41
101 43 47
101 44 41
101 45 10
101 46 11
101 47 8
101 48 10
101 49 39
101 50 40
101 51 41
101 52 41
101 53 41
101 54 41
101 55 39
101 56 13
101 57 9
101 58 12
101 59 13
101 60 40
101 61 41
101 62 45
101 63 44
101 64 42
101 65 40
101 66 40
101 67 11
101 68 11
101 69 7
101 70 8
101 71 24
101 72 41
101 73 43
101 74 43
101 75 41
101 76 38
101 77 44
101 78 10
101 79 7
101 80 0
101 81 9
101 82 11
101 83 37
101 84 38
101 85 43
101 86 16
101 87 40
101 88 40
101 89 17
101 90 14
101 91 11
101 92 13
101 93 11
101 94 41
101 95 15
101 96 40
101 97 18
101 98 40
101 99 42
101 100 11
101 101 8
101 102 10
101 103 10
101 104 8
101 105 42
101 106 39
101 107 36
101 108 19
101 109 40
101 110 36
101 111 10
101 112 15
101 113 11
101 114 14
101 115 40
101 116 40
101 117 20
101 118 40
101 119 43
101 120 40
101 121 39
126 1 8
126 2 12
126 3 6
126 4 10
126 5 12
126 6 13
126 7 10
126 8 14
126 9 11
126 10 24
126 11 40
126 12 8
126 13 10
126 14 10
126 15 6
126 16 10
126 17 11
126 18 10
126 19 12
126 20 16
126 21 42
126 22 43
126 23 16
126 24 11
126 25 8
126 26 10
126 27 20
126 28 17
126 29 40
126 30 41
126 31 43
126 32 42
126 33 41
126 34 9
126 35 6
126 36 10
126 37 14
126 38 38
126 39 42
126 40 41
126 41 41
126 42 45
126 43 44
126 44 42
126 45 10
126 46 9
126 47 9
126 48 15
126 49 46
126 50 42
126 51 40
126 52 39
126 53 40
126 54 39
126 55 39
126 56 16
126 57 7
126 58 7
126 59 11
126 60 42
126 61 42
126 62 43
126 63 45
126 64 39
126 65 40
126 66 40
126 67 10
126 68 10
126 69 11
126 70 10
126 71 15
126 72 45
126 73 43
126 74 40
126 75 42
126 76 46
126 77 41
126 78 10
126 79 8
126 80 10
126 81 6
126 82 9
126 83 41
126 84 43
126 85 44
126 86 20
126 87 46
126 88 40
126 89 11
126 90 9
126 91 12
126 92 8
126 93 9
126 94 41
126 95 25
126 96 39
126 97 11
126 98 40
126 99 42
126 100 12
126 101 10
126 102 9
126 103 6
126 104 14
126 105 41
126 106 40
126 107 41
126 108 18
126 109 40
126 110 45
126 111 11
126 112 9
126 113 8
126 114 11
126 115 39
126 116 40
126 117 13
126 118 41
126 119 36
126 120 42
126 121 38
151 1 11
151 2 15
151 3 11
151 4 10
151 5 12
151 6 11
151 7 11
151 8 12
151 9 9
151 10 21
151 11 40
151 12 10
151 13 7
151 14 8
151 15 7
151 16 10
151 17 10
151 18 10
151 19 16
151 20 14
151 21 38
151 22 42
151 23 11
151 24 0
151 25 13
151 26 11
151 27 20
151 28 20
151 29 40
151 30 41
151 31 41
151 32 42
151 33 42
151 34 10
151 35 10
151 36 10
151 37 17
151 38 40
151 39 42
151 40 41
151 41 42
151 42 46
151 43 43
151 44 41
151 45 13
151 46 7
151 47 9
151 48 10
151 49 40
151 50 40
151 51 46
151 52 43
151 53 44
151 54 45
151 55 40
151 56 9
151 57 11
151 58 10
151 59 5
151 60 40
151 61 43
151 62 44
151 63 44
151 64 40
151 65 39
151 66 39
151 67 10
151 68 7
151 69 9
151 70 6
151 71 15
151 72 41
151 73 42
151 74 43
151 75 41
151 76 40
151 77 39
151 78 10
151 79 7
151 80 7
151 81 11
151 82 9
151 83 35
151 84 40
151 85 42
151 86 18
151 87 39
151 88 37
151 89 10
151 90 8
151 91 0
151 92 8
151 93 12
151 94 42
151 95 22
151 96 42
151 97 13
151 98 43
151 99 41
151 100 10
151 101 11
151 102 6
151 103 8
151 104 10
151 105 42
151 106 39
151 107 39
151 108 15
151 109 44
151 110 41
151 111 12
151 112 6
151 113 11
151 114 16
151 115 42
151 116 39
151 117 15
151 118 41
151 119 39
151 120 40
151 121 43
176 1 11
176 2 6
176 3 10
176 4 7
176 5 7
176 6 9
176 7 9
176 8 20
176 9 5
176 10 18
176 11 44
176 12 9
176 13 9
176 14 11
176 15 11
176 16 11
176 17 11
176 18 11
176 19 12
176 20 5
176 21 38
176 22 40
176 23 10
176 24 11
176 25 13
176 26 9
176 27 11
176 28 10
176 29 40
176 30 40
176 31 40
176 32 42
176 33 39
176 34 13
176 35 10
176 36 7
176 37 14
176 38 40
176 39 44
176 40 42
176 41 43
176 42 44
176 43 45
176 44 39
176 45 6
176 46 12
176 47 11
176 48 12
176 49 37
176 50 39
176 51 42
176 52 45
176 53 40
176 54 41
176 55 41
176 56 8
176 57 11
176 58 7
176 59 12
176 60 36
176 61 39
176 62 43
176 63 44
176 64 43
176 65 39
176 66 41
176 67 10
176 68 5
176 69 11
176 70 10
176 71 12
176 72 42
176 73 42
176 74 43
176 75 39
176 76 40
176 77 39
176 78 12
176 79 11
176 80 9
176 81 9
176 82 15
176 83 35
176 84 41
176 85 40
176 86 18
176 87 39
176 88 41
176 89 8
176 90 9
176 91 0
176 92 0
176 93 12
176 94 41
176 95 13
176 96 36
176 97 9
176 98 36
176 99 38
176 100 12
176 101 5
176 102 11
176 103 9
176 104 19
176 105 36
176 106 46
176 107 38
176 108 8
176 109 41
176 110 39
176 111 13
176 112 7
176 113 10
176 114 9
176 115 38
176 116 41
176 117 10
176 118 40
176 119 40
176 120 42
176 121 43
201 1 10
201 2 9
201 3 6
201 4 10
201 5 11
201 6 19
201 7 6
201 8 9
201 9 16
201 10 10
201 11 42
201 12 3
201 13 8
201 14 13
201 15 9
201 16 7
201 17 6
201 18 10
201 19 12
201 20 13
201 21 40
201 22 39
201 23 10
201 24 1
201 25 11
201 26 11
201 27 11
201 28 22
201 29 39
201 30 37
201 31 41
201 32 40
201 33 39
201 34 12
201 35 7
201 36 10
201 37 11
201 38 41
201 39 45
201 40 40
201 41 40
201 42 38
201 43 43
201 44 40
201 45 10
201 46 0
201 47 9
201 48 10
201 49 41
201 50 42
201 51 40
201 52 42
201 53 41
201 54 43
201 55 40
201 56 9
201 57 11
201 58 8
201 59 10
201 60 44
201 61 42
201 62 42
201 63 42
201 64 43
201 65 44
201 66 41
201 67 9
201 68 10
201 69 8
201 70 10
201 71 9
201 72 43
201 73 44
201 74 39
201 75 40
201 76 40
201 77 44
201 78 12
201 79 0
201 80 0
201 81 0
201 82 12
201 83 41
201 84 41
201 85 42
201 86 5
201 87 43
201 88 40
201 89 10
201 90 5
201 91 0
201 92 0
201 93 9
201 94 41
201 95 10
201 96 40
201 97 11
201 98 40
201 99 42
201 100 10
201 101 7
201 102 0
201 103 7
201 104 8
201 105 43
201 106 37
201 107 43
201 108 14
201 109 42
201 110 39
201 111 15
201 112 7
201 113 10
201 114 9
201 115 41
201 116 39
201 117 9
201 118 40
201 119 41
201 120 42
201 121 39
226 1 8
226 2 0
226 3 11
226 4 7
226 5 8
226 6 6
226 7 0
226 8 2
226 9 12
226 10 13
226 11 43
226 12 10
226 13 0
226 14 1
226 15 10
226 16 4
226 17 10
226 18 10
226 19 11
226 20 6
226 21 38
226 22 39
226 23 0
226 24 5
226 25 8
226 26 11
226 27 9
226 28 11
226 29 40
226 30 40
226 31 41
226 32 43
226 33 40
226 34 10
226 35 9
226 36 8
226 37 18
226 38 41
226 39 39
226 40 39
226 41 37
226 42 43
226 43 46
226 44 41
226 45 0
226 46 6
226 47 9
226 48 10
226 49 42
226 50 37
226 51 39
226 52 41
226 53 43
226 54 43
226 55 36
226 56 9
226 57 11
226 58 8
226 59 10
226 60 40
226 61 40
226 62 41
226 63 41
226 64 42
226 65 40
226 66 40
226 67 4
226 68 11
226 69 0
226 70 0
226 71 14
226 72 40
226 73 41
226 74 41
226 75 39
226 76 41
226 77 39
226 78 5
226 79 0
226 80 0
226 81 0
226 82 8
226 83 38
226 84 40
226 85 41
226 86 8
226 87 42
226 88 40
226 89 7
226 90 0
226 91 2
226 92 0
226 93 5
226 94 38
226 95 13
226 96 41
226 97 7
226 98 39
226 99 40
226 100 3
226 101 10
226 102 8
226 103 8
226 104 11
226 105 41
226 106 35
226 107 43
226 108 11
226 109 40
226 110 37
226 111 0
226 112 10
226 113 11
226 114 10
226 115 37
226 116 38
226 117 10
226 118 40
226 119 38
226 120 40
226 121 41
251 1 3
251 2 5
251 3 7
251 4 13
251 5 0
251 6 3
251 7 5
251 8 6
251 9 11
251 10 20
251 11 42
251 12 1
251 13 9
251 14 12
251 15 10
251 16 7
251 17 10
251 18 7
251 19 13
251 20 16
251 21 40
251 22 38
251 23 9
251 24 4
251 25 10
251 26 7
251 27 10
251 28 9
251 29 39
251 30 40
251 31 38
251 32 40
251 33 38
251 34 13
251 35 11
251 36 6
251 37 8
251 38 42
251 39 42
251 40 38
251 41 39
251 42 36
251 43 40
251 44 42
251 45 8
251 46 6
251 47 8
251 48 0
251 49 42
251 50 41
251 51 42
251 52 40
251 53 41
251 54 40
251 55 41
251 56 13
251 57 9
251 58 8
251 59 9
251 60 41
251 61 39
251 62 41
251 63 39
251 64 41
251 65 41
251 66 39
251 67 0
251 68 9
251 69 0
251 70 0
251 71 14
251 72 38
251 73 40
251 74 42
251 75 39
251 76 39
251 77 40
251 78 0
251 79 0
251 80 4
251 81 0
251 82 10
251 83 40
251 84 42
251 85 41
251 86 10
251 87 42
251 88 40
251 89 2
251 90 0
251 91 8
251 92 9
251 93 6
251 94 41
251 95 9
251 96 38
251 97 4
251 98 41
251 99 37
251 100 0
251 101 0
251 102 3
251 103 10
251 104 15
251 105 40
251 106 41
251 107 40
251 108 18
251 109 38
251 110 40
251 111 0
251 112 8
251 113 10
251 114 10
251 115 45
251 116 43
251 117 12
251 118 40
251 119 39
251 120 37
251 121 41
276 1 2
276 2 8
276 3 10
276 4 7
276 5 5
276 6 0
276 7 0
276 8 0
276 9 11
276 10 3
276 11 39
276 12 3
276 13 4
276 14 11
276 15 6
276 16 0
276 17 0
276 18 11
276 19 9
276 20 8
276 21 37
276 22 44
276 23 6
276 24 8
276 25 0
276 26 6
276 27 14
276 28 18
276 29 39
276 30 44
276 31 38
276 32 40
276 33 40
276 34 8
276 35 6
276 36 4
276 37 0
276 38 42
276 39 40
276 40 41
276 41 46
276 42 45
276 43 46
276 44 44
276 45 0
276 46 0
276 47 7
276 48 3
276 49 40
276 50 38
276 51 40
276 52 43
276 53 43
276 54 41
276 55 41
276 56 0
276 57 5
276 58 0
276 59 10
276 60 39
276 61 41
276 62 46
276 63 40
276 64 37
276 65 34
276 66 42
276 67 4
276 68 0
276 69 0
276 70 0
276 71 10
276 72 40
276 73 40
276 74 42
276 75 41
276 76 42
276 77 42
276 78 0
276 79 2
276 80 0
276 81 6
276 82 7
276 83 39
276 84 38
276 85 41
276 86 11
276 87 41
276 88 39
276 89 0
276 90 0
276 91 0
276 92 3
276 93 10
276 94 38
276 95 8
276 96 35
276 97 8
276 98 39
276 99 40
276 100 7
276 101 0
276 102 0
276 103 10
276 104 9
276 105 37
276 106 43
276 107 40
276 108 5
276 109 41
276 110 41
276 111 3
276 112 10
276 113 0
276 114 10
276 115 38
276 116 41
276 117 11
276 118 41
276 119 40
276 120 39
276 121 42
301 1 0
301 2 10
301 3 8
301 4 10
301 5 10
301 6 7
301 7 6
301 8 7
301 9 7
301 10 13
301 11 43
301 12 20
301 13 13
301 14 11
301 15 8
301 16 8
301 17 14
301 18 13
301 19 13
301 20 6
301 21 40
301 22 39
301 23 8
301 24 7
301 25 1
301 26 10
301 27 5
301 28 18
301 29 39
301 30 39
301 31 38
301 32 39
301 33 39
301 34 7
301 35 0
301 36 0
301 37 11
301 38 37
301 39 39
301 40 40
301 41 41
301 42 36
301 43 42
301 44 41
301 45 6
301 46 0
301 47 0
301 48 10
301 49 41
301 50 40
301 51 42
301 52 43
301 53 40
301 54 44
301 55 42
301 56 10
301 57 0
301 58 0
301 59 10
301 60 38
301 61 41
301 62 42
301 63 38
301 64 41
301 65 41
301 66 36
301 67 0
301 68 0
301 69 0
301 70 0
301 71 12
301 72 40
301 73 38
301 74 40
301 75 39
301 76 45
301 77 40
301 78 1
301 79 0
301 80 0
301 81 0
301 82 6
301 83 39
301 84 38
301 85 39
301 86 3
301 87 40
301 88 36
301 89 10
301 90 0
301 91 0
301 92 0
301 93 3
301 94 39
301 95 10
301 96 41
301 97 0
301 98 40
301 99 39
301 100 0
301 101 2
301 102 0
301 103 0
301 104 6
301 105 41
301 106 40
301 107 40
301 108 5
301 109 42
301 110 41
301 111 10
301 112 3
301 113 8
301 114 11
301 115 40
301 116 42
301 117 10
301 118 39
301 119 40
301 120 37
301 121 41
326 1 0
326 2 3
326 3 6
326 4 7
326 5 10
326 6 5
326 7 11
326 8 7
326 9 18
326 10 10
326 11 40
326 12 7
326 13 0
326 14 9
326 15 8
326 16 7
326 17 10
326 18 14
326 19 8
326 20 19
326 21 38
326 22 40
326 23 10
326 24 4
326 25 10
326 26 11
326 27 18
326 28 14
326 29 38
326 30 38
326 31 41
326 32 40
326 33 41
326 34 7
326 35 8
326 36 11
326 37 19
326 38 39
326 39 44
326 40 42
326 41 42
326 42 41
326 43 41
326 44 40
326 45 6
326 46 0
326 47 12
326 48 6
326 49 44
326 50 41
326 51 42
326 52 40
326 53 41
326 54 41
326 55 41
326 56 0
326 57 0
326 58 0
326 59 13
326 60 42
326 61 42
326 62 41
326 63 41
326 64 38
326 65 38
326 66 37
326 67 3
326 68 0
326 69 0
326 70 10
326 71 16
326 72 40
326 73 42
326 74 41
326 75 41
326 76 41
326 77 40
326 78 0
326 79 0
326 80 0
326 81 10
326 82 9
326 83 41
326 84 34
326 85 40
326 86 11
326 87 40
326 88 39
326 89 3
326 90 0
326 91 0
326 92 0
326 93 1
326 94 38
326 95 10
326 96 40
326 97 7
326 98 38
326 99 40
326 100 0
326 101 0
326 102 0
326 103 0
326 104 7
326 105 40
326 106 40
326 107 42
326 108 3
326 109 39
326 110 42
326 111 9
326 112 0
326 113 5
326 114 7
326 115 39
326 116 37
326 117 9
326 118 39
326 119 40
326 120 39
326 121 40
351 1 9
351 2 13
351 3 11
351 4 7
351 5 3
351 6 8
351 7 10
351 8 7
351 9 7
351 10 0
351 11 39
351 12 4
351 13 7
351 14 10
351 15 6
351 16 9
351 17 7
351 18 11
351 19 14
351 20 14
351 21 40
351 22 36
351 23 10
351 24 12
351 25 7
351 26 10
351 27 7
351 28 19
351 29 42
351 30 38
351 31 43
351 32 42
351 33 33
351 34 9
351 35 0
351 36 7
351 37 4
351 38 39
351 39 37
351 40 40
351 41 41
351 42 40
351 43 40
351 44 36
351 45 0
351 46 0
351 47 0
351 48 10
351 49 35
351 50 40
351 51 42
351 52 45
351 53 47
351 54 40
351 55 42
351 56 0
351 57 0
351 58 0
351 59 7
351 60 41
351 61 39
351 62 40
351 63 38
351 64 40
351 65 32
351 66 38
351 67 13
351 68 5
351 69 8
351 70 9
351 71 10
351 72 40
351 73 41
351 74 38
351 75 41
351 76 38
351 77 38
351 78 6
351 79 0
351 80 0
351 81 7
351 82 13
351 83 37
351 84 43
351 85 40
351 86 16
351 87 39
351 88 41
351 89 0
351 90 0
351 91 0
351 92 0
351 93 13
351 94 42
351 95 11
351 96 40
351 97 8
351 98 42
351 99 41
351 100 10
351 101 0
351 102 0
351 103 0
351 104 11
351 105 40
351 106 41
351 107 40
351 108 11
351 109 41
351 110 40
351 111 8
351 112 11
351 113 10
351 114 0
351 115 40
351 116 40
351 117 3
351 118 40
351 119 40
351 120 44
351 121 41
376 1 9
376 2 1
376 3 11
376 4 0
376 5 0
376 6 6
376 7 7
376 8 8
376 9 1
376 10 10
376 11 41
376 12 12
376 13 5
376 14 8
376 15 7
376 16 6
376 17 11
376 18 13
376 19 11
376 20 15
376 21 41
376 22 37
376 23 12
376 24 10
376 25 0
376 26 10
376 27 8
376 28 14
376 29 43
376 30 38
376 31 42
376 32 44
376 33 40
376 34 11
376 35 0
376 36 8
376 37 11
376 38 40
376 39 43
376 40 40
376 41 39
376 42 40
376 43 39
376 44 38
376 45 3
376 46 0
376 47 10
376 48 10
376 49 41
376 50 43
376 51 38
376 52 42
376 53 40
376 54 40
376 55 42
376 56 6
376 57 0
376 58 6
376 59 10
376 60 42
376 61 41
376 62 40
376 63 42
376 64 41
376 65 36
376 66 44
376 67 15
376 68 0
376 69 10
376 70 12
376 71 13
376 72 40
376 73 45
376 74 41
376 75 41
376 76 40
376 77 39
376 78 16
376 79 0
376 80 0
376 81 0
376 82 11
376 83 39
376 84 41
376 85 40
376 86 20
376 87 38
376 88 39
376 89 9
376 90 0
376 91 0
376 92 0
376 93 9
376 94 40
376 95 14
376 96 42
376 97 11
376 98 41
376 99 40
376 100 4
376 101 0
376 102 0
376 103 3
376 104 9
376 105 36
376 106 45
376 107 41
376 108 8
376 109 39
376 110 39
376 111 0
376 112 5
376 113 0
376 114 0
376 115 36
376 116 39
376 117 7
376 118 34
376 119 40
376 120 40
376 121 35
401 1 0
401 2 0
401 3 4
401 4 9
401 5 0
401 6 14
401 7 6
401 8 7
401 9 10
401 10 0
401 11 42
401 12 10
401 13 0
401 14 10
401 15 1
401 16 6
401 17 9
401 18 10
401 19 2
401 20 10
401 21 36
401 22 42
401 23 6
401 24 7
401 25 7
401 26 11
401 27 10
401 28 12
401 29 41
401 30 41
401 31 40
401 32 39
401 33 40
401 34 13
401 35 9
401 36 10
401 37 11
401 38 42
401 39 42
401 40 43
401 41 39
401 42 40
401 43 38
401 44 39
401 45 0
401 46 10
401 47 7
401 48 10
401 49 39
401 50 43
401 51 41
401 52 42
401 53 42
401 54 40
401 55 41
401 56 9
401 57 7
401 58 6
401 59 13
401 60 41
401 61 41
401 62 42
401 63 36
401 64 44
401 65 42
401 66 40
401 67 19
401 68 0
401 69 0
401 70 10
401 71 9
401 72 40
401 73 40
401 74 41
401 75 38
401 76 42
401 77 39
401 78 4
401 79 10
401 80 9
401 81 4
401 82 10
401 83 40
401 84 37
401 85 40
401 86 22
401 87 40
401 88 40
401 89 9
401 90 10
401 91 0
401 92 0
401 93 7
401 94 40
401 95 10
401 96 44
401 97 10
401 98 39
401 99 39
401 100 5
401 101 0
401 102 0
401 103 0
401 104 0
401 105 40
401 106 39
401 107 41
401 108 3
401 109 40
401 110 38
401 111 6
401 112 0
401 113 0
401 114 0
401 115 42
401 116 40
401 117 8
401 118 41
401 119 38
401 120 38
401 121 40
426 1 4
426 2 6
426 3 4
426 4 0
426 5 5
426 6 0
426 7 7
426 8 5
426 9 11
426 10 17
426 11 41
426 12 7
426 13 0
426 14 0
426 15 0
426 16 8
426 17 11
426 18 9
426 19 9
426 20 10
426 21 40
426 22 40
426 23 10
426 24 9
426 25 9
426 26 5
426 27 17
426 28 10
426 29 39
426 30 39
426 31 42
426 32 38
426 33 39
426 34 9
426 35 9
426 36 8
426 37 14
426 38 40
426 39 39
426 40 42
426 41 40
426 42 43
426 43 40
426 44 41
426 45 10
426 46 7
426 47 10
426 48 7
426 49 39
426 50 39
426 51 38
426 52 42
426 53 43
426 54 41
426 55 38
426 56 7
426 57 10
426 58 8
426 59 9
426 60 39
426 61 40
426 62 42
426 63 41
426 64 38
426 65 38
426 66 39
426 67 11
426 68 9
426 69 7
426 70 0
426 71 16
426 72 40
426 73 42
426 74 38
426 75 41
426 76 43
426 77 38
426 78 10
426 79 4
426 80 0
426 81 0
426 82 10
426 83 42
426 84 40
426 85 42
426 86 12
426 87 40
426 88 43
426 89 5
426 90 5
426 91 0
426 92 0
426 93 8
426 94 40
426 95 15
426 96 40
426 97 13
426 98 37
426 99 37
426 100 11
426 101 0
426 102 0
426 103 0
426 104 6
426 105 40
426 106 36
426 107 39
426 108 20
426 109 40
426 110 41
426 111 8
426 112 1
426 113 0
426 114 0
426 115 40
426 116 43
426 117 0
426 118 37
426 119 40
426 120 40
426 121 40
451 1 14
451 2 0
451 3 0
451 4 0
451 5 5
451 6 0
451 7 0
451 8 0
451 9 11
451 10 12
451 11 40
451 12 10
451 13 0
451 14 9
451 15 8
451 16 7
451 17 4
451 18 10
451 19 9
451 20 12
451 21 36
451 22 41
451 23 8
451 24 9
451 25 4
451 26 8
451 27 8
451 28 9
451 29 43
451 30 41
451 31 40
451 32 40
451 33 43
451 34 12
451 35 14
451 36 5
451 37 13
451 38 40
451 39 41
451 40 40
451 41 40
451 42 39
451 43 42
451 44 40
451 45 11
451 46 9
451 47 8
451 48 11
451 49 39
451 50 41
451 51 40
451 52 43
451 53 46
451 54 43
451 55 40
451 56 16
451 57 8
451 58 12
451 59 12
451 60 41
451 61 42
451 62 38
451 63 41
451 64 44
451 65 40
451 66 40
451 67 10
451 68 7
451 69 5
451 70 0
451 71 12
451 72 42
451 73 44
451 74 44
451 75 39
451 76 43
451 77 40
451 78 11
451 79 0
451 80 0
451 81 0
451 82 5
451 83 42
451 84 41
451 85 43
451 86 14
451 87 42
451 88 44
451 89 7
451 90 0
451 91 0
451 92 0
451 93 12
451 94 37
451 95 14
451 96 38
451 97 15
451 98 42
451 99 40
451 100 8
451 101 0
451 102 0
451 103 0
451 104 5
451 105 43
451 106 37
451 107 37
451 108 12
451 109 38
451 110 39
451 111 12
451 112 0
451 113 0
451 114 0
451 115 39
451 116 40
451 117 11
451 118 37
451 119 40
451 120 40
451 121 42
476 1 10
476 2 15
476 3 10
476 4 0
476 5 0
476 6 0
476 7 0
476 8 0
476 9 16
476 10 12
476 11 42
476 12 13
476 13 11
476 14 10
476 15 0
476 16 0
476 17 0
476 18 0
476 19 10
476 20 10
476 21 43
476 22 40
476 23 19
476 24 7
476 25 9
476 26 10
476 27 9
476 28 11
476 29 40
476 30 38
476 31 40
476 32 43
476 33 40
476 34 10
476 35 13
476 36 4
476 37 10
476 38 40
476 39 41
476 40 42
476 41 40
476 42 40
476 43 42
476 44 40
476 45 10
476 46 0
476 47 10
476 48 9
476 49 40
476 50 40
476 51 41
476 52 38
476 53 41
476 54 40
476 55 38
476 56 11
476 57 10
476 58 5
476 59 9
476 60 40
476 61 42
476 62 39
476 63 40
476 64 39
476 65 44
476 66 39
476 67 8
476 68 9
476 69 8
476 70 0
476 71 12
476 72 40
476 73 39
476 74 39
476 75 42
476 76 41
476 77 40
476 78 6
476 79 0
476 80 0
476 81 0
476 82 11
476 83 42
476 84 40
476 85 40
476 86 11
476 87 39
476 88 40
476 89 13
476 90 0
476 91 2
476 92 7
476 93 7
476 94 38
476 95 15
476 96 40
476 97 18
476 98 38
476 99 40
476 100 9
476 101 3
476 102 0
476 103 0
476 104 10
476 105 42
476 106 39
476 107 40
476 108 16
476 109 42
476 110 39
476 111 12
476 112 0
476 113 0
476 114 10
476 115 38
476 116 41
476 117 3
476 118 38
476 119 40
476 120 38
476 121 41
501 1 13
501 2 10
501 3 12
501 4 7
501 5 8
501 6 0
501 7 0
501 8 13
501 9 10
501 10 17
501 11 42
501 12 9
501 13 8
501 14 10
501 15 10
501 16 12
501 17 5
501 18 10
501 19 8
501 20 18
501 21 37
501 22 36
501 23 10
501 24 12
501 25 6
501 26 6
501 27 8
501 28 9
501 29 38
501 30 38
501 31 39
501 32 40
501 33 43
501 34 9
501 35 0
501 36 10
501 37 7
501 38 40
501 39 39
501 40 39
501 41 44
501 42 38
501 43 41
501 44 40
501 45 13
501 46 0
501 47 0
501 48 0
501 49 43
501 50 40
501 51 39
501 52 40
501 53 40
501 54 42
501 55 37
501 56 10
501 57 4
501 58 0
501 59 7
501 60 39
501 61 41
501 62 41
501 63 45
501 64 42
501 65 42
501 66 42
501 67 13
501 68 0
501 69 0
501 70 0
501 71 19
501 72 41
501 73 43
501 74 41
501 75 37
501 76 40
501 77 40
501 78 10
501 79 0
501 80 0
501 81 0
501 82 12
501 83 40
501 84 39
501 85 41
501 86 18
501 87 40
501 88 40
501 89 0
501 90 0
501 91 0
501 92 0
501 93 13
501 94 40
501 95 16
501 96 37
501 97 11
501 98 39
501 99 31
501 100 10
501 101 4
501 102 8
501 103 10
501 104 10
501 105 42
501 106 40
501 107 38
501 108 14
501 109 40
501 110 42
501 111 12
501 112 13
501 113 10
501 114 8
501 115 38
501 116 41
501 117 8
501 118 42
501 119 40
501 120 42
501 121 40
526 1 10
526 2 7
526 3 11
526 4 8
526 5 11
526 6 8
526 7 10
526 8 10
526 9 16
526 10 11
526 11 34
526 12 16
526 13 8
526 14 10
526 15 9
526 16 11
526 17 13
526 18 13
526 19 16
526 20 11
526 21 39
526 22 39
526 23 10
526 24 11
526 25 9
526 26 11
526 27 10
526 28 16
526 29 39
526 30 38
526 31 40
526 32 40
526 33 37
526 34 9
526 35 10
526 36 11
526 37 14
526 38 40
526 39 41
526 40 41
526 41 37
526 42 39
526 43 38
526 44 37
526 45 9
526 46 10
526 47 5
526 48 11
526 49 42
526 50 43
526 51 41
526 52 41
526 53 41
526 54 38
526 55 40
526 56 11
526 57 10
526 58 8
526 59 9
526 60 36
526 61 41
526 62 41
526 63 42
526 64 43
526 65 39
526 66 39
526 67 10
526 68 0
526 69 15
526 70 8
526 71 18
526 72 39
526 73 43
526 74 43
526 75 37
526 76 41
526 77 41
526 78 10
526 79 0
526 80 0
526 81 0
526 82 5
526 83 40
526 84 43
526 85 41
526 86 12
526 87 40
526 88 41
526 89 8
526 90 0
526 91 0
526 92 0
526 93 10
526 94 35
526 95 22
526 96 38
526 97 19
526 98 40
526 99 40
526 100 5
526 101 8
526 102 0
526 103 0
526 104 1
526 105 40
526 106 36
526 107 41
526 108 19
526 109 39
526 110 39
526 111 8
526 112 5
526 113 8
526 114 9
526 115 40
526 116 40
526 117 12
526 118 36
526 119 41
526 120 40
526 121 41
551 1 9
551 2 11
551 3 0
551 4 6
551 5 10
551 6 10
551 7 12
551 8 12
551 9 14
551 10 18
551 11 40
551 12 10
551 13 10
551 14 9
551 15 5
551 16 11
551 17 11
551 18 12
551 19 9
551 20 20
551 21 42
551 22 43
551 23 9
551 24 9
551 25 9
551 26 9
551 27 9
551 28 18
551 29 43
551 30 40
551 31 40
551 32 44
551 33 45
551 34 12
551 35 9
551 36 8
551 37 8
551 38 40
551 39 36
551 40 39
551 41 43
551 42 44
551 43 42
551 44 39
551 45 8
551 46 12
551 47 10
551 48 11
551 49 41
551 50 39
551 51 42
551 52 42
551 53 41
551 54 44
551 55 40
551 56 12
551 57 9
551 58 10
551 59 7
551 60 38
551 61 42
551 62 40
551 63 41
551 64 41
551 65 42
551 66 41
551 67 10
551 68 0
551 69 9
551 70 7
551 71 10
551 72 41
551 73 45
551 74 43
551 75 39
551 76 38
551 77 43
551 78 11
551 79 0
551 80 6
551 81 13
551 82 7
551 83 41
551 84 40
551 85 37
551 86 20
551 87 43
551 88 38
551 89 4
551 90 0
551 91 0
551 92 8
551 93 0
551 94 39
551 95 12
551 96 39
551 97 16
551 98 43
551 99 38
551 100 10
551 101 6
551 102 9
551 103 0
551 104 7
551 105 39
551 106 40
551 107 41
551 108 13
551 109 39
551 110 40
551 111 12
551 112 10
551 113 0
551 114 7
551 115 41
551 116 39
551 117 19
551 118 39
551 119 40
551 120 41
551 121 37
576 1 17
576 2 10
576 3 12
576 4 10
576 5 11
576 6 12
576 7 0
576 8 16
576 9 14
576 10 18
576 11 40
576 12 15
576 13 9
576 14 8
576 15 7
576 16 14
576 17 15
576 18 10
576 19 12
576 20 15
576 21 37
576 22 40
576 23 10
576 24 10
576 25 10
576 26 10
576 27 16
576 28 16
576 29 40
576 30 43
576 31 40
576 32 42
576 33 40
576 34 9
576 35 8
576 36 12
576 37 12
576 38 42
576 39 44
576 40 39
576 41 45
576 42 40
576 43 38
576 44 39
576 45 15
576 46 9
576 47 12
576 48 13
576 49 40
576 50 40
576 51 43
576 52 45
576 53 44
576 54 37
576 55 41
576 56 10
576 57 6
576 58 0
576 59 8
576 60 43
576 61 39
576 62 40
576 63 42
576 64 43
576 65 43
576 66 40
576 67 9
576 68 0
576 69 0
576 70 7
576 71 18
576 72 40
576 73 43
576 74 44
576 75 45
576 76 40
576 77 40
576 78 10
576 79 10
576 80 10
576 81 12
576 82 13
576 83 39
576 84 42
576 85 38
576 86 18
576 87 40
576 88 40
576 89 13
576 90 10
576 91 9
576 92 6
576 93 6
576 94 41
576 95 16
576 96 39
576 97 21
576 98 40
576 99 39
576 100 8
576 101 12
576 102 11
576 103 9
576 104 0
576 105 39
576 106 39
576 107 39
576 108 16
576 109 38
576 110 37
576 111 9
576 112 10
576 113 9
576 114 9
576 115 40
576 116 40
576 117 12
576 118 40
576 119 37
576 120 41
576 121 40
601 1 11
601 2 9
601 3 8
601 4 9
601 5 11
601 6 9
601 7 9
601 8 12
601 9 12
601 10 21
601 11 38
601 12 6
601 13 8
601 14 8
601 15 8
601 16 10
601 17 9
601 18 10
601 19 10
601 20 12
601 21 41
601 22 37
601 23 14
601 24 13
601 25 11
601 26 10
601 27 13
601 28 18
601 29 40
601 30 42
601 31 40
601 32 42
601 33 42
601 34 14
601 35 10
601 36 10
601 37 14
601 38 40
601 39 39
601 40 40
601 41 39
601 42 40
601 43 41
601 44 42
601 45 11
601 46 13
601 47 10
601 48 15
601 49 40
601 50 40
601 51 39
601 52 42
601 53 40
601 54 42
601 55 43
601 56 9
601 57 12
601 58 12
601 59 10
601 60 41
601 61 42
601 62 42
601 63 40
601 64 41
601 65 44
601 66 45
601 67 17
601 68 6
601 69 10
601 70 9
601 71 18
601 72 40
601 73 40
601 74 42
601 75 43
601 76 39
601 77 37
601 78 9
601 79 9
601 80 10
601 81 8
601 82 11
601 83 41
601 84 41
601 85 41
601 86 15
601 87 39
601 88 40
601 89 13
601 90 11
601 91 12
601 92 0
601 93 10
601 94 34
601 95 14
601 96 41
601 97 11
601 98 40
601 99 41
601 100 8
601 101 8
601 102 11
601 103 11
601 104 0
601 105 40
601 106 41
601 107 46
601 108 20
601 109 39
601 110 42
601 111 9
601 112 8
601 113 9
601 114 9
601 115 40
601 116 40
601 117 10
601 118 40
601 119 41
601 120 42
601 121 40
626 1 6
626 2 14
626 3 7
626 4 7
626 5 12
626 6 1
626 7 10
626 8 10
626 9 11
626 10 21
626 11 40
626 12 11
626 13 8
626 14 11
626 15 10
626 16 8
626 17 9
626 18 10
626 19 10
626 20 14
626 21 39
626 22 43
626 23 9
626 24 10
626 25 10
626 26 10
626 27 17
626 28 12
626 29 44
626 30 39
626 31 43
626 32 41
626 33 41
626 34 20
626 35 11
626 36 8
626 37 11
626 38 40
626 39 42
626 40 39
626 41 43
626 42 44
626 43 41
626 44 39
626 45 12
626 46 11
626 47 9
626 48 18
626 49 42
626 50 42
626 51 37
626 52 39
626 53 43
626 54 43
626 55 43
626 56 13
626 57 11
626 58 12
626 59 8
626 60 40
626 61 44
626 62 42
626 63 41
626 64 42
626 65 41
626 66 40
626 67 16
626 68 12
626 69 9
626 70 9
626 71 16
626 72 42
626 73 42
626 74 42
626 75 41
626 76 43
626 77 44
626 78 12
626 79 11
626 80 11
626 81 6
626 82 5
626 83 40
626 84 39
626 85 41
626 86 19
626 87 40
626 88 39
626 89 12
626 90 10
626 91 10
626 92 10
626 93 9
626 94 40
626 95 19
626 96 41
626 97 12
626 98 39
626 99 42
626 100 14
626 101 8
626 102 6
626 103 1
626 104 13
626 105 41
626 106 40
626 107 40
626 108 19
626 109 41
626 110 43
626 111 10
626 112 11
626 113 0
626 114 15
626 115 42
626 116 39
626 117 18
626 118 40
626 119 42
626 120 40
626 121 41
651 1 12
651 2 7
651 3 15
651 4 8
651 5 11
651 6 7
651 7 4
651 8 13
651 9 10
651 10 15
651 11 43
651 12 10
651 13 9
651 14 4
651 15 10
651 16 8
651 17 9
651 18 8
651 19 11
651 20 12
651 21 40
651 22 39
651 23 9
651 24 10
651 25 8
651 26 5
651 27 8
651 28 20
651 29 40
651 30 40
651 31 40
651 32 40
651 33 39
651 34 11
651 35 11
651 36 10
651 37 14
651 38 45
651 39 44
651 40 45
651 41 41
651 42 39
651 43 41
651 44 42
651 45 8
651 46 6
651 47 6
651 48 10
651 49 44
651 50 41
651 51 42
651 52 44
651 53 45
651 54 41
651 55 43
651 56 11
651 57 11
651 58 8
651 59 10
651 60 37
651 61 40
651 62 40
651 63 40
651 64 40
651 65 39
651 66 42
651 67 7
651 68 10
651 69 10
651 70 9
651 71 10
651 72 44
651 73 42
651 74 39
651 75 41
651 76 42
651 77 41
651 78 14
651 79 9
651 80 10
651 81 8
651 82 12
651 83 43
651 84 40
651 85 40
651 86 15
651 87 39
651 88 42
651 89 11
651 90 12
651 91 9
651 92 11
651 93 13
651 94 39
651 95 13
651 96 41
651 97 23
651 98 44
651 99 43
651 100 15
651 101 10
651 102 5
651 103 8
651 104 9
651 105 40
651 106 40
651 107 41
651 108 19
651 109 42
651 110 40
651 111 11
651 112 12
651 113 7
651 114 12
651 115 39
651 116 39
651 117 12
651 118 39
651 119 42
651 120 43
651 121 41
676 1 9
676 2 10
676 3 10
676 4 9
676 5 11
676 6 0
676 7 10
676 8 13
676 9 10
676 10 22
676 11 40
676 12 10
676 13 12
676 14 1
676 15 10
676 16 9
676 17 6
676 18 16
676 19 8
676 20 12
676 21 39
676 22 41
676 23 10
676 24 10
676 25 10
676 26 0
676 27 15
676 28 5
676 29 38
676 30 40
676 31 43
676 32 41
676 33 40
676 34 15
676 35 11
676 36 10
676 37 12
676 38 39
676 39 40
676 40 39
676 41 40
676 42 44
676 43 40
676 44 39
676 45 13
676 46 12
676 47 9
676 48 9
676 49 41
676 50 43
676 51 42
676 52 45
676 53 42
676 54 40
676 55 40
676 56 9
676 57 7
676 58 9
676 59 10
676 60 39
676 61 41
676 62 38
676 63 46
676 64 36
676 65 40
676 66 39
676 67 9
676 68 11
676 69 13
676 70 7
676 71 13
676 72 47
676 73 42
676 74 44
676 75 40
676 76 38
676 77 42
676 78 8
676 79 10
676 80 12
676 81 8
676 82 13
676 83 39
676 84 40
676 85 40
676 86 14
676 87 40
676 88 40
676 89 10
676 90 2
676 91 10
676 92 8
676 93 10
676 94 39
676 95 19
676 96 43
676 97 13
676 98 41
676 99 40
676 100 12
676 101 11
676 102 11
676 103 10
676 104 3
676 105 42
676 106 40
676 107 42
676 108 18
676 109 41
676 110 45
676 111 9
676 112 11
676 113 4
676 114 7
676 115 41
676 116 40
676 117 13
676 118 42
676 119 41
676 120 42
676 121 38
701 1 14
701 2 7
701 3 9
701 4 10
701 5 12
701 6 7
701 7 12
701 8 11
701 9 12
701 10 14
701 11 40
701 12 8
701 13 8
701 14 6
701 15 11
701 16 10
701 17 14
701 18 12
701 19 10
701 20 13
701 21 42
701 22 38
701 23 9
701 24 10
701 25 15
701 26 4
701 27 9
701 28 18
701 29 39
701 30 41
701 31 38
701 32 41
701 33 39
701 34 11
701 35 12
701 36 9
701 37 10
701 38 39
701 39 38
701 40 40
701 41 44
701 42 40
701 43 42
701 44 42
701 45 14
701 46 4
701 47 10
701 48 12
701 49 40
701 50 37
701 51 39
701 52 41
701 53 46
701 54 42
701 55 40
701 56 10
701 57 10
701 58 9
701 59 0
701 60 40
701 61 41
701 62 42
701 63 39
701 64 41
701 65 39
701 66 41
701 67 13
701 68 10
701 69 0
701 70 6
701 71 12
701 72 40
701 73 40
701 74 41
701 75 39
701 76 39
701 77 42
701 78 14
701 79 0
701 80 10
701 81 9
701 82 11
701 83 38
701 84 44
701 85 40
701 86 16
701 87 41
701 88 40
701 89 21
701 90 0
701 91 6
701 92 4
701 93 0
701 94 42
701 95 9
701 96 38
701 97 8
701 98 38
701 99 39
701 100 8
701 101 9
701 102 2
701 103 0
701 104 7
701 105 38
701 106 39
701 107 43
701 108 17
701 109 40
701 110 46
701 111 6
701 112 5
701 113 4
701 114 13
701 115 38
701 116 39
701 117 9
701 118 40
701 119 43
701 120 40
701 121 41
726 1 10
726 2 8
726 3 5
726 4 0
726 5 6
726 6 0
726 7 9
726 8 12
726 9 12
726 10 14
726 11 37
726 12 11
726 13 11
726 14 5
726 15 9
726 16 10
726 17 12
726 18 0
726 19 1
726 20 9
726 21 40
726 22 38
726 23 12
726 24 7
726 25 8
726 26 0
726 27 10
726 28 11
726 29 39
726 30 41
726 31 41
726 32 41
726 33 39
726 34 5
726 35 9
726 36 11
726 37 10
726 38 43
726 39 41
726 40 42
726 41 43
726 42 43
726 43 43
726 44 44
726 45 15
726 46 4
726 47 10
726 48 7
726 49 36
726 50 42
726 51 40
726 52 41
726 53 40
726 54 41
726 55 39
726 56 15
726 57 10
726 58 0
726 59 0
726 60 41
726 61 39
726 62 39
726 63 41
726 64 43
726 65 39
726 66 44
726 67 8
726 68 0
726 69 0
726 70 7
726 71 11
726 72 39
726 73 41
726 74 37
726 75 45
726 76 45
726 77 42
726 78 11
726 79 10
726 80 10
726 81 10
726 82 8
726 83 40
726 84 40
726 85 39
726 86 10
726 87 41
726 88 39
726 89 5
726 90 8
726 91 11
726 92 8
726 93 7
726 94 38
726 95 21
726 96 40
726 97 12
726 98 42
726 99 40
726 100 17
726 101 9
726 102 7
726 103 1
726 104 2
726 105 38
726 106 42
726 107 40
726 108 15
726 109 42
726 110 38
726 111 10
726 112 13
726 113 0
726 114 4
726 115 42
726 116 35
726 117 11
726 118 39
726 119 40
726 120 38
726 121 38
751 1 12
751 2 0
751 3 0
751 4 0
751 5 11
751 6 6
751 7 9
751 8 11
751 9 10
751 10 11
751 11 40
751 12 2
751 13 10
751 14 0
751 15 4
751 16 13
751 17 6
751 18 11
751 19 9
751 20 26
751 21 35
751 22 37
751 23 12
751 24 6
751 25 9
751 26 7
751 27 12
751 28 8
751 29 36
751 30 39
751 31 41
751 32 43
751 33 41
751 34 11
751 35 10
751 36 10
751 37 16
751 38 40
751 39 39
751 40 39
751 41 40
751 42 41
751 43 42
751 44 41
751 45 0
751 46 8
751 47 7
751 48 2
751 49 39
751 50 41
751 51 41
751 52 40
751 53 47
751 54 42
751 55 39
751 56 10
751 57 7
751 58 9
751 59 9
751 60 41
751 61 40
751 62 39
751 63 42
751 64 38
751 65 41
751 66 40
751 67 9
751 68 11
751 69 7
751 70 10
751 71 18
751 72 40
751 73 42
751 74 40
751 75 41
751 76 42
751 77 39
751 78 3
751 79 11
751 80 10
751 81 9
751 82 11
751 83 40
751 84 36
751 85 42
751 86 10
751 87 40
751 88 37
751 89 10
751 90 8
751 91 10
751 92 0
751 93 3
751 94 38
751 95 1
751 96 40
751 97 11
751 98 39
751 99 40
751 100 9
751 101 11
751 102 4
751 103 4
751 104 8
751 105 38
751 106 40
751 107 43
751 108 10
751 109 41
751 110 41
751 111 11
751 112 10
751 113 12
751 114 0
751 115 40
751 116 39
751 117 13
751 118 40
751 119 38
751 120 35
751 121 41
776 1 7
776 2 10
776 3 0
776 4 0
776 5 6
776 6 3
776 7 7
776 8 15
776 9 4
776 10 14
776 11 38
776 12 12
776 13 10
776 14 9
776 15 9
776 16 0
776 17 10
776 18 12
776 19 12
776 20 14
776 21 40
776 22 43
776 23 2
776 24 0
776 25 1
776 26 5
776 27 9
776 28 11
776 29 41
776 30 39
776 31 40
776 32 41
776 33 43
776 34 8
776 35 3
776 36 3
776 37 10
776 38 39
776 39 46
776 40 45
776 41 37
776 42 39
776 43 39
776 44 40
776 45 6
776 46 7
776 47 11
776 48 8
776 49 38
776 50 40
776 51 40
776 52 47
776 53 44
776 54 47
776 55 41
776 56 17
776 57 7
776 58 11
776 59 8
776 60 39
776 61 42
776 62 42
776 63 41
776 64 42
776 65 43
776 66 40
776 67 12
776 68 8
776 69 9
776 70 9
776 71 14
776 72 40
776 73 40
776 74 38
776 75 43
776 76 39
776 77 40
776 78 10
776 79 10
776 80 0
776 81 0
776 82 10
776 83 36
776 84 39
776 85 42
776 86 7
776 87 42
776 88 39
776 89 8
776 90 10
776 91 2
776 92 0
776 93 0
776 94 40
776 95 19
776 96 40
776 97 9
776 98 40
776 99 42
776 100 6
776 101 10
776 102 0
776 103 0
776 104 11
776 105 41
776 106 37
776 107 41
776 108 9
776 109 40
776 110 41
776 111 9
776 112 8
776 113 3
776 114 9
776 115 36
776 116 36
776 117 21
776 118 42
776 119 40
776 120 35
776 121 40
801 1 0
801 2 0
801 3 0
801 4 0
801 5 9
801 6 7
801 7 3
801 8 5
801 9 18
801 10 13
801 11 37
801 12 5
801 13 2
801 14 0
801 15 0
801 16 9
801 17 11
801 18 11
801 19 11
801 20 7
801 21 37
801 22 40
801 23 9
801 24 10
801 25 5
801 26 0
801 27 13
801 28 10
801 29 41
801 30 41
801 31 42
801 32 38
801 33 39
801 34 6
801 35 8
801 36 10
801 37 6
801 38 40
801 39 40
801 40 40
801 41 40
801 42 42
801 43 41
801 44 41
801 45 12
801 46 12
801 47 0
801 48 3
801 49 40
801 50 41
801 51 42
801 52 43
801 53 42
801 54 41
801 55 40
801 56 11
801 57 6
801 58 2
801 59 0
801 60 41
801 61 40
801 62 39
801 63 41
801 64 40
801 65 42
801 66 42
801 67 9
801 68 10
801 69 0
801 70 0
801 71 14
801 72 37
801 73 39
801 74 38
801 75 41
801 76 41
801 77 39
801 78 2
801 79 0
801 80 0
801 81 0
801 82 10
801 83 40
801 84 40
801 85 41
801 86 9
801 87 40
801 88 40
801 89 3
801 90 0
801 91 0
801 92 0
801 93 2
801 94 39
801 95 1
801 96 40
801 97 9
801 98 42
801 99 41
801 100 0
801 101 0
801 102 0
801 103 0
801 104 16
801 105 42
801 106 41
801 107 41
801 108 15
801 109 41
801 110 38
801 111 0
801 112 0
801 113 0
801 114 9
801 115 44
801 116 40
801 117 11
801 118 45
801 119 40
801 120 39
801 121 41
826 1 0
826 2 0
826 3 0
826 4 0
826 5 10
826 6 9
826 7 0
826 8 10
826 9 14
826 10 13
826 11 39
826 12 11
826 13 0
826 14 0
826 15 0
826 16 4
826 17 11
826 18 16
826 19 10
826 20 14
826 21 39
826 22 39
826 23 14
826 24 9
826 25 4
826 26 0
826 27 7
826 28 20
826 29 40
826 30 42
826 31 40
826 32 40
826 33 40
826 34 10
826 35 8
826 36 8
826 37 8
826 38 41
826 39 40
826 40 41
826 41 40
826 42 41
826 43 39
826 44 41
826 45 11
826 46 11
826 47 5
826 48 9
826 49 38
826 50 41
826 51 38
826 52 42
826 53 44
826 54 32
826 55 43
826 56 9
826 57 6
826 58 0
826 59 7
826 60 40
826 61 41
826 62 43
826 63 41
826 64 42
826 65 43
826 66 40
826 67 9
826 68 0
826 69 0
826 70 0
826 71 15
826 72 41
826 73 41
826 74 39
826 75 41
826 76 42
826 77 40
826 78 12
826 79 0
826 80 0
826 81 0
826 82 10
826 83 42
826 84 40
826 85 41
826 86 11
826 87 39
826 88 40
826 89 4
826 90 0
826 91 0
826 92 0
826 93 10
826 94 40
826 95 14
826 96 42
826 97 10
826 98 39
826 99 40
826 100 10
826 101 0
826 102 0
826 103 0
826 104 11
826 105 42
826 106 43
826 107 40
826 108 13
826 109 42
826 110 41
826 111 0
826 112 0
826 113 0
826 114 3
826 115 40
826 116 39
826 117 9
826 118 40
826 119 38
826 120 39
826 121 44
851 1 3
851 2 0
851 3 0
851 4 0
851 5 0
851 6 10
851 7 8
851 8 9
851 9 20
851 10 12
851 11 41
851 12 7
851 13 0
851 14 0
851 15 0
851 16 2
851 17 6
851 18 7
851 19 9
851 20 13
851 21 40
851 22 41
851 23 10
851 24 10
851 25 0
851 26 0
851 27 9
851 28 12
851 29 40
851 30 42
851 31 40
851 32 43
851 33 39
851 34 11
851 35 0
851 36 0
851 37 11
851 38 38
851 39 41
851 40 43
851 41 40
851 42 41
851 43 43
851 44 36
851 45 13
851 46 4
851 47 0
851 48 9
851 49 41
851 50 42
851 51 46
851 52 42
851 53 42
851 54 40
851 55 40
851 56 13
851 57 12
851 58 0
851 59 11
851 60 38
851 61 42
851 62 43
851 63 39
851 64 45
851 65 37
851 66 40
851 67 8
851 68 7
851 69 0
851 70 0
851 71 10
851 72 44
851 73 37
851 74 37
851 75 39
851 76 42
851 77 41
851 78 9
851 79 0
851 80 10
851 81 10
851 82 12
851 83 40
851 84 44
851 85 42
851 86 12
851 87 42
851 88 40
851 89 6
851 90 1
851 91 0
851 92 0
851 93 13
851 94 40
851 95 9
851 96 35
851 97 9
851 98 40
851 99 38
851 100 4
851 101 0
851 102 0
851 103 3
851 104 10
851 105 42
851 106 40
851 107 37
851 108 11
851 109 39
851 110 40
851 111 11
851 112 0
851 113 0
851 114 8
851 115 37
851 116 40
851 117 16
851 118 40
851 119 43
851 120 39
851 121 40
876 1 5
876 2 0
876 3 0
876 4 0
876 5 9
876 6 13
876 7 5
876 8 10
876 9 12
876 10 16
876 11 41
876 12 8
876 13 0
876 14 0
876 15 0
876 16 10
876 17 10
876 18 10
876 19 12
876 20 11
876 21 40
876 22 38
876 23 8
876 24 9
876 25 0
876 26 9
876 27 10
876 28 10
876 29 39
876 30 42
876 31 42
876 32 40
876 33 40
876 34 10
876 35 0
876 36 0
876 37 10
876 38 42
876 39 42
876 40 41
876 41 40
876 42 41
876 43 40
876 44 38
876 45 10
876 46 0
876 47 10
876 48 11
876 49 41
876 50 39
876 51 43
876 52 43
876 53 41
876 54 40
876 55 41
876 56 0
876 57 0
876 58 0
876 59 7
876 60 37
876 61 40
876 62 43
876 63 41
876 64 43
876 65 43
876 66 38
876 67 0
876 68 0
876 69 0
876 70 0
876 71 7
876 72 41
876 73 45
876 74 37
876 75 42
876 76 38
876 77 37
876 78 8
876 79 0
876 80 0
876 81 0
876 82 11
876 83 38
876 84 40
876 85 41
876 86 3
876 87 39
876 88 40
876 89 8
876 90 0
876 91 0
876 92 0
876 93 13
876 94 40
876 95 9
876 96 41
876 97 11
876 98 40
876 99 40
876 100 6
876 101 13
876 102 0
876 103 0
876 104 10
876 105 39
876 106 35
876 107 40
876 108 18
876 109 40
876 110 41
876 111 10
876 112 0
876 113 0
876 114 5
876 115 40
876 116 39
876 117 10
876 118 40
876 119 43
876 120 40
876 121 38
901 1 5
901 2 0
901 3 0
901 4 10
901 5 11
901 6 10
901 7 6
901 8 10
901 9 10
901 10 22
901 11 40
901 12 10
901 13 0
901 14 0
901 15 12
901 16 8
901 17 10
901 18 9
901 19 10
901 20 14
901 21 43
901 22 38
901 23 9
901 24 0
901 25 0
901 26 11
901 27 12
901 28 10
901 29 40
901 30 39
901 31 40
901 32 41
901 33 42
901 34 13
901 35 8
901 36 0
901 37 8
901 38 42
901 39 45
901 40 40
901 41 44
901 42 42
901 43 42
901 44 40
901 45 9
901 46 0
901 47 9
901 48 9
901 49 41
901 50 44
901 51 42
901 52 40
901 53 47
901 54 39
901 55 38
901 56 0
901 57 0
901 58 0
901 59 7
901 60 41
901 61 41
901 62 45
901 63 37
901 64 43
901 65 41
901 66 39
901 67 4
901 68 0
901 69 0
901 70 12
901 71 19
901 72 40
901 73 42
901 74 42
901 75 40
901 76 39
901 77 40
901 78 0
901 79 4
901 80 8
901 81 8
901 82 14
901 83 39
901 84 40
901 85 40
901 86 20
901 87 43
901 88 40
901 89 15
901 90 10
901 91 0
901 92 3
901 93 9
901 94 35
901 95 20
901 96 39
901 97 10
901 98 40
901 99 41
901 100 13
901 101 0
901 102 0
901 103 11
901 104 15
901 105 38
901 106 40
901 107 41
901 108 19
901 109 40
901 110 41
901 111 11
901 112 0
901 113 0
901 114 10
901 115 41
901 116 40
901 117 19
901 118 42
901 119 38
901 120 42
901 121 38
926 1 10
926 2 7
926 3 1
926 4 10
926 5 8
926 6 11
926 7 10
926 8 13
926 9 10
926 10 24
926 11 43
926 12 16
926 13 9
926 14 11
926 15 11
926 16 11
926 17 10
926 18 16
926 19 12
926 20 11
926 21 40
926 22 42
926 23 11
926 24 0
926 25 10
926 26 11
926 27 6
926 28 17
926 29 43
926 30 39
926 31 36
926 32 40
926 33 41
926 34 11
926 35 0
926 36 0
926 37 10
926 38 40
926 39 43
926 40 43
926 41 43
926 42 41
926 43 41
926 44 40
926 45 12
926 46 0
926 47 0
926 48 6
926 49 39
926 50 45
926 51 43
926 52 40
926 53 40
926 54 39
926 55 40
926 56 18
926 57 5
926 58 7
926 59 10
926 60 43
926 61 41
926 62 41
926 63 39
926 64 44
926 65 40
926 66 39
926 67 13
926 68 0
926 69 11
926 70 9
926 71 14
926 72 42
926 73 38
926 74 46
926 75 41
926 76 40
926 77 40
926 78 8
926 79 0
926 80 9
926 81 13
926 82 11
926 83 41
926 84 41
926 85 40
926 86 25
926 87 38
926 88 40
926 89 10
926 90 0
926 91 12
926 92 9
926 93 10
926 94 37
926 95 17
926 96 43
926 97 16
926 98 42
926 99 39
926 100 9
926 101 10
926 102 11
926 103 12
926 104 15
926 105 40
926 106 39
926 107 38
926 108 18
926 109 37
926 110 40
926 111 12
926 112 5
926 113 9
926 114 11
926 115 40
926 116 41
926 117 18
926 118 40
926 119 40
926 120 38
926 121 41
951 1 9
951 2 10
951 3 0
951 4 8
951 5 9
951 6 11
951 7 11
951 8 11
951 9 0
951 10 11
951 11 40
951 12 6
951 13 13
951 14 6
951 15 10
951 16 9
951 17 11
951 18 11
951 19 13
951 20 10
951 21 41
951 22 44
951 23 11
951 24 7
951 25 8
951 26 11
951 27 11
951 28 20
951 29 39
951 30 40
951 31 40
951 32 40
951 33 41
951 34 7
951 35 13
951 36 14
951 37 15
951 38 38
951 39 41
951 40 40
951 41 38
951 42 41
951 43 42
951 44 36
951 45 10
951 46 10
951 47 7
951 48 11
951 49 44
951 50 43
951 51 39
951 52 44
951 53 45
951 54 41
951 55 40
951 56 12
951 57 2
951 58 7
951 59 11
951 60 38
951 61 42
951 62 45
951 63 40
951 64 41
951 65 39
951 66 41
951 67 11
951 68 5
951 69 0
951 70 11
951 71 12
951 72 43
951 73 43
951 74 44
951 75 42
951 76 42
951 77 41
951 78 12
951 79 0
951 80 0
951 81 0
951 82 10
951 83 40
951 84 40
951 85 42
951 86 24
951 87 41
951 88 41
951 89 8
951 90 5
951 91 0
951 92 2
951 93 11
951 94 41
951 95 21
951 96 38
951 97 11
951 98 41
951 99 40
951 100 9
951 101 10
951 102 0
951 103 11
951 104 8
951 105 38
951 106 39
951 107 44
951 108 10
951 109 43
951 110 39
951 111 12
951 112 13
951 113 0
951 114 9
951 115 39
951 116 41
951 117 16
951 118 39
951 119 37
951 120 37
951 121 38
976 1 13
976 2 8
976 3 5
976 4 8
976 5 7
976 6 10
976 7 9
976 8 9
976 9 12
976 10 10
976 11 43
976 12 12
976 13 9
976 14 9
976 15 7
976 16 10
976 17 11
976 18 12
976 19 9
976 20 19
976 21 41
976 22 41
976 23 14
976 24 9
976 25 10
976 26 5
976 27 15
976 28 21
976 29 42
976 30 41
976 31 40
976 32 40
976 33 37
976 34 12
976 35 4
976 36 8
976 37 6
976 38 42
976 39 44
976 40 40
976 41 40
976 42 44
976 43 40
976 44 38
976 45 11
976 46 10
976 47 9
976 48 8
976 49 39
976 50 39
976 51 41
976 52 39
976 53 40
976 54 41
976 55 39
976 56 10
976 57 7
976 58 2
976 59 18
976 60 42
976 61 37
976 62 39
976 63 41
976 64 40
976 65 43
976 66 41
976 67 20
976 68 10
976 69 0
976 70 9
976 71 17
976 72 40
976 73 42
976 74 41
976 75 41
976 76 45
976 77 39
976 78 13
976 79 0
976 80 0
976 81 0
976 82 15
976 83 42
976 84 39
976 85 40
976 86 17
976 87 42
976 88 40
976 89 12
976 90 0
976 91 0
976 92 0
976 93 12
976 94 41
976 95 21
976 96 40
976 97 11
976 98 40
976 99 40
976 100 9
976 101 8
976 102 0
976 103 5
976 104 12
976 105 40
976 106 39
976 107 43
976 108 19
976 109 38
976 110 40
976 111 16
976 112 7
976 113 0
976 114 8
976 115 37
976 116 42
976 117 13
976 118 40
976 119 39
976 120 39
976 121 42
1001 1 11
1001 2 11
1001 3 8
1001 4 8
1001 5 9
1001 6 15
1001 7 8
1001 8 9
1001 9 13
1001 10 18
1001 11 40
1001 12 5
1001 13 7
1001 14 12
1001 15 9
1001 16 5
1001 17 8
1001 18 9
1001 19 7
1001 20 11
1001 21 40
1001 22 39
1001 23 17
1001 24 8
1001 25 11
1001 26 10
1001 27 11
1001 28 15
1001 29 42
1001 30 40
1001 31 40
1001 32 42
1001 33 39
1001 34 10
1001 35 6
1001 36 8
1001 37 12
1001 38 38
1001 39 41
1001 40 41
1001 41 39
1001 42 46
1001 43 42
1001 44 40
1001 45 13
1001 46 10
1001 47 10
1001 48 10
1001 49 33
1001 50 42
1001 51 39
1001 52 42
1001 53 43
1001 54 42
1001 55 36
1001 56 10
1001 57 10
1001 58 6
1001 59 9
1001 60 40
1001 61 40
1001 62 41
1001 63 43
1001 64 42
1001 65 43
1001 66 45
1001 67 10
1001 68 11
1001 69 1
1001 70 0
1001 71 10
1001 72 43
1001 73 43
1001 74 43
1001 75 39
1001 76 40
1001 77 40
1001 78 10
1001 79 12
1001 80 0
1001 81 0
1001 82 12
1001 83 43
1001 84 39
1001 85 41
1001 86 13
1001 87 38
1001 88 37
1001 89 9
1001 90 8
1001 91 4
1001 92 17
1001 93 10
1001 94 42
1001 95 20
1001 96 41
1001 97 9
1001 98 39
1001 99 39
1001 100 17
1001 101 6
1001 102 0
1001 103 8
1001 104 10
1001 105 41
1001 106 39
1001 107 43
1001 108 16
1001 109 39
1001 110 38
1001 111 9
1001 112 10
1001 113 0
1001 114 10
1001 115 39
1001 116 35
1001 117 21
1001 118 39
1001 119 40
1001 120 41
1001 121 40
1026 1 11
1026 2 11
1026 3 13
1026 4 9
1026 5 10
1026 6 11
1026 7 9
1026 8 11
1026 9 7
1026 10 14
1026 11 41
1026 12 15
1026 13 11
1026 14 8
1026 15 8
1026 16 4
1026 17 8
1026 18 15
1026 19 6
1026 20 16
1026 21 41
1026 22 40
1026 23 9
1026 24 11
1026 25 10
1026 26 8
1026 27 10
1026 28 10
1026 29 40
1026 30 40
1026 31 42
1026 32 40
1026 33 42
1026 34 12
1026 35 9
1026 36 9
1026 37 7
1026 38 39
1026 39 41
1026 40 39
1026 41 42
1026 42 41
1026 43 40
1026 44 39
1026 45 14
1026 46 12
1026 47 9
1026 48 11
1026 49 39
1026 50 40
1026 51 45
1026 52 41
1026 53 40
1026 54 44
1026 55 41
1026 56 12
1026 57 11
1026 58 7
1026 59 0
1026 60 39
1026 61 41
1026 62 40
1026 63 41
1026 64 40
1026 65 38
1026 66 41
1026 67 12
1026 68 9
1026 69 0
1026 70 6
1026 71 10
1026 72 40
1026 73 42
1026 74 39
1026 75 40
1026 76 39
1026 77 42
1026 78 12
1026 79 5
1026 80 5
1026 81 0
1026 82 9
1026 83 39
1026 84 42
1026 85 42
1026 86 17
1026 87 40
1026 88 36
1026 89 13
1026 90 4
1026 91 12
1026 92 8
1026 93 7
1026 94 40
1026 95 16
1026 96 40
1026 97 9
1026 98 41
1026 99 39
1026 100 14
1026 101 13
1026 102 13
1026 103 8
1026 104 10
1026 105 38
1026 106 40
1026 107 39
1026 108 20
1026 109 41
1026 110 41
1026 111 13
1026 112 10
1026 113 8
1026 114 16
1026 115 40
1026 116 41
1026 117 15
1026 118 39
1026 119 41
1026 120 42
1026 121 42
1051 1 19
1051 2 9
1051 3 10
1051 4 2
1051 5 10
1051 6 5
1051 7 0
1051 8 16
1051 9 7
1051 10 28
1051 11 40
1051 12 15
1051 13 9
1051 14 6
1051 15 8
1051 16 2
1051 17 8
1051 18 14
1051 19 10
1051 20 7
1051 21 40
1051 22 38
1051 23 11
1051 24 10
1051 25 9
1051 26 11
1051 27 6
1051 28 11
1051 29 39
1051 30 41
1051 31 44
1051 32 42
1051 33 39
1051 34 10
1051 35 9
1051 36 8
1051 37 10
1051 38 40
1051 39 42
1051 40 40
1051 41 41
1051 42 44
1051 43 40
1051 44 41
1051 45 19
1051 46 11
1051 47 9
1051 48 0
1051 49 40
1051 50 41
1051 51 42
1051 52 40
1051 53 43
1051 54 39
1051 55 42
1051 56 13
1051 57 11
1051 58 10
1051 59 10
1051 60 42
1051 61 39
1051 62 41
1051 63 44
1051 64 41
1051 65 40
1051 66 40
1051 67 9
1051 68 11
1051 69 0
1051 70 11
1051 71 14
1051 72 40
1051 73 41
1051 74 42
1051 75 45
1051 76 42
1051 77 40
1051 78 9
1051 79 10
1051 80 10
1051 81 9
1051 82 13
1051 83 40
1051 84 42
1051 85 42
1051 86 8
1051 87 41
1051 88 41
1051 89 15
1051 90 8
1051 91 6
1051 92 7
1051 93 16
1051 94 43
1051 95 12
1051 96 41
1051 97 19
1051 98 41
1051 99 42
1051 100 10
1051 101 13
1051 102 9
1051 103 0
1051 104 14
1051 105 40
1051 106 42
1051 107 40
1051 108 16
1051 109 44
1051 110 39
1051 111 17
1051 112 8
1051 113 10
1051 114 15
1051 115 40
1051 116 38
1051 117 10
1051 118 42
1051 119 40
1051 120 44
1051 121 40
1076 1 12
1076 2 10
1076 3 7
1076 4 6
1076 5 9
1076 6 0
1076 7 10
1076 8 12
1076 9 17
1076 10 19
1076 11 35
1076 12 11
1076 13 8
1076 14 10
1076 15 10
1076 16 7
1076 17 6
1076 18 14
1076 19 10
1076 20 16
1076 21 43
1076 22 39
1076 23 6
1076 24 10
1076 25 9
1076 26 11
1076 27 12
1076 28 8
1076 29 40
1076 30 41
1076 31 43
1076 32 40
1076 33 41
1076 34 11
1076 35 7
1076 36 12
1076 37 10
1076 38 35
1076 39 40
1076 40 40
1076 41 39
1076 42 40
1076 43 41
1076 44 38
1076 45 10
1076 46 8
1076 47 12
1076 48 16
1076 49 41
1076 50 39
1076 51 40
1076 52 37
1076 53 42
1076 54 40
1076 55 38
1076 56 15
1076 57 5
1076 58 9
1076 59 10
1076 60 39
1076 61 35
1076 62 38
1076 63 39
1076 64 43
1076 65 39
1076 66 38
1076 67 11
1076 68 10
1076 69 2
1076 70 6
1076 71 9
1076 72 40
1076 73 38
1076 74 40
1076 75 42
1076 76 41
1076 77 35
1076 78 9
1076 79 10
1076 80 7
1076 81 10
1076 82 10
1076 83 37
1076 84 43
1076 85 42
1076 86 20
1076 87 43
1076 88 40
1076 89 15
1076 90 9
1076 91 14
1076 92 5
1076 93 10
1076 94 39
1076 95 13
1076 96 40
1076 97 16
1076 98 40
1076 99 44
1076 100 16
1076 101 6
1076 102 11
1076 103 8
1076 104 17
1076 105 42
1076 106 41
1076 107 38
1076 108 14
1076 109 42
1076 110 45
1076 111 10
1076 112 9
1076 113 12
1076 114 7
1076 115 40
1076 116 43
1076 117 14
1076 118 39
1076 119 36
1076 120 40
1076 121 39
1101 1 12
1101 2 10
1101 3 12
1101 4 3
1101 5 3
1101 6 3
1101 7 4
1101 8 10
1101 9 10
1101 10 20
1101 11 44
1101 12 8
1101 13 12
1101 14 11
1101 15 12
1101 16 0
1101 17 5
1101 18 8
1101 19 11
1101 20 14
1101 21 42
1101 22 42
1101 23 11
1101 24 11
1101 25 10
1101 26 5
1101 27 7
1101 28 15
1101 29 40
1101 30 39
1101 31 42
1101 32 41
1101 33 39
1101 34 16
1101 35 11
1101 36 11
1101 37 12
1101 38 40
1101 39 40
1101 40 40
1101 41 39
1101 42 39
1101 43 41
1101 44 40
1101 45 12
1101 46 8
1101 47 10
1101 48 9
1101 49 38
1101 50 41
1101 51 44
1101 52 37
1101 53 41
1101 54 41
1101 55 41
1101 56 13
1101 57 9
1101 58 11
1101 59 0
1101 60 40
1101 61 41
1101 62 40
1101 63 39
1101 64 42
1101 65 41
1101 66 39
1101 67 11
1101 68 10
1101 69 10
1101 70 9
1101 71 8
1101 72 41
1101 73 39
1101 74 42
1101 75 43
1101 76 44
1101 77 38
1101 78 10
1101 79 9
1101 80 9
1101 81 9
1101 82 10
1101 83 40
1101 84 42
1101 85 38
1101 86 11
1101 87 43
1101 88 39
1101 89 12
1101 90 9
1101 91 15
1101 92 11
1101 93 12
1101 94 39
1101 95 14
1101 96 40
1101 97 16
1101 98 40
1101 99 41
1101 100 12
1101 101 12
1101 102 13
1101 103 4
1101 104 8
1101 105 39
1101 106 39
1101 107 39
1101 108 21
1101 109 39
1101 110 38
1101 111 11
1101 112 12
1101 113 8
1101 114 10
1101 115 38
1101 116 39
1101 117 11
1101 118 39
1101 119 39
1101 120 40
1101 121 42
1126 1 11
1126 2 0
1126 3 1
1126 4 0
1126 5 0
1126 6 3
1126 7 8
1126 8 9
1126 9 10
1126 10 14
1126 11 40
1126 12 12
1126 13 0
1126 14 0
1126 15 0
1126 16 13
1126 17 7
1126 18 13
1126 19 9
1126 20 10
1126 21 39
1126 22 40
1126 23 10
1126 24 7
1126 25 0
1126 26 5
1126 27 9
1126 28 10
1126 29 42
1126 30 40
1126 31 39
1126 32 43
1126 33 41
1126 34 8
1126 35 6
1126 36 0
1126 37 8
1126 38 38
1126 39 44
1126 40 40
1126 41 44
1126 42 41
1126 43 40
1126 44 41
1126 45 12
1126 46 9
1126 47 9
1126 48 5
1126 49 43
1126 50 43
1126 51 41
1126 52 44
1126 53 44
1126 54 44
1126 55 40
1126 56 5
1126 57 8
1126 58 7
1126 59 4
1126 60 39
1126 61 41
1126 62 41
1126 63 41
1126 64 39
1126 65 41
1126 66 41
1126 67 10
1126 68 0
1126 69 8
1126 70 7
1126 71 11
1126 72 42
1126 73 41
1126 74 39
1126 75 39
1126 76 42
1126 77 40
1126 78 10
1126 79 6
1126 80 9
1126 81 0
1126 82 7
1126 83 44
1126 84 44
1126 85 42
1126 86 21
1126 87 41
1126 88 41
1126 89 7
1126 90 11
1126 91 10
1126 92 7
1126 93 3
1126 94 40
1126 95 9
1126 96 39
1126 97 13
1126 98 39
1126 99 41
1126 100 10
1126 101 10
1126 102 9
1126 103 0
1126 104 9
1126 105 42
1126 106 41
1126 107 41
1126 108 27
1126 109 45
1126 110 40
1126 111 10
1126 112 11
1126 113 4
1126 114 0
1126 115 40
1126 116 36
1126 117 19
1126 118 40
1126 119 39
1126 120 41
1126 121 41
1151 1 12
1151 2 7
1151 3 0
1151 4 0
1151 5 7
1151 6 4
1151 7 7
1151 8 8
1151 9 11
1151 10 17
1151 11 41
1151 12 3
1151 13 0
1151 14 0
1151 15 11
1151 16 11
1151 17 5
1151 18 5
1151 19 8
1151 20 10
1151 21 42
1151 22 40
1151 23 11
1151 24 0
1151 25 0
1151 26 10
1151 27 11
1151 28 11
1151 29 42
1151 30 41
1151 31 40
1151 32 44
1151 33 39
1151 34 12
1151 35 3
1151 36 0
1151 37 7
1151 38 39
1151 39 40
1151 40 41
1151 41 41
1151 42 40
1151 43 37
1151 44 42
1151 45 12
1151 46 2
1151 47 15
1151 48 14
1151 49 38
1151 50 41
1151 51 37
1151 52 41
1151 53 42
1151 54 41
1151 55 40
1151 56 11
1151 57 4
1151 58 7
1151 59 8
1151 60 39
1151 61 41
1151 62 43
1151 63 43
1151 64 42
1151 65 40
1151 66 37
1151 67 11
1151 68 0
1151 69 6
1151 70 7
1151 71 6
1151 72 43
1151 73 43
1151 74 44
1151 75 42
1151 76 38
1151 77 40
1151 78 6
1151 79 6
1151 80 9
1151 81 0
1151 82 8
1151 83 39
1151 84 40
1151 85 39
1151 86 13
1151 87 39
1151 88 42
1151 89 7
1151 90 9
1151 91 0
1151 92 10
1151 93 8
1151 94 41
1151 95 8
1151 96 38
1151 97 12
1151 98 41
1151 99 41
1151 100 10
1151 101 11
1151 102 6
1151 103 9
1151 104 10
1151 105 38
1151 106 42
1151 107 43
1151 108 18
1151 109 44
1151 110 41
1151 111 10
1151 112 10
1151 113 8
1151 114 10
1151 115 34
1151 116 40
1151 117 15
1151 118 38
1151 119 38
1151 120 41
1151 121 42
1176 1 6
1176 2 9
1176 3 11
1176 4 0
1176 5 1
1176 6 3
1176 7 0
1176 8 0
1176 9 4
1176 10 11
1176 11 40
1176 12 11
1176 13 7
1176 14 9
1176 15 0
1176 16 8
1176 17 4
1176 18 7
1176 19 12
1176 20 10
1176 21 44
1176 22 40
1176 23 8
1176 24 0
1176 25 0
1176 26 0
1176 27 6
1176 28 9
1176 29 39
1176 30 41
1176 31 40
1176 32 44
1176 33 40
1176 34 9
1176 35 8
1176 36 0
1176 37 14
1176 38 36
1176 39 45
1176 40 40
1176 41 43
1176 42 39
1176 43 40
1176 44 40
1176 45 10
1176 46 6
1176 47 6
1176 48 0
1176 49 41
1176 50 41
1176 51 40
1176 52 40
1176 53 40
1176 54 41
1176 55 39
1176 56 0
1176 57 5
1176 58 2
1176 59 5
1176 60 36
1176 61 41
1176 62 42
1176 63 40
1176 64 41
1176 65 41
1176 66 40
1176 67 11
1176 68 8
1176 69 3
1176 70 8
1176 71 10
1176 72 40
1176 73 38
1176 74 44
1176 75 40
1176 76 40
1176 77 40
1176 78 16
1176 79 5
1176 80 7
1176 81 8
1176 82 5
1176 83 42
1176 84 42
1176 85 40
1176 86 9
1176 87 39
1176 88 33
1176 89 8
1176 90 10
1176 91 4
1176 92 10
1176 93 10
1176 94 38
1176 95 12
1176 96 39
1176 97 6
1176 98 36
1176 99 42
1176 100 11
1176 101 10
1176 102 10
1176 103 10
1176 104 4
1176 105 37
1176 106 39
1176 107 40
1176 108 9
1176 109 38
1176 110 41
1176 111 10
1176 112 9
1176 113 7
1176 114 0
1176 115 41
1176 116 42
1176 117 11
1176 118 38
1176 119 41
1176 120 43
1176 121 40
1201 1 5
1201 2 0
1201 3 0
1201 4 0
1201 5 9
1201 6 10
1201 7 13
1201 8 9
1201 9 7
1201 10 14
1201 11 42
1201 12 7
1201 13 8
1201 14 0
1201 15 2
1201 16 9
1201 17 7
1201 18 10
1201 19 13
1201 20 8
1201 21 40
1201 22 41
1201 23 10
1201 24 9
1201 25 0
1201 26 0
1201 27 16
1201 28 21
1201 29 41
1201 30 41
1201 31 42
1201 32 39
1201 33 44
1201 34 9
1201 35 10
1201 36 10
1201 37 9
1201 38 39
1201 39 42
1201 40 41
1201 41 43
1201 42 44
1201 43 40
1201 44 41
1201 45 10
1201 46 12
1201 47 12
1201 48 10
1201 49 39
1201 50 43
1201 51 40
1201 52 42
1201 53 40
1201 54 40
1201 55 42
1201 56 6
1201 57 10
1201 58 6
1201 59 6
1201 60 41
1201 61 38
1201 62 42
1201 63 40
1201 64 39
1201 65 41
1201 66 41
1201 67 9
1201 68 7
1201 69 10
1201 70 6
1201 71 0
1201 72 42
1201 73 40
1201 74 41
1201 75 40
1201 76 40
1201 77 42
1201 78 4
1201 79 0
1201 80 10
1201 81 9
1201 82 10
1201 83 36
1201 84 39
1201 85 41
1201 86 17
1201 87 39
1201 88 41
1201 89 8
1201 90 10
1201 91 8
1201 92 4
1201 93 7
1201 94 40
1201 95 21
1201 96 37
1201 97 9
1201 98 40
1201 99 37
1201 100 11
1201 101 9
1201 102 8
1201 103 0
1201 104 9
1201 105 40
1201 106 37
1201 107 42
1201 108 18
1201 109 43
1201 110 40
1201 111 12
1201 112 7
1201 113 0
1201 114 2
1201 115 39
1201 116 41
1201 117 7
1201 118 41
1201 119 40
1201 120 42
1201 121 40
1226 1 7
1226 2 0
1226 3 0
1226 4 0
1226 5 0
1226 6 5
1226 7 0
1226 8 9
1226 9 0
1226 10 10
1226 11 40
1226 12 4
1226 13 9
1226 14 6
1226 15 4
1226 16 0
1226 17 7
1226 18 11
1226 19 8
1226 20 17
1226 21 40
1226 22 37
1226 23 7
1226 24 5
1226 25 0
1226 26 0
1226 27 0
1226 28 10
1226 29 40
1226 30 39
1226 31 43
1226 32 43
1226 33 41
1226 34 11
1226 35 10
1226 36 10
1226 37 9
1226 38 43
1226 39 37
1226 40 41
1226 41 38
1226 42 41
1226 43 41
1226 44 39
1226 45 5
1226 46 9
1226 47 4
1226 48 8
1226 49 38
1226 50 40
1226 51 40
1226 52 35
1226 53 44
1226 54 40
1226 55 41
1226 56 9
1226 57 9
1226 58 10
1226 59 8
1226 60 33
1226 61 40
1226 62 42
1226 63 41
1226 64 42
1226 65 40
1226 66 34
1226 67 11
1226 68 9
1226 69 11
1226 70 0
1226 71 8
1226 72 39
1226 73 35
1226 74 35
1226 75 41
1226 76 41
1226 77 37
1226 78 10
1226 79 8
1226 80 10
1226 81 8
1226 82 12
1226 83 32
1226 84 43
1226 85 38
1226 86 8
1226 87 41
1226 88 42
1226 89 6
1226 90 10
1226 91 11
1226 92 9
1226 93 10
1226 94 38
1226 95 10
1226 96 41
1226 97 12
1226 98 43
1226 99 42
1226 100 7
1226 101 0
1226 102 0
1226 103 0
1226 104 10
1226 105 41
1226 106 38
1226 107 41
1226 108 4
1226 109 38
1226 110 41
1226 111 4
1226 112 6
1226 113 0
1226 114 0
1226 115 38
1226 116 39
1226 117 8
1226 118 38
1226 119 40
1226 120 40
1226 121 41
1251 1 0
1251 2 0
1251 3 0
1251 4 0
1251 5 0
1251 6 0
1251 7 5
1251 8 8
1251 9 10
1251 10 12
1251 11 40
1251 12 0
1251 13 5
1251 14 0
1251 15 0
1251 16 0
1251 17 5
1251 18 13
1251 19 15
1251 20 12
1251 21 42
1251 22 43
1251 23 0
1251 24 0
1251 25 9
1251 26 7
1251 27 13
1251 28 10
1251 29 40
1251 30 39
1251 31 37
1251 32 43
1251 33 39
1251 34 8
1251 35 7
1251 36 3
1251 37 15
1251 38 39
1251 39 39
1251 40 42
1251 41 40
1251 42 42
1251 43 42
1251 44 40
1251 45 13
1251 46 8
1251 47 11
1251 48 16
1251 49 39
1251 50 41
1251 51 39
1251 52 38
1251 53 39
1251 54 39
1251 55 40
1251 56 11
1251 57 10
1251 58 10
1251 59 4
1251 60 37
1251 61 41
1251 62 40
1251 63 39
1251 64 43
1251 65 40
1251 66 40
1251 67 10
1251 68 8
1251 69 10
1251 70 10
1251 71 10
1251 72 39
1251 73 41
1251 74 41
1251 75 43
1251 76 40
1251 77 38
1251 78 0
1251 79 6
1251 80 0
1251 81 10
1251 82 0
1251 83 40
1251 84 35
1251 85 41
1251 86 16
1251 87 40
1251 88 41
1251 89 4
1251 90 0
1251 91 12
1251 92 10
1251 93 16
1251 94 42
1251 95 16
1251 96 41
1251 97 13
1251 98 43
1251 99 40
1251 100 6
1251 101 0
1251 102 11
1251 103 10
1251 104 10
1251 105 39
1251 106 40
1251 107 40
1251 108 12
1251 109 40
1251 110 42
1251 111 0
1251 112 0
1251 113 0
1251 114 8
1251 115 39
1251 116 41
1251 117 10
1251 118 40
1251 119 38
1251 120 42
1251 121 40
1276 1 8
1276 2 0
1276 3 0
1276 4 7
1276 5 12
1276 6 7
1276 7 9
1276 8 0
1276 9 10
1276 10 14
1276 11 41
1276 12 9
1276 13 0
1276 14 0
1276 15 0
1276 16 5
1276 17 0
1276 18 8
1276 19 7
1276 20 17
1276 21 40
1276 22 42
1276 23 8
1276 24 0
1276 25 7
1276 26 7
1276 27 10
1276 28 6
1276 29 37
1276 30 42
1276 31 40
1276 32 40
1276 33 41
1276 34 9
1276 35 11
1276 36 8
1276 37 6
1276 38 38
1276 39 41
1276 40 33
1276 41 39
1276 42 39
1276 43 38
1276 44 39
1276 45 13
1276 46 8
1276 47 11
1276 48 13
1276 49 38
1276 50 38
1276 51 39
1276 52 40
1276 53 40
1276 54 41
1276 55 41
1276 56 5
1276 57 10
1276 58 12
1276 59 11
1276 60 40
1276 61 39
1276 62 38
1276 63 41
1276 64 43
1276 65 41
1276 66 40
1276 67 10
1276 68 14
1276 69 12
1276 70 10
1276 71 20
1276 72 46
1276 73 42
1276 74 42
1276 75 43
1276 76 40
1276 77 39
1276 78 6
1276 79 10
1276 80 12
1276 81 8
1276 82 11
1276 83 40
1276 84 42
1276 85 42
1276 86 12
1276 87 39
1276 88 40
1276 89 10
1276 90 0
1276 91 0
1276 92 8
1276 93 14
1276 94 42
1276 95 15
1276 96 40
1276 97 1
1276 98 40
1276 99 40
1276 100 4
1276 101 11
1276 102 7
1276 103 7
1276 104 13
1276 105 40
1276 106 40
1276 107 39
1276 108 14
1276 109 40
1276 110 38
1276 111 3
1276 112 4
1276 113 8
1276 114 8
1276 115 36
1276 116 40
1276 117 12
1276 118 40
1276 119 39
1276 120 42
1276 121 42
1301 1 11
1301 2 0
1301 3 0
1301 4 3
1301 5 6
1301 6 0
1301 7 9
1301 8 3
1301 9 5
1301 10 9
1301 11 40
1301 12 7
1301 13 0
1301 14 0
1301 15 0
1301 16 0
1301 17 8
1301 18 10
1301 19 10
1301 20 11
1301 21 38
1301 22 42
1301 23 0
1301 24 10
1301 25 9
1301 26 9
1301 27 12
1301 28 10
1301 29 39
1301 30 42
1301 31 41
1301 32 42
1301 33 40
1301 34 12
1301 35 12
1301 36 9
1301 37 19
1301 38 42
1301 39 38
1301 40 41
1301 41 39
1301 42 41
1301 43 40
1301 44 35
1301 45 8
1301 46 10
1301 47 11
1301 48 6
1301 49 42
1301 50 42
1301 51 44
1301 52 40
1301 53 38
1301 54 40
1301 55 35
1301 56 12
1301 57 10
1301 58 9
1301 59 6
1301 60 39
1301 61 44
1301 62 40
1301 63 41
1301 64 41
1301 65 40
1301 66 42
1301 67 17
1301 68 10
1301 69 9
1301 70 11
1301 71 12
1301 72 43
1301 73 40
1301 74 42
1301 75 40
1301 76 42
1301 77 38
1301 78 10
1301 79 10
1301 80 8
1301 81 6
1301 82 10
1301 83 39
1301 84 40
1301 85 40
1301 86 18
1301 87 40
1301 88 45
1301 89 10
1301 90 12
1301 91 6
1301 92 10
1301 93 10
1301 94 41
1301 95 17
1301 96 39
1301 97 14
1301 98 42
1301 99 42
1301 100 14
1301 101 0
1301 102 6
1301 103 12
1301 104 8
1301 105 42
1301 106 40
1301 107 40
1301 108 10
1301 109 38
1301 110 40
1301 111 12
1301 112 0
1301 113 0
1301 114 0
1301 115 39
1301 116 37
1301 117 5
1301 118 39
1301 119 44
1301 120 41
1301 121 39
1326 1 16
1326 2 10
1326 3 0
1326 4 11
1326 5 8
1326 6 8
1326 7 10
1326 8 12
1326 9 9
1326 10 11
1326 11 36
1326 12 11
1326 13 9
1326 14 0
1326 15 10
1326 16 10
1326 17 8
1326 18 9
1326 19 11
1326 20 16
1326 21 40
1326 22 41
1326 23 6
1326 24 7
1326 25 8
1326 26 12
1326 27 13
1326 28 15
1326 29 42
1326 30 41
1326 31 42
1326 32 37
1326 33 40
1326 34 8
1326 35 3
1326 36 8
1326 37 10
1326 38 40
1326 39 41
1326 40 40
1326 41 41
1326 42 40
1326 43 38
1326 44 40
1326 45 10
1326 46 12
1326 47 8
1326 48 16
1326 49 39
1326 50 41
1326 51 42
1326 52 41
1326 53 39
1326 54 39
1326 55 40
1326 56 12
1326 57 10
1326 58 10
1326 59 13
1326 60 42
1326 61 45
1326 62 42
1326 63 40
1326 64 41
1326 65 41
1326 66 38
1326 67 6
1326 68 6
1326 69 11
1326 70 8
1326 71 16
1326 72 42
1326 73 42
1326 74 40
1326 75 42
1326 76 40
1326 77 40
1326 78 5
1326 79 6
1326 80 9
1326 81 3
1326 82 9
1326 83 41
1326 84 40
1326 85 39
1326 86 13
1326 87 39
1326 88 37
1326 89 8
1326 90 11
1326 91 0
1326 92 12
1326 93 9
1326 94 43
1326 95 9
1326 96 40
1326 97 11
1326 98 41
1326 99 41
1326 100 7
1326 101 0
1326 102 4
1326 103 10
1326 104 13
1326 105 38
1326 106 38
1326 107 41
1326 108 11
1326 109 41
1326 110 45
1326 111 0
1326 112 0
1326 113 0
1326 114 14
1326 115 40
1326 116 39
1326 117 6
1326 118 36
1326 119 39
1326 120 41
1326 121 39
1351 1 11
1351 2 0
1351 3 0
1351 4 8
1351 5 9
1351 6 10
1351 7 0
1351 8 9
1351 9 10
1351 10 11
1351 11 38
1351 12 1
1351 13 2
1351 14 6
1351 15 7
1351 16 6
1351 17 5
1351 18 10
1351 19 11
1351 20 15
1351 21 40
1351 22 39
1351 23 6
1351 24 10
1351 25 10
1351 26 8
1351 27 12
1351 28 14
1351 29 39
1351 30 41
1351 31 42
1351 32 36
1351 33 42
1351 34 7
1351 35 11
1351 36 11
1351 37 12
1351 38 40
1351 39 46
1351 40 42
1351 41 42
1351 42 43
1351 43 36
1351 44 43
1351 45 12
1351 46 8
1351 47 10
1351 48 10
1351 49 41
1351 50 42
1351 51 41
1351 52 39
1351 53 41
1351 54 40
1351 55 37
1351 56 7
1351 57 5
1351 58 11
1351 59 7
1351 60 41
1351 61 42
1351 62 39
1351 63 39
1351 64 38
1351 65 42
1351 66 44
1351 67 10
1351 68 13
1351 69 14
1351 70 0
1351 71 16
1351 72 39
1351 73 41
1351 74 39
1351 75 43
1351 76 41
1351 77 43
1351 78 9
1351 79 9
1351 80 9
1351 81 9
1351 82 10
1351 83 41
1351 84 40
1351 85 40
1351 86 16
1351 87 42
1351 88 42
1351 89 0
1351 90 12
1351 91 8
1351 92 8
1351 93 7
1351 94 41
1351 95 14
1351 96 40
1351 97 19
1351 98 41
1351 99 41
1351 100 0
1351 101 0
1351 102 3
1351 103 0
1351 104 11
1351 105 40
1351 106 35
1351 107 43
1351 108 12
1351 109 40
1351 110 40
1351 111 7
1351 112 0
1351 113 0
1351 114 0
1351 115 39
1351 116 41
1351 117 3
1351 118 38
1351 119 41
1351 120 40
1351 121 40
1376 1 18
1376 2 8
1376 3 0
1376 4 0
1376 5 0
1376 6 6
1376 7 8
1376 8 10
1376 9 11
1376 10 17
1376 11 41
1376 12 9
1376 13 0
1376 14 0
1376 15 7
1376 16 12
1376 17 7
1376 18 5
1376 19 9
1376 20 12
1376 21 42
1376 22 42
1376 23 10
1376 24 5
1376 25 0
1376 26 10
1376 27 9
1376 28 20
1376 29 40
1376 30 42
1376 31 39
1376 32 41
1376 33 44
1376 34 10
1376 35 7
1376 36 8
1376 37 10
1376 38 39
1376 39 40
1376 40 38
1376 41 38
1376 42 42
1376 43 42
1376 44 38
1376 45 9
1376 46 10
1376 47 3
1376 48 7
1376 49 39
1376 50 41
1376 51 43
1376 52 40
1376 53 40
1376 54 40
1376 55 42
1376 56 13
1376 57 10
1376 58 8
1376 59 14
1376 60 42
1376 61 41
1376 62 41
1376 63 43
1376 64 43
1376 65 41
1376 66 35
1376 67 8
1376 68 12
1376 69 11
1376 70 9
1376 71 15
1376 72 40
1376 73 40
1376 74 41
1376 75 40
1376 76 38
1376 77 38
1376 78 11
1376 79 10
1376 80 9
1376 81 11
1376 82 10
1376 83 37
1376 84 41
1376 85 40
1376 86 14
1376 87 40
1376 88 39
1376 89 10
1376 90 9
1376 91 10
1376 92 2
1376 93 10
1376 94 41
1376 95 10
1376 96 40
1376 97 16
1376 98 40
1376 99 39
1376 100 6
1376 101 6
1376 102 4
1376 103 10
1376 104 10
1376 105 43
1376 106 41
1376 107 39
1376 108 13
1376 109 42
1376 110 43
1376 111 10
1376 112 3
1376 113 0
1376 114 0
1376 115 39
1376 116 39
1376 117 10
1376 118 41
1376 119 40
1376 120 39
1376 121 40
1401 1 7
1401 2 0
1401 3 0
1401 4 0
1401 5 10
1401 6 9
1401 7 4
1401 8 13
1401 9 9
1401 10 16
1401 11 32
1401 12 11
1401 13 0
1401 14 0
1401 15 0
1401 16 11
1401 17 9
1401 18 8
1401 19 13
1401 20 17
1401 21 38
1401 22 40
1401 23 10
1401 24 11
1401 25 0
1401 26 10
1401 27 9
1401 28 18
1401 29 38
1401 30 40
1401 31 41
1401 32 41
1401 33 41
1401 34 12
1401 35 10
1401 36 13
1401 37 12
1401 38 40
1401 39 40
1401 40 40
1401 41 41
1401 42 41
1401 43 44
1401 44 39
1401 45 12
1401 46 9
1401 47 5
1401 48 11
1401 49 41
1401 50 35
1401 51 39
1401 52 42
1401 53 39
1401 54 41
1401 55 35
1401 56 16
1401 57 9
1401 58 9
1401 59 14
1401 60 41
1401 61 38
1401 62 40
1401 63 42
1401 64 37
1401 65 41
1401 66 40
1401 67 11
1401 68 10
1401 69 11
1401 70 9
1401 71 13
1401 72 44
1401 73 40
1401 74 44
1401 75 41
1401 76 42
1401 77 39
1401 78 12
1401 79 14
1401 80 7
1401 81 7
1401 82 9
1401 83 40
1401 84 40
1401 85 37
1401 86 19
1401 87 39
1401 88 44
1401 89 9
1401 90 5
1401 91 9
1401 92 10
1401 93 13
1401 94 40
1401 95 16
1401 96 43
1401 97 11
1401 98 42
1401 99 41
1401 100 7
1401 101 11
1401 102 6
1401 103 9
1401 104 9
1401 105 40
1401 106 40
1401 107 42
1401 108 9
1401 109 41
1401 110 40
1401 111 7
1401 112 4
1401 113 1
1401 114 11
1401 115 40
1401 116 41
1401 117 10
1401 118 42
1401 119 40
1401 120 37
1401 121 41
1426 1 6
1426 2 10
1426 3 12
1426 4 9
1426 5 16
1426 6 10
1426 7 10
1426 8 5
1426 9 0
1426 10 9
1426 11 36
1426 12 16
1426 13 11
1426 14 7
1426 15 6
1426 16 10
1426 17 11
1426 18 15
1426 19 7
1426 20 10
1426 21 41
1426 22 38
1426 23 7
1426 24 10
1426 25 11
1426 26 6
1426 27 12
1426 28 13
1426 29 40
1426 30 45
1426 31 39
1426 32 41
1426 33 41
1426 34 12
1426 35 2
1426 36 11
1426 37 9
1426 38 41
1426 39 39
1426 40 39
1426 41 41
1426 42 41
1426 43 39
1426 44 42
1426 45 12
1426 46 8
1426 47 8
1426 48 13
1426 49 41
1426 50 40
1426 51 44
1426 52 42
1426 53 42
1426 54 41
1426 55 39
1426 56 12
1426 57 7
1426 58 10
1426 59 16
1426 60 42
1426 61 41
1426 62 43
1426 63 44
1426 64 41
1426 65 42
1426 66 39
1426 67 11
1426 68 10
1426 69 3
1426 70 10
1426 71 10
1426 72 46
1426 73 42
1426 74 43
1426 75 40
1426 76 44
1426 77 42
1426 78 7
1426 79 7
1426 80 9
1426 81 10
1426 82 12
1426 83 40
1426 84 40
1426 85 40
1426 86 25
1426 87 41
1426 88 39
1426 89 15
1426 90 9
1426 91 5
1426 92 10
1426 93 14
1426 94 39
1426 95 19
1426 96 39
1426 97 9
1426 98 42
1426 99 38
1426 100 10
1426 101 11
1426 102 6
1426 103 5
1426 104 20
1426 105 41
1426 106 41
1426 107 39
1426 108 4
1426 109 39
1426 110 38
1426 111 12
1426 112 13
1426 113 8
1426 114 9
1426 115 39
1426 116 41
1426 117 14
1426 118 41
1426 119 37
1426 120 39
1426 121 36
1451 1 11
1451 2 4
1451 3 0
1451 4 7
1451 5 5
1451 6 6
1451 7 12
1451 8 9
1451 9 6
1451 10 17
1451 11 41
1451 12 10
1451 13 11
1451 14 15
1451 15 10
1451 16 10
1451 17 9
1451 18 10
1451 19 9
1451 20 15
1451 21 36
1451 22 40
1451 23 20
1451 24 5
1451 25 10
1451 26 11
1451 27 10
1451 28 10
1451 29 39
1451 30 40
1451 31 42
1451 32 37
1451 33 39
1451 34 10
1451 35 10
1451 36 9
1451 37 11
1451 38 37
1451 39 43
1451 40 39
1451 41 42
1451 42 41
1451 43 40
1451 44 39
1451 45 12
1451 46 8
1451 47 8
1451 48 10
1451 49 38
1451 50 35
1451 51 40
1451 52 42
1451 53 41
1451 54 39
1451 55 40
1451 56 7
1451 57 8
1451 58 10
1451 59 9
1451 60 36
1451 61 40
1451 62 41
1451 63 42
1451 64 41
1451 65 38
1451 66 42
1451 67 10
1451 68 11
1451 69 12
1451 70 9
1451 71 7
1451 72 40
1451 73 46
1451 74 43
1451 75 42
1451 76 42
1451 77 41
1451 78 7
1451 79 7
1451 80 7
1451 81 11
1451 82 10
1451 83 40
1451 84 42
1451 85 41
1451 86 19
1451 87 41
1451 88 40
1451 89 10
1451 90 4
1451 91 9
1451 92 9
1451 93 11
1451 94 43
1451 95 12
1451 96 37
1451 97 16
1451 98 40
1451 99 37
1451 100 12
1451 101 18
1451 102 10
1451 103 9
1451 104 8
1451 105 41
1451 106 39
1451 107 39
1451 108 9
1451 109 38
1451 110 40
1451 111 10
1451 112 11
1451 113 0
1451 114 0
1451 115 38
1451 116 40
1451 117 6
1451 118 39
1451 119 38
1451 120 37
1451 121 40
1476 1 11
1476 2 8
1476 3 10
1476 4 5
1476 5 0
1476 6 7
1476 7 4
1476 8 11
1476 9 11
1476 10 17
1476 11 37
1476 12 18
1476 13 9
1476 14 8
1476 15 10
1476 16 7
1476 17 9
1476 18 12
1476 19 11
1476 20 13
1476 21 42
1476 22 42
1476 23 20
1476 24 11
1476 25 8
1476 26 13
1476 27 11
1476 28 16
1476 29 40
1476 30 38
1476 31 39
1476 32 42
1476 33 42
1476 34 9
1476 35 9
1476 36 0
1476 37 0
1476 38 41
1476 39 43
1476 40 44
1476 41 44
1476 42 39
1476 43 45
1476 44 40
1476 45 16
1476 46 8
1476 47 0
1476 48 0
1476 49 40
1476 50 40
1476 51 44
1476 52 39
1476 53 38
1476 54 40
1476 55 43
1476 56 10
1476 57 8
1476 58 5
1476 59 3
1476 60 43
1476 61 40
1476 62 43
1476 63 41
1476 64 43
1476 65 41
1476 66 40
1476 67 9
1476 68 8
1476 69 13
1476 70 5
1476 71 8
1476 72 36
1476 73 40
1476 74 45
1476 75 40
1476 76 38
1476 77 41
1476 78 8
1476 79 5
1476 80 12
1476 81 11
1476 82 7
1476 83 39
1476 84 37
1476 85 36
1476 86 10
1476 87 42
1476 88 40
1476 89 9
1476 90 9
1476 91 8
1476 92 10
1476 93 9
1476 94 36
1476 95 1
1476 96 39
1476 97 13
1476 98 39
1476 99 41
1476 100 16
1476 101 9
1476 102 8
1476 103 10
1476 104 11
1476 105 38
1476 106 40
1476 107 38
1476 108 16
1476 109 40
1476 110 41
1476 111 17
1476 112 10
1476 113 10
1476 114 2
1476 115 37
1476 116 38
1476 117 4
1476 118 39
1476 119 39
1476 120 40
1476 121 40
1501 1 11
1501 2 10
1501 3 10
1501 4 10
1501 5 0
1501 6 0
1501 7 0
1501 8 10
1501 9 5
1501 10 12
1501 11 39
1501 12 9
1501 13 4
1501 14 10
1501 15 10
1501 16 9
1501 17 0
1501 18 10
1501 19 12
1501 20 16
1501 21 40
1501 22 38
1501 23 8
1501 24 10
1501 25 13
1501 26 8
1501 27 9
1501 28 10
1501 29 40
1501 30 39
1501 31 42
1501 32 43
1501 33 40
1501 34 13
1501 35 10
1501 36 0
1501 37 9
1501 38 41
1501 39 43
1501 40 41
1501 41 40
1501 42 41
1501 43 44
1501 44 41
1501 45 14
1501 46 0
1501 47 5
1501 48 2
1501 49 43
1501 50 41
1501 51 40
1501 52 40
1501 53 39
1501 54 42
1501 55 41
1501 56 12
1501 57 9
1501 58 6
1501 59 10
1501 60 39
1501 61 39
1501 62 44
1501 63 42
1501 64 41
1501 65 40
1501 66 39
1501 67 17
1501 68 6
1501 69 10
1501 70 6
1501 71 8
1501 72 39
1501 73 42
1501 74 38
1501 75 38
1501 76 42
1501 77 41
1501 78 12
1501 79 10
1501 80 11
1501 81 11
1501 82 16
1501 83 40
1501 84 42
1501 85 40
1501 86 13
1501 87 39
1501 88 42
1501 89 13
1501 90 4
1501 91 9
1501 92 0
1501 93 0
1501 94 41
1501 95 19
1501 96 40
1501 97 14
1501 98 42
1501 99 40
1501 100 10
1501 101 12
1501 102 8
1501 103 8
1501 104 0
1501 105 42
1501 106 40
1501 107 39
1501 108 12
1501 109 41
1501 110 39
1501 111 9
1501 112 12
1501 113 9
1501 114 10
1501 115 41
1501 116 42
1501 117 8
1501 118 36
1501 119 39
1501 120 44
1501 121 41
1526 1 15
1526 2 9
1526 3 10
1526 4 11
1526 5 6
1526 6 5
1526 7 10
1526 8 11
1526 9 12
1526 10 18
1526 11 42
1526 12 12
1526 13 12
1526 14 10
1526 15 3
1526 16 0
1526 17 10
1526 18 8
1526 19 10
1526 20 15
1526 21 34
1526 22 41
1526 23 11
1526 24 9
1526 25 6
1526 26 6
1526 27 11
1526 28 9
1526 29 42
1526 30 42
1526 31 41
1526 32 40
1526 33 40
1526 34 10
1526 35 9
1526 36 0
1526 37 0
1526 38 41
1526 39 44
1526 40 42
1526 41 41
1526 42 41
1526 43 43
1526 44 43
1526 45 8
1526 46 6
1526 47 0
1526 48 12
1526 49 40
1526 50 40
1526 51 37
1526 52 41
1526 53 40
1526 54 38
1526 55 41
1526 56 9
1526 57 12
1526 58 8
1526 59 8
1526 60 42
1526 61 40
1526 62 40
1526 63 40
1526 64 44
1526 65 41
1526 66 42
1526 67 13
1526 68 17
1526 69 2
1526 70 0
1526 71 2
1526 72 38
1526 73 41
1526 74 41
1526 75 41
1526 76 42
1526 77 39
1526 78 10
1526 79 10
1526 80 10
1526 81 1
1526 82 1
1526 83 42
1526 84 41
1526 85 40
1526 86 15
1526 87 41
1526 88 45
1526 89 10
1526 90 5
1526 91 6
1526 92 0
1526 93 7
1526 94 43
1526 95 10
1526 96 41
1526 97 14
1526 98 44
1526 99 39
1526 100 15
1526 101 10
1526 102 8
1526 103 5
1526 104 9
1526 105 42
1526 106 40
1526 107 40
1526 108 10
1526 109 39
1526 110 40
1526 111 9
1526 112 10
1526 113 8
1526 114 13
1526 115 38
1526 116 39
1526 117 7
1526 118 39
1526 119 44
1526 120 41
1526 121 42
1551 1 10
1551 2 11
1551 3 7
1551 4 0
1551 5 0
1551 6 6
1551 7 0
1551 8 10
1551 9 12
1551 10 14
1551 11 38
1551 12 11
1551 13 4
1551 14 1
1551 15 0
1551 16 0
1551 17 2
1551 18 9
1551 19 12
1551 20 21
1551 21 39
1551 22 41
1551 23 5
1551 24 8
1551 25 11
1551 26 0
1551 27 4
1551 28 7
1551 29 40
1551 30 39
1551 31 43
1551 32 43
1551 33 42
1551 34 7
1551 35 7
1551 36 0
1551 37 11
1551 38 43
1551 39 40
1551 40 41
1551 41 40
1551 42 39
1551 43 41
1551 44 39
1551 45 7
1551 46 9
1551 47 10
1551 48 3
1551 49 41
1551 50 42
1551 51 43
1551 52 42
1551 53 39
1551 54 43
1551 55 43
1551 56 6
1551 57 10
1551 58 3
1551 59 2
1551 60 40
1551 61 40
1551 62 40
1551 63 42
1551 64 41
1551 65 40
1551 66 40
1551 67 11
1551 68 9
1551 69 8
1551 70 1
1551 71 3
1551 72 35
1551 73 41
1551 74 37
1551 75 42
1551 76 40
1551 77 38
1551 78 13
1551 79 10
1551 80 10
1551 81 4
1551 82 13
1551 83 41
1551 84 41
1551 85 41
1551 86 15
1551 87 38
1551 88 44
1551 89 9
1551 90 0
1551 91 0
1551 92 0
1551 93 0
1551 94 40
1551 95 11
1551 96 40
1551 97 20
1551 98 37
1551 99 41
1551 100 9
1551 101 8
1551 102 3
1551 103 0
1551 104 8
1551 105 39
1551 106 41
1551 107 38
1551 108 20
1551 109 39
1551 110 40
1551 111 10
1551 112 10
1551 113 0
1551 114 0
1551 115 41
1551 116 38
1551 117 5
1551 118 40
1551 119 39
1551 120 40
1551 121 40
1576 1 14
1576 2 8
1576 3 10
1576 4 0
1576 5 13
1576 6 4
1576 7 5
1576 8 12
1576 9 9
1576 10 19
1576 11 40
1576 12 8
1576 13 12
1576 14 15
1576 15 0
1576 16 2
1576 17 0
1576 18 2
1576 19 10
1576 20 15
1576 21 39
1576 22 39
1576 23 11
1576 24 13
1576 25 6
1576 26 8
1576 27 6
1576 28 11
1576 29 41
1576 30 38
1576 31 44
1576 32 45
1576 33 41
1576 34 7
1576 35 11
1576 36 0
1576 37 0
1576 38 40
1576 39 41
1576 40 41
1576 41 38
1576 42 43
1576 43 44
1576 44 42
1576 45 14
1576 46 0
1576 47 0
1576 48 9
1576 49 40
1576 50 40
1576 51 42
1576 52 40
1576 53 44
1576 54 43
1576 55 42
1576 56 16
1576 57 9
1576 58 9
1576 59 5
1576 60 35
1576 61 40
1576 62 41
1576 63 40
1576 64 40
1576 65 40
1576 66 41
1576 67 19
1576 68 10
1576 69 4
1576 70 3
1576 71 7
1576 72 45
1576 73 43
1576 74 39
1576 75 43
1576 76 39
1576 77 40
1576 78 10
1576 79 5
1576 80 0
1576 81 0
1576 82 9
1576 83 42
1576 84 41
1576 85 40
1576 86 24
1576 87 42
1576 88 41
1576 89 13
1576 90 6
1576 91 3
1576 92 0
1576 93 10
1576 94 37
1576 95 14
1576 96 39
1576 97 16
1576 98 41
1576 99 43
1576 100 16
1576 101 6
1576 102 0
1576 103 0
1576 104 1
1576 105 38
1576 106 41
1576 107 43
1576 108 19
1576 109 44
1576 110 42
1576 111 9
1576 112 8
1576 113 8
1576 114 0
1576 115 40
1576 116 41
1576 117 11
1576 118 43
1576 119 40
1576 120 41
1576 121 41
1601 1 11
1601 2 8
1601 3 0
1601 4 8
1601 5 6
1601 6 6
1601 7 8
1601 8 7
1601 9 10
1601 10 18
1601 11 42
1601 12 10
1601 13 7
1601 14 0
1601 15 0
1601 16 0
1601 17 10
1601 18 11
1601 19 13
1601 20 8
1601 21 43
1601 22 41
1601 23 10
1601 24 10
1601 25 0
1601 26 0
1601 27 6
1601 28 4
1601 29 37
1601 30 40
1601 31 42
1601 32 41
1601 33 41
1601 34 10
1601 35 10
1601 36 3
1601 37 11
1601 38 41
1601 39 42
1601 40 39
1601 41 45
1601 42 42
1601 43 40
1601 44 39
1601 45 10
1601 46 8
1601 47 7
1601 48 0
1601 49 40
1601 50 44
1601 51 41
1601 52 41
1601 53 42
1601 54 41
1601 55 42
1601 56 10
1601 57 4
1601 58 0
1601 59 0
1601 60 42
1601 61 42
1601 62 39
1601 63 38
1601 64 40
1601 65 41
1601 66 45
1601 67 10
1601 68 8
1601 69 0
1601 70 0
1601 71 2
1601 72 40
1601 73 36
1601 74 40
1601 75 43
1601 76 40
1601 77 42
1601 78 14
1601 79 7
1601 80 8
1601 81 0
1601 82 0
1601 83 36
1601 84 40
1601 85 42
1601 86 17
1601 87 40
1601 88 41
1601 89 11
1601 90 10
1601 91 11
1601 92 0
1601 93 5
1601 94 38
1601 95 16
1601 96 38
1601 97 15
1601 98 40
1601 99 41
1601 100 8
1601 101 12
1601 102 10
1601 103 7
1601 104 6
1601 105 39
1601 106 38
1601 107 42
1601 108 21
1601 109 40
1601 110 39
1601 111 10
1601 112 10
1601 113 9
1601 114 18
1601 115 41
1601 116 40
1601 117 12
1601 118 40
1601 119 36
1601 120 39
1601 121 44
1626 1 10
1626 2 11
1626 3 10
1626 4 9
1626 5 10
1626 6 13
1626 7 9
1626 8 6
1626 9 9
1626 10 13
1626 11 38
1626 12 7
1626 13 11
1626 14 8
1626 15 4
1626 16 0
1626 17 10
1626 18 11
1626 19 5
1626 20 10
1626 21 39
1626 22 37
1626 23 14
1626 24 12
1626 25 0
1626 26 10
1626 27 0
1626 28 10
1626 29 38
1626 30 41
1626 31 42
1626 32 41
1626 33 36
1626 34 17
1626 35 10
1626 36 10
1626 37 6
1626 38 41
1626 39 41
1626 40 41
1626 41 42
1626 42 40
1626 43 40
1626 44 40
1626 45 10
1626 46 6
1626 47 11
1626 48 7
1626 49 38
1626 50 39
1626 51 40
1626 52 42
1626 53 44
1626 54 40
1626 55 41
1626 56 10
1626 57 11
1626 58 8
1626 59 7
1626 60 38
1626 61 39
1626 62 44
1626 63 40
1626 64 41
1626 65 42
1626 66 41
1626 67 11
1626 68 9
1626 69 15
1626 70 4
1626 71 5
1626 72 43
1626 73 42
1626 74 39
1626 75 37
1626 76 34
1626 77 39
1626 78 12
1626 79 10
1626 80 8
1626 81 0
1626 82 14
1626 83 37
1626 84 41
1626 85 41
1626 86 11
1626 87 41
1626 88 40
1626 89 11
1626 90 9
1626 91 6
1626 92 10
1626 93 8
1626 94 40
1626 95 21
1626 96 44
1626 97 21
1626 98 45
1626 99 43
1626 100 9
1626 101 8
1626 102 10
1626 103 8
1626 104 11
1626 105 41
1626 106 45
1626 107 43
1626 108 12
1626 109 45
1626 110 41
1626 111 8
1626 112 8
1626 113 10
1626 114 13
1626 115 38
1626 116 36
1626 117 11
1626 118 40
1626 119 39
1626 120 40
1626 121 42
1651 1 7
1651 2 12
1651 3 7
1651 4 0
1651 5 11
1651 6 6
1651 7 10
1651 8 10
1651 9 11
1651 10 20
1651 11 39
1651 12 4
1651 13 10
1651 14 10
1651 15 11
1651 16 10
1651 17 10
1651 18 17
1651 19 9
1651 20 11
1651 21 40
1651 22 40
1651 23 10
1651 24 8
1651 25 0
1651 26 8
1651 27 4
1651 28 9
1651 29 43
1651 30 39
1651 31 38
1651 32 43
1651 33 36
1651 34 8
1651 35 8
1651 36 10
1651 37 9
1651 38 40
1651 39 41
1651 40 39
1651 41 41
1651 42 40
1651 43 41
1651 44 41
1651 45 10
1651 46 9
1651 47 3
1651 48 9
1651 49 43
1651 50 46
1651 51 40
1651 52 41
1651 53 42
1651 54 38
1651 55 41
1651 56 14
1651 57 7
1651 58 4
1651 59 4
1651 60 33
1651 61 44
1651 62 39
1651 63 45
1651 64 41
1651 65 37
1651 66 39
1651 67 11
1651 68 10
1651 69 9
1651 70 9
1651 71 5
1651 72 42
1651 73 40
1651 74 39
1651 75 38
1651 76 38
1651 77 39
1651 78 10
1651 79 9
1651 80 4
1651 81 10
1651 82 3
1651 83 40
1651 84 40
1651 85 41
1651 86 20
1651 87 46
1651 88 43
1651 89 13
1651 90 10
1651 91 11
1651 92 10
1651 93 4
1651 94 39
1651 95 15
1651 96 44
1651 97 14
1651 98 42
1651 99 40
1651 100 9
1651 101 8
1651 102 10
1651 103 12
1651 104 12
1651 105 44
1651 106 38
1651 107 38
1651 108 12
1651 109 35
1651 110 43
1651 111 10
1651 112 7
1651 113 7
1651 114 9
1651 115 40
1651 116 40
1651 117 20
1651 118 40
1651 119 44
1651 120 41
1651 121 39
1676 1 9
1676 2 11
1676 3 5
1676 4 0
1676 5 11
1676 6 17
1676 7 7
1676 8 13
1676 9 8
1676 10 24
1676 11 44
1676 12 12
1676 13 0
1676 14 5
1676 15 7
1676 16 10
1676 17 7
1676 18 9
1676 19 8
1676 20 10
1676 21 43
1676 22 39
1676 23 14
1676 24 10
1676 25 1
1676 26 0
1676 27 10
1676 28 12
1676 29 37
1676 30 38
1676 31 40
1676 32 44
1676 33 40
1676 34 10
1676 35 0
1676 36 0
1676 37 6
1676 38 37
1676 39 40
1676 40 40
1676 41 39
1676 42 39
1676 43 41
1676 44 40
1676 45 7
1676 46 5
1676 47 0
1676 48 6
1676 49 42
1676 50 41
1676 51 42
1676 52 44
1676 53 40
1676 54 41
1676 55 40
1676 56 9
1676 57 11
1676 58 7
1676 59 8
1676 60 36
1676 61 41
1676 62 40
1676 63 40
1676 64 40
1676 65 40
1676 66 42
1676 67 7
1676 68 10
1676 69 10
1676 70 9
1676 71 11
1676 72 39
1676 73 38
1676 74 39
1676 75 43
1676 76 41
1676 77 40
1676 78 10
1676 79 6
1676 80 8
1676 81 13
1676 82 5
1676 83 42
1676 84 40
1676 85 41
1676 86 18
1676 87 45
1676 88 40
1676 89 12
1676 90 5
1676 91 10
1676 92 6
1676 93 15
1676 94 34
1676 95 13
1676 96 40
1676 97 9
1676 98 43
1676 99 39
1676 100 6
1676 101 7
1676 102 8
1676 103 8
1676 104 10
1676 105 39
1676 106 40
1676 107 42
1676 108 8
1676 109 37
1676 110 41
1676 111 13
1676 112 6
1676 113 10
1676 114 10
1676 115 35
1676 116 39
1676 117 10
1676 118 33
1676 119 39
1676 120 39
1676 121 42
1701 1 8
1701 2 9
1701 3 10
1701 4 9
1701 5 7
1701 6 6
1701 7 9
1701 8 6
1701 9 7
1701 10 7
1701 11 38
1701 12 11
1701 13 0
1701 14 6
1701 15 10
1701 16 7
1701 17 5
1701 18 6
1701 19 0
1701 20 5
1701 21 38
1701 22 40
1701 23 9
1701 24 0
1701 25 0
1701 26 0
1701 27 7
1701 28 7
1701 29 40
1701 30 41
1701 31 40
1701 32 42
1701 33 40
1701 34 4
1701 35 10
1701 36 0
1701 37 7
1701 38 41
1701 39 41
1701 40 40
1701 41 38
1701 42 45
1701 43 42
1701 44 41
1701 45 11
1701 46 9
1701 47 11
1701 48 12
1701 49 39
1701 50 46
1701 51 36
1701 52 39
1701 53 40
1701 54 44
1701 55 41
1701 56 7
1701 57 10
1701 58 11
1701 59 13
1701 60 40
1701 61 42
1701 62 42
1701 63 43
1701 64 40
1701 65 42
1701 66 44
1701 67 9
1701 68 9
1701 69 8
1701 70 12
1701 71 18
1701 72 41
1701 73 42
1701 74 42
1701 75 41
1701 76 43
1701 77 38
1701 78 14
1701 79 9
1701 80 11
1701 81 10
1701 82 10
1701 83 40
1701 84 38
1701 85 42
1701 86 11
1701 87 44
1701 88 39
1701 89 9
1701 90 10
1701 91 11
1701 92 11
1701 93 13
1701 94 42
1701 95 20
1701 96 39
1701 97 10
1701 98 41
1701 99 40
1701 100 10
1701 101 11
1701 102 4
1701 103 0
1701 104 9
1701 105 39
1701 106 40
1701 107 39
1701 108 21
1701 109 43
1701 110 40
1701 111 9
1701 112 10
1701 113 9
1701 114 11
1701 115 44
1701 116 41
1701 117 14
1701 118 42
1701 119 39
1701 120 43
1701 121 39
1726 1 15
1726 2 13
1726 3 12
1726 4 8
1726 5 9
1726 6 17
1726 7 11
1726 8 11
1726 9 8
1726 10 10
1726 11 39
1726 12 10
1726 13 11
1726 14 9
1726 15 8
1726 16 10
1726 17 6
1726 18 11
1726 19 2
1726 20 2
1726 21 40
1726 22 39
1726 23 9
1726 24 14
1726 25 3
1726 26 2
1726 27 11
1726 28 18
1726 29 36
1726 30 40
1726 31 42
1726 32 40
1726 33 41
1726 34 9
1726 35 7
1726 36 0
1726 37 12
1726 38 41
1726 39 39
1726 40 42
1726 41 40
1726 42 40
1726 43 41
1726 44 39
1726 45 10
1726 46 6
1726 47 6
1726 48 8
1726 49 42
1726 50 40
1726 51 38
1726 52 42
1726 53 41
1726 54 39
1726 55 39
1726 56 11
1726 57 8
1726 58 10
1726 59 12
1726 60 38
1726 61 39
1726 62 41
1726 63 41
1726 64 37
1726 65 41
1726 66 38
1726 67 10
1726 68 8
1726 69 10
1726 70 14
1726 71 19
1726 72 41
1726 73 41
1726 74 41
1726 75 40
1726 76 41
1726 77 40
1726 78 8
1726 79 2
1726 80 9
1726 81 11
1726 82 11
1726 83 42
1726 84 39
1726 85 37
1726 86 10
1726 87 42
1726 88 36
1726 89 0
1726 90 7
1726 91 10
1726 92 9
1726 93 13
1726 94 40
1726 95 19
1726 96 37
1726 97 15
1726 98 40
1726 99 40
1726 100 5
1726 101 11
1726 102 11
1726 103 11
1726 104 16
1726 105 42
1726 106 37
1726 107 40
1726 108 16
1726 109 39
1726 110 42
1726 111 9
1726 112 15
1726 113 12
1726 114 9
1726 115 41
1726 116 42
1726 117 14
1726 118 39
1726 119 39
1726 120 39
1726 121 41
1751 1 2
1751 2 8
1751 3 8
1751 4 6
1751 5 14
1751 6 9
1751 7 11
1751 8 13
1751 9 13
1751 10 1
1751 11 41
1751 12 8
1751 13 8
1751 14 9
1751 15 9
1751 16 10
1751 17 6
1751 18 13
1751 19 8
1751 20 15
1751 21 42
1751 22 38
1751 23 11
1751 24 10
1751 25 7
1751 26 10
1751 27 8
1751 28 9
1751 29 41
1751 30 38
1751 31 42
1751 32 42
1751 33 39
1751 34 12
1751 35 9
1751 36 6
1751 37 10
1751 38 43
1751 39 38
1751 40 42
1751 41 36
1751 42 38
1751 43 40
1751 44 42
1751 45 0
1751 46 9
1751 47 11
1751 48 9
1751 49 40
1751 50 41
1751 51 40
1751 52 43
1751 53 41
1751 54 40
1751 55 37
1751 56 0
1751 57 7
1751 58 3
1751 59 10
1751 60 40
1751 61 40
1751 62 38
1751 63 42
1751 64 40
1751 65 44
1751 66 41
1751 67 6
1751 68 6
1751 69 12
1751 70 9
1751 71 11
1751 72 40
1751 73 40
1751 74 42
1751 75 41
1751 76 42
1751 77 39
1751 78 11
1751 79 13
1751 80 11
1751 81 14
1751 82 9
1751 83 38
1751 84 39
1751 85 43
1751 86 24
1751 87 41
1751 88 42
1751 89 15
1751 90 8
1751 91 8
1751 92 10
1751 93 6
1751 94 40
1751 95 17
1751 96 43
1751 97 11
1751 98 38
1751 99 41
1751 100 11
1751 101 8
1751 102 12
1751 103 10
1751 104 22
1751 105 43
1751 106 43
1751 107 40
1751 108 7
1751 109 37
1751 110 40
1751 111 8
1751 112 10
1751 113 10
1751 114 11
1751 115 39
1751 116 38
1751 117 14
1751 118 39
1751 119 35
1751 120 41
1751 121 40
1776 1 0
1776 2 0
1776 3 8
1776 4 8
1776 5 10
1776 6 9
1776 7 10
1776 8 10
1776 9 7
1776 10 3
1776 11 41
1776 12 0
1776 13 0
1776 14 8
1776 15 10
1776 16 7
1776 17 15
1776 18 14
1776 19 18
1776 20 10
1776 21 39
1776 22 41
1776 23 11
1776 24 8
1776 25 8
1776 26 10
1776 27 7
1776 28 13
1776 29 41
1776 30 40
1776 31 45
1776 32 42
1776 33 39
1776 34 7
1776 35 11
1776 36 9
1776 37 10
1776 38 40
1776 39 40
1776 40 40
1776 41 39
1776 42 40
1776 43 42
1776 44 37
1776 45 12
1776 46 13
1776 47 8
1776 48 10
1776 49 41
1776 50 42
1776 51 43
1776 52 41
1776 53 43
1776 54 41
1776 55 40
1776 56 7
1776 57 10
1776 58 10
1776 59 4
1776 60 40
1776 61 43
1776 62 45
1776 63 41
1776 64 40
1776 65 38
1776 66 38
1776 67 11
1776 68 11
1776 69 11
1776 70 7
1776 71 11
1776 72 41
1776 73 41
1776 74 40
1776 75 41
1776 76 43
1776 77 37
1776 78 9
1776 79 13
1776 80 7
1776 81 13
1776 82 11
1776 83 38
1776 84 40
1776 85 41
1776 86 12
1776 87 37
1776 88 40
1776 89 9
1776 90 10
1776 91 10
1776 92 3
1776 93 13
1776 94 39
1776 95 24
1776 96 42
1776 97 12
1776 98 41
1776 99 41
1776 100 0
1776 101 0
1776 102 5
1776 103 9
1776 104 14
1776 105 40
1776 106 40
1776 107 44
1776 108 17
1776 109 40
1776 110 41
1776 111 3
1776 112 9
1776 113 12
1776 114 10
1776 115 38
1776 116 40
1776 117 17
1776 118 39
1776 119 40
1776 120 42
1776 121 41
1801 1 10
1801 2 6
1801 3 7
1801 4 7
1801 5 10
1801 6 9
1801 7 7
1801 8 17
1801 9 10
1801 10 10
1801 11 42
1801 12 12
1801 13 2
1801 14 7
1801 15 10
1801 16 6
1801 17 11
1801 18 10
1801 19 3
1801 20 16
1801 21 38
1801 22 42
1801 23 12
1801 24 9
1801 25 9
1801 26 0
1801 27 12
1801 28 11
1801 29 43
1801 30 44
1801 31 43
1801 32 41
1801 33 38
1801 34 14
1801 35 9
1801 36 10
1801 37 3
1801 38 40
1801 39 40
1801 40 41
1801 41 44
1801 42 43
1801 43 41
1801 44 39
1801 45 12
1801 46 10
1801 47 10
1801 48 6
1801 49 40
1801 50 39
1801 51 40
1801 52 42
1801 53 36
1801 54 40
1801 55 40
1801 56 0
1801 57 10
1801 58 6
1801 59 2
1801 60 40
1801 61 42
1801 62 37
1801 63 42
1801 64 42
1801 65 42
1801 66 40
1801 67 10
1801 68 11
1801 69 11
1801 70 5
1801 71 16
1801 72 42
1801 73 45
1801 74 39
1801 75 44
1801 76 41
1801 77 39
1801 78 9
1801 79 7
1801 80 11
1801 81 0
1801 82 12
1801 83 42
1801 84 39
1801 85 40
1801 86 13
1801 87 39
1801 88 38
1801 89 10
1801 90 12
1801 91 13
1801 92 8
1801 93 7
1801 94 38
1801 95 19
1801 96 41
1801 97 17
1801 98 39
1801 99 37
1801 100 2
1801 101 0
1801 102 4
1801 103 6
1801 104 10
1801 105 38
1801 106 39
1801 107 42
1801 108 15
1801 109 44
1801 110 40
1801 111 12
1801 112 7
1801 113 7
1801 114 7
1801 115 35
1801 116 41
1801 117 8
1801 118 35
1801 119 39
1801 120 40
1801 121 37
1826 1 9
1826 2 4
1826 3 0
1826 4 5
1826 5 3
1826 6 9
1826 7 13
1826 8 11
1826 9 18
1826 10 12
1826 11 39
1826 12 12
1826 13 11
1826 14 0
1826 15 9
1826 16 9
1826 17 8
1826 18 12
1826 19 11
1826 20 12
1826 21 43
1826 22 40
1826 23 21
1826 24 10
1826 25 0
1826 26 3
1826 27 10
1826 28 14
1826 29 40
1826 30 40
1826 31 42
1826 32 40
1826 33 40
1826 34 16
1826 35 6
1826 36 0
1826 37 7
1826 38 40
1826 39 36
1826 40 37
1826 41 41
1826 42 38
1826 43 42
1826 44 39
1826 45 11
1826 46 0
1826 47 0
1826 48 12
1826 49 38
1826 50 34
1826 51 37
1826 52 45
1826 53 44
1826 54 41
1826 55 40
1826 56 8
1826 57 6
1826 58 0
1826 59 11
1826 60 42
1826 61 41
1826 62 40
1826 63 41
1826 64 41
1826 65 43
1826 66 40
1826 67 11
1826 68 4
1826 69 0
1826 70 5
1826 71 4
1826 72 42
1826 73 41
1826 74 40
1826 75 38
1826 76 43
1826 77 41
1826 78 11
1826 79 16
1826 80 10
1826 81 10
1826 82 12
1826 83 40
1826 84 39
1826 85 40
1826 86 15
1826 87 39
1826 88 41
1826 89 0
1826 90 12
1826 91 0
1826 92 12
1826 93 11
1826 94 42
1826 95 19
1826 96 38
1826 97 4
1826 98 40
1826 99 41
1826 100 9
1826 101 8
1826 102 9
1826 103 0
1826 104 4
1826 105 42
1826 106 43
1826 107 43
1826 108 9
1826 109 37
1826 110 37
1826 111 0
1826 112 0
1826 113 0
1826 114 12
1826 115 40
1826 116 38
1826 117 12
1826 118 42
1826 119 41
1826 120 40
1826 121 40
1851 1 13
1851 2 12
1851 3 10
1851 4 0
1851 5 10
1851 6 8
1851 7 0
1851 8 8
1851 9 13
1851 10 9
1851 11 42
1851 12 11
1851 13 11
1851 14 5
1851 15 0
1851 16 11
1851 17 6
1851 18 9
1851 19 8
1851 20 13
1851 21 35
1851 22 36
1851 23 16
1851 24 11
1851 25 1
1851 26 0
1851 27 6
1851 28 13
1851 29 42
1851 30 39
1851 31 40
1851 32 40
1851 33 38
1851 34 8
1851 35 10
1851 36 10
1851 37 14
1851 38 40
1851 39 33
1851 40 43
1851 41 43
1851 42 41
1851 43 40
1851 44 40
1851 45 10
1851 46 5
1851 47 8
1851 48 6
1851 49 40
1851 50 41
1851 51 43
1851 52 41
1851 53 40
1851 54 42
1851 55 41
1851 56 15
1851 57 8
1851 58 8
1851 59 9
1851 60 43
1851 61 39
1851 62 43
1851 63 41
1851 64 41
1851 65 39
1851 66 39
1851 67 11
1851 68 4
1851 69 6
1851 70 9
1851 71 9
1851 72 42
1851 73 41
1851 74 42
1851 75 40
1851 76 43
1851 77 34
1851 78 7
1851 79 9
1851 80 0
1851 81 0
1851 82 9
1851 83 42
1851 84 42
1851 85 40
1851 86 11
1851 87 39
1851 88 38
1851 89 8
1851 90 9
1851 91 0
1851 92 0
1851 93 11
1851 94 43
1851 95 10
1851 96 42
1851 97 0
1851 98 41
1851 99 35
1851 100 5
1851 101 10
1851 102 9
1851 103 0
1851 104 7
1851 105 40
1851 106 39
1851 107 40
1851 108 9
1851 109 41
1851 110 37
1851 111 7
1851 112 10
1851 113 0
1851 114 3
1851 115 42
1851 116 40
1851 117 5
1851 118 40
1851 119 41
1851 120 40
1851 121 40
1876 1 11
1876 2 10
1876 3 9
1876 4 2
1876 5 9
1876 6 12
1876 7 14
1876 8 11
1876 9 16
1876 10 20
1876 11 41
1876 12 15
1876 13 11
1876 14 9
1876 15 9
1876 16 10
1876 17 10
1876 18 6
1876 19 12
1876 20 11
1876 21 40
1876 22 44
1876 23 21
1876 24 8
1876 25 0
1876 26 4
1876 27 6
1876 28 13
1876 29 42
1876 30 41
1876 31 39
1876 32 39
1876 33 41
1876 34 12
1876 35 10
1876 36 11
1876 37 3
1876 38 38
1876 39 39
1876 40 46
1876 41 41
1876 42 40
1876 43 42
1876 44 44
1876 45 11
1876 46 9
1876 47 0
1876 48 10
1876 49 38
1876 50 39
1876 51 43
1876 52 40
1876 53 40
1876 54 43
1876 55 41
1876 56 10
1876 57 6
1876 58 10
1876 59 8
1876 60 31
1876 61 40
1876 62 40
1876 63 40
1876 64 38
1876 65 42
1876 66 41
1876 67 11
1876 68 10
1876 69 0
1876 70 8
1876 71 8
1876 72 40
1876 73 39
1876 74 38
1876 75 39
1876 76 40
1876 77 40
1876 78 4
1876 79 10
1876 80 7
1876 81 10
1876 82 10
1876 83 40
1876 84 39
1876 85 38
1876 86 13
1876 87 40
1876 88 38
1876 89 9
1876 90 10
1876 91 4
1876 92 10
1876 93 11
1876 94 40
1876 95 10
1876 96 39
1876 97 16
1876 98 43
1876 99 40
1876 100 2
1876 101 10
1876 102 0
1876 103 0
1876 104 2
1876 105 40
1876 106 40
1876 107 43
1876 108 9
1876 109 41
1876 110 40
1876 111 4
1876 112 9
1876 113 12
1876 114 5
1876 115 41
1876 116 39
1876 117 14
1876 118 40
1876 119 38
1876 120 43
1876 121 40
1901 1 9
1901 2 8
1901 3 8
1901 4 7
1901 5 12
1901 6 13
1901 7 7
1901 8 11
1901 9 10
1901 10 16
1901 11 42
1901 12 15
1901 13 7
1901 14 0
1901 15 7
1901 16 10
1901 17 4
1901 18 0
1901 19 9
1901 20 16
1901 21 40
1901 22 40
1901 23 13
1901 24 4
1901 25 12
1901 26 9
1901 27 12
1901 28 14
1901 29 41
1901 30 40
1901 31 42
1901 32 40
1901 33 39
1901 34 11
1901 35 12
1901 36 8
1901 37 9
1901 38 40
1901 39 43
1901 40 39
1901 41 41
1901 42 44
1901 43 39
1901 44 40
1901 45 10
1901 46 11
1901 47 7
1901 48 7
1901 49 40
1901 50 41
1901 51 42
1901 52 39
1901 53 40
1901 54 40
1901 55 39
1901 56 14
1901 57 5
1901 58 8
1901 59 9
1901 60 41
1901 61 40
1901 62 42
1901 63 40
1901 64 39
1901 65 39
1901 66 41
1901 67 11
1901 68 8
1901 69 7
1901 70 0
1901 71 11
1901 72 38
1901 73 37
1901 74 38
1901 75 41
1901 76 42
1901 77 40
1901 78 9
1901 79 3
1901 80 7
1901 81 8
1901 82 10
1901 83 41
1901 84 38
1901 85 40
1901 86 12
1901 87 40
1901 88 41
1901 89 3
1901 90 6
1901 91 3
1901 92 10
1901 93 14
1901 94 39
1901 95 10
1901 96 45
1901 97 10
1901 98 40
1901 99 39
1901 100 2
1901 101 7
1901 102 9
1901 103 9
1901 104 18
1901 105 41
1901 106 40
1901 107 39
1901 108 3
1901 109 37
1901 110 39
1901 111 9
1901 112 3
1901 113 6
1901 114 15
1901 115 41
1901 116 42
1901 117 14
1901 118 40
1901 119 40
1901 120 35
1901 121 41
1926 1 10
1926 2 3
1926 3 7
1926 4 11
1926 5 11
1926 6 11
1926 7 0
1926 8 7
1926 9 12
1926 10 10
1926 11 39
1926 12 10
1926 13 10
1926 14 0
1926 15 1
1926 16 0
1926 17 5
1926 18 8
1926 19 10
1926 20 12
1926 21 40
1926 22 40
1926 23 8
1926 24 7
1926 25 0
1926 26 8
1926 27 15
1926 28 7
1926 29 40
1926 30 41
1926 31 39
1926 32 45
1926 33 43
1926 34 12
1926 35 12
1926 36 12
1926 37 12
1926 38 40
1926 39 38
1926 40 40
1926 41 39
1926 42 44
1926 43 43
1926 44 38
1926 45 10
1926 46 12
1926 47 10
1926 48 9
1926 49 42
1926 50 41
1926 51 37
1926 52 41
1926 53 44
1926 54 41
1926 55 41
1926 56 4
1926 57 10
1926 58 10
1926 59 14
1926 60 39
1926 61 42
1926 62 40
1926 63 42
1926 64 40
1926 65 37
1926 66 40
1926 67 7
1926 68 10
1926 69 10
1926 70 12
1926 71 8
1926 72 42
1926 73 40
1926 74 38
1926 75 37
1926 76 38
1926 77 41
1926 78 18
1926 79 10
1926 80 12
1926 81 10
1926 82 0
1926 83 44
1926 84 43
1926 85 39
1926 86 6
1926 87 39
1926 88 41
1926 89 9
1926 90 11
1926 91 3
1926 92 6
1926 93 13
1926 94 40
1926 95 18
1926 96 43
1926 97 19
1926 98 41
1926 99 41
1926 100 0
1926 101 10
1926 102 0
1926 103 9
1926 104 18
1926 105 40
1926 106 40
1926 107 38
1926 108 12
1926 109 38
1926 110 41
1926 111 10
1926 112 1
1926 113 10
1926 114 12
1926 115 41
1926 116 40
1926 117 15
1926 118 41
1926 119 40
1926 120 41
1926 121 38
1951 1 10
1951 2 11
1951 3 9
1951 4 9
1951 5 6
1951 6 10
1951 7 10
1951 8 10
1951 9 9
1951 10 17
1951 11 36
1951 12 14
1951 13 0
1951 14 0
1951 15 0
1951 16 0
1951 17 8
1951 18 8
1951 19 13
1951 20 14
1951 21 39
1951 22 42
1951 23 15
1951 24 4
1951 25 0
1951 26 4
1951 27 10
1951 28 3
1951 29 38
1951 30 41
1951 31 39
1951 32 39
1951 33 35
1951 34 11
1951 35 10
1951 36 8
1951 37 12
1951 38 41
1951 39 41
1951 40 42
1951 41 42
1951 42 40
1951 43 41
1951 44 39
1951 45 11
1951 46 6
1951 47 8
1951 48 7
1951 49 38
1951 50 34
1951 51 41
1951 52 41
1951 53 43
1951 54 42
1951 55 39
1951 56 9
1951 57 4
1951 58 12
1951 59 13
1951 60 43
1951 61 41
1951 62 38
1951 63 42
1951 64 39
1951 65 44
1951 66 42
1951 67 8
1951 68 0
1951 69 9
1951 70 15
1951 71 14
1951 72 41
1951 73 43
1951 74 40
1951 75 40
1951 76 41
1951 77 39
1951 78 11
1951 79 0
1951 80 0
1951 81 9
1951 82 10
1951 83 43
1951 84 40
1951 85 41
1951 86 16
1951 87 40
1951 88 40
1951 89 10
1951 90 10
1951 91 0
1951 92 9
1951 93 10
1951 94 40
1951 95 10
1951 96 41
1951 97 12
1951 98 39
1951 99 43
1951 100 12
1951 101 5
1951 102 0
1951 103 0
1951 104 11
1951 105 40
1951 106 36
1951 107 39
1951 108 12
1951 109 38
1951 110 40
1951 111 7
1951 112 7
1951 113 14
1951 114 11
1951 115 40
1951 116 36
1951 117 21
1951 118 41
1951 119 40
1951 120 39
1951 121 39
1976 1 10
1976 2 11
1976 3 13
1976 4 8
1976 5 6
1976 6 12
1976 7 8
1976 8 12
1976 9 13
1976 10 18
1976 11 40
1976 12 20
1976 13 13
1976 14 6
1976 15 7
1976 16 5
1976 17 7
1976 18 12
1976 19 15
1976 20 10
1976 21 38
1976 22 41
1976 23 10
1976 24 9
1976 25 9
1976 26 4
1976 27 2
1976 28 12
1976 29 38
1976 30 43
1976 31 37
1976 32 43
1976 33 42
1976 34 12
1976 35 7
1976 36 10
1976 37 4
1976 38 41
1976 39 40
1976 40 42
1976 41 41
1976 42 43
1976 43 43
1976 44 43
1976 45 15
1976 46 9
1976 47 9
1976 48 9
1976 49 40
1976 50 41
1976 51 39
1976 52 39
1976 53 40
1976 54 41
1976 55 41
1976 56 13
1976 57 9
1976 58 14
1976 59 11
1976 60 40
1976 61 42
1976 62 41
1976 63 45
1976 64 43
1976 65 40
1976 66 41
1976 67 10
1976 68 2
1976 69 10
1976 70 0
1976 71 15
1976 72 44
1976 73 41
1976 74 43
1976 75 40
1976 76 40
1976 77 41
1976 78 9
1976 79 12
1976 80 0
1976 81 0
1976 82 10
1976 83 41
1976 84 43
1976 85 39
1976 86 13
1976 87 40
1976 88 42
1976 89 18
1976 90 11
1976 91 0
1976 92 0
1976 93 14
1976 94 41
1976 95 21
1976 96 39
1976 97 10
1976 98 40
1976 99 38
1976 100 10
1976 101 9
1976 102 8
1976 103 6
1976 104 15
1976 105 36
1976 106 40
1976 107 42
1976 108 15
1976 109 40
1976 110 39
1976 111 13
1976 112 10
1976 113 10
1976 114 11
1976 115 38
1976 116 36
1976 117 20
1976 118 41
1976 119 38
1976 120 40
1976 121 36
