1 4131
26 1100
51 1012
76 892
101 833
126 790
151 846
176 820
201 805
226 764
251 802
276 748
301 754
326 753
351 754
376 730
401 756
426 751
451 746
476 765
501 737
526 754
551 757
576 759
601 755
626 743
651 758
676 724
701 748
726 769
751 786
776 713
801 744
826 747
851 746
876 740
901 722
926 737
951 717
976 748
1001 730
1026 714
1051 713
1076 720
1101 746
1126 731
1151 742
1176 730
1201 702
1226 743
1251 721
1276 720
1301 727
1326 731
1351 710
1376 738
1401 748
1426 736
1451 705
1476 692
1501 721
1526 700
1551 727
1576 714
1601 702
1626 713
1651 687
1676 729
1701 706
1726 709
1751 708
1776 698
1801 717
1826 683
1851 708
1876 708
1901 701
1926 701
1951 703
1976 732
