1 5067
26 3877
51 4111
76 4083
101 4025
126 4089
151 4086
176 4153
201 4121
226 4176
251 4188
276 4228
301 4241
326 4226
351 4223
376 4251
401 4271
426 4218
451 4303
476 4273
501 4189
526 4216
551 4224
576 4180
601 4133
626 4165
651 4214
676 4099
701 4118
726 4226
751 4140
776 4115
801 4137
826 4240
851 4179
876 4247
901 4199
926 4231
951 4119
976 4194
1001 4168
1026 4199
1051 4211
1076 4201
1101 4166
1126 4144
1151 4064
1176 4136
1201 4210
1226 4219
1251 4223
1276 4293
1301 4132
1326 4107
1351 4106
1376 4160
1401 4222
1426 4111
1451 4234
1476 4261
1501 4279
1526 4235
1551 4133
1576 4168
1601 4197
1626 4223
1651 4206
1676 4245
1701 4269
1726 4198
1751 4170
1776 4172
1801 4255
1826 4167
1851 4171
1876 4180
1901 4177
1926 4189
1951 4145
1976 4247
