1 1 48
1 2 47
1 3 49
1 4 50
1 5 48
1 6 47
1 7 51
1 8 48
1 9 47
1 10 43
1 11 44
1 12 43
1 13 46
1 14 48
1 15 50
1 16 47
1 17 50
1 18 45
1 19 46
1 20 49
1 21 48
1 22 47
1 23 49
1 24 51
1 25 46
1 26 50
1 27 49
1 28 55
1 29 46
1 30 46
1 31 49
1 32 48
1 33 47
1 34 50
1 35 50
1 36 47
1 37 51
1 38 48
1 39 44
1 40 44
1 41 48
1 42 44
1 43 44
1 44 44
1 45 47
1 46 49
1 47 47
1 48 50
1 49 47
1 50 47
1 51 48
1 52 47
1 53 48
1 54 50
1 55 45
1 56 48
1 57 50
1 58 51
1 59 45
1 60 49
1 61 52
1 62 46
1 63 47
1 64 49
1 65 47
1 66 45
1 67 44
1 68 47
1 69 48
1 70 46
1 71 45
1 72 46
1 73 46
1 74 45
1 75 48
1 76 45
1 77 44
1 78 45
1 79 47
1 80 50
1 81 49
1 82 46
1 83 49
1 84 49
1 85 47
1 86 48
1 87 47
1 88 51
1 89 49
1 90 50
1 91 50
1 92 50
1 93 47
1 94 49
1 95 48
1 96 49
1 97 45
1 98 48
1 99 43
1 100 48
1 101 47
1 102 49
1 103 47
1 104 49
1 105 44
1 106 47
1 107 45
1 108 48
1 109 46
1 110 45
1 111 47
1 112 44
1 113 45
1 114 44
1 115 43
1 116 46
1 117 49
1 118 46
1 119 49
1 120 48
1 121 45
26 1 47
26 2 49
26 3 47
26 4 48
26 5 47
26 6 49
26 7 54
26 8 46
26 9 46
26 10 45
26 11 49
26 12 46
26 13 48
26 14 41
26 15 46
26 16 46
26 17 51
26 18 46
26 19 44
26 20 48
26 21 46
26 22 48
26 23 46
26 24 48
26 25 50
26 26 49
26 27 48
26 28 53
26 29 46
26 30 48
26 31 47
26 32 47
26 33 46
26 34 48
26 35 45
26 36 49
26 37 55
26 38 49
26 39 51
26 40 47
26 41 50
26 42 50
26 43 50
26 44 48
26 45 47
26 46 45
26 47 46
26 48 50
26 49 49
26 50 50
26 51 47
26 52 47
26 53 48
26 54 48
26 55 47
26 56 50
26 57 50
26 58 49
26 59 52
26 60 49
26 61 49
26 62 47
26 63 50
26 64 47
26 65 46
26 66 49
26 67 50
26 68 52
26 69 50
26 70 48
26 71 51
26 72 49
26 73 45
26 74 46
26 75 45
26 76 48
26 77 48
26 78 45
26 79 49
26 80 46
26 81 44
26 82 43
26 83 50
26 84 49
26 85 47
26 86 43
26 87 43
26 88 42
26 89 47
26 90 49
26 91 49
26 92 45
26 93 46
26 94 44
26 95 42
26 96 45
26 97 53
26 98 47
26 99 45
26 100 47
26 101 49
26 102 50
26 103 51
26 104 45
26 105 46
26 106 43
26 107 45
26 108 46
26 109 46
26 110 46
26 111 44
26 112 50
26 113 42
26 114 46
26 115 49
26 116 44
26 117 46
26 118 45
26 119 46
26 120 42
26 121 46
51 1 49
51 2 46
51 3 50
51 4 47
51 5 49
51 6 45
51 7 50
51 8 49
51 9 50
51 10 50
51 11 50
51 12 50
51 13 50
51 14 46
51 15 49
51 16 48
51 17 48
51 18 51
51 19 49
51 20 50
51 21 47
51 22 48
51 23 50
51 24 51
51 25 47
51 26 50
51 27 49
51 28 49
51 29 47
51 30 45
51 31 46
51 32 48
51 33 50
51 34 51
51 35 51
51 36 47
51 37 50
51 38 46
51 39 47
51 40 50
51 41 49
51 42 48
51 43 42
51 44 49
51 45 45
51 46 48
51 47 47
51 48 46
51 49 46
51 50 50
51 51 47
51 52 47
51 53 47
51 54 46
51 55 45
51 56 47
51 57 47
51 58 46
51 59 46
51 60 49
51 61 42
51 62 44
51 63 48
51 64 50
51 65 49
51 66 49
51 67 46
51 68 47
51 69 47
51 70 49
51 71 47
51 72 48
51 73 46
51 74 47
51 75 50
51 76 49
51 77 49
51 78 50
51 79 50
51 80 49
51 81 45
51 82 49
51 83 51
51 84 51
51 85 49
51 86 43
51 87 48
51 88 46
51 89 48
51 90 50
51 91 50
51 92 44
51 93 46
51 94 47
51 95 50
51 96 44
51 97 45
51 98 46
51 99 41
51 100 50
51 101 46
51 102 51
51 103 49
51 104 44
51 105 45
51 106 47
51 107 47
51 108 43
51 109 48
51 110 44
51 111 49
51 112 44
51 113 48
51 114 50
51 115 46
51 116 49
51 117 47
51 118 46
51 119 42
51 120 47
51 121 44
76 1 47
76 2 49
76 3 45
76 4 49
76 5 46
76 6 50
76 7 49
76 8 47
76 9 47
76 10 47
76 11 50
76 12 52
76 13 52
76 14 48
76 15 48
76 16 46
76 17 48
76 18 44
76 19 46
76 20 48
76 21 48
76 22 47
76 23 47
76 24 48
76 25 50
76 26 52
76 27 49
76 28 47
76 29 48
76 30 47
76 31 49
76 32 49
76 33 45
76 34 44
76 35 49
76 36 45
76 37 48
76 38 43
76 39 49
76 40 49
76 41 51
76 42 48
76 43 48
76 44 47
76 45 47
76 46 50
76 47 46
76 48 50
76 49 46
76 50 48
76 51 46
76 52 47
76 53 47
76 54 51
76 55 47
76 56 46
76 57 50
76 58 47
76 59 49
76 60 49
76 61 48
76 62 48
76 63 49
76 64 46
76 65 47
76 66 43
76 67 49
76 68 46
76 69 47
76 70 44
76 71 48
76 72 43
76 73 49
76 74 49
76 75 48
76 76 47
76 77 48
76 78 49
76 79 49
76 80 45
76 81 44
76 82 50
76 83 51
76 84 50
76 85 47
76 86 47
76 87 49
76 88 51
76 89 49
76 90 52
76 91 50
76 92 50
76 93 45
76 94 49
76 95 48
76 96 47
76 97 47
76 98 48
76 99 44
76 100 51
76 101 48
76 102 47
76 103 50
76 104 44
76 105 46
76 106 52
76 107 46
76 108 45
76 109 49
76 110 48
76 111 48
76 112 49
76 113 48
76 114 47
76 115 43
76 116 50
76 117 48
76 118 49
76 119 49
76 120 52
76 121 48
101 1 50
101 2 48
101 3 50
101 4 45
101 5 46
101 6 48
101 7 47
101 8 50
101 9 45
101 10 48
101 11 49
101 12 48
101 13 49
101 14 48
101 15 47
101 16 45
101 17 45
101 18 44
101 19 49
101 20 46
101 21 49
101 22 50
101 23 48
101 24 49
101 25 44
101 26 48
101 27 48
101 28 48
101 29 46
101 30 48
101 31 44
101 32 48
101 33 48
101 34 48
101 35 47
101 36 44
101 37 48
101 38 46
101 39 48
101 40 48
101 41 46
101 42 51
101 43 50
101 44 48
101 45 48
101 46 52
101 47 46
101 48 49
101 49 46
101 50 45
101 51 46
101 52 47
101 53 45
101 54 46
101 55 46
101 56 46
101 57 46
101 58 46
101 59 45
101 60 49
101 61 46
101 62 43
101 63 46
101 64 49
101 65 48
101 66 44
101 67 49
101 68 47
101 69 46
101 70 46
101 71 50
101 72 47
101 73 51
101 74 48
101 75 44
101 76 49
101 77 46
101 78 50
101 79 46
101 80 50
101 81 48
101 82 48
101 83 52
101 84 48
101 85 49
101 86 48
101 87 49
101 88 49
101 89 52
101 90 47
101 91 47
101 92 46
101 93 52
101 94 51
101 95 46
101 96 48
101 97 47
101 98 48
101 99 50
101 100 49
101 101 47
101 102 50
101 103 43
101 104 48
101 105 46
101 106 48
101 107 44
101 108 46
101 109 46
101 110 51
101 111 51
101 112 50
101 113 47
101 114 44
101 115 45
101 116 42
101 117 44
101 118 47
101 119 48
101 120 50
101 121 51
126 1 43
126 2 50
126 3 48
126 4 48
126 5 50
126 6 45
126 7 49
126 8 50
126 9 49
126 10 52
126 11 47
126 12 44
126 13 51
126 14 48
126 15 47
126 16 49
126 17 48
126 18 49
126 19 47
126 20 46
126 21 47
126 22 50
126 23 45
126 24 49
126 25 48
126 26 52
126 27 51
126 28 49
126 29 46
126 30 47
126 31 50
126 32 46
126 33 48
126 34 50
126 35 46
126 36 45
126 37 48
126 38 49
126 39 46
126 40 45
126 41 47
126 42 52
126 43 47
126 44 47
126 45 47
126 46 46
126 47 46
126 48 47
126 49 46
126 50 45
126 51 50
126 52 46
126 53 47
126 54 50
126 55 48
126 56 50
126 57 50
126 58 50
126 59 50
126 60 44
126 61 51
126 62 49
126 63 49
126 64 46
126 65 51
126 66 48
126 67 48
126 68 44
126 69 47
126 70 48
126 71 44
126 72 44
126 73 47
126 74 49
126 75 49
126 76 45
126 77 42
126 78 49
126 79 47
126 80 48
126 81 50
126 82 47
126 83 43
126 84 47
126 85 44
126 86 45
126 87 43
126 88 44
126 89 46
126 90 47
126 91 47
126 92 49
126 93 49
126 94 47
126 95 45
126 96 45
126 97 47
126 98 49
126 99 46
126 100 50
126 101 50
126 102 45
126 103 49
126 104 48
126 105 47
126 106 47
126 107 44
126 108 49
126 109 47
126 110 47
126 111 46
126 112 48
126 113 47
126 114 45
126 115 51
126 116 51
126 117 49
126 118 49
126 119 45
126 120 43
126 121 42
151 1 50
151 2 46
151 3 48
151 4 55
151 5 48
151 6 48
151 7 46
151 8 47
151 9 48
151 10 48
151 11 49
151 12 44
151 13 50
151 14 49
151 15 52
151 16 51
151 17 52
151 18 46
151 19 45
151 20 46
151 21 51
151 22 50
151 23 49
151 24 48
151 25 50
151 26 47
151 27 47
151 28 52
151 29 48
151 30 50
151 31 50
151 32 46
151 33 53
151 34 47
151 35 47
151 36 50
151 37 49
151 38 44
151 39 46
151 40 48
151 41 47
151 42 44
151 43 47
151 44 47
151 45 44
151 46 46
151 47 44
151 48 46
151 49 47
151 50 46
151 51 44
151 52 47
151 53 48
151 54 44
151 55 46
151 56 43
151 57 46
151 58 44
151 59 50
151 60 46
151 61 48
151 62 49
151 63 44
151 64 46
151 65 48
151 66 48
151 67 44
151 68 50
151 69 47
151 70 49
151 71 49
151 72 47
151 73 46
151 74 46
151 75 49
151 76 47
151 77 46
151 78 49
151 79 49
151 80 52
151 81 47
151 82 49
151 83 45
151 84 50
151 85 50
151 86 48
151 87 44
151 88 46
151 89 50
151 90 50
151 91 48
151 92 48
151 93 47
151 94 48
151 95 50
151 96 44
151 97 47
151 98 48
151 99 44
151 100 52
151 101 49
151 102 46
151 103 48
151 104 50
151 105 49
151 106 46
151 107 41
151 108 47
151 109 49
151 110 47
151 111 50
151 112 46
151 113 45
151 114 45
151 115 47
151 116 48
151 117 44
151 118 42
151 119 44
151 120 51
151 121 46
176 1 49
176 2 50
176 3 50
176 4 46
176 5 51
176 6 47
176 7 48
176 8 45
176 9 47
176 10 46
176 11 51
176 12 49
176 13 48
176 14 46
176 15 50
176 16 44
176 17 45
176 18 50
176 19 44
176 20 47
176 21 50
176 22 48
176 23 47
176 24 46
176 25 51
176 26 44
176 27 45
176 28 46
176 29 46
176 30 46
176 31 49
176 32 50
176 33 50
176 34 49
176 35 44
176 36 50
176 37 44
176 38 46
176 39 45
176 40 48
176 41 46
176 42 53
176 43 49
176 44 46
176 45 46
176 46 53
176 47 50
176 48 45
176 49 46
176 50 47
176 51 45
176 52 50
176 53 50
176 54 49
176 55 46
176 56 49
176 57 50
176 58 45
176 59 49
176 60 46
176 61 46
176 62 46
176 63 42
176 64 44
176 65 46
176 66 46
176 67 46
176 68 46
176 69 45
176 70 48
176 71 50
176 72 48
176 73 50
176 74 49
176 75 46
176 76 49
176 77 46
176 78 49
176 79 48
176 80 49
176 81 47
176 82 48
176 83 48
176 84 50
176 85 47
176 86 45
176 87 51
176 88 48
176 89 50
176 90 48
176 91 51
176 92 47
176 93 48
176 94 48
176 95 47
176 96 49
176 97 43
176 98 44
176 99 45
176 100 46
176 101 50
176 102 49
176 103 48
176 104 42
176 105 47
176 106 43
176 107 47
176 108 48
176 109 48
176 110 49
176 111 48
176 112 46
176 113 49
176 114 44
176 115 45
176 116 46
176 117 46
176 118 44
176 119 44
176 120 47
176 121 48
201 1 45
201 2 46
201 3 45
201 4 51
201 5 45
201 6 48
201 7 49
201 8 48
201 9 46
201 10 44
201 11 48
201 12 47
201 13 49
201 14 52
201 15 47
201 16 50
201 17 54
201 18 47
201 19 47
201 20 48
201 21 40
201 22 45
201 23 47
201 24 45
201 25 45
201 26 45
201 27 46
201 28 50
201 29 47
201 30 49
201 31 49
201 32 47
201 33 45
201 34 42
201 35 44
201 36 44
201 37 48
201 38 45
201 39 48
201 40 46
201 41 48
201 42 47
201 43 46
201 44 48
201 45 45
201 46 46
201 47 47
201 48 44
201 49 45
201 50 44
201 51 46
201 52 44
201 53 46
201 54 45
201 55 50
201 56 49
201 57 46
201 58 52
201 59 50
201 60 46
201 61 47
201 62 44
201 63 45
201 64 47
201 65 51
201 66 50
201 67 48
201 68 48
201 69 48
201 70 48
201 71 46
201 72 47
201 73 45
201 74 45
201 75 44
201 76 51
201 77 47
201 78 51
201 79 50
201 80 47
201 81 47
201 82 45
201 83 46
201 84 47
201 85 49
201 86 51
201 87 49
201 88 47
201 89 51
201 90 48
201 91 50
201 92 47
201 93 45
201 94 44
201 95 49
201 96 45
201 97 47
201 98 47
201 99 49
201 100 47
201 101 48
201 102 48
201 103 51
201 104 46
201 105 44
201 106 44
201 107 42
201 108 45
201 109 46
201 110 46
201 111 44
201 112 47
201 113 46
201 114 49
201 115 45
201 116 44
201 117 43
201 118 44
201 119 47
201 120 43
201 121 41
226 1 47
226 2 52
226 3 54
226 4 49
226 5 48
226 6 49
226 7 48
226 8 50
226 9 50
226 10 47
226 11 47
226 12 51
226 13 48
226 14 45
226 15 45
226 16 48
226 17 51
226 18 50
226 19 44
226 20 48
226 21 46
226 22 50
226 23 50
226 24 49
226 25 51
226 26 51
226 27 47
226 28 46
226 29 48
226 30 44
226 31 45
226 32 46
226 33 49
226 34 45
226 35 42
226 36 46
226 37 47
226 38 47
226 39 46
226 40 47
226 41 51
226 42 49
226 43 47
226 44 42
226 45 46
226 46 46
226 47 47
226 48 51
226 49 48
226 50 49
226 51 48
226 52 48
226 53 47
226 54 47
226 55 44
226 56 50
226 57 48
226 58 46
226 59 50
226 60 46
226 61 47
226 62 50
226 63 49
226 64 48
226 65 48
226 66 43
226 67 46
226 68 51
226 69 50
226 70 49
226 71 51
226 72 48
226 73 48
226 74 46
226 75 48
226 76 50
226 77 47
226 78 47
226 79 48
226 80 49
226 81 48
226 82 46
226 83 46
226 84 50
226 85 47
226 86 51
226 87 47
226 88 45
226 89 51
226 90 51
226 91 51
226 92 49
226 93 47
226 94 47
226 95 50
226 96 47
226 97 46
226 98 50
226 99 45
226 100 48
226 101 47
226 102 46
226 103 46
226 104 46
226 105 43
226 106 46
226 107 48
226 108 46
226 109 49
226 110 48
226 111 50
226 112 50
226 113 47
226 114 47
226 115 49
226 116 45
226 117 47
226 118 47
226 119 49
226 120 45
226 121 48
251 1 47
251 2 44
251 3 46
251 4 50
251 5 47
251 6 48
251 7 48
251 8 47
251 9 49
251 10 44
251 11 47
251 12 46
251 13 50
251 14 49
251 15 45
251 16 44
251 17 47
251 18 51
251 19 53
251 20 49
251 21 47
251 22 46
251 23 49
251 24 46
251 25 49
251 26 46
251 27 47
251 28 44
251 29 44
251 30 48
251 31 44
251 32 47
251 33 48
251 34 48
251 35 46
251 36 49
251 37 49
251 38 46
251 39 45
251 40 46
251 41 46
251 42 49
251 43 46
251 44 40
251 45 46
251 46 49
251 47 43
251 48 45
251 49 47
251 50 46
251 51 45
251 52 47
251 53 48
251 54 47
251 55 43
251 56 45
251 57 51
251 58 48
251 59 53
251 60 51
251 61 47
251 62 48
251 63 46
251 64 49
251 65 47
251 66 46
251 67 48
251 68 48
251 69 45
251 70 47
251 71 45
251 72 45
251 73 51
251 74 50
251 75 44
251 76 45
251 77 46
251 78 47
251 79 50
251 80 49
251 81 48
251 82 45
251 83 48
251 84 48
251 85 48
251 86 45
251 87 46
251 88 45
251 89 45
251 90 47
251 91 49
251 92 47
251 93 46
251 94 49
251 95 48
251 96 45
251 97 46
251 98 50
251 99 48
251 100 47
251 101 48
251 102 50
251 103 50
251 104 49
251 105 44
251 106 50
251 107 47
251 108 50
251 109 52
251 110 50
251 111 43
251 112 48
251 113 50
251 114 48
251 115 44
251 116 43
251 117 47
251 118 47
251 119 47
251 120 45
251 121 45
276 1 49
276 2 47
276 3 49
276 4 47
276 5 48
276 6 49
276 7 42
276 8 46
276 9 46
276 10 49
276 11 42
276 12 51
276 13 51
276 14 53
276 15 50
276 16 48
276 17 42
276 18 46
276 19 44
276 20 47
276 21 48
276 22 48
276 23 50
276 24 47
276 25 46
276 26 48
276 27 45
276 28 48
276 29 47
276 30 50
276 31 45
276 32 46
276 33 48
276 34 50
276 35 50
276 36 49
276 37 44
276 38 48
276 39 46
276 40 46
276 41 47
276 42 48
276 43 47
276 44 49
276 45 50
276 46 43
276 47 48
276 48 49
276 49 44
276 50 50
276 51 46
276 52 51
276 53 48
276 54 48
276 55 46
276 56 51
276 57 51
276 58 49
276 59 45
276 60 49
276 61 49
276 62 45
276 63 45
276 64 46
276 65 47
276 66 53
276 67 46
276 68 47
276 69 45
276 70 50
276 71 48
276 72 53
276 73 44
276 74 49
276 75 47
276 76 47
276 77 45
276 78 48
276 79 49
276 80 46
276 81 44
276 82 47
276 83 39
276 84 44
276 85 44
276 86 49
276 87 46
276 88 49
276 89 48
276 90 48
276 91 48
276 92 49
276 93 42
276 94 41
276 95 46
276 96 44
276 97 47
276 98 46
276 99 49
276 100 48
276 101 47
276 102 43
276 103 49
276 104 44
276 105 46
276 106 52
276 107 43
276 108 48
276 109 44
276 110 46
276 111 46
276 112 48
276 113 51
276 114 46
276 115 47
276 116 45
276 117 47
276 118 40
276 119 48
276 120 43
276 121 45
301 1 46
301 2 51
301 3 45
301 4 48
301 5 52
301 6 48
301 7 48
301 8 48
301 9 49
301 10 47
301 11 47
301 12 49
301 13 54
301 14 48
301 15 46
301 16 52
301 17 50
301 18 48
301 19 49
301 20 49
301 21 52
301 22 49
301 23 47
301 24 51
301 25 45
301 26 48
301 27 48
301 28 47
301 29 49
301 30 44
301 31 50
301 32 49
301 33 44
301 34 47
301 35 49
301 36 44
301 37 48
301 38 51
301 39 45
301 40 46
301 41 48
301 42 45
301 43 45
301 44 48
301 45 52
301 46 59
301 47 46
301 48 47
301 49 49
301 50 43
301 51 42
301 52 46
301 53 47
301 54 48
301 55 49
301 56 47
301 57 50
301 58 48
301 59 48
301 60 49
301 61 44
301 62 44
301 63 45
301 64 45
301 65 46
301 66 48
301 67 42
301 68 49
301 69 50
301 70 45
301 71 46
301 72 46
301 73 46
301 74 46
301 75 43
301 76 44
301 77 48
301 78 46
301 79 50
301 80 47
301 81 48
301 82 50
301 83 48
301 84 50
301 85 47
301 86 47
301 87 45
301 88 47
301 89 47
301 90 52
301 91 49
301 92 47
301 93 49
301 94 44
301 95 46
301 96 46
301 97 45
301 98 48
301 99 51
301 100 45
301 101 43
301 102 45
301 103 52
301 104 47
301 105 43
301 106 45
301 107 43
301 108 45
301 109 47
301 110 48
301 111 47
301 112 44
301 113 45
301 114 46
301 115 42
301 116 41
301 117 47
301 118 46
301 119 46
301 120 47
301 121 42
326 1 48
326 2 47
326 3 47
326 4 45
326 5 46
326 6 47
326 7 50
326 8 55
326 9 51
326 10 48
326 11 43
326 12 48
326 13 48
326 14 45
326 15 47
326 16 47
326 17 47
326 18 47
326 19 49
326 20 51
326 21 45
326 22 44
326 23 48
326 24 47
326 25 47
326 26 46
326 27 49
326 28 48
326 29 46
326 30 48
326 31 51
326 32 45
326 33 47
326 34 49
326 35 45
326 36 50
326 37 47
326 38 47
326 39 49
326 40 49
326 41 46
326 42 47
326 43 48
326 44 47
326 45 50
326 46 46
326 47 49
326 48 46
326 49 44
326 50 48
326 51 48
326 52 48
326 53 49
326 54 45
326 55 46
326 56 48
326 57 49
326 58 47
326 59 48
326 60 47
326 61 46
326 62 50
326 63 45
326 64 46
326 65 40
326 66 45
326 67 46
326 68 49
326 69 45
326 70 48
326 71 47
326 72 46
326 73 51
326 74 45
326 75 47
326 76 43
326 77 46
326 78 45
326 79 47
326 80 50
326 81 49
326 82 48
326 83 46
326 84 48
326 85 45
326 86 47
326 87 47
326 88 49
326 89 46
326 90 49
326 91 46
326 92 46
326 93 47
326 94 46
326 95 48
326 96 45
326 97 46
326 98 45
326 99 45
326 100 46
326 101 50
326 102 46
326 103 45
326 104 50
326 105 46
326 106 47
326 107 46
326 108 42
326 109 46
326 110 43
326 111 47
326 112 49
326 113 48
326 114 46
326 115 47
326 116 49
326 117 49
326 118 47
326 119 49
326 120 45
326 121 43
351 1 45
351 2 48
351 3 46
351 4 42
351 5 43
351 6 43
351 7 44
351 8 47
351 9 47
351 10 47
351 11 50
351 12 44
351 13 48
351 14 47
351 15 46
351 16 45
351 17 49
351 18 48
351 19 45
351 20 45
351 21 48
351 22 46
351 23 49
351 24 51
351 25 45
351 26 44
351 27 46
351 28 49
351 29 46
351 30 51
351 31 49
351 32 51
351 33 41
351 34 45
351 35 51
351 36 46
351 37 44
351 38 47
351 39 45
351 40 43
351 41 49
351 42 49
351 43 48
351 44 47
351 45 50
351 46 49
351 47 44
351 48 48
351 49 49
351 50 45
351 51 48
351 52 51
351 53 46
351 54 48
351 55 46
351 56 43
351 57 47
351 58 49
351 59 49
351 60 47
351 61 51
351 62 46
351 63 43
351 64 43
351 65 45
351 66 47
351 67 48
351 68 48
351 69 47
351 70 45
351 71 48
351 72 46
351 73 48
351 74 49
351 75 48
351 76 45
351 77 46
351 78 47
351 79 49
351 80 47
351 81 48
351 82 48
351 83 48
351 84 43
351 85 47
351 86 45
351 87 46
351 88 46
351 89 45
351 90 50
351 91 43
351 92 44
351 93 44
351 94 46
351 95 48
351 96 47
351 97 46
351 98 48
351 99 43
351 100 50
351 101 48
351 102 41
351 103 43
351 104 48
351 105 47
351 106 46
351 107 48
351 108 48
351 109 47
351 110 47
351 111 44
351 112 45
351 113 51
351 114 45
351 115 45
351 116 44
351 117 48
351 118 47
351 119 51
351 120 45
351 121 45
376 1 48
376 2 51
376 3 43
376 4 49
376 5 50
376 6 50
376 7 47
376 8 47
376 9 51
376 10 47
376 11 45
376 12 44
376 13 47
376 14 47
376 15 47
376 16 51
376 17 46
376 18 49
376 19 48
376 20 48
376 21 48
376 22 45
376 23 48
376 24 47
376 25 47
376 26 51
376 27 47
376 28 49
376 29 48
376 30 45
376 31 48
376 32 47
376 33 47
376 34 45
376 35 50
376 36 45
376 37 49
376 38 46
376 39 44
376 40 43
376 41 45
376 42 49
376 43 45
376 44 45
376 45 47
376 46 50
376 47 47
376 48 48
376 49 44
376 50 44
376 51 47
376 52 46
376 53 43
376 54 46
376 55 46
376 56 48
376 57 50
376 58 45
376 59 45
376 60 48
376 61 47
376 62 52
376 63 49
376 64 49
376 65 45
376 66 46
376 67 48
376 68 51
376 69 48
376 70 47
376 71 50
376 72 45
376 73 49
376 74 47
376 75 48
376 76 47
376 77 49
376 78 48
376 79 48
376 80 48
376 81 46
376 82 48
376 83 45
376 84 47
376 85 48
376 86 46
376 87 45
376 88 43
376 89 48
376 90 48
376 91 52
376 92 48
376 93 47
376 94 51
376 95 51
376 96 46
376 97 48
376 98 47
376 99 45
376 100 48
376 101 49
376 102 46
376 103 48
376 104 49
376 105 47
376 106 49
376 107 44
376 108 43
376 109 42
376 110 46
376 111 46
376 112 47
376 113 45
376 114 45
376 115 47
376 116 47
376 117 49
376 118 46
376 119 46
376 120 47
376 121 45
401 1 48
401 2 50
401 3 50
401 4 48
401 5 44
401 6 42
401 7 45
401 8 49
401 9 45
401 10 47
401 11 48
401 12 50
401 13 48
401 14 48
401 15 49
401 16 50
401 17 42
401 18 47
401 19 42
401 20 51
401 21 46
401 22 47
401 23 49
401 24 49
401 25 46
401 26 45
401 27 47
401 28 49
401 29 48
401 30 45
401 31 52
401 32 46
401 33 47
401 34 47
401 35 47
401 36 50
401 37 46
401 38 48
401 39 48
401 40 47
401 41 48
401 42 51
401 43 41
401 44 50
401 45 52
401 46 50
401 47 50
401 48 46
401 49 43
401 50 42
401 51 47
401 52 49
401 53 48
401 54 41
401 55 50
401 56 49
401 57 48
401 58 45
401 59 46
401 60 45
401 61 47
401 62 48
401 63 44
401 64 44
401 65 46
401 66 46
401 67 48
401 68 49
401 69 48
401 70 47
401 71 49
401 72 48
401 73 42
401 74 44
401 75 41
401 76 43
401 77 46
401 78 44
401 79 47
401 80 49
401 81 50
401 82 47
401 83 49
401 84 47
401 85 44
401 86 50
401 87 46
401 88 45
401 89 48
401 90 45
401 91 42
401 92 46
401 93 49
401 94 46
401 95 43
401 96 46
401 97 46
401 98 46
401 99 43
401 100 48
401 101 50
401 102 45
401 103 48
401 104 42
401 105 44
401 106 43
401 107 46
401 108 47
401 109 39
401 110 45
401 111 46
401 112 48
401 113 48
401 114 45
401 115 44
401 116 43
401 117 42
401 118 45
401 119 41
401 120 46
401 121 45
426 1 47
426 2 47
426 3 45
426 4 47
426 5 49
426 6 48
426 7 46
426 8 48
426 9 45
426 10 48
426 11 49
426 12 46
426 13 50
426 14 50
426 15 47
426 16 44
426 17 47
426 18 49
426 19 47
426 20 50
426 21 49
426 22 48
426 23 46
426 24 49
426 25 47
426 26 49
426 27 43
426 28 45
426 29 48
426 30 47
426 31 48
426 32 48
426 33 48
426 34 47
426 35 51
426 36 51
426 37 45
426 38 48
426 39 43
426 40 43
426 41 43
426 42 48
426 43 48
426 44 49
426 45 48
426 46 51
426 47 46
426 48 46
426 49 47
426 50 46
426 51 43
426 52 48
426 53 48
426 54 47
426 55 46
426 56 46
426 57 43
426 58 45
426 59 47
426 60 46
426 61 51
426 62 48
426 63 50
426 64 47
426 65 46
426 66 48
426 67 47
426 68 49
426 69 47
426 70 44
426 71 43
426 72 45
426 73 46
426 74 47
426 75 47
426 76 41
426 77 45
426 78 48
426 79 51
426 80 48
426 81 49
426 82 46
426 83 46
426 84 45
426 85 45
426 86 47
426 87 46
426 88 43
426 89 46
426 90 45
426 91 49
426 92 47
426 93 45
426 94 48
426 95 47
426 96 44
426 97 47
426 98 47
426 99 44
426 100 46
426 101 46
426 102 49
426 103 48
426 104 49
426 105 45
426 106 44
426 107 45
426 108 51
426 109 50
426 110 45
426 111 43
426 112 46
426 113 47
426 114 44
426 115 50
426 116 48
426 117 46
426 118 48
426 119 46
426 120 48
426 121 44
451 1 50
451 2 49
451 3 44
451 4 51
451 5 50
451 6 50
451 7 53
451 8 47
451 9 43
451 10 47
451 11 44
451 12 45
451 13 48
451 14 43
451 15 47
451 16 51
451 17 46
451 18 51
451 19 46
451 20 46
451 21 44
451 22 46
451 23 47
451 24 49
451 25 47
451 26 46
451 27 48
451 28 45
451 29 46
451 30 51
451 31 46
451 32 45
451 33 48
451 34 45
451 35 45
451 36 47
451 37 50
451 38 53
451 39 51
451 40 48
451 41 44
451 42 47
451 43 50
451 44 46
451 45 54
451 46 48
451 47 50
451 48 49
451 49 49
451 50 48
451 51 48
451 52 46
451 53 46
451 54 46
451 55 48
451 56 52
451 57 49
451 58 48
451 59 48
451 60 49
451 61 46
451 62 53
451 63 50
451 64 51
451 65 47
451 66 49
451 67 47
451 68 49
451 69 50
451 70 44
451 71 46
451 72 46
451 73 50
451 74 50
451 75 48
451 76 49
451 77 48
451 78 49
451 79 49
451 80 49
451 81 50
451 82 44
451 83 52
451 84 49
451 85 50
451 86 48
451 87 46
451 88 47
451 89 50
451 90 50
451 91 48
451 92 47
451 93 46
451 94 47
451 95 51
451 96 47
451 97 42
451 98 45
451 99 46
451 100 50
451 101 49
451 102 49
451 103 49
451 104 50
451 105 50
451 106 45
451 107 47
451 108 43
451 109 40
451 110 46
451 111 44
451 112 44
451 113 49
451 114 44
451 115 47
451 116 46
451 117 46
451 118 45
451 119 45
451 120 42
451 121 44
476 1 48
476 2 51
476 3 44
476 4 45
476 5 48
476 6 48
476 7 51
476 8 45
476 9 48
476 10 46
476 11 46
476 12 49
476 13 49
476 14 49
476 15 47
476 16 48
476 17 47
476 18 47
476 19 49
476 20 51
476 21 47
476 22 50
476 23 49
476 24 48
476 25 47
476 26 47
476 27 45
476 28 44
476 29 47
476 30 49
476 31 49
476 32 49
476 33 45
476 34 45
476 35 49
476 36 48
476 37 45
476 38 46
476 39 48
476 40 52
476 41 52
476 42 47
476 43 48
476 44 45
476 45 48
476 46 51
476 47 51
476 48 46
476 49 45
476 50 45
476 51 47
476 52 48
476 53 51
476 54 47
476 55 51
476 56 46
476 57 47
476 58 51
476 59 44
476 60 46
476 61 46
476 62 47
476 63 50
476 64 47
476 65 46
476 66 46
476 67 47
476 68 52
476 69 48
476 70 52
476 71 49
476 72 46
476 73 45
476 74 47
476 75 49
476 76 45
476 77 43
476 78 49
476 79 48
476 80 48
476 81 46
476 82 49
476 83 44
476 84 48
476 85 47
476 86 45
476 87 46
476 88 46
476 89 42
476 90 52
476 91 52
476 92 48
476 93 45
476 94 48
476 95 50
476 96 45
476 97 43
476 98 46
476 99 45
476 100 47
476 101 45
476 102 48
476 103 45
476 104 43
476 105 47
476 106 54
476 107 50
476 108 45
476 109 47
476 110 49
476 111 49
476 112 45
476 113 47
476 114 46
476 115 48
476 116 46
476 117 50
476 118 47
476 119 45
476 120 48
476 121 49
501 1 47
501 2 49
501 3 46
501 4 48
501 5 49
501 6 46
501 7 49
501 8 48
501 9 49
501 10 48
501 11 48
501 12 50
501 13 45
501 14 47
501 15 52
501 16 48
501 17 48
501 18 46
501 19 51
501 20 49
501 21 47
501 22 46
501 23 53
501 24 46
501 25 49
501 26 50
501 27 51
501 28 49
501 29 49
501 30 48
501 31 43
501 32 44
501 33 46
501 34 49
501 35 52
501 36 49
501 37 44
501 38 54
501 39 50
501 40 50
501 41 51
501 42 48
501 43 46
501 44 45
501 45 47
501 46 52
501 47 47
501 48 46
501 49 50
501 50 49
501 51 44
501 52 44
501 53 49
501 54 46
501 55 45
501 56 48
501 57 47
501 58 51
501 59 48
501 60 48
501 61 48
501 62 47
501 63 45
501 64 45
501 65 46
501 66 44
501 67 48
501 68 49
501 69 45
501 70 50
501 71 46
501 72 48
501 73 49
501 74 49
501 75 48
501 76 45
501 77 47
501 78 48
501 79 46
501 80 51
501 81 48
501 82 50
501 83 47
501 84 48
501 85 50
501 86 47
501 87 48
501 88 49
501 89 45
501 90 52
501 91 48
501 92 48
501 93 44
501 94 48
501 95 47
501 96 48
501 97 46
501 98 46
501 99 44
501 100 46
501 101 45
501 102 47
501 103 47
501 104 47
501 105 45
501 106 49
501 107 49
501 108 46
501 109 46
501 110 44
501 111 45
501 112 47
501 113 44
501 114 47
501 115 47
501 116 44
501 117 45
501 118 47
501 119 46
501 120 44
501 121 43
526 1 48
526 2 50
526 3 47
526 4 50
526 5 46
526 6 47
526 7 45
526 8 49
526 9 48
526 10 46
526 11 48
526 12 48
526 13 50
526 14 50
526 15 45
526 16 46
526 17 46
526 18 45
526 19 50
526 20 51
526 21 48
526 22 47
526 23 50
526 24 50
526 25 46
526 26 47
526 27 46
526 28 47
526 29 44
526 30 47
526 31 48
526 32 47
526 33 47
526 34 47
526 35 48
526 36 46
526 37 46
526 38 50
526 39 47
526 40 47
526 41 49
526 42 51
526 43 45
526 44 48
526 45 49
526 46 45
526 47 50
526 48 49
526 49 48
526 50 43
526 51 48
526 52 43
526 53 49
526 54 47
526 55 54
526 56 48
526 57 52
526 58 45
526 59 44
526 60 44
526 61 46
526 62 48
526 63 47
526 64 49
526 65 49
526 66 50
526 67 52
526 68 47
526 69 49
526 70 47
526 71 43
526 72 47
526 73 46
526 74 45
526 75 45
526 76 48
526 77 45
526 78 49
526 79 48
526 80 48
526 81 50
526 82 46
526 83 46
526 84 50
526 85 49
526 86 50
526 87 50
526 88 49
526 89 47
526 90 48
526 91 48
526 92 47
526 93 45
526 94 47
526 95 47
526 96 46
526 97 47
526 98 50
526 99 49
526 100 43
526 101 46
526 102 45
526 103 46
526 104 48
526 105 48
526 106 47
526 107 40
526 108 47
526 109 47
526 110 49
526 111 45
526 112 46
526 113 46
526 114 48
526 115 42
526 116 47
526 117 44
526 118 45
526 119 42
526 120 47
526 121 46
551 1 49
551 2 49
551 3 48
551 4 46
551 5 46
551 6 47
551 7 51
551 8 46
551 9 46
551 10 48
551 11 47
551 12 50
551 13 46
551 14 48
551 15 49
551 16 51
551 17 50
551 18 46
551 19 47
551 20 47
551 21 43
551 22 45
551 23 49
551 24 51
551 25 48
551 26 47
551 27 47
551 28 51
551 29 48
551 30 49
551 31 45
551 32 46
551 33 49
551 34 48
551 35 48
551 36 49
551 37 53
551 38 48
551 39 49
551 40 48
551 41 48
551 42 48
551 43 48
551 44 46
551 45 48
551 46 48
551 47 46
551 48 50
551 49 50
551 50 51
551 51 50
551 52 47
551 53 47
551 54 52
551 55 47
551 56 46
551 57 50
551 58 51
551 59 47
551 60 47
551 61 51
551 62 48
551 63 47
551 64 45
551 65 47
551 66 45
551 67 48
551 68 51
551 69 50
551 70 47
551 71 49
551 72 49
551 73 50
551 74 46
551 75 48
551 76 49
551 77 47
551 78 50
551 79 49
551 80 49
551 81 48
551 82 49
551 83 45
551 84 48
551 85 50
551 86 48
551 87 48
551 88 47
551 89 47
551 90 46
551 91 46
551 92 51
551 93 47
551 94 49
551 95 46
551 96 47
551 97 45
551 98 47
551 99 47
551 100 47
551 101 52
551 102 51
551 103 48
551 104 46
551 105 46
551 106 47
551 107 53
551 108 49
551 109 51
551 110 49
551 111 47
551 112 45
551 113 47
551 114 48
551 115 47
551 116 47
551 117 49
551 118 47
551 119 45
551 120 43
551 121 44
576 1 47
576 2 48
576 3 50
576 4 44
576 5 48
576 6 47
576 7 47
576 8 47
576 9 49
576 10 47
576 11 51
576 12 48
576 13 51
576 14 50
576 15 50
576 16 48
576 17 55
576 18 48
576 19 44
576 20 49
576 21 52
576 22 52
576 23 51
576 24 52
576 25 46
576 26 43
576 27 48
576 28 49
576 29 49
576 30 46
576 31 46
576 32 46
576 33 46
576 34 51
576 35 52
576 36 45
576 37 44
576 38 47
576 39 48
576 40 48
576 41 52
576 42 49
576 43 48
576 44 48
576 45 46
576 46 46
576 47 51
576 48 52
576 49 49
576 50 46
576 51 45
576 52 47
576 53 48
576 54 48
576 55 46
576 56 47
576 57 44
576 58 49
576 59 51
576 60 54
576 61 47
576 62 48
576 63 53
576 64 48
576 65 47
576 66 47
576 67 45
576 68 50
576 69 50
576 70 45
576 71 48
576 72 44
576 73 44
576 74 49
576 75 44
576 76 51
576 77 42
576 78 48
576 79 46
576 80 49
576 81 50
576 82 44
576 83 49
576 84 43
576 85 41
576 86 46
576 87 49
576 88 43
576 89 50
576 90 47
576 91 48
576 92 49
576 93 50
576 94 53
576 95 49
576 96 49
576 97 46
576 98 44
576 99 46
576 100 47
576 101 46
576 102 50
576 103 49
576 104 44
576 105 47
576 106 46
576 107 52
576 108 47
576 109 47
576 110 49
576 111 46
576 112 43
576 113 45
576 114 45
576 115 46
576 116 48
576 117 50
576 118 48
576 119 46
576 120 49
576 121 46
601 1 48
601 2 48
601 3 56
601 4 49
601 5 54
601 6 47
601 7 48
601 8 48
601 9 51
601 10 49
601 11 45
601 12 48
601 13 47
601 14 49
601 15 47
601 16 53
601 17 49
601 18 46
601 19 50
601 20 47
601 21 46
601 22 50
601 23 45
601 24 46
601 25 45
601 26 49
601 27 49
601 28 49
601 29 49
601 30 48
601 31 50
601 32 48
601 33 45
601 34 48
601 35 49
601 36 47
601 37 49
601 38 51
601 39 46
601 40 48
601 41 53
601 42 50
601 43 50
601 44 48
601 45 49
601 46 49
601 47 50
601 48 47
601 49 49
601 50 49
601 51 48
601 52 49
601 53 47
601 54 47
601 55 49
601 56 49
601 57 49
601 58 47
601 59 49
601 60 45
601 61 46
601 62 49
601 63 52
601 64 48
601 65 49
601 66 47
601 67 50
601 68 48
601 69 47
601 70 46
601 71 49
601 72 47
601 73 48
601 74 48
601 75 49
601 76 48
601 77 49
601 78 45
601 79 47
601 80 49
601 81 47
601 82 46
601 83 48
601 84 45
601 85 50
601 86 51
601 87 47
601 88 48
601 89 49
601 90 50
601 91 45
601 92 52
601 93 44
601 94 42
601 95 46
601 96 51
601 97 49
601 98 50
601 99 49
601 100 46
601 101 49
601 102 49
601 103 47
601 104 50
601 105 46
601 106 46
601 107 47
601 108 47
601 109 47
601 110 45
601 111 45
601 112 47
601 113 51
601 114 45
601 115 52
601 116 47
601 117 47
601 118 49
601 119 49
601 120 50
601 121 45
626 1 49
626 2 46
626 3 47
626 4 48
626 5 48
626 6 45
626 7 50
626 8 45
626 9 48
626 10 47
626 11 46
626 12 48
626 13 47
626 14 52
626 15 48
626 16 48
626 17 49
626 18 51
626 19 48
626 20 49
626 21 46
626 22 49
626 23 47
626 24 47
626 25 46
626 26 49
626 27 46
626 28 48
626 29 49
626 30 44
626 31 47
626 32 46
626 33 48
626 34 44
626 35 52
626 36 49
626 37 50
626 38 45
626 39 46
626 40 49
626 41 46
626 42 45
626 43 46
626 44 45
626 45 49
626 46 53
626 47 52
626 48 49
626 49 43
626 50 47
626 51 45
626 52 50
626 53 48
626 54 45
626 55 44
626 56 48
626 57 51
626 58 50
626 59 50
626 60 50
626 61 52
626 62 47
626 63 48
626 64 46
626 65 46
626 66 45
626 67 47
626 68 49
626 69 44
626 70 53
626 71 48
626 72 48
626 73 49
626 74 47
626 75 44
626 76 48
626 77 44
626 78 48
626 79 51
626 80 44
626 81 48
626 82 50
626 83 45
626 84 49
626 85 48
626 86 45
626 87 51
626 88 50
626 89 49
626 90 51
626 91 49
626 92 54
626 93 49
626 94 44
626 95 44
626 96 48
626 97 47
626 98 48
626 99 47
626 100 50
626 101 48
626 102 45
626 103 48
626 104 51
626 105 45
626 106 44
626 107 47
626 108 50
626 109 53
626 110 49
626 111 52
626 112 45
626 113 47
626 114 49
626 115 48
626 116 48
626 117 50
626 118 46
626 119 49
626 120 45
626 121 46
651 1 47
651 2 49
651 3 47
651 4 52
651 5 50
651 6 44
651 7 49
651 8 46
651 9 48
651 10 46
651 11 46
651 12 46
651 13 48
651 14 47
651 15 48
651 16 48
651 17 50
651 18 51
651 19 46
651 20 44
651 21 48
651 22 45
651 23 45
651 24 51
651 25 51
651 26 48
651 27 46
651 28 48
651 29 47
651 30 48
651 31 49
651 32 47
651 33 44
651 34 51
651 35 47
651 36 52
651 37 49
651 38 46
651 39 51
651 40 51
651 41 46
651 42 44
651 43 49
651 44 47
651 45 48
651 46 46
651 47 50
651 48 51
651 49 49
651 50 48
651 51 53
651 52 46
651 53 46
651 54 50
651 55 50
651 56 46
651 57 46
651 58 46
651 59 48
651 60 49
651 61 51
651 62 47
651 63 50
651 64 46
651 65 44
651 66 49
651 67 50
651 68 53
651 69 47
651 70 46
651 71 49
651 72 47
651 73 48
651 74 45
651 75 46
651 76 47
651 77 49
651 78 53
651 79 53
651 80 47
651 81 49
651 82 52
651 83 46
651 84 47
651 85 53
651 86 48
651 87 49
651 88 47
651 89 48
651 90 48
651 91 51
651 92 47
651 93 47
651 94 46
651 95 52
651 96 50
651 97 49
651 98 53
651 99 50
651 100 47
651 101 54
651 102 50
651 103 48
651 104 47
651 105 48
651 106 46
651 107 48
651 108 47
651 109 49
651 110 45
651 111 46
651 112 48
651 113 50
651 114 50
651 115 47
651 116 52
651 117 44
651 118 46
651 119 46
651 120 45
651 121 51
676 1 45
676 2 43
676 3 48
676 4 49
676 5 46
676 6 51
676 7 49
676 8 48
676 9 46
676 10 46
676 11 46
676 12 48
676 13 53
676 14 58
676 15 46
676 16 47
676 17 51
676 18 47
676 19 54
676 20 46
676 21 47
676 22 47
676 23 47
676 24 49
676 25 54
676 26 50
676 27 48
676 28 48
676 29 50
676 30 48
676 31 49
676 32 47
676 33 49
676 34 51
676 35 46
676 36 