1 1 43
1 2 44
1 3 29
1 4 35
1 5 30
1 6 42
1 7 38
1 8 41
1 9 31
1 10 36
1 11 28
1 12 41
1 13 37
1 14 42
1 15 40
1 16 34
1 17 43
1 18 39
1 19 32
1 20 40
1 21 34
1 22 35
1 23 39
1 24 39
1 25 31
1 26 27
1 27 40
1 28 41
1 29 44
1 30 38
1 31 31
1 32 25
1 33 36
1 34 38
1 35 38
1 36 29
1 37 27
1 38 31
1 39 29
1 40 33
1 41 48
1 42 41
1 43 33
1 44 29
1 45 34
1 46 38
1 47 40
1 48 44
1 49 30
1 50 39
1 51 41
1 52 37
1 53 39
1 54 32
1 55 23
1 56 25
1 57 34
1 58 39
1 59 39
1 60 40
1 61 32
1 62 37
1 63 44
1 64 39
1 65 33
1 66 30
1 67 30
1 68 28
1 69 39
1 70 39
1 71 37
1 72 42
1 73 28
1 74 47
1 75 37
1 76 28
1 77 32
1 78 36
1 79 35
1 80 31
1 81 43
1 82 25
1 83 37
1 84 41
1 85 31
1 86 37
1 87 41
1 88 25
1 89 34
1 90 37
1 91 37
1 92 42
1 93 40
1 94 17
1 95 38
1 96 38
1 97 34
1 98 37
1 99 31
1 100 34
1 101 21
1 102 45
1 103 41
1 104 41
1 105 36
1 106 41
1 107 37
1 108 42
1 109 41
1 110 35
1 111 31
1 112 29
1 113 43
1 114 40
1 115 37
1 116 36
1 117 40
1 118 42
1 119 34
1 120 41
1 121 36
26 1 39
26 2 42
26 3 38
26 4 33
26 5 29
26 6 43
26 7 39
26 8 39
26 9 0
26 10 0
26 11 0
26 12 30
26 13 38
26 14 39
26 15 34
26 16 40
26 17 43
26 18 34
26 19 38
26 20 0
26 21 0
26 22 0
26 23 39
26 24 41
26 25 30
26 26 0
26 27 36
26 28 41
26 29 38
26 30 38
26 31 0
26 32 10
26 33 0
26 34 30
26 35 32
26 36 42
26 37 0
26 38 33
26 39 29
26 40 40
26 41 42
26 42 36
26 43 7
26 44 0
26 45 0
26 46 0
26 47 42
26 48 45
26 49 39
26 50 39
26 51 39
26 52 42
26 53 44
26 54 0
26 55 0
26 56 0
26 57 0
26 58 39
26 59 41
26 60 37
26 61 38
26 62 36
26 63 42
26 64 33
26 65 0
26 66 19
26 67 0
26 68 0
26 69 39
26 70 42
26 71 34
26 72 33
26 73 30
26 74 42
26 75 35
26 76 13
26 77 0
26 78 0
26 79 7
26 80 0
26 81 39
26 82 29
26 83 35
26 84 40
26 85 40
26 86 39
26 87 41
26 88 0
26 89 0
26 90 12
26 91 42
26 92 40
26 93 31
26 94 12
26 95 41
26 96 36
26 97 38
26 98 29
26 99 0
26 100 3
26 101 0
26 102 45
26 103 44
26 104 38
26 105 0
26 106 40
26 107 38
26 108 39
26 109 35
26 110 35
26 111 0
26 112 0
26 113 42
26 114 39
26 115 43
26 116 0
26 117 38
26 118 35
26 119 38
26 120 50
26 121 40
51 1 36
51 2 40
51 3 33
51 4 42
51 5 30
51 6 38
51 7 39
51 8 40
51 9 0
51 10 0
51 11 0
51 12 30
51 13 39
51 14 40
51 15 45
51 16 38
51 17 39
51 18 37
51 19 38
51 20 0
51 21 0
51 22 0
51 23 41
51 24 31
51 25 32
51 26 0
51 27 38
51 28 41
51 29 39
51 30 40
51 31 0
51 32 6
51 33 0
51 34 33
51 35 38
51 36 39
51 37 0
51 38 30
51 39 38
51 40 40
51 41 45
51 42 39
51 43 15
51 44 0
51 45 0
51 46 0
51 47 38
51 48 45
51 49 37
51 50 40
51 51 38
51 52 35
51 53 40
51 54 0
51 55 0
51 56 0
51 57 0
51 58 40
51 59 39
51 60 36
51 61 35
51 62 39
51 63 41
51 64 29
51 65 0
51 66 0
51 67 0
51 68 0
51 69 43
51 70 34
51 71 39
51 72 44
51 73 35
51 74 41
51 75 36
51 76 0
51 77 0
51 78 0
51 79 0
51 80 0
51 81 39
51 82 29
51 83 33
51 84 41
51 85 39
51 86 37
51 87 30
51 88 0
51 89 0
51 90 0
51 91 40
51 92 44
51 93 39
51 94 12
51 95 37
51 96 45
51 97 33
51 98 40
51 99 0
51 100 0
51 101 0
51 102 49
51 103 38
51 104 38
51 105 0
51 106 38
51 107 40
51 108 40
51 109 34
51 110 40
51 111 0
51 112 0
51 113 40
51 114 39
51 115 38
51 116 0
51 117 39
51 118 40
51 119 34
51 120 43
51 121 32
76 1 43
76 2 48
76 3 45
76 4 42
76 5 40
76 6 39
76 7 37
76 8 40
76 9 0
76 10 0
76 11 0
76 12 33
76 13 41
76 14 34
76 15 40
76 16 40
76 17 40
76 18 35
76 19 25
76 20 0
76 21 0
76 22 0
76 23 37
76 24 30
76 25 38
76 26 0
76 27 39
76 28 41
76 29 41
76 30 37
76 31 0
76 32 0
76 33 0
76 34 34
76 35 39
76 36 42
76 37 0
76 38 35
76 39 35
76 40 41
76 41 43
76 42 42
76 43 11
76 44 0
76 45 0
76 46 0
76 47 40
76 48 45
76 49 34
76 50 37
76 51 33
76 52 38
76 53 40
76 54 0
76 55 0
76 56 0
76 57 0
76 58 40
76 59 39
76 60 37
76 61 34
76 62 41
76 63 41
76 64 37
76 65 0
76 66 0
76 67 0
76 68 0
76 69 41
76 70 37
76 71 38
76 72 35
76 73 31
76 74 47
76 75 40
76 76 0
76 77 0
76 78 0
76 79 0
76 80 0
76 81 40
76 82 29
76 83 36
76 84 40
76 85 41
76 86 40
76 87 36
76 88 0
76 89 0
76 90 0
76 91 40
76 92 41
76 93 39
76 94 12
76 95 37
76 96 38
76 97 38
76 98 39
76 99 0
76 100 0
76 101 0
76 102 47
76 103 40
76 104 40
76 105 0
76 106 43
76 107 40
76 108 38
76 109 39
76 110 39
76 111 0
76 112 0
76 113 42
76 114 38
76 115 39
76 116 0
76 117 36
76 118 36
76 119 32
76 120 44
76 121 35
101 1 41
101 2 43
101 3 40
101 4 38
101 5 31
101 6 41
101 7 39
101 8 38
101 9 0
101 10 0
101 11 0
101 12 31
101 13 47
101 14 30
101 15 42
101 16 36
101 17 36
101 18 40
101 19 36
101 20 0
101 21 0
101 22 0
101 23 39
101 24 40
101 25 38
101 26 0
101 27 39
101 28 35
101 29 43
101 30 38
101 31 0
101 32 0
101 33 0
101 34 38
101 35 32
101 36 38
101 37 0
101 38 37
101 39 35
101 40 32
101 41 38
101 42 40
101 43 8
101 44 0
101 45 0
101 46 0
101 47 42
101 48 45
101 49 30
101 50 46
101 51 37
101 52 40
101 53 38
101 54 0
101 55 0
101 56 0
101 57 0
101 58 40
101 59 39
101 60 31
101 61 38
101 62 36
101 63 40
101 64 30
101 65 0
101 66 0
101 67 0
101 68 0
101 69 40
101 70 40
101 71 35
101 72 40
101 73 25
101 74 50
101 75 37
101 76 0
101 77 0
101 78 0
101 79 0
101 80 0
101 81 38
101 82 31
101 83 35
101 84 41
101 85 30
101 86 31
101 87 40
101 88 0
101 89 0
101 90 0
101 91 37
101 92 37
101 93 35
101 94 8
101 95 30
101 96 42
101 97 38
101 98 38
101 99 0
101 100 0
101 101 0
101 102 39
101 103 32
101 104 40
101 105 0
101 106 41
101 107 40
101 108 37
101 109 31
101 110 40
101 111 0
101 112 0
101 113 42
101 114 41
101 115 43
101 116 0
101 117 37
101 118 42
101 119 31
101 120 42
101 121 38
126 1 41
126 2 41
126 3 38
126 4 41
126 5 33
126 6 40
126 7 39
126 8 36
126 9 0
126 10 0
126 11 0
126 12 39
126 13 42
126 14 38
126 15 40
126 16 41
126 17 45
126 18 41
126 19 41
126 20 0
126 21 0
126 22 0
126 23 44
126 24 39
126 25 38
126 26 0
126 27 40
126 28 37
126 29 43
126 30 46
126 31 0
126 32 0
126 33 0
126 34 36
126 35 33
126 36 39
126 37 0
126 38 33
126 39 27
126 40 43
126 41 45
126 42 40
126 43 5
126 44 0
126 45 0
126 46 0
126 47 39
126 48 40
126 49 33
126 50 40
126 51 41
126 52 40
126 53 36
126 54 0
126 55 0
126 56 0
126 57 0
126 58 41
126 59 30
126 60 31
126 61 40
126 62 42
126 63 42
126 64 35
126 65 0
126 66 0
126 67 0
126 68 0
126 69 41
126 70 43
126 71 30
126 72 35
126 73 29
126 74 41
126 75 40
126 76 0
126 77 0
126 78 0
126 79 0
126 80 0
126 81 40
126 82 28
126 83 37
126 84 37
126 85 32
126 86 39
126 87 41
126 88 0
126 89 0
126 90 0
126 91 36
126 92 36
126 93 31
126 94 11
126 95 38
126 96 41
126 97 30
126 98 41
126 99 0
126 100 0
126 101 0
126 102 50
126 103 37
126 104 38
126 105 0
126 106 40
126 107 36
126 108 42
126 109 42
126 110 39
126 111 0
126 112 0
126 113 45
126 114 39
126 115 40
126 116 0
126 117 40
126 118 39
126 119 38
126 120 42
126 121 38
151 1 40
151 2 51
151 3 40
151 4 39
151 5 32
151 6 36
151 7 41
151 8 38
151 9 0
151 10 0
151 11 0
151 12 37
151 13 39
151 14 36
151 15 40
151 16 43
151 17 42
151 18 39
151 19 36
151 20 0
151 21 0
151 22 0
151 23 36
151 24 33
151 25 40
151 26 0
151 27 41
151 28 33
151 29 40
151 30 40
151 31 0
151 32 0
151 33 0
151 34 36
151 35 40
151 36 36
151 37 0
151 38 37
151 39 29
151 40 40
151 41 49
151 42 41
151 43 0
151 44 0
151 45 0
151 46 0
151 47 39
151 48 45
151 49 30
151 50 42
151 51 40
151 52 41
151 53 38
151 54 0
151 55 0
151 56 0
151 57 0
151 58 40
151 59 44
151 60 32
151 61 31
151 62 30
151 63 41
151 64 36
151 65 0
151 66 0
151 67 0
151 68 0
151 69 37
151 70 40
151 71 33
151 72 34
151 73 23
151 74 41
151 75 38
151 76 0
151 77 0
151 78 0
151 79 0
151 80 0
151 81 33
151 82 32
151 83 45
151 84 39
151 85 39
151 86 39
151 87 39
151 88 0
151 89 0
151 90 0
151 91 41
151 92 35
151 93 33
151 94 11
151 95 34
151 96 42
151 97 41
151 98 36
151 99 0
151 100 0
151 101 0
151 102 40
151 103 37
151 104 41
151 105 0
151 106 42
151 107 40
151 108 36
151 109 31
151 110 39
151 111 0
151 112 0
151 113 43
151 114 39
151 115 42
151 116 0
151 117 29
151 118 41
151 119 39
151 120 50
151 121 40
176 1 39
176 2 49
176 3 35
176 4 40
176 5 38
176 6 42
176 7 41
176 8 46
176 9 0
176 10 0
176 11 0
176 12 31
176 13 40
176 14 32
176 15 42
176 16 40
176 17 39
176 18 40
176 19 36
176 20 0
176 21 0
176 22 0
176 23 37
176 24 40
176 25 36
176 26 0
176 27 39
176 28 38
176 29 40
176 30 43
176 31 0
176 32 0
176 33 0
176 34 32
176 35 38
176 36 38
176 37 0
176 38 33
176 39 36
176 40 36
176 41 39
176 42 40
176 43 0
176 44 0
176 45 0
176 46 0
176 47 37
176 48 46
176 49 31
176 50 41
176 51 35
176 52 42
176 53 38
176 54 0
176 55 0
176 56 0
176 57 0
176 58 39
176 59 41
176 60 34
176 61 37
176 62 36
176 63 40
176 64 36
176 65 0
176 66 0
176 67 0
176 68 0
176 69 37
176 70 39
176 71 34
176 72 38
176 73 25
176 74 41
176 75 41
176 76 0
176 77 0
176 78 0
176 79 0
176 80 0
176 81 41
176 82 29
176 83 42
176 84 39
176 85 37
176 86 38
176 87 37
176 88 0
176 89 0
176 90 0
176 91 42
176 92 35
176 93 36
176 94 10
176 95 41
176 96 40
176 97 39
176 98 31
176 99 0
176 100 0
176 101 0
176 102 46
176 103 39
176 104 41
176 105 0
176 106 43
176 107 40
176 108 35
176 109 45
176 110 40
176 111 0
176 112 0
176 113 42
176 114 38
176 115 38
176 116 0
176 117 39
176 118 43
176 119 36
176 120 52
176 121 39
201 1 40
201 2 42
201 3 39
201 4 41
201 5 38
201 6 30
201 7 39
201 8 40
201 9 0
201 10 0
201 11 0
201 12 40
201 13 38
201 14 34
201 15 40
201 16 41
201 17 39
201 18 40
201 19 33
201 20 0
201 21 0
201 22 0
201 23 45
201 24 40
201 25 38
201 26 0
201 27 41
201 28 40
201 29 39
201 30 38
201 31 0
201 32 0
201 33 0
201 34 37
201 35 41
201 36 42
201 37 0
201 38 33
201 39 22
201 40 39
201 41 44
201 42 34
201 43 0
201 44 0
201 45 0
201 46 0
201 47 41
201 48 45
201 49 30
201 50 36
201 51 40
201 52 38
201 53 35
201 54 0
201 55 0
201 56 0
201 57 0
201 58 38
201 59 39
201 60 31
201 61 39
201 62 36
201 63 41
201 64 39
201 65 0
201 66 0
201 67 0
201 68 0
201 69 42
201 70 38
201 71 38
201 72 37
201 73 21
201 74 39
201 75 37
201 76 0
201 77 0
201 78 0
201 79 0
201 80 0
201 81 42
201 82 26
201 83 37
201 84 38
201 85 40
201 86 40
201 87 39
201 88 0
201 89 0
201 90 0
201 91 38
201 92 39
201 93 37
201 94 10
201 95 37
201 96 38
201 97 42
201 98 34
201 99 0
201 100 0
201 101 0
201 102 41
201 103 41
201 104 35
201 105 0
201 106 43
201 107 36
201 108 40
201 109 40
201 110 40
201 111 0
201 112 0
201 113 42
201 114 39
201 115 39
201 116 0
201 117 37
201 118 39
201 119 33
201 120 45
201 121 39
226 1 38
226 2 40
226 3 41
226 4 40
226 5 30
226 6 40
226 7 41
226 8 44
226 9 0
226 10 0
226 11 0
226 12 40
226 13 41
226 14 36
226 15 37
226 16 41
226 17 36
226 18 34
226 19 33
226 20 0
226 21 0
226 22 0
226 23 40
226 24 38
226 25 39
226 26 0
226 27 40
226 28 38
226 29 37
226 30 37
226 31 0
226 32 0
226 33 0
226 34 39
226 35 30
226 36 35
226 37 0
226 38 32
226 39 32
226 40 37
226 41 43
226 42 39
226 43 0
226 44 0
226 45 0
226 46 0
226 47 39
226 48 44
226 49 36
226 50 41
226 51 35
226 52 39
226 53 39
226 54 0
226 55 0
226 56 0
226 57 0
226 58 43
226 59 38
226 60 40
226 61 31
226 62 37
226 63 49
226 64 40
226 65 0
226 66 0
226 67 0
226 68 0
226 69 36
226 70 38
226 71 43
226 72 38
226 73 29
226 74 39
226 75 33
226 76 0
226 77 0
226 78 0
226 79 0
226 80 0
226 81 36
226 82 21
226 83 35
226 84 36
226 85 36
226 86 41
226 87 38
226 88 0
226 89 0
226 90 0
226 91 34
226 92 37
226 93 33
226 94 9
226 95 38
226 96 41
226 97 38
226 98 39
226 99 0
226 100 0
226 101 0
226 102 39
226 103 36
226 104 33
226 105 0
226 106 41
226 107 34
226 108 44
226 109 36
226 110 40
226 111 0
226 112 0
226 113 40
226 114 42
226 115 42
226 116 0
226 117 39
226 118 32
226 119 35
226 120 45
226 121 40
251 1 39
251 2 46
251 3 40
251 4 36
251 5 29
251 6 45
251 7 40
251 8 38
251 9 0
251 10 0
251 11 0
251 12 32
251 13 40
251 14 36
251 15 38
251 16 41
251 17 41
251 18 42
251 19 37
251 20 0
251 21 0
251 22 0
251 23 36
251 24 30
251 25 33
251 26 0
251 27 35
251 28 33
251 29 40
251 30 39
251 31 0
251 32 0
251 33 0
251 34 33
251 35 33
251 36 39
251 37 0
251 38 29
251 39 32
251 40 45
251 41 45
251 42 37
251 43 0
251 44 0
251 45 0
251 46 0
251 47 39
251 48 46
251 49 30
251 50 38
251 51 34
251 52 30
251 53 40
251 54 0
251 55 0
251 56 0
251 57 0
251 58 35
251 59 36
251 60 32
251 61 30
251 62 36
251 63 42
251 64 36
251 65 0
251 66 0
251 67 0
251 68 0
251 69 40
251 70 40
251 71 40
251 72 37
251 73 27
251 74 50
251 75 43
251 76 0
251 77 0
251 78 0
251 79 0
251 80 0
251 81 42
251 82 29
251 83 41
251 84 38
251 85 42
251 86 39
251 87 42
251 88 0
251 89 0
251 90 0
251 91 35
251 92 40
251 93 36
251 94 10
251 95 44
251 96 41
251 97 39
251 98 37
251 99 0
251 100 0
251 101 0
251 102 46
251 103 42
251 104 33
251 105 0
251 106 41
251 107 40
251 108 39
251 109 33
251 110 40
251 111 0
251 112 0
251 113 46
251 114 40
251 115 40
251 116 0
251 117 40
251 118 40
251 119 33
251 120 49
251 121 40
276 1 41
276 2 41
276 3 30
276 4 39
276 5 34
276 6 41
276 7 41
276 8 40
276 9 0
276 10 0
276 11 0
276 12 34
276 13 41
276 14 42
276 15 38
276 16 40
276 17 36
276 18 38
276 19 31
276 20 0
276 21 0
276 22 0
276 23 37
276 24 37
276 25 37
276 26 0
276 27 30
276 28 43
276 29 43
276 30 41
276 31 0
276 32 0
276 33 0
276 34 38
276 35 43
276 36 36
276 37 0
276 38 37
276 39 40
276 40 40
276 41 39
276 42 31
276 43 0
276 44 0
276 45 0
276 46 0
276 47 38
276 48 46
276 49 31
276 50 39
276 51 31
276 52 37
276 53 39
276 54 0
276 55 0
276 56 0
276 57 0
276 58 38
276 59 40
276 60 39
276 61 28
276 62 39
276 63 49
276 64 36
276 65 0
276 66 0
276 67 0
276 68 0
276 69 36
276 70 40
276 71 33
276 72 36
276 73 30
276 74 45
276 75 39
276 76 0
276 77 0
276 78 0
276 79 0
276 80 0
276 81 34
276 82 30
276 83 36
276 84 39
276 85 39
276 86 41
276 87 42
276 88 0
276 89 0
276 90 0
276 91 41
276 92 36
276 93 38
276 94 20
276 95 36
276 96 40
276 97 37
276 98 41
276 99 0
276 100 0
276 101 0
276 102 47
276 103 36
276 104 39
276 105 0
276 106 38
276 107 41
276 108 42
276 109 34
276 110 40
276 111 0
276 112 0
276 113 42
276 114 39
276 115 40
276 116 0
276 117 30
276 118 40
276 119 32
276 120 41
276 121 38
301 1 36
301 2 45
301 3 36
301 4 40
301 5 29
301 6 40
301 7 41
301 8 40
301 9 0
301 10 0
301 11 0
301 12 30
301 13 40
301 14 37
301 15 34
301 16 33
301 17 38
301 18 39
301 19 31
301 20 0
301 21 0
301 22 0
301 23 36
301 24 39
301 25 40
301 26 0
301 27 37
301 28 37
301 29 38
301 30 33
301 31 0
301 32 0
301 33 0
301 34 38
301 35 37
301 36 39
301 37 0
301 38 33
301 39 34
301 40 36
301 41 43
301 42 32
301 43 0
301 44 0
301 45 0
301 46 0
301 47 29
301 48 40
301 49 35
301 50 33
301 51 33
301 52 41
301 53 38
301 54 0
301 55 0
301 56 0
301 57 0
301 58 42
301 59 30
301 60 43
301 61 31
301 62 41
301 63 42
301 64 32
301 65 0
301 66 0
301 67 0
301 68 0
301 69 38
301 70 34
301 71 38
301 72 37
301 73 30
301 74 44
301 75 37
301 76 0
301 77 0
301 78 0
301 79 0
301 80 0
301 81 42
301 82 29
301 83 33
301 84 40
301 85 38
301 86 37
301 87 40
301 88 0
301 89 0
301 90 0
301 91 41
301 92 35
301 93 36
301 94 11
301 95 40
301 96 39
301 97 36
301 98 32
301 99 0
301 100 0
301 101 0
301 102 43
301 103 35
301 104 39
301 105 0
301 106 40
301 107 41
301 108 42
301 109 37
301 110 40
301 111 0
301 112 0
301 113 39
301 114 41
301 115 41
301 116 0
301 117 32
301 118 40
301 119 38
301 120 43
301 121 33
326 1 29
326 2 39
326 3 43
326 4 40
326 5 33
326 6 40
326 7 40
326 8 39
326 9 0
326 10 0
326 11 0
326 12 29
326 13 42
326 14 30
326 15 31
326 16 40
326 17 39
326 18 29
326 19 40
326 20 0
326 21 0
326 22 0
326 23 35
326 24 39
326 25 31
326 26 0
326 27 40
326 28 40
326 29 38
326 30 43
326 31 0
326 32 0
326 33 0
326 34 39
326 35 34
326 36 34
326 37 0
326 38 27
326 39 40
326 40 41
326 41 47
326 42 33
326 43 0
326 44 0
326 45 0
326 46 0
326 47 43
326 48 50
326 49 32
326 50 41
326 51 30
326 52 38
326 53 39
326 54 0
326 55 0
326 56 0
326 57 0
326 58 38
326 59 36
326 60 33
326 61 28
326 62 34
326 63 39
326 64 36
326 65 0
326 66 0
326 67 0
326 68 0
326 69 35
326 70 37
326 71 37
326 72 35
326 73 28
326 74 42
326 75 40
326 76 0
326 77 0
326 78 0
326 79 0
326 80 0
326 81 37
326 82 21
326 83 48
326 84 38
326 85 40
326 86 40
326 87 39
326 88 0
326 89 0
326 90 0
326 91 40
326 92 37
326 93 34
326 94 15
326 95 41
326 96 40
326 97 32
326 98 32
326 99 0
326 100 0
326 101 0
326 102 47
326 103 41
326 104 36
326 105 0
326 106 38
326 107 39
326 108 38
326 109 37
326 110 30
326 111 0
326 112 0
326 113 43
326 114 38
326 115 36
326 116 0
326 117 31
326 118 38
326 119 38
326 120 44
326 121 36
351 1 39
351 2 40
351 3 40
351 4 39
351 5 34
351 6 41
351 7 40
351 8 40
351 9 0
351 10 0
351 11 0
351 12 40
351 13 38
351 14 36
351 15 40
351 16 38
351 17 33
351 18 45
351 19 39
351 20 0
351 21 0
351 22 0
351 23 36
351 24 33
351 25 37
351 26 0
351 27 38
351 28 36
351 29 37
351 30 37
351 31 0
351 32 0
351 33 0
351 34 30
351 35 34
351 36 40
351 37 0
351 38 33
351 39 34
351 40 40
351 41 45
351 42 41
351 43 0
351 44 0
351 45 0
351 46 0
351 47 38
351 48 41
351 49 34
351 50 40
351 51 40
351 52 42
351 53 39
351 54 0
351 55 0
351 56 0
351 57 0
351 58 41
351 59 40
351 60 39
351 61 39
351 62 33
351 63 46
351 64 38
351 65 0
351 66 0
351 67 0
351 68 0
351 69 41
351 70 37
351 71 31
351 72 39
351 73 29
351 74 40
351 75 38
351 76 0
351 77 0
351 78 0
351 79 0
351 80 0
351 81 41
351 82 27
351 83 38
351 84 41
351 85 40
351 86 39
351 87 37
351 88 0
351 89 0
351 90 0
351 91 39
351 92 37
351 93 36
351 94 13
351 95 37
351 96 40
351 97 35
351 98 37
351 99 0
351 100 0
351 101 0
351 102 40
351 103 35
351 104 39
351 105 0
351 106 39
351 107 39
351 108 39
351 109 32
351 110 40
351 111 0
351 112 0
351 113 44
351 114 34
351 115 33
351 116 0
351 117 38
351 118 37
351 119 39
351 120 43
351 121 40
376 1 40
376 2 46
376 3 40
376 4 43
376 5 30
376 6 40
376 7 38
376 8 36
376 9 0
376 10 0
376 11 0
376 12 33
376 13 41
376 14 37
376 15 39
376 16 40
376 17 39
376 18 39
376 19 35
376 20 0
376 21 0
376 22 0
376 23 40
376 24 37
376 25 39
376 26 0
376 27 35
376 28 42
376 29 37
376 30 40
376 31 0
376 32 0
376 33 0
376 34 36
376 35 40
376 36 40
376 37 0
376 38 31
376 39 29
376 40 41
376 41 41
376 42 37
376 43 0
376 44 0
376 45 0
376 46 0
376 47 37
376 48 40
376 49 32
376 50 35
376 51 39
376 52 36
376 53 40
376 54 0
376 55 0
376 56 0
376 57 0
376 58 39
376 59 34
376 60 40
376 61 34
376 62 35
376 63 37
376 64 31
376 65 0
376 66 0
376 67 0
376 68 0
376 69 39
376 70 42
376 71 31
376 72 34
376 73 30
376 74 40
376 75 40
376 76 0
376 77 0
376 78 0
376 79 0
376 80 0
376 81 41
376 82 28
376 83 41
376 84 40
376 85 38
376 86 41
376 87 40
376 88 0
376 89 0
376 90 0
376 91 40
376 92 35
376 93 36
376 94 0
376 95 39
376 96 43
376 97 37
376 98 36
376 99 0
376 100 0
376 101 0
376 102 48
376 103 32
376 104 31
376 105 0
376 106 40
376 107 39
376 108 40
376 109 40
376 110 38
376 111 0
376 112 0
376 113 46
376 114 40
376 115 40
376 116 0
376 117 37
376 118 38
376 119 32
376 120 47
376 121 39
401 1 33
401 2 44
401 3 38
401 4 39
401 5 41
401 6 40
401 7 38
401 8 39
401 9 0
401 10 0
401 11 0
401 12 31
401 13 37
401 14 38
401 15 44
401 16 39
401 17 40
401 18 35
401 19 39
401 20 0
401 21 0
401 22 0
401 23 38
401 24 40
401 25 41
401 26 0
401 27 31
401 28 34
401 29 37
401 30 38
401 31 0
401 32 0
401 33 0
401 34 39
401 35 35
401 36 37
401 37 0
401 38 36
401 39 28
401 40 38
401 41 45
401 42 38
401 43 0
401 44 0
401 45 0
401 46 0
401 47 40
401 48 46
401 49 32
401 50 38
401 51 35
401 52 40
401 53 36
401 54 0
401 55 0
401 56 0
401 57 0
401 58 42
401 59 41
401 60 32
401 61 37
401 62 43
401 63 40
401 64 40
401 65 0
401 66 0
401 67 0
401 68 0
401 69 38
401 70 46
401 71 34
401 72 42
401 73 27
401 74 43
401 75 39
401 76 0
401 77 0
401 78 0
401 79 0
401 80 0
401 81 38
401 82 32
401 83 40
401 84 35
401 85 34
401 86 41
401 87 35
401 88 0
401 89 0
401 90 0
401 91 40
401 92 41
401 93 38
401 94 0
401 95 33
401 96 40
401 97 40
401 98 41
401 99 0
401 100 0
401 101 0
401 102 46
401 103 40
401 104 42
401 105 0
401 106 40
401 107 41
401 108 39
401 109 37
401 110 40
401 111 0
401 112 0
401 113 43
401 114 39
401 115 42
401 116 0
401 117 39
401 118 35
401 119 40
401 120 45
401 121 39
426 1 39
426 2 40
426 3 45
426 4 40
426 5 31
426 6 40
426 7 36
426 8 41
426 9 0
426 10 0
426 11 0
426 12 32
426 13 36
426 14 30
426 15 41
426 16 40
426 17 41
426 18 38
426 19 39
426 20 0
426 21 0
426 22 0
426 23 39
426 24 41
426 25 41
426 26 0
426 27 39
426 28 43
426 29 38
426 30 33
426 31 0
426 32 0
426 33 0
426 34 38
426 35 30
426 36 40
426 37 0
426 38 36
426 39 38
426 40 36
426 41 42
426 42 31
426 43 0
426 44 0
426 45 0
426 46 0
426 47 36
426 48 45
426 49 30
426 50 41
426 51 38
426 52 36
426 53 39
426 54 0
426 55 0
426 56 0
426 57 0
426 58 34
426 59 38
426 60 37
426 61 31
426 62 38
426 63 39
426 64 38
426 65 0
426 66 0
426 67 0
426 68 0
426 69 37
426 70 40
426 71 34
426 72 32
426 73 26
426 74 48
426 75 40
426 76 0
426 77 0
426 78 0
426 79 0
426 80 0
426 81 38
426 82 26
426 83 39
426 84 37
426 85 40
426 86 42
426 87 39
426 88 0
426 89 0
426 90 0
426 91 37
426 92 40
426 93 42
426 94 0
426 95 42
426 96 39
426 97 34
426 98 37
426 99 0
426 100 0
426 101 0
426 102 42
426 103 34
426 104 40
426 105 0
426 106 39
426 107 40
426 108 36
426 109 35
426 110 33
426 111 0
426 112 0
426 113 40
426 114 44
426 115 39
426 116 0
426 117 34
426 118 37
426 119 41
426 120 41
426 121 38
451 1 37
451 2 39
451 3 37
451 4 35
451 5 30
451 6 42
451 7 43
451 8 38
451 9 0
451 10 0
451 11 0
451 12 40
451 13 40
451 14 33
451 15 38
451 16 42
451 17 38
451 18 37
451 19 37
451 20 0
451 21 0
451 22 0
451 23 41
451 24 39
451 25 33
451 26 0
451 27 36
451 28 39
451 29 40
451 30 36
451 31 0
451 32 0
451 33 0
451 34 36
451 35 36
451 36 33
451 37 0
451 38 30
451 39 30
451 40 47
451 41 46
451 42 29
451 43 0
451 44 0
451 45 0
451 46 0
451 47 42
451 48 50
451 49 32
451 50 40
451 51 36
451 52 36
451 53 41
451 54 0
451 55 0
451 56 0
451 57 0
451 58 42
451 59 32
451 60 39
451 61 36
451 62 31
451 63 38
451 64 34
451 65 0
451 66 0
451 67 0
451 68 0
451 69 39
451 70 43
451 71 30
451 72 42
451 73 29
451 74 48
451 75 40
451 76 0
451 77 0
451 78 0
451 79 0
451 80 0
451 81 40
451 82 34
451 83 39
451 84 35
451 85 41
451 86 39
451 87 38
451 88 0
451 89 0
451 90 0
451 91 39
451 92 40
451 93 31
451 94 0
451 95 37
451 96 46
451 97 37
451 98 37
451 99 0
451 100 0
451 101 0
451 102 46
451 103 40
451 104 40
451 105 0
451 106 40
451 107 36
451 108 41
451 109 32
451 110 40
451 111 0
451 112 0
451 113 38
451 114 40
451 115 40
451 116 0
451 117 40
451 118 39
451 119 42
451 120 41
451 121 34
476 1 40
476 2 40
476 3 32
476 4 40
476 5 35
476 6 42
476 7 38
476 8 38
476 9 0
476 10 0
476 11 0
476 12 34
476 13 38
476 14 37
476 15 36
476 16 38
476 17 43
476 18 43
476 19 29
476 20 0
476 21 0
476 22 0
476 23 40
476 24 41
476 25 34
476 26 0
476 27 34
476 28 40
476 29 39
476 30 39
476 31 0
476 32 0
476 33 0
476 34 39
476 35 39
476 36 40
476 37 0
476 38 35
476 39 27
476 40 39
476 41 48
476 42 40
476 43 0
476 44 0
476 45 0
476 46 0
476 47 38
476 48 39
476 49 32
476 50 40
476 51 42
476 52 40
476 53 41
476 54 0
476 55 0
476 56 0
476 57 0
476 58 37
476 59 40
476 60 37
476 61 30
476 62 35
476 63 41
476 64 29
476 65 0
476 66 0
476 67 0
476 68 0
476 69 33
476 70 37
476 71 37
476 72 33
476 73 27
476 74 48
476 75 39
476 76 0
476 77 0
476 78 0
476 79 0
476 80 0
476 81 38
476 82 32
476 83 37
476 84 40
476 85 43
476 86 32
476 87 41
476 88 0
476 89 0
476 90 0
476 91 41
476 92 40
476 93 36
476 94 0
476 95 39
476 96 41
476 97 38
476 98 31
476 99 0
476 100 0
476 101 0
476 102 41
476 103 39
476 104 35
476 105 0
476 106 40
476 107 44
476 108 40
476 109 32
476 110 38
476 111 0
476 112 0
476 113 44
476 114 39
476 115 40
476 116 0
476 117 41
476 118 38
476 119 30
476 120 43
476 121 36
501 1 41
501 2 45
501 3 31
501 4 41
501 5 37
501 6 39
501 7 40
501 8 37
501 9 0
501 10 0
501 11 0
501 12 28
501 13 38
501 14 38
501 15 35
501 16 31
501 17 37
501 18 40
501 19 38
501 20 0
501 21 0
501 22 0
501 23 38
501 24 41
501 25 37
501 26 0
501 27 33
501 28 34
501 29 37
501 30 38
501 31 0
501 32 0
501 33 0
501 34 38
501 35 38
501 36 40
501 37 0
501 38 38
501 39 37
501 40 34
501 41 49
501 42 31
501 43 0
501 44 0
501 45 0
501 46 0
501 47 38
501 48 40
501 49 28
501 50 43
501 51 39
501 52 42
501 53 39
501 54 0
501 55 0
501 56 0
501 57 0
501 58 36
501 59 40
501 60 36
501 61 27
501 62 40
501 63 40
501 64 38
501 65 0
501 66 0
501 67 0
501 68 0
501 69 39
501 70 40
501 71 31
501 72 37
501 73 28
501 74 40
501 75 38
501 76 0
501 77 0
501 78 0
501 79 0
501 80 0
501 81 40
501 82 29
501 83 39
501 84 39
501 85 37
501 86 37
501 87 40
501 88 0
501 89 0
501 90 0
501 91 39
501 92 35
501 93 40
501 94 0
501 95 42
501 96 40
501 97 32
501 98 30
501 99 0
501 100 0
501 101 0
501 102 48
501 103 42
501 104 36
501 105 0
501 106 37
501 107 40
501 108 33
501 109 41
501 110 39
501 111 0
501 112 0
501 113 41
501 114 38
501 115 36
501 116 0
501 117 38
501 118 40
501 119 31
501 120 50
501 121 41
526 1 39
526 2 43
526 3 33
526 4 39
526 5 35
526 6 41
526 7 41
526 8 38
526 9 0
526 10 0
526 11 0
526 12 30
526 13 39
526 14 40
526 15 42
526 16 41
526 17 39
526 18 37
526 19 35
526 20 0
526 21 0
526 22 0
526 23 35
526 24 38
526 25 40
526 26 0
526 27 43
526 28 46
526 29 34
526 30 39
526 31 0
526 32 0
526 33 0
526 34 37
526 35 31
526 36 39
526 37 0
526 38 24
526 39 30
526 40 39
526 41 48
526 42 40
526 43 0
526 44 0
526 45 0
526 46 0
526 47 37
526 48 41
526 49 32
526 50 39
526 51 40
526 52 39
526 53 34
526 54 0
526 55 0
526 56 0
526 57 0
526 58 43
526 59 39
526 60 38
526 61 35
526 62 37
526 63 43
526 64 31
526 65 0
526 66 0
526 67 0
526 68 0
526 69 39
526 70 37
526 71 35
526 72 36
526 73 30
526 74 51
526 75 38
526 76 0
526 77 0
526 78 0
526 79 0
526 80 0
526 81 40
526 82 21
526 83 37
526 84 42
526 85 33
526 86 40
526 87 35
526 88 0
526 89 0
526 90 0
526 91 31
526 92 40
526 93 30
526 94 0
526 95 35
526 96 41
526 97 36
526 98 30
526 99 0
526 100 0
526 101 0
526 102 47
526 103 44
526 104 31
526 105 0
526 106 38
526 107 38
526 108 40
526 109 36
526 110 42
526 111 0
526 112 0
526 113 41
526 114 41
526 115 40
526 116 0
526 117 45
526 118 35
526 119 32
526 120 41
526 121 36
551 1 42
551 2 44
551 3 40
551 4 38
551 5 37
551 6 39
551 7 34
551 8 40
551 9 0
551 10 0
551 11 0
551 12 32
551 13 40
551 14 34
551 15 40
551 16 45
551 17 35
551 18 37
551 19 36
551 20 0
551 21 0
551 22 0
551 23 36
551 24 35
551 25 31
551 26 0
551 27 40
551 28 39
551 29 42
551 30 33
551 31 0
551 32 0
551 33 0
551 34 39
551 35 40
551 36 34
551 37 0
551 38 33
551 39 33
551 40 39
551 41 40
551 42 39
551 43 0
551 44 0
551 45 0
551 46 0
551 47 41
551 48 40
551 49 35
551 50 40
551 51 35
551 52 38
551 53 39
551 54 0
551 55 0
551 56 0
551 57 0
551 58 40
551 59 33
551 60 38
551 61 29
551 62 40
551 63 44
551 64 32
551 65 0
551 66 0
551 67 0
551 68 0
551 69 37
551 70 37
551 71 29
551 72 40
551 73 29
551 74 37
551 75 40
551 76 0
551 77 0
551 78 0
551 79 0
551 80 0
551 81 39
551 82 29
551 83 38
551 84 39
551 85 40
551 86 40
551 87 40
551 88 0
551 89 0
551 90 0
551 91 39
551 92 38
551 93 30
551 94 0
551 95 39
551 96 38
551 97 36
551 98 28
551 99 0
551 100 0
551 101 0
551 102 39
551 103 37
551 104 40
551 105 0
551 106 40
551 107 38
551 108 39
551 109 34
551 110 43
551 111 0
551 112 0
551 113 46
551 114 40
551 115 40
551 116 0
551 117 38
551 118 41
551 119 40
551 120 46
551 121 33
576 1 37
576 2 39
576 3 32
576 4 40
576 5 33
576 6 36
576 7 41
576 8 39
576 9 0
576 10 0
576 11 0
576 12 31
576 13 42
576 14 39
576 15 33
576 16 41
576 17 43
576 18 37
576 19 32
576 20 0
576 21 0
576 22 0
576 23 32
576 24 39
576 25 32
576 26 0
576 27 39
576 28 40
576 29 39
576 30 37
576 31 0
576 32 0
576 33 0
576 34 31
576 35 28
576 36 38
576 37 0
576 38 38
576 39 36
576 40 40
576 41 44
576 42 40
576 43 0
576 44 0
576 45 0
576 46 0
576 47 41
576 48 45
576 49 32
576 50 38
576 51 39
576 52 41
576 53 40
576 54 0
576 55 0
576 56 0
576 57 0
576 58 37
576 59 38
576 60 32
576 61 30
576 62 40
576 63 42
576 64 40
576 65 0
576 66 0
576 67 0
576 68 0
576 69 41
576 70 40
576 71 35
576 72 41
576 73 27
576 74 43
576 75 33
576 76 0
576 77 0
576 78 0
576 79 0
576 80 0
576 81 39
576 82 27
576 83 32
576 84 39
576 85 41
576 86 33
576 87 39
576 88 0
576 89 0
576 90 0
576 91 39
576 92 39
576 93 38
576 94 0
576 95 38
576 96 40
576 97 34
576 98 37
576 99 0
576 100 0
576 101 0
576 102 36
576 103 37
576 104 36
576 105 0
576 106 40
576 107 39
576 108 42
576 109 30
576 110 43
576 111 0
576 112 0
576 113 41
576 114 40
576 115 41
576 116 0
576 117 30
576 118 40
576 119 38
576 120 45
576 121 41
601 1 39
601 2 40
601 3 43
601 4 35
601 5 41
601 6 40
601 7 37
601 8 31
601 9 0
601 10 0
601 11 0
601 12 34
601 13 44
601 14 38
601 15 41
601 16 36
601 17 39
601 18 40
601 19 37
601 20 0
601 21 0
601 22 0
601 23 40
601 24 41
601 25 32
601 26 0
601 27 47
601 28 39
601 29 42
601 30 36
601 31 0
601 32 0
601 33 0
601 34 33
601 35 41
601 36 41
601 37 0
601 38 31
601 39 30
601 40 37
601 41 38
601 42 32
601 43 0
601 44 0
601 45 0
601 46 0
601 47 42
601 48 40
601 49 31
601 50 38
601 51 40
601 52 42
601 53 41
601 54 0
601 55 0
601 56 0
601 57 0
601 58 42
601 59 40
601 60 37
601 61 31
601 62 40
601 63 41
601 64 35
601 65 0
601 66 0
601 67 0
601 68 0
601 69 40
601 70 41
601 71 33
601 72 40
601 73 28
601 74 49
601 75 38
601 76 0
601 77 0
601 78 0
601 79 0
601 80 0
601 81 40
601 82 31
601 83 35
601 84 39
601 85 40
601 86 40
601 87 39
601 88 0
601 89 0
601 90 0
601 91 40
601 92 40
601 93 32
601 94 0
601 95 40
601 96 39
601 97 39
601 98 39
601 99 0
601 100 0
601 101 0
601 102 43
601 103 42
601 104 31
601 105 0
601 106 39
601 107 38
601 108 39
601 109 40
601 110 38
601 111 0
601 112 0
601 113 41
601 114 39
601 115 39
601 116 0
601 117 37
601 118 41
601 119 37
601 120 42
601 121 40
626 1 37
626 2 40
626 3 34
626 4 40
626 5 32
626 6 42
626 7 41
626 8 42
626 9 0
626 10 0
626 11 0
626 12 36
626 13 41
626 14 39
626 15 42
626 16 37
626 17 37
626 18 40
626 19 33
626 20 0
626 21 0
626 22 0
626 23 37
626 24 37
626 25 31
626 26 0
626 27 40
626 28 41
626 29 41
626 30 43
626 31 0
626 32 0
626 33 0
626 34 40
626 35 40
626 36 40
626 37 0
626 38 32
626 39 28
626 40 34
626 41 46
626 42 38
626 43 0
626 44 0
626 45 0
626 46 0
626 47 40
626 48 44
626 49 34
626 50 42
626 51 41
626 52 40
626 53 31
626 54 0
626 55 0
626 56 0
626 57 0
626 58 41
626 59 38
626 60 34
626 61 39
626 62 41
626 63 44
626 64 41
626 65 0
626 66 0
626 67 0
626 68 0
626 69 39
626 70 33
626 71 34
626 72 40
626 73 24
626 74 41
626 75 34
626 76 0
626 77 0
626 78 0
626 79 0
626 80 0
626 81 40
626 82 30
626 83 37
626 84 40
626 85 48
626 86 41
626 87 38
626 88 0
626 89 0
626 90 0
626 91 30
626 92 33
626 93 36
626 94 0
626 95 41
626 96 33
626 97 35
626 98 40
626 99 0
626 100 0
626 101 0
626 102 46
626 103 39
626 104 40
626 105 0
626 106 40
626 107 39
626 108 39
626 109 35
626 110 40
626 111 0
626 112 0
626 113 41
626 114 38
626 115 33
626 116 0
626 117 32
626 118 41
626 119 35
626 120 44
626 121 41
651 1 39
651 2 50
651 3 37
651 4 34
651 5 32
651 6 38
651 7 38
651 8 39
651 9 0
651 10 0
651 11 0
651 12 36
651 13 40
651 14 38
651 15 33
651 16 37
651 17 31
651 18 40
651 19 36
651 20 0
651 21 0
651 22 0
651 23 42
651 24 37
651 25 30
651 26 0
651 27 38
651 28 40
651 29 42
651 30 37
651 31 0
651 32 0
651 33 0
651 34 32
651 35 38
651 36 41
651 37 0
651 38 29
651 39 32
651 40 40
651 41 48
651 42 33
651 43 0
651 44 0
651 45 0
651 46 0
651 47 39
651 48 41
651 49 31
651 50 41
651 51 40
651 52 42
651 53 29
651 54 0
651 55 0
651 56 0
651 57 0
651 58 40
651 59 39
651 60 39
651 61 31
651 62 42
651 63 51
651 64 31
651 65 0
651 66 0
651 67 0
651 68 0
651 69 40
651 70 40
651 71 34
651 72 31
651 73 30
651 74 50
651 75 35
651 76 0
651 77 0
651 78 0
651 79 0
651 80 0
651 81 41
651 82 29
651 83 36
651 84 39
651 85 40
651 86 40
651 87 38
651 88 0
651 89 0
651 90 0
651 91 44
651 92 40
651 93 35
651 94 0
651 95 39
651 96 43
651 97 33
651 98 39
651 99 0
651 100 0
651 101 0
651 102 51
651 103 31
651 104 38
651 105 0
651 106 40
651 107 35
651 108 44
651 109 40
651 110 39
651 111 0
651 112 0
651 113 40
651 114 39
651 115 41
651 116 0
651 117 39
651 118 35
651 119 37
651 120 46
651 121 32
676 1 36
676 2 42
676 3 40
676 4 34
676 5 31
676 6 40
676 7 39
676 8 39
676 9 0
676 10 0
676 11 0
676 12 31
676 13 31
676 14 39
676 15 35
676 16 41
676 17 46
676 18 41
676 19 36
676 20 0
676 21 0
676 22 0
676 23 43
676 24 39
676 25 37
676 26 0
676 27 48
676 28 46
676 29 38
676 30 39
676 31 0
676 32 0
676 33 0
676 34 30
676 35 40
676 36 39
676 37 0
676 38 33
676 39 32
676 40 40
676 41 48
676 42 40
676 43 0
676 44 0
676 45 0
676 46 0
676 47 34
676 48 42
676 49 32
676 50 40
676 51 38
676 52 38
676 53 38
676 54 0
676 55 0
676 56 0
676 57 0
676 58 39
676 59 38
676 60 31
676 61 30
676 62 38
676 63 48
676 64 33
676 65 0
676 66 0
676 67 0
676 68 0
676 69 44
676 70 40
676 71 40
676 72 30
676 73 31
676 74 53
676 75 37
676 76 0
676 77 0
676 78 0
676 79 0
676 80 0
676 81 39
676 82 23
676 83 35
676 84 34
676 85 35
676 86 40
676 87 37
676 88 0
676 89 0
676 90 0
676 91 39
676 92 33
676 93 42
676 94 0
676 95 35
676 96 42
676 97 34
676 98 36
676 99 0
676 100 0
676 101 0
676 102 40
676 103 38
676 104 41
676 105 0
676 106 45
676 107 38
676 108 41
676 109 33
676 110 40
676 111 0
676 112 0
676 113 42
676 114 40
676 115 39
676 116 0
676 117 40
676 118 42
676 119 38
676 120 46
676 121 40
701 1 42
701 2 42
701 3 40
701 4 37
701 5 40
701 6 40
701 7 36
701 8 40
701 9 0
701 10 0
701 11 0
701 12 28
701 13 40
701 14 38
701 15 36
701 16 39
701 17 36
701 18 41
701 19 30
701 20 0
701 21 0
701 22 0
701 23 36
701 24 44
701 25 34
701 26 0
701 27 39
701 28 38
701 29 39
701 30 30
701 31 0
701 32 0
701 33 0
701 34 40
701 35 39
701 36 43
701 37 0
701 38 31
701 39 34
701 40 36
701 41 42
701 42 33
701 43 0
701 44 0
701 45 0
701 46 0
701 47 41
701 48 40
701 49 29
701 50 48
701 51 29
701 52 39
701 53 41
701 54 0
701 55 0
701 56 0
701 57 0
701 58 36
701 59 41
701 60 39
701 61 35
701 62 40
701 63 42
701 64 39
701 65 0
701 66 0
701 67 0
701 68 0
701 69 38
701 70 38
701 71 31
701 72 40
701 73 30
701 74 43
701 75 36
701 76 0
701 77 0
701 78 0
701 79 0
701 80 0
701 81 43
701 82 29
701 83 31
701 84 42
701 85 39
701 86 38
701 87 40
701 88 0
701 89 0
701 90 0
701 91 32
701 92 30
701 93 40
701 94 0
701 95 36
701 96 40
701 97 35
701 98 34
701 99 0
701 100 0
701 101 0
701 102 40
701 103 40
701 104 40
701 105 0
701 106 41
701 107 39
701 108 37
701 109 30
701 110 38
701 111 0
701 112 0
701 113 46
701 114 40
701 115 35
701 116 0
701 117 40
701 118 39
701 119 40
701 120 44
701 121 36
726 1 38
726 2 47
726 3 40
726 4 41
726 5 39
726 6 41
726 7 38
726 8 32
726 9 0
726 10 0
726 11 0
726 12 29
726 13 39
726 14 40
726 15 41
726 16 40
726 17 39
726 18 47
726 19 30
726 20 0
726 21 0
726 22 0
726 23 40
726 24 41
726 25 37
726 26 0
726 27 41
726 28 37
726 29 39
726 30 40
726 31 0
726 32 0
726 33 0
726 34 39
726 35 38
726 36 39
726 37 0
726 38 38
726 39 39
726 40 41
726 41 45
726 42 38
726 43 0
726 44 0
726 45 0
726 46 0
726 47 40
726 48 48
726 49 41
726 50 39
726 51 41
726 52 36
726 53 37
726 54 0
726 55 0
726 56 0
726 57 0
726 58 45
726 59 37
726 60 34
726 61 30
726 62 40
726 63 39
726 64 32
726 65 0
726 66 0
726 67 0
726 68 0
726 69 38
726 70 35
726 71 33
726 72 35
726 73 30
726 74 44
726 75 41
726 76 0
726 77 0
726 78 0
726 79 0
726 80 0
726 81 43
726 82 28
726 83 42
726 84 41
726 85 36
726 86 38
726 87 40
726 88 0
726 89 0
726 90 0
726 91 40
726 92 32
726 93 40
726 94 0
726 95 39
726 96 46
726 97 31
726 98 37
726 99 0
726 100 0
726 101 0
726 102 44
726 103 40
726 104 37
726 105 0
726 106 42
726 107 30
726 108 45
726 109 35
726 110 40
726 111 0
726 112 0
726 113 40
726 114 39
726 115 37
726 116 0
726 117 37
726 118 30
726 119 35
726 120 45
726 121 40
751 1 38
751 2 39
751 3 37
751 4 41
751 5 32
751 6 39
751 7 43
751 8 38
751 9 0
751 10 0
751 11 0
751 12 30
751 13 38
751 14 35
751 15 36
751 16 38
751 17 42
751 18 41
751 19 28
751 20 0
751 21 0
751 22 0
751 23 39
751 24 38
751 25 38
751 26 0
751 27 39
751 28 40
751 29 41
751 30 39
751 31 0
751 32 0
751 33 0
751 34 27
751 35 40
751 36 35
751 37 0
751 38 35
751 39 30
751 40 39
751 41 40
751 42 37
751 43 0
751 44 0
751 45 0
751 46 0
751 47 39
751 48 44
751 49 32
751 50 40
751 51 39
751 52 36
751 53 39
751 54 0
751 55 0
751 56 0
751 57 0
751 58 39
751 59 40
751 60 41
751 61 37
751 62 40
751 63 39
751 64 34
751 65 0
751 66 0
751 67 0
751 68 0
751 69 41
751 70 37
751 71 34
751 72 42
751 73 25
751 74 43
751 75 39
751 76 0
751 77 0
751 78 0
751 79 0
751 80 0
751 81 40
751 82 30
751 83 36
751 84 42
751 85 38
751 86 39
751 87 39
751 88 0
751 89 0
751 90 0
751 91 39
751 92 42
751 93 41
751 94 0
751 95 39
751 96 43
751 97 34
751 98 39
751 99 0
751 100 0
751 101 0
751 102 44
751 103 35
751 104 34
751 105 0
751 106 40
751 107 40
751 108 40
751 109 33
751 110 39
751 111 0
751 112 0
751 113 44
751 114 35
751 115 40
751 116 0
751 117 39
751 118 35
751 119 31
751 120 46
751 121 39
776 1 42
776 2 43
776 3 43
776 4 41
776 5 36
776 6 41
776 7 38
776 8 33
776 9 0
776 10 0
776 11 0
776 12 40
776 13 38
776 14 40
776 15 42
776 16 41
776 17 35
776 18 40
776 19 35
776 20 0
776 21 0
776 22 0
776 23 40
776 24 43
776 25 40
776 26 0
776 27 42
776 28 38
776 29 39
776 30 40
776 31 0
776 32 0
776 33 0
776 34 35
776 35 35
776 36 40
776 37 0
776 38 30
776 39 28
776 40 39
776 41 47
776 42 35
776 43 0
776 44 0
776 45 0
776 46 0
776 47 38
776 48 45
776 49 38
776 50 40
776 51 40
776 52 39
776 53 35
776 54 0
776 55 0
776 56 0
776 57 0
776 58 42
776 59 44
776 60 39
776 61 35
776 62 37
776 63 38
776 64 33
776 65 0
776 66 0
776 67 0
776 68 0
776 69 47
776 70 40
776 71 41
776 72 40
776 73 29
776 74 41
776 75 41
776 76 0
776 77 0
776 78 0
776 79 0
776 80 0
776 81 39
776 82 30
776 83 40
776 84 40
776 85 40
776 86 42
776 87 35
776 88 0
776 89 0
776 90 0
776 91 43
776 92 40
776 93 38
776 94 0
776 95 42
776 96 39
776 97 39
776 98 35
776 99 0
776 100 0
776 101 0
776 102 45
776 103 42
776 104 34
776 105 0
776 106 38
776 107 39
776 108 41
776 109 35
776 110 43
776 111 0
776 112 0
776 113 48
776 114 40
776 115 39
776 116 0
776 117 35
776 118 36
776 119 33
776 120 43
776 121 35
801 1 40
801 2 46
801 3 42
801 4 38
801 5 25
801 6 41
801 7 40
801 8 42
801 9 0
801 10 0
801 11 0
801 12 32
801 13 36
801 14 41
801 15 39
801 16 40
801 17 44
801 18 42
801 19 29
801 20 0
801 21 0
801 22 0
801 23 34
801 24 39
801 25 31
801 26 0
801 27 40
801 28 42
801 29 40
801 30 40
801 31 0
801 32 0
801 33 0
801 34 32
801 35 34
801 36 40
801 37 0
801 38 38
801 39 29
801 40 44
801 41 49
801 42 39
801 43 0
801 44 0
801 45 0
801 46 0
801 47 40
801 48 38
801 49 36
801 50 39
801 51 39
801 52 38
801 53 40
801 54 0
801 55 0
801 56 0
801 57 0
801 58 39
801 59 40
801 60 29
801 61 30
801 62 37
801 63 40
801 64 38
801 65 0
801 66 0
801 67 0
801 68 0
801 69 40
801 70 35
801 71 31
801 72 35
801 73 30
801 74 42
801 75 42
801 76 0
801 77 0
801 78 0
801 79 0
801 80 0
801 81 40
801 82 22
801 83 38
801 84 40
801 85 38
801 86 39
801 87 42
801 88 0
801 89 0
801 90 0
801 91 42
801 92 38
801 93 38
801 94 0
801 95 36
801 96 38
801 97 38
801 98 33
801 99 0
801 100 0
801 101 0
801 102 43
801 103 43
801 104 40
801 105 0
801 106 40
801 107 39
801 108 42
801 109 31
801 110 40
801 111 0
801 112 0
801 113 47
801 114 47
801 115 41
801 116 0
801 117 41
801 118 38
801 119 30
801 120 40
801 121 37
826 1 45
826 2 45
826 3 40
826 4 31
826 5 37
826 6 43
826 7 35
826 8 34
826 9 0
826 10 0
826 11 0
826 12 29
826 13 43
826 14 43
826 15 37
826 16 39
826 17 41
826 18 40
826 19 32
826 20 0
826 21 0
826 22 0
826 23 39
826 24 41
826 25 33
826 26 0
826 27 40
826 28 42
826 29 38
826 30 42
826 31 0
826 32 0
826 33 0
826 34 28
826 35 40
826 36 47
826 37 0
826 38 32
826 39 32
826 40 40
826 41 47
826 42 38
826 43 0
826 44 0
826 45 0
826 46 0
826 47 41
826 48 42
826 49 31
826 50 40
826 51 37
826 52 38
826 53 41
826 54 0
826 55 0
826 56 0
826 57 0
826 58 37
826 59 38
826 60 33
826 61 37
826 62 41
826 63 39
826 64 34
826 65 0
826 66 0
826 67 0
826 68 0
826 69 40
826 70 39
826 71 41
826 72 39
826 73 30
826 74 50
826 75 41
826 76 0
826 77 0
826 78 0
826 79 0
826 80 0
826 81 42
826 82 29
826 83 38
826 84 38
826 85 38
826 86 36
826 87 40
826 88 0
826 89 0
826 90 0
826 91 41
826 92 39
826 93 32
826 94 0
826 95 41
826 96 39
826 97 36
826 98 35
826 99 0
826 100 0
826 101 0
826 102 50
826 103 40
826 104 31
826 105 0
826 106 41
826 107 39
826 108 38
826 109 41
826 110 39
826 111 0
826 112 0
826 113 41
826 114 39
826 115 41
826 116 0
826 117 36
826 118 33
826 119 41
826 120 42
826 121 30
851 1 37
851 2 49
851 3 41
851 4 36
851 5 33
851 6 37
851 7 40
851 8 33
851 9 0
851 10 0
851 11 0
851 12 29
851 13 50
851 14 31
851 15 39
851 16 41
851 17 39
851 18 37
851 19 35
851 20 0
851 21 0
851 22 0
851 23 37
851 24 35
851 25 38
851 26 0
851 27 43
851 28 38
851 29 44
851 30 37
851 31 0
851 32 0
851 33 0
851 34 32
851 35 37
851 36 41
851 37 0
851 38 38
851 39 34
851 40 40
851 41 44
851 42 42
851 43 0
851 44 0
851 45 0
851 46 0
851 47 37
851 48 45
851 49 34
851 50 39
851 51 39
851 52 38
851 53 33
851 54 0
851 55 0
851 56 0
851 57 0
851 58 37
851 59 42
851 60 34
851 61 30
851 62 39
851 63 41
851 64 37
851 65 0
851 66 0
851 67 0
851 68 0
851 69 36
851 70 40
851 71 40
851 72 37
851 73 32
851 74 51
851 75 39
851 76 0
851 77 0
851 78 0
851 79 0
851 80 0
851 81 35
851 82 25
851 83 36
851 84 41
851 85 39
851 86 40
851 87 39
851 88 0
851 89 0
851 90 0
851 91 39
851 92 42
851 93 35
851 94 0
851 95 41
851 96 44
851 97 31
851 98 40
851 99 0
851 100 0
851 101 0
851 102 48
851 103 37
851 104 30
851 105 0
851 106 41
851 107 41
851 108 40
851 109 40
851 110 39
851 111 0
851 112 0
851 113 42
851 114 35
851 115 45
851 116 0
851 117 39
851 118 40
851 119 33
851 120 40
851 121 42
876 1 39
876 2 41
876 3 39
876 4 36
876 5 31
876 6 38
876 7 34
876 8 37
876 9 0
876 10 0
876 11 0
876 12 32
876 13 40
876 14 42
876 15 40
876 16 39
876 17 44
876 18 39
876 19 34
876 20 0
876 21 0
876 22 0
876 23 41
876 24 40
876 25 35
876 26 0
876 27 41
876 28 43
876 29 40
876 30 38
876 31 0
876 32 0
876 33 0
876 34 33
876 35 40
876 36 40
876 37 0
876 38 36
876 39 34
876 40 39
876 41 45
876 42 37
876 43 0
876 44 0
876 45 0
876 46 0
876 47 36
876 48 46
876 49 38
876 50 39
876 51 29
876 52 41
876 53 40
876 54 0
876 55 0
876 56 0
876 57 0
876 58 41
876 59 35
876 60 41
876 61 32
876 62 35
876 63 45
876 64 41
876 65 0
876 66 0
876 67 0
876 68 0
876 69 40
876 70 39
876 71 38
876 72 38
876 73 27
876 74 41
876 75 40
876 76 0
876 77 0
876 78 0
876 79 0
876 80 0
876 81 39
876 82 32
876 83 31
876 84 39
876 85 37
876 86 39
876 87 41
876 88 0
876 89 0
876 90 0
876 91 41
876 92 40
876 93 34
876 94 0
876 95 37
876 96 39
876 97 38
876 98 35
876 99 0
876 100 0
876 101 0
876 102 44
876 103 39
876 104 37
876 105 0
876 106 43
876 107 44
876 108 40
876 109 35
876 110 41
876 111 0
876 112 0
876 113 45
876 114 38
876 115 39
876 116 0
876 117 38
876 118 32
876 119 38
876 120 37
876 121 41
901 1 37
901 2 46
901 3 42
901 4 43
901 5 33
901 6 43
901 7 38
901 8 40
901 9 0
901 10 0
901 11 0
901 12 31
901 13 40
901 14 40
901 15 38
901 16 39
901 17 41
901 18 36
901 19 37
901 20 0
901 21 0
901 22 0
901 23 36
901 24 38
901 25 35
901 26 0
901 27 33
901 28 38
901 29 42
901 30 39
901 31 0
901 32 0
901 33 0
901 34 38
901 35 40
901 36 37
901 37 0
901 38 30
901 39 28
901 40 40
901 41 41
901 42 40
901 43 0
901 44 0
901 45 0
901 46 0
901 47 42
901 48 41
901 49 38
901 50 41
901 51 39
901 52 40
901 53 41
901 54 0
901 55 0
901 56 0
901 57 0
901 58 41
901 59 36
901 60 37
901 61 30
901 62 42
901 63 34
901 64 40
901 65 0
901 66 0
901 67 0
901 68 0
901 69 38
901 70 38
901 71 38
901 72 38
901 73 28
901 74 41
901 75 44
901 76 0
901 77 0
901 78 0
901 79 0
901 80 0
901 81 34
901 82 27
901 83 37
901 84 35
901 85 37
901 86 47
901 87 39
901 88 0
901 89 0
901 90 0
901 91 35
901 92 37
901 93 38
901 94 0
901 95 37
901 96 42
901 97 40
901 98 40
901 99 0
901 100 0
901 101 0
901 102 46
901 103 40
901 104 34
901 105 0
901 106 31
901 107 40
901 108 41
901 109 40
901 110 36
901 111 0
901 112 0
901 113 41
901 114 43
901 115 31
901 116 0
901 117 37
901 118 30
901 119 33
901 120 40
901 121 38
926 1 41
926 2 40
926 3 45
926 4 39
926 5 36
926 6 38
926 7 34
926 8 38
926 9 0
926 10 0
926 11 0
926 12 35
926 13 41
926 14 36
926 15 36
926 16 37
926 17 43
926 18 42
926 19 41
926 20 0
926 21 0
926 22 0
926 23 37
926 24 42
926 25 38
926 26 0
926 27 39
926 28 38
926 29 38
926 30 37
926 31 0
926 32 0
926 33 0
926 34 37
926 35 36
926 36 35
926 37 0
926 38 30
926 39 40
926 40 40
926 41 40
926 42 42
926 43 0
926 44 0
926 45 0
926 46 0
926 47 40
926 48 50
926 49 28
926 50 37
926 51 39
926 52 39
926 53 39
926 54 0
926 55 0
926 56 0
926 57 0
926 58 43
926 59 40
926 60 38
926 61 30
926 62 34
926 63 35
926 64 36
926 65 0
926 66 0
926 67 0
926 68 0
926 69 40
926 70 38
926 71 35
926 72 39
926 73 29
926 74 45
926 75 41
926 76 0
926 77 0
926 78 0
926 79 0
926 80 0
926 81 43
926 82 32
926 83 42
926 84 40
926 85 40
926 86 40
926 87 43
926 88 0
926 89 0
926 90 0
926 91 40
926 92 35
926 93 32
926 94 0
926 95 40
926 96 42
926 97 37
926 98 37
926 99 0
926 100 0
926 101 0
926 102 52
926 103 39
926 104 39
926 105 0
926 106 38
926 107 30
926 108 41
926 109 38
926 110 36
926 111 0
926 112 0
926 113 39
926 114 39
926 115 37
926 116 0
926 117 31
926 118 42
926 119 36
926 120 43
926 121 41
951 1 40
951 2 40
951 3 40
951 4 41
951 5 32
951 6 40
951 7 38
951 8 39
951 9 0
951 10 0
951 11 0
951 12 35
951 13 39
951 14 37
951 15 39
951 16 37
951 17 40
951 18 37
951 19 37
951 20 0
951 21 0
951 22 0
951 23 39
951 24 34
951 25 38
951 26 0
951 27 42
951 28 39
951 29 42
951 30 40
951 31 0
951 32 0
951 33 0
951 34 37
951 35 37
951 36 40
951 37 0
951 38 32
951 39 31
951 40 30
951 41 44
951 42 38
951 43 0
951 44 0
951 45 0
951 46 0
951 47 37
951 48 45
951 49 32
951 50 39
951 51 40
951 52 39
951 53 44
951 54 0
951 55 0
951 56 0
951 57 0
951 58 38
951 59 40
951 60 34
951 61 30
951 62 40
951 63 40
951 64 39
951 65 0
951 66 0
951 67 0
951 68 0
951 69 40
951 70 41
951 71 37
951 72 40
951 73 21
951 74 39
951 75 35
951 76 0
951 77 0
951 78 0
951 79 0
951 80 0
951 81 39
951 82 30
951 83 40
951 84 37
951 85 40
951 86 40
951 87 45
951 88 0
951 89 0
951 90 0
951 91 39
951 92 42
951 93 36
951 94 0
951 95 44
951 96 40
951 97 39
951 98 37
951 99 0
951 100 0
951 101 0
951 102 45
951 103 40
951 104 31
951 105 0
951 106 40
951 107 40
951 108 39
951 109 35
951 110 39
951 111 0
951 112 0
951 113 42
951 114 40
951 115 41
951 116 0
951 117 36
951 118 41
951 119 40
951 120 40
951 121 40
976 1 39
976 2 47
976 3 34
976 4 39
976 5 36
976 6 42
976 7 39
976 8 40
976 9 0
976 10 0
976 11 0
976 12 32
976 13 41
976 14 31
976 15 40
976 16 37
976 17 42
976 18 34
976 19 34
976 20 0
976 21 0
976 22 0
976 23 36
976 24 32
976 25 38
976 26 0
976 27 40
976 28 40
976 29 37
976 30 42
976 31 0
976 32 0
976 33 0
976 34 38
976 35 39
976 36 39
976 37 0
976 38 29
976 39 30
976 40 41
976 41 44
976 42 33
976 43 0
976 44 0
976 45 0
976 46 0
976 47 37
976 48 42
976 49 30
976 50 38
976 51 41
976 52 39
976 53 32
976 54 0
976 55 0
976 56 0
976 57 0
976 58 38
976 59 42
976 60 32
976 61 35
976 62 38
976 63 36
976 64 41
976 65 0
976 66 0
976 67 0
976 68 0
976 69 38
976 70 40
976 71 36
976 72 38
976 73 27
976 74 45
976 75 38
976 76 0
976 77 0
976 78 0
976 79 0
976 80 0
976 81 40
976 82 26
976 83 39
976 84 42
976 85 39
976 86 40
976 87 42
976 88 0
976 89 0
976 90 0
976 91 41
976 92 33
976 93 34
976 94 0
976 95 40
976 96 40
976 97 32
976 98 31
976 99 0
976 100 0
976 101 0
976 102 49
976 103 45
976 104 37
976 105 0
976 106 37
976 107 40
976 108 37
976 109 35
976 110 34
976 111 0
976 112 0
976 113 44
976 114 43
976 115 38
976 116 0
976 117 35
976 118 36
976 119 40
976 120 49
976 121 30
1001 1 40
1001 2 39
1001 3 40
1001 4 38
1001 5 39
1001 6 41
1001 7 38
1001 8 33
1001 9 0
1001 10 0
1001 11 0
1001 12 31
1001 13 42
1001 14 30
1001 15 40
1001 16 34
1001 17 39
1001 18 41
1001 19 39
1001 20 0
1001 21 0
1001 22 0
1001 23 46
1001 24 41
1001 25 39
1001 26 0
1001 27 39
1001 28 41
1001 29 41
1001 30 40
1001 31 0
1001 32 0
1001 33 0
1001 34 39
1001 35 34
1001 36 39
1001 37 0
1001 38 38
1001 39 31
1001 40 41
1001 41 47
1001 42 38
1001 43 0
1001 44 0
1001 45 0
1001 46 0
1001 47 37
1001 48 50
1001 49 39
1001 50 42
1001 51 40
1001 52 40
1001 53 38
1001 54 0
1001 55 0
1001 56 0
1001 57 0
1001 58 41
1001 59 40
1001 60 40
1001 61 40
1001 62 36
1001 63 42
1001 64 31
1001 65 0
1001 66 0
1001 67 0
1001 68 0
1001 69 41
1001 70 37
1001 71 34
1001 72 39
1001 73 26
1001 74 42
1001 75 35
1001 76 0
1001 77 0
1001 78 0
1001 79 0
1001 80 0
1001 81 36
1001 82 28
1001 83 40
1001 84 38
1001 85 36
1001 86 36
1001 87 37
1001 88 0
1001 89 0
1001 90 0
1001 91 43
1001 92 39
1001 93 40
1001 94 0
1001 95 38
1001 96 41
1001 97 36
1001 98 39
1001 99 0
1001 100 0
1001 101 0
1001 102 44
1001 103 43
1001 104 35
1001 105 0
1001 106 41
1001 107 42
1001 108 39
1001 109 35
1001 110 36
1001 111 0
1001 112 0
1001 113 41
1001 114 40
1001 115 42
1001 116 0
1001 117 32
1001 118 41
1001 119 39
1001 120 52
1001 121 37
1026 1 37
1026 2 39
1026 3 40
1026 4 37
1026 5 38
1026 6 38
1026 7 41
1026 8 35
1026 9 0
1026 10 0
1026 11 0
1026 12 32
1026 13 36
1026 14 26
1026 15 44
1026 16 40
1026 17 39
1026 18 43
1026 19 35
1026 20 0
1026 21 0
1026 22 0
1026 23 33
1026 24 31
1026 25 40
1026 26 0
1026 27 39
1026 28 40
1026 29 37
1026 30 42
1026 31 0
1026 32 0
1026 33 0
1026 34 33
1026 35 36
1026 36 41
1026 37 0
1026 38 29
1026 39 30
1026 40 39
1026 41 48
1026 42 32
1026 43 0
1026 44 0
1026 45 0
1026 46 0
1026 47 35
1026 48 43
1026 49 30
1026 50 42
1026 51 34
1026 52 38
1026 53 39
1026 54 0
1026 55 0
1026 56 0
1026 57 0
1026 58 38
1026 59 39
1026 60 40
1026 61 32
1026 62 37
1026 63 39
1026 64 36
1026 65 0
1026 66 0
1026 67 0
1026 68 0
1026 69 31
1026 70 42
1026 71 39
1026 72 35
1026 73 27
1026 74 44
1026 75 36
1026 76 0
1026 77 0
1026 78 0
1026 79 0
1026 80 0
1026 81 37
1026 82 26
1026 83 41
1026 84 40
1026 85 39
1026 86 38
1026 87 37
1026 88 0
1026 89 0
1026 90 0
1026 91 40
1026 92 31
1026 93 37
1026 94 0
1026 95 43
1026 96 40
1026 97 34
1026 98 31
1026 99 0
1026 100 0
1026 101 0
1026 102 43
1026 103 38
1026 104 35
1026 105 0
1026 106 49
1026 107 40
1026 108 39
1026 109 42
1026 110 41
1026 111 0
1026 112 0
1026 113 41
1026 114 41
1026 115 38
1026 116 0
1026 117 39
1026 118 40
1026 119 30
1026 120 41
1026 121 33
1051 1 39
1051 2 49
1051 3 40
1051 4 38
1051 5 32
1051 6 38
1051 7 38
1051 8 35
1051 9 0
1051 10 0
1051 11 0
1051 12 37
1051 13 39
1051 14 37
1051 15 39
1051 16 40
1051 17 38
1051 18 37
1051 19 31
1051 20 0
1051 21 0
1051 22 0
1051 23 43
1051 24 38
1051 25 33
1051 26 0
1051 27 34
1051 28 38
1051 29 40
1051 30 38
1051 31 0
1051 32 0
1051 33 0
1051 34 39
1051 35 31
1051 36 39
1051 37 0
1051 38 40
1051 39 33
1051 40 39
1051 41 43
1051 42 38
1051 43 0
1051 44 0
1051 45 0
1051 46 0
1051 47 34
1051 48 40
1051 49 33
1051 50 38
1051 51 40
1051 52 40
1051 53 34
1051 54 0
1051 55 0
1051 56 0
1051 57 0
1051 58 44
1051 59 33
1051 60 36
1051 61 31
1051 62 38
1051 63 37
1051 64 38
1051 65 0
1051 66 0
1051 67 0
1051 68 0
1051 69 35
1051 70 38
1051 71 36
1051 72 38
1051 73 25
1051 74 46
1051 75 36
1051 76 0
1051 77 0
1051 78 0
1051 79 0
1051 80 0
1051 81 39
1051 82 25
1051 83 39
1051 84 41
1051 85 37
1051 86 39
1051 87 39
1051 88 0
1051 89 0
1051 90 0
1051 91 36
1051 92 40
1051 93 32
1051 94 0
1051 95 41
1051 96 37
1051 97 37
1051 98 38
1051 99 0
1051 100 0
1051 101 0
1051 102 51
1051 103 37
1051 104 39
1051 105 0
1051 106 41
1051 107 41
1051 108 40
1051 109 36
1051 110 36
1051 111 0
1051 112 0
1051 113 41
1051 114 42
1051 115 39
1051 116 0
1051 117 43
1051 118 39
1051 119 41
1051 120 45
1051 121 37
1076 1 39
1076 2 42
1076 3 42
1076 4 40
1076 5 34
1076 6 39
1076 7 41
1076 8 34
1076 9 0
1076 10 0
1076 11 0
1076 12 38
1076 13 43
1076 14 30
1076 15 30
1076 16 42
1076 17 39
1076 18 31
1076 19 38
1076 20 0
1076 21 0
1076 22 0
1076 23 40
1076 24 39
1076 25 31
1076 26 0
1076 27 39
1076 28 36
1076 29 40
1076 30 39
1076 31 0
1076 32 0
1076 33 0
1076 34 40
1076 35 36
1076 36 40
1076 37 0
1076 38 30
1076 39 32
1076 40 36
1076 41 41
1076 42 38
1076 43 0
1076 44 0
1076 45 0
1076 46 0
1076 47 38
1076 48 43
1076 49 35
1076 50 39
1076 51 40
1076 52 35
1076 53 41
1076 54 0
1076 55 0
1076 56 0
1076 57 0
1076 58 34
1076 59 36
1076 60 29
1076 61 33
1076 62 38
1076 63 47
1076 64 40
1076 65 0
1076 66 0
1076 67 0
1076 68 0
1076 69 39
1076 70 40
1076 71 39
1076 72 34
1076 73 23
1076 74 38
1076 75 40
1076 76 0
1076 77 0
1076 78 0
1076 79 0
1076 80 0
1076 81 38
1076 82 29
1076 83 34
1076 84 39
1076 85 37
1076 86 42
1076 87 43
1076 88 0
1076 89 0
1076 90 0
1076 91 40
1076 92 40
1076 93 30
1076 94 0
1076 95 40
1076 96 43
1076 97 40
1076 98 29
1076 99 0
1076 100 0
1076 101 0
1076 102 46
1076 103 38
1076 104 33
1076 105 0
1076 106 40
1076 107 40
1076 108 41
1076 109 42
1076 110 40
1076 111 0
1076 112 0
1076 113 45
1076 114 39
1076 115 40
1076 116 0
1076 117 38
1076 118 49
1076 119 41
1076 120 47
1076 121 38
1101 1 39
1101 2 40
1101 3 42
1101 4 39
1101 5 33
1101 6 30
1101 7 41
1101 8 40
1101 9 0
1101 10 0
1101 11 0
1101 12 37
1101 13 37
1101 14 24
1101 15 41
1101 16 45
1101 17 39
1101 18 42
1101 19 33
1101 20 0
1101 21 0
1101 22 0
1101 23 41
1101 24 39
1101 25 33
1101 26 0
1101 27 38
1101 28 42
1101 29 40
1101 30 34
1101 31 0
1101 32 0
1101 33 0
1101 34 43
1101 35 33
1101 36 39
1101 37 0
1101 38 35
1101 39 36
1101 40 38
1101 41 49
1101 42 27
1101 43 0
1101 44 0
1101 45 0
1101 46 0
1101 47 28
1101 48 42
1101 49 39
1101 50 36
1101 51 38
1101 52 44
1101 53 36
1101 54 0
1101 55 0
1101 56 0
1101 57 0
1101 58 42
1101 59 34
1101 60 38
1101 61 31
1101 62 39
1101 63 33
1101 64 34
1101 65 0
1101 66 0
1101 67 0
1101 68 0
1101 69 42
1101 70 41
1101 71 28
1101 72 42
1101 73 24
1101 74 36
1101 75 38
1101 76 0
1101 77 0
1101 78 0
1101 79 0
1101 80 0
1101 81 36
1101 82 28
1101 83 40
1101 84 39
1101 85 39
1101 86 38
1101 87 34
1101 88 0
1101 89 0
1101 90 0
1101 91 42
1101 92 40
1101 93 40
1101 94 0
1101 95 38
1101 96 40
1101 97 36
1101 98 38
1101 99 0
1101 100 0
1101 101 0
1101 102 41
1101 103 35
1101 104 37
1101 105 0
1101 106 40
1101 107 39
1101 108 40
1101 109 32
1101 110 31
1101 111 0
1101 112 0
1101 113 43
1101 114 42
1101 115 39
1101 116 0
1101 117 45
1101 118 36
1101 119 34
1101 120 42
1101 121 39
1126 1 40
1126 2 41
1126 3 40
1126 4 36
1126 5 38
1126 6 40
1126 7 33
1126 8 40
1126 9 0
1126 10 0
1126 11 0
1126 12 36
1126 13 49
1126 14 32
1126 15 37
1126 16 39
1126 17 40
1126 18 39
1126 19 31
1126 20 0
1126 21 0
1126 22 0
1126 23 39
1126 24 41
1126 25 31
1126 26 0
1126 27 41
1126 28 43
1126 29 40
1126 30 40
1126 31 0
1126 32 0
1126 33 0
1126 34 42
1126 35 31
1126 36 39
1126 37 0
1126 38 37
1126 39 30
1126 40 41
1126 41 49
1126 42 33
1126 43 0
1126 44 0
1126 45 0
1126 46 0
1126 47 40
1126 48 43
1126 49 31
1126 50 40
1126 51 39
1126 52 37
1126 53 40
1126 54 0
1126 55 0
1126 56 0
1126 57 0
1126 58 39
1126 59 39
1126 60 33
1126 61 32
1126 62 34
1126 63 36
1126 64 37
1126 65 0
1126 66 0
1126 67 0
1126 68 0
1126 69 39
1126 70 39
1126 71 40
1126 72 36
1126 73 38
1126 74 50
1126 75 37
1126 76 0
1126 77 0
1126 78 0
1126 79 0
1126 80 0
1126 81 39
1126 82 31
1126 83 37
1126 84 36
1126 85 37
1126 86 39
1126 87 38
1126 88 0
1126 89 0
1126 90 0
1126 91 40
1126 92 39
1126 93 40
1126 94 0
1126 95 40
1126 96 42
1126 97 32
1126 98 39
1126 99 0
1126 100 0
1126 101 0
1126 102 39
1126 103 40
1126 104 37
1126 105 0
1126 106 37
1126 107 40
1126 108 41
1126 109 27
1126 110 41
1126 111 0
1126 112 0
1126 113 41
1126 114 35
1126 115 40
1126 116 0
1126 117 36
1126 118 39
1126 119 36
1126 120 43
1126 121 32
1151 1 38
1151 2 43
1151 3 38
1151 4 37
1151 5 29
1151 6 39
1151 7 43
1151 8 33
1151 9 0
1151 10 0
1151 11 0
1151 12 29
1151 13 32
1151 14 31
1151 15 40
1151 16 45
1151 17 40
1151 18 36
1151 19 34
1151 20 0
1151 21 0
1151 22 0
1151 23 40
1151 24 37
1151 25 27
1151 26 0
1151 27 37
1151 28 37
1151 29 36
1151 30 34
1151 31 0
1151 32 0
1151 33 0
1151 34 35
1151 35 40
1151 36 36
1151 37 0
1151 38 32
1151 39 31
1151 40 41
1151 41 43
1151 42 40
1151 43 0
1151 44 0
1151 45 0
1151 46 0
1151 47 43
1151 48 45
1151 49 37
1151 50 35
1151 51 39
1151 52 41
1151 53 39
1151 54 0
1151 55 0
1151 56 0
1151 57 0
1151 58 40
1151 59 43
1151 60 36
1151 61 30
1151 62 41
1151 63 40
1151 64 33
1151 65 0
1151 66 0
1151 67 0
1151 68 0
1151 69 37
1151 70 40
1151 71 39
1151 72 40
1151 73 29
1151 74 42
1151 75 35
1151 76 0
1151 77 0
1151 78 0
1151 79 0
1151 80 0
1151 81 40
1151 82 28
1151 83 39
1151 84 38
1151 85 42
1151 86 39
1151 87 44
1151 88 0
1151 89 0
1151 90 0
1151 91 40
1151 92 40
1151 93 34
1151 94 0
1151 95 38
1151 96 41
1151 97 31
1151 98 41
1151 99 0
1151 100 0
1151 101 0
1151 102 49
1151 103 39
1151 104 35
1151 105 0
1151 106 39
1151 107 39
1151 108 39
1151 109 40
1151 110 39
1151 111 0
1151 112 0
1151 113 42
1151 114 37
1151 115 40
1151 116 0
1151 117 35
1151 118 40
1151 119 39
1151 120 40
1151 121 40
1176 1 33
1176 2 43
1176 3 40
1176 4 36
1176 5 33
1176 6 43
1176 7 37
1176 8 37
1176 9 0
1176 10 0
1176 11 0
1176 12 38
1176 13 40
1176 14 30
1176 15 33
1176 16 41
1176 17 40
1176 18 38
1176 19 30
1176 20 0
1176 21 0
1176 22 0
1176 23 38
1176 24 37
1176 25 31
1176 26 0
1176 27 40
1176 28 40
1176 29 37
1176 30 35
1176 31 0
1176 32 0
1176 33 0
1176 34 33
1176 35 35
1176 36 37
1176 37 0
1176 38 37
1176 39 38
1176 40 37
1176 41 43
1176 42 30
1176 43 0
1176 44 0
1176 45 0
1176 46 0
1176 47 40
1176 48 46
1176 49 31
1176 50 40
1176 51 32
1176 52 38
1176 53 37
1176 54 0
1176 55 0
1176 56 0
1176 57 0
1176 58 40
1176 59 41
1176 60 36
1176 61 32
1176 62 38
1176 63 34
1176 64 37
1176 65 0
1176 66 0
1176 67 0
1176 68 0
1176 69 36
1176 70 43
1176 71 37
1176 72 31
1176 73 29
1176 74 42
1176 75 30
1176 76 0
1176 77 0
1176 78 0
1176 79 0
1176 80 0
1176 81 39
1176 82 29
1176 83 42
1176 84 41
1176 85 41
1176 86 40
1176 87 42
1176 88 0
1176 89 0
1176 90 0
1176 91 40
1176 92 42
1176 93 40
1176 94 0
1176 95 41
1176 96 39
1176 97 33
1176 98 37
1176 99 0
1176 100 0
1176 101 0
1176 102 42
1176 103 38
1176 104 35
1176 105 0
1176 106 42
1176 107 40
1176 108 37
1176 109 34
1176 110 39
1176 111 0
1176 112 0
1176 113 40
1176 114 40
1176 115 40
1176 116 0
1176 117 32
1176 118 40
1176 119 33
1176 120 39
1176 121 40
1201 1 36
1201 2 42
1201 3 41
1201 4 38
1201 5 30
1201 6 38
1201 7 37
1201 8 40
1201 9 0
1201 10 0
1201 11 0
1201 12 35
1201 13 40
1201 14 31
1201 15 43
1201 16 40
1201 17 40
1201 18 42
1201 19 39
1201 20 0
1201 21 0
1201 22 0
1201 23 41
1201 24 40
1201 25 36
1201 26 0
1201 27 41
1201 28 38
1201 29 41
1201 30 40
1201 31 0
1201 32 0
1201 33 0
1201 34 40
1201 35 36
1201 36 36
1201 37 0
1201 38 29
1201 39 32
1201 40 37
1201 41 43
1201 42 30
1201 43 0
1201 44 0
1201 45 0
1201 46 0
1201 47 39
1201 48 44
1201 49 34
1201 50 41
1201 51 32
1201 52 38
1201 53 40
1201 54 0
1201 55 0
1201 56 0
1201 57 0
1201 58 41
1201 59 35
1201 60 34
1201 61 31
1201 62 40
1201 63 40
1201 64 41
1201 65 0
1201 66 0
1201 67 0
1201 68 0
1201 69 43
1201 70 40
1201 71 32
1201 72 38
1201 73 26
1201 74 40
1201 75 32
1201 76 0
1201 77 0
1201 78 0
1201 79 0
1201 80 0
1201 81 32
1201 82 30
1201 83 40
1201 84 40
1201 85 37
1201 86 45
1201 87 41
1201 88 0
1201 89 0
1201 90 0
1201 91 43
1201 92 37
1201 93 38
1201 94 0
1201 95 41
1201 96 42
1201 97 36
1201 98 31
1201 99 0
1201 100 0
1201 101 0
1201 102 44
1201 103 35
1201 104 40
1201 105 0
1201 106 38
1201 107 43
1201 108 47
1201 109 39
1201 110 39
1201 111 0
1201 112 0
1201 113 48
1201 114 37
1201 115 40
1201 116 0
1201 117 41
1201 118 31
1201 119 37
1201 120 40
1201 121 40
1226 1 37
1226 2 44
1226 3 38
1226 4 39
1226 5 35
1226 6 37
1226 7 38
1226 8 40
1226 9 0
1226 10 0
1226 11 0
1226 12 30
1226 13 41
1226 14 27
1226 15 43
1226 16 39
1226 17 35
1226 18 41
1226 19 39
1226 20 0
1226 21 0
1226 22 0
1226 23 33
1226 24 37
1226 25 40
1226 26 0
1226 27 40
1226 28 33
1226 29 38
1226 30 40
1226 31 0
1226 32 0
1226 33 0
1226 34 38
1226 35 38
1226 36 40
1226 37 0
1226 38 35
1226 39 33
1226 40 38
1226 41 49
1226 42 30
1226 43 0
1226 44 0
1226 45 0
1226 46 0
1226 47 38
1226 48 56
1226 49 35
1226 50 38
1226 51 32
1226 52 41
1226 53 36
1226 54 0
1226 55 0
1226 56 0
1226 57 0
1226 58 40
1226 59 40
1226 60 34
1226 61 28
1226 62 37
1226 63 39
1226 64 35
1226 65 0
1226 66 0
1226 67 0
1226 68 0
1226 69 38
1226 70 41
1226 71 32
1226 72 43
1226 73 23
1226 74 45
1226 75 38
1226 76 0
1226 77 0
1226 78 0
1226 79 0
1226 80 0
1226 81 39
1226 82 31
1226 83 39
1226 84 38
1226 85 40
1226 86 35
1226 87 34
1226 88 0
1226 89 0
1226 90 0
1226 91 39
1226 92 42
1226 93 41
1226 94 0
1226 95 37
1226 96 41
1226 97 39
1226 98 36
1226 99 0
1226 100 0
1226 101 0
1226 102 45
1226 103 31
1226 104 34
1226 105 0
1226 106 40
1226 107 40
1226 108 36
1226 109 34
1226 110 42
1226 111 0
1226 112 0
1226 113 38
1226 114 36
1226 115 40
1226 116 0
1226 117 39
1226 118 41
1226 119 29
1226 120 49
1226 121 34
1251 1 43
1251 2 42
1251 3 40
1251 4 45
1251 5 30
1251 6 37
1251 7 39
1251 8 39
1251 9 0
1251 10 0
1251 11 0
1251 12 30
1251 13 40
1251 14 36
1251 15 36
1251 16 39
1251 17 40
1251 18 40
1251 19 36
1251 20 0
1251 21 0
1251 22 0
1251 23 41
1251 24 37
1251 25 33
1251 26 0
1251 27 29
1251 28 42
1251 29 40
1251 30 38
1251 31 0
1251 32 0
1251 33 0
1251 34 36
1251 35 29
1251 36 41
1251 37 0
1251 38 29
1251 39 31
1251 40 36
1251 41 46
1251 42 38
1251 43 0
1251 44 0
1251 45 0
1251 46 0
1251 47 45
1251 48 41
1251 49 37
1251 50 46
1251 51 40
1251 52 41
1251 53 39
1251 54 0
1251 55 0
1251 56 0
1251 57 0
1251 58 41
1251 59 40
1251 60 31
1251 61 35
1251 62 39
1251 63 39
1251 64 36
1251 65 0
1251 66 0
1251 67 0
1251 68 0
1251 69 38
1251 70 38
1251 71 38
1251 72 40
1251 73 27
1251 74 41
1251 75 37
1251 76 0
1251 77 0
1251 78 0
1251 79 0
1251 80 0
1251 81 39
1251 82 31
1251 83 36
1251 84 37
1251 85 38
1251 86 38
1251 87 37
1251 88 0
1251 89 0
1251 90 0
1251 91 40
1251 92 39
1251 93 40
1251 94 0
1251 95 34
1251 96 39
1251 97 40
1251 98 30
1251 99 0
1251 100 0
1251 101 0
1251 102 48
1251 103 40
1251 104 33
1251 105 0
1251 106 40
1251 107 41
1251 108 39
1251 109 41
1251 110 42
1251 111 0
1251 112 0
1251 113 39
1251 114 45
1251 115 35
1251 116 0
1251 117 41
1251 118 40
1251 119 39
1251 120 45
1251 121 41
1276 1 42
1276 2 42
1276 3 41
1276 4 39
1276 5 40
1276 6 34
1276 7 40
1276 8 35
1276 9 0
1276 10 0
1276 11 0
1276 12 28
1276 13 40
1276 14 33
1276 15 41
1276 16 37
1276 17 39
1276 18 31
1276 19 37
1276 20 0
1276 21 0
1276 22 0
1276 23 37
1276 24 34
1276 25 35
1276 26 0
1276 27 41
1276 28 31
1276 29 38
1276 30 39
1276 31 0
1276 32 0
1276 33 0
1276 34 37
1276 35 33
1276 36 39
1276 37 0
1276 38 33
1276 39 30
1276 40 40
1276 41 50
1276 42 37
1276 43 0
1276 44 0
1276 45 0
1276 46 0
1276 47 38
1276 48 40
1276 49 29
1276 50 41
1276 51 39
1276 52 38
1276 53 40
1276 54 0
1276 55 0
1276 56 0
1276 57 0
1276 58 42
1276 59 36
1276 60 38
1276 61 35
1276 62 37
1276 63 42
1276 64 40
1276 65 0
1276 66 0
1276 67 0
1276 68 0
1276 69 38
1276 70 40
1276 71 39
1276 72 40
1276 73 31
1276 74 36
1276 75 37
1276 76 0
1276 77 0
1276 78 0
1276 79 0
1276 80 0
1276 81 37
1276 82 28
1276 83 42
1276 84 35
1276 85 43
1276 86 46
1276 87 31
1276 88 0
1276 89 0
1276 90 0
1276 91 41
1276 92 37
1276 93 34
1276 94 0
1276 95 40
1276 96 42
1276 97 38
1276 98 39
1276 99 0
1276 100 0
1276 101 0
1276 102 49
1276 103 38
1276 104 37
1276 105 0
1276 106 42
1276 107 38
1276 108 41
1276 109 28
1276 110 40
1276 111 0
1276 112 0
1276 113 41
1276 114 42
1276 115 45
1276 116 0
1276 117 40
1276 118 41
1276 119 40
1276 120 43
1276 121 38
1301 1 36
1301 2 42
1301 3 41
1301 4 36
1301 5 32
1301 6 42
1301 7 34
1301 8 40
1301 9 0
1301 10 0
1301 11 0
1301 12 29
1301 13 42
1301 14 32
1301 15 35
1301 16 40
1301 17 36
1301 18 36
1301 19 35
1301 20 0
1301 21 0
1301 22 0
1301 23 29
1301 24 42
1301 25 40
1301 26 0
1301 27 40
1301 28 44
1301 29 37
1301 30 40
1301 31 0
1301 32 0
1301 33 0
1301 34 38
1301 35 41
1301 36 40
1301 37 0
1301 38 31
1301 39 35
1301 40 40
1301 41 43
1301 42 31
1301 43 0
1301 44 0
1301 45 0
1301 46 0
1301 47 40
1301 48 41
1301 49 40
1301 50 39
1301 51 40
1301 52 39
1301 53 37
1301 54 0
1301 55 0
1301 56 0
1301 57 0
1301 58 41
1301 59 38
1301 60 37
1301 61 33
1301 62 40
1301 63 40
1301 64 30
1301 65 0
1301 66 0
1301 67 0
1301 68 0
1301 69 42
1301 70 41
1301 71 38
1301 72 41
1301 73 22
1301 74 48
1301 75 40
1301 76 0
1301 77 0
1301 78 0
1301 79 0
1301 80 0
1301 81 40
1301 82 32
1301 83 40
1301 84 39
1301 85 38
1301 86 38
1301 87 38
1301 88 0
1301 89 0
1301 90 0
1301 91 35
1301 92 39
1301 93 40
1301 94 0
1301 95 32
1301 96 40
1301 97 39
1301 98 30
1301 99 0
1301 100 0
1301 101 0
1301 102 47
1301 103 39
1301 104 43
1301 105 0
1301 106 39
1301 107 38
1301 108 41
1301 109 37
1301 110 35
1301 111 0
1301 112 0
1301 113 44
1301 114 36
1301 115 41
1301 116 0
1301 117 32
1301 118 34
1301 119 34
1301 120 48
1301 121 36
1326 1 37
1326 2 40
1326 3 40
1326 4 42
1326 5 35
1326 6 40
1326 7 36
1326 8 40
1326 9 0
1326 10 0
1326 11 0
1326 12 26
1326 13 38
1326 14 32
1326 15 41
1326 16 40
1326 17 37
1326 18 45
1326 19 32
1326 20 0
1326 21 0
1326 22 0
1326 23 39
1326 24 34
1326 25 32
1326 26 0
1326 27 35
1326 28 47
1326 29 40
1326 30 40
1326 31 0
1326 32 0
1326 33 0
1326 34 38
1326 35 40
1326 36 40
1326 37 0
1326 38 32
1326 39 35
1326 40 37
1326 41 41
1326 42 39
1326 43 0
1326 44 0
1326 45 0
1326 46 0
1326 47 40
1326 48 41
1326 49 30
1326 50 39
1326 51 40
1326 52 37
1326 53 36
1326 54 0
1326 55 0
1326 56 0
1326 57 0
1326 58 40
1326 59 37
1326 60 39
1326 61 31
1326 62 36
1326 63 37
1326 64 33
1326 65 0
1326 66 0
1326 67 0
1326 68 0
1326 69 43
1326 70 39
1326 71 38
1326 72 39
1326 73 30
1326 74 45
1326 75 40
1326 76 0
1326 77 0
1326 78 0
1326 79 0
1326 80 0
1326 81 41
1326 82 28
1326 83 38
1326 84 42
1326 85 40
1326 86 40
1326 87 38
1326 88 0
1326 89 0
1326 90 0
1326 91 40
1326 92 39
1326 93 39
1326 94 0
1326 95 36
1326 96 42
1326 97 34
1326 98 39
1326 99 0
1326 100 0
1326 101 0
1326 102 45
1326 103 37
1326 104 41
1326 105 0
1326 106 39
1326 107 39
1326 108 37
1326 109 38
1326 110 45
1326 111 0
1326 112 0
1326 113 41
1326 114 40
1326 115 37
1326 116 0
1326 117 33
1326 118 40
1326 119 29
1326 120 44
1326 121 37
1351 1 40
1351 2 39
1351 3 40
1351 4 42
1351 5 36
1351 6 43
1351 7 40
1351 8 39
1351 9 0
1351 10 0
1351 11 0
1351 12 36
1351 13 41
1351 14 27
1351 15 36
1351 16 40
1351 17 40
1351 18 39
1351 19 40
1351 20 0
1351 21 0
1351 22 0
1351 23 30
1351 24 41
1351 25 37
1351 26 0
1351 27 41
1351 28 38
1351 29 40
1351 30 38
1351 31 0
1351 32 0
1351 33 0
1351 34 35
1351 35 41
1351 36 35
1351 37 0
1351 38 34
1351 39 29
1351 40 39
1351 41 45
1351 42 34
1351 43 0
1351 44 0
1351 45 0
1351 46 0
1351 47 44
1351 48 44
1351 49 34
1351 50 41
1351 51 39
1351 52 41
1351 53 35
1351 54 0
1351 55 0
1351 56 0
1351 57 0
1351 58 41
1351 59 40
1351 60 38
1351 61 36
1351 62 38
1351 63 40
1351 64 35
1351 65 0
1351 66 0
1351 67 0
1351 68 0
1351 69 40
1351 70 39
1351 71 33
1351 72 40
1351 73 31
1351 74 41
1351 75 41
1351 76 0
1351 77 0
1351 78 0
1351 79 0
1351 80 0
1351 81 40
1351 82 27
1351 83 41
1351 84 39
1351 85 35
1351 86 39
1351 87 40
1351 88 0
1351 89 0
1351 90 0
1351 91 39
1351 92 45
1351 93 32
1351 94 0
1351 95 42
1351 96 37
1351 97 32
1351 98 40
1351 99 0
1351 100 0
1351 101 0
1351 102 46
1351 103 39
1351 104 31
1351 105 0
1351 106 37
1351 107 41
1351 108 42
1351 109 31
1351 110 43
1351 111 0
1351 112 0
1351 113 40
1351 114 37
1351 115 39
1351 116 0
1351 117 31
1351 118 34
1351 119 32
1351 120 40
1351 121 41
1376 1 40
1376 2 43
1376 3 40
1376 4 42
1376 5 38
1376 6 39
1376 7 47
1376 8 40
1376 9 0
1376 10 0
1376 11 0
1376 12 36
1376 13 36
1376 14 30
1376 15 40
1376 16 34
1376 17 40
1376 18 40
1376 19 35
1376 20 0
1376 21 0
1376 22 0
1376 23 41
1376 24 36
1376 25 31
1376 26 0
1376 27 36
1376 28 38
1376 29 41
1376 30 40
1376 31 0
1376 32 0
1376 33 0
1376 34 39
1376 35 40
1376 36 35
1376 37 0
1376 38 39
1376 39 29
1376 40 40
1376 41 41
1376 42 39
1376 43 0
1376 44 0
1376 45 0
1376 46 0
1376 47 41
1376 48 40
1376 49 30
1376 50 42
1376 51 40
1376 52 31
1376 53 40
1376 54 0
1376 55 0
1376 56 0
1376 57 0
1376 58 44
1376 59 40
1376 60 38
1376 61 34
1376 62 40
1376 63 39
1376 64 38
1376 65 0
1376 66 0
1376 67 0
1376 68 0
1376 69 38
1376 70 39
1376 71 39
1376 72 39
1376 73 27
1376 74 37
1376 75 39
1376 76 0
1376 77 0
1376 78 0
1376 79 0
1376 80 0
1376 81 40
1376 82 27
1376 83 33
1376 84 37
1376 85 41
1376 86 43
1376 87 41
1376 88 0
1376 89 0
1376 90 0
1376 91 38
1376 92 40
1376 93 30
1376 94 0
1376 95 39
1376 96 39
1376 97 36
1376 98 36
1376 99 0
1376 100 0
1376 101 0
1376 102 44
1376 103 34
1376 104 36
1376 105 0
1376 106 38
1376 107 36
1376 108 42
1376 109 34
1376 110 40
1376 111 0
1376 112 0
1376 113 41
1376 114 47
1376 115 36
1376 116 0
1376 117 36
1376 118 40
1376 119 40
1376 120 48
1376 121 39
1401 1 33
1401 2 39
1401 3 39
1401 4 28
1401 5 38
1401 6 43
1401 7 39
1401 8 39
1401 9 0
1401 10 0
1401 11 0
1401 12 36
1401 13 35
1401 14 30
1401 15 40
1401 16 40
1401 17 40
1401 18 36
1401 19 36
1401 20 0
1401 21 0
1401 22 0
1401 23 39
1401 24 34
1401 25 40
1401 26 0
1401 27 40
1401 28 42
1401 29 40
1401 30 39
1401 31 0
1401 32 0
1401 33 0
1401 34 38
1401 35 38
1401 36 40
1401 37 0
1401 38 31
1401 39 34
1401 40 38
1401 41 41
1401 42 40
1401 43 0
1401 44 0
1401 45 0
1401 46 0
1401 47 37
1401 48 50
1401 49 40
1401 50 40
1401 51 39
1401 52 34
1401 53 32
1401 54 0
1401 55 0
1401 56 0
1401 57 0
1401 58 40
1401 59 39
1401 60 37
1401 61 34
1401 62 32
1401 63 40
1401 64 41
1401 65 0
1401 66 0
1401 67 0
1401 68 0
1401 69 40
1401 70 36
1401 71 41
1401 72 39
1401 73 28
1401 74 41
1401 75 41
1401 76 0
1401 77 0
1401 78 0
1401 79 0
1401 80 0
1401 81 39
1401 82 30
1401 83 38
1401 84 39
1401 85 39
1401 86 39
1401 87 41
1401 88 0
1401 89 0
1401 90 0
1401 91 40
1401 92 42
1401 93 41
1401 94 0
1401 95 37
1401 96 39
1401 97 37
1401 98 41
1401 99 0
1401 100 0
1401 101 0
1401 102 48
1401 103 32
1401 104 29
1401 105 0
1401 106 43
1401 107 40
1401 108 40
1401 109 38
1401 110 40
1401 111 0
1401 112 0
1401 113 43
1401 114 40
1401 115 37
1401 116 0
1401 117 33
1401 118 40
1401 119 32
1401 120 44
1401 121 44
1426 1 38
1426 2 47
1426 3 40
1426 4 38
1426 5 36
1426 6 39
1426 7 35
1426 8 40
1426 9 0
1426 10 0
1426 11 0
1426 12 31
1426 13 44
1426 14 30
1426 15 38
1426 16 38
1426 17 39
1426 18 43
1426 19 35
1426 20 0
1426 21 0
1426 22 0
1426 23 36
1426 24 37
1426 25 42
1426 26 0
1426 27 38
1426 28 36
1426 29 41
1426 30 38
1426 31 0
1426 32 0
1426 33 0
1426 34 32
1426 35 39
1426 36 33
1426 37 0
1426 38 36
1426 39 31
1426 40 36
1426 41 34
1426 42 30
1426 43 0
1426 44 0
1426 45 0
1426 46 0
1426 47 31
1426 48 40
1426 49 31
1426 50 43
1426 51 39
1426 52 40
1426 53 37
1426 54 0
1426 55 0
1426 56 0
1426 57 0
1426 58 41
1426 59 37
1426 60 34
1426 61 30
1426 62 41
1426 63 40
1426 64 34
1426 65 0
1426 66 0
1426 67 0
1426 68 0
1426 69 40
1426 70 30
1426 71 33
1426 72 42
1426 73 30
1426 74 41
1426 75 37
1426 76 0
1426 77 0
1426 78 0
1426 79 0
1426 80 0
1426 81 35
1426 82 29
1426 83 41
1426 84 32
1426 85 39
1426 86 38
1426 87 39
1426 88 0
1426 89 0
1426 90 0
1426 91 37
1426 92 36
1426 93 41
1426 94 0
1426 95 34
1426 96 42
1426 97 33
1426 98 40
1426 99 0
1426 100 0
1426 101 0
1426 102 44
1426 103 29
1426 104 39
1426 105 0
1426 106 38
1426 107 41
1426 108 38
1426 109 40
1426 110 36
1426 111 0
1426 112 0
1426 113 44
1426 114 40
1426 115 37
1426 116 0
1426 117 35
1426 118 37
1426 119 30
1426 120 42
1426 121 39
1451 1 40
1451 2 38
1451 3 33
1451 4 43
1451 5 35
1451 6 33
1451 7 40
1451 8 45
1451 9 0
1451 10 0
1451 11 0
1451 12 29
1451 13 42
1451 14 31
1451 15 39
1451 16 39
1451 17 36
1451 18 36
1451 19 35
1451 20 0
1451 21 0
1451 22 0
1451 23 34
1451 24 40
1451 25 30
1451 26 0
1451 27 40
1451 28 40
1451 29 42
1451 30 35
1451 31 0
1451 32 0
1451 33 0
1451 34 40
1451 35 37
1451 36 36
1451 37 0
1451 38 32
1451 39 39
1451 40 42
1451 41 42
1451 42 33
1451 43 0
1451 44 0
1451 45 0
1451 46 0
1451 47 40
1451 48 44
1451 49 33
1451 50 40
1451 51 40
1451 52 32
1451 53 40
1451 54 0
1451 55 0
1451 56 0
1451 57 0
1451 58 39
1451 59 36
1451 60 41
1451 61 36
1451 62 41
1451 63 42
1451 64 29
1451 65 0
1451 66 0
1451 67 0
1451 68 0
1451 69 39
1451 70 40
1451 71 35
1451 72 39
1451 73 30
1451 74 41
1451 75 39
1451 76 0
1451 77 0
1451 78 0
1451 79 0
1451 80 0
1451 81 43
1451 82 27
1451 83 30
1451 84 36
1451 85 40
1451 86 39
1451 87 35
1451 88 0
1451 89 0
1451 90 0
1451 91 44
1451 92 37
1451 93 44
1451 94 0
1451 95 35
1451 96 39
1451 97 34
1451 98 41
1451 99 0
1451 100 0
1451 101 0
1451 102 41
1451 103 36
1451 104 37
1451 105 0
1451 106 40
1451 107 44
1451 108 41
1451 109 39
1451 110 39
1451 111 0
1451 112 0
1451 113 45
1451 114 42
1451 115 40
1451 116 0
1451 117 36
1451 118 32
1451 119 29
1451 120 45
1451 121 42
1476 1 39
1476 2 42
1476 3 38
1476 4 41
1476 5 29
1476 6 40
1476 7 30
1476 8 31
1476 9 0
1476 10 0
1476 11 0
1476 12 30
1476 13 37
1476 14 30
1476 15 37
1476 16 36
1476 17 38
1476 18 37
1476 19 34
1476 20 0
1476 21 0
1476 22 0
1476 23 40
1476 24 36
1476 25 33
1476 26 0
1476 27 43
1476 28 38
1476 29 39
1476 30 33
1476 31 0
1476 32 0
1476 33 0
1476 34 40
1476 35 39
1476 36 38
1476 37 0
1476 38 32
1476 39 30
1476 40 41
1476 41 39
1476 42 35
1476 43 0
1476 44 0
1476 45 0
1476 46 0
1476 47 38
1476 48 42
1476 49 28
1476 50 30
1476 51 40
1476 52 33
1476 53 43
1476 54 0
1476 55 0
1476 56 0
1476 57 0
1476 58 40
1476 59 36
1476 60 28
1476 61 30
1476 62 40
1476 63 32
1476 64 36
1476 65 0
1476 66 0
1476 67 0
1476 68 0
1476 69 35
1476 70 41
1476 71 33
1476 72 39
1476 73 29
1476 74 40
1476 75 41
1476 76 0
1476 77 0
1476 78 0
1476 79 0
1476 80 0
1476 81 36
1476 82 30
1476 83 42
1476 84 42
1476 85 40
1476 86 41
1476 87 39
1476 88 0
1476 89 0
1476 90 0
1476 91 35
1476 92 36
1476 93 38
1476 94 0
1476 95 42
1476 96 40
1476 97 31
1476 98 36
1476 99 0
1476 100 0
1476 101 0
1476 102 47
1476 103 40
1476 104 41
1476 105 0
1476 106 35
1476 107 40
1476 108 40
1476 109 32
1476 110 41
1476 111 0
1476 112 0
1476 113 45
1476 114 38
1476 115 39
1476 116 0
1476 117 37
1476 118 34
1476 119 40
1476 120 41
1476 121 39
1501 1 41
1501 2 40
1501 3 39
1501 4 42
1501 5 38
1501 6 35
1501 7 40
1501 8 41
1501 9 0
1501 10 0
1501 11 0
1501 12 30
1501 13 33
1501 14 36
1501 15 38
1501 16 41
1501 17 40
1501 18 42
1501 19 35
1501 20 0
1501 21 0
1501 22 0
1501 23 38
1501 24 38
1501 25 35
1501 26 0
1501 27 40
1501 28 36
1501 29 40
1501 30 35
1501 31 0
1501 32 0
1501 33 0
1501 34 30
1501 35 39
1501 36 35
1501 37 0
1501 38 30
1501 39 34
1501 40 36
1501 41 40
1501 42 39
1501 43 0
1501 44 0
1501 45 0
1501 46 0
1501 47 33
1501 48 42
1501 49 32
1501 50 43
1501 51 40
1501 52 40
1501 53 38
1501 54 0
1501 55 0
1501 56 0
1501 57 0
1501 58 40
1501 59 40
1501 60 34
1501 61 34
1501 62 40
1501 63 36
1501 64 37
1501 65 0
1501 66 0
1501 67 0
1501 68 0
1501 69 36
1501 70 32
1501 71 39
1501 72 35
1501 73 29
1501 74 40
1501 75 40
1501 76 0
1501 77 0
1501 78 0
1501 79 0
1501 80 0
1501 81 39
1501 82 29
1501 83 33
1501 84 41
1501 85 34
1501 86 40
1501 87 39
1501 88 0
1501 89 0
1501 90 0
1501 91 41
1501 92 40
1501 93 39
1501 94 0
1501 95 41
1501 96 41
1501 97 35
1501 98 33
1501 99 0
1501 100 0
1501 101 0
1501 102 39
1501 103 39
1501 104 33
1501 105 0
1501 106 39
1501 107 37
1501 108 40
1501 109 37
1501 110 35
1501 111 0
1501 112 0
1501 113 43
1501 114 40
1501 115 39
1501 116 0
1501 117 36
1501 118 35
1501 119 39
1501 120 40
1501 121 39
1526 1 41
1526 2 48
1526 3 37
1526 4 41
1526 5 34
1526 6 39
1526 7 39
1526 8 39
1526 9 0
1526 10 0
1526 11 0
1526 12 32
1526 13 40
1526 14 38
1526 15 37
1526 16 39
1526 17 40
1526 18 39
1526 19 39
1526 20 0
1526 21 0
1526 22 0
1526 23 38
1526 24 37
1526 25 32
1526 26 0
1526 27 38
1526 28 39
1526 29 43
1526 30 40
1526 31 0
1526 32 0
1526 33 0
1526 34 34
1526 35 30
1526 36 37
1526 37 0
1526 38 33
1526 39 32
1526 40 36
1526 41 39
1526 42 39
1526 43 0
1526 44 0
1526 45 0
1526 46 0
1526 47 41
1526 48 50
1526 49 31
1526 50 37
1526 51 43
1526 52 39
1526 53 42
1526 54 0
1526 55 0
1526 56 0
1526 57 0
1526 58 40
1526 59 36
1526 60 38
1526 61 37
1526 62 39
1526 63 41
1526 64 42
1526 65 0
1526 66 0
1526 67 0
1526 68 0
1526 69 43
1526 70 40
1526 71 31
1526 72 36
1526 73 27
1526 74 43
1526 75 44
1526 76 0
1526 77 0
1526 78 0
1526 79 0
1526 80 0
1526 81 39
1526 82 31
1526 83 39
1526 84 36
1526 85 37
1526 86 41
1526 87 41
1526 88 0
1526 89 0
1526 90 0
1526 91 41
1526 92 34
1526 93 40
1526 94 0
1526 95 34
1526 96 42
1526 97 37
1526 98 30
1526 99 0
1526 100 0
1526 101 0
1526 102 42
1526 103 39
1526 104 39
1526 105 0
1526 106 38
1526 107 34
1526 108 39
1526 109 32
1526 110 38
1526 111 0
1526 112 0
1526 113 47
1526 114 39
1526 115 32
1526 116 0
1526 117 30
1526 118 35
1526 119 41
1526 120 42
1526 121 38
1551 1 40
1551 2 42
1551 3 35
1551 4 40
1551 5 32
1551 6 33
1551 7 44
1551 8 39
1551 9 0
1551 10 0
1551 11 0
1551 12 28
1551 13 43
1551 14 27
1551 15 30
1551 16 44
1551 17 39
1551 18 39
1551 19 36
1551 20 0
1551 21 0
1551 22 0
1551 23 38
1551 24 35
1551 25 39
1551 26 0
1551 27 36
1551 28 39
1551 29 44
1551 30 37
1551 31 0
1551 32 0
1551 33 0
1551 34 32
1551 35 36
1551 36 36
1551 37 0
1551 38 28
1551 39 26
1551 40 40
1551 41 43
1551 42 35
1551 43 0
1551 44 0
1551 45 0
1551 46 0
1551 47 39
1551 48 41
1551 49 39
1551 50 38
1551 51 40
1551 52 38
1551 53 30
1551 54 0
1551 55 0
1551 56 0
1551 57 0
1551 58 39
1551 59 40
1551 60 32
1551 61 33
1551 62 40
1551 63 41
1551 64 40
1551 65 0
1551 66 0
1551 67 0
1551 68 0
1551 69 40
1551 70 40
1551 71 36
1551 72 40
1551 73 32
1551 74 38
1551 75 40
1551 76 0
1551 77 0
1551 78 0
1551 79 0
1551 80 0
1551 81 40
1551 82 25
1551 83 36
1551 84 41
1551 85 41
1551 86 43
1551 87 36
1551 88 0
1551 89 0
1551 90 0
1551 91 40
1551 92 39
1551 93 39
1551 94 0
1551 95 38
1551 96 40
1551 97 41
1551 98 34
1551 99 0
1551 100 0
1551 101 0
1551 102 44
1551 103 36
1551 104 40
1551 105 0
1551 106 36
1551 107 40
1551 108 38
1551 109 32
1551 110 40
1551 111 0
1551 112 0
1551 113 49
1551 114 43
1551 115 39
1551 116 0
1551 117 36
1551 118 40
1551 119 32
1551 120 43
1551 121 39
1576 1 39
1576 2 40
1576 3 42
1576 4 42
1576 5 40
1576 6 42
1576 7 36
1576 8 40
1576 9 0
1576 10 0
1576 11 0
1576 12 33
1576 13 37
1576 14 28
1576 15 34
1576 16 31
1576 17 40
1576 18 40
1576 19 38
1576 20 0
1576 21 0
1576 22 0
1576 23 39
1576 24 40
1576 25 39
1576 26 0
1576 27 41
1576 28 35
1576 29 38
1576 30 33
1576 31 0
1576 32 0
1576 33 0
1576 34 36
1576 35 34
1576 36 41
1576 37 0
1576 38 40
1576 39 30
1576 40 38
1576 41 40
1576 42 38
1576 43 0
1576 44 0
1576 45 0
1576 46 0
1576 47 39
1576 48 46
1576 49 32
1576 50 41
1576 51 33
1576 52 40
1576 53 35
1576 54 0
1576 55 0
1576 56 0
1576 57 0
1576 58 43
1576 59 39
1576 60 33
1576 61 31
1576 62 31
1576 63 46
1576 64 38
1576 65 0
1576 66 0
1576 67 0
1576 68 0
1576 69 32
1576 70 34
1576 71 40
1576 72 39
1576 73 27
1576 74 40
1576 75 41
1576 76 0
1576 77 0
1576 78 0
1576 79 0
1576 80 0
1576 81 40
1576 82 28
1576 83 30
1576 84 41
1576 85 38
1576 86 40
1576 87 43
1576 88 0
1576 89 0
1576 90 0
1576 91 41
1576 92 34
1576 93 30
1576 94 0
1576 95 38
1576 96 40
1576 97 36
1576 98 38
1576 99 0
1576 100 0
1576 101 0
1576 102 47
1576 103 40
1576 104 35
1576 105 0
1576 106 39
1576 107 38
1576 108 35
1576 109 38
1576 110 42
1576 111 0
1576 112 0
1576 113 42
1576 114 39
1576 115 40
1576 116 0
1576 117 30
1576 118 38
1576 119 38
1576 120 44
1576 121 38
1601 1 40
1601 2 40
1601 3 44
1601 4 41
1601 5 33
1601 6 40
1601 7 41
1601 8 38
1601 9 0
1601 10 0
1601 11 0
1601 12 33
1601 13 38
1601 14 33
1601 15 40
1601 16 38
1601 17 43
1601 18 36
1601 19 37
1601 20 0
1601 21 0
1601 22 0
1601 23 40
1601 24 41
1601 25 40
1601 26 0
1601 27 41
1601 28 37
1601 29 38
1601 30 40
1601 31 0
1601 32 0
1601 33 0
1601 34 36
1601 35 40
1601 36 43
1601 37 0
1601 38 35
1601 39 29
1601 40 40
1601 41 40
1601 42 36
1601 43 0
1601 44 0
1601 45 0
1601 46 0
1601 47 40
1601 48 48
1601 49 37
1601 50 40
1601 51 40
1601 52 41
1601 53 38
1601 54 0
1601 55 0
1601 56 0
1601 57 0
1601 58 40
1601 59 39
1601 60 39
1601 61 34
1601 62 40
1601 63 34
1601 64 41
1601 65 0
1601 66 0
1601 67 0
1601 68 0
1601 69 38
1601 70 43
1601 71 36
1601 72 40
1601 73 30
1601 74 41
1601 75 39
1601 76 0
1601 77 0
1601 78 0
1601 79 0
1601 80 0
1601 81 40
1601 82 31
1601 83 30
1601 84 43
1601 85 35
1601 86 40
1601 87 42
1601 88 0
1601 89 0
1601 90 0
1601 91 38
1601 92 40
1601 93 43
1601 94 0
1601 95 36
1601 96 36
1601 97 35
1601 98 40
1601 99 0
1601 100 0
1601 101 0
1601 102 40
1601 103 39
1601 104 39
1601 105 0
1601 106 39
1601 107 42
1601 108 40
1601 109 40
1601 110 40
1601 111 0
1601 112 0
1601 113 46
1601 114 37
1601 115 41
1601 116 0
1601 117 40
1601 118 37
1601 119 40
1601 120 50
1601 121 30
1626 1 42
1626 2 43
1626 3 36
1626 4 44
1626 5 31
1626 6 40
1626 7 35
1626 8 41
1626 9 0
1626 10 0
1626 11 0
1626 12 29
1626 13 37
1626 14 30
1626 15 41
1626 16 32
1626 17 40
1626 18 40
1626 19 39
1626 20 0
1626 21 0
1626 22 0
1626 23 39
1626 24 35
1626 25 34
1626 26 0
1626 27 39
1626 28 37
1626 29 40
1626 30 39
1626 31 0
1626 32 0
1626 33 0
1626 34 38
1626 35 41
1626 36 36
1626 37 0
1626 38 38
1626 39 29
1626 40 38
1626 41 43
1626 42 34
1626 43 0
1626 44 0
1626 45 0
1626 46 0
1626 47 38
1626 48 40
1626 49 33
1626 50 36
1626 51 36
1626 52 37
1626 53 35
1626 54 0
1626 55 0
1626 56 0
1626 57 0
1626 58 42
1626 59 39
1626 60 40
1626 61 34
1626 62 40
1626 63 40
1626 64 35
1626 65 0
1626 66 0
1626 67 0
1626 68 0
1626 69 35
1626 70 39
1626 71 41
1626 72 32
1626 73 28
1626 74 48
1626 75 40
1626 76 0
1626 77 0
1626 78 0
1626 79 0
1626 80 0
1626 81 39
1626 82 28
1626 83 35
1626 84 38
1626 85 40
1626 86 47
1626 87 39
1626 88 0
1626 89 0
1626 90 0
1626 91 40
1626 92 38
1626 93 37
1626 94 0
1626 95 40
1626 96 40
1626 97 39
1626 98 36
1626 99 0
1626 100 0
1626 101 0
1626 102 41
1626 103 40
1626 104 39
1626 105 0
1626 106 38
1626 107 39
1626 108 41
1626 109 32
1626 110 38
1626 111 0
1626 112 0
1626 113 40
1626 114 43
1626 115 40
1626 116 0
1626 117 34
1626 118 36
1626 119 39
1626 120 44
1626 121 38
1651 1 39
1651 2 37
1651 3 44
1651 4 35
1651 5 35
1651 6 39
1651 7 41
1651 8 40
1651 9 0
1651 10 0
1651 11 0
1651 12 37
1651 13 41
1651 14 31
1651 15 40
1651 16 42
1651 17 35
1651 18 40
1651 19 30
1651 20 0
1651 21 0
1651 22 0
1651 23 36
1651 24 40
1651 25 41
1651 26 0
1651 27 34
1651 28 42
1651 29 40
1651 30 42
1651 31 0
1651 32 0
1651 33 0
1651 34 40
1651 35 41
1651 36 38
1651 37 0
1651 38 33
1651 39 30
1651 40 40
1651 41 41
1651 42 35
1651 43 0
1651 44 0
1651 45 0
1651 46 0
1651 47 43
1651 48 47
1651 49 33
1651 50 40
1651 51 38
1651 52 39
1651 53 42
1651 54 0
1651 55 0
1651 56 0
1651 57 0
1651 58 40
1651 59 40
1651 60 34
1651 61 32
1651 62 36
1651 63 37
1651 64 30
1651 65 0
1651 66 0
1651 67 0
1651 68 0
1651 69 36
1651 70 40
1651 71 30
1651 72 32
1651 73 24
1651 74 45
1651 75 40
1651 76 0
1651 77 0
1651 78 0
1651 79 0
1651 80 0
1651 81 41
1651 82 28
1651 83 35
1651 84 40
1651 85 41
1651 86 39
1651 87 40
1651 88 0
1651 89 0
1651 90 0
1651 91 38
1651 92 40
1651 93 41
1651 94 0
1651 95 40
1651 96 42
1651 97 33
1651 98 38
1651 99 0
1651 100 0
1651 101 0
1651 102 42
1651 103 43
1651 104 39
1651 105 0
1651 106 40
1651 107 31
1651 108 41
1651 109 40
1651 110 38
1651 111 0
1651 112 0
1651 113 39
1651 114 40
1651 115 40
1651 116 0
1651 117 31
1651 118 40
1651 119 31
1651 120 47
1651 121 40
1676 1 41
1676 2 43
1676 3 39
1676 4 37
1676 5 32
1676 6 39
1676 7 39
1676 8 39
1676 9 0
1676 10 0
1676 11 0
1676 12 42
1676 13 38
1676 14 31
1676 15 40
1676 16 36
1676 17 31
1676 18 38
1676 19 35
1676 20 0
1676 21 0
1676 22 0
1676 23 34
1676 24 40
1676 25 35
1676 26 0
1676 27 41
1676 28 38
1676 29 43
1676 30 41
1676 31 0
1676 32 0
1676 33 0
1676 34 35
1676 35 35
1676 36 37
1676 37 0
1676 38 37
1676 39 28
1676 40 38
1676 41 41
1676 42 40
1676 43 0
1676 44 0
1676 45 0
1676 46 0
1676 47 35
1676 48 40
1676 49 38
1676 50 40
1676 51 36
1676 52 40
1676 53 40
1676 54 0
1676 55 0
1676 56 0
1676 57 0
1676 58 41
1676 59 41
1676 60 39
1676 61 29
1676 62 37
1676 63 37
1676 64 40
1676 65 0
1676 66 0
1676 67 0
1676 68 0
1676 69 41
1676 70 32
1676 71 31
1676 72 34
1676 73 35
1676 74 50
1676 75 41
1676 76 0
1676 77 0
1676 78 0
1676 79 0
1676 80 0
1676 81 40
1676 82 32
1676 83 41
1676 84 39
1676 85 33
1676 86 39
1676 87 39
1676 88 0
1676 89 0
1676 90 0
1676 91 39
1676 92 35
1676 93 40
1676 94 0
1676 95 39
1676 96 36
1676 97 39
1676 98 39
1676 99 0
1676 100 0
1676 101 0
1676 102 49
1676 103 33
1676 104 40
1676 105 0
1676 106 40
1676 107 42
1676 108 38
1676 109 37
1676 110 35
1676 111 0
1676 112 0
1676 113 43
1676 114 39
1676 115 40
1676 116 0
1676 117 30
1676 118 46
1676 119 41
1676 120 40
1676 121 36
1701 1 40
1701 2 41
1701 3 36
1701 4 33
1701 5 35
1701 6 42
1701 7 36
1701 8 36
1701 9 0
1701 10 0
1701 11 0
1701 12 33
1701 13 40
1701 14 31
1701 15 41
1701 16 31
1701 17 41
1701 18 39
1701 19 34
1701 20 0
1701 21 0
1701 22 0
1701 23 37
1701 24 33
1701 25 41
1701 26 0
1701 27 32
1701 28 40
1701 29 40
1701 30 39
1701 31 0
1701 32 0
1701 33 0
1701 34 40
1701 35 30
1701 36 35
1701 37 0
1701 38 34
1701 39 29
1701 40 42
1701 41 46
1701 42 38
1701 43 0
1701 44 0
1701 45 0
1701 46 0
1701 47 39
1701 48 49
1701 49 31
1701 50 40
1701 51 40
1701 52 34
1701 53 36
1701 54 0
1701 55 0
1701 56 0
1701 57 0
1701 58 41
1701 59 39
1701 60 31
1701 61 38
1701 62 39
1701 63 43
1701 64 35
1701 65 0
1701 66 0
1701 67 0
1701 68 0
1701 69 41
1701 70 40
1701 71 30
1701 72 42
1701 73 25
1701 74 45
1701 75 38
1701 76 0
1701 77 0
1701 78 0
1701 79 0
1701 80 0
1701 81 41
1701 82 33
1701 83 33
1701 84 40
1701 85 38
1701 86 38
1701 87 37
1701 88 0
1701 89 0
1701 90 0
1701 91 40
1701 92 40
1701 93 37
1701 94 0
1701 95 41
1701 96 40
1701 97 32
1701 98 39
1701 99 0
1701 100 0
1701 101 0
1701 102 49
1701 103 37
1701 104 40
1701 105 0
1701 106 37
1701 107 35
1701 108 41
1701 109 35
1701 110 41
1701 111 0
1701 112 0
1701 113 44
1701 114 38
1701 115 39
1701 116 0
1701 117 42
1701 118 40
1701 119 31
1701 120 49
1701 121 35
1726 1 39
1726 2 40
1726 3 43
1726 4 39
1726 5 36
1726 6 38
1726 7 41
1726 8 40
1726 9 0
1726 10 0
1726 11 0
1726 12 35
1726 13 39
1726 14 32
1726 15 43
1726 16 42
1726 17 40
1726 18 42
1726 19 35
1726 20 0
1726 21 0
1726 22 0
1726 23 30
1726 24 37
1726 25 39
1726 26 0
1726 27 43
1726 28 31
1726 29 39
1726 30 33
1726 31 0
1726 32 0
1726 33 0
1726 34 34
1726 35 36
1726 36 39
1726 37 0
1726 38 29
1726 39 29
1726 40 42
1726 41 44
1726 42 35
1726 43 0
1726 44 0
1726 45 0
1726 46 0
1726 47 41
1726 48 51
1726 49 29
1726 50 41
1726 51 40
1726 52 41
1726 53 41
1726 54 0
1726 55 0
1726 56 0
1726 57 0
1726 58 41
1726 59 32
1726 60 36
1726 61 31
1726 62 38
1726 63 42
1726 64 39
1726 65 0
1726 66 0
1726 67 0
1726 68 0
1726 69 39
1726 70 40
1726 71 36
1726 72 36
1726 73 34
1726 74 43
1726 75 41
1726 76 0
1726 77 0
1726 78 0
1726 79 0
1726 80 0
1726 81 37
1726 82 32
1726 83 37
1726 84 40
1726 85 29
1726 86 42
1726 87 35
1726 88 0
1726 89 0
1726 90 0
1726 91 39
1726 92 38
1726 93 36
1726 94 0
1726 95 43
1726 96 39
1726 97 36
1726 98 40
1726 99 0
1726 100 0
1726 101 0
1726 102 50
1726 103 41
1726 104 35
1726 105 0
1726 106 41
1726 107 40
1726 108 46
1726 109 36
1726 110 39
1726 111 0
1726 112 0
1726 113 41
1726 114 41
1726 115 36
1726 116 0
1726 117 38
1726 118 36
1726 119 37
1726 120 49
1726 121 42
1751 1 40
1751 2 38
1751 3 42
1751 4 41
1751 5 30
1751 6 37
1751 7 38
1751 8 42
1751 9 0
1751 10 0
1751 11 0
1751 12 36
1751 13 40
1751 14 25
1751 15 40
1751 16 43
1751 17 41
1751 18 34
1751 19 32
1751 20 0
1751 21 0
1751 22 0
1751 23 37
1751 24 32
1751 25 29
1751 26 0
1751 27 37
1751 28 34
1751 29 33
1751 30 30
1751 31 0
1751 32 0
1751 33 0
1751 34 38
1751 35 37
1751 36 37
1751 37 0
1751 38 30
1751 39 30
1751 40 39
1751 41 39
1751 42 36
1751 43 0
1751 44 0
1751 45 0
1751 46 0
1751 47 35
1751 48 46
1751 49 41
1751 50 39
1751 51 46
1751 52 37
1751 53 41
1751 54 0
1751 55 0
1751 56 0
1751 57 0
1751 58 37
1751 59 40
1751 60 38
1751 61 32
1751 62 40
1751 63 38
1751 64 36
1751 65 0
1751 66 0
1751 67 0
1751 68 0
1751 69 43
1751 70 36
1751 71 39
1751 72 43
1751 73 30
1751 74 35
1751 75 41
1751 76 0
1751 77 0
1751 78 0
1751 79 0
1751 80 0
1751 81 38
1751 82 23
1751 83 38
1751 84 39
1751 85 38
1751 86 39
1751 87 40
1751 88 0
1751 89 0
1751 90 0
1751 91 35
1751 92 36
1751 93 34
1751 94 0
1751 95 40
1751 96 41
1751 97 38
1751 98 40
1751 99 0
1751 100 0
1751 101 0
1751 102 43
1751 103 40
1751 104 31
1751 105 0
1751 106 39
1751 107 40
1751 108 41
1751 109 36
1751 110 38
1751 111 0
1751 112 0
1751 113 49
1751 114 46
1751 115 41
1751 116 0
1751 117 41
1751 118 40
1751 119 37
1751 120 45
1751 121 40
1776 1 41
1776 2 49
1776 3 40
1776 4 35
1776 5 33
1776 6 39
1776 7 40
1776 8 41
1776 9 0
1776 10 0
1776 11 0
1776 12 32
1776 13 32
1776 14 29
1776 15 42
1776 16 40
1776 17 39
1776 18 41
1776 19 37
1776 20 0
1776 21 0
1776 22 0
1776 23 36
1776 24 43
1776 25 39
1776 26 0
1776 27 34
1776 28 38
1776 29 40
1776 30 39
1776 31 0
1776 32 0
1776 33 0
1776 34 42
1776 35 32
1776 36 41
1776 37 0
1776 38 38
1776 39 30
1776 40 36
1776 41 39
1776 42 32
1776 43 0
1776 44 0
1776 45 0
1776 46 0
1776 47 39
1776 48 43
1776 49 30
1776 50 40
1776 51 40
1776 52 40
1776 53 40
1776 54 0
1776 55 0
1776 56 0
1776 57 0
1776 58 40
1776 59 44
1776 60 36
1776 61 33
1776 62 38
1776 63 40
1776 64 34
1776 65 0
1776 66 0
1776 67 0
1776 68 0
1776 69 40
1776 70 33
1776 71 42
1776 72 37
1776 73 30
1776 74 39
1776 75 40
1776 76 0
1776 77 0
1776 78 0
1776 79 0
1776 80 0
1776 81 43
1776 82 23
1776 83 41
1776 84 39
1776 85 39
1776 86 37
1776 87 44
1776 88 0
1776 89 0
1776 90 0
1776 91 39
1776 92 37
1776 93 36
1776 94 0
1776 95 38
1776 96 36
1776 97 36
1776 98 33
1776 99 0
1776 100 0
1776 101 0
1776 102 48
1776 103 42
1776 104 37
1776 105 0
1776 106 39
1776 107 34
1776 108 42
1776 109 35
1776 110 44
1776 111 0
1776 112 0
1776 113 50
1776 114 38
1776 115 29
1776 116 0
1776 117 36
1776 118 41
1776 119 39
1776 120 44
1776 121 39
1801 1 40
1801 2 43
1801 3 44
1801 4 41
1801 5 30
1801 6 34
1801 7 40
1801 8 37
1801 9 0
1801 10 0
1801 11 0
1801 12 30
1801 13 41
1801 14 31
1801 15 37
1801 16 34
1801 17 39
1801 18 39
1801 19 37
1801 20 0
1801 21 0
1801 22 0
1801 23 48
1801 24 31
1801 25 30
1801 26 0
1801 27 37
1801 28 35
1801 29 38
1801 30 43
1801 31 0
1801 32 0
1801 33 0
1801 34 34
1801 35 36
1801 36 40
1801 37 0
1801 38 31
1801 39 31
1801 40 35
1801 41 42
1801 42 42
1801 43 0
1801 44 0
1801 45 0
1801 46 0
1801 47 40
1801 48 41
1801 49 40
1801 50 40
1801 51 41
1801 52 37
1801 53 45
1801 54 0
1801 55 0
1801 56 0
1801 57 0
1801 58 50
1801 59 39
1801 60 36
1801 61 32
1801 62 41
1801 63 42
1801 64 40
1801 65 0
1801 66 0
1801 67 0
1801 68 0
1801 69 38
1801 70 30
1801 71 39
1801 72 36
1801 73 31
1801 74 47
1801 75 39
1801 76 0
1801 77 0
1801 78 0
1801 79 0
1801 80 0
1801 81 42
1801 82 23
1801 83 40
1801 84 38
1801 85 40
1801 86 34
1801 87 35
1801 88 0
1801 89 0
1801 90 0
1801 91 44
1801 92 40
1801 93 31
1801 94 0
1801 95 31
1801 96 40
1801 97 34
1801 98 36
1801 99 0
1801 100 0
1801 101 0
1801 102 51
1801 103 38
1801 104 40
1801 105 0
1801 106 39
1801 107 39
1801 108 42
1801 109 40
1801 110 34
1801 111 0
1801 112 0
1801 113 43
1801 114 40
1801 115 40
1801 116 0
1801 117 33
1801 118 41
1801 119 41
1801 120 40
1801 121 38
1826 1 40
1826 2 42
1826 3 40
1826 4 41
1826 5 40
1826 6 39
1826 7 40
1826 8 40
1826 9 0
1826 10 0
1826 11 0
1826 12 35
1826 13 42
1826 14 28
1826 15 35
1826 16 43
1826 17 40
1826 18 40
1826 19 39
1826 20 0
1826 21 0
1826 22 0
1826 23 39
1826 24 37
1826 25 37
1826 26 0
1826 27 42
1826 28 37
1826 29 39
1826 30 34
1826 31 0
1826 32 0
1826 33 0
1826 34 37
1826 35 41
1826 36 40
1826 37 0
1826 38 33
1826 39 30
1826 40 35
1826 41 43
1826 42 40
1826 43 0
1826 44 0
1826 45 0
1826 46 0
1826 47 31
1826 48 48
1826 49 38
1826 50 42
1826 51 39
1826 52 35
1826 53 35
1826 54 0
1826 55 0
1826 56 0
1826 57 0
1826 58 40
1826 59 37
1826 60 41
1826 61 31
1826 62 36
1826 63 38
1826 64 40
1826 65 0
1826 66 0
1826 67 0
1826 68 0
1826 69 41
1826 70 40
1826 71 39
1826 72 35
1826 73 27
1826 74 41
1826 75 41
1826 76 0
1826 77 0
1826 78 0
1826 79 0
1826 80 0
1826 81 34
1826 82 26
1826 83 38
1826 84 32
1826 85 40
1826 86 43
1826 87 40
1826 88 0
1826 89 0
1826 90 0
1826 91 30
1826 92 40
1826 93 34
1826 94 0
1826 95 41
1826 96 40
1826 97 39
1826 98 40
1826 99 0
1826 100 0
1826 101 0
1826 102 41
1826 103 33
1826 104 41
1826 105 0
1826 106 40
1826 107 39
1826 108 46
1826 109 38
1826 110 38
1826 111 0
1826 112 0
1826 113 40
1826 114 38
1826 115 39
1826 116 0
1826 117 40
1826 118 30
1826 119 29
1826 120 45
1826 121 40
1851 1 42
1851 2 44
1851 3 41
1851 4 39
1851 5 30
1851 6 43
1851 7 43
1851 8 40
1851 9 0
1851 10 0
1851 11 0
1851 12 31
1851 13 41
1851 14 31
1851 15 38
1851 16 40
1851 17 39
1851 18 39
1851 19 31
1851 20 0
1851 21 0
1851 22 0
1851 23 40
1851 24 39
1851 25 39
1851 26 0
1851 27 34
1851 28 31
1851 29 42
1851 30 41
1851 31 0
1851 32 0
1851 33 0
1851 34 39
1851 35 39
1851 36 39
1851 37 0
1851 38 30
1851 39 34
1851 40 35
1851 41 50
1851 42 41
1851 43 0
1851 44 0
1851 45 0
1851 46 0
1851 47 39
1851 48 47
1851 49 36
1851 50 42
1851 51 35
1851 52 35
1851 53 40
1851 54 0
1851 55 0
1851 56 0
1851 57 0
1851 58 39
1851 59 34
1851 60 30
1851 61 32
1851 62 40
1851 63 42
1851 64 33
1851 65 0
1851 66 0
1851 67 0
1851 68 0
1851 69 40
1851 70 34
1851 71 40
1851 72 39
1851 73 30
1851 74 49
1851 75 38
1851 76 0
1851 77 0
1851 78 0
1851 79 0
1851 80 0
1851 81 39
1851 82 29
1851 83 41
1851 84 39
1851 85 37
1851 86 37
1851 87 38
1851 88 0
1851 89 0
1851 90 0
1851 91 40
1851 92 35
1851 93 31
1851 94 0
1851 95 35
1851 96 40
1851 97 31
1851 98 37
1851 99 0
1851 100 0
1851 101 0
1851 102 41
1851 103 36
1851 104 34
1851 105 0
1851 106 38
1851 107 42
1851 108 39
1851 109 34
1851 110 39
1851 111 0
1851 112 0
1851 113 39
1851 114 37
1851 115 40
1851 116 0
1851 117 37
1851 118 38
1851 119 40
1851 120 47
1851 121 41
1876 1 47
1876 2 47
1876 3 40
1876 4 35
1876 5 31
1876 6 41
1876 7 42
1876 8 42
1876 9 0
1876 10 0
1876 11 0
1876 12 37
1876 13 40
1876 14 28
1876 15 42
1876 16 38
1876 17 38
1876 18 35
1876 19 35
1876 20 0
1876 21 0
1876 22 0
1876 23 39
1876 24 31
1876 25 39
1876 26 0
1876 27 40
1876 28 40
1876 29 36
1876 30 32
1876 31 0
1876 32 0
1876 33 0
1876 34 34
1876 35 32
1876 36 39
1876 37 0
1876 38 35
1876 39 31
1876 40 38
1876 41 50
1876 42 31
1876 43 0
1876 44 0
1876 45 0
1876 46 0
1876 47 39
1876 48 43
1876 49 37
1876 50 39
1876 51 42
1876 52 43
1876 53 39
1876 54 0
1876 55 0
1876 56 0
1876 57 0
1876 58 42
1876 59 39
1876 60 35
1876 61 35
1876 62 35
1876 63 39
1876 64 40
1876 65 0
1876 66 0
1876 67 0
1876 68 0
1876 69 40
1876 70 40
1876 71 40
1876 72 37
1876 73 24
1876 74 45
1876 75 42
1876 76 0
1876 77 0
1876 78 0
1876 79 0
1876 80 0
1876 81 42
1876 82 21
1876 83 41
1876 84 40
1876 85 36
1876 86 44
1876 87 38
1876 88 0
1876 89 0
1876 90 0
1876 91 40
1876 92 38
1876 93 41
1876 94 0
1876 95 40
1876 96 37
1876 97 32
1876 98 40
1876 99 0
1876 100 0
1876 101 0
1876 102 41
1876 103 41
1876 104 37
1876 105 0
1876 106 42
1876 107 35
1876 108 40
1876 109 38
1876 110 39
1876 111 0
1876 112 0
1876 113 40
1876 114 39
1876 115 40
1876 116 0
1876 117 30
1876 118 41
1876 119 36
1876 120 44
1876 121 40
1901 1 44
1901 2 46
1901 3 49
1901 4 37
1901 5 38
1901 6 40
1901 7 42
1901 8 38
1901 9 0
1901 10 0
1901 11 0
1901 12 33
1901 13 37
1901 14 32
1901 15 39
1901 16 40
1901 17 41
1901 18 33
1901 19 34
1901 20 0
1901 21 0
1901 22 0
1901 23 40
1901 24 40
1901 25 36
1901 26 0
1901 27 31
1901 28 40
1901 29 39
1901 30 39
1901 31 0
1901 32 0
1901 33 0
1901 34 39
1901 35 36
1901 36 30
1901 37 0
1901 38 34
1901 39 32
1901 40 40
1901 41 43
1901 42 39
1901 43 0
1901 44 0
1901 45 0
1901 46 0
1901 47 35
1901 48 44
1901 49 37
1901 50 39
1901 51 36
1901 52 45
1901 53 39
1901 54 0
1901 55 0
1901 56 0
1901 57 0
1901 58 39
1901 59 39
1901 60 33
1901 61 32
1901 62 43
1901 63 40
1901 64 31
1901 65 0
1901 66 0
1901 67 0
1901 68 0
1901 69 36
1901 70 35
1901 71 31
1901 72 39
1901 73 29
1901 74 45
1901 75 44
1901 76 0
1901 77 0
1901 78 0
1901 79 0
1901 80 0
1901 81 38
1901 82 25
1901 83 38
1901 84 37
1901 85 40
1901 86 34
1901 87 39
1901 88 0
1901 89 0
1901 90 0
1901 91 38
1901 92 39
1901 93 33
1901 94 0
1901 95 38
1901 96 33
1901 97 40
1901 98 40
1901 99 0
1901 100 0
1901 101 0
1901 102 44
1901 103 40
1901 104 31
1901 105 0
1901 106 42
1901 107 40
1901 108 39
1901 109 39
1901 110 40
1901 111 0
1901 112 0
1901 113 44
1901 114 40
1901 115 40
1901 116 0
1901 117 40
1901 118 40
1901 119 35
1901 120 50
1901 121 36
1926 1 42
1926 2 45
1926 3 32
1926 4 41
1926 5 33
1926 6 40
1926 7 37
1926 8 39
1926 9 0
1926 10 0
1926 11 0
1926 12 39
1926 13 47
1926 14 31
1926 15 39
1926 16 38
1926 17 40
1926 18 42
1926 19 31
1926 20 0
1926 21 0
1926 22 0
1926 23 40
1926 24 41
1926 25 40
1926 26 0
1926 27 36
1926 28 40
1926 29 40
1926 30 34
1926 31 0
1926 32 0
1926 33 0
1926 34 40
1926 35 38
1926 36 36
1926 37 0
1926 38 39
1926 39 33
1926 40 39
1926 41 38
1926 42 34
1926 43 0
1926 44 0
1926 45 0
1926 46 0
1926 47 39
1926 48 45
1926 49 34
1926 50 41
1926 51 43
1926 52 38
1926 53 43
1926 54 0
1926 55 0
1926 56 0
1926 57 0
1926 58 40
1926 59 38
1926 60 33
1926 61 36
1926 62 38
1926 63 36
1926 64 30
1926 65 0
1926 66 0
1926 67 0
1926 68 0
1926 69 37
1926 70 41
1926 71 38
1926 72 42
1926 73 26
1926 74 40
1926 75 40
1926 76 0
1926 77 0
1926 78 0
1926 79 0
1926 80 0
1926 81 42
1926 82 30
1926 83 36
1926 84 40
1926 85 37
1926 86 40
1926 87 39
1926 88 0
1926 89 0
1926 90 0
1926 91 41
1926 92 31
1926 93 33
1926 94 0
1926 95 41
1926 96 36
1926 97 40
1926 98 40
1926 99 0
1926 100 0
1926 101 0
1926 102 45
1926 103 39
1926 104 34
1926 105 0
1926 106 45
1926 107 44
1926 108 43
1926 109 36
1926 110 40
1926 111 0
1926 112 0
1926 113 40
1926 114 40
1926 115 30
1926 116 0
1926 117 35
1926 118 40
1926 119 34
1926 120 47
1926 121 41
1951 1 36
1951 2 44
1951 3 40
1951 4 40
1951 5 33
1951 6 41
1951 7 37
1951 8 37
1951 9 0
1951 10 0
1951 11 0
1951 12 32
1951 13 34
1951 14 35
1951 15 41
1951 16 42
1951 17 39
1951 18 35
1951 19 37
1951 20 0
1951 21 0
1951 22 0
1951 23 29
1951 24 39
1951 25 34
1951 26 0
1951 27 37
1951 28 36
1951 29 32
1951 30 40
1951 31 0
1951 32 0
1951 33 0
1951 34 31
1951 35 33
1951 36 41
1951 37 0
1951 38 32
1951 39 30
1951 40 39
1951 41 42
1951 42 36
1951 43 0
1951 44 0
1951 45 0
1951 46 0
1951 47 39
1951 48 50
1951 49 31
1951 50 40
1951 51 39
1951 52 29
1951 53 40
1951 54 0
1951 55 0
1951 56 0
1951 57 0
1951 58 39
1951 59 40
1951 60 41
1951 61 38
1951 62 40
1951 63 40
1951 64 38
1951 65 0
1951 66 0
1951 67 0
1951 68 0
1951 69 36
1951 70 38
1951 71 30
1951 72 39
1951 73 29
1951 74 50
1951 75 31
1951 76 0
1951 77 0
1951 78 0
1951 79 0
1951 80 0
1951 81 34
1951 82 29
1951 83 36
1951 84 36
1951 85 38
1951 86 32
1951 87 36
1951 88 0
1951 89 0
1951 90 0
1951 91 35
1951 92 39
1951 93 33
1951 94 0
1951 95 40
1951 96 38
1951 97 30
1951 98 42
1951 99 0
1951 100 0
1951 101 0
1951 102 50
1951 103 40
1951 104 31
1951 105 0
1951 106 38
1951 107 32
1951 108 40
1951 109 39
1951 110 39
1951 111 0
1951 112 0
1951 113 42
1951 114 40
1951 115 38
1951 116 0
1951 117 31
1951 118 40
1951 119 42
1951 120 36
1951 121 37
1976 1 44
1976 2 39
1976 3 30
1976 4 38
1976 5 40
1976 6 40
1976 7 40
1976 8 38
1976 9 0
1976 10 0
1976 11 0
1976 12 30
1976 13 41
1976 14 30
1976 15 40
1976 16 38
1976 17 35
1976 18 40
1976 19 35
1976 20 0
1976 21 0
1976 22 0
1976 23 41
1976 24 35
1976 25 39
1976 26 0
1976 27 40
1976 28 38
1976 29 42
1976 30 42
1976 31 0
1976 32 0
1976 33 0
1976 34 40
1976 35 40
1976 36 44
1976 37 0
1976 38 30
1976 39 29
1976 40 38
1976 41 50
1976 42 34
1976 43 0
1976 44 0
1976 45 0
1976 46 0
1976 47 37
1976 48 42
1976 49 37
1976 50 46
1976 51 41
1976 52 34
1976 53 39
1976 54 0
1976 55 0
1976 56 0
1976 57 0
1976 58 40
1976 59 40
1976 60 39
1976 61 30
1976 62 38
1976 63 39
1976 64 36
1976 65 0
1976 66 0
1976 67 0
1976 68 0
1976 69 42
1976 70 41
1976 71 33
1976 72 43
1976 73 33
1976 74 46
1976 75 37
1976 76 0
1976 77 0
1976 78 0
1976 79 0
1976 80 0
1976 81 36
1976 82 22
1976 83 40
1976 84 40
1976 85 36
1976 86 38
1976 87 39
1976 88 0
1976 89 0
1976 90 0
1976 91 39
1976 92 37
1976 93 35
1976 94 0
1976 95 37
1976 96 40
1976 97 36
1976 98 35
1976 99 0
1976 100 0
1976 101 0
1976 102 47
1976 103 40
1976 104 39
1976 105 0
1976 106 31
1976 107 36
1976 108 40
1976 109 42
1976 110 40
1976 111 0
1976 112 0
1976 113 40
1976 114 40
1976 115 34
1976 116 0
1976 117 41
1976 118 37
1976 119 39
1976 120 41
1976 121 39
