1 4452
26 1742
51 1613
76 1590
101 1561
126 1535
151 1560
176 1552
201 1519
226 1560
251 1561
276 1524
301 1564
326 1555
351 1512
376 1494
401 1444
426 1474
451 1476
476 1451
501 1438
526 1473
551 1419
576 1433
601 1468
626 1413
651 1408
676 1428
701 1416
726 1441
751 1435
776 1407
801 1477
826 1429
851 1425
876 1444
901 1417
926 1410
951 1426
976 1423
1001 1434
1026 1414
1051 1413
1076 1445
1101 1387
1126 1395
1151 1390
1176 1398
1201 1389
1226 1410
1251 1459
1276 1403
1301 1378
1326 1403
1351 1389
1376 1392
1401 1400
1426 1414
1451 1434
1476 1412
1501 1387
1526 1402
1551 1439
1576 1413
1601 1382
1626 1382
1651 1386
1676 1411
1701 1356
1726 1382
1751 1411
1776 1405
1801 1384
1826 1375
1851 1400
1876 1428
1901 1362
1926 1382
1951 1393
1976 1386
