1 47
26 54
51 52
76 55
101 60
126 64
151 66
176 63
201 65
226 65
251 70
276 71
301 69
326 68
351 71
376 70
401 73
426 72
451 72
476 75
501 71
526 71
551 72
576 75
601 68
626 69
651 71
676 69
701 67
726 69
751 67
776 68
801 73
826 68
851 65
876 61
901 62
926 59
951 61
976 63
1001 63
1026 65
1051 64
1076 69
1101 58
1126 60
1151 64
1176 67
1201 61
1226 64
1251 64
1276 66
1301 62
1326 64
1351 59
1376 60
1401 55
1426 60
1451 53
1476 58
1501 60
1526 55
1551 64
1576 63
1601 63
1626 58
1651 60
1676 61
1701 63
1726 55
1751 60
1776 58
1801 60
1826 65
1851 60
1876 59
1901 58
1926 61
1951 62
1976 59
