1 4472
26 3238
51 3191
76 3235
101 3203
126 3195
151 3239
176 3216
201 3217
226 3250
251 3168
276 3236
301 3242
326 3242
351 3218
376 3177
401 3210
426 3231
451 3247
476 3227
501 3238
526 3220
551 3239
576 3216
601 3213
626 3171
651 3262
676 3227
701 3235
726 3195
751 3265
776 3199
801 3222
826 3184
851 3188
876 3195
901 3174
926 3207
951 3204
976 3249
1001 3240
1026 3231
1051 3220
1076 3217
1101 3232
1126 3215
1151 3218
1176 3210
1201 3198
1226 3201
1251 3184
1276 3181
1301 3162
1326 3150
1351 3181
1376 3185
1401 3161
1426 3205
1451 3152
1476 3186
1501 3185
1526 3201
1551 3180
1576 3185
1601 3171
1626 3167
1651 3163
1676 3160
1701 3138
1726 3204
1751 3214
1776 3144
1801 3221
1826 3137
1851 3218
1876 3176
1901 3106
1926 3217
1951 3133
1976 3161
