1 4758
26 3899
51 3904
76 3873
101 3923
126 3865
151 3942
176 3908
201 3929
226 3894
251 3870
276 3901
301 3907
326 3912
351 3880
376 3876
401 3906
426 3900
451 3911
476 3895
501 3873
526 3910
551 3905
576 3884
601 3903
626 3910
651 3896
676 3933
701 3876
726 3910
751 3891
776 3891
801 3913
826 3950
851 3897
876 3909
901 3881
926 3857
951 3924
976 3903
1001 3908
1026 3864
1051 3872
1076 3870
1101 3883
1126 3865
1151 3883
1176 3946
1201 3916
1226 3891
1251 3870
1276 3907
1301 3887
1326 3853
1351 3853
1376 3863
1401 3856
1426 3877
1451 3878
1476 3927
1501 3893
1526 3870
1551 3897
1576 3900
1601 3903
1626 3897
1651 3892
1676 3922
1701 3899
1726 3904
1751 3875
1776 3886
1801 3855
1826 3904
1851 3919
1876 3871
1901 3867
1926 3876
1951 3912
1976 3889
