1 5214
26 2992
51 3065
76 3142
101 3305
126 3450
151 3481
176 3547
201 3610
226 3690
251 3653
276 3702
301 3726
326 3739
351 3735
376 3834
401 3727
426 3766
451 3816
476 3751
501 3811
526 3846
551 3838
576 3842
601 3809
626 3794
651 3779
676 3853
701 3856
726 3811
751 3844
776 3831
801 3749
826 3825
851 3789
876 3669
901 3764
926 3660
951 3692
976 3591
1001 3597
1026 3634
1051 3601
1076 3528
1101 3499
1126 3560
1151 3471
1176 3467
1201 3523
1226 3457
1251 3417
1276 3463
1301 3464
1326 3410
1351 3369
1376 3272
1401 3336
1426 3236
1451 3274
1476 3246
1501 3244
1526 3204
1551 3236
1576 3278
1601 3280
1626 3223
1651 3286
1676 3353
1701 3365
1726 3360
1751 3314
1776 3339
1801 3300
1826 3366
1851 3303
1876 3398
1901 3371
1926 3389
1951 3418
1976 3393
