1 1 3
1 2 1
1 3 33
1 4 7
1 5 14
1 6 5
1 7 1
1 8 2
1 9 6
1 10 2
1 11 114
1 12 4
1 13 152
1 14 3
1 15 6
1 16 2
1 17 2
1 18 13
1 19 4
1 20 76
1 21 2
1 22 5
1 23 2
1 24 3
1 25 72
1 26 435
1 27 3
1 28 17
1 29 1
1 30 153
1 31 6
1 32 1
1 33 5
1 34 2
1 35 73
1 36 4
1 37 4
1 38 48
1 39 4
1 40 1
1 41 196
1 42 14
1 43 3
1 44 350
1 45 14
1 46 37
1 47 3
1 48 472
1 49 86
1 50 4
1 51 3
1 52 0
1 53 121
1 54 181
1 55 5
1 56 0
1 57 2
1 58 6
1 59 2
1 60 7
1 61 535
1 62 33
1 63 173
1 64 301
1 65 3
1 66 12
1 67 2
1 68 41
1 69 4
1 70 1
1 71 60
1 72 15
1 73 4
1 74 20
1 75 2
1 76 4
1 77 3
1 78 2
1 79 4
1 80 16
1 81 2
1 82 3
1 83 4
1 84 2
1 85 153
1 86 119
1 87 5
1 88 2
1 89 6
1 90 138
1 91 32
1 92 112
1 93 3
1 94 5
1 95 1
26 1 2
26 2 3
26 3 37
26 4 46
26 5 0
26 6 45
26 7 35
26 8 2
26 9 3
26 10 33
26 11 16
26 12 42
26 13 72
26 14 12
26 15 0
26 16 12
26 17 7
26 18 3
26 19 19
26 20 14
26 21 1
26 22 30
26 23 2
26 24 3
26 25 26
26 26 124
26 27 11
26 28 2
26 29 49
26 30 43
26 31 21
26 32 26
26 33 10
26 34 0
26 35 29
26 36 12
26 37 2
26 38 44
26 39 9
26 40 2
26 41 62
26 42 12
26 43 10
26 44 114
26 45 29
26 46 5
26 47 0
26 48 73
26 49 27
26 50 3
26 51 43
26 52 18
26 53 19
26 54 74
26 55 42
26 56 0
26 57 24
26 58 26
26 59 10
26 60 34
26 61 143
26 62 31
26 63 84
26 64 94
26 65 16
26 66 70
26 67 2
26 68 12
26 69 55
26 70 0
26 71 11
26 72 10
26 73 38
26 74 28
26 75 31
26 76 51
26 77 35
26 78 3
26 79 24
26 80 42
26 81 25
26 82 43
26 83 1
26 84 36
26 85 43
26 86 18
26 87 0
26 88 1
26 89 26
26 90 40
26 91 19
26 92 59
26 93 1
26 94 42
26 95 7
51 1 41
51 2 1
51 3 40
51 4 43
51 5 13
51 6 92
51 7 35
51 8 6
51 9 3
51 10 50
51 11 17
51 12 20
51 13 66
51 14 9
51 15 13
51 16 17
51 17 6
51 18 9
51 19 35
51 20 10
51 21 3
51 22 41
51 23 3
51 24 25
51 25 21
51 26 146
51 27 9
51 28 9
51 29 61
51 30 43
51 31 40
51 32 53
51 33 24
51 34 0
51 35 23
51 36 16
51 37 4
51 38 46
51 39 35
51 40 4
51 41 78
51 42 16
51 43 7
51 44 107
51 45 23
51 46 0
51 47 8
51 48 46
51 49 36
51 50 1
51 51 64
51 52 32
51 53 13
51 54 48
51 55 19
51 56 3
51 57 55
51 58 34
51 59 0
51 60 41
51 61 109
51 62 40
51 63 57
51 64 120
51 65 23
51 66 98
51 67 26
51 68 11
51 69 45
51 70 0
51 71 2
51 72 12
51 73 33
51 74 27
51 75 74
51 76 73
51 77 62
51 78 4
51 79 29
51 80 40
51 81 23
51 82 29
51 83 3
51 84 66
51 85 6
51 86 20
51 87 2
51 88 27
51 89 20
51 90 31
51 91 15
51 92 59
51 93 2
51 94 16
51 95 12
76 1 79
76 2 2
76 3 37
76 4 47
76 5 5
76 6 83
76 7 64
76 8 9
76 9 5
76 10 62
76 11 12
76 12 32
76 13 43
76 14 9
76 15 1
76 16 1
76 17 0
76 18 0
76 19 28
76 20 11
76 21 13
76 22 57
76 23 0
76 24 19
76 25 28
76 26 145
76 27 21
76 28 15
76 29 73
76 30 44
76 31 12
76 32 64
76 33 8
76 34 0
76 35 21
76 36 12
76 37 4
76 38 54
76 39 41
76 40 6
76 41 69
76 42 25
76 43 25
76 44 102
76 45 19
76 46 0
76 47 8
76 48 49
76 49 57
76 50 7
76 51 60
76 52 8
76 53 14
76 54 40
76 55 13
76 56 26
76 57 49
76 58 18
76 59 6
76 60 48
76 61 123
76 62 22
76 63 51
76 64 129
76 65 14
76 66 93
76 67 56
76 68 2
76 69 46
76 70 16
76 71 2
76 72 0
76 73 31
76 74 18
76 75 51
76 76 17
76 77 62
76 78 4
76 79 82
76 80 59
76 81 24
76 82 40
76 83 0
76 84 87
76 85 2
76 86 22
76 87 0
76 88 43
76 89 19
76 90 31
76 91 14
76 92 51
76 93 1
76 94 35
76 95 2
101 1 84
101 2 1
101 3 38
101 4 17
101 5 3
101 6 88
101 7 67
101 8 0
101 9 0
101 10 68
101 11 9
101 12 74
101 13 32
101 14 10
101 15 36
101 16 1
101 17 0
101 18 11
101 19 40
101 20 15
101 21 1
101 22 80
101 23 3
101 24 23
101 25 15
101 26 154
101 27 14
101 28 18
101 29 47
101 30 29
101 31 7
101 32 47
101 33 14
101 34 2
101 35 23
101 36 13
101 37 5
101 38 38
101 39 44
101 40 0
101 41 63
101 42 21
101 43 21
101 44 118
101 45 34
101 46 0
101 47 5
101 48 56
101 49 55
101 50 2
101 51 53
101 52 0
101 53 2
101 54 26
101 55 5
101 56 36
101 57 54
101 58 12
101 59 4
101 60 46
101 61 107
101 62 4
101 63 46
101 64 116
101 65 6
101 66 112
101 67 61
101 68 0
101 69 58
101 70 15
101 71 3
101 72 7
101 73 3
101 74 23
101 75 56
101 76 13
101 77 75
101 78 5
101 79 88
101 80 56
101 81 20
101 82 36
101 83 4
101 84 86
101 85 15
101 86 30
101 87 18
101 88 50
101 89 34
101 90 24
101 91 25
101 92 19
101 93 7
101 94 47
101 95 1
126 1 78
126 2 16
126 3 46
126 4 3
126 5 6
126 6 61
126 7 93
126 8 1
126 9 1
126 10 114
126 11 2
126 12 52
126 13 11
126 14 21
126 15 15
126 16 0
126 17 2
126 18 5
126 19 31
126 20 22
126 21 1
126 22 53
126 23 2
126 24 16
126 25 20
126 26 132
126 27 11
126 28 45
126 29 43
126 30 13
126 31 13
126 32 33
126 33 1
126 34 4
126 35 27
126 36 10
126 37 2
126 38 41
126 39 31
126 40 0
126 41 50
126 42 42
126 43 6
126 44 111
126 45 10
126 46 7
126 47 3
126 48 60
126 49 53
126 50 4
126 51 35
126 52 1
126 53 2
126 54 21
126 55 5
126 56 44
126 57 67
126 58 1
126 59 15
126 60 73
126 61 98
126 62 15
126 63 44
126 64 146
126 65 34
126 66 84
126 67 65
126 68 4
126 69 28
126 70 20
126 71 0
126 72 6
126 73 2
126 74 21
126 75 63
126 76 17
126 77 81
126 78 1
126 79 89
126 80 46
126 81 37
126 82 50
126 83 0
126 84 82
126 85 27
126 86 52
126 87 17
126 88 51
126 89 27
126 90 20
126 91 17
126 92 32
126 93 1
126 94 35
126 95 2
151 1 88
151 2 15
151 3 50
151 4 3
151 5 4
151 6 79
151 7 72
151 8 2
151 9 0
151 10 125
151 11 0
151 12 42
151 13 10
151 14 19
151 15 16
151 16 1
151 17 1
151 18 15
151 19 39
151 20 21
151 21 1
151 22 43
151 23 12
151 24 25
151 25 13
151 26 133
151 27 2
151 28 11
151 29 51
151 30 0
151 31 14
151 32 64
151 33 1
151 34 17
151 35 16
151 36 12
151 37 3
151 38 26
151 39 21
151 40 1
151 41 46
151 42 35
151 43 5
151 44 116
151 45 14
151 46 1
151 47 14
151 48 56
151 49 56
151 50 0
151 51 49
151 52 9
151 53 0
151 54 21
151 55 4
151 56 5
151 57 68
151 58 1
151 59 4
151 60 58
151 61 112
151 62 12
151 63 34
151 64 162
151 65 17
151 66 85
151 67 93
151 68 20
151 69 47
151 70 17
151 71 1
151 72 1
151 73 6
151 74 39
151 75 88
151 76 0
151 77 102
151 78 0
151 79 103
151 80 45
151 81 40
151 82 55
151 83 0
151 84 71
151 85 47
151 86 30
151 87 13
151 88 34
151 89 21
151 90 1
151 91 4
151 92 30
151 93 8
151 94 39
151 95 9
176 1 97
176 2 12
176 3 29
176 4 0
176 5 3
176 6 74
176 7 87
176 8 3
176 9 3
176 10 116
176 11 2
176 12 27
176 13 47
176 14 21
176 15 11
176 16 7
176 17 0
176 18 8
176 19 30
176 20 11
176 21 9
176 22 27
176 23 14
176 24 34
176 25 0
176 26 140
176 27 2
176 28 0
176 29 83
176 30 1
176 31 21
176 32 52
176 33 0
176 34 24
176 35 28
176 36 24
176 37 3
176 38 5
176 39 34
176 40 1
176 41 37
176 42 25
176 43 3
176 44 152
176 45 0
176 46 0
176 47 0
176 48 73
176 49 45
176 50 2
176 51 56
176 52 0
176 53 1
176 54 26
176 55 10
176 56 3
176 57 65
176 58 6
176 59 4
176 60 44
176 61 115
176 62 4
176 63 25
176 64 168
176 65 28
176 66 72
176 67 112
176 68 0
176 69 18
176 70 6
176 71 10
176 72 4
176 73 25
176 74 19
176 75 46
176 76 3
176 77 87
176 78 1
176 79 126
176 80 80
176 81 35
176 82 66
176 83 10
176 84 151
176 85 63
176 86 39
176 87 11
176 88 63
176 89 18
176 90 1
176 91 5
176 92 29
176 93 3
176 94 41
176 95 2
201 1 112
201 2 14
201 3 36
201 4 1
201 5 2
201 6 89
201 7 91
201 8 8
201 9 4
201 10 109
201 11 37
201 12 58
201 13 24
201 14 15
201 15 10
201 16 0
201 17 3
201 18 6
201 19 68
201 20 0
201 21 15
201 22 36
201 23 23
201 24 5
201 25 2
201 26 134
201 27 1
201 28 1
201 29 81
201 30 0
201 31 32
201 32 68
201 33 0
201 34 33
201 35 22
201 36 29
201 37 1
201 38 0
201 39 26
201 40 0
201 41 17
201 42 30
201 43 9
201 44 152
201 45 0
201 46 1
201 47 1
201 48 72
201 49 41
201 50 12
201 51 39
201 52 12
201 53 0
201 54 21
201 55 1
201 56 2
201 57 62
201 58 19
201 59 2
201 60 35
201 61 135
201 62 7
201 63 22
201 64 118
201 65 41
201 66 37
201 67 140
201 68 0
201 69 21
201 70 2
201 71 2
201 72 2
201 73 16
201 74 1
201 75 20
201 76 1
201 77 92
201 78 6
201 79 112
201 80 69
201 81 5
201 82 42
201 83 23
201 84 150
201 85 42
201 86 65
201 87 13
201 88 62
201 89 29
201 90 0
201 91 3
201 92 40
201 93 4
201 94 39
201 95 1
226 1 92
226 2 18
226 3 11
226 4 6
226 5 0
226 6 75
226 7 142
226 8 1
226 9 0
226 10 96
226 11 39
226 12 40
226 13 14
226 14 25
226 15 7
226 16 2
226 17 3
226 18 4
226 19 109
226 20 0
226 21 20
226 22 47
226 23 2
226 24 1
226 25 1
226 26 117
226 27 9
226 28 1
226 29 85
226 30 18
226 31 16
226 32 33
226 33 2
226 34 38
226 35 62
226 36 12
226 37 2
226 38 0
226 39 23
226 40 0
226 41 13
226 42 19
226 43 4
226 44 160
226 45 6
226 46 5
226 47 1
226 48 69
226 49 38
226 50 18
226 51 29
226 52 6
226 53 3
226 54 26
226 55 17
226 56 12
226 57 68
226 58 25
226 59 1
226 60 48
226 61 141
226 62 38
226 63 21
226 64 124
226 65 24
226 66 55
226 67 102
226 68 3
226 69 26
226 70 10
226 71 3
226 72 2
226 73 45
226 74 14
226 75 15
226 76 21
226 77 91
226 78 0
226 79 102
226 80 65
226 81 4
226 82 33
226 83 13
226 84 126
226 85 55
226 86 65
226 87 21
226 88 73
226 89 4
226 90 3
226 91 1
226 92 38
226 93 1
226 94 44
226 95 13
251 1 91
251 2 14
251 3 0
251 4 4
251 5 2
251 6 63
251 7 139
251 8 0
251 9 4
251 10 88
251 11 36
251 12 73
251 13 3
251 14 40
251 15 9
251 16 4
251 17 7
251 18 3
251 19 83
251 20 2
251 21 33
251 22 48
251 23 0
251 24 8
251 25 0
251 26 134
251 27 8
251 28 0
251 29 118
251 30 26
251 31 26
251 32 52
251 33 2
251 34 24
251 35 62
251 36 10
251 37 7
251 38 0
251 39 28
251 40 4
251 41 11
251 42 31
251 43 2
251 44 163
251 45 10
251 46 1
251 47 2
251 48 56
251 49 65
251 50 34
251 51 47
251 52 28
251 53 16
251 54 25
251 55 17
251 56 3
251 57 49
251 58 18
251 59 1
251 60 26
251 61 129
251 62 22
251 63 21
251 64 108
251 65 28
251 66 43
251 67 84
251 68 2
251 69 32
251 70 16
251 71 21
251 72 5
251 73 53
251 74 6
251 75 36
251 76 2
251 77 60
251 78 6
251 79 120
251 80 58
251 81 11
251 82 89
251 83 4
251 84 146
251 85 19
251 86 65
251 87 4
251 88 51
251 89 0
251 90 0
251 91 5
251 92 51
251 93 5
251 94 24
251 95 9
276 1 55
276 2 15
276 3 0
276 4 1
276 5 3
276 6 23
276 7 148
276 8 0
276 9 7
276 10 89
276 11 38
276 12 53
276 13 1
276 14 65
276 15 9
276 16 4
276 17 3
276 18 1
276 19 59
276 20 2
276 21 22
276 22 30
276 23 2
276 24 27
276 25 1
276 26 148
276 27 3
276 28 1
276 29 127
276 30 35
276 31 13
276 32 93
276 33 1
276 34 21
276 35 52
276 36 16
276 37 3
276 38 2
276 39 20
276 40 0
276 41 17
276 42 55
276 43 2
276 44 154
276 45 2
276 46 1
276 47 5
276 48 53
276 49 65
276 50 37
276 51 38
276 52 21
276 53 24
276 54 21
276 55 24
276 56 24
276 57 33
276 58 32
276 59 7
276 60 34
276 61 109
276 62 17
276 63 19
276 64 91
276 65 14
276 66 45
276 67 80
276 68 2
276 69 29
276 70 34
276 71 15
276 72 6
276 73 28
276 74 2
276 75 76
276 76 1
276 77 69
276 78 8
276 79 104
276 80 69
276 81 47
276 82 105
276 83 0
276 84 140
276 85 58
276 86 81
276 87 13
276 88 39
276 89 14
276 90 1
276 91 12
276 92 18
276 93 1
276 94 21
276 95 0
301 1 28
301 2 13
301 3 18
301 4 2
301 5 1
301 6 37
301 7 143
301 8 1
301 9 2
301 10 105
301 11 39
301 12 21
301 13 3
301 14 40
301 15 6
301 16 12
301 17 3
301 18 3
301 19 43
301 20 2
301 21 41
301 22 38
301 23 8
301 24 9
301 25 4
301 26 122
301 27 0
301 28 7
301 29 123
301 30 20
301 31 16
301 32 91
301 33 1
301 34 6
301 35 44
301 36 35
301 37 0
301 38 8
301 39 34
301 40 0
301 41 36
301 42 20
301 43 0
301 44 140
301 45 3
301 46 2
301 47 16
301 48 61
301 49 69
301 50 14
301 51 47
301 52 24
301 53 34
301 54 20
301 55 33
301 56 32
301 57 42
301 58 27
301 59 13
301 60 27
301 61 136
301 62 27
301 63 36
301 64 110
301 65 25
301 66 41
301 67 74
301 68 1
301 69 30
301 70 20
301 71 22
301 72 3
301 73 33
301 74 3
301 75 56
301 76 3
301 77 81
301 78 13
301 79 60
301 80 58
301 81 46
301 82 85
301 83 2
301 84 116
301 85 49
301 86 60
301 87 23
301 88 45
301 89 17
301 90 0
301 91 10
301 92 40
301 93 2
301 94 38
301 95 1
326 1 33
326 2 4
326 3 34
326 4 1
326 5 8
326 6 53
326 7 111
326 8 0
326 9 7
326 10 96
326 11 30
326 12 35
326 13 33
326 14 38
326 15 14
326 16 13
326 17 0
326 18 0
326 19 48
326 20 2
326 21 36
326 22 32
326 23 16
326 24 2
326 25 0
326 26 114
326 27 1
326 28 8
326 29 109
326 30 42
326 31 22
326 32 108
326 33 4
326 34 7
326 35 53
326 36 31
326 37 1
326 38 2
326 39 31
326 40 0
326 41 45
326 42 4
326 43 2
326 44 162
326 45 2
326 46 1
326 47 3
326 48 51
326 49 29
326 50 22
326 51 42
326 52 44
326 53 38
326 54 31
326 55 21
326 56 28
326 57 24
326 58 25
326 59 7
326 60 19
326 61 131
326 62 45
326 63 46
326 64 108
326 65 29
326 66 52
326 67 112
326 68 11
326 69 30
326 70 12
326 71 14
326 72 2
326 73 29
326 74 7
326 75 63
326 76 12
326 77 80
326 78 32
326 79 72
326 80 50
326 81 27
326 82 76
326 83 2
326 84 121
326 85 57
326 86 63
326 87 21
326 88 23
326 89 21
326 90 0
326 91 24
326 92 18
326 93 1
326 94 20
326 95 1
351 1 21
351 2 8
351 3 30
351 4 0
351 5 5
351 6 29
351 7 150
351 8 2
351 9 3
351 10 55
351 11 39
351 12 33
351 13 14
351 14 85
351 15 9
351 16 2
351 17 0
351 18 5
351 19 45
351 20 0
351 21 17
351 22 61
351 23 22
351 24 18
351 25 0
351 26 124
351 27 6
351 28 24
351 29 51
351 30 26
351 31 15
351 32 128
351 33 1
351 34 0
351 35 41
351 36 16
351 37 2
351 38 7
351 39 31
351 40 3
351 41 14
351 42 16
351 43 22
351 44 162
351 45 9
351 46 0
351 47 4
351 48 51
351 49 58
351 50 18
351 51 33
351 52 47
351 53 40
351 54 27
351 55 14
351 56 32
351 57 38
351 58 17
351 59 2
351 60 33
351 61 118
351 62 51
351 63 42
351 64 112
351 65 22
351 66 72
351 67 168
351 68 9
351 69 15
351 70 32
351 71 7
351 72 1
351 73 19
351 74 1
351 75 15
351 76 12
351 77 84
351 78 32
351 79 76
351 80 41
351 81 46
351 82 84
351 83 3
351 84 126
351 85 66
351 86 65
351 87 16
351 88 37
351 89 19
351 90 8
351 91 27
351 92 17
351 93 3
351 94 15
351 95 1
376 1 2
376 2 0
376 3 29
376 4 3
376 5 1
376 6 14
376 7 198
376 8 2
376 9 0
376 10 54
376 11 36
376 12 61
376 13 9
376 14 47
376 15 2
376 16 5
376 17 1
376 18 2
376 19 53
376 20 3
376 21 36
376 22 41
376 23 19
376 24 32
376 25 5
376 26 100
376 27 2
376 28 9
376 29 45
376 30 26
376 31 9
376 32 111
376 33 1
376 34 1
376 35 43
376 36 18
376 37 3
376 38 9
376 39 20
376 40 7
376 41 27
376 42 12
376 43 16
376 44 176
376 45 0
376 46 1
376 47 2
376 48 58
376 49 49
376 50 15
376 51 31
376 52 50
376 53 43
376 54 23
376 55 6
376 56 11
376 57 63
376 58 16
376 59 2
376 60 12
376 61 73
376 62 54
376 63 47
376 64 159
376 65 26
376 66 85
376 67 141
376 68 1
376 69 10
376 70 18
376 71 6
376 72 0
376 73 23
376 74 8
376 75 9
376 76 35
376 77 123
376 78 38
376 79 44
376 80 63
376 81 65
376 82 84
376 83 18
376 84 125
376 85 74
376 86 41
376 87 27
376 88 22
376 89 19
376 90 39
376 91 20
376 92 24
376 93 1
376 94 0
376 95 0
401 1 21
401 2 1
401 3 31
401 4 8
401 5 3
401 6 21
401 7 196
401 8 4
401 9 4
401 10 44
401 11 22
401 12 61
401 13 8
401 14 41
401 15 3
401 16 20
401 17 1
401 18 4
401 19 57
401 20 2
401 21 37
401 22 56
401 23 10
401 24 25
401 25 6
401 26 93
401 27 1
401 28 17
401 29 16
401 30 16
401 31 2
401 32 172
401 33 2
401 34 9
401 35 20
401 36 2
401 37 3
401 38 15
401 39 26
401 40 9
401 41 28
401 42 4
401 43 11
401 44 189
401 45 0
401 46 8
401 47 1
401 48 49
401 49 48
401 50 17
401 51 17
401 52 30
401 53 56
401 54 18
401 55 3
401 56 1
401 57 59
401 58 0
401 59 1
401 60 0
401 61 63
401 62 47
401 63 46
401 64 145
401 65 16
401 66 111
401 67 153
401 68 0
401 69 30
401 70 41
401 71 2
401 72 3
401 73 2
401 74 7
401 75 17
401 76 22
401 77 90
401 78 29
401 79 51
401 80 81
401 81 91
401 82 59
401 83 14
401 84 123
401 85 57
401 86 34
401 87 27
401 88 22
401 89 26
401 90 38
401 91 36
401 92 44
401 93 1
401 94 19
401 95 2
426 1 19
426 2 2
426 3 42
426 4 15
426 5 3
426 6 37
426 7 176
426 8 1
426 9 2
426 10 41
426 11 17
426 12 86
426 13 32
426 14 25
426 15 2
426 16 17
426 17 3
426 18 6
426 19 81
426 20 3
426 21 51
426 22 24
426 23 12
426 24 2
426 25 10
426 26 76
426 27 3
426 28 13
426 29 3
426 30 9
426 31 10
426 32 199
426 33 3
426 34 11
426 35 40
426 36 16
426 37 4
426 38 17
426 39 26
426 40 7
426 41 14
426 42 0
426 43 15
426 44 169
426 45 0
426 46 5
426 47 1
426 48 52
426 49 34
426 50 29
426 51 9
426 52 13
426 53 47
426 54 19
426 55 11
426 56 1
426 57 35
426 58 8
426 59 2
426 60 0
426 61 67
426 62 60
426 63 36
426 64 141
426 65 18
426 66 150
426 67 169
426 68 12
426 69 45
426 70 44
426 71 5
426 72 1
426 73 11
426 74 13
426 75 29
426 76 16
426 77 131
426 78 35
426 79 57
426 80 44
426 81 46
426 82 70
426 83 12
426 84 105
426 85 77
426 86 41
426 87 36
426 88 7
426 89 6
426 90 47
426 91 17
426 92 40
426 93 8
426 94 33
426 95 5
451 1 41
451 2 3
451 3 43
451 4 11
451 5 0
451 6 76
451 7 151
451 8 1
451 9 2
451 10 45
451 11 14
451 12 69
451 13 37
451 14 42
451 15 4
451 16 14
451 17 1
451 18 14
451 19 89
451 20 2
451 21 55
451 22 65
451 23 3
451 24 3
451 25 1
451 26 92
451 27 4
451 28 7
451 29 30
451 30 16
451 31 16
451 32 178
451 33 3
451 34 14
451 35 43
451 36 19
451 37 0
451 38 17
451 39 34
451 40 1
451 41 23
451 42 0
451 43 1
451 44 178
451 45 2
451 46 5
451 47 0
451 48 56
451 49 34
451 50 10
451 51 37
451 52 3
451 53 50
451 54 21
451 55 0
451 56 0
451 57 37
451 58 8
451 59 2
451 60 2
451 61 72
451 62 57
451 63 48
451 64 157
451 65 4
451 66 102
451 67 174
451 68 10
451 69 14
451 70 44
451 71 1
451 72 3
451 73 18
451 74 1
451 75 32
451 76 14
451 77 122
451 78 41
451 79 47
451 80 57
451 81 27
451 82 65
451 83 3
451 84 91
451 85 62
451 86 43
451 87 40
451 88 20
451 89 16
451 90 40
451 91 14
451 92 37
451 93 5
451 94 43
451 95 13
476 1 40
476 2 0
476 3 35
476 4 0
476 5 1
476 6 111
476 7 172
476 8 4
476 9 1
476 10 66
476 11 15
476 12 43
476 13 36
476 14 30
476 15 0
476 16 28
476 17 2
476 18 11
476 19 87
476 20 4
476 21 9
476 22 68
476 23 2
476 24 4
476 25 4
476 26 69
476 27 3
476 28 3
476 29 14
476 30 13
476 31 27
476 32 167
476 33 2
476 34 1
476 35 68
476 36 15
476 37 0
476 38 24
476 39 22
476 40 3
476 41 26
476 42 2
476 43 0
476 44 210
476 45 2
476 46 2
476 47 2
476 48 54
476 49 31
476 50 19
476 51 34
476 52 6
476 53 37
476 54 20
476 55 24
476 56 10
476 57 42
476 58 0
476 59 1
476 60 0
476 61 71
476 62 85
476 63 41
476 64 132
476 65 3
476 66 83
476 67 130
476 68 9
476 69 4
476 70 30
476 71 2
476 72 2
476 73 18
476 74 12
476 75 23
476 76 18
476 77 169
476 78 46
476 79 59
476 80 85
476 81 26
476 82 54
476 83 0
476 84 104
476 85 136
476 86 47
476 87 37
476 88 12
476 89 15
476 90 44
476 91 15
476 92 17
476 93 6
476 94 31
476 95 9
501 1 50
501 2 4
501 3 8
501 4 16
501 5 1
501 6 89
501 7 126
501 8 10
501 9 0
501 10 112
501 11 23
501 12 37
501 13 40
501 14 61
501 15 2
501 16 35
501 17 4
501 18 23
501 19 93
501 20 1
501 21 2
501 22 58
501 23 0
501 24 1
501 25 0
501 26 68
501 27 3
501 28 3
501 29 9
501 30 11
501 31 37
501 32 167
501 33 2
501 34 9
501 35 51
501 36 21
501 37 2
501 38 43
501 39 17
501 40 0
501 41 11
501 42 26
501 43 0
501 44 206
501 45 12
501 46 23
501 47 1
501 48 52
501 49 27
501 50 12
501 51 19
501 52 11
501 53 31
501 54 20
501 55 9
501 56 12
501 57 28
501 58 2
501 59 0
501 60 1
501 61 79
501 62 85
501 63 39
501 64 124
501 65 26
501 66 96
501 67 123
501 68 1
501 69 5
501 70 23
501 71 15
501 72 5
501 73 25
501 74 13
501 75 27
501 76 23
501 77 118
501 78 38
501 79 53
501 80 97
501 81 21
501 82 74
501 83 1
501 84 96
501 85 129
501 86 42
501 87 20
501 88 24
501 89 18
501 90 43
501 91 15
501 92 8
501 93 0
501 94 21
501 95 19
526 1 52
526 2 18
526 3 14
526 4 15
526 5 4
526 6 70
526 7 154
526 8 8
526 9 6
526 10 119
526 11 14
526 12 24
526 13 38
526 14 35
526 15 2
526 16 26
526 17 12
526 18 23
526 19 95
526 20 2
526 21 1
526 22 71
526 23 8
526 24 3
526 25 5
526 26 72
526 27 16
526 28 7
526 29 9
526 30 6
526 31 34
526 32 152
526 33 6
526 34 4
526 35 53
526 36 28
526 37 0
526 38 43
526 39 4
526 40 0
526 41 8
526 42 27
526 43 10
526 44 227
526 45 4
526 46 28
526 47 2
526 48 51
526 49 41
526 50 9
526 51 42
526 52 27
526 53 11
526 54 20
526 55 0
526 56 9
526 57 26
526 58 1
526 59 6
526 60 18
526 61 58
526 62 85
526 63 37
526 64 140
526 65 26
526 66 57
526 67 122
526 68 1
526 69 28
526 70 28
526 71 23
526 72 16
526 73 0
526 74 10
526 75 16
526 76 10
526 77 108
526 78 24
526 79 68
526 80 73
526 81 16
526 82 105
526 83 3
526 84 134
526 85 118
526 86 38
526 87 34
526 88 24
526 89 7
526 90 40
526 91 22
526 92 5
526 93 2
526 94 9
526 95 27
551 1 52
551 2 4
551 3 1
551 4 13
551 5 0
551 6 41
551 7 125
551 8 3
551 9 2
551 10 102
551 11 19
551 12 27
551 13 52
551 14 19
551 15 0
551 16 1
551 17 4
551 18 16
551 19 133
551 20 3
551 21 7
551 22 35
551 23 8
551 24 0
551 25 9
551 26 77
551 27 1
551 28 2
551 29 8
551 30 4
551 31 27
551 32 170
551 33 0
551 34 10
551 35 58
551 36 40
551 37 4
551 38 26
551 39 2
551 40 1
551 41 12
551 42 24
551 43 18
551 44 242
551 45 17
551 46 26
551 47 4
551 48 47
551 49 39
551 50 26
551 51 54
551 52 18
551 53 2
551 54 28
551 55 21
551 56 23
551 57 21
551 58 0
551 59 5
551 60 25
551 61 71
551 62 84
551 63 39
551 64 155
551 65 34
551 66 50
551 67 109
551 68 0
551 69 58
551 70 28
551 71 22
551 72 27
551 73 2
551 74 16
551 75 24
551 76 20
551 77 93
551 78 14
551 79 92
551 80 56
551 81 45
551 82 118
551 83 1
551 84 159
551 85 88
551 86 31
551 87 26
551 88 28
551 89 6
551 90 48
551 91 12
551 92 2
551 93 1
551 94 13
551 95 8
576 1 15
576 2 0
576 3 1
576 4 6
576 5 3
576 6 32
576 7 59
576 8 3
576 9 4
576 10 84
576 11 37
576 12 41
576 13 67
576 14 15
576 15 0
576 16 0
576 17 2
576 18 0
576 19 144
576 20 2
576 21 14
576 22 31
576 23 14
576 24 11
576 25 4
576 26 44
576 27 8
576 28 7
576 29 12
576 30 2
576 31 41
576 32 185
576 33 3
576 34 34
576 35 64
576 36 51
576 37 1
576 38 17
576 39 0
576 40 0
576 41 38
576 42 8
576 43 17
576 44 269
576 45 14
576 46 15
576 47 10
576 48 51
576 49 38
576 50 16
576 51 59
576 52 15
576 53 2
576 54 22
576 55 25
576 56 28
576 57 19
576 58 4
576 59 14
576 60 30
576 61 65
576 62 76
576 63 50
576 64 150
576 65 22
576 66 29
576 67 91
576 68 4
576 69 60
576 70 47
576 71 31
576 72 42
576 73 0
576 74 10
576 75 39
576 76 44
576 77 23
576 78 27
576 79 141
576 80 61
576 81 51
576 82 138
576 83 0
576 84 126
576 85 53
576 86 2
576 87 33
576 88 22
576 89 17
576 90 73
576 91 11
576 92 6
576 93 0
576 94 28
576 95 2
601 1 8
601 2 1
601 3 1
601 4 1
601 5 5
601 6 8
601 7 61
601 8 4
601 9 2
601 10 133
601 11 34
601 12 58
601 13 73
601 14 6
601 15 3
601 16 3
601 17 3
601 18 4
601 19 136
601 20 1
601 21 10
601 22 27
601 23 14
601 24 20
601 25 5
601 26 36
601 27 3
601 28 5
601 29 23
601 30 5
601 31 42
601 32 141
601 33 5
601 34 39
601 35 54
601 36 24
601 37 3
601 38 13
601 39 17
601 40 0
601 41 57
601 42 28
601 43 7
601 44 249
601 45 5
601 46 9
601 47 4
601 48 51
601 49 38
601 50 13
601 51 52
601 52 8
601 53 4
601 54 22
601 55 8
601 56 25
601 57 31
601 58 0
601 59 0
601 60 18
601 61 67
601 62 97
601 63 41
601 64 159
601 65 20
601 66 37
601 67 81
601 68 1
601 69 40
601 70 36
601 71 42
601 72 33
601 73 0
601 74 28
601 75 21
601 76 66
601 77 30
601 78 39
601 79 175
601 80 54
601 81 34
601 82 128
601 83 8
601 84 185
601 85 33
601 86 13
601 87 7
601 88 29
601 89 6
601 90 74
601 91 12
601 92 2
601 93 1
601 94 37
601 95 2
626 1 8
626 2 0
626 3 1
626 4 7
626 5 3
626 6 2
626 7 64
626 8 1
626 9 1
626 10 156
626 11 23
626 12 73
626 13 61
626 14 2
626 15 5
626 16 2
626 17 0
626 18 1
626 19 161
626 20 2
626 21 15
626 22 48
626 23 11
626 24 9
626 25 15
626 26 53
626 27 0
626 28 2
626 29 34
626 30 25
626 31 34
626 32 154
626 33 6
626 34 14
626 35 108
626 36 43
626 37 2
626 38 9
626 39 9
626 40 3
626 41 38
626 42 27
626 43 3
626 44 235
626 45 2
626 46 5
626 47 0
626 48 54
626 49 38
626 50 28
626 51 58
626 52 16
626 53 29
626 54 21
626 55 11
626 56 23
626 57 40
626 58 1
626 59 4
626 60 14
626 61 43
626 62 95
626 63 51
626 64 181
626 65 8
626 66 46
626 67 93
626 68 3
626 69 31
626 70 29
626 71 19
626 72 24
626 73 0
626 74 28
626 75 19
626 76 56
626 77 43
626 78 33
626 79 132
626 80 44
626 81 26
626 82 129
626 83 0
626 84 144
626 85 22
626 86 33
626 87 2
626 88 32
626 89 11
626 90 77
626 91 2
626 92 1
626 93 8
626 94 39
626 95 1
651 1 0
651 2 0
651 3 1
651 4 1
651 5 2
651 6 2
651 7 45
651 8 4
651 9 0
651 10 171
651 11 33
651 12 48
651 13 51
651 14 7
651 15 19
651 16 0
651 17 3
651 18 2
651 19 134
651 20 1
651 21 20
651 22 55
651 23 2
651 24 1
651 25 11
651 26 64
651 27 2
651 28 0
651 29 38
651 30 42
651 31 32
651 32 151
651 33 33
651 34 0
651 35 101
651 36 13
651 37 4
651 38 24
651 39 37
651 40 5
651 41 46
651 42 19
651 43 4
651 44 228
651 45 0
651 46 1
651 47 2
651 48 52
651 49 51
651 50 12
651 51 89
651 52 15
651 53 34
651 54 26
651 55 11
651 56 18
651 57 36
651 58 0
651 59 5
651 60 4
651 61 50
651 62 97
651 63 48
651 64 178
651 65 25
651 66 73
651 67 129
651 68 3
651 69 0
651 70 10
651 71 2
651 72 26
651 73 3
651 74 22
651 75 27
651 76 44
651 77 34
651 78 6
651 79 137
651 80 42
651 81 45
651 82 146
651 83 0
651 84 172
651 85 16
651 86 35
651 87 1
651 88 33
651 89 14
651 90 77
651 91 1
651 92 7
651 93 3
651 94 21
651 95 1
676 1 1
676 2 14
676 3 1
676 4 1
676 5 0
676 6 34
676 7 60
676 8 2
676 9 3
676 10 148
676 11 30
676 12 45
676 13 61
676 14 10
676 15 16
676 16 3
676 17 2
676 18 0
676 19 128
676 20 0
676 21 18
676 22 77
676 23 5
676 24 4
676 25 1
676 26 72
676 27 2
676 28 5
676 29 36
676 30 57
676 31 37
676 32 138
676 33 18
676 34 2
676 35 98
676 36 26
676 37 1
676 38 33
676 39 40
676 40 1
676 41 38
676 42 16
676 43 1
676 44 210
676 45 3
676 46 1
676 47 1
676 48 50
676 49 33
676 50 2
676 51 103
676 52 35
676 53 19
676 54 15
676 55 7
676 56 11
676 57 28
676 58 1
676 59 0
676 60 27
676 61 42
676 62 75
676 63 49
676 64 198
676 65 9
676 66 98
676 67 94
676 68 1
676 69 25
676 70 16
676 71 1
676 72 15
676 73 8
676 74 10
676 75 18
676 76 30
676 77 33
676 78 1
676 79 115
676 80 33
676 81 28
676 82 120
676 83 11
676 84 164
676 85 36
676 86 38
676 87 0
676 88 34
676 89 24
676 90 82
676 91 4
676 92 1
676 93 1
676 94 27
676 95 3
701 1 2
701 2 15
701 3 1
701 4 23
701 5 2
701 6 28
701 7 54
701 8 1
701 9 0
701 10 158
701 11 47
701 12 47
701 13 62
701 14 8
701 15 8
701 16 0
701 17 3
701 18 0
701 19 132
701 20 3
701 21 14
701 22 144
701 23 4
701 24 3
701 25 3
701 26 60
701 27 3
701 28 3
701 29 17
701 30 78
701 31 39
701 32 169
701 33 4
701 34 3
701 35 82
701 36 16
701 37 2
701 38 6
701 39 28
701 40 11
701 41 40
701 42 12
701 43 3
701 44 230
701 45 3
701 46 3
701 47 3
701 48 44
701 49 23
701 50 1
701 51 45
701 52 17
701 53 7
701 54 29
701 55 2
701 56 6
701 57 29
701 58 2
701 59 2
701 60 29
701 61 58
701 62 75
701 63 34
701 64 197
701 65 9
701 66 94
701 67 110
701 68 1
701 69 25
701 70 39
701 71 2
701 72 0
701 73 2
701 74 2
701 75 10
701 76 45
701 77 40
701 78 1
701 79 112
701 80 54
701 81 40
701 82 133
701 83 16
701 84 194
701 85 16
701 86 48
701 87 5
701 88 20
701 89 12
701 90 88
701 91 1
701 92 0
701 93 0
701 94 31
701 95 6
726 1 1
726 2 17
726 3 1
726 4 12
726 5 2
726 6 18
726 7 65
726 8 1
726 9 2
726 10 119
726 11 29
726 12 62
726 13 66
726 14 22
726 15 1
726 16 0
726 17 2
726 18 2
726 19 139
726 20 2
726 21 22
726 22 150
726 23 2
726 24 3
726 25 6
726 26 72
726 27 0
726 28 0
726 29 32
726 30 75
726 31 50
726 32 149
726 33 2
726 34 6
726 35 93
726 36 22
726 37 1
726 38 4
726 39 20
726 40 13
726 41 42
726 42 2
726 43 0
726 44 239
726 45 8
726 46 0
726 47 1
726 48 46
726 49 42
726 50 28
726 51 33
726 52 15
726 53 2
726 54 30
726 55 4
726 56 5
726 57 32
726 58 1
726 59 0
726 60 32
726 61 58
726 62 76
726 63 34
726 64 180
726 65 24
726 66 88
726 67 107
726 68 1
726 69 26
726 70 29
726 71 5
726 72 2
726 73 0
726 74 8
726 75 2
726 76 62
726 77 32
726 78 0
726 79 128
726 80 57
726 81 16
726 82 121
726 83 19
726 84 167
726 85 2
726 86 42
726 87 4
726 88 23
726 89 20
726 90 73
726 91 1
726 92 5
726 93 2
726 94 20
726 95 20
751 1 0
751 2 7
751 3 1
751 4 12
751 5 2
751 6 23
751 7 52
751 8 2
751 9 1
751 10 73
751 11 27
751 12 59
751 13 70
751 14 31
751 15 0
751 16 1
751 17 4
751 18 0
751 19 118
751 20 1
751 21 16
751 22 150
751 23 2
751 24 2
751 25 3
751 26 132
751 27 9
751 28 3
751 29 32
751 30 60
751 31 32
751 32 170
751 33 3
751 34 1
751 35 98
751 36 32
751 37 4
751 38 35
751 39 27
751 40 2
751 41 30
751 42 1
751 43 0
751 44 225
751 45 0
751 46 3
751 47 1
751 48 57
751 49 40
751 50 27
751 51 35
751 52 41
751 53 2
751 54 21
751 55 0
751 56 0
751 57 34
751 58 1
751 59 2
751 60 54
751 61 51
751 62 86
751 63 39
751 64 168
751 65 22
751 66 95
751 67 124
751 68 9
751 69 18
751 70 33
751 71 4
751 72 2
751 73 6
751 74 7
751 75 2
751 76 39
751 77 36
751 78 11
751 79 120
751 80 39
751 81 16
751 82 139
751 83 14
751 84 167
751 85 1
751 86 49
751 87 4
751 88 7
751 89 36
751 90 55
751 91 0
751 92 13
751 93 2
751 94 34
751 95 6
776 1 3
776 2 3
776 3 1
776 4 18
776 5 2
776 6 23
776 7 44
776 8 5
776 9 3
776 10 78
776 11 30
776 12 60
776 13 59
776 14 34
776 15 0
776 16 9
776 17 1
776 18 0
776 19 117
776 20 9
776 21 34
776 22 163
776 23 0
776 24 1
776 25 2
776 26 132
776 27 15
776 28 12
776 29 42
776 30 58
776 31 33
776 32 187
776 33 3
776 34 1
776 35 71
776 36 38
776 37 1
776 38 31
776 39 32
776 40 1
776 41 24
776 42 0
776 43 1
776 44 244
776 45 0
776 46 1
776 47 3
776 48 63
776 49 34
776 50 24
776 51 69
776 52 26
776 53 1
776 54 24
776 55 7
776 56 5
776 57 19
776 58 1
776 59 12
776 60 14
776 61 44
776 62 86
776 63 31
776 64 173
776 65 15
776 66 110
776 67 126
776 68 9
776 69 16
776 70 28
776 71 1
776 72 0
776 73 1
776 74 8
776 75 1
776 76 24
776 77 57
776 78 1
776 79 128
776 80 74
776 81 44
776 82 122
776 83 11
776 84 159
776 85 2
776 86 43
776 87 2
776 88 22
776 89 32
776 90 62
776 91 0
776 92 17
776 93 0
776 94 35
776 95 6
801 1 1
801 2 1
801 3 1
801 4 9
801 5 2
801 6 25
801 7 36
801 8 18
801 9 1
801 10 86
801 11 30
801 12 39
801 13 53
801 14 43
801 15 7
801 16 1
801 17 2
801 18 0
801 19 105
801 20 7
801 21 29
801 22 151
801 23 0
801 24 1
801 25 1
801 26 129
801 27 8
801 28 15
801 29 57
801 30 71
801 31 16
801 32 171
801 33 2
801 34 2
801 35 61
801 36 31
801 37 4
801 38 24
801 39 50
801 40 2
801 41 30
801 42 1
801 43 2
801 44 219
801 45 1
801 46 2
801 47 1
801 48 74
801 49 23
801 50 36
801 51 52
801 52 27
801 53 11
801 54 33
801 55 4
801 56 2
801 57 41
801 58 2
801 59 5
801 60 40
801 61 52
801 62 79
801 63 25
801 64 175
801 65 17
801 66 107
801 67 83
801 68 6
801 69 36
801 70 21
801 71 0
801 72 2
801 73 2
801 74 5
801 75 3
801 76 52
801 77 28
801 78 12
801 79 122
801 80 87
801 81 56
801 82 99
801 83 30
801 84 174
801 85 1
801 86 21
801 87 2
801 88 6
801 89 21
801 90 66
801 91 3
801 92 23
801 93 0
801 94 22
801 95 3
826 1 3
826 2 14
826 3 4
826 4 24
826 5 2
826 6 25
826 7 41
826 8 24
826 9 0
826 10 124
826 11 40
826 12 37
826 13 58
826 14 38
826 15 7
826 16 3
826 17 5
826 18 0
826 19 116
826 20 13
826 21 34
826 22 133
826 23 8
826 24 3
826 25 24
826 26 131
826 27 13
826 28 7
826 29 50
826 30 59
826 31 8
826 32 144
826 33 0
826 34 3
826 35 70
826 36 36
826 37 6
826 38 32
826 39 26
826 40 5
826 41 28
826 42 0
826 43 1
826 44 228
826 45 9
826 46 3
826 47 3
826 48 88
826 49 37
826 50 54
826 51 42
826 52 30
826 53 16
826 54 21
826 55 4
826 56 2
826 57 33
826 58 3
826 59 0
826 60 49
826 61 37
826 62 81
826 63 20
826 64 186
826 65 23
826 66 124
826 67 78
826 68 7
826 69 33
826 70 18
826 71 0
826 72 0
826 73 2
826 74 2
826 75 3
826 76 44
826 77 23
826 78 2
826 79 70
826 80 71
826 81 42
826 82 117
826 83 15
826 84 188
826 85 1
826 86 14
826 87 1
826 88 12
826 89 15
826 90 35
826 91 2
826 92 25
826 93 1
826 94 32
826 95 1
851 1 2
851 2 12
851 3 1
851 4 26
851 5 1
851 6 61
851 7 58
851 8 19
851 9 14
851 10 100
851 11 29
851 12 68
851 13 62
851 14 49
851 15 2
851 16 3
851 17 4
851 18 1
851 19 133
851 20 9
851 21 40
851 22 100
851 23 3
851 24 9
851 25 45
851 26 124
851 27 17
851 28 0
851 29 47
851 30 61
851 31 10
851 32 148
851 33 1
851 34 1
851 35 51
851 36 11
851 37 2
851 38 24
851 39 35
851 40 1
851 41 25
851 42 4
851 43 4
851 44 223
851 45 1
851 46 3
851 47 1
851 48 71
851 49 25
851 50 36
851 51 18
851 52 35
851 53 4
851 54 32
851 55 3
851 56 7
851 57 25
851 58 4
851 59 1
851 60 65
851 61 41
851 62 70
851 63 37
851 64 207
851 65 18
851 66 120
851 67 72
851 68 4
851 69 30
851 70 20
851 71 3
851 72 0
851 73 3
851 74 8
851 75 9
851 76 3
851 77 21
851 78 0
851 79 82
851 80 138
851 81 9
851 82 97
851 83 19
851 84 140
851 85 0
851 86 26
851 87 15
851 88 4
851 89 18
851 90 36
851 91 1
851 92 21
851 93 0
851 94 23
851 95 2
876 1 2
876 2 1
876 3 2
876 4 18
876 5 1
876 6 30
876 7 49
876 8 6
876 9 1
876 10 101
876 11 44
876 12 52
876 13 67
876 14 68
876 15 3
876 16 2
876 17 1
876 18 1
876 19 126
876 20 2
876 21 48
876 22 113
876 23 2
876 24 13
876 25 35
876 26 108
876 27 19
876 28 0
876 29 41
876 30 50
876 31 15
876 32 140
876 33 2
876 34 0
876 35 51
876 36 8
876 37 1
876 38 27
876 39 58
876 40 0
876 41 38
876 42 9
876 43 22
876 44 209
876 45 0
876 46 2
876 47 1
876 48 67
876 49 20
876 50 18
876 51 25
876 52 34
876 53 15
876 54 24
876 55 9
876 56 9
876 57 49
876 58 4
876 59 4
876 60 34
876 61 42
876 62 69
876 63 29
876 64 187
876 65 27
876 66 84
876 67 100
876 68 2
876 69 15
876 70 12
876 71 3
876 72 9
876 73 0
876 74 1
876 75 4
876 76 10
876 77 34
876 78 0
876 79 57
876 80 176
876 81 2
876 82 106
876 83 16
876 84 152
876 85 1
876 86 41
876 87 17
876 88 4
876 89 19
876 90 23
876 91 1
876 92 31
876 93 8
876 94 36
876 95 1
901 1 8
901 2 1
901 3 1
901 4 28
901 5 4
901 6 24
901 7 62
901 8 2
901 9 4
901 10 106
901 11 72
901 12 56
901 13 56
901 14 34
901 15 3
901 16 0
901 17 1
901 18 2
901 19 128
901 20 7
901 21 36
901 22 104
901 23 0
901 24 40
901 25 46
901 26 119
901 27 15
901 28 0
901 29 41
901 30 56
901 31 19
901 32 140
901 33 3
901 34 1
901 35 55
901 36 3
901 37 0
901 38 36
901 39 44
901 40 3
901 41 35
901 42 0
901 43 6
901 44 210
901 45 0
901 46 1
901 47 17
901 48 73
901 49 22
901 50 14
901 51 56
901 52 20
901 53 30
901 54 27
901 55 31
901 56 4
901 57 37
901 58 4
901 59 4
901 60 41
901 61 47
901 62 71
901 63 28
901 64 196
901 65 30
901 66 79
901 67 137
901 68 5
901 69 22
901 70 4
901 71 0
901 72 15
901 73 2
901 74 0
901 75 1
901 76 13
901 77 52
901 78 4
901 79 78
901 80 154
901 81 6
901 82 56
901 83 6
901 84 113
901 85 1
901 86 49
901 87 2
901 88 1
901 89 12
901 90 37
901 91 0
901 92 17
901 93 4
901 94 61
901 95 1
926 1 18
926 2 6
926 3 1
926 4 32
926 5 4
926 6 35
926 7 63
926 8 4
926 9 3
926 10 98
926 11 48
926 12 41
926 13 71
926 14 8
926 15 0
926 16 5
926 17 1
926 18 4
926 19 145
926 20 6
926 21 21
926 22 100
926 23 3
926 24 45
926 25 20
926 26 111
926 27 12
926 28 2
926 29 42
926 30 47
926 31 3
926 32 160
926 33 3
926 34 2
926 35 51
926 36 3
926 37 0
926 38 39
926 39 48
926 40 1
926 41 30
926 42 0
926 43 0
926 44 212
926 45 4
926 46 1
926 47 4
926 48 79
926 49 15
926 50 10
926 51 26
926 52 18
926 53 29
926 54 32
926 55 18
926 56 11
926 57 65
926 58 17
926 59 0
926 60 37
926 61 51
926 62 39
926 63 21
926 64 188
926 65 21
926 66 84
926 67 152
926 68 27
926 69 13
926 70 6
926 71 2
926 72 7
926 73 5
926 74 2
926 75 1
926 76 18
926 77 37
926 78 2
926 79 94
926 80 138
926 81 23
926 82 62
926 83 9
926 84 127
926 85 2
926 86 56
926 87 1
926 88 0
926 89 20
926 90 15
926 91 2
926 92 18
926 93 1
926 94 67
926 95 0
951 1 11
951 2 1
951 3 0
951 4 13
951 5 4
951 6 35
951 7 69
951 8 4
951 9 21
951 10 85
951 11 52
951 12 38
951 13 61
951 14 41
951 15 2
951 16 0
951 17 1
951 18 0
951 19 149
951 20 9
951 21 55
951 22 113
951 23 5
951 24 23
951 25 42
951 26 102
951 27 1
951 28 5
951 29 59
951 30 79
951 31 14
951 32 166
951 33 7
951 34 3
951 35 40
951 36 1
951 37 3
951 38 34
951 39 39
951 40 0
951 41 30
951 42 1
951 43 1
951 44 207
951 45 1
951 46 3
951 47 3
951 48 89
951 49 21
951 50 3
951 51 48
951 52 2
951 53 10
951 54 22
951 55 8
951 56 32
951 57 52
951 58 1
951 59 3
951 60 48
951 61 39
951 62 61
951 63 28
951 64 188
951 65 16
951 66 84
951 67 139
951 68 31
951 69 1
951 70 11
951 71 4
951 72 5
951 73 24
951 74 0
951 75 24
951 76 34
951 77 33
951 78 3
951 79 86
951 80 146
951 81 16
951 82 112
951 83 11
951 84 117
951 85 0
951 86 34
951 87 1
951 88 2
951 89 24
951 90 10
951 91 0
951 92 33
951 93 3
951 94 43
951 95 1
976 1 2
976 2 17
976 3 0
976 4 6
976 5 1
976 6 17
976 7 73
976 8 10
976 9 17
976 10 75
976 11 27
976 12 36
976 13 61
976 14 45
976 15 4
976 16 5
976 17 5
976 18 1
976 19 172
976 20 0
976 21 51
976 22 109
976 23 9
976 24 0
976 25 30
976 26 90
976 27 3
976 28 0
976 29 60
976 30 74
976 31 18
976 32 203
976 33 4
976 34 41
976 35 45
976 36 1
976 37 1
976 38 40
976 39 22
976 40 1
976 41 12
976 42 7
976 43 0
976 44 229
976 45 2
976 46 1
976 47 4
976 48 84
976 49 27
976 50 2
976 51 40
976 52 8
976 53 4
976 54 27
976 55 16
976 56 35
976 57 21
976 58 18
976 59 2
976 60 6
976 61 58
976 62 56
976 63 25
976 64 187
976 65 8
976 66 73
976 67 145
976 68 32
976 69 2
976 70 23
976 71 1
976 72 2
976 73 18
976 74 0
976 75 53
976 76 29
976 77 23
976 78 3
976 79 101
976 80 154
976 81 13
976 82 110
976 83 5
976 84 123
976 85 0
976 86 27
976 87 5
976 88 2
976 89 29
976 90 7
976 91 2
976 92 27
976 93 1
976 94 42
976 95 1
1001 1 4
1001 2 12
1001 3 1
1001 4 1
1001 5 1
1001 6 0
1001 7 98
1001 8 3
1001 9 12
1001 10 80
1001 11 29
1001 12 32
1001 13 54
1001 14 19
1001 15 0
1001 16 1
1001 17 1
1001 18 0
1001 19 142
1001 20 1
1001 21 81
1001 22 144
1001 23 18
1001 24 0
1001 25 27
1001 26 110
1001 27 4
1001 28 2
1001 29 55
1001 30 81
1001 31 14
1001 32 170
1001 33 15
1001 34 44
1001 35 48
1001 36 3
1001 37 2
1001 38 32
1001 39 16
1001 40 2
1001 41 15
1001 42 9
1001 43 3
1001 44 215
1001 45 3
1001 46 1
1001 47 2
1001 48 85
1001 49 23
1001 50 3
1001 51 63
1001 52 8
1001 53 3
1001 54 34
1001 55 19
1001 56 21
1001 57 31
1001 58 35
1001 59 7
1001 60 16
1001 61 40
1001 62 64
1001 63 39
1001 64 213
1001 65 14
1001 66 81
1001 67 132
1001 68 9
1001 69 15
1001 70 11
1001 71 0
1001 72 7
1001 73 24
1001 74 11
1001 75 40
1001 76 22
1001 77 32
1001 78 2
1001 79 95
1001 80 131
1001 81 13
1001 82 86
1001 83 16
1001 84 132
1001 85 1
1001 86 31
1001 87 10
1001 88 5
1001 89 16
1001 90 1
1001 91 2
1001 92 37
1001 93 0
1001 94 19
1001 95 1
1026 1 8
1026 2 14
1026 3 1
1026 4 0
1026 5 0
1026 6 3
1026 7 79
1026 8 0
1026 9 1
1026 10 52
1026 11 62
1026 12 40
1026 13 47
1026 14 9
1026 15 12
1026 16 4
1026 17 2
1026 18 0
1026 19 142
1026 20 9
1026 21 67
1026 22 154
1026 23 3
1026 24 3
1026 25 20
1026 26 109
1026 27 0
1026 28 2
1026 29 60
1026 30 73
1026 31 31
1026 32 186
1026 33 11
1026 34 61
1026 35 48
1026 36 3
1026 37 2
1026 38 31
1026 39 16
1026 40 9
1026 41 14
1026 42 16
1026 43 13
1026 44 205
1026 45 2
1026 46 0
1026 47 1
1026 48 94
1026 49 26
1026 50 35
1026 51 73
1026 52 0
1026 53 1
1026 54 24
1026 55 17
1026 56 15
1026 57 22
1026 58 26
1026 59 9
1026 60 1
1026 61 57
1026 62 53
1026 63 19
1026 64 175
1026 65 23
1026 66 65
1026 67 129
1026 68 13
1026 69 9
1026 70 13
1026 71 5
1026 72 0
1026 73 29
1026 74 13
1026 75 27
1026 76 13
1026 77 27
1026 78 1
1026 79 105
1026 80 142
1026 81 19
1026 82 73
1026 83 23
1026 84 115
1026 85 0
1026 86 20
1026 87 12
1026 88 23
1026 89 18
1026 90 3
1026 91 3
1026 92 44
1026 93 3
1026 94 41
1026 95 0
1051 1 20
1051 2 21
1051 3 1
1051 4 6
1051 5 1
1051 6 0
1051 7 79
1051 8 3
1051 9 1
1051 10 64
1051 11 81
1051 12 57
1051 13 39
1051 14 14
1051 15 20
1051 16 1
1051 17 3
1051 18 2
1051 19 116
1051 20 4
1051 21 73
1051 22 149
1051 23 3
1051 24 4
1051 25 27
1051 26 80
1051 27 0
1051 28 0
1051 29 56
1051 30 64
1051 31 8
1051 32 180
1051 33 2
1051 34 77
1051 35 39
1051 36 0
1051 37 1
1051 38 18
1051 39 16
1051 40 3
1051 41 18
1051 42 48
1051 43 8
1051 44 218
1051 45 2
1051 46 7
1051 47 2
1051 48 98
1051 49 17
1051 50 9
1051 51 95
1051 52 7
1051 53 1
1051 54 24
1051 55 14
1051 56 7
1051 57 24
1051 58 2
1051 59 7
1051 60 12
1051 61 48
1051 62 78
1051 63 17
1051 64 172
1051 65 14
1051 66 61
1051 67 132
1051 68 22
1051 69 32
1051 70 18
1051 71 3
1051 72 2
1051 73 1
1051 74 14
1051 75 18
1051 76 3
1051 77 26
1051 78 19
1051 79 126
1051 80 126
1051 81 15
1051 82 94
1051 83 15
1051 84 120
1051 85 1
1051 86 39
1051 87 10
1051 88 32
1051 89 27
1051 90 2
1051 91 1
1051 92 36
1051 93 6
1051 94 13
1051 95 2
1076 1 15
1076 2 35
1076 3 1
1076 4 2
1076 5 6
1076 6 0
1076 7 83
1076 8 13
1076 9 0
1076 10 59
1076 11 52
1076 12 22
1076 13 66
1076 14 35
1076 15 19
1076 16 1
1076 17 3
1076 18 3
1076 19 118
1076 20 0
1076 21 54
1076 22 136
1076 23 3
1076 24 24
1076 25 22
1076 26 93
1076 27 3
1076 28 2
1076 29 43
1076 30 77
1076 31 0
1076 32 200
1076 33 2
1076 34 38
1076 35 53
1076 36 14
1076 37 0
1076 38 5
1076 39 29
1076 40 0
1076 41 19
1076 42 38
1076 43 10
1076 44 229
1076 45 6
1076 46 5
1076 47 0
1076 48 106
1076 49 12
1076 50 4
1076 51 100
1076 52 13
1076 53 2
1076 54 23
1076 55 25
1076 56 16
1076 57 37
1076 58 2
1076 59 1
1076 60 11
1076 61 52
1076 62 72
1076 63 19
1076 64 153
1076 65 8
1076 66 64
1076 67 108
1076 68 19
1076 69 13
1076 70 19
1076 71 1
1076 72 9
1076 73 1
1076 74 11
1076 75 23
1076 76 17
1076 77 37
1076 78 17
1076 79 112
1076 80 101
1076 81 13
1076 82 74
1076 83 9
1076 84 111
1076 85 15
1076 86 64
1076 87 14
1076 88 29
1076 89 9
1076 90 1
1076 91 1
1076 92 41
1076 93 15
1076 94 29
1076 95 9
1101 1 37
1101 2 24
1101 3 0
1101 4 0
1101 5 15
1101 6 31
1101 7 87
1101 8 8
1101 9 4
1101 10 49
1101 11 52
1101 12 39
1101 13 78
1101 14 13
1101 15 10
1101 16 8
1101 17 3
1101 18 1
1101 19 116
1101 20 1
1101 21 51
1101 22 94
1101 23 2
1101 24 2
1101 25 25
1101 26 85
1101 27 0
1101 28 0
1101 29 49
1101 30 47
1101 31 2
1101 32 175
1101 33 3
1101 34 5
1101 35 33
1101 36 1
1101 37 6
1101 38 39
1101 39 24
1101 40 1
1101 41 21
1101 42 30
1101 43 11
1101 44 210
1101 45 7
1101 46 1
1101 47 0
1101 48 96
1101 49 19
1101 50 1
1101 51 98
1101 52 29
1101 53 1
1101 54 28
1101 55 22
1101 56 30
1101 57 31
1101 58 1
1101 59 0
1101 60 11
1101 61 38
1101 62 78
1101 63 21
1101 64 150
1101 65 24
1101 66 69
1101 67 108
1101 68 18
1101 69 24
1101 70 16
1101 71 5
1101 72 10
1101 73 5
1101 74 13
1101 75 30
1101 76 28
1101 77 43
1101 78 22
1101 79 97
1101 80 95
1101 81 13
1101 82 82
1101 83 6
1101 84 140
1101 85 53
1101 86 65
1101 87 21
1101 88 21
1101 89 1
1101 90 6
1101 91 1
1101 92 43
1101 93 1
1101 94 38
1101 95 4
1126 1 39
1126 2 14
1126 3 0
1126 4 1
1126 5 4
1126 6 82
1126 7 93
1126 8 2
1126 9 1
1126 10 42
1126 11 34
1126 12 50
1126 13 61
1126 14 14
1126 15 15
1126 16 1
1126 17 0
1126 18 0
1126 19 139
1126 20 2
1126 21 40
1126 22 68
1126 23 17
1126 24 0
1126 25 24
1126 26 98
1126 27 14
1126 28 0
1126 29 44
1126 30 40
1126 31 2
1126 32 166
1126 33 1
1126 34 1
1126 35 25
1126 36 0
1126 37 1
1126 38 39
1126 39 15
1126 40 5
1126 41 16
1126 42 18
1126 43 15
1126 44 226
1126 45 28
1126 46 1
1126 47 2
1126 48 99
1126 49 14
1126 50 10
1126 51 73
1126 52 39
1126 53 1
1126 54 17
1126 55 20
1126 56 41
1126 57 41
1126 58 4
1126 59 2
1126 60 43
1126 61 65
1126 62 90
1126 63 4
1126 64 142
1126 65 23
1126 66 77
1126 67 143
1126 68 10
1126 69 15
1126 70 21
1126 71 4
1126 72 4
1126 73 4
1126 74 12
1126 75 4
1126 76 19
1126 77 41
1126 78 2
1126 79 100
1126 80 110
1126 81 7
1126 82 116
1126 83 1
1126 84 143
1126 85 54
1126 86 94
1126 87 13
1126 88 17
1126 89 1
1126 90 27
1126 91 4
1126 92 10
1126 93 4
1126 94 30
1126 95 10
1151 1 52
1151 2 16
1151 3 1
1151 4 1
1151 5 1
1151 6 80
1151 7 94
1151 8 1
1151 9 2
1151 10 59
1151 11 42
1151 12 39
1151 13 66
1151 14 15
1151 15 5
1151 16 0
1151 17 0
1151 18 4
1151 19 136
1151 20 5
1151 21 62
1151 22 61
1151 23 17
1151 24 0
1151 25 20
1151 26 92
1151 27 3
1151 28 2
1151 29 15
1151 30 27
1151 31 2
1151 32 173
1151 33 0
1151 34 4
1151 35 36
1151 36 4
1151 37 0
1151 38 38
1151 39 21
1151 40 3
1151 41 10
1151 42 12
1151 43 13
1151 44 192
1151 45 21
1151 46 1
1151 47 3
1151 48 91
1151 49 20
1151 50 10
1151 51 57
1151 52 47
1151 53 0
1151 54 30
1151 55 26
1151 56 32
1151 57 51
1151 58 1
1151 59 0
1151 60 66
1151 61 75
1151 62 73
1151 63 1
1151 64 154
1151 65 59
1151 66 54
1151 67 132
1151 68 9
1151 69 4
1151 70 16
1151 71 18
1151 72 1
1151 73 5
1151 74 10
1151 75 7
1151 76 26
1151 77 34
1151 78 1
1151 79 155
1151 80 111
1151 81 26
1151 82 86
1151 83 2
1151 84 132
1151 85 50
1151 86 98
1151 87 15
1151 88 8
1151 89 9
1151 90 20
1151 91 2
1151 92 3
1151 93 7
1151 94 32
1151 95 0
1176 1 50
1176 2 23
1176 3 10
1176 4 1
1176 5 1
1176 6 44
1176 7 64
1176 8 3
1176 9 4
1176 10 117
1176 11 34
1176 12 38
1176 13 74
1176 14 27
1176 15 1
1176 16 3
1176 17 1
1176 18 0
1176 19 121
1176 20 2
1176 21 58
1176 22 67
1176 23 9
1176 24 2
1176 25 37
1176 26 91
1176 27 3
1176 28 3
1176 29 24
1176 30 27
1176 31 3
1176 32 206
1176 33 1
1176 34 1
1176 35 24
1176 36 14
1176 37 1
1176 38 37
1176 39 22
1176 40 4
1176 41 28
1176 42 2
1176 43 27
1176 44 188
1176 45 26
1176 46 6
1176 47 5
1176 48 89
1176 49 13
1176 50 22
1176 51 78
1176 52 43
1176 53 1
1176 54 58
1176 55 39
1176 56 30
1176 57 53
1176 58 3
1176 59 2
1176 60 28
1176 61 84
1176 62 48
1176 63 10
1176 64 148
1176 65 49
1176 66 24
1176 67 125
1176 68 13
1176 69 0
1176 70 8
1176 71 21
1176 72 1
1176 73 1
1176 74 13
1176 75 26
1176 76 15
1176 77 22
1176 78 5
1176 79 138
1176 80 117
1176 81 9
1176 82 129
1176 83 1
1176 84 116
1176 85 43
1176 86 93
1176 87 9
1176 88 8
1176 89 15
1176 90 10
1176 91 0
1176 92 2
1176 93 8
1176 94 51
1176 95 2
1201 1 17
1201 2 23
1201 3 1
1201 4 14
1201 5 1
1201 6 45
1201 7 71
1201 8 1
1201 9 1
1201 10 99
1201 11 36
1201 12 28
1201 13 52
1201 14 19
1201 15 6
1201 16 4
1201 17 1
1201 18 1
1201 19 135
1201 20 1
1201 21 58
1201 22 62
1201 23 14
1201 24 2
1201 25 20
1201 26 104
1201 27 3
1201 28 1
1201 29 37
1201 30 47
1201 31 5
1201 32 252
1201 33 2
1201 34 1
1201 35 27
1201 36 23
1201 37 1
1201 38 29
1201 39 26
1201 40 1
1201 41 38
1201 42 10
1201 43 32
1201 44 195
1201 45 25
1201 46 1
1201 47 21
1201 48 100
1201 49 23
1201 50 16
1201 51 42
1201 52 70
1201 53 2
1201 54 60
1201 55 19
1201 56 26
1201 57 31
1201 58 21
1201 59 1
1201 60 22
1201 61 64
1201 62 62
1201 63 7
1201 64 163
1201 65 58
1201 66 27
1201 67 114
1201 68 17
1201 69 0
1201 70 14
1201 71 15
1201 72 0
1201 73 2
1201 74 4
1201 75 9
1201 76 33
1201 77 17
1201 78 0
1201 79 128
1201 80 63
1201 81 5
1201 82 108
1201 83 43
1201 84 140
1201 85 23
1201 86 59
1201 87 13
1201 88 1
1201 89 19
1201 90 21
1201 91 1
1201 92 9
1201 93 1
1201 94 66
1201 95 2
1226 1 19
1226 2 0
1226 3 1
1226 4 1
1226 5 3
1226 6 17
1226 7 50
1226 8 10
1226 9 2
1226 10 88
1226 11 43
1226 12 46
1226 13 35
1226 14 34
1226 15 0
1226 16 6
1226 17 0
1226 18 1
1226 19 123
1226 20 9
1226 21 65
1226 22 107
1226 23 5
1226 24 3
1226 25 17
1226 26 88
1226 27 3
1226 28 10
1226 29 37
1226 30 56
1226 31 2
1226 32 177
1226 33 6
1226 34 2
1226 35 29
1226 36 33
1226 37 2
1226 38 20
1226 39 44
1226 40 5
1226 41 34
1226 42 28
1226 43 17
1226 44 204
1226 45 17
1226 46 1
1226 47 16
1226 48 108
1226 49 30
1226 50 16
1226 51 27
1226 52 27
1226 53 9
1226 54 74
1226 55 19
1226 56 16
1226 57 21
1226 58 40
1226 59 0
1226 60 39
1226 61 43
1226 62 64
1226 63 0
1226 64 170
1226 65 43
1226 66 20
1226 67 127
1226 68 24
1226 69 0
1226 70 20
1226 71 15
1226 72 5
1226 73 31
1226 74 11
1226 75 12
1226 76 36
1226 77 33
1226 78 1
1226 79 155
1226 80 62
1226 81 19
1226 82 74
1226 83 24
1226 84 120
1226 85 29
1226 86 72
1226 87 17
1226 88 3
1226 89 33
1226 90 35
1226 91 3
1226 92 12
1226 93 0
1226 94 69
1226 95 0
1251 1 1
1251 2 4
1251 3 1
1251 4 2
1251 5 0
1251 6 18
1251 7 60
1251 8 20
1251 9 16
1251 10 128
1251 11 46
1251 12 35
1251 13 34
1251 14 49
1251 15 3
1251 16 0
1251 17 4
1251 18 3
1251 19 127
1251 20 4
1251 21 79
1251 22 134
1251 23 0
1251 24 4
1251 25 9
1251 26 62
1251 27 2
1251 28 28
1251 29 39
1251 30 71
1251 31 0
1251 32 146
1251 33 3
1251 34 0
1251 35 24
1251 36 43
1251 37 0
1251 38 13
1251 39 24
1251 40 8
1251 41 29
1251 42 39
1251 43 9
1251 44 232
1251 45 23
1251 46 2
1251 47 13
1251 48 105
1251 49 33
1251 50 10
1251 51 20
1251 52 7
1251 53 19
1251 54 82
1251 55 14
1251 56 8
1251 57 34
1251 58 22
1251 59 3
1251 60 20
1251 61 40
1251 62 81
1251 63 2
1251 64 165
1251 65 41
1251 66 38
1251 67 99
1251 68 14
1251 69 2
1251 70 8
1251 71 6
1251 72 0
1251 73 22
1251 74 8
1251 75 11
1251 76 36
1251 77 45
1251 78 4
1251 79 181
1251 80 62
1251 81 33
1251 82 89
1251 83 29
1251 84 109
1251 85 22
1251 86 54
1251 87 23
1251 88 1
1251 89 30
1251 90 31
1251 91 5
1251 92 24
1251 93 1
1251 94 24
1251 95 5
1276 1 2
1276 2 0
1276 3 2
1276 4 4
1276 5 0
1276 6 9
1276 7 77
1276 8 13
1276 9 32
1276 10 111
1276 11 23
1276 12 72
1276 13 52
1276 14 65
1276 15 0
1276 16 17
1276 17 2
1276 18 1
1276 19 140
1276 20 2
1276 21 74
1276 22 77
1276 23 0
1276 24 10
1276 25 22
1276 26 71
1276 27 0
1276 28 12
1276 29 50
1276 30 83
1276 31 15
1276 32 138
1276 33 4
1276 34 2
1276 35 29
1276 36 24
1276 37 1
1276 38 10
1276 39 34
1276 40 15
1276 41 51
1276 42 50
1276 43 7
1276 44 229
1276 45 8
1276 46 0
1276 47 0
1276 48 92
1276 49 26
1276 50 8
1276 51 34
1276 52 15
1276 53 21
1276 54 69
1276 55 4
1276 56 4
1276 57 42
1276 58 20
1276 59 4
1276 60 2
1276 61 42
1276 62 80
1276 63 0
1276 64 173
1276 65 33
1276 66 33
1276 67 57
1276 68 2
1276 69 10
1276 70 12
1276 71 4
1276 72 2
1276 73 21
1276 74 17
1276 75 13
1276 76 40
1276 77 50
1276 78 6
1276 79 181
1276 80 59
1276 81 36
1276 82 67
1276 83 32
1276 84 100
1276 85 29
1276 86 31
1276 87 30
1276 88 1
1276 89 43
1276 90 37
1276 91 13
1276 92 26
1276 93 2
1276 94 37
1276 95 2
1301 1 24
1301 2 3
1301 3 4
1301 4 20
1301 5 3
1301 6 20
1301 7 92
1301 8 22
1301 9 23
1301 10 62
1301 11 13
1301 12 45
1301 13 27
1301 14 68
1301 15 0
1301 16 0
1301 17 7
1301 18 1
1301 19 121
1301 20 0
1301 21 71
1301 22 85
1301 23 8
1301 24 9
1301 25 16
1301 26 68
1301 27 8
1301 28 16
1301 29 71
1301 30 84
1301 31 11
1301 32 126
1301 33 1
1301 34 1
1301 35 25
1301 36 23
1301 37 3
1301 38 51
1301 39 44
1301 40 10
1301 41 71
1301 42 9
1301 43 11
1301 44 205
1301 45 3
1301 46 0
1301 47 1
1301 48 107
1301 49 24
1301 50 18
1301 51 23
1301 52 11
1301 53 12
1301 54 63
1301 55 11
1301 56 10
1301 57 47
1301 58 59
1301 59 3
1301 60 0
1301 61 29
1301 62 95
1301 63 1
1301 64 170
1301 65 23
1301 66 28
1301 67 52
1301 68 4
1301 69 23
1301 70 15
1301 71 0
1301 72 2
1301 73 32
1301 74 7
1301 75 14
1301 76 55
1301 77 66
1301 78 19
1301 79 159
1301 80 27
1301 81 31
1301 82 39
1301 83 18
1301 84 120
1301 85 33
1301 86 34
1301 87 33
1301 88 3
1301 89 37
1301 90 38
1301 91 16
1301 92 18
1301 93 1
1301 94 28
1301 95 3
1326 1 15
1326 2 3
1326 3 1
1326 4 30
1326 5 3
1326 6 36
1326 7 88
1326 8 2
1326 9 3
1326 10 71
1326 11 21
1326 12 74
1326 13 34
1326 14 96
1326 15 2
1326 16 17
1326 17 2
1326 18 5
1326 19 120
1326 20 1
1326 21 51
1326 22 109
1326 23 5
1326 24 3
1326 25 30
1326 26 55
1326 27 4
1326 28 0
1326 29 75
1326 30 102
1326 31 2
1326 32 134
1326 33 4
1326 34 10
1326 35 30
1326 36 12
1326 37 5
1326 38 27
1326 39 43
1326 40 5
1326 41 74
1326 42 0
1326 43 11
1326 44 197
1326 45 9
1326 46 2
1326 47 3
1326 48 108
1326 49 22
1326 50 18
1326 51 18
1326 52 12
1326 53 5
1326 54 63
1326 55 19
1326 56 11
1326 57 67
1326 58 63
1326 59 5
1326 60 3
1326 61 22
1326 62 103
1326 63 3
1326 64 197
1326 65 12
1326 66 12
1326 67 99
1326 68 7
1326 69 35
1326 70 22
1326 71 1
1326 72 3
1326 73 21
1326 74 6
1326 75 3
1326 76 31
1326 77 90
1326 78 13
1326 79 126
1326 80 54
1326 81 27
1326 82 37
1326 83 35
1326 84 119
1326 85 65
1326 86 11
1326 87 36
1326 88 9
1326 89 44
1326 90 17
1326 91 24
1326 92 24
1326 93 12
1326 94 46
1326 95 5
1351 1 32
1351 2 5
1351 3 1
1351 4 37
1351 5 0
1351 6 32
1351 7 95
1351 8 1
1351 9 0
1351 10 79
1351 11 21
1351 12 89
1351 13 41
1351 14 40
1351 15 0
1351 16 0
1351 17 3
1351 18 7
1351 19 108
1351 20 6
1351 21 46
1351 22 116
1351 23 1
1351 24 1
1351 25 20
1351 26 76
1351 27 1
1351 28 3
1351 29 61
1351 30 82
1351 31 11
1351 32 136
1351 33 7
1351 34 7
1351 35 17
1351 36 25
1351 37 1
1351 38 25
1351 39 28
1351 40 0
1351 41 61
1351 42 20
1351 43 9
1351 44 203
1351 45 1
1351 46 0
1351 47 17
1351 48 102
1351 49 16
1351 50 22
1351 51 6
1351 52 4
1351 53 22
1351 54 69
1351 55 30
1351 56 2
1351 57 41
1351 58 37
1351 59 7
1351 60 7
1351 61 38
1351 62 150
1351 63 0
1351 64 163
1351 65 16
1351 66 5
1351 67 94
1351 68 5
1351 69 51
1351 70 9
1351 71 0
1351 72 5
1351 73 5
1351 74 2
1351 75 6
1351 76 51
1351 77 99
1351 78 20
1351 79 130
1351 80 65
1351 81 26
1351 82 63
1351 83 28
1351 84 89
1351 85 56
1351 86 10
1351 87 35
1351 88 10
1351 89 13
1351 90 33
1351 91 14
1351 92 28
1351 93 0
1351 94 62
1351 95 2
1376 1 28
1376 2 2
1376 3 4
1376 4 17
1376 5 2
1376 6 46
1376 7 97
1376 8 2
1376 9 3
1376 10 82
1376 11 17
1376 12 69
1376 13 30
1376 14 45
1376 15 1
1376 16 1
1376 17 0
1376 18 3
1376 19 94
1376 20 4
1376 21 44
1376 22 126
1376 23 1
1376 24 9
1376 25 18
1376 26 76
1376 27 5
1376 28 6
1376 29 54
1376 30 75
1376 31 18
1376 32 138
1376 33 3
1376 34 9
1376 35 21
1376 36 32
1376 37 2
1376 38 18
1376 39 43
1376 40 0
1376 41 34
1376 42 28
1376 43 2
1376 44 197
1376 45 6
1376 46 6
1376 47 8
1376 48 110
1376 49 17
1376 50 14
1376 51 0
1376 52 25
1376 53 26
1376 54 65
1376 55 34
1376 56 11
1376 57 38
1376 58 8
1376 59 4
1376 60 12
1376 61 43
1376 62 124
1376 63 7
1376 64 190
1376 65 19
1376 66 32
1376 67 105
1376 68 13
1376 69 51
1376 70 9
1376 71 4
1376 72 1
1376 73 5
1376 74 9
1376 75 9
1376 76 54
1376 77 38
1376 78 20
1376 79 167
1376 80 56
1376 81 31
1376 82 90
1376 83 9
1376 84 110
1376 85 65
1376 86 10
1376 87 28
1376 88 10
1376 89 12
1376 90 53
1376 91 15
1376 92 24
1376 93 2
1376 94 66
1376 95 0
1401 1 36
1401 2 3
1401 3 3
1401 4 3
1401 5 1
1401 6 46
1401 7 114
1401 8 9
1401 9 10
1401 10 110
1401 11 34
1401 12 103
1401 13 29
1401 14 26
1401 15 4
1401 16 1
1401 17 2
1401 18 23
1401 19 85
1401 20 3
1401 21 41
1401 22 109
1401 23 2
1401 24 18
1401 25 21
1401 26 105
1401 27 10
1401 28 8
1401 29 44
1401 30 81
1401 31 19
1401 32 151
1401 33 1
1401 34 3
1401 35 31
1401 36 28
1401 37 1
1401 38 35
1401 39 37
1401 40 3
1401 41 23
1401 42 12
1401 43 3
1401 44 187
1401 45 0
1401 46 4
1401 47 1
1401 48 106
1401 49 15
1401 50 13
1401 51 1
1401 52 12
1401 53 30
1401 54 75
1401 55 24
1401 56 25
1401 57 30
1401 58 17
1401 59 4
1401 60 23
1401 61 23
1401 62 130
1401 63 32
1401 64 144
1401 65 20
1401 66 48
1401 67 133
1401 68 24
1401 69 31
1401 70 14
1401 71 0
1401 72 1
1401 73 0
1401 74 7
1401 75 2
1401 76 52
1401 77 10
1401 78 15
1401 79 151
1401 80 67
1401 81 26
1401 82 75
1401 83 15
1401 84 109
1401 85 57
1401 86 12
1401 87 18
1401 88 1
1401 89 47
1401 90 27
1401 91 7
1401 92 24
1401 93 1
1401 94 32
1401 95 2
1426 1 11
1426 2 3
1426 3 0
1426 4 11
1426 5 1
1426 6 48
1426 7 93
1426 8 6
1426 9 3
1426 10 110
1426 11 30
1426 12 92
1426 13 34
1426 14 19
1426 15 10
1426 16 0
1426 17 4
1426 18 21
1426 19 101
1426 20 5
1426 21 31
1426 22 111
1426 23 5
1426 24 3
1426 25 30
1426 26 103
1426 27 14
1426 28 0
1426 29 24
1426 30 72
1426 31 45
1426 32 175
1426 33 3
1426 34 30
1426 35 22
1426 36 16
1426 37 0
1426 38 24
1426 39 59
1426 40 13
1426 41 23
1426 42 6
1426 43 2
1426 44 187
1426 45 3
1426 46 3
1426 47 5
1426 48 110
1426 49 22
1426 50 17
1426 51 14
1426 52 23
1426 53 36
1426 54 61
1426 55 24
1426 56 20
1426 57 24
1426 58 25
1426 59 2
1426 60 19
1426 61 27
1426 62 106
1426 63 20
1426 64 163
1426 65 26
1426 66 51
1426 67 152
1426 68 8
1426 69 3
1426 70 12
1426 71 3
1426 72 1
1426 73 13
1426 74 0
1426 75 4
1426 76 38
1426 77 3
1426 78 2
1426 79 117
1426 80 94
1426 81 29
1426 82 80
1426 83 18
1426 84 108
1426 85 42
1426 86 5
1426 87 20
1426 88 22
1426 89 45
1426 90 24
1426 91 6
1426 92 17
1426 93 2
1426 94 35
1426 95 0
1451 1 28
1451 2 1
1451 3 0
1451 4 10
1451 5 3
1451 6 49
1451 7 87
1451 8 22
1451 9 2
1451 10 90
1451 11 46
1451 12 88
1451 13 30
1451 14 22
1451 15 2
1451 16 2
1451 17 2
1451 18 24
1451 19 90
1451 20 4
1451 21 15
1451 22 109
1451 23 2
1451 24 0
1451 25 19
1451 26 96
1451 27 19
1451 28 0
1451 29 18
1451 30 57
1451 31 24
1451 32 212
1451 33 5
1451 34 16
1451 35 30
1451 36 6
1451 37 3
1451 38 41
1451 39 36
1451 40 15
1451 41 34
1451 42 32
1451 43 0
1451 44 182
1451 45 7
1451 46 0
1451 47 4
1451 48 114
1451 49 23
1451 50 38
1451 51 25
1451 52 16
1451 53 37
1451 54 67
1451 55 8
1451 56 26
1451 57 1
1451 58 23
1451 59 13
1451 60 15
1451 61 14
1451 62 64
1451 63 11
1451 64 157
1451 65 43
1451 66 50
1451 67 187
1451 68 1
1451 69 7
1451 70 13
1451 71 6
1451 72 6
1451 73 22
1451 74 16
1451 75 3
1451 76 54
1451 77 13
1451 78 10
1451 79 114
1451 80 107
1451 81 21
1451 82 57
1451 83 10
1451 84 124
1451 85 53
1451 86 11
1451 87 13
1451 88 20
1451 89 52
1451 90 20
1451 91 0
1451 92 20
1451 93 2
1451 94 23
1451 95 5
1476 1 11
1476 2 3
1476 3 2
1476 4 1
1476 5 2
1476 6 37
1476 7 108
1476 8 6
1476 9 3
1476 10 66
1476 11 24
1476 12 86
1476 13 35
1476 14 19
1476 15 5
1476 16 3
1476 17 3
1476 18 16
1476 19 107
1476 20 1
1476 21 18
1476 22 103
1476 23 3
1476 24 2
1476 25 22
1476 26 116
1476 27 8
1476 28 1
1476 29 10
1476 30 23
1476 31 11
1476 32 200
1476 33 4
1476 34 23
1476 35 45
1476 36 28
1476 37 4
1476 38 44
1476 39 23
1476 40 19
1476 41 11
1476 42 31
1476 43 0
1476 44 182
1476 45 0
1476 46 1
1476 47 1
1476 48 115
1476 49 15
1476 50 38
1476 51 39
1476 52 25
1476 53 56
1476 54 68
1476 55 10
1476 56 8
1476 57 5
1476 58 9
1476 59 1
1476 60 21
1476 61 35
1476 62 88
1476 63 23
1476 64 164
1476 65 12
1476 66 39
1476 67 203
1476 68 5
1476 69 20
1476 70 15
1476 71 9
1476 72 0
1476 73 21
1476 74 0
1476 75 30
1476 76 93
1476 77 13
1476 78 16
1476 79 103
1476 80 90
1476 81 32
1476 82 85
1476 83 12
1476 84 119
1476 85 42
1476 86 31
1476 87 6
1476 88 7
1476 89 43
1476 90 33
1476 91 2
1476 92 13
1476 93 0
1476 94 43
1476 95 3
1501 1 13
1501 2 0
1501 3 1
1501 4 3
1501 5 3
1501 6 37
1501 7 117
1501 8 13
1501 9 8
1501 10 53
1501 11 18
1501 12 80
1501 13 31
1501 14 2
1501 15 1
1501 16 5
1501 17 0
1501 18 14
1501 19 103
1501 20 0
1501 21 21
1501 22 115
1501 23 3
1501 24 0
1501 25 22
1501 26 137
1501 27 2
1501 28 2
1501 29 12
1501 30 30
1501 31 2
1501 32 204
1501 33 1
1501 34 22
1501 35 41
1501 36 14
1501 37 2
1501 38 47
1501 39 30
1501 40 21
1501 41 4
1501 42 46
1501 43 0
1501 44 201
1501 45 2
1501 46 0
1501 47 1
1501 48 113
1501 49 18
1501 50 46
1501 51 41
1501 52 22
1501 53 48
1501 54 49
1501 55 3
1501 56 14
1501 57 34
1501 58 45
1501 59 0
1501 60 35
1501 61 42
1501 62 80
1501 63 20
1501 64 177
1501 65 16
1501 66 53
1501 67 176
1501 68 0
1501 69 20
1501 70 16
1501 71 0
1501 72 9
1501 73 20
1501 74 10
1501 75 21
1501 76 71
1501 77 30
1501 78 17
1501 79 84
1501 80 75
1501 81 25
1501 82 84
1501 83 29
1501 84 86
1501 85 39
1501 86 31
1501 87 4
1501 88 15
1501 89 30
1501 90 21
1501 91 1
1501 92 11
1501 93 5
1501 94 43
1501 95 3
1526 1 23
1526 2 2
1526 3 2
1526 4 0
1526 5 4
1526 6 42
1526 7 114
1526 8 22
1526 9 6
1526 10 90
1526 11 13
1526 12 36
1526 13 58
1526 14 9
1526 15 2
1526 16 2
1526 17 0
1526 18 4
1526 19 102
1526 20 2
1526 21 3
1526 22 115
1526 23 3
1526 24 5
1526 25 21
1526 26 139
1526 27 0
1526 28 0
1526 29 2
1526 30 36
1526 31 5
1526 32 181
1526 33 3
1526 34 16
1526 35 32
1526 36 1
1526 37 1
1526 38 44
1526 39 54
1526 40 31
1526 41 24
1526 42 18
1526 43 2
1526 44 190
1526 45 2
1526 46 0
1526 47 1
1526 48 104
1526 49 24
1526 50 46
1526 51 50
1526 52 0
1526 53 37
1526 54 56
1526 55 18
1526 56 1
1526 57 44
1526 58 38
1526 59 0
1526 60 29
1526 61 26
1526 62 92
1526 63 22
1526 64 167
1526 65 32
1526 66 35
1526 67 164
1526 68 4
1526 69 3
1526 70 32
1526 71 2
1526 72 13
1526 73 3
1526 74 2
1526 75 42
1526 76 65
1526 77 48
1526 78 45
1526 79 76
1526 80 102
1526 81 36
1526 82 84
1526 83 13
1526 84 84
1526 85 27
1526 86 39
1526 87 3
1526 88 6
1526 89 44
1526 90 18
1526 91 5
1526 92 14
1526 93 3
1526 94 26
1526 95 0
1551 1 31
1551 2 2
1551 3 2
1551 4 5
1551 5 0
1551 6 44
1551 7 132
1551 8 1
1551 9 0
1551 10 88
1551 11 17
1551 12 24
1551 13 69
1551 14 19
1551 15 6
1551 16 0
1551 17 3
1551 18 3
1551 19 104
1551 20 5
1551 21 11
1551 22 123
1551 23 0
1551 24 2
1551 25 15
1551 26 145
1551 27 0
1551 28 2
1551 29 1
1551 30 32
1551 31 13
1551 32 151
1551 33 1
1551 34 17
1551 35 24
1551 36 1
1551 37 1
1551 38 32
1551 39 62
1551 40 13
1551 41 33
1551 42 2
1551 43 8
1551 44 193
1551 45 18
1551 46 1
1551 47 4
1551 48 81
1551 49 20
1551 50 48
1551 51 71
1551 52 7
1551 53 50
1551 54 71
1551 55 24
1551 56 5
1551 57 51
1551 58 28
1551 59 5
1551 60 5
1551 61 55
1551 62 82
1551 63 21
1551 64 200
1551 65 36
1551 66 45
1551 67 193
1551 68 0
1551 69 0
1551 70 29
1551 71 1
1551 72 12
1551 73 10
1551 74 3
1551 75 49
1551 76 39
1551 77 48
1551 78 44
1551 79 89
1551 80 76
1551 81 38
1551 82 63
1551 83 14
1551 84 81
1551 85 24
1551 86 35
1551 87 14
1551 88 1
1551 89 29
1551 90 14
1551 91 4
1551 92 13
1551 93 1
1551 94 28
1551 95 2
1576 1 35
1576 2 1
1576 3 1
1576 4 4
1576 5 0
1576 6 35
1576 7 120
1576 8 1
1576 9 1
1576 10 92
1576 11 16
1576 12 29
1576 13 68
1576 14 26
1576 15 10
1576 16 15
1576 17 1
1576 18 1
1576 19 81
1576 20 0
1576 21 13
1576 22 114
1576 23 2
1576 24 17
1576 25 25
1576 26 164
1576 27 5
1576 28 6
1576 29 1
1576 30 19
1576 31 1
1576 32 118
1576 33 2
1576 34 6
1576 35 30
1576 36 5
1576 37 1
1576 38 33
1576 39 53
1576 40 2
1576 41 43
1576 42 0
1576 43 8
1576 44 200
1576 45 19
1576 46 2
1576 47 0
1576 48 102
1576 49 25
1576 50 61
1576 51 68
1576 52 19
1576 53 39
1576 54 67
1576 55 12
1576 56 4
1576 57 42
1576 58 7
1576 59 2
1576 60 0
1576 61 55
1576 62 85
1576 63 18
1576 64 166
1576 65 35
1576 66 51
1576 67 198
1576 68 4
1576 69 9
1576 70 37
1576 71 17
1576 72 2
1576 73 9
1576 74 0
1576 75 51
1576 76 49
1576 77 8
1576 78 77
1576 79 85
1576 80 112
1576 81 37
1576 82 55
1576 83 5
1576 84 95
1576 85 20
1576 86 48
1576 87 5
1576 88 0
1576 89 26
1576 90 8
1576 91 11
1576 92 13
1576 93 5
1576 94 20
1576 95 3
1601 1 18
1601 2 3
1601 3 2
1601 4 10
1601 5 4
1601 6 24
1601 7 103
1601 8 1
1601 9 0
1601 10 79
1601 11 6
1601 12 38
1601 13 55
1601 14 33
1601 15 15
1601 16 7
1601 17 4
1601 18 0
1601 19 111
1601 20 1
1601 21 9
1601 22 116
1601 23 2
1601 24 19
1601 25 17
1601 26 173
1601 27 4
1601 28 24
1601 29 1
1601 30 32
1601 31 18
1601 32 132
1601 33 0
1601 34 16
1601 35 32
1601 36 14
1601 37 1
1601 38 21
1601 39 45
1601 40 8
1601 41 50
1601 42 1
1601 43 12
1601 44 219
1601 45 16
1601 46 4
1601 47 3
1601 48 95
1601 49 13
1601 50 44
1601 51 45
1601 52 17
1601 53 6
1601 54 71
1601 55 26
1601 56 14
1601 57 31
1601 58 2
1601 59 0
1601 60 3
1601 61 49
1601 62 85
1601 63 11
1601 64 149
1601 65 40
1601 66 30
1601 67 241
1601 68 1
1601 69 16
1601 70 19
1601 71 1
1601 72 2
1601 73 14
1601 74 7
1601 75 36
1601 76 56
1601 77 18
1601 78 79
1601 79 105
1601 80 73
1601 81 26
1601 82 52
1601 83 19
1601 84 99
1601 85 20
1601 86 27
1601 87 7
1601 88 1
1601 89 44
1601 90 7
1601 91 22
1601 92 14
1601 93 3
1601 94 24
1601 95 5
1626 1 21
1626 2 24
1626 3 21
1626 4 24
1626 5 1
1626 6 40
1626 7 119
1626 8 1
1626 9 7
1626 10 125
1626 11 11
1626 12 28
1626 13 39
1626 14 54
1626 15 7
1626 16 29
1626 17 1
1626 18 4
1626 19 71
1626 20 0
1626 21 1
1626 22 110
1626 23 1
1626 24 18
1626 25 22
1626 26 152
1626 27 3
1626 28 28
1626 29 1
1626 30 28
1626 31 20
1626 32 134
1626 33 2
1626 34 11
1626 35 28
1626 36 17
1626 37 2
1626 38 21
1626 39 48
1626 40 9
1626 41 37
1626 42 0
1626 43 14
1626 44 206
1626 45 10
1626 46 1
1626 47 6
1626 48 98
1626 49 29
1626 50 48
1626 51 58
1626 52 9
1626 53 4
1626 54 70
1626 55 27
1626 56 5
1626 57 27
1626 58 22
1626 59 1
1626 60 3
1626 61 60
1626 62 91
1626 63 17
1626 64 187
1626 65 27
1626 66 49
1626 67 178
1626 68 0
1626 69 47
1626 70 18
1626 71 17
1626 72 0
1626 73 3
1626 74 8
1626 75 12
1626 76 32
1626 77 37
1626 78 42
1626 79 93
1626 80 62
1626 81 12
1626 82 75
1626 83 13
1626 84 99
1626 85 11
1626 86 35
1626 87 1
1626 88 4
1626 89 51
1626 90 8
1626 91 22
1626 92 10
1626 93 1
1626 94 34
1626 95 1
1651 1 45
1651 2 8
1651 3 32
1651 4 23
1651 5 11
1651 6 62
1651 7 130
1651 8 1
1651 9 2
1651 10 110
1651 11 17
1651 12 23
1651 13 2
1651 14 27
1651 15 2
1651 16 15
1651 17 5
1651 18 1
1651 19 96
1651 20 3
1651 21 0
1651 22 125
1651 23 12
1651 24 13
1651 25 5
1651 26 171
1651 27 3
1651 28 17
1651 29 3
1651 30 26
1651 31 37
1651 32 181
1651 33 1
1651 34 5
1651 35 42
1651 36 13
1651 37 1
1651 38 24
1651 39 66
1651 40 4
1651 41 28
1651 42 5
1651 43 11
1651 44 218
1651 45 8
1651 46 2
1651 47 3
1651 48 106
1651 49 30
1651 50 32
1651 51 40
1651 52 9
1651 53 11
1651 54 76
1651 55 8
1651 56 8
1651 57 23
1651 58 32
1651 59 1
1651 60 11
1651 61 48
1651 62 83
1651 63 28
1651 64 172
1651 65 10
1651 66 20
1651 67 140
1651 68 2
1651 69 25
1651 70 19
1651 71 12
1651 72 1
1651 73 13
1651 74 10
1651 75 28
1651 76 59
1651 77 29
1651 78 23
1651 79 106
1651 80 61
1651 81 7
1651 82 70
1651 83 19
1651 84 88
1651 85 12
1651 86 34
1651 87 4
1651 88 9
1651 89 19
1651 90 4
1651 91 37
1651 92 10
1651 93 3
1651 94 42
1651 95 2
1676 1 37
1676 2 1
1676 3 28
1676 4 20
1676 5 2
1676 6 82
1676 7 131
1676 8 17
1676 9 2
1676 10 78
1676 11 21
1676 12 34
1676 13 0
1676 14 38
1676 15 4
1676 16 15
1676 17 3
1676 18 1
1676 19 100
1676 20 1
1676 21 2
1676 22 127
1676 23 22
1676 24 0
1676 25 8
1676 26 154
1676 27 3
1676 28 2
1676 29 16
1676 30 23
1676 31 12
1676 32 160
1676 33 2
1676 34 1
1676 35 49
1676 36 35
1676 37 24
1676 38 13
1676 39 54
1676 40 3
1676 41 15
1676 42 0
1676 43 1
1676 44 225
1676 45 11
1676 46 1
1676 47 3
1676 48 95
1676 49 43
1676 50 46
1676 51 41
1676 52 9
1676 53 21
1676 54 80
1676 55 2
1676 56 28
1676 57 6
1676 58 15
1676 59 0
1676 60 24
1676 61 85
1676 62 87
1676 63 17
1676 64 157
1676 65 3
1676 66 18
1676 67 120
1676 68 0
1676 69 27
1676 70 10
1676 71 16
1676 72 7
1676 73 0
1676 74 11
1676 75 37
1676 76 48
1676 77 33
1676 78 26
1676 79 87
1676 80 59
1676 81 5
1676 82 74
1676 83 31
1676 84 109
1676 85 19
1676 86 21
1676 87 2
1676 88 7
1676 89 11
1676 90 2
1676 91 42
1676 92 20
1676 93 0
1676 94 38
1676 95 1
1701 1 35
1701 2 14
1701 3 29
1701 4 24
1701 5 1
1701 6 106
1701 7 101
1701 8 8
1701 9 2
1701 10 67
1701 11 35
1701 12 19
1701 13 2
1701 14 43
1701 15 1
1701 16 5
1701 17 4
1701 18 1
1701 19 139
1701 20 3
1701 21 17
1701 22 87
1701 23 16
1701 24 4
1701 25 14
1701 26 154
1701 27 0
1701 28 0
1701 29 16
1701 30 32
1701 31 3
1701 32 145
1701 33 0
1701 34 0
1701 35 20
1701 36 2
1701 37 11
1701 38 11
1701 39 62
1701 40 2
1701 41 20
1701 42 1
1701 43 0
1701 44 206
1701 45 7
1701 46 0
1701 47 3
1701 48 90
1701 49 29
1701 50 44
1701 51 52
1701 52 35
1701 53 3
1701 54 85
1701 55 1
1701 56 25
1701 57 10
1701 58 0
1701 59 3
1701 60 15
1701 61 91
1701 62 102
1701 63 18
1701 64 171
1701 65 3
1701 66 20
1701 67 115
1701 68 2
1701 69 39
1701 70 20
1701 71 23
1701 72 2
1701 73 2
1701 74 1
1701 75 46
1701 76 41
1701 77 42
1701 78 34
1701 79 104
1701 80 73
1701 81 7
1701 82 103
1701 83 27
1701 84 116
1701 85 53
1701 86 31
1701 87 1
1701 88 20
1701 89 12
1701 90 0
1701 91 44
1701 92 19
1701 93 1
1701 94 28
1701 95 3
1726 1 34
1726 2 8
1726 3 15
1726 4 5
1726 5 11
1726 6 84
1726 7 73
1726 8 27
1726 9 1
1726 10 75
1726 11 33
1726 12 40
1726 13 2
1726 14 40
1726 15 4
1726 16 2
1726 17 4
1726 18 3
1726 19 85
1726 20 12
1726 21 1
1726 22 57
1726 23 13
1726 24 5
1726 25 8
1726 26 127
1726 27 1
1726 28 6
1726 29 37
1726 30 41
1726 31 0
1726 32 148
1726 33 2
1726 34 0
1726 35 36
1726 36 1
1726 37 5
1726 38 8
1726 39 47
1726 40 1
1726 41 9
1726 42 5
1726 43 1
1726 44 212
1726 45 3
1726 46 0
1726 47 4
1726 48 105
1726 49 20
1726 50 54
1726 51 63
1726 52 45
1726 53 2
1726 54 58
1726 55 6
1726 56 66
1726 57 9
1726 58 2
1726 59 4
1726 60 9
1726 61 81
1726 62 90
1726 63 21
1726 64 208
1726 65 9
1726 66 7
1726 67 136
1726 68 4
1726 69 52
1726 70 32
1726 71 26
1726 72 5
1726 73 3
1726 74 4
1726 75 41
1726 76 47
1726 77 37
1726 78 56
1726 79 100
1726 80 76
1726 81 0
1726 82 70
1726 83 40
1726 84 136
1726 85 60
1726 86 30
1726 87 9
1726 88 18
1726 89 12
1726 90 0
1726 91 35
1726 92 14
1726 93 0
1726 94 17
1726 95 2
1751 1 8
1751 2 13
1751 3 16
1751 4 0
1751 5 14
1751 6 123
1751 7 54
1751 8 4
1751 9 2
1751 10 117
1751 11 15
1751 12 25
1751 13 2
1751 14 48
1751 15 2
1751 16 1
1751 17 0
1751 18 7
1751 19 134
1751 20 7
1751 21 0
1751 22 38
1751 23 15
1751 24 18
1751 25 0
1751 26 157
1751 27 5
1751 28 5
1751 29 37
1751 30 46
1751 31 1
1751 32 126
1751 33 1
1751 34 1
1751 35 52
1751 36 12
1751 37 4
1751 38 0
1751 39 39
1751 40 1
1751 41 26
1751 42 1
1751 43 4
1751 44 205
1751 45 5
1751 46 1
1751 47 12
1751 48 121
1751 49 17
1751 50 36
1751 51 65
1751 52 18
1751 53 1
1751 54 66
1751 55 4
1751 56 53
1751 57 10
1751 58 10
1751 59 5
1751 60 5
1751 61 76
1751 62 102
1751 63 20
1751 64 181
1751 65 18
1751 66 28
1751 67 167
1751 68 1
1751 69 54
1751 70 15
1751 71 34
1751 72 9
1751 73 16
1751 74 6
1751 75 45
1751 76 50
1751 77 46
1751 78 30
1751 79 101
1751 80 95
1751 81 23
1751 82 91
1751 83 9
1751 84 122
1751 85 26
1751 86 35
1751 87 6
1751 88 32
1751 89 4
1751 90 5
1751 91 42
1751 92 0
1751 93 2
1751 94 34
1751 95 2
1776 1 18
1776 2 12
1776 3 7
1776 4 3
1776 5 0
1776 6 120
1776 7 82
1776 8 2
1776 9 0
1776 10 110
1776 11 3
1776 12 26
1776 13 0
1776 14 45
1776 15 1
1776 16 6
1776 17 7
1776 18 0
1776 19 133
1776 20 10
1776 21 0
1776 22 73
1776 23 17
1776 24 14
1776 25 14
1776 26 134
1776 27 3
1776 28 25
1776 29 33
1776 30 47
1776 31 1
1776 32 106
1776 33 10
1776 34 2
1776 35 53
1776 36 1
1776 37 2
1776 38 7
1776 39 45
1776 40 0
1776 41 36
1776 42 4
1776 43 1
1776 44 204
1776 45 5
1776 46 8
1776 47 4
1776 48 136
1776 49 13
1776 50 37
1776 51 35
1776 52 27
1776 53 3
1776 54 65
1776 55 10
1776 56 38
1776 57 12
1776 58 2
1776 59 2
1776 60 15
1776 61 63
1776 62 81
1776 63 29
1776 64 210
1776 65 8
1776 66 22
1776 67 170
1776 68 1
1776 69 48
1776 70 18
1776 71 31
1776 72 21
1776 73 13
1776 74 27
1776 75 29
1776 76 30
1776 77 36
1776 78 16
1776 79 82
1776 80 110
1776 81 19
1776 82 89
1776 83 3
1776 84 111
1776 85 28
1776 86 43
1776 87 0
1776 88 34
1776 89 22
1776 90 2
1776 91 36
1776 92 1
1776 93 2
1776 94 3
1776 95 1
1801 1 17
1801 2 3
1801 3 5
1801 4 17
1801 5 0
1801 6 117
1801 7 34
1801 8 8
1801 9 2
1801 10 121
1801 11 6
1801 12 44
1801 13 3
1801 14 30
1801 15 2
1801 16 11
1801 17 16
1801 18 0
1801 19 110
1801 20 3
1801 21 0
1801 22 76
1801 23 1
1801 24 4
1801 25 24
1801 26 143
1801 27 1
1801 28 18
1801 29 36
1801 30 56
1801 31 15
1801 32 142
1801 33 15
1801 34 0
1801 35 46
1801 36 14
1801 37 2
1801 38 11
1801 39 48
1801 40 1
1801 41 45
1801 42 1
1801 43 0
1801 44 191
1801 45 5
1801 46 3
1801 47 1
1801 48 119
1801 49 21
1801 50 44
1801 51 22
1801 52 59
1801 53 8
1801 54 67
1801 55 35
1801 56 20
1801 57 18
1801 58 0
1801 59 0
1801 60 14
1801 61 58
1801 62 71
1801 63 25
1801 64 216
1801 65 1
1801 66 14
1801 67 225
1801 68 6
1801 69 28
1801 70 22
1801 71 24
1801 72 12
1801 73 1
1801 74 11
1801 75 35
1801 76 26
1801 77 42
1801 78 13
1801 79 110
1801 80 80
1801 81 46
1801 82 63
1801 83 14
1801 84 110
1801 85 45
1801 86 43
1801 87 4
1801 88 22
1801 89 14
1801 90 6
1801 91 35
1801 92 3
1801 93 6
1801 94 2
1801 95 4
1826 1 14
1826 2 12
1826 3 1
1826 4 23
1826 5 12
1826 6 109
1826 7 34
1826 8 6
1826 9 1
1826 10 143
1826 11 35
1826 12 71
1826 13 4
1826 14 11
1826 15 3
1826 16 3
1826 17 6
1826 18 1
1826 19 108
1826 20 3
1826 21 2
1826 22 76
1826 23 15
1826 24 1
1826 25 10
1826 26 116
1826 27 1
1826 28 17
1826 29 40
1826 30 82
1826 31 20
1826 32 136
1826 33 4
1826 34 1
1826 35 58
1826 36 27
1826 37 1
1826 38 0
1826 39 40
1826 40 4
1826 41 28
1826 42 0
1826 43 0
1826 44 204
1826 45 9
1826 46 38
1826 47 0
1826 48 119
1826 49 16
1826 50 40
1826 51 23
1826 52 25
1826 53 11
1826 54 61
1826 55 13
1826 56 21
1826 57 5
1826 58 6
1826 59 1
1826 60 15
1826 61 33
1826 62 100
1826 63 19
1826 64 202
1826 65 6
1826 66 22
1826 67 241
1826 68 34
1826 69 15
1826 70 19
1826 71 27
1826 72 10
1826 73 1
1826 74 10
1826 75 20
1826 76 18
1826 77 30
1826 78 13
1826 79 72
1826 80 66
1826 81 39
1826 82 59
1826 83 27
1826 84 104
1826 85 43
1826 86 7
1826 87 2
1826 88 35
1826 89 17
1826 90 0
1826 91 12
1826 92 3
1826 93 1
1826 94 4
1826 95 21
1851 1 19
1851 2 9
1851 3 0
1851 4 9
1851 5 11
1851 6 92
1851 7 39
1851 8 2
1851 9 0
1851 10 110
1851 11 38
1851 12 66
1851 13 2
1851 14 14
1851 15 4
1851 16 13
1851 17 19
1851 18 0
1851 19 105
1851 20 0
1851 21 11
1851 22 64
1851 23 0
1851 24 1
1851 25 24
1851 26 134
1851 27 0
1851 28 15
1851 29 33
1851 30 52
1851 31 15
1851 32 186
1851 33 5
1851 34 6
1851 35 60
1851 36 37
1851 37 0
1851 38 1
1851 39 18
1851 40 3
1851 41 26
1851 42 1
1851 43 3
1851 44 191
1851 45 0
1851 46 41
1851 47 2
1851 48 147
1851 49 14
1851 50 31
1851 51 22
1851 52 61
1851 53 9
1851 54 53
1851 55 7
1851 56 18
1851 57 12
1851 58 19
1851 59 3
1851 60 15
1851 61 56
1851 62 111
1851 63 21
1851 64 213
1851 65 2
1851 66 22
1851 67 251
1851 68 18
1851 69 0
1851 70 11
1851 71 27
1851 72 6
1851 73 0
1851 74 2
1851 75 9
1851 76 21
1851 77 29
1851 78 15
1851 79 69
1851 80 73
1851 81 57
1851 82 66
1851 83 45
1851 84 109
1851 85 67
1851 86 8
1851 87 13
1851 88 34
1851 89 22
1851 90 1
1851 91 10
1851 92 4
1851 93 13
1851 94 7
1851 95 10
1876 1 29
1876 2 0
1876 3 1
1876 4 1
1876 5 7
1876 6 103
1876 7 10
1876 8 1
1876 9 0
1876 10 106
1876 11 40
1876 12 70
1876 13 3
1876 14 3
1876 15 1
1876 16 17
1876 17 10
1876 18 1
1876 19 119
1876 20 0
1876 21 27
1876 22 53
1876 23 2
1876 24 6
1876 25 27
1876 26 152
1876 27 1
1876 28 17
1876 29 48
1876 30 45
1876 31 3
1876 32 176
1876 33 0
1876 34 1
1876 35 31
1876 36 31
1876 37 0
1876 38 4
1876 39 29
1876 40 11
1876 41 38
1876 42 4
1876 43 5
1876 44 213
1876 45 4
1876 46 35
1876 47 0
1876 48 139
1876 49 20
1876 50 33
1876 51 36
1876 52 35
1876 53 2
1876 54 76
1876 55 12
1876 56 22
1876 57 34
1876 58 14
1876 59 2
1876 60 24
1876 61 53
1876 62 121
1876 63 27
1876 64 203
1876 65 1
1876 66 21
1876 67 283
1876 68 14
1876 69 1
1876 70 40
1876 71 20
1876 72 8
1876 73 1
1876 74 0
1876 75 16
1876 76 20
1876 77 26
1876 78 6
1876 79 80
1876 80 58
1876 81 52
1876 82 27
1876 83 26
1876 84 100
1876 85 37
1876 86 19
1876 87 12
1876 88 48
1876 89 21
1876 90 1
1876 91 0
1876 92 0
1876 93 4
1876 94 6
1876 95 1
1901 1 21
1901 2 10
1901 3 1
1901 4 2
1901 5 6
1901 6 95
1901 7 24
1901 8 1
1901 9 2
1901 10 91
1901 11 37
1901 12 60
1901 13 5
1901 14 2
1901 15 4
1901 16 0
1901 17 11
1901 18 2
1901 19 91
1901 20 1
1901 21 18
1901 22 85
1901 23 12
1901 24 4
1901 25 25
1901 26 149
1901 27 1
1901 28 32
1901 29 32
1901 30 34
1901 31 7
1901 32 181
1901 33 2
1901 34 1
1901 35 37
1901 36 13
1901 37 3
1901 38 2
1901 39 39
1901 40 9
1901 41 29
1901 42 8
1901 43 3
1901 44 221
1901 45 2
1901 46 35
1901 47 7
1901 48 141
1901 49 14
1901 50 34
1901 51 65
1901 52 50
1901 53 2
1901 54 62
1901 55 19
1901 56 20
1901 57 28
1901 58 1
1901 59 8
1901 60 22
1901 61 36
1901 62 130
1901 63 25
1901 64 230
1901 65 19
1901 66 19
1901 67 222
1901 68 19
1901 69 5
1901 70 48
1901 71 18
1901 72 12
1901 73 2
1901 74 0
1901 75 6
1901 76 11
1901 77 2
1901 78 16
1901 79 94
1901 80 69
1901 81 48
1901 82 43
1901 83 37
1901 84 80
1901 85 51
1901 86 33
1901 87 9
1901 88 41
1901 89 28
1901 90 9
1901 91 3
1901 92 1
1901 93 2
1901 94 21
1901 95 1
1926 1 25
1926 2 6
1926 3 5
1926 4 1
1926 5 4
1926 6 66
1926 7 28
1926 8 15
1926 9 0
1926 10 91
1926 11 39
1926 12 43
1926 13 23
1926 14 34
1926 15 2
1926 16 3
1926 17 8
1926 18 3
1926 19 87
1926 20 3
1926 21 26
1926 22 121
1926 23 3
1926 24 39
1926 25 23
1926 26 149
1926 27 0
1926 28 23
1926 29 6
1926 30 26
1926 31 4
1926 32 169
1926 33 4
1926 34 3
1926 35 33
1926 36 13
1926 37 1
1926 38 9
1926 39 14
1926 40 10
1926 41 37
1926 42 7
1926 43 4
1926 44 220
1926 45 3
1926 46 10
1926 47 1
1926 48 147
1926 49 15
1926 50 17
1926 51 86
1926 52 45
1926 53 1
1926 54 55
1926 55 30
1926 56 17
1926 57 24
1926 58 6
1926 59 2
1926 60 26
1926 61 39
1926 62 137
1926 63 25
1926 64 207
1926 65 31
1926 66 29
1926 67 208
1926 68 29
1926 69 5
1926 70 58
1926 71 6
1926 72 23
1926 73 0
1926 74 2
1926 75 0
1926 76 60
1926 77 25
1926 78 13
1926 79 69
1926 80 73
1926 81 60
1926 82 27
1926 83 37
1926 84 113
1926 85 39
1926 86 22
1926 87 23
1926 88 43
1926 89 25
1926 90 22
1926 91 0
1926 92 2
1926 93 0
1926 94 14
1926 95 2
1951 1 26
1951 2 6
1951 3 6
1951 4 4
1951 5 4
1951 6 50
1951 7 38
1951 8 21
1951 9 1
1951 10 126
1951 11 35
1951 12 42
1951 13 35
1951 14 25
1951 15 1
1951 16 4
1951 17 9
1951 18 5
1951 19 97
1951 20 1
1951 21 20
1951 22 123
1951 23 22
1951 24 15
1951 25 31
1951 26 159
1951 27 15
1951 28 22
1951 29 1
1951 30 24
1951 31 1
1951 32 165
1951 33 0
1951 34 2
1951 35 24
1951 36 12
1951 37 2
1951 38 12
1951 39 17
1951 40 0
1951 41 35
1951 42 1
1951 43 2
1951 44 221
1951 45 7
1951 46 5
1951 47 2
1951 48 136
1951 49 19
1951 50 34
1951 51 85
1951 52 40
1951 53 0
1951 54 78
1951 55 60
1951 56 26
1951 57 10
1951 58 6
1951 59 7
1951 60 26
1951 61 45
1951 62 142
1951 63 18
1951 64 152
1951 65 19
1951 66 20
1951 67 219
1951 68 8
1951 69 0
1951 70 32
1951 71 15
1951 72 17
1951 73 0
1951 74 0
1951 75 3
1951 76 44
1951 77 41
1951 78 2
1951 79 52
1951 80 74
1951 81 56
1951 82 37
1951 83 13
1951 84 121
1951 85 35
1951 86 33
1951 87 24
1951 88 41
1951 89 7
1951 90 14
1951 91 5
1951 92 1
1951 93 0
1951 94 24
1951 95 0
1976 1 19
1976 2 13
1976 3 0
1976 4 8
1976 5 0
1976 6 36
1976 7 18
1976 8 4
1976 9 2
1976 10 122
1976 11 39
1976 12 35
1976 13 28
1976 14 17
1976 15 1
1976 16 2
1976 17 2
1976 18 4
1976 19 97
1976 20 11
1976 21 32
1976 22 102
1976 23 3
1976 24 4
1976 25 27
1976 26 130
1976 27 17
1976 28 36
1976 29 3
1976 30 22
1976 31 3
1976 32 166
1976 33 3
1976 34 3
1976 35 31
1976 36 17
1976 37 2
1976 38 21
1976 39 8
1976 40 5
1976 41 33
1976 42 4
1976 43 3
1976 44 200
1976 45 3
1976 46 0
1976 47 14
1976 48 146
1976 49 24
1976 50 24
1976 51 55
1976 52 23
1976 53 0
1976 54 68
1976 55 43
1976 56 2
1976 57 2
1976 58 2
1976 59 3
1976 60 14
1976 61 35
1976 62 140
1976 63 20
1976 64 191
1976 65 29
1976 66 23
1976 67 205
1976 68 8
1976 69 18
1976 70 52
1976 71 1
1976 72 27
1976 73 0
1976 74 1
1976 75 7
1976 76 19
1976 77 48
1976 78 21
1976 79 54
1976 80 57
1976 81 88
1976 82 74
1976 83 2
1976 84 98
1976 85 44
1976 86 46
1976 87 22
1976 88 29
1976 89 16
1976 90 22
1976 91 2
1976 92 2
1976 93 4
1976 94 35
1976 95 8
