1 4285
26 3840
51 3798
76 3780
101 3831
126 3825
151 3838
176 3753
201 3814
226 3847
251 3799
276 3840
301 3767
326 3725
351 3776
376 3784
401 3794
426 3804
451 3825
476 3800
501 3804
526 3816
551 3876
576 3751
601 3804
626 3823
651 3754
676 3800
701 3761
726 3790
751 3793
776 3856
801 3769
826 3887
851 3838
876 3768
901 3730
926 3870
951 3867
976 3825
1001 3793
1026 3730
1051 3793
1076 3769
1101 3824
1126 3837
1151 3796
1176 3803
1201 3754
1226 3852
1251 3800
1276 3804
1301 3823
1326 3841
1351 3802
1376 3819
1401 3766
1426 3872
1451 3875
1476 3741
1501 3734
1526 3799
1551 3798
1576 3767
1601 3759
1626 3808
1651 3820
1676 3769
1701 3790
1726 3808
1751 3796
1776 3799
1801 3820
1826 3782
1851 3736
1876 3756
1901 3761
1926 3798
1951 3803
1976 3778
