1 5052
26 4821
51 4850
76 4846
101 4856
126 4818
151 4864
176 4898
201 4841
226 4870
251 4850
276 4854
301 4828
326 4860
351 4826
376 4862
401 4763
426 4801
451 4871
476 4830
501 4928
526 4775
551 4795
576 4848
601 4853
626 4836
651 4822
676 4830
701 4825
726 4809
751 4769
776 4868
801 4812
826 4800
851 4814
876 4812
901 4784
926 4897
951 4871
976 4822
1001 4796
1026 4783
1051 4884
1076 4792
1101 4833
1126 4822
1151 4855
1176 4837
1201 4821
1226 4836
1251 4863
1276 4782
1301 4798
1326 4815
1351 4795
1376 4852
1401 4863
1426 4764
1451 4779
1476 4877
1501 4785
1526 4886
1551 4798
1576 4843
1601 4834
1626 4853
1651 4780
1676 4798
1701 4795
1726 4778
1751 4777
1776 4788
1801 4854
1826 4865
1851 4840
1876 4845
1901 4798
1926 4815
1951 4762
1976 4831
