1 4212
26 901
51 856
76 825
101 810
126 822
151 820
176 769
201 796
226 770
251 764
276 800
301 761
326 791
351 797
376 773
401 791
426 779
451 744
476 797
501 749
526 782
551 789
576 760
601 742
626 796
651 778
676 772
701 770
726 761
751 755
776 727
801 780
826 767
851 770
876 756
901 756
926 743
951 774
976 771
1001 747
1026 778
1051 774
1076 742
1101 761
1126 764
1151 791
1176 751
1201 765
1226 773
1251 754
1276 752
1301 770
1326 750
1351 736
1376 776
1401 757
1426 737
1451 746
1476 769
1501 728
1526 739
1551 717
1576 722
1601 754
1626 757
1651 767
1676 787
1701 753
1726 763
1751 740
1776 746
1801 730
1826 739
1851 760
1876 759
1901 733
1926 756
1951 738
1976 722
