1 1 5
1 2 5
1 3 6
1 4 4
1 5 7
1 6 7
1 7 4
1 8 6
1 9 5
1 10 5
1 11 8
1 12 4
1 13 4
1 14 5
1 15 7
1 16 6
1 17 3
1 18 5
1 19 5
1 20 4
1 21 4
1 22 3
1 23 6
1 24 4
1 25 3
1 26 5
1 27 6
1 28 5
1 29 3
1 30 5
1 31 4
1 32 7
1 33 5
1 34 4
1 35 5
1 36 5
1 37 4
1 38 4
1 39 4
1 40 5
1 41 4
1 42 4
1 43 4
1 44 5
1 45 6
1 46 7
1 47 5
1 48 3
1 49 6
1 50 6
1 51 4
1 52 4
1 53 3
1 54 4
1 55 4
1 56 6
1 57 8
1 58 7
1 59 5
1 60 4
1 61 5
1 62 6
1 63 4
1 64 5
1 65 5
1 66 5
1 67 9
1 68 5
1 69 6
1 70 4
1 71 7
1 72 5
1 73 6
1 74 5
1 75 5
1 76 4
1 77 5
1 78 7
1 79 7
1 80 6
1 81 6
1 82 5
1 83 5
1 84 6
1 85 7
1 86 5
1 87 6
1 88 9
1 89 7
1 90 5
1 91 5
1 92 7
1 93 6
1 94 5
1 95 4
1 96 6
1 97 6
1 98 8
1 99 6
1 100 6
1 101 6
1 102 7
1 103 6
1 104 6
1 105 5
1 106 5
1 107 5
1 108 5
1 109 6
1 110 6
1 111 8
1 112 6
1 113 6
1 114 6
1 115 6
1 116 6
1 117 6
1 118 4
1 119 4
1 120 4
1 121 7
26 1 3
26 2 1
26 3 0
26 4 1
26 5 3
26 6 2
26 7 1
26 8 1
26 9 2
26 10 5
26 11 5
26 12 3
26 13 1
26 14 1
26 15 1
26 16 1
26 17 1
26 18 1
26 19 4
26 20 3
26 21 5
26 22 5
26 23 4
26 24 2
26 25 1
26 26 2
26 27 2
26 28 5
26 29 5
26 30 4
26 31 5
26 32 5
26 33 3
26 34 4
26 35 2
26 36 1
26 37 4
26 38 5
26 39 5
26 40 5
26 41 6
26 42 4
26 43 4
26 44 4
26 45 5
26 46 1
26 47 3
26 48 4
26 49 6
26 50 6
26 51 4
26 52 5
26 53 5
26 54 5
26 55 5
26 56 2
26 57 2
26 58 1
26 59 3
26 60 7
26 61 5
26 62 5
26 63 4
26 64 4
26 65 6
26 66 7
26 67 3
26 68 1
26 69 1
26 70 0
26 71 2
26 72 4
26 73 6
26 74 4
26 75 6
26 76 8
26 77 5
26 78 2
26 79 1
26 80 1
26 81 1
26 82 3
26 83 5
26 84 4
26 85 3
26 86 6
26 87 7
26 88 6
26 89 4
26 90 2
26 91 0
26 92 2
26 93 2
26 94 6
26 95 3
26 96 5
26 97 4
26 98 5
26 99 6
26 100 3
26 101 2
26 102 2
26 103 2
26 104 3
26 105 6
26 106 5
26 107 6
26 108 5
26 109 6
26 110 6
26 111 4
26 112 1
26 113 2
26 114 2
26 115 5
26 116 3
26 117 5
26 118 4
26 119 4
26 120 5
26 121 4
51 1 3
51 2 2
51 3 2
51 4 1
51 5 3
51 6 3
51 7 3
51 8 5
51 9 3
51 10 5
51 11 6
51 12 3
51 13 1
51 14 2
51 15 2
51 16 1
51 17 2
51 18 2
51 19 3
51 20 5
51 21 4
51 22 5
51 23 0
51 24 1
51 25 2
51 26 2
51 27 3
51 28 4
51 29 4
51 30 4
51 31 5
51 32 5
51 33 5
51 34 3
51 35 2
51 36 2
51 37 3
51 38 6
51 39 7
51 40 5
51 41 5
51 42 5
51 43 6
51 44 6
51 45 4
51 46 1
51 47 0
51 48 3
51 49 6
51 50 5
51 51 4
51 52 4
51 53 6
51 54 6
51 55 6
51 56 4
51 57 1
51 58 2
51 59 4
51 60 4
51 61 6
51 62 5
51 63 5
51 64 6
51 65 5
51 66 7
51 67 3
51 68 1
51 69 1
51 70 2
51 71 2
51 72 3
51 73 6
51 74 5
51 75 4
51 76 6
51 77 7
51 78 3
51 79 1
51 80 2
51 81 1
51 82 3
51 83 5
51 84 6
51 85 6
51 86 4
51 87 6
51 88 6
51 89 3
51 90 1
51 91 1
51 92 1
51 93 3
51 94 5
51 95 3
51 96 4
51 97 4
51 98 6
51 99 5
51 100 2
51 101 1
51 102 1
51 103 1
51 104 4
51 105 6
51 106 4
51 107 4
51 108 3
51 109 5
51 110 4
51 111 2
51 112 1
51 113 2
51 114 2
51 115 5
51 116 5
51 117 3
51 118 6
51 119 6
51 120 5
51 121 5
76 1 2
76 2 2
76 3 1
76 4 1
76 5 3
76 6 1
76 7 1
76 8 3
76 9 4
76 10 3
76 11 3
76 12 2
76 13 2
76 14 2
76 15 1
76 16 3
76 17 2
76 18 4
76 19 2
76 20 4
76 21 4
76 22 2
76 23 1
76 24 1
76 25 1
76 26 1
76 27 4
76 28 4
76 29 4
76 30 5
76 31 6
76 32 3
76 33 3
76 34 2
76 35 2
76 36 1
76 37 1
76 38 4
76 39 4
76 40 6
76 41 4
76 42 5
76 43 5
76 44 5
76 45 3
76 46 1
76 47 0
76 48 3
76 49 7
76 50 5
76 51 6
76 52 5
76 53 6
76 54 6
76 55 6
76 56 2
76 57 2
76 58 2
76 59 3
76 60 5
76 61 6
76 62 5
76 63 4
76 64 6
76 65 5
76 66 5
76 67 3
76 68 1
76 69 1
76 70 2
76 71 4
76 72 5
76 73 5
76 74 4
76 75 5
76 76 5
76 77 5
76 78 2
76 79 3
76 80 3
76 81 1
76 82 4
76 83 4
76 84 5
76 85 4
76 86 5
76 87 5
76 88 3
76 89 3
76 90 1
76 91 2
76 92 1
76 93 2
76 94 3
76 95 3
76 96 4
76 97 3
76 98 4
76 99 5
76 100 2
76 101 1
76 102 1
76 103 3
76 104 5
76 105 5
76 106 5
76 107 4
76 108 4
76 109 3
76 110 5
76 111 2
76 112 1
76 113 1
76 114 3
76 115 4
76 116 5
76 117 5
76 118 5
76 119 3
76 120 4
76 121 4
101 1 2
101 2 2
101 3 1
101 4 2
101 5 3
101 6 2
101 7 1
101 8 2
101 9 2
101 10 2
101 11 2
101 12 2
101 13 1
101 14 1
101 15 1
101 16 1
101 17 2
101 18 3
101 19 3
101 20 2
101 21 2
101 22 3
101 23 2
101 24 2
101 25 1
101 26 2
101 27 4
101 28 4
101 29 5
101 30 4
101 31 3
101 32 5
101 33 3
101 34 2
101 35 1
101 36 1
101 37 2
101 38 5
101 39 4
101 40 5
101 41 6
101 42 4
101 43 4
101 44 3
101 45 1
101 46 1
101 47 2
101 48 3
101 49 6
101 50 6
101 51 6
101 52 6
101 53 5
101 54 3
101 55 4
101 56 2
101 57 1
101 58 3
101 59 3
101 60 6
101 61 4
101 62 5
101 63 6
101 64 5
101 65 5
101 66 4
101 67 2
101 68 2
101 69 2
101 70 3
101 71 3
101 72 4
101 73 5
101 74 5
101 75 4
101 76 5
101 77 5
101 78 3
101 79 2
101 80 0
101 81 2
101 82 3
101 83 5
101 84 4
101 85 3
101 86 3
101 87 5
101 88 4
101 89 3
101 90 2
101 91 2
101 92 2
101 93 2
101 94 4
101 95 2
101 96 4
101 97 3
101 98 5
101 99 5
101 100 3
101 101 1
101 102 2
101 103 1
101 104 3
101 105 5
101 106 3
101 107 3
101 108 3
101 109 4
101 110 3
101 111 2
101 112 2
101 113 2
101 114 1
101 115 4
101 116 5
101 117 3
101 118 5
101 119 3
101 120 3
101 121 4
126 1 1
126 2 2
126 3 1
126 4 1
126 5 2
126 6 2
126 7 1
126 8 2
126 9 1
126 10 3
126 11 3
126 12 2
126 13 1
126 14 2
126 15 2
126 16 2
126 17 2
126 18 2
126 19 2
126 20 3
126 21 4
126 22 3
126 23 2
126 24 1
126 25 2
126 26 1
126 27 4
126 28 3
126 29 5
126 30 5
126 31 4
126 32 4
126 33 2
126 34 2
126 35 1
126 36 1
126 37 3
126 38 7
126 39 5
126 40 6
126 41 5
126 42 5
126 43 4
126 44 5
126 45 2
126 46 3
126 47 2
126 48 3
126 49 5
126 50 4
126 51 7
126 52 6
126 53 4
126 54 5
126 55 3
126 56 3
126 57 1
126 58 1
126 59 2
126 60 5
126 61 5
126 62 4
126 63 4
126 64 4
126 65 5
126 66 3
126 67 2
126 68 2
126 69 1
126 70 1
126 71 4
126 72 3
126 73 5
126 74 4
126 75 4
126 76 4
126 77 3
126 78 2
126 79 2
126 80 1
126 81 1
126 82 3
126 83 4
126 84 4
126 85 3
126 86 4
126 87 5
126 88 5
126 89 3
126 90 2
126 91 2
126 92 1
126 93 3
126 94 2
126 95 4
126 96 3
126 97 3
126 98 4
126 99 4
126 100 2
126 101 2
126 102 1
126 103 1
126 104 2
126 105 4
126 106 4
126 107 3
126 108 4
126 109 3
126 110 3
126 111 2
126 112 1
126 113 1
126 114 2
126 115 4
126 116 4
126 117 3
126 118 4
126 119 2
126 120 4
126 121 3
151 1 2
151 2 2
151 3 2
151 4 2
151 5 2
151 6 2
151 7 1
151 8 1
151 9 2
151 10 4
151 11 3
151 12 3
151 13 1
151 14 2
151 15 2
151 16 1
151 17 2
151 18 2
151 19 4
151 20 3
151 21 3
151 22 3
151 23 2
151 24 0
151 25 1
151 26 2
151 27 2
151 28 3
151 29 5
151 30 4
151 31 3
151 32 5
151 33 3
151 34 1
151 35 1
151 36 2
151 37 2
151 38 2
151 39 3
151 40 5
151 41 5
151 42 4
151 43 4
151 44 3
151 45 2
151 46 1
151 47 2
151 48 2
151 49 5
151 50 4
151 51 5
151 52 5
151 53 3
151 54 3
151 55 3
151 56 2
151 57 2
151 58 1
151 59 2
151 60 3
151 61 3
151 62 4
151 63 3
151 64 4
151 65 4
151 66 3
151 67 2
151 68 2
151 69 2
151 70 1
151 71 4
151 72 4
151 73 4
151 74 4
151 75 4
151 76 4
151 77 3
151 78 3
151 79 3
151 80 1
151 81 2
151 82 2
151 83 3
151 84 3
151 85 4
151 86 3
151 87 4
151 88 4
151 89 2
151 90 2
151 91 0
151 92 1
151 93 3
151 94 3
151 95 4
151 96 3
151 97 2
151 98 4
151 99 4
151 100 3
151 101 2
151 102 1
151 103 2
151 104 3
151 105 4
151 106 3
151 107 3
151 108 3
151 109 4
151 110 3
151 111 2
151 112 1
151 113 2
151 114 2
151 115 3
151 116 3
151 117 3
151 118 3
151 119 3
151 120 3
151 121 3
176 1 3
176 2 1
176 3 1
176 4 1
176 5 3
176 6 2
176 7 1
176 8 3
176 9 2
176 10 3
176 11 3
176 12 3
176 13 1
176 14 1
176 15 1
176 16 1
176 17 3
176 18 4
176 19 3
176 20 1
176 21 3
176 22 3
176 23 3
176 24 1
176 25 2
176 26 1
176 27 3
176 28 2
176 29 4
176 30 3
176 31 4
176 32 3
176 33 2
176 34 2
176 35 2
176 36 2
176 37 3
176 38 3
176 39 3
176 40 3
176 41 4
176 42 3
176 43 3
176 44 3
176 45 1
176 46 1
176 47 1
176 48 3
176 49 3
176 50 3
176 51 3
176 52 4
176 53 3
176 54 4
176 55 3
176 56 3
176 57 2
176 58 1
176 59 2
176 60 3
176 61 3
176 62 3
176 63 4
176 64 4
176 65 4
176 66 3
176 67 2
176 68 1
176 69 2
176 70 2
176 71 3
176 72 4
176 73 4
176 74 4
176 75 4
176 76 3
176 77 3
176 78 2
176 79 1
176 80 2
176 81 1
176 82 1
176 83 3
176 84 3
176 85 4
176 86 3
176 87 4
176 88 2
176 89 2
176 90 2
176 91 0
176 92 0
176 93 2
176 94 3
176 95 3
176 96 3
176 97 3
176 98 3
176 99 3
176 100 2
176 101 1
176 102 2
176 103 2
176 104 2
176 105 3
176 106 3
176 107 3
176 108 1
176 109 3
176 110 3
176 111 3
176 112 1
176 113 1
176 114 3
176 115 3
176 116 2
176 117 2
176 118 3
176 119 3
176 120 3
176 121 4
201 1 2
201 2 2
201 3 2
201 4 2
201 5 3
201 6 1
201 7 1
201 8 2
201 9 3
201 10 2
201 11 2
201 12 1
201 13 1
201 14 1
201 15 1
201 16 1
201 17 1
201 18 2
201 19 1
201 20 3
201 21 4
201 22 3
201 23 2
201 24 1
201 25 1
201 26 1
201 27 2
201 28 2
201 29 4
201 30 4
201 31 4
201 32 4
201 33 3
201 34 1
201 35 1
201 36 2
201 37 1
201 38 3
201 39 3
201 40 4
201 41 4
201 42 4
201 43 3
201 44 3
201 45 2
201 46 0
201 47 2
201 48 1
201 49 3
201 50 3
201 51 4
201 52 3
201 53 3
201 54 3
201 55 3
201 56 2
201 57 1
201 58 1
201 59 2
201 60 3
201 61 4
201 62 4
201 63 4
201 64 3
201 65 3
201 66 3
201 67 2
201 68 3
201 69 1
201 70 1
201 71 2
201 72 3
201 73 3
201 74 4
201 75 4
201 76 4
201 77 4
201 78 2
201 79 0
201 80 0
201 81 0
201 82 1
201 83 3
201 84 4
201 85 4
201 86 1
201 87 2
201 88 3
201 89 1
201 90 1
201 91 0
201 92 0
201 93 1
201 94 3
201 95 3
201 96 3
201 97 2
201 98 2
201 99 2
201 100 1
201 101 1
201 102 0
201 103 2
201 104 2
201 105 3
201 106 3
201 107 2
201 108 2
201 109 2
201 110 3
201 111 3
201 112 1
201 113 1
201 114 1
201 115 3
201 116 2
201 117 2
201 118 3
201 119 2
201 120 2
201 121 2
226 1 2
226 2 0
226 3 2
226 4 1
226 5 2
226 6 1
226 7 0
226 8 1
226 9 2
226 10 3
226 11 3
226 12 2
226 13 0
226 14 1
226 15 1
226 16 1
226 17 2
226 18 1
226 19 2
226 20 2
226 21 4
226 22 3
226 23 0
226 24 1
226 25 1
226 26 1
226 27 1
226 28 3
226 29 4
226 30 3
226 31 4
226 32 4
226 33 3
226 34 2
226 35 1
226 36 2
226 37 3
226 38 3
226 39 3
226 40 4
226 41 4
226 42 3
226 43 4
226 44 4
226 45 0
226 46 2
226 47 1
226 48 2
226 49 3
226 50 4
226 51 4
226 52 4
226 53 3
226 54 3
226 55 3
226 56 2
226 57 2
226 58 1
226 59 2
226 60 3
226 61 4
226 62 4
226 63 4
226 64 3
226 65 3
226 66 3
226 67 2
226 68 1
226 69 0
226 70 0
226 71 4
226 72 4
226 73 4
226 74 4
226 75 3
226 76 2
226 77 2
226 78 1
226 79 0
226 80 0
226 81 0
226 82 2
226 83 3
226 84 4
226 85 4
226 86 1
226 87 2
226 88 2
226 89 1
226 90 0
226 91 1
226 92 0
226 93 1
226 94 3
226 95 2
226 96 2
226 97 1
226 98 1
226 99 1
226 100 1
226 101 3
226 102 1
226 103 1
226 104 1
226 105 2
226 106 3
226 107 1
226 108 1
226 109 2
226 110 2
226 111 0
226 112 2
226 113 2
226 114 1
226 115 1
226 116 1
226 117 2
226 118 1
226 119 2
226 120 2
226 121 2
251 1 1
251 2 1
251 3 1
251 4 2
251 5 0
251 6 1
251 7 1
251 8 2
251 9 1
251 10 2
251 11 2
251 12 1
251 13 2
251 14 1
251 15 1
251 16 1
251 17 1
251 18 1
251 19 2
251 20 3
251 21 3
251 22 4
251 23 1
251 24 1
251 25 1
251 26 1
251 27 2
251 28 2
251 29 4
251 30 4
251 31 4
251 32 2
251 33 4
251 34 3
251 35 2
251 36 2
251 37 1
251 38 4
251 39 4
251 40 3
251 41 4
251 42 3
251 43 3
251 44 4
251 45 1
251 46 1
251 47 1
251 48 0
251 49 4
251 50 4
251 51 4
251 52 3
251 53 3
251 54 2
251 55 3
251 56 2
251 57 2
251 58 1
251 59 2
251 60 4
251 61 4
251 62 4
251 63 3
251 64 3
251 65 2
251 66 2
251 67 0
251 68 1
251 69 0
251 70 0
251 71 3
251 72 4
251 73 4
251 74 4
251 75 3
251 76 3
251 77 3
251 78 0
251 79 0
251 80 1
251 81 0
251 82 2
251 83 3
251 84 2
251 85 3
251 86 1
251 87 1
251 88 2
251 89 1
251 90 0
251 91 1
251 92 1
251 93 2
251 94 3
251 95 2
251 96 3
251 97 1
251 98 1
251 99 2
251 100 0
251 101 0
251 102 2
251 103 2
251 104 3
251 105 3
251 106 3
251 107 2
251 108 3
251 109 1
251 110 2
251 111 0
251 112 2
251 113 1
251 114 1
251 115 3
251 116 3
251 117 2
251 118 3
251 119 2
251 120 2
251 121 2
276 1 1
276 2 2
276 3 1
276 4 1
276 5 1
276 6 0
276 7 0
276 8 0
276 9 1
276 10 1
276 11 2
276 12 2
276 13 2
276 14 2
276 15 1
276 16 0
276 17 0
276 18 1
276 19 1
276 20 3
276 21 2
276 22 3
276 23 1
276 24 2
276 25 0
276 26 1
276 27 3
276 28 2
276 29 4
276 30 4
276 31 4
276 32 3
276 33 4
276 34 2
276 35 1
276 36 1
276 37 0
276 38 3
276 39 3
276 40 4
276 41 4
276 42 3
276 43 3
276 44 3
276 45 0
276 46 0
276 47 2
276 48 1
276 49 4
276 50 4
276 51 4
276 52 4
276 53 3
276 54 3
276 55 2
276 56 0
276 57 1
276 58 0
276 59 3
276 60 3
276 61 3
276 62 4
276 63 4
276 64 3
276 65 2
276 66 2
276 67 1
276 68 0
276 69 0
276 70 0
276 71 3
276 72 3
276 73 3
276 74 3
276 75 3
276 76 2
276 77 3
276 78 0
276 79 1
276 80 0
276 81 1
276 82 2
276 83 2
276 84 2
276 85 4
276 86 1
276 87 1
276 88 1
276 89 0
276 90 0
276 91 0
276 92 1
276 93 1
276 94 3
276 95 1
276 96 2
276 97 3
276 98 1
276 99 1
276 100 1
276 101 0
276 102 0
276 103 2
276 104 2
276 105 3
276 106 2
276 107 2
276 108 1
276 109 1
276 110 1
276 111 1
276 112 1
276 113 0
276 114 1
276 115 2
276 116 2
276 117 2
276 118 1
276 119 2
276 120 2
276 121 1
301 1 0
301 2 1
301 3 1
301 4 1
301 5 2
301 6 2
301 7 2
301 8 1
301 9 2
301 10 1
301 11 1
301 12 3
301 13 2
301 14 2
301 15 1
301 16 2
301 17 2
301 18 1
301 19 2
301 20 2
301 21 4
301 22 3
301 23 1
301 24 1
301 25 1
301 26 1
301 27 2
301 28 3
301 29 4
301 30 3
301 31 3
301 32 3
301 33 4
301 34 2
301 35 0
301 36 0
301 37 1
301 38 4
301 39 4
301 40 4
301 41 3
301 42 3
301 43 4
301 44 4
301 45 2
301 46 0
301 47 0
301 48 2
301 49 3
301 50 4
301 51 3
301 52 3
301 53 3
301 54 4
301 55 2
301 56 2
301 57 0
301 58 0
301 59 1
301 60 4
301 61 4
301 62 4
301 63 3
301 64 3
301 65 3
301 66 3
301 67 0
301 68 0
301 69 0
301 70 0
301 71 2
301 72 3
301 73 3
301 74 4
301 75 2
301 76 2
301 77 2
301 78 1
301 79 0
301 80 0
301 81 0
301 82 1
301 83 2
301 84 3
301 85 2
301 86 1
301 87 1
301 88 1
301 89 1
301 90 0
301 91 0
301 92 0
301 93 1
301 94 3
301 95 2
301 96 1
301 97 0
301 98 1
301 99 1
301 100 0
301 101 1
301 102 0
301 103 0
301 104 1
301 105 2
301 106 2
301 107 1
301 108 1
301 109 2
301 110 1
301 111 1
301 112 1
301 113 1
301 114 1
301 115 2
301 116 1
301 117 1
301 118 2
301 119 2
301 120 1
301 121 1
326 1 0
326 2 1
326 3 3
326 4 2
326 5 1
326 6 2
326 7 2
326 8 2
326 9 2
326 10 1
326 11 1
326 12 1
326 13 0
326 14 1
326 15 2
326 16 2
326 17 2
326 18 3
326 19 1
326 20 3
326 21 3
326 22 2
326 23 1
326 24 1
326 25 2
326 26 1
326 27 2
326 28 3
326 29 4
326 30 4
326 31 4
326 32 3
326 33 3
326 34 2
326 35 1
326 36 2
326 37 4
326 38 3
326 39 3
326 40 3
326 41 3
326 42 3
326 43 3
326 44 3
326 45 1
326 46 0
326 47 1
326 48 2
326 49 2
326 50 3
326 51 3
326 52 3
326 53 3
326 54 3
326 55 2
326 56 0
326 57 0
326 58 0
326 59 2
326 60 3
326 61 3
326 62 3
326 63 3
326 64 4
326 65 4
326 66 3
326 67 1
326 68 0
326 69 0
326 70 1
326 71 3
326 72 4
326 73 4
326 74 3
326 75 2
326 76 2
326 77 2
326 78 0
326 79 0
326 80 0
326 81 1
326 82 3
326 83 3
326 84 3
326 85 2
326 86 2
326 87 3
326 88 2
326 89 1
326 90 0
326 91 0
326 92 0
326 93 1
326 94 2
326 95 1
326 96 1
326 97 2
326 98 2
326 99 1
326 100 0
326 101 0
326 102 0
326 103 0
326 104 1
326 105 1
326 106 1
326 107 2
326 108 1
326 109 1
326 110 1
326 111 1
326 112 0
326 113 1
326 114 1
326 115 2
326 116 1
326 117 1
326 118 1
326 119 2
326 120 3
326 121 1
351 1 1
351 2 2
351 3 3
351 4 2
351 5 1
351 6 2
351 7 1
351 8 2
351 9 1
351 10 0
351 11 2
351 12 1
351 13 1
351 14 1
351 15 1
351 16 1
351 17 2
351 18 1
351 19 2
351 20 2
351 21 2
351 22 3
351 23 1
351 24 2
351 25 2
351 26 2
351 27 1
351 28 3
351 29 3
351 30 4
351 31 4
351 32 3
351 33 2
351 34 1
351 35 0
351 36 1
351 37 1
351 38 3
351 39 4
351 40 4
351 41 3
351 42 3
351 43 2
351 44 3
351 45 0
351 46 0
351 47 0
351 48 2
351 49 3
351 50 4
351 51 4
351 52 3
351 53 3
351 54 3
351 55 2
351 56 0
351 57 0
351 58 0
351 59 2
351 60 4
351 61 4
351 62 4
351 63 3
351 64 4
351 65 2
351 66 3
351 67 3
351 68 1
351 69 1
351 70 1
351 71 1
351 72 4
351 73 4
351 74 4
351 75 1
351 76 3
351 77 3
351 78 1
351 79 0
351 80 0
351 81 2
351 82 2
351 83 3
351 84 3
351 85 3
351 86 4
351 87 3
351 88 2
351 89 0
351 90 0
351 91 0
351 92 0
351 93 2
351 94 4
351 95 2
351 96 2
351 97 2
351 98 2
351 99 2
351 100 1
351 101 0
351 102 0
351 103 0
351 104 1
351 105 3
351 106 2
351 107 1
351 108 2
351 109 2
351 110 2
351 111 1
351 112 1
351 113 1
351 114 0
351 115 1
351 116 1
351 117 1
351 118 1
351 119 1
351 120 1
351 121 1
376 1 1
376 2 1
376 3 2
376 4 0
376 5 0
376 6 3
376 7 2
376 8 2
376 9 1
376 10 2
376 11 2
376 12 1
376 13 1
376 14 1
376 15 1
376 16 1
376 17 1
376 18 2
376 19 3
376 20 3
376 21 3
376 22 2
376 23 2
376 24 3
376 25 0
376 26 1
376 27 3
376 28 4
376 29 3
376 30 4
376 31 4
376 32 4
376 33 3
376 34 2
376 35 0
376 36 2
376 37 3
376 38 4
376 39 4
376 40 4
376 41 3
376 42 2
376 43 2
376 44 2
376 45 1
376 46 0
376 47 1
376 48 1
376 49 3
376 50 4
376 51 3
376 52 2
376 53 3
376 54 3
376 55 2
376 56 2
376 57 0
376 58 2
376 59 2
376 60 3
376 61 4
376 62 3
376 63 2
376 64 4
376 65 3
376 66 3
376 67 3
376 68 0
376 69 1
376 70 2
376 71 1
376 72 4
376 73 4
376 74 4
376 75 2
376 76 3
376 77 2
376 78 3
376 79 0
376 80 0
376 81 0
376 82 2
376 83 3
376 84 4
376 85 3
376 86 3
376 87 3
376 88 3
376 89 3
376 90 0
376 91 0
376 92 0
376 93 3
376 94 4
376 95 3
376 96 2
376 97 3
376 98 3
376 99 2
376 100 1
376 101 0
376 102 0
376 103 1
376 104 1
376 105 1
376 106 2
376 107 1
376 108 1
376 109 1
376 110 2
376 111 0
376 112 1
376 113 0
376 114 0
376 115 1
376 116 1
376 117 1
376 118 1
376 119 1
376 120 1
376 121 1
401 1 0
401 2 0
401 3 1
401 4 2
401 5 0
401 6 2
401 7 1
401 8 3
401 9 2
401 10 0
401 11 2
401 12 1
401 13 0
401 14 2
401 15 1
401 16 1
401 17 1
401 18 1
401 19 1
401 20 2
401 21 3
401 22 1
401 23 2
401 24 2
401 25 2
401 26 1
401 27 2
401 28 3
401 29 3
401 30 3
401 31 4
401 32 2
401 33 3
401 34 1
401 35 2
401 36 1
401 37 2
401 38 4
401 39 3
401 40 4
401 41 3
401 42 2
401 43 3
401 44 2
401 45 0
401 46 1
401 47 1
401 48 2
401 49 2
401 50 3
401 51 3
401 52 4
401 53 3
401 54 3
401 55 2
401 56 3
401 57 1
401 58 2
401 59 2
401 60 3
401 61 3
401 62 4
401 63 4
401 64 2
401 65 4
401 66 3
401 67 1
401 68 0
401 69 0
401 70 3
401 71 2
401 72 4
401 73 3
401 74 4
401 75 4
401 76 4
401 77 3
401 78 2
401 79 2
401 80 1
401 81 1
401 82 2
401 83 4
401 84 4
401 85 4
401 86 3
401 87 3
401 88 3
401 89 2
401 90 1
401 91 0
401 92 0
401 93 1
401 94 4
401 95 2
401 96 2
401 97 1
401 98 3
401 99 3
401 100 2
401 101 0
401 102 0
401 103 0
401 104 0
401 105 1
401 106 2
401 107 2
401 108 1
401 109 3
401 110 3
401 111 1
401 112 0
401 113 0
401 114 0
401 115 2
401 116 2
401 117 1
401 118 1
401 119 1
401 120 1
401 121 2
426 1 2
426 2 1
426 3 1
426 4 0
426 5 1
426 6 0
426 7 1
426 8 2
426 9 3
426 10 3
426 11 2
426 12 1
426 13 0
426 14 0
426 15 0
426 16 3
426 17 2
426 18 3
426 19 3
426 20 3
426 21 2
426 22 3
426 23 1
426 24 3
426 25 1
426 26 1
426 27 3
426 28 2
426 29 3
426 30 2
426 31 4
426 32 4
426 33 3
426 34 3
426 35 2
426 36 1
426 37 3
426 38 4
426 39 3
426 40 4
426 41 3
426 42 4
426 43 3
426 44 4
426 45 2
426 46 1
426 47 1
426 48 1
426 49 4
426 50 4
426 51 4
426 52 4
426 53 3
426 54 4
426 55 3
426 56 1
426 57 1
426 58 2
426 59 1
426 60 3
426 61 3
426 62 4
426 63 4
426 64 3
426 65 4
426 66 3
426 67 2
426 68 1
426 69 1
426 70 0
426 71 2
426 72 3
426 73 4
426 74 4
426 75 4
426 76 3
426 77 3
426 78 2
426 79 1
426 80 0
426 81 0
426 82 1
426 83 4
426 84 4
426 85 4
426 86 3
426 87 3
426 88 3
426 89 1
426 90 1
426 91 0
426 92 0
426 93 1
426 94 4
426 95 2
426 96 4
426 97 2
426 98 3
426 99 3
426 100 3
426 101 0
426 102 0
426 103 0
426 104 2
426 105 3
426 106 1
426 107 2
426 108 4
426 109 3
426 110 3
426 111 2
426 112 1
426 113 0
426 114 0
426 115 1
426 116 2
426 117 0
426 118 1
426 119 2
426 120 2
426 121 3
451 1 1
451 2 0
451 3 0
451 4 0
451 5 1
451 6 0
451 7 0
451 8 0
451 9 2
451 10 2
451 11 3
451 12 2
451 13 0
451 14 1
451 15 2
451 16 2
451 17 2
451 18 2
451 19 1
451 20 3
451 21 3
451 22 4
451 23 2
451 24 1
451 25 1
451 26 1
451 27 2
451 28 2
451 29 3
451 30 3
451 31 4
451 32 4
451 33 3
451 34 3
451 35 2
451 36 1
451 37 3
451 38 4
451 39 4
451 40 3
451 41 4
451 42 4
451 43 4
451 44 4
451 45 1
451 46 2
451 47 1
451 48 2
451 49 4
451 50 3
451 51 4
451 52 4
451 53 4
451 54 4
451 55 3
451 56 2
451 57 2
451 58 1
451 59 2
451 60 3
451 61 3
451 62 4
451 63 4
451 64 4
451 65 3
451 66 3
451 67 3
451 68 1
451 69 1
451 70 0
451 71 3
451 72 4
451 73 4
451 74 4
451 75 4
451 76 3
451 77 3
451 78 2
451 79 0
451 80 0
451 81 0
451 82 2
451 83 3
451 84 4
451 85 3
451 86 4
451 87 3
451 88 3
451 89 2
451 90 0
451 91 0
451 92 0
451 93 2
451 94 2
451 95 4
451 96 3
451 97 2
451 98 3
451 99 3
451 100 1
451 101 0
451 102 0
451 103 0
451 104 1
451 105 2
451 106 2
451 107 4
451 108 3
451 109 3
451 110 2
451 111 3
451 112 0
451 113 0
451 114 0
451 115 1
451 116 1
451 117 2
451 118 2
451 119 2
451 120 3
451 121 3
476 1 1
476 2 2
476 3 1
476 4 0
476 5 0
476 6 0
476 7 0
476 8 0
476 9 1
476 10 3
476 11 3
476 12 1
476 13 1
476 14 1
476 15 0
476 16 0
476 17 0
476 18 0
476 19 1
476 20 3
476 21 3
476 22 3
476 23 2
476 24 1
476 25 1
476 26 1
476 27 2
476 28 3
476 29 2
476 30 3
476 31 3
476 32 4
476 33 3
476 34 3
476 35 2
476 36 1
476 37 2
476 38 4
476 39 4
476 40 4
476 41 4
476 42 4
476 43 4
476 44 3
476 45 4
476 46 0
476 47 2
476 48 2
476 49 3
476 50 4
476 51 4
476 52 4
476 53 4
476 54 4
476 55 2
476 56 2
476 57 1
476 58 1
476 59 2
476 60 3
476 61 3
476 62 4
476 63 4
476 64 4
476 65 3
476 66 3
476 67 1
476 68 1
476 69 1
476 70 0
476 71 3
476 72 3
476 73 4
476 74 4
476 75 3
476 76 3
476 77 2
476 78 1
476 79 0
476 80 0
476 81 0
476 82 2
476 83 3
476 84 4
476 85 4
476 86 2
476 87 3
476 88 2
476 89 2
476 90 0
476 91 1
476 92 1
476 93 1
476 94 3
476 95 3
476 96 3
476 97 3
476 98 3
476 99 3
476 100 1
476 101 1
476 102 0
476 103 0
476 104 1
476 105 2
476 106 2
476 107 2
476 108 3
476 109 3
476 110 3
476 111 2
476 112 0
476 113 0
476 114 1
476 115 1
476 116 2
476 117 1
476 118 2
476 119 3
476 120 3
476 121 3
501 1 3
501 2 2
501 3 2
501 4 2
501 5 3
501 6 0
501 7 0
501 8 2
501 9 2
501 10 2
501 11 4
501 12 2
501 13 1
501 14 2
501 15 2
501 16 1
501 17 1
501 18 2
501 19 1
501 20 2
501 21 3
501 22 3
501 23 1
501 24 2
501 25 2
501 26 2
501 27 1
501 28 3
501 29 3
501 30 3
501 31 2
501 32 3
501 33 3
501 34 1
501 35 0
501 36 2
501 37 2
501 38 2
501 39 3
501 40 4
501 41 4
501 42 3
501 43 4
501 44 3
501 45 1
501 46 0
501 47 0
501 48 0
501 49 4
501 50 3
501 51 4
501 52 4
501 53 4
501 54 4
501 55 2
501 56 2
501 57 1
501 58 0
501 59 1
501 60 4
501 61 3
501 62 4
501 63 4
501 64 4
501 65 4
501 66 2
501 67 2
501 68 0
501 69 0
501 70 0
501 71 2
501 72 3
501 73 3
501 74 4
501 75 3
501 76 3
501 77 3
501 78 1
501 79 0
501 80 0
501 81 0
501 82 1
501 83 3
501 84 4
501 85 4
501 86 2
501 87 2
501 88 1
501 89 0
501 90 0
501 91 0
501 92 0
501 93 2
501 94 2
501 95 3
501 96 2
501 97 1
501 98 3
501 99 2
501 100 3
501 101 1
501 102 1
501 103 1
501 104 2
501 105 3
501 106 2
501 107 3
501 108 2
501 109 3
501 110 2
501 111 1
501 112 2
501 113 1
501 114 3
501 115 2
501 116 1
501 117 1
501 118 3
501 119 3
501 120 3
501 121 3
526 1 2
526 2 1
526 3 3
526 4 1
526 5 1
526 6 3
526 7 1
526 8 1
526 9 2
526 10 1
526 11 2
526 12 1
526 13 1
526 14 1
526 15 2
526 16 1
526 17 1
526 18 1
526 19 2
526 20 2
526 21 3
526 22 3
526 23 2
526 24 2
526 25 2
526 26 1
526 27 2
526 28 2
526 29 2
526 30 3
526 31 3
526 32 3
526 33 1
526 34 1
526 35 1
526 36 1
526 37 3
526 38 4
526 39 3
526 40 3
526 41 4
526 42 4
526 43 3
526 44 1
526 45 2
526 46 1
526 47 2
526 48 2
526 49 4
526 50 4
526 51 4
526 52 4
526 53 3
526 54 4
526 55 3
526 56 1
526 57 1
526 58 1
526 59 3
526 60 4
526 61 4
526 62 4
526 63 4
526 64 4
526 65 4
526 66 3
526 67 1
526 68 0
526 69 1
526 70 1
526 71 2
526 72 3
526 73 4
526 74 4
526 75 3
526 76 3
526 77 2
526 78 1
526 79 0
526 80 0
526 81 0
526 82 1
526 83 4
526 84 4
526 85 3
526 86 1
526 87 3
526 88 2
526 89 1
526 90 0
526 91 0
526 92 0
526 93 1
526 94 2
526 95 4
526 96 4
526 97 3
526 98 3
526 99 3
526 100 2
526 101 2
526 102 0
526 103 0
526 104 1
526 105 3
526 106 3
526 107 3
526 108 3
526 109 3
526 110 2
526 111 3
526 112 2
526 113 2
526 114 1
526 115 1
526 116 3
526 117 2
526 118 3
526 119 3
526 120 3
526 121 3
551 1 2
551 2 1
551 3 0
551 4 1
551 5 2
551 6 1
551 7 1
551 8 2
551 9 2
551 10 4
551 11 3
551 12 1
551 13 1
551 14 1
551 15 1
551 16 3
551 17 1
551 18 3
551 19 2
551 20 3
551 21 4
551 22 4
551 23 2
551 24 2
551 25 2
551 26 1
551 27 1
551 28 2
551 29 3
551 30 4
551 31 4
551 32 4
551 33 3
551 34 2
551 35 1
551 36 1
551 37 2
551 38 4
551 39 4
551 40 4
551 41 3
551 42 4
551 43 4
551 44 3
551 45 2
551 46 2
551 47 1
551 48 1
551 49 4
551 50 4
551 51 4
551 52 4
551 53 3
551 54 4
551 55 3
551 56 3
551 57 1
551 58 2
551 59 3
551 60 4
551 61 4
551 62 4
551 63 4
551 64 4
551 65 4
551 66 4
551 67 1
551 68 0
551 69 1
551 70 1
551 71 3
551 72 4
551 73 4
551 74 4
551 75 3
551 76 3
551 77 3
551 78 1
551 79 0
551 80 1
551 81 2
551 82 2
551 83 4
551 84 4
551 85 4
551 86 2
551 87 2
551 88 2
551 89 1
551 90 0
551 91 0
551 92 1
551 93 0
551 94 3
551 95 3
551 96 3
551 97 3
551 98 3
551 99 2
551 100 2
551 101 1
551 102 1
551 103 0
551 104 2
551 105 2
551 106 3
551 107 3
551 108 2
551 109 3
551 110 3
551 111 2
551 112 1
551 113 0
551 114 1
551 115 3
551 116 3
551 117 3
551 118 3
551 119 3
551 120 3
551 121 4
576 1 2
576 2 2
576 3 1
576 4 1
576 5 3
576 6 1
576 7 0
576 8 2
576 9 1
576 10 2
576 11 3
576 12 3
576 13 2
576 14 2
576 15 2
576 16 2
576 17 3
576 18 3
576 19 2
576 20 2
576 21 3
576 22 3
576 23 2
576 24 1
576 25 2
576 26 1
576 27 3
576 28 4
576 29 3
576 30 4
576 31 4
576 32 4
576 33 4
576 34 4
576 35 1
576 36 2
576 37 2
576 38 4
576 39 4
576 40 3
576 41 4
576 42 4
576 43 4
576 44 4
576 45 2
576 46 1
576 47 2
576 48 1
576 49 3
576 50 3
576 51 4
576 52 4
576 53 3
576 54 4
576 55 4
576 56 2
576 57 2
576 58 0
576 59 1
576 60 4
576 61 4
576 62 4
576 63 4
576 64 4
576 65 4
576 66 3
576 67 1
576 68 0
576 69 0
576 70 1
576 71 4
576 72 4
576 73 3
576 74 4
576 75 4
576 76 4
576 77 4
576 78 2
576 79 1
576 80 1
576 81 2
576 82 3
576 83 4
576 84 4
576 85 2
576 86 2
576 87 3
576 88 3
576 89 2
576 90 3
576 91 1
576 92 1
576 93 1
576 94 4
576 95 2
576 96 3
576 97 1
576 98 3
576 99 2
576 100 2
576 101 2
576 102 2
576 103 2
576 104 0
576 105 3
576 106 4
576 107 4
576 108 1
576 109 3
576 110 2
576 111 2
576 112 1
576 113 1
576 114 2
576 115 2
576 116 2
576 117 2
576 118 3
576 119 3
576 120 4
576 121 2
601 1 1
601 2 2
601 3 1
601 4 1
601 5 2
601 6 2
601 7 1
601 8 2
601 9 2
601 10 3
601 11 4
601 12 2
601 13 2
601 14 2
601 15 2
601 16 1
601 17 2
601 18 2
601 19 3
601 20 3
601 21 4
601 22 2
601 23 2
601 24 3
601 25 2
601 26 2
601 27 2
601 28 3
601 29 3
601 30 3
601 31 4
601 32 4
601 33 4
601 34 1
601 35 2
601 36 2
601 37 2
601 38 3
601 39 4
601 40 4
601 41 4
601 42 4
601 43 3
601 44 3
601 45 2
601 46 1
601 47 2
601 48 2
601 49 4
601 50 4
601 51 3
601 52 4
601 53 4
601 54 4
601 55 3
601 56 2
601 57 1
601 58 1
601 59 2
601 60 4
601 61 4
601 62 4
601 63 4
601 64 4
601 65 3
601 66 4
601 67 2
601 68 1
601 69 1
601 70 3
601 71 4
601 72 4
601 73 3
601 74 4
601 75 4
601 76 4
601 77 3
601 78 2
601 79 2
601 80 1
601 81 2
601 82 3
601 83 4
601 84 4
601 85 3
601 86 4
601 87 4
601 88 4
601 89 2
601 90 2
601 91 2
601 92 0
601 93 3
601 94 4
601 95 3
601 96 3
601 97 2
601 98 4
601 99 3
601 100 3
601 101 2
601 102 2
601 103 1
601 104 0
601 105 4
601 106 4
601 107 4
601 108 3
601 109 2
601 110 2
601 111 2
601 112 1
601 113 2
601 114 3
601 115 2
601 116 2
601 117 3
601 118 4
601 119 3
601 120 3
601 121 3
626 1 2
626 2 2
626 3 2
626 4 1
626 5 2
626 6 1
626 7 1
626 8 2
626 9 3
626 10 3
626 11 2
626 12 3
626 13 1
626 14 2
626 15 1
626 16 1
626 17 2
626 18 3
626 19 2
626 20 3
626 21 3
626 22 4
626 23 1
626 24 2
626 25 2
626 26 1
626 27 3
626 28 3
626 29 3
626 30 3
626 31 3
626 32 3
626 33 4
626 34 3
626 35 2
626 36 1
626 37 2
626 38 4
626 39 4
626 40 3
626 41 4
626 42 4
626 43 4
626 44 4
626 45 2
626 46 1
626 47 2
626 48 3
626 49 3
626 50 4
626 51 4
626 52 3
626 53 4
626 54 4
626 55 4
626 56 3
626 57 2
626 58 2
626 59 3
626 60 3
626 61 4
626 62 4
626 63 4
626 64 4
626 65 4
626 66 4
626 67 2
626 68 1
626 69 2
626 70 1
626 71 3
626 72 4
626 73 4
626 74 4
626 75 3
626 76 4
626 77 4
626 78 2
626 79 2
626 80 2
626 81 1
626 82 1
626 83 3
626 84 4
626 85 4
626 86 4
626 87 3
626 88 4
626 89 2
626 90 2
626 91 1
626 92 1
626 93 3
626 94 2
626 95 3
626 96 4
626 97 2
626 98 4
626 99 4
626 100 2
626 101 2
626 102 1
626 103 1
626 104 2
626 105 4
626 106 3
626 107 4
626 108 3
626 109 3
626 110 4
626 111 2
626 112 2
626 113 0
626 114 2
626 115 3
626 116 2
626 117 3
626 118 4
626 119 4
626 120 2
626 121 2
651 1 3
651 2 2
651 3 2
651 4 2
651 5 3
651 6 1
651 7 2
651 8 1
651 9 4
651 10 3
651 11 3
651 12 3
651 13 1
651 14 1
651 15 2
651 16 1
651 17 1
651 18 1
651 19 3
651 20 3
651 21 3
651 22 4
651 23 2
651 24 1
651 25 2
651 26 1
651 27 3
651 28 3
651 29 4
651 30 3
651 31 3
651 32 4
651 33 4
651 34 4
651 35 1
651 36 2
651 37 3
651 38 3
651 39 3
651 40 4
651 41 4
651 42 3
651 43 3
651 44 4
651 45 3
651 46 1
651 47 1
651 48 2
651 49 3
651 50 4
651 51 4
651 52 4
651 53 4
651 54 4
651 55 3
651 56 3
651 57 2
651 58 1
651 59 2
651 60 3
651 61 4
651 62 3
651 63 4
651 64 3
651 65 4
651 66 4
651 67 2
651 68 2
651 69 1
651 70 1
651 71 3
651 72 4
651 73 4
651 74 4
651 75 4
651 76 2
651 77 4
651 78 2
651 79 1
651 80 2
651 81 1
651 82 3
651 83 4
651 84 3
651 85 4
651 86 4
651 87 4
651 88 4
651 89 3
651 90 2
651 91 1
651 92 2
651 93 2
651 94 3
651 95 3
651 96 4
651 97 3
651 98 3
651 99 4
651 100 3
651 101 3
651 102 1
651 103 1
651 104 3
651 105 3
651 106 3
651 107 3
651 108 3
651 109 3
651 110 3
651 111 2
651 112 2
651 113 1
651 114 2
651 115 3
651 116 3
651 117 3
651 118 4
651 119 4
651 120 3
651 121 3
676 1 2
676 2 2
676 3 1
676 4 2
676 5 1
676 6 0
676 7 1
676 8 3
676 9 2
676 10 3
676 11 3
676 12 2
676 13 3
676 14 1
676 15 2
676 16 1
676 17 2
676 18 3
676 19 3
676 20 3
676 21 3
676 22 3
676 23 2
676 24 1
676 25 2
676 26 0
676 27 1
676 28 2
676 29 3
676 30 3
676 31 3
676 32 4
676 33 4
676 34 3
676 35 1
676 36 2
676 37 1
676 38 3
676 39 3
676 40 3
676 41 3
676 42 3
676 43 4
676 44 4
676 45 3
676 46 2
676 47 2
676 48 1
676 49 3
676 50 3
676 51 4
676 52 3
676 53 3
676 54 3
676 55 3
676 56 2
676 57 2
676 58 2
676 59 2
676 60 3
676 61 3
676 62 4
676 63 3
676 64 4
676 65 3
676 66 3
676 67 3
676 68 1
676 69 1
676 70 1
676 71 3
676 72 4
676 73 4
676 74 4
676 75 4
676 76 4
676 77 4
676 78 3
676 79 1
676 80 1
676 81 2
676 82 1
676 83 4
676 84 4
676 85 3
676 86 3
676 87 3
676 88 3
676 89 2
676 90 1
676 91 1
676 92 1
676 93 2
676 94 3
676 95 1
676 96 3
676 97 3
676 98 3
676 99 3
676 100 2
676 101 1
676 102 2
676 103 1
676 104 1
676 105 3
676 106 2
676 107 4
676 108 3
676 109 3
676 110 4
676 111 3
676 112 2
676 113 1
676 114 3
676 115 2
676 116 3
676 117 2
676 118 4
676 119 4
676 120 3
676 121 3
701 1 3
701 2 2
701 3 2
701 4 2
701 5 1
701 6 1
701 7 2
701 8 2
701 9 3
701 10 3
701 11 3
701 12 2
701 13 1
701 14 2
701 15 2
701 16 3
701 17 2
701 18 3
701 19 2
701 20 2
701 21 3
701 22 3
701 23 1
701 24 1
701 25 1
701 26 1
701 27 2
701 28 3
701 29 3
701 30 3
701 31 3
701 32 3
701 33 3
701 34 3
701 35 1
701 36 2
701 37 2
701 38 3
701 39 3
701 40 4
701 41 3
701 42 3
701 43 3
701 44 3
701 45 3
701 46 1
701 47 1
701 48 2
701 49 3
701 50 4
701 51 4
701 52 4
701 53 4
701 54 4
701 55 3
701 56 3
701 57 3
701 58 1
701 59 0
701 60 3
701 61 4
701 62 4
701 63 4
701 64 4
701 65 3
701 66 3
701 67 3
701 68 1
701 69 0
701 70 1
701 71 3
701 72 4
701 73 4
701 74 4
701 75 4
701 76 4
701 77 3
701 78 3
701 79 0
701 80 2
701 81 1
701 82 3
701 83 4
701 84 4
701 85 4
701 86 4
701 87 4
701 88 3
701 89 3
701 90 0
701 91 2
701 92 1
701 93 0
701 94 3
701 95 2
701 96 3
701 97 1
701 98 3
701 99 3
701 100 2
701 101 1
701 102 2
701 103 0
701 104 1
701 105 2
701 106 3
701 107 3
701 108 3
701 109 3
701 110 3
701 111 3
701 112 2
701 113 1
701 114 1
701 115 1
701 116 3
701 117 2
701 118 2
701 119 3
701 120 3
701 121 3
726 1 2
726 2 2
726 3 2
726 4 0
726 5 1
726 6 0
726 7 1
726 8 3
726 9 2
726 10 3
726 11 3
726 12 1
726 13 2
726 14 1
726 15 1
726 16 1
726 17 1
726 18 0
726 19 1
726 20 1
726 21 3
726 22 2
726 23 2
726 24 1
726 25 1
726 26 0
726 27 1
726 28 3
726 29 2
726 30 3
726 31 3
726 32 3
726 33 3
726 34 1
726 35 1
726 36 2
726 37 1
726 38 3
726 39 4
726 40 3
726 41 3
726 42 3
726 43 4
726 44 3
726 45 2
726 46 1
726 47 2
726 48 1
726 49 4
726 50 4
726 51 3
726 52 4
726 53 4
726 54 4
726 55 4
726 56 2
726 57 1
726 58 0
726 59 0
726 60 3
726 61 4
726 62 4
726 63 4
726 64 3
726 65 4
726 66 4
726 67 2
726 68 0
726 69 0
726 70 1
726 71 2
726 72 4
726 73 4
726 74 3
726 75 3
726 76 4
726 77 3
726 78 3
726 79 1
726 80 1
726 81 3
726 82 1
726 83 4
726 84 3
726 85 4
726 86 2
726 87 3
726 88 3
726 89 1
726 90 1
726 91 2
726 92 1
726 93 2
726 94 3
726 95 2
726 96 3
726 97 2
726 98 3
726 99 3
726 100 2
726 101 1
726 102 1
726 103 1
726 104 1
726 105 1
726 106 2
726 107 3
726 108 3
726 109 3
726 110 3
726 111 2
726 112 2
726 113 0
726 114 1
726 115 1
726 116 2
726 117 2
726 118 3
726 119 3
726 120 3
726 121 3
751 1 2
751 2 0
751 3 0
751 4 0
751 5 2
751 6 2
751 7 2
751 8 2
751 9 3
751 10 2
751 11 3
751 12 1
751 13 1
751 14 0
751 15 1
751 16 2
751 17 2
751 18 2
751 19 2
751 20 2
751 21 3
751 22 2
751 23 1
751 24 1
751 25 2
751 26 1
751 27 2
751 28 2
751 29 3
751 30 3
751 31 4
751 32 3
751 33 3
751 34 2
751 35 2
751 36 2
751 37 2
751 38 4
751 39 3
751 40 3
751 41 3
751 42 3
751 43 3
751 44 2
751 45 0
751 46 1
751 47 2
751 48 2
751 49 4
751 50 3
751 51 4
751 52 4
751 53 4
751 54 4
751 55 3
751 56 3
751 57 1
751 58 2
751 59 1
751 60 4
751 61 4
751 62 4
751 63 4
751 64 3
751 65 4
751 66 4
751 67 3
751 68 2
751 69 1
751 70 1
751 71 4
751 72 4
751 73 4
751 74 4
751 75 3
751 76 3
751 77 3
751 78 1
751 79 2
751 80 2
751 81 1
751 82 1
751 83 2
751 84 3
751 85 3
751 86 3
751 87 2
751 88 3
751 89 2
751 90 2
751 91 2
751 92 0
751 93 2
751 94 2
751 95 1
751 96 2
751 97 1
751 98 2
751 99 3
751 100 2
751 101 2
751 102 1
751 103 1
751 104 1
751 105 2
751 106 2
751 107 4
751 108 2
751 109 3
751 110 3
751 111 2
751 112 2
751 113 1
751 114 0
751 115 2
751 116 2
751 117 3
751 118 4
751 119 3
751 120 3
751 121 3
776 1 2
776 2 2
776 3 0
776 4 0
776 5 2
776 6 1
776 7 1
776 8 3
776 9 1
776 10 2
776 11 3
776 12 2
776 13 1
776 14 1
776 15 1
776 16 0
776 17 2
776 18 2
776 19 2
776 20 2
776 21 2
776 22 3
776 23 1
776 24 0
776 25 1
776 26 2
776 27 1
776 28 3
776 29 3
776 30 2
776 31 4
776 32 2
776 33 3
776 34 1
776 35 1
776 36 1
776 37 3
776 38 4
776 39 4
776 40 3
776 41 3
776 42 3
776 43 4
776 44 4
776 45 2
776 46 2
776 47 1
776 48 2
776 49 4
776 50 4
776 51 4
776 52 4
776 53 4
776 54 4
776 55 4
776 56 3
776 57 2
776 58 2
776 59 2
776 60 3
776 61 4
776 62 4
776 63 4
776 64 2
776 65 3
776 66 3
776 67 3
776 68 2
776 69 1
776 70 1
776 71 3
776 72 4
776 73 4
776 74 3
776 75 2
776 76 2
776 77 3
776 78 2
776 79 1
776 80 0
776 81 0
776 82 2
776 83 2
776 84 4
776 85 2
776 86 1
776 87 2
776 88 3
776 89 1
776 90 2
776 91 2
776 92 0
776 93 0
776 94 2
776 95 3
776 96 1
776 97 2
776 98 4
776 99 3
776 100 1
776 101 1
776 102 0
776 103 0
776 104 1
776 105 2
776 106 3
776 107 2
776 108 3
776 109 2
776 110 2
776 111 1
776 112 2
776 113 1
776 114 2
776 115 2
776 116 3
776 117 3
776 118 2
776 119 3
776 120 2
776 121 2
801 1 0
801 2 0
801 3 0
801 4 0
801 5 2
801 6 2
801 7 2
801 8 2
801 9 2
801 10 1
801 11 1
801 12 1
801 13 1
801 14 0
801 15 0
801 16 1
801 17 1
801 18 2
801 19 1
801 20 1
801 21 3
801 22 3
801 23 2
801 24 2
801 25 1
801 26 0
801 27 2
801 28 2
801 29 3
801 30 4
801 31 3
801 32 2
801 33 3
801 34 2
801 35 2
801 36 1
801 37 2
801 38 3
801 39 3
801 40 4
801 41 4
801 42 3
801 43 3
801 44 4
801 45 1
801 46 2
801 47 0
801 48 2
801 49 2
801 50 2
801 51 3
801 52 4
801 53 3
801 54 3
801 55 4
801 56 3
801 57 1
801 58 1
801 59 0
801 60 2
801 61 3
801 62 3
801 63 4
801 64 3
801 65 2
801 66 3
801 67 1
801 68 1
801 69 0
801 70 0
801 71 2
801 72 3
801 73 2
801 74 2
801 75 2
801 76 2
801 77 3
801 78 1
801 79 0
801 80 0
801 81 0
801 82 1
801 83 3
801 84 3
801 85 1
801 86 2
801 87 1
801 88 2
801 89 1
801 90 0
801 91 0
801 92 0
801 93 1
801 94 2
801 95 1
801 96 3
801 97 2
801 98 2
801 99 1
801 100 0
801 101 0
801 102 0
801 103 0
801 104 1
801 105 3
801 106 3
801 107 3
801 108 3
801 109 1
801 110 1
801 111 0
801 112 0
801 113 0
801 114 1
801 115 2
801 116 3
801 117 3
801 118 3
801 119 2
801 120 2
801 121 2
826 1 0
826 2 0
826 3 0
826 4 0
826 5 2
826 6 2
826 7 0
826 8 1
826 9 2
826 10 3
826 11 1
826 12 3
826 13 0
826 14 0
826 15 0
826 16 1
826 17 2
826 18 3
826 19 2
826 20 2
826 21 2
826 22 3
826 23 2
826 24 1
826 25 1
826 26 0
826 27 1
826 28 3
826 29 3
826 30 4
826 31 2
826 32 3
826 33 4
826 34 4
826 35 1
826 36 1
826 37 1
826 38 3
826 39 3
826 40 3
826 41 2
826 42 4
826 43 4
826 44 4
826 45 2
826 46 1
826 47 1
826 48 3
826 49 3
826 50 3
826 51 3
826 52 3
826 53 3
826 54 3
826 55 2
826 56 3
826 57 1
826 58 0
826 59 1
826 60 3
826 61 3
826 62 3
826 63 3
826 64 3
826 65 3
826 66 2
826 67 2
826 68 0
826 69 0
826 70 0
826 71 3
826 72 3
826 73 3
826 74 3
826 75 3
826 76 1
826 77 2
826 78 1
826 79 0
826 80 0
826 81 0
826 82 2
826 83 3
826 84 3
826 85 3
826 86 2
826 87 1
826 88 1
826 89 1
826 90 0
826 91 0
826 92 0
826 93 1
826 94 3
826 95 2
826 96 3
826 97 1
826 98 1
826 99 1
826 100 1
826 101 0
826 102 0
826 103 0
826 104 3
826 105 4
826 106 3
826 107 3
826 108 2
826 109 2
826 110 1
826 111 0
826 112 0
826 113 0
826 114 1
826 115 3
826 116 2
826 117 2
826 118 3
826 119 3
826 120 3
826 121 1
851 1 2
851 2 0
851 3 0
851 4 0
851 5 0
851 6 1
851 7 1
851 8 2
851 9 3
851 10 2
851 11 2
851 12 1
851 13 0
851 14 0
851 15 0
851 16 1
851 17 1
851 18 1
851 19 1
851 20 2
851 21 3
851 22 4
851 23 3
851 24 1
851 25 0
851 26 0
851 27 1
851 28 3
851 29 4
851 30 4
851 31 3
851 32 2
851 33 3
851 34 2
851 35 0
851 36 0
851 37 2
851 38 3
851 39 3
851 40 3
851 41 4
851 42 3
851 43 3
851 44 3
851 45 2
851 46 1
851 47 0
851 48 1
851 49 3
851 50 3
851 51 3
851 52 4
851 53 3
851 54 4
851 55 3
851 56 3
851 57 1
851 58 0
851 59 2
851 60 3
851 61 3
851 62 3
851 63 3
851 64 3
851 65 3
851 66 3
851 67 1
851 68 1
851 69 0
851 70 0
851 71 1
851 72 3
851 73 3
851 74 3
851 75 3
851 76 3
851 77 2
851 78 2
851 79 0
851 80 1
851 81 1
851 82 3
851 83 3
851 84 3
851 85 3
851 86 2
851 87 1
851 88 2
851 89 1
851 90 1
851 91 0
851 92 0
851 93 2
851 94 3
851 95 3
851 96 2
851 97 2
851 98 2
851 99 1
851 100 2
851 101 0
851 102 0
851 103 1
851 104 2
851 105 3
851 106 3
851 107 3
851 108 3
851 109 3
851 110 3
851 111 1
851 112 0
851 113 0
851 114 1
851 115 3
851 116 3
851 117 3
851 118 3
851 119 3
851 120 3
851 121 3
876 1 1
876 2 0
876 3 0
876 4 0
876 5 2
876 6 2
876 7 1
876 8 2
876 9 2
876 10 3
876 11 2
876 12 1
876 13 0
876 14 0
876 15 0
876 16 2
876 17 1
876 18 2
876 19 1
876 20 2
876 21 3
876 22 2
876 23 2
876 24 1
876 25 0
876 26 1
876 27 2
876 28 3
876 29 4
876 30 3
876 31 4
876 32 4
876 33 3
876 34 2
876 35 0
876 36 0
876 37 2
876 38 3
876 39 4
876 40 4
876 41 4
876 42 4
876 43 4
876 44 3
876 45 1
876 46 0
876 47 1
876 48 2
876 49 3
876 50 3
876 51 3
876 52 4
876 53 3
876 54 4
876 55 3
876 56 0
876 57 0
876 58 0
876 59 2
876 60 3
876 61 3
876 62 4
876 63 4
876 64 3
876 65 3
876 66 2
876 67 0
876 68 0
876 69 0
876 70 0
876 71 1
876 72 3
876 73 4
876 74 4
876 75 3
876 76 2
876 77 3
876 78 2
876 79 0
876 80 0
876 81 0
876 82 1
876 83 3
876 84 3
876 85 3
876 86 1
876 87 1
876 88 1
876 89 2
876 90 0
876 91 0
876 92 0
876 93 1
876 94 3
876 95 2
876 96 3
876 97 2
876 98 3
876 99 2
876 100 3
876 101 1
876 102 0
876 103 0
876 104 3
876 105 3
876 106 2
876 107 3
876 108 3
876 109 3
876 110 3
876 111 2
876 112 0
876 113 0
876 114 1
876 115 4
876 116 3
876 117 2
876 118 4
876 119 3
876 120 3
876 121 3
901 1 2
901 2 0
901 3 0
901 4 1
901 5 1
901 6 2
901 7 1
901 8 1
901 9 2
901 10 4
901 11 3
901 12 2
901 13 0
901 14 0
901 15 2
901 16 2
901 17 1
901 18 2
901 19 2
901 20 3
901 21 4
901 22 3
901 23 1
901 24 0
901 25 0
901 26 1
901 27 1
901 28 3
901 29 3
901 30 4
901 31 4
901 32 4
901 33 4
901 34 1
901 35 1
901 36 0
901 37 2
901 38 3
901 39 3
901 40 3
901 41 4
901 42 4
901 43 4
901 44 4
901 45 1
901 46 0
901 47 1
901 48 1
901 49 3
901 50 3
901 51 4
901 52 4
901 53 4
901 54 4
901 55 4
901 56 0
901 57 0
901 58 0
901 59 1
901 60 3
901 61 2
901 62 4
901 63 3
901 64 4
901 65 4
901 66 3
901 67 1
901 68 0
901 69 0
901 70 2
901 71 3
901 72 4
901 73 4
901 74 3
901 75 4
901 76 4
901 77 3
901 78 0
901 79 1
901 80 1
901 81 2
901 82 3
901 83 3
901 84 4
901 85 3
901 86 3
901 87 3
901 88 3
901 89 1
901 90 1
901 91 0
901 92 1
901 93 1
901 94 3
901 95 3
901 96 3
901 97 3
901 98 3
901 99 3
901 100 2
901 101 0
901 102 0
901 103 2
901 104 2
901 105 3
901 106 4
901 107 3
901 108 3
901 109 3
901 110 3
901 111 1
901 112 0
901 113 0
901 114 2
901 115 3
901 116 3
901 117 4
901 118 3
901 119 3
901 120 3
901 121 3
926 1 3
926 2 1
926 3 1
926 4 2
926 5 2
926 6 2
926 7 1
926 8 1
926 9 1
926 10 4
926 11 4
926 12 3
926 13 1
926 14 1
926 15 2
926 16 2
926 17 2
926 18 3
926 19 2
926 20 2
926 21 3
926 22 4
926 23 3
926 24 0
926 25 1
926 26 1
926 27 1
926 28 3
926 29 4
926 30 3
926 31 3
926 32 4
926 33 4
926 34 1
926 35 0
926 36 0
926 37 1
926 38 2
926 39 2
926 40 4
926 41 4
926 42 3
926 43 4
926 44 3
926 45 1
926 46 0
926 47 0
926 48 3
926 49 3
926 50 3
926 51 4
926 52 4
926 53 4
926 54 4
926 55 4
926 56 2
926 57 1
926 58 1
926 59 1
926 60 3
926 61 3
926 62 4
926 63 4
926 64 4
926 65 4
926 66 4
926 67 3
926 68 0
926 69 2
926 70 2
926 71 3
926 72 4
926 73 4
926 74 4
926 75 4
926 76 4
926 77 4
926 78 2
926 79 0
926 80 2
926 81 2
926 82 1
926 83 4
926 84 4
926 85 4
926 86 3
926 87 4
926 88 3
926 