1 90
26 92
51 90
76 89
101 93
126 92
151 88
176 92
201 91
226 90
251 92
276 89
301 89
326 91
351 91
376 90
401 92
426 91
451 90
476 88
501 91
526 89
551 88
576 89
601 94
626 88
651 94
676 91
701 89
726 92
751 92
776 88
801 90
826 88
851 91
876 87
901 92
926 92
951 88
976 88
1001 90
1026 91
1051 90
1076 89
1101 89
1126 90
1151 90
1176 88
1201 89
1226 89
1251 88
1276 86
1301 87
1326 91
1351 92
1376 88
1401 90
1426 92
1451 92
1476 92
1501 89
1526 88
1551 92
1576 91
1601 87
1626 90
1651 93
1676 87
1701 89
1726 88
1751 87
1776 89
1801 94
1826 91
1851 92
1876 89
1901 92
1926 90
1951 91
1976 89
