1 53
26 45
51 47
76 48
101 54
126 56
151 56
176 55
201 61
226 59
251 58
276 58
301 58
326 59
351 59
376 59
401 63
426 62
451 62
476 64
501 58
526 59
551 62
576 58
601 61
626 62
651 62
676 59
701 61
726 66
751 66
776 63
801 62
826 62
851 61
876 62
901 59
926 60
951 62
976 55
1001 59
1026 58
1051 62
1076 59
1101 61
1126 60
1151 60
1176 56
1201 57
1226 61
1251 53
1276 53
1301 52
1326 57
1351 56
1376 56
1401 55
1426 57
1451 55
1476 54
1501 60
1526 60
1551 57
1576 57
1601 58
1626 54
1651 61
1676 56
1701 56
1726 60
1751 60
1776 57
1801 58
1826 57
1851 58
1876 56
1901 60
1926 57
1951 57
1976 55
