1 1 3
1 2 4
1 3 3
1 4 7
1 5 2
1 6 5
1 7 3
1 8 3
1 9 4
1 10 3
1 11 5
1 12 1
1 13 4
1 14 6
1 15 4
1 16 2
1 17 4
1 18 3
1 19 4
1 20 6
1 21 3
1 22 5
1 23 2
1 24 3
1 25 3
1 26 5
1 27 6
1 28 5
1 29 1
1 30 4
1 31 4
1 32 4
1 33 3
1 34 7
1 35 6
1 36 6
1 37 5
1 38 3
1 39 4
1 40 8
1 41 5
1 42 4
1 43 4
1 44 1
1 45 7
1 46 5
1 47 6
1 48 5
1 49 3
1 50 5
1 51 6
1 52 3
1 53 5
1 54 3
1 55 4
1 56 3
1 57 2
1 58 3
1 59 5
1 60 5
1 61 5
1 62 4
1 63 5
1 64 7
1 65 5
1 66 5
1 67 3
1 68 6
1 69 5
1 70 4
1 71 5
1 72 5
1 73 3
1 74 6
1 75 5
1 76 3
1 77 4
1 78 5
1 79 4
1 80 3
1 81 6
1 82 3
1 83 4
1 84 3
1 85 1
1 86 3
1 87 4
1 88 4
1 89 7
1 90 2
1 91 3
1 92 6
1 93 7
1 94 2
1 95 4
1 96 3
1 97 1
1 98 4
1 99 5
1 100 3
1 101 2
1 102 4
1 103 3
1 104 4
1 105 4
1 106 2
1 107 2
1 108 3
1 109 3
1 110 3
1 111 3
1 112 6
1 113 5
1 114 4
1 115 3
1 116 3
1 117 2
1 118 3
1 119 5
1 120 3
1 121 4
26 1 4
26 2 2
26 3 2
26 4 6
26 5 4
26 6 6
26 7 5
26 8 3
26 9 1
26 10 1
26 11 5
26 12 1
26 13 2
26 14 4
26 15 2
26 16 3
26 17 7
26 18 4
26 19 4
26 20 2
26 21 2
26 22 2
26 23 6
26 24 7
26 25 6
26 26 2
26 27 2
26 28 2
26 29 2
26 30 5
26 31 2
26 32 2
26 33 2
26 34 6
26 35 4
26 36 3
26 37 2
26 38 4
26 39 0
26 40 4
26 41 4
26 42 5
26 43 4
26 44 2
26 45 1
26 46 3
26 47 2
26 48 6
26 49 5
26 50 2
26 51 5
26 52 5
26 53 5
26 54 3
26 55 1
26 56 1
26 57 1
26 58 3
26 59 4
26 60 4
26 61 2
26 62 4
26 63 2
26 64 8
26 65 2
26 66 1
26 67 3
26 68 1
26 69 2
26 70 4
26 71 3
26 72 1
26 73 3
26 74 2
26 75 1
26 76 2
26 77 2
26 78 2
26 79 1
26 80 3
26 81 2
26 82 2
26 83 2
26 84 1
26 85 4
26 86 2
26 87 3
26 88 0
26 89 1
26 90 2
26 91 3
26 92 3
26 93 5
26 94 1
26 95 5
26 96 1
26 97 2
26 98 3
26 99 4
26 100 1
26 101 3
26 102 5
26 103 2
26 104 1
26 105 1
26 106 5
26 107 3
26 108 2
26 109 3
26 110 4
26 111 4
26 112 2
26 113 5
26 114 5
26 115 5
26 116 0
26 117 3
26 118 4
26 119 4
26 120 3
26 121 4
51 1 3
51 2 3
51 3 5
51 4 3
51 5 4
51 6 3
51 7 4
51 8 2
51 9 2
51 10 1
51 11 4
51 12 6
51 13 3
51 14 3
51 15 2
51 16 4
51 17 5
51 18 5
51 19 3
51 20 2
51 21 2
51 22 4
51 23 3
51 24 5
51 25 4
51 26 2
51 27 3
51 28 4
51 29 6
51 30 6
51 31 1
51 32 2
51 33 1
51 34 4
51 35 3
51 36 4
51 37 3
51 38 2
51 39 3
51 40 4
51 41 4
51 42 5
51 43 5
51 44 3
51 45 1
51 46 1
51 47 2
51 48 7
51 49 6
51 50 1
51 51 3
51 52 6
51 53 3
51 54 3
51 55 2
51 56 3
51 57 1
51 58 3
51 59 4
51 60 3
51 61 4
51 62 2
51 63 4
51 64 3
51 65 2
51 66 2
51 67 4
51 68 2
51 69 3
51 70 3
51 71 5
51 72 9
51 73 2
51 74 4
51 75 1
51 76 4
51 77 3
51 78 3
51 79 3
51 80 2
51 81 2
51 82 2
51 83 3
51 84 1
51 85 4
51 86 1
51 87 1
51 88 3
51 89 1
51 90 3
51 91 3
51 92 5
51 93 3
51 94 4
51 95 4
51 96 3
51 97 3
51 98 1
51 99 3
51 100 3
51 101 1
51 102 3
51 103 2
51 104 4
51 105 2
51 106 3
51 107 2
51 108 3
51 109 4
51 110 2
51 111 2
51 112 2
51 113 4
51 114 1
51 115 2
51 116 3
51 117 3
51 118 4
51 119 4
51 120 7
51 121 2
76 1 4
76 2 4
76 3 6
76 4 4
76 5 2
76 6 3
76 7 3
76 8 3
76 9 3
76 10 2
76 11 3
76 12 4
76 13 7
76 14 2
76 15 2
76 16 5
76 17 2
76 18 4
76 19 3
76 20 3
76 21 4
76 22 1
76 23 6
76 24 3
76 25 4
76 26 3
76 27 1
76 28 3
76 29 1
76 30 5
76 31 2
76 32 1
76 33 2
76 34 2
76 35 3
76 36 5
76 37 2
76 38 4
76 39 1
76 40 5
76 41 6
76 42 4
76 43 1
76 44 4
76 45 3
76 46 4
76 47 4
76 48 3
76 49 6
76 50 2
76 51 4
76 52 4
76 53 6
76 54 1
76 55 2
76 56 3
76 57 4
76 58 2
76 59 5
76 60 3
76 61 3
76 62 3
76 63 3
76 64 4
76 65 2
76 66 2
76 67 1
76 68 1
76 69 2
76 70 4
76 71 4
76 72 3
76 73 3
76 74 1
76 75 3
76 76 3
76 77 1
76 78 2
76 79 3
76 80 3
76 81 2
76 82 2
76 83 1
76 84 2
76 85 4
76 86 4
76 87 1
76 88 2
76 89 1
76 90 4
76 91 4
76 92 5
76 93 4
76 94 1
76 95 7
76 96 2
76 97 3
76 98 3
76 99 2
76 100 3
76 101 1
76 102 5
76 103 3
76 104 3
76 105 2
76 106 4
76 107 4
76 108 4
76 109 3
76 110 5
76 111 1
76 112 5
76 113 5
76 114 4
76 115 2
76 116 2
76 117 5
76 118 3
76 119 4
76 120 6
76 121 3
101 1 4
101 2 2
101 3 3
101 4 5
101 5 3
101 6 2
101 7 4
101 8 2
101 9 3
101 10 2
101 11 5
101 12 6
101 13 4
101 14 4
101 15 3
101 16 3
101 17 4
101 18 4
101 19 2
101 20 2
101 21 1
101 22 3
101 23 2
101 24 2
101 25 3
101 26 4
101 27 2
101 28 2
101 29 6
101 30 5
101 31 5
101 32 1
101 33 1
101 34 2
101 35 8
101 36 2
101 37 4
101 38 2
101 39 2
101 40 5
101 41 2
101 42 3
101 43 3
101 44 3
101 45 1
101 46 3
101 47 2
101 48 3
101 49 4
101 50 2
101 51 4
101 52 4
101 53 7
101 54 2
101 55 2
101 56 2
101 57 4
101 58 3
101 59 7
101 60 2
101 61 3
101 62 3
101 63 3
101 64 3
101 65 1
101 66 3
101 67 4
101 68 3
101 69 3
101 70 4
101 71 3
101 72 2
101 73 3
101 74 2
101 75 3
101 76 3
101 77 1
101 78 3
101 79 3
101 80 2
101 81 1
101 82 2
101 83 2
101 84 5
101 85 4
101 86 3
101 87 2
101 88 1
101 89 1
101 90 3
101 91 5
101 92 3
101 93 3
101 94 2
101 95 4
101 96 4
101 97 5
101 98 4
101 99 3
101 100 3
101 101 2
101 102 3
101 103 2
101 104 3
101 105 6
101 106 4
101 107 2
101 108 3
101 109 10
101 110 4
101 111 1
101 112 5
101 113 4
101 114 3
101 115 3
101 116 2
101 117 3
101 118 3
101 119 3
101 120 3
101 121 4
126 1 3
126 2 6
126 3 3
126 4 6
126 5 3
126 6 4
126 7 2
126 8 5
126 9 1
126 10 1
126 11 2
126 12 3
126 13 7
126 14 4
126 15 1
126 16 4
126 17 5
126 18 3
126 19 3
126 20 3
126 21 2
126 22 3
126 23 5
126 24 6
126 25 3
126 26 3
126 27 4
126 28 2
126 29 4
126 30 6
126 31 4
126 32 3
126 33 1
126 34 5
126 35 7
126 36 3
126 37 3
126 38 3
126 39 2
126 40 4
126 41 3
126 42 2
126 43 1
126 44 3
126 45 2
126 46 3
126 47 2
126 48 2
126 49 7
126 50 3
126 51 2
126 52 5
126 53 5
126 54 3
126 55 2
126 56 2
126 57 2
126 58 2
126 59 6
126 60 4
126 61 1
126 62 3
126 63 5
126 64 5
126 65 2
126 66 2
126 67 2
126 68 3
126 69 4
126 70 2
126 71 4
126 72 2
126 73 3
126 74 2
126 75 2
126 76 2
126 77 1
126 78 4
126 79 3
126 80 2
126 81 2
126 82 2
126 83 5
126 84 1
126 85 3
126 86 2
126 87 2
126 88 2
126 89 2
126 90 1
126 91 5
126 92 5
126 93 3
126 94 1
126 95 6
126 96 4
126 97 4
126 98 2
126 99 2
126 100 4
126 101 3
126 102 2
126 103 5
126 104 5
126 105 2
126 106 3
126 107 2
126 108 1
126 109 4
126 110 2
126 111 2
126 112 3
126 113 4
126 114 1
126 115 5
126 116 2
126 117 4
126 118 2
126 119 5
126 120 2
126 121 3
151 1 4
151 2 4
151 3 3
151 4 4
151 5 3
151 6 5
151 7 5
151 8 5
151 9 2
151 10 1
151 11 2
151 12 3
151 13 4
151 14 5
151 15 2
151 16 2
151 17 3
151 18 3
151 19 3
151 20 3
151 21 3
151 22 3
151 23 4
151 24 7
151 25 3
151 26 3
151 27 2
151 28 4
151 29 3
151 30 3
151 31 6
151 32 2
151 33 3
151 34 4
151 35 4
151 36 8
151 37 1
151 38 2
151 39 3
151 40 4
151 41 3
151 42 5
151 43 4
151 44 3
151 45 2
151 46 1
151 47 4
151 48 6
151 49 3
151 50 3
151 51 3
151 52 2
151 53 4
151 54 1
151 55 2
151 56 3
151 57 3
151 58 5
151 59 2
151 60 3
151 61 2
151 62 5
151 63 7
151 64 4
151 65 2
151 66 4
151 67 1
151 68 2
151 69 3
151 70 2
151 71 2
151 72 1
151 73 2
151 74 4
151 75 2
151 76 1
151 77 3
151 78 3
151 79 1
151 80 1
151 81 2
151 82 2
151 83 2
151 84 1
151 85 2
151 86 2
151 87 1
151 88 4
151 89 3
151 90 1
151 91 8
151 92 7
151 93 4
151 94 1
151 95 5
151 96 4
151 97 3
151 98 2
151 99 2
151 100 4
151 101 3
151 102 2
151 103 4
151 104 2
151 105 1
151 106 3
151 107 5
151 108 4
151 109 5
151 110 3
151 111 1
151 112 4
151 113 4
151 114 1
151 115 5
151 116 2
151 117 5
151 118 2
151 119 3
151 120 2
151 121 4
176 1 6
176 2 3
176 3 3
176 4 4
176 5 3
176 6 5
176 7 3
176 8 3
176 9 2
176 10 2
176 11 3
176 12 6
176 13 6
176 14 4
176 15 6
176 16 4
176 17 5
176 18 3
176 19 4
176 20 2
176 21 2
176 22 4
176 23 5
176 24 4
176 25 4
176 26 2
176 27 2
176 28 3
176 29 1
176 30 5
176 31 2
176 32 4
176 33 2
176 34 3
176 35 4
176 36 5
176 37 4
176 38 2
176 39 3
176 40 3
176 41 4
176 42 5
176 43 4
176 44 3
176 45 2
176 46 5
176 47 5
176 48 4
176 49 4
176 50 1
176 51 2
176 52 4
176 53 4
176 54 2
176 55 2
176 56 1
176 57 2
176 58 2
176 59 4
176 60 2
176 61 1
176 62 8
176 63 6
176 64 5
176 65 3
176 66 2
176 67 1
176 68 3
176 69 2
176 70 3
176 71 3
176 72 2
176 73 4
176 74 3
176 75 4
176 76 2
176 77 4
176 78 5
176 79 3
176 80 2
176 81 3
176 82 1
176 83 3
176 84 2
176 85 2
176 86 2
176 87 2
176 88 3
176 89 1
176 90 2
176 91 8
176 92 3
176 93 4
176 94 3
176 95 4
176 96 4
176 97 3
176 98 2
176 99 1
176 100 3
176 101 1
176 102 3
176 103 3
176 104 3
176 105 1
176 106 3
176 107 2
176 108 5
176 109 2
176 110 4
176 111 4
176 112 1
176 113 4
176 114 2
176 115 4
176 116 2
176 117 8
176 118 5
176 119 3
176 120 2
176 121 2
201 1 4
201 2 3
201 3 4
201 4 4
201 5 4
201 6 3
201 7 5
201 8 2
201 9 1
201 10 1
201 11 2
201 12 6
201 13 7
201 14 3
201 15 3
201 16 3
201 17 8
201 18 4
201 19 2
201 20 2
201 21 2
201 22 2
201 23 4
201 24 4
201 25 4
201 26 2
201 27 2
201 28 3
201 29 1
201 30 3
201 31 1
201 32 3
201 33 1
201 34 4
201 35 2
201 36 4
201 37 3
201 38 4
201 39 2
201 40 2
201 41 5
201 42 4
201 43 2
201 44 4
201 45 1
201 46 3
201 47 4
201 48 1
201 49 3
201 50 4
201 51 3
201 52 2
201 53 2
201 54 3
201 55 2
201 56 1
201 57 2
201 58 2
201 59 3
201 60 2
201 61 2
201 62 4
201 63 5
201 64 3
201 65 1
201 66 5
201 67 2
201 68 3
201 69 2
201 70 3
201 71 5
201 72 6
201 73 3
201 74 2
201 75 2
201 76 1
201 77 3
201 78 3
201 79 3
201 80 4
201 81 1
201 82 2
201 83 2
201 84 4
201 85 3
201 86 2
201 87 1
201 88 2
201 89 2
201 90 1
201 91 6
201 92 3
201 93 7
201 94 4
201 95 3
201 96 5
201 97 3
201 98 1
201 99 2
201 100 3
201 101 1
201 102 4
201 103 2
201 104 4
201 105 2
201 106 4
201 107 4
201 108 3
201 109 3
201 110 5
201 111 3
201 112 2
201 113 2
201 114 2
201 115 4
201 116 1
201 117 5
201 118 4
201 119 5
201 120 4
201 121 5
226 1 4
226 2 2
226 3 3
226 4 3
226 5 5
226 6 4
226 7 4
226 8 4
226 9 1
226 10 2
226 11 3
226 12 6
226 13 4
226 14 3
226 15 3
226 16 3
226 17 5
226 18 3
226 19 5
226 20 2
226 21 2
226 22 4
226 23 6
226 24 2
226 25 3
226 26 3
226 27 4
226 28 2
226 29 2
226 30 3
226 31 5
226 32 4
226 33 2
226 34 2
226 35 5
226 36 6
226 37 4
226 38 4
226 39 4
226 40 2
226 41 2
226 42 7
226 43 5
226 44 1
226 45 2
226 46 4
226 47 2
226 48 5
226 49 4
226 50 1
226 51 7
226 52 3
226 53 3
226 54 2
226 55 3
226 56 1
226 57 3
226 58 3
226 59 3
226 60 6
226 61 1
226 62 2
226 63 2
226 64 4
226 65 2
226 66 2
226 67 3
226 68 1
226 69 5
226 70 3
226 71 4
226 72 2
226 73 2
226 74 2
226 75 3
226 76 2
226 77 1
226 78 2
226 79 4
226 80 3
226 81 3
226 82 2
226 83 2
226 84 4
226 85 5
226 86 1
226 87 2
226 88 2
226 89 3
226 90 1
226 91 4
226 92 4
226 93 8
226 94 3
226 95 5
226 96 2
226 97 4
226 98 3
226 99 3
226 100 2
226 101 1
226 102 3
226 103 3
226 104 5
226 105 2
226 106 3
226 107 2
226 108 4
226 109 2
226 110 4
226 111 2
226 112 1
226 113 2
226 114 4
226 115 3
226 116 3
226 117 5
226 118 3
226 119 5
226 120 4
226 121 4
251 1 4
251 2 1
251 3 5
251 4 2
251 5 7
251 6 9
251 7 5
251 8 6
251 9 1
251 10 2
251 11 3
251 12 7
251 13 5
251 14 4
251 15 2
251 16 3
251 17 4
251 18 4
251 19 3
251 20 3
251 21 1
251 22 2
251 23 2
251 24 4
251 25 3
251 26 2
251 27 2
251 28 6
251 29 5
251 30 3
251 31 1
251 32 4
251 33 3
251 34 3
251 35 4
251 36 4
251 37 3
251 38 3
251 39 2
251 40 3
251 41 3
251 42 3
251 43 2
251 44 2
251 45 2
251 46 2
251 47 3
251 48 3
251 49 2
251 50 2
251 51 4
251 52 5
251 53 8
251 54 2
251 55 3
251 56 4
251 57 3
251 58 3
251 59 5
251 60 6
251 61 3
251 62 2
251 63 4
251 64 2
251 65 1
251 66 2
251 67 1
251 68 1
251 69 4
251 70 4
251 71 8
251 72 1
251 73 4
251 74 3
251 75 3
251 76 2
251 77 1
251 78 2
251 79 3
251 80 1
251 81 2
251 82 4
251 83 3
251 84 3
251 85 2
251 86 1
251 87 4
251 88 3
251 89 2
251 90 2
251 91 3
251 92 5
251 93 5
251 94 5
251 95 3
251 96 4
251 97 4
251 98 2
251 99 4
251 100 5
251 101 3
251 102 3
251 103 4
251 104 4
251 105 3
251 106 3
251 107 3
251 108 4
251 109 4
251 110 5
251 111 4
251 112 1
251 113 3
251 114 2
251 115 6
251 116 2
251 117 2
251 118 5
251 119 4
251 120 2
251 121 8
276 1 4
276 2 2
276 3 5
276 4 3
276 5 4
276 6 4
276 7 4
276 8 3
276 9 4
276 10 4
276 11 2
276 12 3
276 13 4
276 14 2
276 15 3
276 16 2
276 17 6
276 18 6
276 19 3
276 20 2
276 21 2
276 22 1
276 23 5
276 24 5
276 25 2
276 26 4
276 27 2
276 28 4
276 29 2
276 30 2
276 31 4
276 32 4
276 33 2
276 34 2
276 35 3
276 36 4
276 37 1
276 38 1
276 39 4
276 40 5
276 41 4
276 42 6
276 43 3
276 44 1
276 45 2
276 46 4
276 47 2
276 48 3
276 49 3
276 50 1
276 51 3
276 52 3
276 53 3
276 54 2
276 55 3
276 56 3
276 57 1
276 58 2
276 59 4
276 60 4
276 61 1
276 62 4
276 63 5
276 64 2
276 65 2
276 66 2
276 67 2
276 68 2
276 69 5
276 70 5
276 71 5
276 72 3
276 73 2
276 74 4
276 75 1
276 76 3
276 77 2
276 78 3
276 79 2
276 80 3
276 81 1
276 82 3
276 83 2
276 84 4
276 85 1
276 86 2
276 87 2
276 88 4
276 89 3
276 90 3
276 91 2
276 92 3
276 93 6
276 94 6
276 95 2
276 96 3
276 97 3
276 98 1
276 99 3
276 100 2
276 101 5
276 102 2
276 103 3
276 104 5
276 105 2
276 106 4
276 107 5
276 108 1
276 109 2
276 110 4
276 111 1
276 112 1
276 113 3
276 114 5
276 115 3
276 116 2
276 117 4
276 118 2
276 119 3
276 120 4
276 121 8
301 1 3
301 2 1
301 3 6
301 4 5
301 5 3
301 6 3
301 7 2
301 8 3
301 9 3
301 10 2
301 11 2
301 12 3
301 13 4
301 14 4
301 15 3
301 16 5
301 17 6
301 18 2
301 19 3
301 20 3
301 21 2
301 22 1
301 23 3
301 24 3
301 25 4
301 26 2
301 27 2
301 28 5
301 29 3
301 30 3
301 31 5
301 32 3
301 33 1
301 34 3
301 35 1
301 36 3
301 37 1
301 38 2
301 39 5
301 40 1
301 41 3
301 42 4
301 43 1
301 44 3
301 45 4
301 46 5
301 47 1
301 48 3
301 49 3
301 50 2
301 51 4
301 52 4
301 53 3
301 54 3
301 55 2
301 56 6
301 57 3
301 58 3
301 59 6
301 60 4
301 61 2
301 62 4
301 63 2
301 64 5
301 65 2
301 66 2
301 67 6
301 68 3
301 69 6
301 70 2
301 71 7
301 72 3
301 73 2
301 74 2
301 75 2
301 76 4
301 77 4
301 78 3
301 79 4
301 80 5
301 81 2
301 82 4
301 83 1
301 84 3
301 85 1
301 86 3
301 87 2
301 88 3
301 89 2
301 90 1
301 91 2
301 92 3
301 93 4
301 94 4
301 95 4
301 96 3
301 97 5
301 98 3
301 99 5
301 100 1
301 101 2
301 102 6
301 103 3
301 104 3
301 105 1
301 106 6
301 107 3
301 108 1
301 109 3
301 110 4
301 111 2
301 112 2
301 113 4
301 114 4
301 115 5
301 116 2
301 117 4
301 118 5
301 119 4
301 120 4
301 121 6
326 1 4
326 2 3
326 3 3
326 4 6
326 5 2
326 6 5
326 7 1
326 8 4
326 9 3
326 10 4
326 11 4
326 12 5
326 13 3
326 14 5
326 15 2
326 16 7
326 17 5
326 18 4
326 19 3
326 20 3
326 21 2
326 22 3
326 23 4
326 24 2
326 25 4
326 26 1
326 27 2
326 28 5
326 29 5
326 30 2
326 31 2
326 32 3
326 33 3
326 34 4
326 35 1
326 36 6
326 37 3
326 38 1
326 39 3
326 40 2
326 41 4
326 42 3
326 43 2
326 44 3
326 45 3
326 46 2
326 47 3
326 48 4
326 49 5
326 50 1
326 51 3
326 52 4
326 53 8
326 54 2
326 55 2
326 56 2
326 57 2
326 58 3
326 59 5
326 60 4
326 61 2
326 62 2
326 63 3
326 64 5
326 65 1
326 66 2
326 67 3
326 68 2
326 69 5
326 70 2
326 71 6
326 72 3
326 73 2
326 74 5
326 75 3
326 76 2
326 77 2
326 78 2
326 79 2
326 80 4
326 81 2
326 82 4
326 83 2
326 84 5
326 85 1
326 86 4
326 87 2
326 88 3
326 89 3
326 90 2
326 91 2
326 92 3
326 93 3
326 94 3
326 95 2
326 96 5
326 97 5
326 98 1
326 99 1
326 100 1
326 101 5
326 102 4
326 103 5
326 104 5
326 105 2
326 106 4
326 107 6
326 108 2
326 109 4
326 110 3
326 111 1
326 112 3
326 113 7
326 114 4
326 115 4
326 116 2
326 117 5
326 118 5
326 119 5
326 120 4
326 121 4
351 1 3
351 2 3
351 3 4
351 4 4
351 5 3
351 6 4
351 7 1
351 8 5
351 9 2
351 10 2
351 11 3
351 12 3
351 13 3
351 14 2
351 15 4
351 16 4
351 17 5
351 18 5
351 19 5
351 20 3
351 21 3
351 22 2
351 23 3
351 24 3
351 25 4
351 26 1
351 27 3
351 28 6
351 29 3
351 30 4
351 31 2
351 32 3
351 33 4
351 34 3
351 35 3
351 36 6
351 37 3
351 38 5
351 39 3
351 40 2
351 41 6
351 42 4
351 43 1
351 44 3
351 45 2
351 46 1
351 47 2
351 48 1
351 49 4
351 50 2
351 51 2
351 52 5
351 53 3
351 54 2
351 55 1
351 56 1
351 57 3
351 58 3
351 59 7
351 60 3
351 61 2
351 62 3
351 63 4
351 64 3
351 65 5
351 66 1
351 67 3
351 68 1
351 69 6
351 70 6
351 71 7
351 72 4
351 73 3
351 74 2
351 75 2
351 76 1
351 77 4
351 78 2
351 79 3
351 80 4
351 81 1
351 82 5
351 83 2
351 84 4
351 85 3
351 86 1
351 87 3
351 88 3
351 89 4
351 90 3
351 91 6
351 92 3
351 93 6
351 94 2
351 95 3
351 96 3
351 97 5
351 98 2
351 99 2
351 100 3
351 101 2
351 102 2
351 103 4
351 104 6
351 105 2
351 106 4
351 107 3
351 108 3
351 109 3
351 110 2
351 111 5
351 112 2
351 113 4
351 114 3
351 115 2
351 116 4
351 117 4
351 118 3
351 119 2
351 120 3
351 121 2
376 1 4
376 2 2
376 3 2
376 4 4
376 5 4
376 6 3
376 7 3
376 8 2
376 9 2
376 10 1
376 11 5
376 12 4
376 13 5
376 14 4
376 15 3
376 16 5
376 17 3
376 18 3
376 19 5
376 20 4
376 21 1
376 22 3
376 23 2
376 24 2
376 25 6
376 26 1
376 27 3
376 28 4
376 29 4
376 30 4
376 31 2
376 32 3
376 33 2
376 34 3
376 35 4
376 36 3
376 37 2
376 38 3
376 39 3
376 40 2
376 41 4
376 42 3
376 43 1
376 44 1
376 45 3
376 46 1
376 47 4
376 48 3
376 49 4
376 50 2
376 51 4
376 52 4
376 53 3
376 54 3
376 55 3
376 56 1
376 57 2
376 58 6
376 59 6
376 60 3
376 61 2
376 62 7
376 63 3
376 64 4
376 65 1
376 66 2
376 67 5
376 68 2
376 69 3
376 70 4
376 71 5
376 72 4
376 73 5
376 74 2
376 75 2
376 76 1
376 77 4
376 78 3
376 79 2
376 80 3
376 81 3
376 82 3
376 83 3
376 84 3
376 85 2
376 86 1
376 87 2
376 88 3
376 89 3
376 90 4
376 91 6
376 92 3
376 93 3
376 94 3
376 95 5
376 96 2
376 97 3
376 98 2
376 99 1
376 100 4
376 101 3
376 102 4
376 103 4
376 104 4
376 105 2
376 106 4
376 107 6
376 108 5
376 109 3
376 110 2
376 111 2
376 112 1
376 113 4
376 114 3
376 115 4
376 116 3
376 117 2
376 118 3
376 119 3
376 120 2
376 121 2
401 1 3
401 2 4
401 3 4
401 4 5
401 5 4
401 6 2
401 7 4
401 8 2
401 9 4
401 10 2
401 11 3
401 12 2
401 13 4
401 14 2
401 15 1
401 16 3
401 17 4
401 18 4
401 19 6
401 20 5
401 21 2
401 22 3
401 23 5
401 24 2
401 25 2
401 26 2
401 27 4
401 28 5
401 29 3
401 30 3
401 31 2
401 32 2
401 33 2
401 34 7
401 35 2
401 36 2
401 37 1
401 38 2
401 39 3
401 40 2
401 41 5
401 42 3
401 43 3
401 44 1
401 45 1
401 46 3
401 47 3
401 48 5
401 49 3
401 50 2
401 51 4
401 52 4
401 53 7
401 54 4
401 55 2
401 56 4
401 57 1
401 58 2
401 59 5
401 60 4
401 61 2
401 62 3
401 63 3
401 64 3
401 65 2
401 66 4
401 67 4
401 68 2
401 69 5
401 70 6
401 71 3
401 72 3
401 73 1
401 74 2
401 75 1
401 76 2
401 77 2
401 78 2
401 79 3
401 80 3
401 81 4
401 82 3
401 83 3
401 84 2
401 85 3
401 86 1
401 87 4
401 88 3
401 89 2
401 90 2
401 91 5
401 92 4
401 93 4
401 94 2
401 95 2
401 96 2
401 97 2
401 98 1
401 99 2
401 100 1
401 101 1
401 102 3
401 103 6
401 104 5
401 105 6
401 106 4
401 107 5
401 108 3
401 109 4
401 110 1
401 111 4
401 112 2
401 113 5
401 114 4
401 115 6
401 116 3
401 117 3
401 118 4
401 119 3
401 120 4
401 121 4
426 1 2
426 2 5
426 3 4
426 4 7
426 5 3
426 6 6
426 7 3
426 8 3
426 9 3
426 10 2
426 11 2
426 12 1
426 13 2
426 14 1
426 15 3
426 16 5
426 17 2
426 18 5
426 19 4
426 20 3
426 21 2
426 22 3
426 23 2
426 24 6
426 25 4
426 26 3
426 27 2
426 28 6
426 29 3
426 30 3
426 31 1
426 32 3
426 33 4
426 34 3
426 35 3
426 36 3
426 37 4
426 38 1
426 39 3
426 40 4
426 41 5
426 42 3
426 43 4
426 44 1
426 45 1
426 46 3
426 47 2
426 48 3
426 49 2
426 50 2
426 51 5
426 52 4
426 53 5
426 54 4
426 55 1
426 56 3
426 57 3
426 58 2
426 59 2
426 60 2
426 61 2
426 62 5
426 63 3
426 64 6
426 65 2
426 66 2
426 67 4
426 68 1
426 69 4
426 70 2
426 71 4
426 72 2
426 73 1
426 74 5
426 75 5
426 76 2
426 77 2
426 78 2
426 79 2
426 80 3
426 81 2
426 82 2
426 83 3
426 84 3
426 85 4
426 86 1
426 87 5
426 88 3
426 89 4
426 90 2
426 91 5
426 92 6
426 93 6
426 94 3
426 95 3
426 96 3
426 97 2
426 98 2
426 99 4
426 100 3
426 101 3
426 102 4
426 103 4
426 104 6
426 105 3
426 106 4
426 107 4
426 108 4
426 109 6
426 110 2
426 111 2
426 112 2
426 113 4
426 114 4
426 115 3
426 116 1
426 117 3
426 118 4
426 119 5
426 120 3
426 121 3
451 1 3
451 2 5
451 3 7
451 4 4
451 5 4
451 6 5
451 7 5
451 8 4
451 9 4
451 10 5
451 11 2
451 12 2
451 13 9
451 14 3
451 15 3
451 16 7
451 17 3
451 18 2
451 19 2
451 20 3
451 21 3
451 22 2
451 23 3
451 24 5
451 25 3
451 26 3
451 27 3
451 28 6
451 29 5
451 30 3
451 31 3
451 32 3
451 33 3
451 34 2
451 35 2
451 36 4
451 37 3
451 38 2
451 39 3
451 40 7
451 41 2
451 42 7
451 43 4
451 44 1
451 45 1
451 46 2
451 47 3
451 48 6
451 49 4
451 50 3
451 51 4
451 52 2
451 53 4
451 54 4
451 55 1
451 56 3
451 57 3
451 58 3
451 59 5
451 60 4
451 61 1
451 62 4
451 63 4
451 64 3
451 65 2
451 66 4
451 67 2
451 68 2
451 69 4
451 70 3
451 71 6
451 72 2
451 73 1
451 74 2
451 75 3
451 76 3
451 77 3
451 78 3
451 79 1
451 80 2
451 81 3
451 82 3
451 83 2
451 84 1
451 85 1
451 86 1
451 87 2
451 88 2
451 89 4
451 90 3
451 91 4
451 92 4
451 93 3
451 94 2
451 95 4
451 96 5
451 97 3
451 98 2
451 99 3
451 100 4
451 101 2
451 102 4
451 103 3
451 104 4
451 105 1
451 106 4
451 107 2
451 108 4
451 109 8
451 110 4
451 111 3
451 112 3
451 113 5
451 114 6
451 115 7
451 116 1
451 117 1
451 118 3
451 119 2
451 120 3
451 121 4
476 1 2
476 2 2
476 3 5
476 4 4
476 5 4
476 6 4
476 7 4
476 8 5
476 9 3
476 10 4
476 11 4
476 12 3
476 13 5
476 14 1
476 15 2
476 16 4
476 17 2
476 18 3
476 19 4
476 20 4
476 21 1
476 22 4
476 23 3
476 24 3
476 25 5
476 26 1
476 27 1
476 28 5
476 29 3
476 30 4
476 31 1
476 32 3
476 33 1
476 34 4
476 35 2
476 36 3
476 37 2
476 38 5
476 39 1
476 40 4
476 41 4
476 42 3
476 43 6
476 44 1
476 45 2
476 46 1
476 47 2
476 48 3
476 49 6
476 50 3
476 51 3
476 52 4
476 53 4
476 54 3
476 55 3
476 56 1
476 57 4
476 58 2
476 59 2
476 60 2
476 61 2
476 62 3
476 63 4
476 64 4
476 65 2
476 66 3
476 67 4
476 68 3
476 69 3
476 70 3
476 71 5
476 72 3
476 73 2
476 74 2
476 75 2
476 76 2
476 77 4
476 78 1
476 79 1
476 80 2
476 81 1
476 82 1
476 83 4
476 84 1
476 85 3
476 86 2
476 87 1
476 88 3
476 89 3
476 90 2
476 91 3
476 92 8
476 93 2
476 94 2
476 95 8
476 96 4
476 97 3
476 98 1
476 99 2
476 100 1
476 101 1
476 102 2
476 103 3
476 104 6
476 105 2
476 106 3
476 107 4
476 108 4
476 109 6
476 110 3
476 111 2
476 112 3
476 113 3
476 114 5
476 115 1
476 116 1
476 117 2
476 118 3
476 119 2
476 120 5
476 121 4
501 1 4
501 2 1
501 3 2
501 4 5
501 5 5
501 6 2
501 7 2
501 8 3
501 9 4
501 10 2
501 11 4
501 12 2
501 13 6
501 14 4
501 15 4
501 16 5
501 17 1
501 18 5
501 19 5
501 20 2
501 21 1
501 22 4
501 23 5
501 24 6
501 25 7
501 26 1
501 27 1
501 28 4
501 29 2
501 30 7
501 31 2
501 32 3
501 33 3
501 34 2
501 35 2
501 36 4
501 37 1
501 38 2
501 39 3
501 40 2
501 41 3
501 42 4
501 43 4
501 44 2
501 45 5
501 46 3
501 47 3
501 48 3
501 49 4
501 50 3
501 51 4
501 52 4
501 53 6
501 54 2
501 55 2
501 56 2
501 57 2
501 58 5
501 59 4
501 60 5
501 61 1
501 62 2
501 63 2
501 64 3
501 65 3
501 66 3
501 67 2
501 68 5
501 69 4
501 70 3
501 71 4
501 72 4
501 73 2
501 74 2
501 75 2
501 76 3
501 77 1
501 78 2
501 79 1
501 80 2
501 81 1
501 82 2
501 83 3
501 84 3
501 85 2
501 86 1
501 87 5
501 88 5
501 89 3
501 90 3
501 91 4
501 92 4
501 93 5
501 94 1
501 95 2
501 96 1
501 97 4
501 98 1
501 99 3
501 100 4
501 101 4
501 102 4
501 103 3
501 104 3
501 105 4
501 106 6
501 107 5
501 108 3
501 109 4
501 110 4
501 111 1
501 112 6
501 113 3
501 114 3
501 115 3
501 116 4
501 117 3
501 118 4
501 119 2
501 120 6
501 121 5
526 1 3
526 2 1
526 3 3
526 4 4
526 5 3
526 6 4
526 7 3
526 8 3
526 9 2
526 10 2
526 11 2
526 12 2
526 13 4
526 14 2
526 15 4
526 16 5
526 17 2
526 18 5
526 19 4
526 20 3
526 21 4
526 22 1
526 23 4
526 24 5
526 25 6
526 26 1
526 27 1
526 28 4
526 29 4
526 30 5
526 31 2
526 32 3
526 33 2
526 34 2
526 35 3
526 36 5
526 37 1
526 38 3
526 39 4
526 40 4
526 41 4
526 42 4
526 43 3
526 44 1
526 45 2
526 46 3
526 47 3
526 48 4
526 49 3
526 50 3
526 51 7
526 52 3
526 53 6
526 54 2
526 55 5
526 56 3
526 57 2
526 58 4
526 59 4
526 60 3
526 61 1
526 62 3
526 63 3
526 64 5
526 65 2
526 66 4
526 67 2
526 68 2
526 69 4
526 70 2
526 71 5
526 72 2
526 73 2
526 74 2
526 75 2
526 76 3
526 77 1
526 78 1
526 79 2
526 80 2
526 81 2
526 82 1
526 83 4
526 84 5
526 85 3
526 86 1
526 87 1
526 88 2
526 89 3
526 90 1
526 91 5
526 92 2
526 93 5
526 94 3
526 95 4
526 96 5
526 97 5
526 98 3
526 99 6
526 100 3
526 101 2
526 102 2
526 103 4
526 104 5
526 105 3
526 106 3
526 107 5
526 108 6
526 109 2
526 110 2
526 111 1
526 112 2
526 113 1
526 114 5
526 115 2
526 116 3
526 117 4
526 118 4
526 119 1
526 120 5
526 121 8
551 1 4
551 2 2
551 3 3
551 4 2
551 5 3
551 6 7
551 7 2
551 8 3
551 9 1
551 10 2
551 11 2
551 12 5
551 13 3
551 14 2
551 15 3
551 16 3
551 17 5
551 18 4
551 19 4
551 20 2
551 21 4
551 22 4
551 23 3
551 24 5
551 25 4
551 26 2
551 27 1
551 28 2
551 29 6
551 30 2
551 31 4
551 32 2
551 33 2
551 34 3
551 35 2
551 36 3
551 37 5
551 38 4
551 39 1
551 40 4
551 41 2
551 42 2
551 43 4
551 44 4
551 45 4
551 46 6
551 47 5
551 48 2
551 49 5
551 50 3
551 51 2
551 52 2
551 53 4
551 54 7
551 55 3
551 56 2
551 57 2
551 58 3
551 59 3
551 60 5
551 61 2
551 62 3
551 63 2
551 64 7
551 65 2
551 66 3
551 67 3
551 68 1
551 69 3
551 70 2
551 71 2
551 72 3
551 73 3
551 74 4
551 75 3
551 76 4
551 77 3
551 78 2
551 79 1
551 80 4
551 81 1
551 82 1
551 83 4
551 84 2
551 85 2
551 86 1
551 87 1
551 88 1
551 89 2
551 90 3
551 91 3
551 92 1
551 93 2
551 94 3
551 95 7
551 96 1
551 97 4
551 98 1
551 99 3
551 100 2
551 101 2
551 102 5
551 103 4
551 104 7
551 105 5
551 106 3
551 107 5
551 108 2
551 109 2
551 110 2
551 111 1
551 112 3
551 113 4
551 114 6
551 115 3
551 116 3
551 117 3
551 118 2
551 119 4
551 120 4
551 121 6
576 1 2
576 2 2
576 3 2
576 4 3
576 5 4
576 6 3
576 7 3
576 8 2
576 9 4
576 10 1
576 11 2
576 12 3
576 13 3
576 14 4
576 15 3
576 16 4
576 17 3
576 18 2
576 19 3
576 20 1
576 21 3
576 22 2
576 23 4
576 24 3
576 25 4
576 26 3
576 27 2
576 28 2
576 29 5
576 30 4
576 31 3
576 32 5
576 33 1
576 34 6
576 35 3
576 36 4
576 37 2
576 38 4
576 39 3
576 40 2
576 41 2
576 42 2
576 43 6
576 44 2
576 45 2
576 46 3
576 47 4
576 48 3
576 49 3
576 50 5
576 51 2
576 52 3
576 53 3
576 54 1
576 55 5
576 56 2
576 57 2
576 58 5
576 59 3
576 60 2
576 61 1
576 62 4
576 63 2
576 64 5
576 65 4
576 66 2
576 67 2
576 68 1
576 69 4
576 70 1
576 71 2
576 72 4
576 73 2
576 74 2
576 75 1
576 76 3
576 77 1
576 78 1
576 79 2
576 80 3
576 81 2
576 82 3
576 83 4
576 84 2
576 85 3
576 86 2
576 87 3
576 88 4
576 89 2
576 90 5
576 91 3
576 92 6
576 93 5
576 94 2
576 95 5
576 96 1
576 97 5
576 98 1
576 99 3
576 100 4
576 101 3
576 102 4
576 103 6
576 104 5
576 105 2
576 106 5
576 107 3
576 108 4
576 109 3
576 110 2
576 111 1
576 112 5
576 113 2
576 114 6
576 115 7
576 116 1
576 117 3
576 118 4
576 119 1
576 120 3
576 121 6
601 1 4
601 2 1
601 3 4
601 4 3
601 5 3
601 6 3
601 7 6
601 8 6
601 9 2
601 10 2
601 11 2
601 12 7
601 13 2
601 14 4
601 15 3
601 16 3
601 17 6
601 18 3
601 19 4
601 20 1
601 21 1
601 22 3
601 23 5
601 24 6
601 25 5
601 26 5
601 27 3
601 28 5
601 29 5
601 30 4
601 31 3
601 32 2
601 33 3
601 34 4
601 35 5
601 36 4
601 37 1
601 38 6
601 39 1
601 40 3
601 41 2
601 42 2
601 43 2
601 44 3
601 45 5
601 46 1
601 47 3
601 48 4
601 49 3
601 50 5
601 51 3
601 52 3
601 53 4
601 54 2
601 55 1
601 56 3
601 57 2
601 58 4
601 59 3
601 60 3
601 61 2
601 62 2
601 63 3
601 64 4
601 65 2
601 66 3
601 67 2
601 68 2
601 69 6
601 70 1
601 71 4
601 72 2
601 73 2
601 74 6
601 75 4
601 76 2
601 77 2
601 78 3
601 79 2
601 80 2
601 81 3
601 82 2
601 83 4
601 84 2
601 85 2
601 86 4
601 87 1
601 88 3
601 89 6
601 90 3
601 91 3
601 92 2
601 93 6
601 94 3
601 95 4
601 96 3
601 97 3
601 98 1
601 99 6
601 100 2
601 101 2
601 102 5
601 103 4
601 104 3
601 105 3
601 106 4
601 107 3
601 108 3
601 109 2
601 110 3
601 111 2
601 112 1
601 113 3
601 114 5
601 115 3
601 116 2
601 117 5
601 118 7
601 119 3
601 120 4
601 121 4
626 1 4
626 2 2
626 3 4
626 4 5
626 5 4
626 6 4
626 7 5
626 8 3
626 9 1
626 10 4
626 11 3
626 12 3
626 13 5
626 14 2
626 15 3
626 16 5
626 17 5
626 18 5
626 19 5
626 20 1
626 21 4
626 22 1
626 23 3
626 24 4
626 25 5
626 26 3
626 27 3
626 28 6
626 29 3
626 30 3
626 31 3
626 32 4
626 33 2
626 34 4
626 35 2
626 36 2
626 37 2
626 38 2
626 39 5
626 40 2
626 41 3
626 42 5
626 43 4
626 44 2
626 45 1
626 46 1
626 47 4
626 48 2
626 49 2
626 50 2
626 51 2
626 52 3
626 53 4
626 54 2
626 55 2
626 56 3
626 57 2
626 58 6
626 59 4
626 60 3
626 61 2
626 62 3
626 63 8
626 64 3
626 65 2
626 66 5
626 67 2
626 68 3
626 69 6
626 70 4
626 71 5
626 72 1
626 73 4
626 74 3
626 75 1
626 76 2
626 77 2
626 78 2
626 79 1
626 80 3
626 81 3
626 82 3
626 83 3
626 84 3
626 85 4
626 86 3
626 87 1
626 88 3
626 89 1
626 90 4
626 91 3
626 92 4
626 93 2
626 94 2
626 95 2
626 96 3
626 97 8
626 98 3
626 99 3
626 100 1
626 101 2
626 102 5
626 103 3
626 104 3
626 105 2
626 106 4
626 107 2
626 108 4
626 109 4
626 110 5
626 111 1
626 112 1
626 113 4
626 114 3
626 115 3
626 116 2
626 117 1
626 118 5
626 119 2
626 120 2
626 121 3
651 1 4
651 2 7
651 3 2
651 4 5
651 5 5
651 6 4
651 7 3
651 8 5
651 9 3
651 10 2
651 11 2
651 12 2
651 13 2
651 14 4
651 15 7
651 16 5
651 17 3
651 18 6
651 19 6
651 20 2
651 21 2
651 22 5
651 23 6
651 24 3
651 25 4
651 26 4
651 27 4
651 28 3
651 29 3
651 30 3
651 31 1
651 32 3
651 33 2
651 34 3
651 35 3
651 36 5
651 37 3
651 38 3
651 39 2
651 40 5
651 41 7
651 42 6
651 43 4
651 44 2
651 45 2
651 46 2
651 47 5
651 48 1
651 49 4
651 50 4
651 51 2
651 52 2
651 53 6
651 54 3
651 55 2
651 56 2
651 57 2
651 58 3
651 59 3
651 60 4
651 61 2
651 62 4
651 63 4
651 64 5
651 65 3
651 66 2
651 67 3
651 68 3
651 69 6
651 70 4
651 71 3
651 72 2
651 73 6
651 74 2
651 75 4
651 76 4
651 77 3
651 78 1
651 79 3
651 80 1
651 81 3
651 82 3
651 83 5
651 84 2
651 85 2
651 86 2
651 87 1
651 88 1
651 89 2
651 90 3
651 91 3
651 92 2
651 93 3
651 94 1
651 95 6
651 96 3
651 97 3
651 98 2
651 99 4
651 100 2
651 101 3
651 102 6
651 103 3
651 104 2
651 105 2
651 106 2
651 107 3
651 108 4
651 109 2
651 110 3
651 111 1
651 112 3
651 113 5
651 114 6
651 115 2
651 116 1
651 117 2
651 118 4
651 119 1
651 120 6
651 121 5
676 1 3
676 2 1
676 3 2
676 4 3
676 5 8
676 6 3
676 7 6
676 8 4
676 9 2
676 10 2
676 11 2
676 12 1
676 13 2
676 14 4
676 15 3
676 16 3
676 17 4
676 18 5
676 19 5
676 20 3
676 21 1
676 22 2
676 23 4
676 24 5
676 25 6
676 26 3
676 27 1
676 28 3
676 29 3
676 30 4
676 31 3
676 32 2
676 33 2
676 34 6
676 35 2
676 36 2
676 37 2
676 38 5
676 39 2
676 40 5
676 41 4
676 42 6
676 43 2
676 44 1
676 45 1
676 46 2
676 47 4
676 48 3
676 49 4
676 50 5
676 51 5
676 52 5
676 53 9
676 54 1
676 55 7
676 56 4
676 57 1
676 58 3
676 59 4
676 60 4
676 61 5
676 62 3
676 63 4
676 64 4
676 65 3
676 66 4
676 67 3
676 68 1
676 69 3
676 70 2
676 71 4
676 72 3
676 73 2
676 74 3
676 75 3
676 76 4
676 77 2
676 78 1
676 79 3
676 80 5
676 81 2
676 82 1
676 83 4
676 84 2
676 85 2
676 86 5
676 87 2
676 88 2
676 89 2
676 90 6
676 91 4
676 92 7
676 93 3
676 94 4
676 95 6
676 96 4
676 97 5
676 98 1
676 99 7
676 100 3
676 101 2
676 102 5
676 103 3
676 104 4
676 105 1
676 106 3
676 107 3
676 108 4
676 109 5
676 110 3
676 111 3
676 112 2
676 113 3
676 114 5
676 115 1
676 116 5
676 117 3
676 118 2
676 119 3
676 120 4
676 121 4
701 1 1
701 2 2
701 3 4
701 4 6
701 5 4
701 6 3
701 7 2
701 8 4
701 9 1
701 10 3
701 11 3
701 12 5
701 13 2
701 14 5
701 15 3
701 16 4
701 17 3
701 18 3
701 19 4
701 20 2
701 21 1
701 22 1
701 23 3
701 24 5
701 25 5
701 26 2
701 27 1
701 28 5
701 29 5
701 30 4
701 31 4
701 32 3
701 33 6
701 34 4
701 35 4
701 36 9
701 37 5
701 38 2
701 39 2
701 40 5
701 41 4
701 42 1
701 43 2
701 44 1
701 45 2
701 46 2
701 47 6
701 48 4
701 49 3
701 50 4
701 51 3
701 52 3
701 53 5
701 54 2
701 55 5
701 56 2
701 57 2
701 58 8
701 59 6
701 60 3
701 61 2
701 62 7
701 63 4
701 64 2
701 65 3
701 66 3
701 67 5
701 68 4
701 69 3
701 70 3
701 71 5
701 72 2
701 73 2
701 74 3
701 75 3
701 76 2
701 77 1
701 78 1
701 79 1
701 80 1
701 81 2
701 82 1
701 83 1
701 84 1
701 85 2
701 86 2
701 87 3
701 88 4
701 89 2
701 90 2
701 91 2
701 92 8
701 93 5
701 94 2
701 95 6
701 96 5
701 97 3
701 98 4
701 99 4
701 100 2
701 101 2
701 102 4
701 103 4
701 104 5
701 105 2
701 106 4
701 107 2
701 108 3
701 109 2
701 110 1
701 111 4
701 112 5
701 113 3
701 114 4
701 115 2
701 116 2
701 117 2
701 118 4
701 119 4
701 120 4
701 121 3
726 1 5
726 2 5
726 3 3
726 4 4
726 5 3
726 6 4
726 7 4
726 8 11
726 9 1
726 10 1
726 11 3
726 12 3
726 13 3
726 14 3
726 15 4
726 16 2
726 17 2
726 18 2
726 19 4
726 20 2
726 21 1
726 22 5
726 23 4
726 24 3
726 25 2
726 26 1
726 27 2
726 28 4
726 29 5
726 30 5
726 31 3
726 32 3
726 33 3
726 34 4
726 35 3
726 36 4
726 37 2
726 38 3
726 39 2
726 40 4
726 41 3
726 42 1
726 43 3
726 44 1
726 45 2
726 46 1
726 47 4
726 48 4
726 49 3
726 50 2
726 51 2
726 52 3
726 53 2
726 54 1
726 55 1
726 56 4
726 57 6
726 58 5
726 59 5
726 60 5
726 61 3
726 62 5
726 63 6
726 64 2
726 65 1
726 66 4
726 67 3
726 68 3
726 69 2
726 70 4
726 71 4
726 72 3
726 73 4
726 74 3
726 75 2
726 76 1
726 77 2
726 78 2
726 79 1
726 80 2
726 81 2
726 82 3
726 83 1
726 84 1
726 85 2
726 86 2
726 87 2
726 88 1
726 89 3
726 90 2
726 91 5
726 92 7
726 93 2
726 94 1
726 95 3
726 96 4
726 97 3
726 98 2
726 99 4
726 100 3
726 101 3
726 102 4
726 103 2
726 104 3
726 105 3
726 106 5
726 107 5
726 108 6
726 109 3
726 110 4
726 111 3
726 112 5
726 113 5
726 114 5
726 115 5
726 116 2
726 117 5
726 118 7
726 119 3
726 120 7
726 121 3
751 1 4
751 2 2
751 3 2
751 4 5
751 5 6
751 6 2
751 7 5
751 8 4
751 9 2
751 10 2
751 11 5
751 12 3
751 13 3
751 14 4
751 15 4
751 16 3
751 17 6
751 18 3
751 19 4
751 20 3
751 21 3
751 22 2
751 23 5
751 24 4
751 25 2
751 26 4
751 27 3
751 28 4
751 29 5
751 30 5
751 31 2
751 32 4
751 33 1
751 34 3
751 35 2
751 36 5
751 37 1
751 38 4
751 39 2
751 40 3
751 41 4
751 42 1
751 43 4
751 44 3
751 45 2
751 46 3
751 47 6
751 48 3
751 49 6
751 50 4
751 51 3
751 52 5
751 53 3
751 54 5
751 55 1
751 56 4
751 57 2
751 58 5
751 59 4
751 60 3
751 61 4
751 62 4
751 63 7
751 64 2
751 65 1
751 66 2
751 67 2
751 68 2
751 69 3
751 70 6
751 71 3
751 72 3
751 73 4
751 74 1
751 75 3
751 76 2
751 77 3
751 78 2
751 79 4
751 80 4
751 81 3
751 82 3
751 83 1
751 84 2
751 85 3
751 86 1
751 87 3
751 88 3
751 89 2
751 90 1
751 91 3
751 92 4
751 93 4
751 94 4
751 95 4
751 96 3
751 97 2
751 98 2
751 99 2
751 100 4
751 101 2
751 102 4
751 103 4
751 104 5
751 105 1
751 106 3
751 107 6
751 108 5
751 109 3
751 110 2
751 111 1
751 112 3
751 113 5
751 114 3
751 115 4
751 116 2
751 117 3
751 118 6
751 119 4
751 120 3
751 121 3
776 1 3
776 2 2
776 3 5
776 4 3
776 5 3
776 6 2
776 7 4
776 8 3
776 9 3
776 10 4
776 11 2
776 12 5
776 13 4
776 14 4
776 15 4
776 16 4
776 17 4
776 18 3
776 19 4
776 20 4
776 21 2
776 22 3
776 23 5
776 24 2
776 25 4
776 26 6
776 27 3
776 28 3
776 29 4
776 30 4
776 31 1
776 32 2
776 33 3
776 34 2
776 35 4
776 36 5
776 37 3
776 38 3
776 39 2
776 40 2
776 41 3
776 42 2
776 43 4
776 44 4
776 45 4
776 46 1
776 47 5
776 48 2
776 49 4
776 50 3
776 51 7
776 52 5
776 53 4
776 54 2
776 55 1
776 56 3
776 57 2
776 58 6
776 59 3
776 60 3
776 61 3
776 62 2
776 63 2
776 64 5
776 65 3
776 66 2
776 67 2
776 68 2
776 69 3
776 70 7
776 71 2
776 72 2
776 73 3
776 74 2
776 75 4
776 76 3
776 77 1
776 78 4
776 79 1
776 80 2
776 81 2
776 82 3
776 83 2
776 84 1
776 85 1
776 86 5
776 87 5
776 88 1
776 89 4
776 90 2
776 91 3
776 92 6
776 93 5
776 94 3
776 95 4
776 96 3
776 97 1
776 98 2
776 99 3
776 100 3
776 101 5
776 102 4
776 103 5
776 104 3
776 105 2
776 106 3
776 107 2
776 108 5
776 109 7
776 110 4
776 111 4
776 112 3
776 113 4
776 114 6
776 115 5
776 116 2
776 117 3
776 118 5
776 119 4
776 120 3
776 121 2
801 1 5
801 2 5
801 3 5
801 4 5
801 5 4
801 6 6
801 7 4
801 8 4
801 9 3
801 10 5
801 11 2
801 12 3
801 13 4
801 14 5
801 15 5
801 16 2
801 17 5
801 18 6
801 19 3
801 20 3
801 21 3
801 22 3
801 23 3
801 24 4
801 25 4
801 26 2
801 27 2
801 28 4
801 29 6
801 30 6
801 31 3
801 32 2
801 33 2
801 34 3
801 35 5
801 36 3
801 37 2
801 38 2
801 39 3
801 40 3
801 41 2
801 42 4
801 43 2
801 44 3
801 45 3
801 46 1
801 47 3
801 48 3
801 49 2
801 50 2
801 51 2
801 52 2
801 53 4
801 54 1
801 55 1
801 56 3
801 57 3
801 58 6
801 59 6
801 60 3
801 61 2
801 62 4
801 63 4
801 64 3
801 65 1
801 66 2
801 67 1
801 68 4
801 69 3
801 70 5
801 71 2
801 72 3
801 73 2
801 74 3
801 75 2
801 76 2
801 77 2
801 78 3
801 79 1
801 80 2
801 81 2
801 82 2
801 83 3
801 84 2
801 85 1
801 86 2
801 87 3
801 88 2
801 89 3
801 90 3
801 91 4
801 92 6
801 93 3
801 94 2
801 95 4
801 96 7
801 97 2
801 98 2
801 99 2
801 100 3
801 101 2
801 102 3
801 103 3
801 104 2
801 105 1
801 106 3
801 107 4
801 108 5
801 109 3
801 110 3
801 111 2
801 112 3
801 113 5
801 114 6
801 115 3
801 116 1
801 117 2
801 118 4
801 119 3
801 120 4
801 121 4
826 1 6
826 2 6
826 3 6
826 4 3
826 5 3
826 6 4
826 7 3
826 8 1
826 9 3
826 10 6
826 11 2
826 12 1
826 13 5
826 14 4
826 15 4
826 16 4
826 17 7
826 18 3
826 19 3
826 20 2
826 21 4
826 22 3
826 23 4
826 24 3
826 25 4
826 26 2
826 27 3
826 28 2
826 29 3
826 30 3
826 31 3
826 32 1
826 33 4
826 34 5
826 35 6
826 36 6
826 37 3
826 38 4
826 39 3
826 40 5
826 41 3
826 42 4
826 43 3
826 44 2
826 45 2
826 46 1
826 47 2
826 48 6
826 49 4
826 50 2
826 51 4
826 52 3
826 53 2
826 54 2
826 55 3
826 56 3
826 57 2
826 58 3
826 59 3
826 60 3
826 61 3
826 62 5
826 63 2
826 64 4
826 65 3
826 66 2
826 67 2
826 68 2
826 69 2
826 70 4
826 71 4
826 72 1
826 73 2
826 74 4
826 75 8
826 76 2
826 77 1
826 78 4
826 79 4
826 80 1
826 81 5
826 82 4
826 83 3
826 84 2
826 85 2
826 86 2
826 87 2
826 88 1
826 89 2
826 90 4
826 91 5
826 92 4
826 93 3
826 94 3
826 95 6
826 96 5
826 97 2
826 98 3
826 99 2
826 100 1
826 101 2
826 102 3
826 103 3
826 104 1
826 105 2
826 106 3
826 107 6
826 108 5
826 109 2
826 110 2
826 111 2
826 112 3
826 113 4
826 114 6
826 115 6
826 116 3
826 117 3
826 118 2
826 119 3
826 120 3
826 121 2
851 1 5
851 2 4
851 3 4
851 4 6
851 5 3
851 6 3
851 7 4
851 8 3
851 9 3
851 10 2
851 11 3
851 12 4
851 13 3
851 14 5
851 15 5
851 16 4
851 17 4
851 18 4
851 19 4
851 20 1
851 21 4
851 22 1
851 23 6
851 24 3
851 25 3
851 26 2
851 27 6
851 28 5
851 29 2
851 30 3
851 31 3
851 32 5
851 33 4
851 34 6
851 35 5
851 36 5
851 37 1
851 38 3
851 39 2
851 40 5
851 41 5
851 42 2
851 43 4
851 44 6
851 45 1
851 46 4
851 47 5
851 48 6
851 49 2
851 50 1
851 51 2
851 52 1
851 53 2
851 54 2
851 55 3
851 56 6
851 57 5
851 58 4
851 59 4
851 60 5
851 61 4
851 62 3
851 63 1
851 64 2
851 65 1
851 66 3
851 67 2
851 68 4
851 69 4
851 70 2
851 71 6
851 72 1
851 73 2
851 74 2
851 75 4
851 76 3
851 77 1
851 78 1
851 79 2
851 80 4
851 81 3
851 82 5
851 83 3
851 84 3
851 85 2
851 86 2
851 87 3
851 88 1
851 89 1
851 90 3
851 91 4
851 92 3
851 93 6
851 94 2
851 95 5
851 96 5
851 97 1
851 98 1
851 99 3
851 100 2
851 101 4
851 102 3
851 103 5
851 104 3
851 105 3
851 106 3
851 107 5
851 108 2
851 109 6
851 110 2
851 111 3
851 112 2
851 113 7
851 114 3
851 115 4
851 116 1
851 117 7
851 118 3
851 119 2
851 120 3
851 121 8
876 1 3
876 2 3
876 3 5
876 4 5
876 5 4
876 6 6
876 7 4
876 8 3
876 9 2
876 10 3
876 11 5
876 12 4
876 13 3
876 14 7
876 15 4
876 16 5
876 17 5
876 18 3
876 19 3
876 20 1
876 21 4
876 22 3
876 23 3
876 24 4
876 25 3
876 26 2
876 27 1
876 28 3
876 29 4
876 30 5
876 31 2
876 32 2
876 33 3
876 34 3
876 35 4
876 36 6
876 37 1
876 38 4
876 39 1
876 40 2
876 41 3
876 42 2
876 43 2
876 44 2
876 45 1
876 46 2
876 47 3
876 48 3
876 49 5
876 50 2
876 51 2
876 52 1
876 53 2
876 54 1
876 55 4
876 56 3
876 57 6
876 58 5
876 59 2
876 60 4
876 61 3
876 62 3
876 63 6
876 64 5
876 65 2
876 66 3
876 67 2
876 68 4
876 69 6
876 70 3
876 71 3
876 72 1
876 73 2
876 74 3
876 75 2
876 76 3
876 77 2
876 78 2
876 79 1
876 80 4
876 81 4
876 82 2
876 83 2
876 84 2
876 85 3
876 86 2
876 87 2
876 88 1
876 89 1
876 90 2
876 91 4
876 92 5
876 93 3
876 94 2
876 95 3
876 96 5
876 97 4
876 98 3
876 99 2
876 100 2
876 101 2
876 102 4
876 103 3
876 104 4
876 105 5
876 106 4
876 107 4
876 108 5
876 109 6
876 110 3
876 111 2
876 112 1
876 113 6
876 114 4
876 115 7
876 116 4
876 117 6
876 118 4
876 119 2
876 120 3
876 121 3
901 1 2
901 2 4
901 3 2
901 4 5
901 5 4
901 6 3
901 7 3
901 8 3
901 9 4
901 10 3
901 11 3
901 12 5
901 13 5
901 14 3
901 15 2
901 16 3
901 17 5
901 18 4
901 19 7
901 20 1
901 21 1
901 22 2
901 23 3
901 24 3
901 25 6
901 26 1
901 27 2
901 28 3
901 29 5
901 30 4
901 31 2
901 32 2
901 33 2
901 34 4
901 35 3
901 36 6
901 37 2
901 38 2
901 39 3
901 40 5
901 41 4
901 42 1
901 43 3
901 44 3
901 45 3
901 46 3
901 47 3
901 48 4
901 49 4
901 50 4
901 51 4
901 52 2
901 53 6
901 54 2
901 55 2
901 56 4
901 57 4
901 58 3
901 59 3
901 60 6
901 61 5
901 62 5
901 63 6
901 64 4
901 65 2
901 66 3
901 67 1
901 68 1
901 69 3
901 70 2
901 71 3
901 72 3
901 73 3
901 74 3
901 75 1
901 76 1
901 77 4
901 78 1
901 79 2
901 80 1
901 81 5
901 82 2
901 83 1
901 84 2
901 85 3
901 86 2
901 87 3
901 88 2
901 89 1
901 90 1
901 91 5
901 92 5
901 93 3
901 94 1
901 95 3
901 96 4
901 97 1
901 98 3
901 99 2
901 100 3
901 101 3
901 102 4
901 103 5
901 104 4
901 105 2
901 106 4
901 107 4
901 108 5
901 109 6
901 110 2
901 111 3
901 112 1
901 113 4
901 114 4
901 115 3
901 116 1
901 117 2
901 118 3
901 119 4
901 120 6
901 121 3
926 1 3
926 2 2
926 3 2
926 4 3
926 5 5
926 6 4
926 7 2
926 8 3
926 9 2
926 10 2
926 11 3
926 12 4
926 13 4
926 14 5
926 15 4
926 16 2
926 17 4
926 18 4
926 19 2
926 20 2
926 21 1
926 22 3
926 23 5
926 24 3
926 25 7
926 26 2
926 27 3
926 28 3
926 29 3
926 30 5
926 31 2
926 32 3
926 33 2
926 34 4
926 35 4
926 36 4
926 37 3
926 38 1
926 39 3
926 40 3
926 41 5
926 42 1
926 43 4
926 44 3
926 45 1
926 46 1
926 47 3
926 48 6
926 49 3
926 50 3
926 51 2
926 52 3
926 53 8
926 54 3
926 55 3
926 56 1
926 57 2
926 58 5
926 59 3
926 60 4
926 61 3
926 62 3
926 63 4
926 64 3
926 65 2
926 66 3
926 67 2
926 68 2
926 69 3
926 70 2
926 71 1
926 72 3
926 73 5
926 74 5
926 75 3
926 76 2
926 77 3
926 78 2
926 79 2
926 80 3
926 81 3
926 82 2
926 83 2
926 84 4
926 85 2
926 86 2
926 87 5
926 88 2
926 89 4
926 90 4
926 91 3
926 92 3
926 93 4
926 94 3
926 95 5
926 96 4
926 97 3
926 98 1
926 99 4
926 100 3
926 101 2
926 102 4
926 103 2
926 104 4
926 105 1
926 106 3
926 107 4
926 108 2
926 109 3
926 110 4
926 111 3
926 112 1
926 113 5
926 114 3
926 115 1
926 116 2
926 117 5
926 118 5
926 119 4
926 120 6
926 121 3
951 1 4
951 2 3
951 3 3
951 4 3
951 5 1
951 6 8
951 7 3
951 8 2
951 9 4
951 10 1
951 11 2
951 12 4
951 13 5
951 14 5
951 15 5
951 16 4
951 17 3
951 18 5
951 19 2
951 20 2
951 21 1
951 22 2
951 23 5
951 24 5
951 25 5
951 26 1
951 27 4
951 28 2
951 29 3
951 30 2
951 31 1
951 32 3
951 33 6
951 34 2
951 35 6
951 36 4
951 37 3
951 38 1
951 39 2
951 40 5
951 41 6
951 42 1
951 43 2
951 44 2
951 45 2
951 46 2
951 47 2
951 48 3
951 49 4
951 50 3
951 51 3
951 52 7
951 53 6
951 54 2
951 55 4
951 56 2
951 57 2
951 58 5
951 59 4
951 60 4
951 61 1
951 62 4
951 63 4
951 64 4
951 65 3
951 66 3
951 67 3
951 68 1
951 69 3
951 70 3
951 71 3
951 72 3
951 73 1
951 74 6
951 75 3
951 76 5
951 77 1
951 78 3
951 79 4
951 80 1
951 81 2
951 82 3
951 83 1
951 84 2
951 85 3
951 86 4
951 87 3
951 88 2
951 89 2
951 90 4
951 91 7
951 92 3
951 93 3
951 94 1
951 95 3
951 96 3
951 97 1
951 98 2
951 99 3
951 100 5
951 101 1
951 102 4
951 103 3
951 104 3
951 105 1
951 106 6
951 107 4
951 108 3
951 109 3
951 110 1
951 111 3
951 112 3
951 113 2
951 114 3
951 115 3
951 116 1
951 117 4
951 118 5
951 119 4
951 120 5
951 121 4
976 1 3
976 2 4
976 3 7
976 4 1
976 5 2
976 6 6
976 7 3
976 8 3
976 9 2
976 10 1
976 11 4
976 12 3
976 13 6
976 14 5
976 15 5
976 16 4
976 17 4
976 18 7
976 19 4
976 20 4
976 21 1
976 22 2
976 23 3
976 24 6
976 25 2
976 26 1
976 27 2
976 28 6
976 29 5
976 30 3
976 31 3
976 32 2
976 33 1
976 34 4
976 35 3
976 36 4
976 37 4
976 38 3
976 39 4
976 40 3
976 41 4
976 42 3
976 43 2
976 44 1
976 45 3
976 46 1
976 47 3
976 48 6
976 49 5
976 50 6
976 51 4
976 52 4
976 53 5
976 54 2
976 55 2
976 56 4
976 57 2
976 58 3
976 59 4
976 60 2
976 61 1
976 62 5
976 63 8
976 64 2
976 65 4
976 66 2
976 67 1
976 68 1
976 69 4
976 70 4
976 71 3
976 72 5
976 73 3
976 74 3
976 75 2
976 76 4
976 77 1
976 78 3
976 79 3
976 80 1
976 81 3
976 82 2
976 83 6
976 84 3
976 85 3
976 86 2
976 87 3
976 88 2
976 89 3
976 90 1
976 91 6
976 92 5
976 93 4
976 94 4
976 95 4
976 96 5
976 97 2
976 98 1
976 99 2
976 100 4
976 101 3
976 102 2
976 103 3
976 104 4
976 105 3
976 106 4
976 107 3
976 108 3
976 109 2
976 110 2
976 111 2
976 112 4
976 113 3
976 114 4
976 115 5
976 116 2
976 117 2
976 118 8
976 119 5
976 120 2
976 121 5
1001 1 3
1001 2 4
1001 3 4
1001 4 3
1001 5 5
1001 6 2
1001 7 5
1001 8 2
1001 9 3
1001 10 1
1001 11 2
1001 12 3
1001 13 4
1001 14 3
1001 15 3
1001 16 3
1001 17 4
1001 18 4
1001 19 6
1001 20 3
1001 21 2
1001 22 2
1001 23 7
1001 24 4
1001 25 5
1001 26 1
1001 27 1
1001 28 5
1001 29 3
1001 30 4
1001 31 1
1001 32 2
1001 33 2
1001 34 4
1001 35 2
1001 36 4
1001 37 2
1001 38 2
1001 39 3
1001 40 3
1001 41 8
1001 42 2
1001 43 3
1001 44 1
1001 45 2
1001 46 3
1001 47 4
1001 48 4
1001 49 7
1001 50 2
1001 51 4
1001 52 4
1001 53 6
1001 54 3
1001 55 2
1001 56 4
1001 57 4
1001 58 7
1001 59 3
1001 60 3
1001 61 3
1001 62 3
1001 63 3
1001 64 3
1001 65 4
1001 66 2
1001 67 1
1001 68 3
1001 69 4
1001 70 2
1001 71 2
1001 72 1
1001 73 3
1001 74 2
1001 75 1
1001 76 3
1001 77 3
1001 78 2
1001 79 2
1001 80 4
1001 81 2
1001 82 4
1001 83 4
1001 84 2
1001 85 3
1001 86 1
1001 87 2
1001 88 2
1001 89 1
1001 90 2
1001 91 3
1001 92 3
1001 93 3
1001 94 1
1001 95 6
1001 96 4
1001 97 4
1001 98 1
1001 99 2
1001 100 1
1001 101 4
1001 102 3
1001 103 5
1001 104 6
1001 105 4
1001 106 3
1001 107 4
1001 108 3
1001 109 3
1001 110 4
1001 111 3
1001 112 2
1001 113 6
1001 114 2
1001 115 7
1001 116 1
1001 117 5
1001 118 5
1001 119 3
1001 120 3
1001 121 3
1026 1 1
1026 2 6
1026 3 3
1026 4 1
1026 5 2
1026 6 4
1026 7 5
1026 8 2
1026 9 3
1026 10 3
1026 11 2
1026 12 3
1026 13 5
1026 14 3
1026 15 2
1026 16 4
1026 17 2
1026 18 4
1026 19 3
1026 20 3
1026 21 4
1026 22 3
1026 23 2
1026 24 3
1026 25 5
1026 26 3
1026 27 5
1026 28 3
1026 29 3
1026 30 3
1026 31 4
1026 32 1
1026 33 1
1026 34 3
1026 35 3
1026 36 8
1026 37 2
1026 38 3
1026 39 2
1026 40 6
1026 41 4
1026 42 1
1026 43 4
1026 44 1
1026 45 4
1026 46 3
1026 47 6
1026 48 6
1026 49 5
1026 50 1
1026 51 3
1026 52 3
1026 53 4
1026 54 2
1026 55 3
1026 56 3
1026 57 3
1026 58 3
1026 59 2
1026 60 3
1026 61 1
1026 62 2
1026 63 6
1026 64 5
1026 65 2
1026 66 3
1026 67 3
1026 68 2
1026 69 5
1026 70 3
1026 71 3
1026 72 5
1026 73 3
1026 74 4
1026 75 3
1026 76 3
1026 77 2
1026 78 2
1026 79 6
1026 80 4
1026 81 2
1026 82 3
1026 83 2
1026 84 5
1026 85 3
1026 86 1
1026 87 4
1026 88 2
1026 89 6
1026 90 1
1026 91 7
1026 92 3
1026 93 3
1026 94 2
1026 95 3
1026 96 6
1026 97 6
1026 98 1
1026 99 1
1026 100 1
1026 101 2
1026 102 2
1026 103 2
1026 104 7
1026 105 2
1026 106 3
1026 107 6
1026 108 6
1026 109 3
1026 110 6
1026 111 2
1026 112 2
1026 113 6
1026 114 5
1026 115 5
1026 116 2
1026 117 3
1026 118 2
1026 119 4
1026 120 4
1026 121 5
1051 1 4
1051 2 6
1051 3 4
1051 4 1
1051 5 5
1051 6 4
1051 7 4
1051 8 5
1051 9 4
1051 10 2
1051 11 1
1051 12 3
1051 13 3
1051 14 4
1051 15 7
1051 16 5
1051 17 3
1051 18 5
1051 19 4
1051 20 4
1051 21 3
1051 22 2
1051 23 4
1051 24 4
1051 25 3
1051 26 2
1051 27 3
1051 28 3
1051 29 4
1051 30 2
1051 31 2
1051 32 2
1051 33 3
1051 34 4
1051 35 2
1051 36 5
1051 37 2
1051 38 3
1051 39 7
1051 40 6
1051 41 5
1051 42 1
1051 43 4
1051 44 1
1051 45 3
1051 46 5
1051 47 5
1051 48 5
1051 49 4
1051 50 4
1051 51 4
1051 52 5
1051 53 3
1051 54 3
1051 55 4
1051 56 1
1051 57 4
1051 58 4
1051 59 4
1051 60 4
1051 61 4
1051 62 2
1051 63 2
1051 64 5
1051 65 2
1051 66 2
1051 67 4
1051 68 1
1051 69 8
1051 70 4
1051 71 3
1051 72 2
1051 73 2
1051 74 1
1051 75 4
1051 76 3
1051 77 1
1051 78 1
1051 79 4
1051 80 3
1051 81 2
1051 82 2
1051 83 2
1051 84 2
1051 85 1
1051 86 2
1051 87 2
1051 88 2
1051 89 2
1051 90 4
1051 91 4
1051 92 6
1051 93 3
1051 94 2
1051 95 4
1051 96 3
1051 97 6
1051 98 3
1051 99 2
1051 100 2
1051 101 2
1051 102 3
1051 103 8
1051 104 5
1051 105 2
1051 106 6
1051 107 3
1051 108 3
1051 109 3
1051 110 4
1051 111 2
1051 112 5
1051 113 5
1051 114 5
1051 115 5
1051 116 4
1051 117 3
1051 118 2
1051 119 2
1051 120 3
1051 121 5
1076 1 2
1076 2 5
1076 3 3
1076 4 2
1076 5 6
1076 6 4
1076 7 6
1076 8 5
1076 9 6
1076 10 3
1076 11 2
1076 12 3
1076 13 4
1076 14 3
1076 15 2
1076 16 3
1076 17 2
1076 18 2
1076 19 1
1076 20 4
1076 21 5
1076 22 3
1076 23 4
1076 24 5
1076 25 4
1076 26 4
1076 27 3
1076 28 4
1076 29 3
1076 30 4
1076 31 3
1076 32 1
1076 33 2
1076 34 3
1076 35 3
1076 36 5
1076 37 1
1076 38 2
1076 39 3
1076 40 4
1076 41 4
1076 42 2
1076 43 2
1076 44 1
1076 45 2
1076 46 1
1076 47 5
1076 48 3
1076 49 8
1076 50 1
1076 51 7
1076 52 3
1076 53 4
1076 54 4
1076 55 2
1076 56 2
1076 57 5
1076 58 3
1076 59 2
1076 60 4
1076 61 3
1076 62 5
1076 63 2
1076 64 4
1076 65 3
1076 66 2
1076 67 2
1076 68 3
1076 69 6
1076 70 5
1076 71 3
1076 72 2
1076 73 1
1076 74 2
1076 75 4
1076 76 4
1076 77 3
1076 78 1
1076 79 3
1076 80 2
1076 81 4
1076 82 2
1076 83 2
1076 84 3
1076 85 2
1076 86 2
1076 87 3
1076 88 4
1076 89 2
1076 90 4
1076 91 3
1076 92 5
1076 93 4
1076 94 3
1076 95 5
1076 96 1
1076 97 3
1076 98 5
1076 99 1
1076 100 1
1076 101 3
1076 102 4
1076 103 3
1076 104 4
1076 105 1
1076 106 2
1076 107 6
1076 108 7
1076 109 4
1076 110 2
1076 111 1
1076 112 4
1076 113 5
1076 114 4
1076 115 5
1076 116 3
1076 117 1
1076 118 5
1076 119 3
1076 120 6
1076 121 5
1101 1 6
1101 2 3
1101 3 4
1101 4 2
1101 5 2
1101 6 5
1101 7 3
1101 8 4
1101 9 2
1101 10 2
1101 11 1
1101 12 3
1101 13 6
1101 14 3
1101 15 8
1101 16 4
1101 17 2
1101 18 3
1101 19 3
1101 20 1
1101 21 2
1101 22 2
1101 23 8
1101 24 4
1101 25 3
1101 26 6
1101 27 2
1101 28 5
1101 29 2
1101 30 2
1101 31 4
1101 32 2
1101 33 4
1101 34 4
1101 35 4
1101 36 5
1101 37 2
1101 38 1
1101 39 1
1101 40 2
1101 41 2
1101 42 3
1101 43 5
1101 44 3
1101 45 4
1101 46 1
1101 47 4
1101 48 4
1101 49 6
1101 50 2
1101 51 6
1101 52 5
1101 53 7
1101 54 2
1101 55 3
1101 56 1
1101 57 3
1101 58 6
1101 59 3
1101 60 6
1101 61 2
1101 62 4
1101 63 5
1101 64 2
1101 65 5
1101 66 4
1101 67 3
1101 68 2
1101 69 2
1101 70 3
1101 71 4
1101 72 4
1101 73 1
1101 74 1
1101 75 2
1101 76 2
1101 77 1
1101 78 2
1101 79 3
1101 80 2
1101 81 3
1101 82 1
1101 83 3
1101 84 3
1101 85 2
1101 86 2
1101 87 5
1101 88 3
1101 89 2
1101 90 4
1101 91 4
1101 92 2
1101 93 3
1101 94 3
1101 95 6
1101 96 3
1101 97 3
1101 98 1
1101 99 2
1101 100 2
1101 101 3
1101 102 6
1101 103 2
1101 104 5
1101 105 2
1101 106 8
1101 107 6
1101 108 5
1101 109 5
1101 110 3
1101 111 3
1101 112 3
1101 113 3
1101 114 5
1101 115 3
1101 116 4
1101 117 4
1101 118 2
1101 119 4
1101 120 5
1101 121 3
1126 1 5
1126 2 3
1126 3 3
1126 4 4
1126 5 3
1126 6 4
1126 7 3
1126 8 4
1126 9 2
1126 10 3
1126 11 2
1126 12 4
1126 13 6
1126 14 5
1126 15 4
1126 16 4
1126 17 2
1126 18 4
1126 19 2
1126 20 2
1126 21 3
1126 22 1
1126 23 4
1126 24 5
1126 25 4
1126 26 2
1126 27 2
1126 28 5
1126 29 3
1126 30 2
1126 31 2
1126 32 2
1126 33 2
1126 34 3
1126 35 5
1126 36 4
1126 37 3
1126 38 1
1126 39 1
1126 40 6
1126 41 3
1126 42 5
1126 43 3
1126 44 6
1126 45 2
1126 46 1
1126 47 4
1126 48 5
1126 49 5
1126 50 1
1126 51 7
1126 52 6
1126 53 7
1126 54 4
1126 55 3
1126 56 1
1126 57 3
1126 58 5
1126 59 3
1126 60 3
1126 61 4
1126 62 2
1126 63 4
1126 64 6
1126 65 4
1126 66 1
1126 67 1
1126 68 2
1126 69 3
1126 70 4
1126 71 5
1126 72 5
1126 73 2
1126 74 2
1126 75 4
1126 76 1
1126 77 4
1126 78 2
1126 79 3
1126 80 3
1126 81 2
1126 82 2
1126 83 4
1126 84 3
1126 85 1
1126 86 3
1126 87 3
1126 88 2
1126 89 2
1126 90 3
1126 91 2
1126 92 3
1126 93 3
1126 94 3
1126 95 4
1126 96 6
1126 97 7
1126 98 1
1126 99 2
1126 100 2
1126 101 3
1126 102 4
1126 103 3
1126 104 4
1126 105 3
1126 106 3
1126 107 5
1126 108 4
1126 109 6
1126 110 5
1126 111 3
1126 112 4
1126 113 3
1126 114 2
1126 115 2
1126 116 2
1126 117 3
1126 118 6
1126 119 6
1126 120 3
1126 121 2
1151 1 2
1151 2 2
1151 3 3
1151 4 2
1151 5 2
1151 6 4
1151 7 3
1151 8 5
1151 9 2
1151 10 1
1151 11 2
1151 12 8
1151 13 5
1151 14 4
1151 15 3
1151 16 4
1151 17 2
1151 18 3
1151 19 3
1151 20 3
1151 21 1
1151 22 1
1151 23 6
1151 24 3
1151 25 4
1151 26 2
1151 27 2
1151 28 5
1151 29 4
1151 30 2
1151 31 2
1151 32 2
1151 33 1
1151 34 2
1151 35 7
1151 36 3
1151 37 2
1151 38 2
1151 39 3
1151 40 3
1151 41 5
1151 42 4
1151 43 3
1151 44 6
1151 45 4
1151 46 2
1151 47 2
1151 48 1
1151 49 4
1151 50 1
1151 51 4
1151 52 3
1151 53 4
1151 54 2
1151 55 4
1151 56 4
1151 57 4
1151 58 7
1151 59 4
1151 60 6
1151 61 1
1151 62 5
1151 63 1
1151 64 4
1151 65 3
1151 66 1
1151 67 3
1151 68 1
1151 69 2
1151 70 4
1151 71 3
1151 72 4
1151 73 2
1151 74 3
1151 75 2
1151 76 3
1151 77 2
1151 78 2
1151 79 2
1151 80 1
1151 81 2
1151 82 2
1151 83 5
1151 84 2
1151 85 4
1151 86 3
1151 87 2
1151 88 3
1151 89 3
1151 90 2
1151 91 5
1151 92 5
1151 93 6
1151 94 3
1151 95 4
1151 96 3
1151 97 6
1151 98 1
1151 99 4
1151 100 5
1151 101 2
1151 102 5
1151 103 4
1151 104 4
1151 105 3
1151 106 3
1151 107 5
1151 108 2
1151 109 1
1151 110 5
1151 111 2
1151 112 1
1151 113 3
1151 114 4
1151 115 3
1151 116 3
1151 117 3
1151 118 5
1151 119 3
1151 120 5
1151 121 3
1176 1 3
1176 2 3
1176 3 3
1176 4 4
1176 5 3
1176 6 4
1176 7 5
1176 8 5
1176 9 4
1176 10 2
1176 11 2
1176 12 1
1176 13 5
1176 14 6
1176 15 4
1176 16 5
1176 17 3
1176 18 4
1176 19 3
1176 20 4
1176 21 3
1176 22 2
1176 23 6
1176 24 5
1176 25 3
1176 26 2
1176 27 1
1176 28 3
1176 29 4
1176 30 4
1176 31 1
1176 32 1
1176 33 2
1176 34 3
1176 35 4
1176 36 3
1176 37 2
1176 38 1
1176 39 2
1176 40 4
1176 41 5
1176 42 4
1176 43 2
1176 44 4
1176 45 3
1176 46 3
1176 47 1
1176 48 1
1176 49 4
1176 50 2
1176 51 4
1176 52 4
1176 53 4
1176 54 4
1176 55 1
1176 56 2
1176 57 3
1176 58 5
1176 59 4
1176 60 2
1176 61 2
1176 62 4
1176 63 4
1176 64 3
1176 65 3
1176 66 1
1176 67 4
1176 68 1
1176 69 5
1176 70 4
1176 71 1
1176 72 4
1176 73 2
1176 74 4
1176 75 1
1176 76 1
1176 77 3
1176 78 3
1176 79 3
1176 80 3
1176 81 3
1176 82 2
1176 83 4
1176 84 2
1176 85 1
1176 86 2
1176 87 3
1176 88 3
1176 89 3
1176 90 1
1176 91 4
1176 92 4
1176 93 4
1176 94 3
1176 95 3
1176 96 5
1176 97 4
1176 98 2
1176 99 4
1176 100 1
1176 101 1
1176 102 4
1176 103 4
1176 104 3
1176 105 5
1176 106 5
1176 107 5
1176 108 3
1176 109 3
1176 110 5
1176 111 4
1176 112 3
1176 113 4
1176 114 2
1176 115 4
1176 116 2
1176 117 5
1176 118 6
1176 119 3
1176 120 5
1176 121 4
1201 1 1
1201 2 4
1201 3 2
1201 4 5
1201 5 4
1201 6 3
1201 7 3
1201 8 2
1201 9 2
1201 10 1
1201 11 4
1201 12 3
1201 13 5
1201 14 6
1201 15 5
1201 16 4
1201 17 4
1201 18 4
1201 19 2
1201 20 2
1201 21 4
1201 22 2
1201 23 4
1201 24 3
1201 25 2
1201 26 1
1201 27 2
1201 28 4
1201 29 4
1201 30 5
1201 31 3
1201 32 2
1201 33 2
1201 34 4
1201 35 2
1201 36 4
1201 37 1
1201 38 3
1201 39 4
1201 40 4
1201 41 6
1201 42 3
1201 43 3
1201 44 2
1201 45 6
1201 46 2
1201 47 3
1201 48 1
1201 49 3
1201 50 1
1201 51 4
1201 52 4
1201 53 4
1201 54 3
1201 55 2
1201 56 3
1201 57 4
1201 58 6
1201 59 5
1201 60 3
1201 61 3
1201 62 3
1201 63 4
1201 64 2
1201 65 1
1201 66 2
1201 67 3
1201 68 2
1201 69 7
1201 70 5
1201 71 2
1201 72 3
1201 73 2
1201 74 3
1201 75 3
1201 76 2
1201 77 3
1201 78 5
1201 79 1
1201 80 2
1201 81 3
1201 82 3
1201 83 1
1201 84 3
1201 85 1
1201 86 2
1201 87 2
1201 88 2
1201 89 3
1201 90 2
1201 91 4
1201 92 4
1201 93 5
1201 94 4
1201 95 3
1201 96 2
1201 97 4
1201 98 1
1201 99 2
1201 100 3
1201 101 3
1201 102 3
1201 103 6
1201 104 3
1201 105 4
1201 106 5
1201 107 3
1201 108 3
1201 109 3
1201 110 2
1201 111 5
1201 112 2
1201 113 4
1201 114 6
1201 115 4
1201 116 2
1201 117 3
1201 118 5
1201 119 4
1201 120 3
1201 121 6
1226 1 2
1226 2 2
1226 3 6
1226 4 2
1226 5 3
1226 6 3
1226 7 4
1226 8 3
1226 9 2
1226 10 2
1226 11 1
1226 12 4
1226 13 2
1226 14 5
1226 15 4
1226 16 4
1226 17 2
1226 18 3
1226 19 3
1226 20 3
1226 21 3
1226 22 2
1226 23 8
1226 24 3
1226 25 2
1226 26 1
1226 27 1
1226 28 6
1226 29 5
1226 30 3
1226 31 2
1226 32 3
1226 33 2
1226 34 3
1226 35 4
1226 36 3
1226 37 1
1226 38 1
1226 39 3
1226 40 4
1226 41 5
1226 42 6
1226 43 2
1226 44 1
1226 45 2
1226 46 3
1226 47 4
1226 48 1
1226 49 3
1226 50 2
1226 51 2
1226 52 4
1226 53 2
1226 54 2
1226 55 1
1226 56 2
1226 57 4
1226 58 3
1226 59 4
1226 60 4
1226 61 2
1226 62 4
1226 63 1
1226 64 5
1226 65 2
1226 66 3
1226 67 5
1226 68 2
1226 69 3
1226 70 3
1226 71 4
1226 72 2
1226 73 1
1226 74 1
1226 75 3
1226 76 3
1226 77 2
1226 78 3
1226 79 2
1226 80 3
1226 81 4
1226 82 3
1226 83 2
1226 84 1
1226 85 3
1226 86 3
1226 87 2
1226 88 2
1226 89 2
1226 90 3
1226 91 4
1226 92 3
1226 93 7
1226 94 3
1226 95 3
1226 96 1
1226 97 4
1226 98 2
1226 99 3
1226 100 1
1226 101 2
1226 102 4
1226 103 3
1226 104 4
1226 105 3
1226 106 4
1226 107 2
1226 108 2
1226 109 3
1226 110 3
1226 111 2
1226 112 1
1226 113 5
1226 114 3
1226 115 3
1226 116 2
1226 117 3
1226 118 4
1226 119 3
1226 120 8
1226 121 5
1251 1 2
1251 2 2
1251 3 3
1251 4 1
1251 5 3
1251 6 3
1251 7 5
1251 8 2
1251 9 4
1251 10 1
1251 11 2
1251 12 5
1251 13 7
1251 14 4
1251 15 6
1251 16 5
1251 17 2
1251 18 5
1251 19 3
1251 20 5
1251 21 4
1251 22 3
1251 23 6
1251 24 3
1251 25 2
1251 26 3
1251 27 1
1251 28 4
1251 29 3
1251 30 3
1251 31 4
1251 32 1
1251 33 2
1251 34 3
1251 35 4
1251 36 6
1251 37 2
1251 38 2
1251 39 4
1251 40 3
1251 41 7
1251 42 5
1251 43 2
1251 44 2
1251 45 2
1251 46 4
1251 47 4
1251 48 3
1251 49 3
1251 50 3
1251 51 3
1251 52 3
1251 53 3
1251 54 1
1251 55 1
1251 56 3
1251 57 4
1251 58 4
1251 59 3
1251 60 3
1251 61 1
1251 62 5
1251 63 3
1251 64 2
1251 65 2
1251 66 1
1251 67 4
1251 68 1
1251 69 3
1251 70 4
1251 71 4
1251 72 1
1251 73 1
1251 74 2
1251 75 2
1251 76 2
1251 77 1
1251 78 1
1251 79 2
1251 80 1
1251 81 3
1251 82 3
1251 83 3
1251 84 1
1251 85 2
1251 86 2
1251 87 4
1251 88 3
1251 89 3
1251 90 4
1251 91 6
1251 92 4
1251 93 5
1251 94 2
1251 95 3
1251 96 4
1251 97 3
1251 98 5
1251 99 7
1251 100 3
1251 101 3
1251 102 3
1251 103 6
1251 104 3
1251 105 4
1251 106 3
1251 107 2
1251 108 3
1251 109 4
1251 110 4
1251 111 2
1251 112 2
1251 113 5
1251 114 3
1251 115 2
1251 116 2
1251 117 5
1251 118 3
1251 119 6
1251 120 7
1251 121 6
1276 1 1
1276 2 2
1276 3 4
1276 4 2
1276 5 5
1276 6 3
1276 7 6
1276 8 3
1276 9 6
1276 10 4
1276 11 2
1276 12 3
1276 13 4
1276 14 5
1276 15 4
1276 16 5
1276 17 5
1276 18 3
1276 19 5
1276 20 2
1276 21 2
1276 22 1
1276 23 4
1276 24 3
1276 25 4
1276 26 5
1276 27 2
1276 28 2
1276 29 4
1276 30 3
1276 31 2
1276 32 3
1276 33 5
1276 34 3
1276 35 4
1276 36 5
1276 37 5
1276 38 1
1276 39 2
1276 40 4
1276 41 3
1276 42 4
1276 43 3
1276 44 2
1276 45 3
1276 46 4
1276 47 5
1276 48 3
1276 49 3
1276 50 2
1276 51 4
1276 52 4
1276 53 5
1276 54 2
1276 55 1
1276 56 2
1276 57 2
1276 58 3
1276 59 3
1276 60 3
1276 61 2
1276 62 3
1276 63 5
1276 64 6
1276 65 1
1276 66 3
1276 67 4
1276 68 1
1276 69 4
1276 70 3
1276 71 2
1276 72 1
1276 73 3
1276 74 2
1276 75 2
1276 76 2
1276 77 1
1276 78 1
1276 79 1
1276 80 3
1276 81 4
1276 82 5
1276 83 2
1276 84 2
1276 85 2
1276 86 2
1276 87 2
1276 88 3
1276 89 1
1276 90 2
1276 91 2
1276 92 3
1276 93 3
1276 94 3
1276 95 3
1276 96 3
1276 97 3
1276 98 1
1276 99 3
1276 100 2
1276 101 3
1276 102 5
1276 103 4
1276 104 5
1276 105 5
1276 106 2
1276 107 6
1276 108 6
1276 109 2
1276 110 3
1276 111 4
1276 112 4
1276 113 4
1276 114 4
1276 115 6
1276 116 4
1276 117 4
1276 118 3
1276 119 2
1276 120 7
1276 121 5
1301 1 5
1301 2 4
1301 3 5
1301 4 2
1301 5 6
1301 6 3
1301 7 4
1301 8 3
1301 9 2
1301 10 4
1301 11 2
1301 12 4
1301 13 5
1301 14 2
1301 15 5
1301 16 3
1301 17 4
1301 18 2
1301 19 5
1301 20 3
1301 21 4
1301 22 2
1301 23 3
1301 24 4
1301 25 6
1301 26 4
1301 27 3
1301 28 2
1301 29 2
1301 30 5
1301 31 2
1301 32 2
1301 33 1
1301 34 4
1301 35 6
1301 36 3
1301 37 3
1301 38 4
1301 39 2
1301 40 5
1301 41 5
1301 42 4
1301 43 5
1301 44 5
1301 45 5
1301 46 2
1301 47 4
1301 48 3
1301 49 6
1301 50 3
1301 51 3
1301 52 4
1301 53 3
1301 54 1
1301 55 3
1301 56 2
1301 57 5
1301 58 3
1301 59 3
1301 60 6
1301 61 3
1301 62 4
1301 63 3
1301 64 3
1301 65 1
1301 66 3
1301 67 3
1301 68 2
1301 69 2
1301 70 3
1301 71 5
1301 72 1
1301 73 2
1301 74 2
1301 75 2
1301 76 2
1301 77 2
1301 78 1
1301 79 1
1301 80 4
1301 81 2
1301 82 3
1301 83 3
1301 84 1
1301 85 3
1301 86 2
1301 87 2
1301 88 4
1301 89 2
1301 90 4
1301 91 2
1301 92 4
1301 93 6
1301 94 3
1301 95 4
1301 96 2
1301 97 2
1301 98 1
1301 99 2
1301 100 3
1301 101 2
1301 102 2
1301 103 3
1301 104 2
1301 105 2
1301 106 3
1301 107 2
1301 108 6
1301 109 3
1301 110 3
1301 111 3
1301 112 3
1301 113 2
1301 114 5
1301 115 4
1301 116 2
1301 117 1
1301 118 6
1301 119 1
1301 120 2
1301 121 3
1326 1 2
1326 2 4
1326 3 3
1326 4 4
1326 5 4
1326 6 6
1326 7 3
1326 8 6
1326 9 3
1326 10 4
1326 11 3
1326 12 3
1326 13 4
1326 14 3
1326 15 3
1326 16 2
1326 17 6
1326 18 7
1326 19 3
1326 20 2
1326 21 4
1326 22 2
1326 23 4
1326 24 4
1326 25 5
1326 26 4
1326 27 1
1326 28 6
1326 29 5
1326 30 4
1326 31 2
1326 32 3
1326 33 3
1326 34 3
1326 35 4
1326 36 4
1326 37 3
1326 38 3
1326 39 2
1326 40 3
1326 41 5
1326 42 3
1326 43 3
1326 44 2
1326 45 3
1326 46 3
1326 47 5
1326 48 4
1326 49 5
1326 50 4
1326 51 5
1326 52 5
1326 53 4
1326 54 1
1326 55 3
1326 56 2
1326 57 5
1326 58 6
1326 59 5
1326 60 4
1326 61 1
1326 62 2
1326 63 4
1326 64 4
1326 65 2
1326 66 3
1326 67 5
1326 68 2
1326 69 4
1326 70 6
1326 71 6
1326 72 1
1326 73 2
1326 74 2
1326 75 2
1326 76 3
1326 77 1
1326 78 2
1326 79 4
1326 80 2
1326 81 3
1326 82 3
1326 83 3
1326 84 2
1326 85 3
1326 86 2
1326 87 1
1326 88 3
1326 89 1
1326 90 4
1326 91 4
1326 92 3
1326 93 5
1326 94 3
1326 95 4
1326 96 2
1326 97 4
1326 98 3
1326 99 3
1326 100 2
1326 101 2
1326 102 6
1326 103 5
1326 104 3
1326 105 3
1326 106 3
1326 107 3
1326 108 3
1326 109 3
1326 110 3
1326 111 5
1326 112 4
1326 113 5
1326 114 4
1326 115 3
1326 116 1
1326 117 2
1326 118 2
1326 119 3
1326 120 3
1326 121 2
1351 1 2
1351 2 2
1351 3 6
1351 4 4
1351 5 6
1351 6 5
1351 7 3
1351 8 4
1351 9 2
1351 10 4
1351 11 4
1351 12 4
1351 13 6
1351 14 5
1351 15 3
1351 16 4
1351 17 3
1351 18 6
1351 19 2
1351 20 3
1351 21 4
1351 22 2
1351 23 5
1351 24 2
1351 25 2
1351 26 3
1351 27 3
1351 28 4
1351 29 3
1351 30 3
1351 31 2
1351 32 2
1351 33 2
1351 34 4
1351 35 4
1351 36 3
1351 37 3
1351 38 2
1351 39 3
1351 40 3
1351 41 3
1351 42 2
1351 43 5
1351 44 1
1351 45 3
1351 46 1
1351 47 3
1351 48 6
1351 49 6
1351 50 3
1351 51 3
1351 52 2
1351 53 3
1351 54 3
1351 55 4
1351 56 3
1351 57 3
1351 58 6
1351 59 3
1351 60 4
1351 61 3
1351 62 4
1351 63 2
1351 64 2
1351 65 3
1351 66 2
1351 67 3
1351 68 2
1351 69 4
1351 70 3
1351 71 3
1351 72 3
1351 73 3
1351 74 1
1351 75 2
1351 76 4
1351 77 2
1351 78 1
1351 79 3
1351 80 3
1351 81 3
1351 82 1
1351 83 4
1351 84 1
1351 85 2
1351 86 2
1351 87 4
1351 88 2
1351 89 1
1351 90 3
1351 91 6
1351 92 4
1351 93 3
1351 94 6
1351 95 7
1351 96 2
1351 97 3
1351 98 3
1351 99 3
1351 100 3
1351 101 2
1351 102 2
1351 103 4
1351 104 3
1351 105 2
1351 106 4
1351 107 4
1351 108 4
1351 109 4
1351 110 4
1351 111 2
1351 112 2
1351 113 5
1351 114 4
1351 115 3
1351 116 2
1351 117 3
1351 118 4
1351 119 2
1351 120 4
1351 121 2
1376 1 2
1376 2 2
1376 3 2
1376 4 3
1376 5 4
1376 6 4
1376 7 7
1376 8 4
1376 9 1
1376 10 4
1376 11 4
1376 12 2
1376 13 6
1376 14 5
1376 15 5
1376 16 4
1376 17 7
1376 18 4
1376 19 2
1376 20 5
1376 21 3
1376 22 2
1376 23 6
1376 24 3
1376 25 3
1376 26 2
1376 27 3
1376 28 6
1376 29 4
1376 30 1
1376 31 3
1376 32 2
1376 33 2
1376 34 4
1376 35 4
1376 36 4
1376 37 2
1376 38 2
1376 39 3
1376 40 5
1376 41 4
1376 42 3
1376 43 3
1376 44 2
1376 45 2
1376 46 2
1376 47 5
1376 48 3
1376 49 4
1376 50 5
1376 51 3
1376 52 4
1376 53 6
1376 54 2
1376 55 3
1376 56 3
1376 57 3
1376 58 4
1376 59 4
1376 60 5
1376 61 2
1376 62 3
1376 63 2
1376 64 2
1376 65 5
1376 66 2
1376 67 4
1376 68 2
1376 69 5
1376 70 2
1376 71 5
1376 72 2
1376 73 2
1376 74 1
1376 75 2
1376 76 2
1376 77 2
1376 78 1
1376 79 2
1376 80 2
1376 81 1
1376 82 4
1376 83 1
1376 84 2
1376 85 2
1376 86 1
1376 87 2
1376 88 2
1376 89 4
1376 90 1
1376 91 5
1376 92 5
1376 93 4
1376 94 3
1376 95 6
1376 96 2
1376 97 3
1376 98 4
1376 99 2
1376 100 3
1376 101 3
1376 102 3
1376 103 4
1376 104 2
1376 105 1
1376 106 2
1376 107 3
1376 108 6
1376 109 5
1376 110 4
1376 111 2
1376 112 4
1376 113 4
1376 114 5
1376 115 4
1376 116 7
1376 117 2
1376 118 3
1376 119 3
1376 120 5
1376 121 3
1401 1 5
1401 2 5
1401 3 4
1401 4 4
1401 5 3
1401 6 3
1401 7 4
1401 8 2
1401 9 2
1401 10 3
1401 11 3
1401 12 4
1401 13 5
1401 14 4
1401 15 5
1401 16 4
1401 17 3
1401 18 4
1401 19 4
1401 20 2
1401 21 2
1401 22 2
1401 23 5
1401 24 4
1401 25 4
1401 26 2
1401 27 2
1401 28 4
1401 29 3
1401 30 4
1401 31 2
1401 32 3
1401 33 2
1401 34 5
1401 35 6
1401 36 3
1401 37 3
1401 38 3
1401 39 1
1401 40 8
1401 41 4
1401 42 3
1401 43 2
1401 44 1
1401 45 5
1401 46 1
1401 47 3
1401 48 4
1401 49 4
1401 50 5
1401 51 5
1401 52 4
1401 53 3
1401 54 2
1401 55 2
1401 56 2
1401 57 3
1401 58 2
1401 59 3
1401 60 5
1401 61 2
1401 62 3
1401 63 3
1401 64 4
1401 65 2
1401 66 2
1401 67 4
1401 68 1
1401 69 4
1401 70 4
1401 71 8
1401 72 1
1401 73 2
1401 74 1
1401 75 3
1401 76 1
1401 77 2
1401 78 1
1401 79 2
1401 80 5
1401 81 2
1401 82 1
1401 83 3
1401 84 4
1401 85 3
1401 86 5
1401 87 2
1401 88 5
1401 89 3
1401 90 4
1401 91 5
1401 92 5
1401 93 5
1401 94 2
1401 95 4
1401 96 4
1401 97 6
1401 98 1
1401 99 3
1401 100 2
1401 101 4
1401 102 6
1401 103 8
1401 104 5
1401 105 2
1401 106 2
1401 107 2
1401 108 3
1401 109 4
1401 110 5
1401 111 4
1401 112 2
1401 113 7
1401 114 4
1401 115 5
1401 116 1
1401 117 1
1401 118 3
1401 119 3
1401 120 5
1401 121 6
1426 1 3
1426 2 4
1426 3 3
1426 4 5
1426 5 6
1426 6 4
1426 7 3
1426 8 2
1426 9 4
1426 10 4
1426 11 2
1426 12 2
1426 13 3
1426 14 4
1426 15 6
1426 16 4
1426 17 2
1426 18 5
1426 19 3
1426 20 2
1426 21 3
1426 22 3
1426 23 3
1426 24 5
1426 25 6
1426 26 4
1426 27 3
1426 28 3
1426 29 4
1426 30 3
1426 31 1
1426 32 2
1426 33 3
1426 34 3
1426 35 5
1426 36 5
1426 37 3
1426 38 5
1426 39 1
1426 40 3
1426 41 6
1426 42 4
1426 43 3
1426 44 1
1426 45 2
1426 46 4
1426 47 5
1426 48 5
1426 49 3
1426 50 2
1426 51 4
1426 52 2
1426 53 3
1426 54 3
1426 55 5
1426 56 4
1426 57 4
1426 58 5
1426 59 3
1426 60 3
1426 61 4
1426 62 5
1426 63 2
1426 64 2
1426 65 5
1426 66 5
1426 67 3
1426 68 3
1426 69 4
1426 70 3
1426 71 4
1426 72 4
1426 73 2
1426 74 2
1426 75 4
1426 76 2
1426 77 1
1426 78 3
1426 79 3
1426 80 4
1426 81 2
1426 82 1
1426 83 1
1426 84 2
1426 85 6
1426 86 2
1426 87 2
1426 88 3
1426 89 1
1426 90 3
1426 91 2
1426 92 4
1426 93 9
1426 94 3
1426 95 3
1426 96 3
1426 97 3
1426 98 4
1426 99 3
1426 100 2
1426 101 2
1426 102 5
1426 103 3
1426 104 7
1426 105 2
1426 106 4
1426 107 3
1426 108 6
1426 109 4
1426 110 6
1426 111 1
1426 112 2
1426 113 3
1426 114 4
1426 115 2
1426 116 3
1426 117 3
1426 118 3
1426 119 1
1426 120 3
1426 121 2
1451 1 5
1451 2 4
1451 3 3
1451 4 4
1451 5 2
1451 6 4
1451 7 4
1451 8 5
1451 9 5
1451 10 3
1451 11 2
1451 12 2
1451 13 4
1451 14 4
1451 15 4
1451 16 3
1451 17 2
1451 18 3
1451 19 3
1451 20 1
1451 21 3
1451 22 3
1451 23 5
1451 24 6
1451 25 5
1451 26 7
1451 27 2
1451 28 4
1451 29 3
1451 30 4
1451 31 2
1451 32 1
1451 33 3
1451 34 3
1451 35 3
1451 36 2
1451 37 3
1451 38 2
1451 39 4
1451 40 3
1451 41 5
1451 42 4
1451 43 2
1451 44 4
1451 45 2
1451 46 4
1451 47 5
1451 48 5
1451 49 4
1451 50 4
1451 51 4
1451 52 4
1451 53 6
1451 54 2
1451 55 5
1451 56 3
1451 57 6
1451 58 4
1451 59 6
1451 60 6
1451 61 3
1451 62 5
1451 63 3
1451 64 3
1451 65 2
1451 66 2
1451 67 3
1451 68 2
1451 69 4
1451 70 7
1451 71 6
1451 72 1
1451 73 2
1451 74 5
1451 75 4
1451 76 2
1451 77 1
1451 78 2
1451 79 1
1451 80 3
1451 81 3
1451 82 2
1451 83 2
1451 84 3
1451 85 2
1451 86 2
1451 87 3
1451 88 3
1451 89 3
1451 90 4
1451 91 5
1451 92 4
1451 93 5
1451 94 3
1451 95 3
1451 96 2
1451 97 4
1451 98 4
1451 99 4
1451 100 2
1451 101 2
1451 102 6
1451 103 4
1451 104 6
1451 105 1
1451 106 4
1451 107 5
1451 108 6
1451 109 2
1451 110 4
1451 111 5
1451 112 2
1451 113 4
1451 114 2
1451 115 5
1451 116 3
1451 117 2
1451 118 5
1451 119 4
1451 120 4
1451 121 7
1476 1 3
1476 2 2
1476 3 4
1476 4 3
1476 5 5
1476 6 5
1476 7 4
1476 8 7
1476 9 2
1476 10 6
1476 11 5
1476 12 2
1476 13 3
1476 14 4
1476 15 6
1476 16 4
1476 17 5
1476 18 5
1476 19 6
1476 20 5
1476 21 2
1476 22 1
1476 23 2
1476 24 6
1476 25 2
1476 26 2
1476 27 3
1476 28 4
1476 29 6
1476 30 3
1476 31 1
1476 32 2
1476 33 2
1476 34 3
1476 35 6
1476 36 2
1476 37 6
1476 38 2
1476 39 3
1476 40 3
1476 41 3
1476 42 3
1476 43 3
1476 44 1
1476 45 2
1476 46 5
1476 47 4
1476 48 4
1476 49 4
1476 50 3
1476 51 4
1476 52 7
1476 53 3
1476 54 4
1476 55 3
1476 56 6
1476 57 4
1476 58 8
1476 59 3
1476 60 2
1476 61 4
1476 62 4
1476 63 3
1476 64 3
1476 65 2
1476 66 3
1476 67 1
1476 68 1
1476 69 5
1476 70 4
1476 71 3
1476 72 2
1476 73 2
1476 74 4
1476 75 6
1476 76 2
1476 77 4
1476 78 2
1476 79 1
1476 80 4
1476 81 2
1476 82 2
1476 83 2
1476 84 2
1476 85 3
1476 86 4
1476 87 5
1476 88 2
1476 89 4
1476 90 3
1476 91 5
1476 92 5
1476 93 4
1476 94 2
1476 95 3
1476 96 3
1476 97 4
1476 98 2
1476 99 3
1476 100 1
1476 101 6
1476 102 5
1476 103 7
1476 104 3
1476 105 1
1476 106 5
1476 107 3
1476 108 6
1476 109 5
1476 110 3
1476 111 2
1476 112 3
1476 113 4
1476 114 3
1476 115 3
1476 116 2
1476 117 8
1476 118 2
1476 119 5
1476 120 4
1476 121 4
1501 1 5
1501 2 3
1501 3 6
1501 4 4
1501 5 5
1501 6 5
1501 7 3
1501 8 4
1501 9 1
1501 10 4
1501 11 3
1501 12 4
1501 13 6
1501 14 7
1501 15 6
1501 16 4
1501 17 3
1501 18 4
1501 19 3
1501 20 2
1501 21 2
1501 22 1
1501 23 4
1501 24 3
1501 25 4
1501 26 3
1501 27 3
1501 28 4
1501 29 4
1501 30 4
1501 31 1
1501 32 3
1501 33 4
1501 34 4
1501 35 5
1501 36 6
1501 37 4
1501 38 2
1501 39 2
1501 40 4
1501 41 2
1501 42 4
1501 43 2
1501 44 4
1501 45 2
1501 46 3
1501 47 4
1501 48 4
1501 49 6
1501 50 4
1501 51 7
1501 52 4
1501 53 4
1501 54 2
1501 55 3
1501 56 4
1501 57 5
1501 58 5
1501 59 3
1501 60 4
1501 61 2
1501 62 4
1501 63 5
1501 64 3
1501 65 2
1501 66 3
1501 67 2
1501 68 2
1501 69 4
1501 70 4
1501 71 3
1501 72 1
1501 73 4
1501 74 3
1501 75 2
1501 76 2
1501 77 2
1501 78 3
1501 79 3
1501 80 3
1501 81 3
1501 82 5
1501 83 3
1501 84 2
1501 85 2
1501 86 2
1501 87 2
1501 88 4
1501 89 2
1501 90 3
1501 91 2
1501 92 3
1501 93 6
1501 94 3
1501 95 4
1501 96 3
1501 97 3
1501 98 2
1501 99 2
1501 100 3
1501 101 5
1501 102 5
1501 103 3
1501 104 4
1501 105 1
1501 106 4
1501 107 4
1501 108 3
1501 109 6
1501 110 3
1501 111 2
1501 112 2
1501 113 4
1501 114 5
1501 115 2
1501 116 2
1501 117 6
1501 118 4
1501 119 6
1501 120 4
1501 121 3
1526 1 5
1526 2 2
1526 3 3
1526 4 3
1526 5 5
1526 6 2
1526 7 4
1526 8 3
1526 9 2
1526 10 2
1526 11 3
1526 12 3
1526 13 6
1526 14 4
1526 15 4
1526 16 5
1526 17 3
1526 18 2
1526 19 4
1526 20 3
1526 21 5
1526 22 5
1526 23 3
1526 24 6
1526 25 4
1526 26 2
1526 27 6
1526 28 2
1526 29 3
1526 30 4
1526 31 1
1526 32 7
1526 33 3
1526 34 5
1526 35 3
1526 36 3
1526 37 6
1526 38 4
1526 39 1
1526 40 4
1526 41 2
1526 42 2
1526 43 4
1526 44 3
1526 45 4
1526 46 1
1526 47 2
1526 48 4
1526 49 5
1526 50 2
1526 51 4
1526 52 5
1526 53 5
1526 54 3
1526 55 2
1526 56 2
1526 57 3
1526 58 5
1526 59 4
1526 60 5
1526 61 3
1526 62 4
1526 63 4
1526 64 4
1526 65 3
1526 66 5
1526 67 4
1526 68 2
1526 69 5
1526 70 2
1526 71 6
1526 72 2
1526 73 2
1526 74 2
1526 75 4
1526 76 1
1526 77 1
1526 78 4
1526 79 2
1526 80 2
1526 81 1
1526 82 3
1526 83 2
1526 84 6
1526 85 2
1526 86 3
1526 87 5
1526 88 3
1526 89 2
1526 90 1
1526 91 5
1526 92 7
1526 93 6
1526 94 3
1526 95 3
1526 96 4
1526 97 3
1526 98 2
1526 99 4
1526 100 3
1526 101 3
1526 102 2
1526 103 3
1526 104 7
1526 105 1
1526 106 3
1526 107 2
1526 108 3
1526 109 3
1526 110 2
1526 111 2
1526 112 3
1526 113 8
1526 114 2
1526 115 4
1526 116 4
1526 117 3
1526 118 3
1526 119 4
1526 120 3
1526 121 3
1551 1 4
1551 2 4
1551 3 3
1551 4 3
1551 5 3
1551 6 5
1551 7 5
1551 8 1
1551 9 2
1551 10 3
1551 11 4
1551 12 1
1551 13 3
1551 14 5
1551 15 8
1551 16 4
1551 17 4
1551 18 6
1551 19 4
1551 20 2
1551 21 5
1551 22 2
1551 23 3
1551 24 5
1551 25 2
1551 26 2
1551 27 4
1551 28 2
1551 29 5
1551 30 3
1551 31 1
1551 32 1
1551 33 1
1551 34 6
1551 35 4
1551 36 6
1551 37 2
1551 38 2
1551 39 3
1551 40 2
1551 41 6
1551 42 4
1551 43 7
1551 44 5
1551 45 3
1551 46 1
1551 47 4
1551 48 3
1551 49 4
1551 50 4
1551 51 5
1551 52 2
1551 53 3
1551 54 1
1551 55 2
1551 56 2
1551 57 4
1551 58 6
1551 59 5
1551 60 5
1551 61 3
1551 62 5
1551 63 3
1551 64 5
1551 65 3
1551 66 2
1551 67 3
1551 68 1
1551 69 2
1551 70 1
1551 71 6
1551 72 1
1551 73 2
1551 74 2
1551 75 1
1551 76 3
1551 77 1
1551 78 4
1551 79 3
1551 80 4
1551 81 2
1551 82 1
1551 83 4
1551 84 2
1551 85 3
1551 86 4
1551 87 2
1551 88 3
1551 89 1
1551 90 2
1551 91 4
1551 92 3
1551 93 4
1551 94 1
1551 95 4
1551 96 5
1551 97 2
1551 98 2
1551 99 4
1551 100 3
1551 101 3
1551 102 5
1551 103 3
1551 104 3
1551 105 1
1551 106 5
1551 107 3
1551 108 5
1551 109 3
1551 110 4
1551 111 1
1551 112 2
1551 113 5
1551 114 5
1551 115 6
1551 116 2
1551 117 3
1551 118 3
1551 119 5
1551 120 4
1551 121 4
1576 1 5
1576 2 3
1576 3 3
1576 4 6
1576 5 3
1576 6 4
1576 7 6
1576 8 1
1576 9 4
1576 10 3
1576 11 3
1576 12 2
1576 13 3
1576 14 2
1576 15 4
1576 16 2
1576 17 3
1576 18 9
1576 19 4
1576 20 2
1576 21 2
1576 22 2
1576 23 5
1576 24 3
1576 25 3
1576 26 3
1576 27 2
1576 28 5
1576 29 7
1576 30 5
1576 31 3
1576 32 3
1576 33 2
1576 34 4
1576 35 10
1576 36 4
1576 37 4
1576 38 1
1576 39 2
1576 40 6
1576 41 6
1576 42 4
1576 43 4
1576 44 1
1576 45 3
1576 46 2
1576 47 5
1576 48 2
1576 49 4
1576 50 2
1576 51 7
1576 52 3
1576 53 4
1576 54 3
1576 55 4
1576 56 4
1576 57 2
1576 58 3
1576 59 5
1576 60 4
1576 61 2
1576 62 4
1576 63 4
1576 64 3
1576 65 1
1576 66 5
1576 67 4
1576 68 2
1576 69 3
1576 70 1
1576 71 6
1576 72 2
1576 73 3
1576 74 3
1576 75 2
1576 76 1
1576 77 4
1576 78 3
1576 79 1
1576 80 4
1576 81 2
1576 82 2
1576 83 2
1576 84 2
1576 85 4
1576 86 3
1576 87 1
1576 88 2
1576 89 3
1576 90 1
1576 91 5
1576 92 5
1576 93 6
1576 94 1
1576 95 3
1576 96 3
1576 97 4
1576 98 4
1576 99 3
1576 100 6
1576 101 2
1576 102 5
1576 103 2
1576 104 4
1576 105 3
1576 106 5
1576 107 4
1576 108 5
1576 109 3
1576 110 3
1576 111 2
1576 112 4
1576 113 2
1576 114 6
1576 115 3
1576 116 1
1576 117 1
1576 118 2
1576 119 3
1576 120 2
1576 121 2
1601 1 3
1601 2 4
1601 3 4
1601 4 5
1601 5 4
1601 6 3
1601 7 4
1601 8 2
1601 9 3
1601 10 2
1601 11 3
1601 12 5
1601 13 3
1601 14 5
1601 15 4
1601 16 2
1601 17 4
1601 18 4
1601 19 3
1601 20 2
1601 21 1
1601 22 3
1601 23 5
1601 24 4
1601 25 4
1601 26 4
1601 27 4
1601 28 3
1601 29 3
1601 30 4
1601 31 3
1601 32 2
1601 33 2
1601 34 4
1601 35 4
1601 36 2
1601 37 4
1601 38 1
1601 39 3
1601 40 3
1601 41 6
1601 42 7
1601 43 3
1601 44 1
1601 45 5
1601 46 1
1601 47 4
1601 48 3
1601 49 4
1601 50 4
1601 51 3
1601 52 5
1601 53 6
1601 54 1
1601 55 4
1601 56 1
1601 57 2
1601 58 3
1601 59 6
1601 60 4
1601 61 3
1601 62 2
1601 63 3
1601 64 6
1601 65 2
1601 66 3
1601 67 4
1601 68 2
1601 69 3
1601 70 2
1601 71 6
1601 72 3
1601 73 3
1601 74 2
1601 75 2
1601 76 1
1601 77 2
1601 78 6
1601 79 2
1601 80 4
1601 81 5
1601 82 2
1601 83 3
1601 84 5
1601 85 6
1601 86 3
1601 87 3
1601 88 2
1601 89 5
1601 90 3
1601 91 4
1601 92 4
1601 93 4
1601 94 4
1601 95 2
1601 96 4
1601 97 3
1601 98 4
1601 99 2
1601 100 3
1601 101 1
1601 102 6
1601 103 5
1601 104 2
1601 105 3
1601 106 4
1601 107 3
1601 108 5
1601 109 2
1601 110 4
1601 111 1
1601 112 3
1601 113 6
1601 114 3
1601 115 4
1601 116 1
1601 117 3
1601 118 2
1601 119 5
1601 120 3
1601 121 3
1626 1 5
1626 2 5
1626 3 3
1626 4 5
1626 5 7
1626 6 5
1626 7 5
1626 8 1
1626 9 1
1626 10 3
1626 11 3
1626 12 1
1626 13 3
1626 14 3
1626 15 1
1626 16 3
1626 17 6
1626 18 7
1626 19 2
1626 20 3
1626 21 1
1626 22 4
1626 23 3
1626 24 5
1626 25 3
1626 26 2
1626 27 2
1626 28 3
1626 29 2
1626 30 3
1626 31 2
1626 32 1
1626 33 3
1626 34 3
1626 35 2
1626 36 4
1626 37 3
1626 38 4
1626 39 3
1626 40 2
1626 41 4
1626 42 7
1626 43 3
1626 44 3
1626 45 3
1626 46 1
1626 47 2
1626 48 5
1626 49 4
1626 50 3
1626 51 4
1626 52 6
1626 53 5
1626 54 2
1626 55 2
1626 56 2
1626 57 2
1626 58 5
1626 59 5
1626 60 9
1626 61 1
1626 62 4
1626 63 3
1626 64 4
1626 65 2
1626 66 1
1626 67 3
1626 68 3
1626 69 6
1626 70 5
1626 71 3
1626 72 4
1626 73 2
1626 74 2
1626 75 2
1626 76 2
1626 77 5
1626 78 4
1626 79 2
1626 80 2
1626 81 3
1626 82 4
1626 83 5
1626 84 1
1626 85 2
1626 86 2
1626 87 3
1626 88 3
1626 89 3
1626 90 2
1626 91 4
1626 92 2
1626 93 3
1626 94 1
1626 95 6
1626 96 2
1626 97 7
1626 98 2
1626 99 2
1626 100 2
1626 101 5
1626 102 3
1626 103 5
1626 104 2
1626 105 2
1626 106 2
1626 107 3
1626 108 4
1626 109 5
1626 110 2
1626 111 3
1626 112 2
1626 113 3
1626 114 4
1626 115 5
1626 116 2
1626 117 4
1626 118 3
1626 119 3
1626 120 5
1626 121 6
1651 1 3
1651 2 2
1651 3 4
1651 4 3
1651 5 4
1651 6 4
1651 7 4
1651 8 2
1651 9 2
1651 10 2
1651 11 3
1651 12 3
1651 13 6
1651 14 3
1651 15 1
1651 16 6
1651 17 6
1651 18 4
1651 19 4
1651 20 4
1651 21 1
1651 22 3
1651 23 2
1651 24 3
1651 25 3
1651 26 2
1651 27 2
1651 28 3
1651 29 5
1651 30 3
1651 31 4
1651 32 4
1651 33 5
1651 34 2
1651 35 2
1651 36 2
1651 37 4
1651 38 2
1651 39 3
1651 40 3
1651 41 6
1651 42 4
1651 43 6
1651 44 1
1651 45 3
1651 46 1
1651 47 4
1651 48 3
1651 49 3
1651 50 5
1651 51 4
1651 52 7
1651 53 2
1651 54 2
1651 55 2
1651 56 1
1651 57 2
1651 58 6
1651 59 4
1651 60 4
1651 61 3
1651 62 3
1651 63 2
1651 64 5
1651 65 3
1651 66 1
1651 67 3
1651 68 3
1651 69 3
1651 70 6
1651 71 4
1651 72 1
1651 73 1
1651 74 2
1651 75 1
1651 76 1
1651 77 3
1651 78 2
1651 79 1
1651 80 7
1651 81 2
1651 82 4
1651 83 1
1651 84 4
1651 85 4
1651 86 1
1651 87 2
1651 88 2
1651 89 3
1651 90 2
1651 91 2
1651 92 3
1651 93 3
1651 94 1
1651 95 3
1651 96 1
1651 97 7
1651 98 3
1651 99 3
1651 100 1
1651 101 2
1651 102 5
1651 103 4
1651 104 3
1651 105 2
1651 106 4
1651 107 4
1651 108 4
1651 109 6
1651 110 3
1651 111 3
1651 112 3
1651 113 3
1651 114 3
1651 115 2
1651 116 5
1651 117 8
1651 118 6
1651 119 2
1651 120 4
1651 121 4
1676 1 5
1676 2 5
1676 3 5
1676 4 3
1676 5 4
1676 6 2
1676 7 5
1676 8 3
1676 9 2
1676 10 2
1676 11 2
1676 12 4
1676 13 5
1676 14 2
1676 15 3
1676 16 2
1676 17 2
1676 18 4
1676 19 6
1676 20 1
1676 21 4
1676 22 5
1676 23 3
1676 24 4
1676 25 4
1676 26 3
1676 27 1
1676 28 4
1676 29 2
1676 30 3
1676 31 3
1676 32 2
1676 33 3
1676 34 4
1676 35 4
1676 36 2
1676 37 4
1676 38 3
1676 39 4
1676 40 4
1676 41 7
1676 42 5
1676 43 2
1676 44 1
1676 45 4
1676 46 4
1676 47 4
1676 48 3
1676 49 5
1676 50 3
1676 51 6
1676 52 4
1676 53 3
1676 54 1
1676 55 2
1676 56 4
1676 57 2
1676 58 2
1676 59 3
1676 60 6
1676 61 4
1676 62 4
1676 63 5
1676 64 2
1676 65 3
1676 66 2
1676 67 3
1676 68 3
1676 69 6
1676 70 4
1676 71 3
1676 72 3
1676 73 2
1676 74 1
1676 75 2
1676 76 2
1676 77 2
1676 78 4
1676 79 2
1676 80 4
1676 81 2
1676 82 2
1676 83 1
1676 84 3
1676 85 2
1676 86 3
1676 87 3
1676 88 4
1676 89 2
1676 90 2
1676 91 5
1676 92 5
1676 93 3
1676 94 2
1676 95 4
1676 96 1
1676 97 4
1676 98 4
1676 99 2
1676 100 1
1676 101 1
1676 102 5
1676 103 4
1676 104 5
1676 105 1
1676 106 2
1676 107 3
1676 108 2
1676 109 5
1676 110 3
1676 111 4
1676 112 2
1676 113 2
1676 114 5
1676 115 5
1676 116 2
1676 117 4
1676 118 3
1676 119 2
1676 120 5
1676 121 4
1701 1 4
1701 2 4
1701 3 4
1701 4 3
1701 5 4
1701 6 5
1701 7 3
1701 8 5
1701 9 1
1701 10 2
1701 11 5
1701 12 7
1701 13 3
1701 14 2
1701 15 3
1701 16 5
1701 17 3
1701 18 2
1701 19 4
1701 20 1
1701 21 1
1701 22 3
1701 23 2
1701 24 5
1701 25 3
1701 26 5
1701 27 3
1701 28 6
1701 29 5
1701 30 3
1701 31 4
1701 32 2
1701 33 4
1701 34 2
1701 35 5
1701 36 3
1701 37 2
1701 38 2
1701 39 3
1701 40 1
1701 41 3
1701 42 4
1701 43 3
1701 44 3
1701 45 3
1701 46 3
1701 47 3
1701 48 2
1701 49 4
1701 50 2
1701 51 3
1701 52 3
1701 53 3
1701 54 3
1701 55 1
1701 56 2
1701 57 1
1701 58 3
1701 59 3
1701 60 4
1701 61 3
1701 62 2
1701 63 5
1701 64 2
1701 65 2
1701 66 2
1701 67 3
1701 68 2
1701 69 6
1701 70 6
1701 71 2
1701 72 3
1701 73 3
1701 74 2
1701 75 2
1701 76 1
1701 77 1
1701 78 2
1701 79 4
1701 80 4
1701 81 2
1701 82 3
1701 83 2
1701 84 2
1701 85 1
1701 86 3
1701 87 1
1701 88 4
1701 89 2
1701 90 3
1701 91 2
1701 92 1
1701 93 4
1701 94 3
1701 95 5
1701 96 2
1701 97 4
1701 98 1
1701 99 5
1701 100 3
1701 101 3
1701 102 3
1701 103 5
1701 104 7
1701 105 2
1701 106 5
1701 107 2
1701 108 6
1701 109 6
1701 110 2
1701 111 5
1701 112 2
1701 113 4
1701 114 5
1701 115 6
1701 116 2
1701 117 6
1701 118 4
1701 119 3
1701 120 5
1701 121 4
1726 1 5
1726 2 5
1726 3 4
1726 4 4
1726 5 2
1726 6 4
1726 7 3
1726 8 6
1726 9 2
1726 10 2
1726 11 3
1726 12 4
1726 13 3
1726 14 4
1726 15 4
1726 16 4
1726 17 3
1726 18 3
1726 19 3
1726 20 1
1726 21 1
1726 22 3
1726 23 5
1726 24 6
1726 25 5
1726 26 2
1726 27 2
1726 28 4
1726 29 4
1726 30 5
1726 31 3
1726 32 1
1726 33 3
1726 34 3
1726 35 6
1726 36 3
1726 37 3
1726 38 2
1726 39 1
1726 40 3
1726 41 9
1726 42 2
1726 43 3
1726 44 3
1726 45 3
1726 46 1
1726 47 3
1726 48 4
1726 49 2
1726 50 4
1726 51 4
1726 52 3
1726 53 4
1726 54 4
1726 55 2
1726 56 1
1726 57 1
1726 58 3
1726 59 3
1726 60 6
1726 61 3
1726 62 3
1726 63 3
1726 64 4
1726 65 3
1726 66 2
1726 67 4
1726 68 2
1726 69 6
1726 70 3
1726 71 3
1726 72 4
1726 73 1
1726 74 2
1726 75 2
1726 76 1
1726 77 2
1726 78 2
1726 79 1
1726 80 3
1726 81 2
1726 82 3
1726 83 2
1726 84 2
1726 85 1
1726 86 4
1726 87 1
1726 88 3
1726 89 2
1726 90 3
1726 91 6
1726 92 2
1726 93 3
1726 94 2
1726 95 4
1726 96 2
1726 97 4
1726 98 1
1726 99 2
1726 100 4
1726 101 3
1726 102 6
1726 103 8
1726 104 3
1726 105 3
1726 106 2
1726 107 6
1726 108 3
1726 109 3
1726 110 7
1726 111 4
1726 112 1
1726 113 5
1726 114 4
1726 115 4
1726 116 2
1726 117 3
1726 118 4
1726 119 2
1726 120 4
1726 121 7
1751 1 4
1751 2 3
1751 3 2
1751 4 3
1751 5 1
1751 6 2
1751 7 5
1751 8 7
1751 9 2
1751 10 1
1751 11 2
1751 12 4
1751 13 4
1751 14 5
1751 15 3
1751 16 3
1751 17 6
1751 18 3
1751 19 4
1751 20 3
1751 21 2
1751 22 2
1751 23 4
1751 24 4
1751 25 4
1751 26 5
1751 27 1
1751 28 4
1751 29 8
1751 30 6
1751 31 3
1751 32 3
1751 33 3
1751 34 3
1751 35 6
1751 36 5
1751 37 2
1751 38 4
1751 39 4
1751 40 3
1751 41 5
1751 42 2
1751 43 3
1751 44 4
1751 45 2
1751 46 2
1751 47 6
1751 48 4
1751 49 3
1751 50 4
1751 51 2
1751 52 2
1751 53 7
1751 54 5
1751 55 1
1751 56 2
1751 57 1
1751 58 2
1751 59 4
1751 60 3
1751 61 2
1751 62 5
1751 63 3
1751 64 3
1751 65 2
1751 66 2
1751 67 3
1751 68 3
1751 69 5
1751 70 5
1751 71 8
1751 72 1
1751 73 4
1751 74 4
1751 75 2
1751 76 2
1751 77 2
1751 78 4
1751 79 5
1751 80 3
1751 81 3
1751 82 3
1751 83 4
1751 84 2
1751 85 1
1751 86 1
1751 87 3
1751 88 3
1751 89 5
1751 90 3
1751 91 5
1751 92 4
1751 93 4
1751 94 3
1751 95 4
1751 96 1
1751 97 3
1751 98 3
1751 99 2
1751 100 1
1751 101 5
1751 102 4
1751 103 4
1751 104 4
1751 105 2
1751 106 2
1751 107 4
1751 108 3
1751 109 3
1751 110 7
1751 111 3
1751 112 3
1751 113 5
1751 114 3
1751 115 3
1751 116 5
1751 117 2
1751 118 2
1751 119 3
1751 120 3
1751 121 5
1776 1 4
1776 2 5
1776 3 4
1776 4 2
1776 5 4
1776 6 4
1776 7 4
1776 8 5
1776 9 1
1776 10 5
1776 11 2
1776 12 4
1776 13 3
1776 14 3
1776 15 4
1776 16 7
1776 17 5
1776 18 8
1776 19 3
1776 20 1
1776 21 2
1776 22 1
1776 23 4
1776 24 3
1776 25 7
1776 26 3
1776 27 1
1776 28 3
1776 29 5
1776 30 2
1776 31 1
1776 32 1
1776 33 1
1776 34 5
1776 35 4
1776 36 4
1776 37 2
1776 38 2
1776 39 2
1776 40 2
1776 41 5
1776 42 4
1776 43 3
1776 44 3
1776 45 2
1776 46 2
1776 47 2
1776 48 3
1776 49 4
1776 50 4
1776 51 6
1776 52 3
1776 53 6
1776 54 3
1776 55 1
1776 56 2
1776 57 5
1776 58 2
1776 59 2
1776 60 3
1776 61 4
1776 62 4
1776 63 7
1776 64 3
1776 65 2
1776 66 2
1776 67 2
1776 68 1
1776 69 7
1776 70 4
1776 71 4
1776 72 2
1776 73 1
1776 74 3
1776 75 1
1776 76 1
1776 77 4
1776 78 3
1776 79 2
1776 80 5
1776 81 3
1776 82 4
1776 83 2
1776 84 2
1776 85 2
1776 86 1
1776 87 2
1776 88 3
1776 89 5
1776 90 3
1776 91 4
1776 92 2
1776 93 2
1776 94 2
1776 95 3
1776 96 2
1776 97 2
1776 98 3
1776 99 2
1776 100 1
1776 101 6
1776 102 2
1776 103 4
1776 104 3
1776 105 2
1776 106 3
1776 107 5
1776 108 4
1776 109 5
1776 110 4
1776 111 4
1776 112 1
1776 113 5
1776 114 4
1776 115 3
1776 116 1
1776 117 2
1776 118 4
1776 119 3
1776 120 4
1776 121 5
1801 1 5
1801 2 3
1801 3 3
1801 4 1
1801 5 4
1801 6 2
1801 7 2
1801 8 3
1801 9 3
1801 10 2
1801 11 5
1801 12 3
1801 13 3
1801 14 2
1801 15 5
1801 16 6
1801 17 2
1801 18 4
1801 19 2
1801 20 2
1801 21 2
1801 22 2
1801 23 3
1801 24 5
1801 25 6
1801 26 2
1801 27 2
1801 28 4
1801 29 5
1801 30 2
1801 31 3
1801 32 1
1801 33 4
1801 34 5
1801 35 4
1801 36 5
1801 37 2
1801 38 4
1801 39 3
1801 40 3
1801 41 2
1801 42 3
1801 43 4
1801 44 1
1801 45 2
1801 46 3
1801 47 3
1801 48 3
1801 49 4
1801 50 3
1801 51 5
1801 52 4
1801 53 3
1801 54 2
1801 55 1
1801 56 1
1801 57 3
1801 58 3
1801 59 1
1801 60 2
1801 61 1
1801 62 4
1801 63 5
1801 64 6
1801 65 1
1801 66 1
1801 67 4
1801 68 3
1801 69 4
1801 70 4
1801 71 6
1801 72 4
1801 73 3
1801 74 1
1801 75 3
1801 76 2
1801 77 2
1801 78 2
1801 79 3
1801 80 2
1801 81 2
1801 82 4
1801 83 4
1801 84 3
1801 85 2
1801 86 2
1801 87 2
1801 88 2
1801 89 1
1801 90 2
1801 91 3
1801 92 3
1801 93 3
1801 94 5
1801 95 3
1801 96 4
1801 97 4
1801 98 1
1801 99 1
1801 100 2
1801 101 4
1801 102 3
1801 103 4
1801 104 3
1801 105 3
1801 106 4
1801 107 6
1801 108 4
1801 109 3
1801 110 4
1801 111 1
1801 112 3
1801 113 4
1801 114 5
1801 115 6
1801 116 1
1801 117 6
1801 118 3
1801 119 2
1801 120 3
1801 121 2
1826 1 5
1826 2 3
1826 3 2
1826 4 1
1826 5 2
1826 6 3
1826 7 7
1826 8 4
1826 9 3
1826 10 3
1826 11 3
1826 12 6
1826 13 3
1826 14 3
1826 15 5
1826 16 3
1826 17 4
1826 18 4
1826 19 5
1826 20 2
1826 21 3
1826 22 4
1826 23 3
1826 24 4
1826 25 5
1826 26 3
1826 27 1
1826 28 3
1826 29 3
1826 30 3
1826 31 1
1826 32 1
1826 33 2
1826 34 7
1826 35 6
1826 36 2
1826 37 3
1826 38 4
1826 39 1
1826 40 3
1826 41 2
1826 42 3
1826 43 6
1826 44 1
1826 45 2
1826 46 3
1826 47 4
1826 48 5
1826 49 2
1826 50 4
1826 51 4
1826 52 3
1826 53 2
1826 54 3
1826 55 1
1826 56 2
1826 57 3
1826 58 4
1826 59 6
1826 60 2
1826 61 3
1826 62 6
1826 63 8
1826 64 5
1826 65 3
1826 66 1
1826 67 5
1826 68 1
1826 69 5
1826 70 4
1826 71 4
1826 72 1
1826 73 2
1826 74 3
1826 75 2
1826 76 2
1826 77 5
1826 78 2
1826 79 1
1826 80 2
1826 81 3
1826 82 2
1826 83 1
1826 84 1
1826 85 3
1826 86 1
1826 87 1
1826 88 4
1826 89 2
1826 90 2
1826 91 2
1826 92 4
1826 93 3
1826 94 3
1826 95 5
1826 96 3
1826 97 4
1826 98 3
1826 99 2
1826 100 3
1826 101 2
1826 102 4
1826 103 4
1826 104 3
1826 105 1
1826 106 4
1826 107 3
1826 108 4
1826 109 7
1826 110 4
1826 111 1
1826 112 2
1826 113 2
1826 114 4
1826 115 5
1826 116 2
1826 117 4
1826 118 6
1826 119 3
1826 120 4
1826 121 5
1851 1 3
1851 2 4
1851 3 5
1851 4 4
1851 5 2
1851 6 4
1851 7 2
1851 8 2
1851 9 3
1851 10 4
1851 11 3
1851 12 3
1851 13 3
1851 14 3
1851 15 3
1851 16 6
1851 17 4
1851 18 5
1851 19 3
1851 20 2
1851 21 3
1851 22 3
1851 23 3
1851 24 4
1851 25 7
1851 26 3
1851 27 1
1851 28 2
1851 29 4
1851 30 3
1851 31 3
1851 32 1
1851 33 3
1851 34 3
1851 35 4
1851 36 3
1851 37 3
1851 38 3
1851 39 3
1851 40 3
1851 41 4
1851 42 3
1851 43 2
1851 44 4
1851 45 3
1851 46 3
1851 47 3
1851 48 3
1851 49 5
1851 50 4
1851 51 4
1851 52 4
1851 53 3
1851 54 3
1851 55 2
1851 56 2
1851 57 2
1851 58 2
1851 59 6
1851 60 3
1851 61 3
1851 62 6
1851 63 5
1851 64 4
1851 65 1
1851 66 2
1851 67 3
1851 68 2
1851 69 5
1851 70 3
1851 71 5
1851 72 1
1851 73 3
1851 74 2
1851 75 5
1851 76 3
1851 77 2
1851 78 2
1851 79 1
1851 80 3
1851 81 3
1851 82 3
1851 83 2
1851 84 3
1851 85 2
1851 86 2
1851 87 2
1851 88 2
1851 89 2
1851 90 2
1851 91 5
1851 92 5
1851 93 3
1851 94 3
1851 95 2
1851 96 2
1851 97 4
1851 98 1
1851 99 3
1851 100 2
1851 101 1
1851 102 6
1851 103 9
1851 104 5
1851 105 2
1851 106 9
1851 107 3
1851 108 5
1851 109 3
1851 110 4
1851 111 5
1851 112 2
1851 113 3
1851 114 5
1851 115 5
1851 116 3
1851 117 3
1851 118 4
1851 119 2
1851 120 3
1851 121 4
1876 1 3
1876 2 5
1876 3 6
1876 4 4
1876 5 3
1876 6 4
1876 7 2
1876 8 3
1876 9 1
1876 10 6
1876 11 3
1876 12 2
1876 13 3
1876 14 3
1876 15 4
1876 16 3
1876 17 2
1876 18 3
1876 19 3
1876 20 2
1876 21 3
1876 22 1
1876 23 3
1876 24 2
1876 25 4
1876 26 2
1876 27 2
1876 28 5
1876 29 5
1876 30 2
1876 31 2
1876 32 1
1876 33 2
1876 34 2
1876 35 7
1876 36 4
1876 37 3
1876 38 3
1876 39 3
1876 40 3
1876 41 3
1876 42 3
1876 43 2
1876 44 2
1876 45 2
1876 46 3
1876 47 5
1876 48 4
1876 49 5
1876 50 5
1876 51 6
1876 52 2
1876 53 4
1876 54 3
1876 55 1
1876 56 3
1876 57 3
1876 58 3
1876 59 2
1876 60 2
1876 61 2
1876 62 7
1876 63 3
1876 64 4
1876 65 1
1876 66 3
1876 67 3
1876 68 1
1876 69 6
1876 70 2
1876 71 5
1876 72 3
1876 73 2
1876 74 3
1876 75 2
1876 76 2
1876 77 3
1876 78 1
1876 79 2
1876 80 5
1876 81 2
1876 82 3
1876 83 3
1876 84 2
1876 85 3
1876 86 2
1876 87 2
1876 88 4
1876 89 2
1876 90 4
1876 91 5
1876 92 4
1876 93 3
1876 94 4
1876 95 5
1876 96 6
1876 97 5
1876 98 3
1876 99 2
1876 100 1
1876 101 2
1876 102 6
1876 103 3
1876 104 2
1876 105 2
1876 106 5
1876 107 2
1876 108 4
1876 109 5
1876 110 3
1876 111 2
1876 112 2
1876 113 3
1876 114 6
1876 115 3
1876 116 3
1876 117 4
1876 118 4
1876 119 6
1876 120 2
1876 121 4
1901 1 3
1901 2 5
1901 3 3
1901 4 4
1901 5 2
1901 6 7
1901 7 4
1901 8 2
1901 9 1
1901 10 4
1901 11 5
1901 12 4
1901 13 3
1901 14 3
1901 15 4
1901 16 3
1901 17 3
1901 18 3
1901 19 3
1901 20 2
1901 21 2
1901 22 3
1901 23 4
1901 24 3
1901 25 5
1901 26 3
1901 27 1
1901 28 9
1901 29 7
1901 30 2
1901 31 4
1901 32 2
1901 33 3
1901 34 4
1901 35 3
1901 36 3
1901 37 3
1901 38 3
1901 39 1
1901 40 7
1901 41 3
1901 42 2
1901 43 3
1901 44 1
1901 45 3
1901 46 2
1901 47 7
1901 48 3
1901 49 4
1901 50 4
1901 51 5
1901 52 2
1901 53 3
1901 54 1
1901 55 2
1901 56 1
1901 57 4
1901 58 5
1901 59 4
1901 60 2
1901 61 2
1901 62 4
1901 63 6
1901 64 5
1901 65 2
1901 66 3
1901 67 4
1901 68 2
1901 69 4
1901 70 3
1901 71 3
1901 72 2
1901 73 1
1901 74 2
1901 75 2
1901 76 2
1901 77 4
1901 78 4
1901 79 3
1901 80 2
1901 81 2
1901 82 4
1901 83 5
1901 84 3
1901 85 1
1901 86 3
1901 87 2
1901 88 3
1901 89 3
1901 90 1
1901 91 3
1901 92 4
1901 93 3
1901 94 3
1901 95 2
1901 96 5
1901 97 3
1901 98 3
1901 99 2
1901 100 1
1901 101 1
1901 102 2
1901 103 6
1901 104 3
1901 105 1
1901 106 5
1901 107 3
1901 108 6
1901 109 2
1901 110 2
1901 111 1
1901 112 4
1901 113 7
1901 114 5
1901 115 2
1901 116 4
1901 117 4
1901 118 4
1901 119 5
1901 120 3
1901 121 3
1926 1 3
1926 2 7
1926 3 6
1926 4 5
1926 5 3
1926 6 4
1926 7 3
1926 8 2
1926 9 2
1926 10 3
1926 11 2
1926 12 6
1926 13 3
1926 14 4
1926 15 5
1926 16 3
1926 17 4
1926 18 3
1926 19 4
1926 20 2
1926 21 4
1926 22 3
1926 23 5
1926 24 3
1926 25 4
1926 26 3
1926 27 2
1926 28 3
1926 29 5
1926 30 3
1926 31 3
1926 32 2
1926 33 2
1926 34 1
1926 35 4
1926 36 3
1926 37 3
1926 38 2
1926 39 1
1926 40 4
1926 41 2
1926 42 3
1926 43 3
1926 44 3
1926 45 3
1926 46 4
1926 47 5
1926 48 5
1926 49 2
1926 50 3
1926 51 4
1926 52 4
1926 53 3
1926 54 3
1926 55 1
1926 56 2
1926 57 4
1926 58 6
1926 59 2
1926 60 2
1926 61 2
1926 62 2
1926 63 5
1926 64 4
1926 65 3
1926 66 3
1926 67 2
1926 68 1
1926 69 4
1926 70 4
1926 71 5
1926 72 3
1926 73 2
1926 74 4
1926 75 3
1926 76 2
1926 77 2
1926 78 3
1926 79 4
1926 80 3
1926 81 3
1926 82 1
1926 83 2
1926 84 2
1926 85 2
1926 86 3
1926 87 1
1926 88 2
1926 89 2
1926 90 4
1926 91 4
1926 92 4
1926 93 2
1926 94 3
1926 95 3
1926 96 5
1926 97 4
1926 98 1
1926 99 2
1926 100 3
1926 101 3
1926 102 5
1926 103 1
1926 104 3
1926 105 3
1926 106 7
1926 107 5
1926 108 5
1926 109 4
1926 110 5
1926 111 2
1926 112 4
1926 113 3
1926 114 4
1926 115 3
1926 116 3
1926 117 4
1926 118 3
1926 119 3
1926 120 5
1926 121 5
1951 1 3
1951 2 4
1951 3 3
1951 4 2
1951 5 1
1951 6 4
1951 7 2
1951 8 1
1951 9 4
1951 10 3
1951 11 4
1951 12 6
1951 13 4
1951 14 3
1951 15 5
1951 16 3
1951 17 4
1951 18 5
1951 19 4
1951 20 4
1951 21 2
1951 22 2
1951 23 4
1951 24 4
1951 25 4
1951 26 1
1951 27 2
1951 28 3
1951 29 2
1951 30 2
1951 31 5
1951 32 2
1951 33 2
1951 34 2
1951 35 2
1951 36 4
1951 37 3
1951 38 2
1951 39 3
1951 40 5
1951 41 3
1951 42 6
1951 43 4
1951 44 2
1951 45 2
1951 46 2
1951 47 2
1951 48 4
1951 49 4
1951 50 2
1951 51 3
1951 52 3
1951 53 4
1951 54 2
1951 55 3
1951 56 2
1951 57 2
1951 58 2
1951 59 3
1951 60 2
1951 61 4
1951 62 5
1951 63 4
1951 64 3
1951 65 2
1951 66 2
1951 67 2
1951 68 3
1951 69 6
1951 70 3
1951 71 4
1951 72 2
1951 73 1
1951 74 3
1951 75 4
1951 76 3
1951 77 1
1951 78 3
1951 79 2
1951 80 2
1951 81 2
1951 82 4
1951 83 2
1951 84 1
1951 85 1
1951 86 1
1951 87 3
1951 88 3
1951 89 5
1951 90 3
1951 91 2
1951 92 6
1951 93 2
1951 94 6
1951 95 3
1951 96 4
1951 97 4
1951 98 2
1951 99 5
1951 100 1
1951 101 2
1951 102 7
1951 103 3
1951 104 4
1951 105 5
1951 106 2
1951 107 3
1951 108 3
1951 109 4
1951 110 6
1951 111 2
1951 112 3
1951 113 5
1951 114 2
1951 115 4
1951 116 5
1951 117 5
1951 118 5
1951 119 7
1951 120 2
1951 121 6
1976 1 3
1976 2 5
1976 3 4
1976 4 2
1976 5 3
1976 6 5
1976 7 2
1976 8 1
1976 9 3
1976 10 3
1976 11 4
1976 12 4
1976 13 2
1976 14 1
1976 15 2
1976 16 3
1976 17 4
1976 18 3
1976 19 3
1976 20 1
1976 21 1
1976 22 1
1976 23 3
1976 24 7
1976 25 2
1976 26 4
1976 27 2
1976 28 3
1976 29 3
1976 30 3
1976 31 4
1976 32 2
1976 33 2
1976 34 3
1976 35 3
1976 36 4
1976 37 5
1976 38 1
1976 39 4
1976 40 5
1976 41 3
1976 42 3
1976 43 4
1976 44 2
1976 45 2
1976 46 4
1976 47 4
1976 48 2
1976 49 3
1976 50 3
1976 51 5
1976 52 8
1976 53 3
1976 54 3
1976 55 4
1976 56 3
1976 57 2
1976 58 4
1976 59 2
1976 60 1
1976 61 4
1976 62 5
1976 63 3
1976 64 3
1976 65 2
1976 66 3
1976 67 2
1976 68 3
1976 69 4
1976 70 6
1976 71 2
1976 72 2
1976 73 2
1976 74 2
1976 75 2
1976 76 2
1976 77 1
1976 78 1
1976 79 2
1976 80 3
1976 81 3
1976 82 5
1976 83 3
1976 84 1
1976 85 1
1976 86 2
1976 87 2
1976 88 3
1976 89 2
1976 90 3
1976 91 4
1976 92 5
1976 93 4
1976 94 3
1976 95 3
1976 96 4
1976 97 5
1976 98 3
1976 99 5
1976 100 2
1976 101 1
1976 102 7
1976 103 3
1976 104 5
1976 105 2
1976 106 1
1976 107 3
1976 108 4
1976 109 2
1976 110 3
1976 111 2
1976 112 3
1976 113 4
1976 114 4
1976 115 3
1976 116 4
1976 117 4
1976 118 3
1976 119 3
1976 120 4
1976 121 4
