1 4892
26 3799
51 4017
76 3962
101 3944
126 4062
151 4092
176 4075
201 4050
226 4153
251 4032
276 4124
301 4096
326 4073
351 4125
376 4056
401 4069
426 4096
451 4051
476 4067
501 4115
526 4200
551 4128
576 4094
601 4121
626 4094
651 4076
676 4093
701 4088
726 4140
751 4164
776 4140
801 4173
826 4189
851 4223
876 4188
901 4137
926 4114
951 4146
976 4159
1001 4105
1026 4159
1051 4126
1076 4140
1101 4111
1126 4115
1151 4119
1176 4176
1201 4149
1226 4093
1251 4153
1276 4122
1301 4097
1326 4182
1351 4180
1376 4202
1401 4191
1426 4230
1451 4203
1476 4238
1501 4158
1526 4217
1551 4166
1576 4222
1601 4165
1626 4153
1651 4187
1676 4201
1701 4225
1726 4102
1751 4151
1776 4175
1801 4055
1826 4136
1851 4137
1876 4152
1901 4164
1926 4182
1951 4159
1976 4185
