1 4970
26 4108
51 4440
76 4610
101 4209
126 4179
151 4305
176 4459
201 4378
226 4281
251 4136
276 4376
301 4397
326 4247
351 4178
376 4458
401 4411
426 4107
451 4160
476 4739
501 4328
526 4098
551 4184
576 4649
601 4433
626 4136
651 4148
676 4546
701 4351
726 4104
751 4261
776 4641
801 4287
826 4141
851 4159
876 4537
901 4299
926 4160
951 4259
976 4316
1001 4367
1026 4231
1051 4350
1076 4271
1101 4298
1126 4344
1151 4296
1176 4299
1201 4227
1226 4341
1251 4462
1276 4235
1301 4269
1326 4386
1351 4283
1376 4257
1401 4288
1426 4435
1451 4531
1476 4238
1501 4198
1526 4314
1551 4312
1576 4413
1601 4242
1626 4372
1651 4300
1676 4231
1701 4232
1726 4308
1751 4293
1776 4246
1801 4161
1826 4427
1851 4392
1876 4212
1901 4266
1926 4313
1951 4302
1976 4239
