1 1 164
1 2 0
1 3 0
1 4 2
1 5 47
1 6 0
1 7 289
1 8 0
1 9 0
1 10 0
1 11 0
1 12 535
1 13 62
1 14 112
1 15 1
1 16 1
1 17 0
1 18 190
1 19 37
1 20 3
1 21 1
1 22 0
1 23 0
1 24 12
1 25 66
1 26 8
1 27 0
1 28 56
1 29 1
1 30 38
1 31 182
1 32 0
1 33 0
1 34 150
1 35 113
1 36 77
1 37 0
1 38 0
1 39 0
1 40 0
1 41 2
1 42 109
1 43 0
1 44 88
1 45 0
1 46 2
1 47 85
1 48 187
1 49 0
1 50 0
1 51 19
1 52 12
1 53 42
1 54 490
1 55 0
1 56 35
1 57 0
1 58 0
1 59 6
1 60 463
1 61 3
1 62 0
1 63 34
1 64 5
1 65 1
1 66 19
1 67 38
1 68 126
1 69 9
1 70 220
1 71 0
1 72 85
1 73 0
1 74 98
1 75 1
1 76 28
1 77 0
1 78 0
1 79 0
1 80 21
1 81 0
1 82 42
1 83 0
1 84 1
1 85 0
1 86 1
1 87 0
1 88 0
1 89 0
1 90 177
1 91 0
1 92 0
1 93 0
1 94 0
1 95 0
26 1 128
26 2 0
26 3 0
26 4 4
26 5 42
26 6 0
26 7 284
26 8 2
26 9 0
26 10 0
26 11 0
26 12 398
26 13 0
26 14 60
26 15 3
26 16 0
26 17 0
26 18 118
26 19 36
26 20 0
26 21 1
26 22 0
26 23 1
26 24 0
26 25 42
26 26 5
26 27 0
26 28 22
26 29 0
26 30 36
26 31 74
26 32 0
26 33 11
26 34 167
26 35 62
26 36 79
26 37 0
26 38 0
26 39 0
26 40 0
26 41 0
26 42 69
26 43 0
26 44 70
26 45 3
26 46 0
26 47 80
26 48 108
26 49 0
26 50 0
26 51 22
26 52 8
26 53 38
26 54 268
26 55 15
26 56 44
26 57 0
26 58 0
26 59 2
26 60 398
26 61 0
26 62 1
26 63 37
26 64 4
26 65 25
26 66 23
26 67 34
26 68 119
26 69 8
26 70 171
26 71 0
26 72 61
26 73 0
26 74 38
26 75 0
26 76 14
26 77 0
26 78 0
26 79 0
26 80 22
26 81 1
26 82 45
26 83 0
26 84 0
26 85 0
26 86 0
26 87 22
26 88 1
26 89 1
26 90 116
26 91 24
26 92 0
26 93 0
26 94 0
26 95 2
51 1 123
51 2 0
51 3 0
51 4 38
51 5 44
51 6 0
51 7 299
51 8 0
51 9 1
51 10 0
51 11 0
51 12 369
51 13 0
51 14 58
51 15 0
51 16 6
51 17 0
51 18 129
51 19 41
51 20 0
51 21 1
51 22 0
51 23 0
51 24 0
51 25 51
51 26 2
51 27 0
51 28 27
51 29 0
51 30 40
51 31 75
51 32 0
51 33 24
51 34 151
51 35 78
51 36 78
51 37 0
51 38 0
51 39 0
51 40 16
51 41 0
51 42 66
51 43 0
51 44 60
51 45 0
51 46 0
51 47 80
51 48 105
51 49 0
51 50 0
51 51 30
51 52 10
51 53 44
51 54 276
51 55 22
51 56 42
51 57 0
51 58 14
51 59 0
51 60 393
51 61 0
51 62 9
51 63 32
51 64 1
51 65 25
51 66 21
51 67 37
51 68 120
51 69 0
51 70 166
51 71 0
51 72 54
51 73 0
51 74 34
51 75 0
51 76 1
51 77 0
51 78 1
51 79 0
51 80 20
51 81 33
51 82 39
51 83 0
51 84 0
51 85 0
51 86 0
51 87 20
51 88 1
51 89 0
51 90 85
51 91 18
51 92 0
51 93 13
51 94 0
51 95 0
76 1 137
76 2 14
76 3 0
76 4 31
76 5 44
76 6 0
76 7 299
76 8 1
76 9 10
76 10 27
76 11 0
76 12 390
76 13 0
76 14 56
76 15 23
76 16 0
76 17 0
76 18 117
76 19 35
76 20 0
76 21 0
76 22 0
76 23 0
76 24 0
76 25 47
76 26 0
76 27 0
76 28 20
76 29 0
76 30 39
76 31 75
76 32 0
76 33 25
76 34 166
76 35 67
76 36 79
76 37 0
76 38 20
76 39 0
76 40 10
76 41 0
76 42 69
76 43 0
76 44 49
76 45 0
76 46 0
76 47 79
76 48 118
76 49 0
76 50 1
76 51 40
76 52 21
76 53 47
76 54 273
76 55 21
76 56 57
76 57 0
76 58 11
76 59 0
76 60 376
76 61 0
76 62 1
76 63 38
76 64 0
76 65 31
76 66 23
76 67 35
76 68 126
76 69 1
76 70 177
76 71 0
76 72 55
76 73 2
76 74 23
76 75 0
76 76 0
76 77 0
76 78 5
76 79 1
76 80 24
76 81 31
76 82 46
76 83 1
76 84 0
76 85 0
76 86 21
76 87 20
76 88 0
76 89 7
76 90 89
76 91 15
76 92 0
76 93 10
76 94 1
76 95 20
101 1 121
101 2 0
101 3 0
101 4 42
101 5 41
101 6 0
101 7 292
101 8 0
101 9 0
101 10 24
101 11 0
101 12 378
101 13 29
101 14 64
101 15 39
101 16 0
101 17 0
101 18 102
101 19 38
101 20 0
101 21 0
101 22 0
101 23 0
101 24 0
101 25 41
101 26 0
101 27 0
101 28 29
101 29 0
101 30 37
101 31 72
101 32 0
101 33 20
101 34 149
101 35 80
101 36 78
101 37 3
101 38 12
101 39 0
101 40 9
101 41 1
101 42 55
101 43 0
101 44 59
101 45 0
101 46 0
101 47 76
101 48 127
101 49 0
101 50 0
101 51 34
101 52 17
101 53 49
101 54 286
101 55 26
101 56 49
101 57 2
101 58 12
101 59 0
101 60 331
101 61 0
101 62 0
101 63 26
101 64 0
101 65 16
101 66 14
101 67 43
101 68 115
101 69 0
101 70 211
101 71 0
101 72 62
101 73 20
101 74 27
101 75 0
101 76 1
101 77 0
101 78 9
101 79 19
101 80 19
101 81 15
101 82 46
101 83 0
101 84 0
101 85 0
101 86 20
101 87 17
101 88 0
101 89 14
101 90 86
101 91 13
101 92 0
101 93 16
101 94 1
101 95 15
126 1 112
126 2 1
126 3 0
126 4 47
126 5 44
126 6 1
126 7 272
126 8 0
126 9 2
126 10 19
126 11 0
126 12 370
126 13 41
126 14 52
126 15 17
126 16 0
126 17 0
126 18 69
126 19 34
126 20 0
126 21 0
126 22 0
126 23 0
126 24 0
126 25 60
126 26 10
126 27 0
126 28 29
126 29 0
126 30 40
126 31 64
126 32 0
126 33 22
126 34 160
126 35 98
126 36 78
126 37 2
126 38 11
126 39 0
126 40 18
126 41 15
126 42 66
126 43 2
126 44 61
126 45 0
126 46 0
126 47 74
126 48 121
126 49 0
126 50 1
126 51 45
126 52 16
126 53 25
126 54 283
126 55 37
126 56 47
126 57 0
126 58 12
126 59 0
126 60 303
126 61 0
126 62 1
126 63 23
126 64 1
126 65 12
126 66 22
126 67 29
126 68 115
126 69 1
126 70 230
126 71 0
126 72 54
126 73 19
126 74 34
126 75 0
126 76 10
126 77 0
126 78 24
126 79 23
126 80 32
126 81 10
126 82 42
126 83 0
126 84 1
126 85 9
126 86 20
126 87 17
126 88 0
126 89 12
126 90 83
126 91 12
126 92 0
126 93 29
126 94 0
126 95 21
151 1 110
151 2 0
151 3 0
151 4 34
151 5 41
151 6 0
151 7 282
151 8 0
151 9 0
151 10 18
151 11 0
151 12 364
151 13 37
151 14 40
151 15 11
151 16 2
151 17 0
151 18 49
151 19 36
151 20 0
151 21 0
151 22 0
151 23 0
151 24 0
151 25 47
151 26 17
151 27 0
151 28 28
151 29 0
151 30 46
151 31 64
151 32 1
151 33 20
151 34 152
151 35 111
151 36 81
151 37 0
151 38 19
151 39 0
151 40 0
151 41 22
151 42 79
151 43 1
151 44 77
151 45 20
151 46 0
151 47 79
151 48 144
151 49 0
151 50 0
151 51 45
151 52 4
151 53 32
151 54 273
151 55 45
151 56 43
151 57 0
151 58 13
151 59 0
151 60 281
151 61 0
151 62 2
151 63 38
151 64 0
151 65 12
151 66 23
151 67 26
151 68 121
151 69 0
151 70 238
151 71 0
151 72 52
151 73 25
151 74 40
151 75 0
151 76 9
151 77 3
151 78 15
151 79 25
151 80 26
151 81 17
151 82 47
151 83 0
151 84 0
151 85 19
151 86 21
151 87 18
151 88 1
151 89 44
151 90 79
151 91 9
151 92 0
151 93 40
151 94 0
151 95 20
176 1 105
176 2 3
176 3 0
176 4 45
176 5 43
176 6 0
176 7 291
176 8 1
176 9 0
176 10 20
176 11 0
176 12 376
176 13 42
176 14 39
176 15 12
176 16 0
176 17 0
176 18 34
176 19 36
176 20 0
176 21 0
176 22 0
176 23 1
176 24 0
176 25 55
176 26 17
176 27 0
176 28 23
176 29 0
176 30 14
176 31 83
176 32 21
176 33 20
176 34 161
176 35 90
176 36 115
176 37 0
176 38 19
176 39 0
176 40 0
176 41 19
176 42 68
176 43 1
176 44 101
176 45 3
176 46 0
176 47 83
176 48 153
176 49 0
176 50 0
176 51 34
176 52 6
176 53 16
176 54 288
176 55 41
176 56 34
176 57 0
176 58 27
176 59 0
176 60 300
176 61 0
176 62 0
176 63 26
176 64 0
176 65 20
176 66 21
176 67 48
176 68 131
176 69 0
176 70 204
176 71 0
176 72 51
176 73 35
176 74 32
176 75 3
176 76 19
176 77 5
176 78 21
176 79 21
176 80 48
176 81 16
176 82 23
176 83 0
176 84 12
176 85 21
176 86 19
176 87 0
176 88 0
176 89 43
176 90 91
176 91 11
176 92 2
176 93 25
176 94 0
176 95 21
201 1 98
201 2 0
201 3 0
201 4 46
201 5 40
201 6 2
201 7 287
201 8 0
201 9 1
201 10 20
201 11 0
201 12 407
201 13 43
201 14 37
201 15 12
201 16 0
201 17 0
201 18 47
201 19 38
201 20 0
201 21 0
201 22 0
201 23 0
201 24 1
201 25 62
201 26 15
201 27 1
201 28 28
201 29 0
201 30 6
201 31 115
201 32 24
201 33 20
201 34 163
201 35 124
201 36 110
201 37 0
201 38 7
201 39 0
201 40 0
201 41 20
201 42 86
201 43 0
201 44 84
201 45 20
201 46 0
201 47 78
201 48 146
201 49 1
201 50 0
201 51 32
201 52 7
201 53 8
201 54 305
201 55 40
201 56 39
201 57 0
201 58 23
201 59 13
201 60 276
201 61 0
201 62 0
201 63 17
201 64 0
201 65 16
201 66 32
201 67 35
201 68 96
201 69 2
201 70 152
201 71 0
201 72 29
201 73 25
201 74 44
201 75 1
201 76 28
201 77 0
201 78 16
201 79 19
201 80 40
201 81 18
201 82 29
201 83 0
201 84 20
201 85 17
201 86 18
201 87 0
201 88 0
201 89 28
201 90 109
201 91 19
201 92 0
201 93 45
201 94 1
201 95 21
226 1 107
226 2 12
226 3 0
226 4 38
226 5 43
226 6 0
226 7 286
226 8 0
226 9 0
226 10 20
226 11 0
226 12 423
226 13 41
226 14 42
226 15 31
226 16 0
226 17 0
226 18 44
226 19 18
226 20 0
226 21 1
226 22 0
226 23 1
226 24 0
226 25 61
226 26 9
226 27 0
226 28 23
226 29 0
226 30 0
226 31 131
226 32 23
226 33 27
226 34 156
226 35 122
226 36 113
226 37 16
226 38 21
226 39 0
226 40 0
226 41 17
226 42 104
226 43 0
226 44 73
226 45 18
226 46 0
226 47 78
226 48 163
226 49 0
226 50 0
226 51 41
226 52 10
226 53 7
226 54 315
226 55 37
226 56 32
226 57 0
226 58 32
226 59 14
226 60 244
226 61 0
226 62 2
226 63 12
226 64 0
226 65 20
226 66 22
226 67 21
226 68 101
226 69 0
226 70 154
226 71 0
226 72 20
226 73 25
226 74 34
226 75 0
226 76 23
226 77 2
226 78 15
226 79 41
226 80 56
226 81 3
226 82 9
226 83 0
226 84 20
226 85 15
226 86 16
226 87 1
226 88 0
226 89 56
226 90 128
226 91 2
226 92 0
226 93 32
226 94 0
226 95 18
251 1 108
251 2 14
251 3 0
251 4 32
251 5 46
251 6 5
251 7 285
251 8 0
251 9 0
251 10 20
251 11 0
251 12 427
251 13 38
251 14 68
251 15 29
251 16 0
251 17 0
251 18 42
251 19 3
251 20 0
251 21 0
251 22 0
251 23 0
251 24 0
251 25 55
251 26 12
251 27 0
251 28 24
251 29 0
251 30 0
251 31 131
251 32 40
251 33 22
251 34 143
251 35 120
251 36 95
251 37 20
251 38 11
251 39 0
251 40 0
251 41 13
251 42 109
251 43 0
251 44 80
251 45 20
251 46 0
251 47 78
251 48 182
251 49 0
251 50 0
251 51 61
251 52 7
251 53 8
251 54 308
251 55 41
251 56 59
251 57 0
251 58 28
251 59 27
251 60 239
251 61 0
251 62 20
251 63 14
251 64 0
251 65 11
251 66 24
251 67 28
251 68 112
251 69 0
251 70 134
251 71 1
251 72 8
251 73 30
251 74 36
251 75 0
251 76 5
251 77 0
251 78 17
251 79 42
251 80 49
251 81 0
251 82 1
251 83 0
251 84 23
251 85 0
251 86 20
251 87 0
251 88 1
251 89 50
251 90 120
251 91 0
251 92 0
251 93 25
251 94 0
251 95 19
276 1 123
276 2 14
276 3 0
276 4 33
276 5 39
276 6 8
276 7 289
276 8 0
276 9 0
276 10 18
276 11 1
276 12 426
276 13 42
276 14 74
276 15 16
276 16 0
276 17 0
276 18 92
276 19 0
276 20 0
276 21 0
276 22 0
276 23 0
276 24 0
276 25 35
276 26 0
276 27 13
276 28 31
276 29 0
276 30 0
276 31 139
276 32 43
276 33 13
276 34 147
276 35 79
276 36 48
276 37 15
276 38 19
276 39 0
276 40 11
276 41 21
276 42 111
276 43 0
276 44 76
276 45 21
276 46 0
276 47 74
276 48 175
276 49 0
276 50 0
276 51 61
276 52 5
276 53 1
276 54 318
276 55 36
276 56 62
276 57 0
276 58 27
276 59 21
276 60 217
276 61 0
276 62 20
276 63 13
276 64 0
276 65 20
276 66 17
276 67 28
276 68 125
276 69 0
276 70 158
276 71 0
276 72 7
276 73 58
276 74 39
276 75 5
276 76 1
276 77 0
276 78 12
276 79 46
276 80 46
276 81 0
276 82 0
276 83 0
276 84 13
276 85 0
276 86 18
276 87 0
276 88 0
276 89 54
276 90 121
276 91 3
276 92 0
276 93 31
276 94 0
276 95 3
301 1 130
301 2 0
301 3 0
301 4 39
301 5 31
301 6 10
301 7 319
301 8 0
301 9 1
301 10 8
301 11 0
301 12 407
301 13 42
301 14 101
301 15 18
301 16 0
301 17 0
301 18 81
301 19 0
301 20 0
301 21 4
301 22 1
301 23 0
301 24 2
301 25 44
301 26 0
301 27 12
301 28 20
301 29 5
301 30 14
301 31 133
301 32 40
301 33 24
301 34 152
301 35 88
301 36 21
301 37 0
301 38 18
301 39 0
301 40 12
301 41 10
301 42 139
301 43 0
301 44 76
301 45 24
301 46 0
301 47 39
301 48 128
301 49 0
301 50 0
301 51 53
301 52 7
301 53 0
301 54 319
301 55 39
301 56 60
301 57 1
301 58 17
301 59 18
301 60 193
301 61 0
301 62 25
301 63 30
301 64 0
301 65 20
301 66 27
301 67 28
301 68 123
301 69 0
301 70 174
301 71 5
301 72 2
301 73 54
301 74 38
301 75 0
301 76 0
301 77 0
301 78 11
301 79 50
301 80 68
301 81 0
301 82 0
301 83 0
301 84 20
301 85 0
301 86 19
301 87 0
301 88 0
301 89 36
301 90 121
301 91 3
301 92 0
301 93 29
301 94 1
301 95 0
326 1 154
326 2 0
326 3 15
326 4 39
326 5 38
326 6 9
326 7 303
326 8 0
326 9 0
326 10 2
326 11 0
326 12 391
326 13 46
326 14 114
326 15 22
326 16 0
326 17 0
326 18 89
326 19 0
326 20 0
326 21 38
326 22 6
326 23 0
326 24 0
326 25 36
326 26 0
326 27 20
326 28 20
326 29 1
326 30 22
326 31 120
326 32 43
326 33 24
326 34 143
326 35 101
326 36 7
326 37 0
326 38 26
326 39 0
326 40 10
326 41 10
326 42 133
326 43 2
326 44 73
326 45 16
326 46 0
326 47 38
326 48 105
326 49 0
326 50 1
326 51 60
326 52 8
326 53 2
326 54 318
326 55 32
326 56 69
326 57 4
326 58 22
326 59 0
326 60 192
326 61 18
326 62 22
326 63 25
326 64 0
326 65 13
326 66 33
326 67 19
326 68 155
326 69 0
326 70 194
326 71 1
326 72 0
326 73 43
326 74 37
326 75 0
326 76 0
326 77 0
326 78 26
326 79 63
326 80 56
326 81 0
326 82 0
326 83 1
326 84 17
326 85 0
326 86 22
326 87 0
326 88 0
326 89 27
326 90 125
326 91 7
326 92 0
326 93 26
326 94 0
326 95 0
351 1 154
351 2 0
351 3 20
351 4 45
351 5 40
351 6 0
351 7 265
351 8 0
351 9 0
351 10 17
351 11 1
351 12 385
351 13 39
351 14 104
351 15 20
351 16 0
351 17 0
351 18 106
351 19 0
351 20 0
351 21 44
351 22 18
351 23 0
351 24 0
351 25 51
351 26 0
351 27 16
351 28 27
351 29 8
351 30 14
351 31 132
351 32 44
351 33 20
351 34 143
351 35 104
351 36 19
351 37 0
351 38 27
351 39 0
351 40 24
351 41 18
351 42 113
351 43 0
351 44 82
351 45 19
351 46 1
351 47 39
351 48 102
351 49 0
351 50 0
351 51 55
351 52 8
351 53 0
351 54 308
351 55 36
351 56 66
351 57 2
351 58 3
351 59 0
351 60 219
351 61 25
351 62 20
351 63 22
351 64 0
351 65 11
351 66 41
351 67 17
351 68 162
351 69 0
351 70 186
351 71 0
351 72 0
351 73 39
351 74 39
351 75 0
351 76 0
351 77 0
351 78 13
351 79 66
351 80 47
351 81 0
351 82 0
351 83 0
351 84 0
351 85 3
351 86 19
351 87 0
351 88 0
351 89 35
351 90 117
351 91 0
351 92 0
351 93 34
351 94 0
351 95 0
376 1 170
376 2 0
376 3 16
376 4 40
376 5 40
376 6 0
376 7 276
376 8 0
376 9 0
376 10 20
376 11 0
376 12 375
376 13 33
376 14 103
376 15 31
376 16 0
376 17 1
376 18 121
376 19 0
376 20 0
376 21 50
376 22 22
376 23 0
376 24 0
376 25 43
376 26 0
376 27 22
376 28 23
376 29 0
376 30 20
376 31 137
376 32 45
376 33 17
376 34 136
376 35 82
376 36 28
376 37 1
376 38 18
376 39 0
376 40 11
376 41 28
376 42 147
376 43 0
376 44 99
376 45 21
376 46 1
376 47 39
376 48 117
376 49 0
376 50 0
376 51 64
376 52 0
376 53 2
376 54 314
376 55 38
376 56 68
376 57 0
376 58 1
376 59 0
376 60 202
376 61 2
376 62 18
376 63 15
376 64 0
376 65 10
376 66 41
376 67 17
376 68 153
376 69 0
376 70 203
376 71 0
376 72 0
376 73 48
376 74 42
376 75 0
376 76 0
376 77 0
376 78 16
376 79 60
376 80 40
376 81 0
376 82 0
376 83 0
376 84 0
376 85 0
376 86 20
376 87 0
376 88 0
376 89 23
376 90 128
376 91 0
376 92 0
376 93 22
376 94 1
376 95 0
401 1 162
401 2 0
401 3 20
401 4 52
401 5 39
401 6 0
401 7 302
401 8 0
401 9 0
401 10 25
401 11 0
401 12 387
401 13 36
401 14 107
401 15 21
401 16 0
401 17 0
401 18 115
401 19 0
401 20 0
401 21 42
401 22 21
401 23 0
401 24 0
401 25 40
401 26 0
401 27 19
401 28 21
401 29 0
401 30 10
401 31 141
401 32 41
401 33 22
401 34 139
401 35 83
401 36 18
401 37 0
401 38 24
401 39 0
401 40 0
401 41 46
401 42 155
401 43 1
401 44 99
401 45 16
401 46 0
401 47 45
401 48 108
401 49 0
401 50 0
401 51 60
401 52 5
401 53 0
401 54 306
401 55 48
401 56 67
401 57 1
401 58 0
401 59 0
401 60 156
401 61 0
401 62 24
401 63 23
401 64 1
401 65 19
401 66 64
401 67 19
401 68 160
401 69 0
401 70 206
401 71 0
401 72 0
401 73 46
401 74 52
401 75 0
401 76 0
401 77 0
401 78 11
401 79 58
401 80 43
401 81 0
401 82 0
401 83 0
401 84 0
401 85 0
401 86 28
401 87 0
401 88 0
401 89 32
401 90 129
401 91 0
401 92 0
401 93 0
401 94 0
401 95 0
426 1 165
426 2 12
426 3 20
426 4 60
426 5 40
426 6 0
426 7 316
426 8 0
426 9 0
426 10 18
426 11 0
426 12 383
426 13 38
426 14 111
426 15 16
426 16 0
426 17 1
426 18 93
426 19 6
426 20 0
426 21 38
426 22 20
426 23 0
426 24 0
426 25 38
426 26 0
426 27 14
426 28 29
426 29 0
426 30 22
426 31 133
426 32 45
426 33 2
426 34 151
426 35 72
426 36 28
426 37 0
426 38 31
426 39 0
426 40 0
426 41 48
426 42 157
426 43 1
426 44 52
426 45 21
426 46 2
426 47 43
426 48 92
426 49 0
426 50 0
426 51 46
426 52 8
426 53 0
426 54 354
426 55 36
426 56 64
426 57 0
426 58 0
426 59 0
426 60 135
426 61 0
426 62 24
426 63 31
426 64 0
426 65 11
426 66 62
426 67 26
426 68 182
426 69 0
426 70 185
426 71 0
426 72 0
426 73 59
426 74 59
426 75 0
426 76 0
426 77 0
426 78 23
426 79 65
426 80 44
426 81 0
426 82 0
426 83 0
426 84 0
426 85 0
426 86 24
426 87 0
426 88 0
426 89 22
426 90 116
426 91 0
426 92 2
426 93 0
426 94 0
426 95 0
451 1 144
451 2 11
451 3 20
451 4 56
451 5 40
451 6 0
451 7 314
451 8 7
451 9 0
451 10 23
451 11 0
451 12 413
451 13 44
451 14 109
451 15 13
451 16 0
451 17 5
451 18 107
451 19 0
451 20 0
451 21 42
451 22 20
451 23 0
451 24 1
451 25 39
451 26 0
451 27 19
451 28 23
451 29 0
451 30 9
451 31 171
451 32 44
451 33 0
451 34 139
451 35 96
451 36 31
451 37 0
451 38 25
451 39 0
451 40 1
451 41 51
451 42 149
451 43 0
451 44 66
451 45 20
451 46 1
451 47 40
451 48 88
451 49 0
451 50 1
451 51 20
451 52 0
451 53 0
451 54 346
451 55 43
451 56 65
451 57 0
451 58 0
451 59 7
451 60 131
451 61 0
451 62 18
451 63 17
451 64 0
451 65 14
451 66 76
451 67 6
451 68 161
451 69 2
451 70 186
451 71 0
451 72 0
451 73 41
451 74 45
451 75 2
451 76 0
451 77 0
451 78 9
451 79 70
451 80 72
451 81 1
451 82 0
451 83 0
451 84 15
451 85 0
451 86 8
451 87 0
451 88 0
451 89 29
451 90 114
451 91 0
451 92 0
451 93 1
451 94 0
451 95 0
476 1 161
476 2 12
476 3 18
476 4 60
476 5 42
476 6 0
476 7 303
476 8 2
476 9 0
476 10 21
476 11 1
476 12 432
476 13 41
476 14 118
476 15 17
476 16 1
476 17 1
476 18 98
476 19 0
476 20 0
476 21 37
476 22 23
476 23 0
476 24 3
476 25 38
476 26 0
476 27 11
476 28 22
476 29 1
476 30 14
476 31 192
476 32 42
476 33 0
476 34 129
476 35 94
476 36 33
476 37 0
476 38 23
476 39 0
476 40 0
476 41 51
476 42 160
476 43 0
476 44 77
476 45 20
476 46 0
476 47 38
476 48 85
476 49 1
476 50 0
476 51 18
476 52 0
476 53 1
476 54 341
476 55 36
476 56 77
476 57 0
476 58 0
476 59 4
476 60 126
476 61 0
476 62 17
476 63 28
476 64 0
476 65 13
476 66 76
476 67 0
476 68 158
476 69 0
476 70 192
476 71 0
476 72 0
476 73 41
476 74 56
476 75 0
476 76 0
476 77 0
476 78 0
476 79 54
476 80 73
476 81 0
476 82 0
476 83 1
476 84 19
476 85 0
476 86 1
476 87 0
476 88 1
476 89 29
476 90 122
476 91 13
476 92 0
476 93 0
476 94 1
476 95 0
501 1 156
501 2 10
501 3 15
501 4 51
501 5 48
501 6 0
501 7 307
501 8 0
501 9 0
501 10 20
501 11 0
501 12 411
501 13 40
501 14 91
501 15 25
501 16 0
501 17 0
501 18 134
501 19 0
501 20 0
501 21 46
501 22 24
501 23 0
501 24 1
501 25 41
501 26 0
501 27 22
501 28 27
501 29 0
501 30 22
501 31 198
501 32 40
501 33 0
501 34 123
501 35 72
501 36 22
501 37 0
501 38 24
501 39 4
501 40 0
501 41 53
501 42 158
501 43 0
501 44 50
501 45 18
501 46 2
501 47 40
501 48 88
501 49 0
501 50 0
501 51 13
501 52 0
501 53 0
501 54 309
501 55 38
501 56 66
501 57 0
501 58 0
501 59 8
501 60 132
501 61 0
501 62 13
501 63 35
501 64 0
501 65 13
501 66 93
501 67 0
501 68 164
501 69 0
501 70 196
501 71 0
501 72 1
501 73 25
501 74 50
501 75 0
501 76 0
501 77 0
501 78 0
501 79 63
501 80 63
501 81 0
501 82 32
501 83 0
501 84 20
501 85 0
501 86 0
501 87 0
501 88 1
501 89 26
501 90 140
501 91 32
501 92 0
501 93 4
501 94 0
501 95 0
526 1 159
526 2 19
526 3 29
526 4 48
526 5 51
526 6 0
526 7 299
526 8 0
526 9 0
526 10 20
526 11 0
526 12 409
526 13 40
526 14 76
526 15 18
526 16 0
526 17 0
526 18 114
526 19 0
526 20 0
526 21 40
526 22 22
526 23 0
526 24 0
526 25 31
526 26 0
526 27 18
526 28 30
526 29 0
526 30 20
526 31 199
526 32 47
526 33 0
526 34 137
526 35 66
526 36 27
526 37 0
526 38 25
526 39 3
526 40 0
526 41 52
526 42 176
526 43 0
526 44 60
526 45 19
526 46 0
526 47 34
526 48 95
526 49 0
526 50 4
526 51 9
526 52 0
526 53 3
526 54 321
526 55 26
526 56 69
526 57 0
526 58 0
526 59 12
526 60 134
526 61 0
526 62 9
526 63 32
526 64 0
526 65 21
526 66 79
526 67 1
526 68 164
526 69 0
526 70 186
526 71 0
526 72 0
526 73 36
526 74 54
526 75 0
526 76 1
526 77 0
526 78 0
526 79 59
526 80 49
526 81 0
526 82 37
526 83 0
526 84 13
526 85 0
526 86 0
526 87 0
526 88 0
526 89 32
526 90 123
526 91 24
526 92 9
526 93 0
526 94 17
526 95 0
551 1 144
551 2 15
551 3 22
551 4 51
551 5 51
551 6 5
551 7 324
551 8 0
551 9 0
551 10 28
551 11 0
551 12 374
551 13 42
551 14 75
551 15 21
551 16 3
551 17 0
551 18 78
551 19 0
551 20 0
551 21 47
551 22 19
551 23 0
551 24 0
551 25 38
551 26 2
551 27 18
551 28 26
551 29 0
551 30 18
551 31 196
551 32 59
551 33 0
551 34 125
551 35 63
551 36 32
551 37 21
551 38 13
551 39 0
551 40 2
551 41 64
551 42 157
551 43 0
551 44 69
551 45 22
551 46 0
551 47 44
551 48 91
551 49 0
551 50 14
551 51 12
551 52 1
551 53 0
551 54 316
551 55 16
551 56 68
551 57 0
551 58 0
551 59 6
551 60 126
551 61 0
551 62 20
551 63 29
551 64 0
551 65 17
551 66 85
551 67 0
551 68 169
551 69 1
551 70 192
551 71 0
551 72 0
551 73 36
551 74 93
551 75 0
551 76 0
551 77 1
551 78 0
551 79 62
551 80 31
551 81 1
551 82 36
551 83 2
551 84 0
551 85 0
551 86 0
551 87 0
551 88 0
551 89 29
551 90 132
551 91 24
551 92 14
551 93 0
551 94 20
551 95 0
576 1 149
576 2 14
576 3 27
576 4 67
576 5 42
576 6 0
576 7 326
576 8 0
576 9 0
576 10 48
576 11 0
576 12 398
576 13 47
576 14 57
576 15 27
576 16 0
576 17 0
576 18 82
576 19 0
576 20 1
576 21 42
576 22 35
576 23 0
576 24 0
576 25 34
576 26 1
576 27 18
576 28 41
576 29 2
576 30 8
576 31 195
576 32 65
576 33 2
576 34 129
576 35 96
576 36 35
576 37 12
576 38 14
576 39 0
576 40 9
576 41 46
576 42 155
576 43 1
576 44 44
576 45 20
576 46 0
576 47 40
576 48 82
576 49 0
576 50 12
576 51 10
576 52 0
576 53 0
576 54 298
576 55 19
576 56 65
576 57 0
576 58 0
576 59 0
576 60 112
576 61 0
576 62 24
576 63 36
576 64 0
576 65 20
576 66 86
576 67 0
576 68 165
576 69 0
576 70 186
576 71 0
576 72 3
576 73 25
576 74 57
576 75 0
576 76 0
576 77 0
576 78 0
576 79 61
576 80 36
576 81 1
576 82 30
576 83 0
576 84 1
576 85 0
576 86 0
576 87 0
576 88 0
576 89 19
576 90 152
576 91 53
576 92 0
576 93 0
576 94 21
576 95 0
601 1 146
601 2 11
601 3 29
601 4 45
601 5 36
601 6 0
601 7 319
601 8 0
601 9 0
601 10 38
601 11 0
601 12 400
601 13 45
601 14 54
601 15 23
601 16 6
601 17 0
601 18 81
601 19 5
601 20 1
601 21 26
601 22 47
601 23 0
601 24 0
601 25 36
601 26 0
601 27 0
601 28 29
601 29 9
601 30 3
601 31 195
601 32 64
601 33 0
601 34 143
601 35 92
601 36 41
601 37 20
601 38 13
601 39 5
601 40 15
601 41 39
601 42 147
601 43 0
601 44 81
601 45 30
601 46 0
601 47 42
601 48 92
601 49 0
601 50 10
601 51 4
601 52 0
601 53 0
601 54 291
601 55 23
601 56 73
601 57 2
601 58 0
601 59 0
601 60 111
601 61 0
601 62 23
601 63 34
601 64 0
601 65 13
601 66 64
601 67 0
601 68 164
601 69 0
601 70 184
601 71 0
601 72 0
601 73 34
601 74 53
601 75 0
601 76 0
601 77 0
601 78 0
601 79 60
601 80 25
601 81 0
601 82 32
601 83 0
601 84 0
601 85 0
601 86 0
601 87 33
601 88 0
601 89 15
601 90 160
601 91 50
601 92 0
601 93 0
601 94 20
601 95 0
626 1 152
626 2 20
626 3 36
626 4 90
626 5 33
626 6 1
626 7 314
626 8 26
626 9 0
626 10 41
626 11 0
626 12 393
626 13 37
626 14 50
626 15 14
626 16 0
626 17 1
626 18 83
626 19 1
626 20 0
626 21 33
626 22 35
626 23 1
626 24 0
626 25 41
626 26 0
626 27 1
626 28 18
626 29 15
626 30 15
626 31 199
626 32 55
626 33 0
626 34 153
626 35 111
626 36 39
626 37 13
626 38 14
626 39 8
626 40 9
626 41 16
626 42 160
626 43 13
626 44 79
626 45 41
626 46 0
626 47 34
626 48 93
626 49 0
626 50 20
626 51 0
626 52 0
626 53 2
626 54 289
626 55 17
626 56 39
626 57 0
626 58 9
626 59 0
626 60 121
626 61 0
626 62 27
626 63 48
626 64 0
626 65 18
626 66 76
626 67 2
626 68 163
626 69 1
626 70 195
626 71 1
626 72 0
626 73 27
626 74 48
626 75 0
626 76 0
626 77 0
626 78 0
626 79 52
626 80 38
626 81 2
626 82 29
626 83 0
626 84 0
626 85 6
626 86 0
626 87 28
626 88 1
626 89 12
626 90 157
626 91 40
626 92 0
626 93 6
626 94 19
626 95 0
651 1 155
651 2 16
651 3 38
651 4 79
651 5 26
651 6 0
651 7 321
651 8 32
651 9 1
651 10 42
651 11 0
651 12 390
651 13 40
651 14 55
651 15 16
651 16 0
651 17 0
651 18 79
651 19 0
651 20 0
651 21 25
651 22 60
651 23 0
651 24 0
651 25 40
651 26 0
651 27 0
651 28 25
651 29 18
651 30 18
651 31 173
651 32 58
651 33 0
651 34 144
651 35 85
651 36 42
651 37 20
651 38 0
651 39 14
651 40 1
651 41 15
651 42 160
651 43 0
651 44 76
651 45 41
651 46 0
651 47 5
651 48 104
651 49 0
651 50 41
651 51 0
651 52 0
651 53 1
651 54 284
651 55 22
651 56 24
651 57 0
651 58 22
651 59 0
651 60 131
651 61 0
651 62 47
651 63 40
651 64 0
651 65 15
651 66 45
651 67 7
651 68 156
651 69 4
651 70 189
651 71 0
651 72 0
651 73 25
651 74 47
651 75 0
651 76 0
651 77 0
651 78 0
651 79 48
651 80 39
651 81 0
651 82 35
651 83 21
651 84 0
651 85 16
651 86 0
651 87 35
651 88 0
651 89 14
651 90 156
651 91 37
651 92 0
651 93 33
651 94 18
651 95 0
676 1 152
676 2 15
676 3 45
676 4 58
676 5 35
676 6 0
676 7 321
676 8 32
676 9 0
676 10 43
676 11 0
676 12 403
676 13 39
676 14 46
676 15 23
676 16 7
676 17 0
676 18 68
676 19 0
676 20 0
676 21 15
676 22 57
676 23 0
676 24 0
676 25 33
676 26 0
676 27 0
676 28 44
676 29 11
676 30 5
676 31 175
676 32 60
676 33 0
676 34 117
676 35 73
676 36 39
676 37 12
676 38 0
676 39 7
676 40 3
676 41 18
676 42 159
676 43 0
676 44 70
676 45 33
676 46 0
676 47 0
676 48 101
676 49 0
676 50 42
676 51 0
676 52 1
676 53 12
676 54 250
676 55 22
676 56 38
676 57 0
676 58 16
676 59 0
676 60 194
676 61 0
676 62 45
676 63 49
676 64 0
676 65 13
676 66 45
676 67 21
676 68 161
676 69 10
676 70 198
676 71 0
676 72 0
676 73 20
676 74 66
676 75 0
676 76 0
676 77 0
676 78 0
676 79 40
676 80 41
676 81 0
676 82 31
676 83 31
676 84 0
676 85 22
676 86 0
676 87 36
676 88 0
676 89 14
676 90 169
676 91 18
676 92 0
676 93 22
676 94 19
676 95 0
701 1 148
701 2 13
701 3 46
701 4 37
701 5 34
701 6 0
701 7 313
701 8 38
701 9 0
701 10 41
701 11 0
701 12 395
701 13 38
701 14 50
701 15 22
701 16 20
701 17 0
701 18 67
701 19 0
701 20 0
701 21 22
701 22 56
701 23 0
701 24 0
701 25 34
701 26 0
701 27 0
701 28 39
701 29 14
701 30 5
701 31 166
701 32 62
701 33 0
701 34 110
701 35 75
701 36 29
701 37 17
701 38 0
701 39 4
701 40 0
701 41 20
701 42 154
701 43 0
701 44 79
701 45 32
701 46 0
701 47 0
701 48 95
701 49 0
701 50 49
701 51 3
701 52 0
701 53 31
701 54 257
701 55 21
701 56 39
701 57 0
701 58 14
701 59 0
701 60 189
701 61 0
701 62 54
701 63 63
701 64 1
701 65 12
701 66 32
701 67 32
701 68 193
701 69 5
701 70 187
701 71 0
701 72 0
701 73 17
701 74 88
701 75 0
701 76 0
701 77 0
701 78 0
701 79 43
701 80 32
701 81 0
701 82 27
701 83 38
701 84 0
701 85 17
701 86 0
701 87 35
701 88 0
701 89 12
701 90 158
701 91 16
701 92 6
701 93 5
701 94 18
701 95 0
726 1 138
726 2 20
726 3 41
726 4 33
726 5 42
726 6 0
726 7 321
726 8 39
726 9 0
726 10 32
726 11 3
726 12 392
726 13 45
726 14 51
726 15 18
726 16 33
726 17 6
726 18 71
726 19 0
726 20 0
726 21 18
726 22 65
726 23 1
726 24 0
726 25 39
726 26 0
726 27 0
726 28 46
726 29 3
726 30 0
726 31 157
726 32 61
726 33 14
726 34 96
726 35 79
726 36 15
726 37 23
726 38 0
726 39 0
726 40 0
726 41 20
726 42 157
726 43 0
726 44 61
726 45 34
726 46 0
726 47 0
726 48 87
726 49 19
726 50 44
726 51 0
726 52 0
726 53 35
726 54 284
726 55 16
726 56 32
726 57 0
726 58 20
726 59 0
726 60 194
726 61 0
726 62 20
726 63 38
726 64 0
726 65 1
726 66 40
726 67 27
726 68 207
726 69 1
726 70 173
726 71 2
726 72 0
726 73 14
726 74 104
726 75 9
726 76 0
726 77 0
726 78 0
726 79 40
726 80 18
726 81 3
726 82 34
726 83 39
726 84 20
726 85 29
726 86 0
726 87 39
726 88 0
726 89 16
726 90 177
726 91 12
726 92 11
726 93 0
726 94 18
726 95 0
751 1 118
751 2 16
751 3 38
751 4 26
751 5 37
751 6 0
751 7 330
751 8 43
751 9 0
751 10 25
751 11 0
751 12 373
751 13 34
751 14 47
751 15 19
751 16 35
751 17 1
751 18 83
751 19 0
751 20 0
751 21 20
751 22 55
751 23 0
751 24 0
751 25 40
751 26 0
751 27 0
751 28 56
751 29 0
751 30 1
751 31 161
751 32 59
751 33 18
751 34 101
751 35 80
751 36 13
751 37 13
751 38 0
751 39 0
751 40 0
751 41 20
751 42 160
751 43 0
751 44 57
751 45 30
751 46 0
751 47 0
751 48 92
751 49 18
751 50 34
751 51 0
751 52 0
751 53 23
751 54 269
751 55 20
751 56 30
751 57 1
751 58 13
751 59 0
751 60 193
751 61 0
751 62 26
751 63 54
751 64 1
751 65 0
751 66 30
751 67 33
751 68 213
751 69 0
751 70 183
751 71 2
751 72 0
751 73 19
751 74 119
751 75 13
751 76 0
751 77 1
751 78 0
751 79 39
751 80 3
751 81 0
751 82 27
751 83 37
751 84 19
751 85 51
751 86 0
751 87 37
751 88 0
751 89 15
751 90 172
751 91 8
751 92 26
751 93 0
751 94 20
751 95 0
776 1 113
776 2 8
776 3 37
776 4 6
776 5 40
776 6 0
776 7 294
776 8 39
776 9 0
776 10 20
776 11 0
776 12 366
776 13 44
776 14 46
776 15 14
776 16 36
776 17 0
776 18 91
776 19 0
776 20 2
776 21 22
776 22 60
776 23 0
776 24 0
776 25 37
776 26 0
776 27 1
776 28 51
776 29 0
776 30 0
776 31 151
776 32 71
776 33 25
776 34 113
776 35 83
776 36 0
776 37 14
776 38 0
776 39 0
776 40 0
776 41 22
776 42 175
776 43 0
776 44 44
776 45 37
776 46 0
776 47 0
776 48 96
776 49 17
776 50 29
776 51 1
776 52 0
776 53 36
776 54 303
776 55 26
776 56 36
776 57 1
776 58 16
776 59 1
776 60 193
776 61 0
776 62 19
776 63 46
776 64 1
776 65 1
776 66 45
776 67 42
776 68 226
776 69 0
776 70 146
776 71 0
776 72 0
776 73 21
776 74 122
776 75 19
776 76 10
776 77 0
776 78 1
776 79 40
776 80 0
776 81 1
776 82 30
776 83 42
776 84 24
776 85 76
776 86 0
776 87 34
776 88 0
776 89 11
776 90 158
776 91 12
776 92 44
776 93 0
776 94 21
776 95 0
801 1 132
801 2 14
801 3 50
801 4 5
801 5 39
801 6 0
801 7 304
801 8 28
801 9 0
801 10 12
801 11 0
801 12 364
801 13 44
801 14 61
801 15 21
801 16 42
801 17 0
801 18 79
801 19 1
801 20 0
801 21 26
801 22 67
801 23 0
801 24 0
801 25 40
801 26 0
801 27 0
801 28 36
801 29 0
801 30 0
801 31 147
801 32 56
801 33 19
801 34 110
801 35 69
801 36 0
801 37 17
801 38 0
801 39 3
801 40 0
801 41 30
801 42 154
801 43 0
801 44 61
801 45 35
801 46 1
801 47 0
801 48 97
801 49 23
801 50 34
801 51 0
801 52 0
801 53 41
801 54 300
801 55 42
801 56 30
801 57 0
801 58 16
801 59 0
801 60 198
801 61 0
801 62 24
801 63 50
801 64 0
801 65 5
801 66 43
801 67 38
801 68 251
801 69 0
801 70 167
801 71 0
801 72 0
801 73 17
801 74 118
801 75 9
801 76 0
801 77 0
801 78 0
801 79 34
801 80 0
801 81 0
801 82 40
801 83 37
801 84 27
801 85 84
801 86 10
801 87 40
801 88 0
801 89 18
801 90 157
801 91 14
801 92 50
801 93 0
801 94 18
801 95 0
826 1 131
826 2 12
826 3 44
826 4 11
826 5 38
826 6 0
826 7 281
826 8 34
826 9 20
826 10 4
826 11 0
826 12 365
826 13 38
826 14 41
826 15 24
826 16 40
826 17 0
826 18 81
826 19 0
826 20 0
826 21 26
826 22 50
826 23 0
826 24 0
826 25 41
826 26 0
826 27 0
826 28 31
826 29 0
826 30 0
826 31 144
826 32 69
826 33 22
826 34 105
826 35 94
826 36 0
826 37 19
826 38 1
826 39 17
826 40 0
826 41 36
826 42 139
826 43 0
826 44 47
826 45 33
826 46 0
826 47 0
826 48 98
826 49 24
826 50 30
826 51 7
826 52 1
826 53 36
826 54 292
826 55 43
826 56 17
826 57 0
826 58 8
826 59 0
826 60 188
826 61 0
826 62 19
826 63 38
826 64 0
826 65 2
826 66 46
826 67 45
826 68 254
826 69 0
826 70 162
826 71 0
826 72 0
826 73 0
826 74 121
826 75 3
826 76 0
826 77 0
826 78 0
826 79 40
826 80 0
826 81 0
826 82 31
826 83 32
826 84 21
826 85 74
826 86 19
826 87 30
826 88 0
826 89 41
826 90 152
826 91 12
826 92 77
826 93 1
826 94 20
826 95 0
851 1 168
851 2 9
851 3 61
851 4 27
851 5 36
851 6 1
851 7 291
851 8 33
851 9 35
851 10 0
851 11 0
851 12 356
851 13 45
851 14 58
851 15 19
851 16 34
851 17 0
851 18 91
851 19 0
851 20 0
851 21 20
851 22 61
851 23 0
851 24 0
851 25 37
851 26 0
851 27 0
851 28 25
851 29 0
851 30 3
851 31 140
851 32 62
851 33 20
851 34 92
851 35 78
851 36 0
851 37 19
851 38 1
851 39 20
851 40 0
851 41 33
851 42 121
851 43 1
851 44 40
851 45 42
851 46 0
851 47 0
851 48 94
851 49 13
851 50 32
851 51 0
851 52 0
851 53 41
851 54 263
851 55 43
851 56 2
851 57 0
851 58 15
851 59 0
851 60 193
851 61 1
851 62 24
851 63 43
851 64 1
851 65 1
851 66 43
851 67 31
851 68 225
851 69 0
851 70 146
851 71 0
851 72 0
851 73 0
851 74 115
851 75 0
851 76 0
851 77 2
851 78 1
851 79 41
851 80 23
851 81 0
851 82 40
851 83 40
851 84 21
851 85 77
851 86 7
851 87 58
851 88 0
851 89 23
851 90 134
851 91 17
851 92 54
851 93 0
851 94 12
851 95 0
876 1 151
876 2 33
876 3 40
876 4 24
876 5 39
876 6 1
876 7 318
876 8 34
876 9 40
876 10 0
876 11 0
876 12 357
876 13 42
876 14 82
876 15 21
876 16 35
876 17 0
876 18 82
876 19 0
876 20 0
876 21 16
876 22 60
876 23 0
876 24 2
876 25 40
876 26 0
876 27 19
876 28 31
876 29 0
876 30 23
876 31 111
876 32 63
876 33 15
876 34 97
876 35 75
876 36 0
876 37 18
876 38 0
876 39 12
876 40 0
876 41 40
876 42 140
876 43 0
876 44 37
876 45 28
876 46 0
876 47 0
876 48 86
876 49 18
876 50 33
876 51 0
876 52 0
876 53 33
876 54 291
876 55 34
876 56 2
876 57 0
876 58 14
876 59 0
876 60 183
876 61 0
876 62 25
876 63 39
876 64 2
876 65 0
876 66 43
876 67 34
876 68 186
876 69 0
876 70 158
876 71 0
876 72 0
876 73 4
876 74 118
876 75 0
876 76 0
876 77 0
876 78 0
876 79 38
876 80 14
876 81 0
876 82 30
876 83 31
876 84 16
876 85 57
876 86 23
876 87 54
876 88 0
876 89 42
876 90 120
876 91 16
876 92 54
876 93 0
876 94 13
876 95 0
901 1 160
901 2 37
901 3 39
901 4 5
901 5 38
901 6 0
901 7 319
901 8 37
901 9 36
901 10 0
901 11 0
901 12 358
901 13 41
901 14 93
901 15 15
901 16 6
901 17 0
901 18 89
901 19 0
901 20 0
901 21 2
901 22 58
901 23 0
901 24 0
901 25 30
901 26 0
901 27 13
901 28 23
901 29 0
901 30 36
901 31 115
901 32 63
901 33 23
901 34 108
901 35 74
901 36 0
901 37 11
901 38 1
901 39 11
901 40 0
901 41 28
901 42 110
901 43 0
901 44 47
901 45 36
901 46 0
901 47 0
901 48 96
901 49 19
901 50 31
901 51 6
901 52 0
901 53 30
901 54 303
901 55 44
901 56 0
901 57 0
901 58 17
901 59 0
901 60 196
901 61 0
901 62 20
901 63 39
901 64 0
901 65 0
901 66 37
901 67 38
901 68 194
901 69 0
901 70 152
901 71 1
901 72 0
901 73 14
901 74 113
901 75 0
901 76 0
901 77 0
901 78 0
901 79 41
901 80 12
901 81 0
901 82 31
901 83 35
901 84 34
901 85 45
901 86 21
901 87 65
901 88 0
901 89 37
901 90 124
901 91 15
901 92 80
901 93 1
901 94 21
901 95 0
926 1 154
926 2 45
926 3 64
926 4 1
926 5 42
926 6 0
926 7 313
926 8 31
926 9 40
926 10 0
926 11 2
926 12 363
926 13 43
926 14 106
926 15 20
926 16 1
926 17 0
926 18 78
926 19 2
926 20 0
926 21 0
926 22 54
926 23 0
926 24 2
926 25 40
926 26 0
926 27 11
926 28 29
926 29 0
926 30 34
926 31 114
926 32 61
926 33 19
926 34 104
926 35 83
926 36 0
926 37 18
926 38 0
926 39 14
926 40 0
926 41 44
926 42 104
926 43 0
926 44 34
926 45 40
926 46 0
926 47 0
926 48 94
926 49 11
926 50 31
926 51 1
926 52 0
926 53 27
926 54 302
926 55 45
926 56 0
926 57 0
926 58 17
926 59 12
926 60 196
926 61 0
926 62 47
926 63 40
926 64 0
926 65 0
926 66 38
926 67 33
926 68 190
926 69 0
926 70 146
926 71 0
926 72 1
926 73 12
926 74 115
926 75 0
926 76 0
926 77 1
926 78 0
926 79 27
926 80 11
926 81 0
926 82 34
926 83 37
926 84 46
926 85 41
926 86 17
926 87 62
926 88 1
926 89 37
926 90 124
926 91 12
926 92 64
926 93 2
926 94 16
926 95 0
951 1 147
951 2 41
951 3 49
951 4 0
951 5 47
951 6 0
951 7 307
951 8 38
951 9 42
951 10 0
951 11 1
951 12 364
951 13 41
951 14 110
951 15 28
951 16 0
951 17 0
951 18 82
951 19 0
951 20 0
951 21 0
951 22 60
951 23 0
951 24 0
951 25 32
951 26 1
951 27 15
951 28 24
951 29 0
951 30 59
951 31 114
951 32 64
951 33 22
951 34 96
951 35 99
951 36 0
951 37 14
951 38 0
951 39 12
951 40 0
951 41 33
951 42 121
951 43 0
951 44 35
951 45 31
951 46 0
951 47 4
951 48 94
951 49 17
951 50 32
951 51 0
951 52 0
951 53 22
951 54 318
951 55 45
951 56 0
951 57 0
951 58 10
951 59 13
951 60 188
951 61 0
951 62 39
951 63 39
951 64 0
951 65 0
951 66 28
951 67 32
951 68 174
951 69 0
951 70 141
951 71 0
951 72 0
951 73 22
951 74 123
951 75 0
951 76 0
951 77 0
951 78 0
951 79 19
951 80 13
951 81 0
951 82 30
951 83 40
951 84 38
951 85 52
951 86 18
951 87 66
951 88 0
951 89 39
951 90 119
951 91 13
951 92 68
951 93 0
951 94 20
951 95 0
976 1 146
976 2 44
976 3 57
976 4 0
976 5 40
976 6 0
976 7 323
976 8 38
976 9 38
976 10 0
976 11 0
976 12 373
976 13 41
976 14 96
976 15 17
976 16 0
976 17 2
976 18 83
976 19 0
976 20 0
976 21 3
976 22 64
976 23 0
976 24 1
976 25 37
976 26 0
976 27 21
976 28 24
976 29 2
976 30 70
976 31 79
976 32 64
976 33 7
976 34 122
976 35 79
976 36 2
976 37 15
976 38 0
976 39 31
976 40 0
976 41 39
976 42 105
976 43 0
976 44 43
976 45 37
976 46 0
976 47 2
976 48 83
976 49 18
976 50 34
976 51 0
976 52 0
976 53 30
976 54 280
976 55 40
976 56 0
976 57 0
976 58 10
976 59 19
976 60 207
976 61 2
976 62 38
976 63 46
976 64 0
976 65 0
976 66 32
976 67 31
976 68 186
976 69 0
976 70 110
976 71 0
976 72 3
976 73 12
976 74 120
976 75 0
976 76 0
976 77 0
976 78 0
976 79 19
976 80 14
976 81 0
976 82 34
976 83 35
976 84 11
976 85 47
976 86 19
976 87 58
976 88 0
976 89 69
976 90 118
976 91 9
976 92 64
976 93 0
976 94 27
976 95 0
1001 1 150
1001 2 40
1001 3 39
1001 4 0
1001 5 43
1001 6 0
1001 7 324
1001 8 30
1001 9 37
1001 10 0
1001 11 0
1001 12 375
1001 13 36
1001 14 118
1001 15 28
1001 16 0
1001 17 1
1001 18 76
1001 19 1
1001 20 0
1001 21 0
1001 22 68
1001 23 0
1001 24 0
1001 25 40
1001 26 0
1001 27 7
1001 28 27
1001 29 3
1001 30 76
1001 31 93
1001 32 68
1001 33 1
1001 34 143
1001 35 82
1001 36 3
1001 37 13
1001 38 0
1001 39 35
1001 40 0
1001 41 47
1001 42 115
1001 43 0
1001 44 31
1001 45 37
1001 46 0
1001 47 0
1001 48 80
1001 49 12
1001 50 34
1001 51 1
1001 52 0
1001 53 35
1001 54 294
1001 55 43
1001 56 0
1001 57 0
1001 58 10
1001 59 17
1001 60 200
1001 61 0
1001 62 48
1001 63 41
1001 64 0
1001 65 0
1001 66 39
1001 67 34
1001 68 169
1001 69 0
1001 70 97
1001 71 0
1001 72 5
1001 73 22
1001 74 117
1001 75 0
1001 76 0
1001 77 0
1001 78 0
1001 79 21
1001 80 8
1001 81 0
1001 82 33
1001 83 39
1001 84 0
1001 85 46
1001 86 35
1001 87 58
1001 88 0
1001 89 63
1001 90 123
1001 91 9
1001 92 74
1001 93 0
1001 94 16
1001 95 0
1026 1 137
1026 2 48
1026 3 32
1026 4 3
1026 5 45
1026 6 0
1026 7 316
1026 8 41
1026 9 37
1026 10 0
1026 11 0
1026 12 338
1026 13 47
1026 14 110
1026 15 19
1026 16 0
1026 17 0
1026 18 78
1026 19 7
1026 20 0
1026 21 0
1026 22 88
1026 23 0
1026 24 0
1026 25 40
1026 26 0
1026 27 0
1026 28 23
1026 29 0
1026 30 84
1026 31 86
1026 32 61
1026 33 0
1026 34 148
1026 35 86
1026 36 0
1026 37 16
1026 38 0
1026 39 45
1026 40 0
1026 41 49
1026 42 105
1026 43 0
1026 44 37
1026 45 34
1026 46 0
1026 47 0
1026 48 75
1026 49 21
1026 50 33
1026 51 0
1026 52 0
1026 53 34
1026 54 304
1026 55 34
1026 56 0
1026 57 0
1026 58 17
1026 59 16
1026 60 190
1026 61 1
1026 62 40
1026 63 34
1026 64 0
1026 65 0
1026 66 45
1026 67 35
1026 68 185
1026 69 0
1026 70 115
1026 71 0
1026 72 6
1026 73 20
1026 74 109
1026 75 0
1026 76 0
1026 77 0
1026 78 0
1026 79 18
1026 80 7
1026 81 0
1026 82 23
1026 83 37
1026 84 0
1026 85 40
1026 86 42
1026 87 54
1026 88 0
1026 89 45
1026 90 123
1026 91 17
1026 92 76
1026 93 0
1026 94 13
1026 95 0
1051 1 138
1051 2 40
1051 3 40
1051 4 0
1051 5 38
1051 6 0
1051 7 317
1051 8 32
1051 9 37
1051 10 0
1051 11 0
1051 12 344
1051 13 40
1051 14 121
1051 15 20
1051 16 0
1051 17 1
1051 18 88
1051 19 13
1051 20 0
1051 21 1
1051 22 83
1051 23 0
1051 24 0
1051 25 41
1051 26 0
1051 27 0
1051 28 32
1051 29 0
1051 30 78
1051 31 93
1051 32 54
1051 33 1
1051 34 132
1051 35 93
1051 36 0
1051 37 13
1051 38 0
1051 39 40
1051 40 0
1051 41 54
1051 42 108
1051 43 0
1051 44 41
1051 45 35
1051 46 0
1051 47 0
1051 48 81
1051 49 22
1051 50 32
1051 51 0
1051 52 0
1051 53 55
1051 54 296
1051 55 38
1051 56 0
1051 57 1
1051 58 22
1051 59 17
1051 60 181
1051 61 1
1051 62 41
1051 63 33
1051 64 0
1051 65 0
1051 66 55
1051 67 6
1051 68 180
1051 69 0
1051 70 117
1051 71 4
1051 72 0
1051 73 17
1051 74 155
1051 75 1
1051 76 2
1051 77 2
1051 78 0
1051 79 17
1051 80 14
1051 81 1
1051 82 15
1051 83 33
1051 84 0
1051 85 37
1051 86 43
1051 87 54
1051 88 2
1051 89 57
1051 90 117
1051 91 16
1051 92 65
1051 93 0
1051 94 23
1051 95 0
1076 1 139
1076 2 28
1076 3 35
1076 4 0
1076 5 40
1076 6 0
1076 7 315
1076 8 18
1076 9 36
1076 10 0
1076 11 0
1076 12 361
1076 13 41
1076 14 139
1076 15 19
1076 16 0
1076 17 0
1076 18 82
1076 19 24
1076 20 0
1076 21 0
1076 22 70
1076 23 3
1076 24 0
1076 25 39
1076 26 2
1076 27 16
1076 28 18
1076 29 1
1076 30 69
1076 31 82
1076 32 63
1076 33 0
1076 34 144
1076 35 89
1076 36 0
1076 37 20
1076 38 0
1076 39 40
1076 40 0
1076 41 53
1076 42 100
1076 43 0
1076 44 47
1076 45 35
1076 46 0
1076 47 0
1076 48 53
1076 49 0
1076 50 37
1076 51 0
1076 52 0
1076 53 63
1076 54 305
1076 55 21
1076 56 0
1076 57 0
1076 58 16
1076 59 5
1076 60 194
1076 61 1
1076 62 39
1076 63 33
1076 64 0
1076 65 0
1076 66 50
1076 67 0
1076 68 169
1076 69 0
1076 70 126
1076 71 0
1076 72 0
1076 73 18
1076 74 132
1076 75 0
1076 76 0
1076 77 0
1076 78 0
1076 79 22
1076 80 22
1076 81 0
1076 82 28
1076 83 32
1076 84 0
1076 85 56
1076 86 43
1076 87 62
1076 88 22
1076 89 68
1076 90 122
1076 91 8
1076 92 72
1076 93 0
1076 94 23
1076 95 0
1101 1 157
1101 2 20
1101 3 40
1101 4 0
1101 5 42
1101 6 1
1101 7 314
1101 8 4
1101 9 38
1101 10 0
1101 11 0
1101 12 390
1101 13 45
1101 14 110
1101 15 25
1101 16 0
1101 17 0
1101 18 82
1101 19 27
1101 20 0
1101 21 0
1101 22 61
1101 23 0
1101 24 0
1101 25 38
1101 26 0
1101 27 15
1101 28 30
1101 29 0
1101 30 79
1101 31 83
1101 32 64
1101 33 0
1101 34 146
1101 35 93
1101 36 0
1101 37 21
1101 38 2
1101 39 29
1101 40 0
1101 41 59
1101 42 104
1101 43 0
1101 44 41
1101 45 33
1101 46 0
1101 47 0
1101 48 45
1101 49 0
1101 50 32
1101 51 0
1101 52 0
1101 53 73
1101 54 288
1101 55 16
1101 56 0
1101 57 0
1101 58 8
1101 59 17
1101 60 193
1101 61 0
1101 62 36
1101 63 44
1101 64 0
1101 65 0
1101 66 51
1101 67 0
1101 68 187
1101 69 0
1101 70 105
1101 71 0
1101 72 0
1101 73 18
1101 74 135
1101 75 0
1101 76 0
1101 77 1
1101 78 1
1101 79 20
1101 80 8
1101 81 0
1101 82 33
1101 83 37
1101 84 1
1101 85 34
1101 86 58
1101 87 54
1101 88 19
1101 89 53
1101 90 129
1101 91 7
1101 92 77
1101 93 1
1101 94 18
1101 95 0
1126 1 190
1126 2 9
1126 3 53
1126 4 0
1126 5 41
1126 6 0
1126 7 317
1126 8 1
1126 9 26
1126 10 0
1126 11 0
1126 12 439
1126 13 42
1126 14 104
1126 15 25
1126 16 2
1126 17 0
1126 18 81
1126 19 21
1126 20 10
1126 21 0
1126 22 65
1126 23 0
1126 24 0
1126 25 40
1126 26 1
1126 27 18
1126 28 19
1126 29 0
1126 30 80
1126 31 103
1126 32 43
1126 33 0
1126 34 134
1126 35 91
1126 36 0
1126 37 15
1126 38 0
1126 39 42
1126 40 0
1126 41 50
1126 42 102
1126 43 1
1126 44 45
1126 45 38
1126 46 0
1126 47 0
1126 48 42
1126 49 0
1126 50 31
1126 51 0
1126 52 0
1126 53 76
1126 54 293
1126 55 21
1126 56 0
1126 57 1
1126 58 14
1126 59 11
1126 60 200
1126 61 0
1126 62 37
1126 63 43
1126 64 0
1126 65 0
1126 66 44
1126 67 1
1126 68 128
1126 69 0
1126 70 117
1126 71 15
1126 72 0
1126 73 19
1126 74 143
1126 75 0
1126 76 2
1126 77 0
1126 78 19
1126 79 20
1126 80 25
1126 81 1
1126 82 30
1126 83 31
1126 84 0
1126 85 29
1126 86 57
1126 87 48
1126 88 21
1126 89 48
1126 90 127
1126 91 12
1126 92 70
1126 93 1
1126 94 18
1126 95 0
1151 1 174
1151 2 0
1151 3 55
1151 4 0
1151 5 39
1151 6 0
1151 7 295
1151 8 0
1151 9 24
1151 10 0
1151 11 0
1151 12 421
1151 13 42
1151 14 118
1151 15 21
1151 16 1
1151 17 0
1151 18 86
1151 19 16
1151 20 18
1151 21 1
1151 22 45
1151 23 1
1151 24 0
1151 25 34
1151 26 0
1151 27 22
1151 28 24
1151 29 0
1151 30 82
1151 31 102
1151 32 48
1151 33 2
1151 34 139
1151 35 75
1151 36 0
1151 37 10
1151 38 0
1151 39 25
1151 40 0
1151 41 55
1151 42 120
1151 43 12
1151 44 33
1151 45 37
1151 46 0
1151 47 0
1151 48 46
1151 49 1
1151 50 34
1151 51 0
1151 52 0
1151 53 92
1151 54 305
1151 55 38
1151 56 3
1151 57 0
1151 58 11
1151 59 10
1151 60 208
1151 61 1
1151 62 44
1151 63 37
1151 64 0
1151 65 1
1151 66 55
1151 67 1
1151 68 145
1151 69 0
1151 70 110
1151 71 0
1151 72 1
1151 73 20
1151 74 144
1151 75 0
1151 76 0
1151 77 1
1151 78 18
1151 79 22
1151 80 12
1151 81 0
1151 82 31
1151 83 38
1151 84 0
1151 85 29
1151 86 62
1151 87 44
1151 88 20
1151 89 46
1151 90 127
1151 91 12
1151 92 45
1151 93 5
1151 94 20
1151 95 0
1176 1 157
1176 2 1
1176 3 51
1176 4 0
1176 5 42
1176 6 1
1176 7 279
1176 8 2
1176 9 12
1176 10 0
1176 11 0
1176 12 399
1176 13 44
1176 14 121
1176 15 15
1176 16 0
1176 17 0
1176 18 80
1176 19 12
1176 20 25
1176 21 0
1176 22 53
1176 23 0
1176 24 0
1176 25 33
1176 26 0
1176 27 19
1176 28 20
1176 29 0
1176 30 82
1176 31 85
1176 32 42
1176 33 1
1176 34 144
1176 35 84
1176 36 0
1176 37 20
1176 38 0
1176 39 29
1176 40 0
1176 41 64
1176 42 103
1176 43 10
1176 44 32
1176 45 40
1176 46 0
1176 47 0
1176 48 43
1176 49 0
1176 50 32
1176 51 0
1176 52 0
1176 53 92
1176 54 353
1176 55 40
1176 56 0
1176 57 0
1176 58 11
1176 59 11
1176 60 217
1176 61 0
1176 62 47
1176 63 25
1176 64 0
1176 65 0
1176 66 49
1176 67 0
1176 68 171
1176 69 0
1176 70 113
1176 71 0
1176 72 1
1176 73 21
1176 74 148
1176 75 0
1176 76 0
1176 77 0
1176 78 19
1176 79 23
1176 80 8
1176 81 0
1176 82 40
1176 83 35
1176 84 0
1176 85 34
1176 86 56
1176 87 38
1176 88 23
1176 89 55
1176 90 132
1176 91 10
1176 92 48
1176 93 3
1176 94 20
1176 95 0
1201 1 167
1201 2 0
1201 3 61
1201 4 0
1201 5 46
1201 6 1
1201 7 280
1201 8 4
1201 9 19
1201 10 0
1201 11 0
1201 12 415
1201 13 51
1201 14 101
1201 15 22
1201 16 0
1201 17 0
1201 18 84
1201 19 14
1201 20 20
1201 21 0
1201 22 41
1201 23 0
1201 24 0
1201 25 43
1201 26 0
1201 27 21
1201 28 35
1201 29 0
1201 30 78
1201 31 83
1201 32 40
1201 33 0
1201 34 133
1201 35 76
1201 36 0
1201 37 15
1201 38 0
1201 39 20
1201 40 0
1201 41 48
1201 42 88
1201 43 16
1201 44 31
1201 45 30
1201 46 0
1201 47 0
1201 48 42
1201 49 0
1201 50 31
1201 51 3
1201 52 0
1201 53 95
1201 54 368
1201 55 38
1201 56 0
1201 57 0
1201 58 18
1201 59 8
1201 60 224
1201 61 0
1201 62 35
1201 63 19
1201 64 0
1201 65 0
1201 66 27
1201 67 0
1201 68 168
1201 69 0
1201 70 94
1201 71 0
1201 72 4
1201 73 21
1201 74 139
1201 75 0
1201 76 0
1201 77 2
1201 78 13
1201 79 20
1201 80 0
1201 81 0
1201 82 40
1201 83 36
1201 84 0
1201 85 37
1201 86 68
1201 87 39
1201 88 16
1201 89 57
1201 90 121
1201 91 9
1201 92 76
1201 93 1
1201 94 15
1201 95 0
1226 1 150
1226 2 0
1226 3 54
1226 4 0
1226 5 40
1226 6 0
1226 7 281
1226 8 6
1226 9 21
1226 10 0
1226 11 0
1226 12 442
1226 13 47
1226 14 88
1226 15 16
1226 16 0
1226 17 0
1226 18 73
1226 19 21
1226 20 15
1226 21 0
1226 22 52
1226 23 0
1226 24 0
1226 25 39
1226 26 0
1226 27 17
1226 28 31
1226 29 0
1226 30 82
1226 31 84
1226 32 40
1226 33 8
1226 34 148
1226 35 84
1226 36 3
1226 37 9
1226 38 1
1226 39 17
1226 40 0
1226 41 49
1226 42 91
1226 43 21
1226 44 24
1226 45 38
1226 46 0
1226 47 0
1226 48 34
1226 49 0
1226 50 30
1226 51 1
1226 52 0
1226 53 77
1226 54 337
1226 55 43
1226 56 0
1226 57 1
1226 58 11
1226 59 13
1226 60 236
1226 61 0
1226 62 36
1226 63 24
1226 64 0
1226 65 0
1226 66 34
1226 67 8
1226 68 157
1226 69 0
1226 70 108
1226 71 5
1226 72 0
1226 73 20
1226 74 142
1226 75 0
1226 76 14
1226 77 0
1226 78 11
1226 79 17
1226 80 0
1226 81 0
1226 82 38
1226 83 38
1226 84 0
1226 85 38
1226 86 66
1226 87 42
1226 88 18
1226 89 63
1226 90 134
1226 91 13
1226 92 63
1226 93 2
1226 94 1
1226 95 0
1251 1 147
1251 2 0
1251 3 44
1251 4 1
1251 5 40
1251 6 0
1251 7 283
1251 8 21
1251 9 17
1251 10 0
1251 11 0
1251 12 424
1251 13 46
1251 14 88
1251 15 14
1251 16 3
1251 17 0
1251 18 74
1251 19 22
1251 20 17
1251 21 19
1251 22 37
1251 23 1
1251 24 0
1251 25 40
1251 26 0
1251 27 23
1251 28 23
1251 29 0
1251 30 42
1251 31 78
1251 32 45
1251 33 19
1251 34 148
1251 35 86
1251 36 11
1251 37 14
1251 38 0
1251 39 14
1251 40 0
1251 41 58
1251 42 78
1251 43 14
1251 44 31
1251 45 36
1251 46 0
1251 47 0
1251 48 38
1251 49 0
1251 50 32
1251 51 0
1251 52 0
1251 53 78
1251 54 318
1251 55 32
1251 56 0
1251 57 0
1251 58 12
1251 59 13
1251 60 257
1251 61 2
1251 62 39
1251 63 30
1251 64 0
1251 65 0
1251 66 24
1251 67 13
1251 68 148
1251 69 0
1251 70 109
1251 71 30
1251 72 8
1251 73 15
1251 74 130
1251 75 0
1251 76 18
1251 77 0
1251 78 11
1251 79 26
1251 80 0
1251 81 0
1251 82 32
1251 83 32
1251 84 0
1251 85 30
1251 86 64
1251 87 44
1251 88 12
1251 89 40
1251 90 117
1251 91 15
1251 92 93
1251 93 0
1251 94 26
1251 95 0
1276 1 164
1276 2 0
1276 3 32
1276 4 1
1276 5 40
1276 6 0
1276 7 268
1276 8 25
1276 9 25
1276 10 0
1276 11 0
1276 12 420
1276 13 49
1276 14 72
1276 15 18
1276 16 3
1276 17 1
1276 18 79
1276 19 26
1276 20 15
1276 21 30
1276 22 47
1276 23 0
1276 24 0
1276 25 34
1276 26 0
1276 27 14
1276 28 25
1276 29 0
1276 30 42
1276 31 60
1276 32 37
1276 33 12
1276 34 129
1276 35 90
1276 36 2
1276 37 18
1276 38 0
1276 39 19
1276 40 0
1276 41 59
1276 42 74
1276 43 18
1276 44 43
1276 45 43
1276 46 1
1276 47 0
1276 48 40
1276 49 0
1276 50 24
1276 51 0
1276 52 1
1276 53 87
1276 54 293
1276 55 39
1276 56 0
1276 57 3
1276 58 14
1276 59 8
1276 60 284
1276 61 0
1276 62 38
1276 63 32
1276 64 0
1276 65 1
1276 66 32
1276 67 32
1276 68 147
1276 69 1
1276 70 113
1276 71 49
1276 72 9
1276 73 14
1276 74 142
1276 75 0
1276 76 20
1276 77 0
1276 78 16
1276 79 23
1276 80 2
1276 81 0
1276 82 19
1276 83 38
1276 84 0
1276 85 43
1276 86 57
1276 87 39
1276 88 22
1276 89 52
1276 90 99
1276 91 14
1276 92 84
1276 93 1
1276 94 20
1276 95 0
1301 1 145
1301 2 0
1301 3 25
1301 4 0
1301 5 40
1301 6 9
1301 7 272
1301 8 32
1301 9 16
1301 10 0
1301 11 0
1301 12 427
1301 13 46
1301 14 85
1301 15 29
1301 16 0
1301 17 0
1301 18 74
1301 19 12
1301 20 20
1301 21 20
1301 22 37
1301 23 0
1301 24 0
1301 25 40
1301 26 0
1301 27 9
1301 28 27
1301 29 1
1301 30 39
1301 31 60
1301 32 41
1301 33 26
1301 34 152
1301 35 93
1301 36 10
1301 37 14
1301 38 0
1301 39 20
1301 40 0
1301 41 53
1301 42 76
1301 43 18
1301 44 36
1301 45 35
1301 46 0
1301 47 0
1301 48 63
1301 49 0
1301 50 23
1301 51 0
1301 52 0
1301 53 84
1301 54 262
1301 55 41
1301 56 0
1301 57 0
1301 58 17
1301 59 17
1301 60 277
1301 61 0
1301 62 47
1301 63 58
1301 64 0
1301 65 0
1301 66 29
1301 67 36
1301 68 160
1301 69 18
1301 70 107
1301 71 48
1301 72 9
1301 73 22
1301 74 146
1301 75 0
1301 76 15
1301 77 0
1301 78 17
1301 79 20
1301 80 0
1301 81 1
1301 82 28
1301 83 16
1301 84 0
1301 85 29
1301 86 83
1301 87 41
1301 88 12
1301 89 48
1301 90 74
1301 91 13
1301 92 98
1301 93 0
1301 94 21
1301 95 0
1326 1 154
1326 2 0
1326 3 17
1326 4 0
1326 5 38
1326 6 32
1326 7 250
1326 8 46
1326 9 13
1326 10 1
1326 11 0
1326 12 409
1326 13 80
1326 14 72
1326 15 23
1326 16 0
1326 17 0
1326 18 77
1326 19 19
1326 20 22
1326 21 21
1326 22 42
1326 23 0
1326 24 0
1326 25 33
1326 26 0
1326 27 0
1326 28 20
1326 29 0
1326 30 42
1326 31 46
1326 32 40
1326 33 34
1326 34 180
1326 35 70
1326 36 12
1326 37 13
1326 38 0
1326 39 20
1326 40 12
1326 41 66
1326 42 81
1326 43 14
1326 44 51
1326 45 36
1326 46 0
1326 47 0
1326 48 66
1326 49 0
1326 50 17
1326 51 0
1326 52 0
1326 53 90
1326 54 265
1326 55 36
1326 56 0
1326 57 0
1326 58 15
1326 59 18
1326 60 277
1326 61 0
1326 62 38
1326 63 63
1326 64 2
1326 65 1
1326 66 52
1326 67 40
1326 68 167
1326 69 34
1326 70 78
1326 71 33
1326 72 7
1326 73 38
1326 74 69
1326 75 0
1326 76 25
1326 77 0
1326 78 16
1326 79 30
1326 80 0
1326 81 0
1326 82 57
1326 83 7
1326 84 2
1326 85 26
1326 86 60
1326 87 49
1326 88 12
1326 89 51
1326 90 53
1326 91 11
1326 92 104
1326 93 0
1326 94 15
1326 95 0
1351 1 181
1351 2 0
1351 3 24
1351 4 1
1351 5 42
1351 6 37
1351 7 236
1351 8 46
1351 9 19
1351 10 12
1351 11 0
1351 12 417
1351 13 83
1351 14 89
1351 15 26
1351 16 0
1351 17 0
1351 18 80
1351 19 14
1351 20 23
1351 21 20
1351 22 47
1351 23 0
1351 24 0
1351 25 39
1351 26 1
1351 27 0
1351 28 33
1351 29 0
1351 30 37
1351 31 50
1351 32 47
1351 33 34
1351 34 176
1351 35 77
1351 36 31
1351 37 17
1351 38 0
1351 39 17
1351 40 24
1351 41 52
1351 42 73
1351 43 12
1351 44 30
1351 45 40
1351 46 0
1351 47 0
1351 48 51
1351 49 1
1351 50 6
1351 51 0
1351 52 0
1351 53 81
1351 54 265
1351 55 39
1351 56 0
1351 57 0
1351 58 20
1351 59 15
1351 60 270
1351 61 0
1351 62 41
1351 63 64
1351 64 0
1351 65 0
1351 66 59
1351 67 33
1351 68 183
1351 69 24
1351 70 84
1351 71 42
1351 72 7
1351 73 28
1351 74 63
1351 75 0
1351 76 20
1351 77 0
1351 78 12
1351 79 33
1351 80 0
1351 81 0
1351 82 58
1351 83 10
1351 84 0
1351 85 23
1351 86 66
1351 87 44
1351 88 16
1351 89 45
1351 90 45
1351 91 12
1351 92 102
1351 93 1
1351 94 19
1351 95 0
1376 1 178
1376 2 0
1376 3 21
1376 4 0
1376 5 31
1376 6 29
1376 7 210
1376 8 38
1376 9 2
1376 10 21
1376 11 0
1376 12 396
1376 13 75
1376 14 85
1376 15 21
1376 16 0
1376 17 5
1376 18 84
1376 19 37
1376 20 32
1376 21 21
1376 22 57
1376 23 0
1376 24 0
1376 25 31
1376 26 0
1376 27 0
1376 28 33
1376 29 0
1376 30 36
1376 31 50
1376 32 37
1376 33 36
1376 34 164
1376 35 70
1376 36 26
1376 37 19
1376 38 0
1376 39 19
1376 40 33
1376 41 59
1376 42 81
1376 43 17
1376 44 33
1376 45 23
1376 46 1
1376 47 0
1376 48 62
1376 49 0
1376 50 0
1376 51 0
1376 52 0
1376 53 54
1376 54 275
1376 55 34
1376 56 0
1376 57 0
1376 58 18
1376 59 13
1376 60 298
1376 61 0
1376 62 54
1376 63 45
1376 64 0
1376 65 0
1376 66 66
1376 67 36
1376 68 181
1376 69 32
1376 70 78
1376 71 33
1376 72 4
1376 73 33
1376 74 61
1376 75 0
1376 76 18
1376 77 0
1376 78 29
1376 79 33
1376 80 0
1376 81 0
1376 82 60
1376 83 4
1376 84 0
1376 85 25
1376 86 52
1376 87 46
1376 88 15
1376 89 20
1376 90 49
1376 91 15
1376 92 104
1376 93 0
1376 94 20
1376 95 0
1401 1 179
1401 2 0
1401 3 14
1401 4 9
1401 5 2
1401 6 35
1401 7 224
1401 8 52
1401 9 0
1401 10 21
1401 11 0
1401 12 381
1401 13 74
1401 14 80
1401 15 23
1401 16 0
1401 17 0
1401 18 90
1401 19 52
1401 20 36
1401 21 20
1401 22 63
1401 23 1
1401 24 0
1401 25 32
1401 26 0
1401 27 0
1401 28 28
1401 29 0
1401 30 24
1401 31 46
1401 32 44
1401 33 32
1401 34 145
1401 35 71
1401 36 27
1401 37 19
1401 38 0
1401 39 17
1401 40 62
1401 41 49
1401 42 73
1401 43 14
1401 44 44
1401 45 29
1401 46 2
1401 47 1
1401 48 69
1401 49 0
1401 50 0
1401 51 0
1401 52 0
1401 53 41
1401 54 279
1401 55 28
1401 56 5
1401 57 0
1401 58 14
1401 59 14
1401 60 331
1401 61 0
1401 62 63
1401 63 58
1401 64 0
1401 65 0
1401 66 49
1401 67 32
1401 68 188
1401 69 37
1401 70 77
1401 71 41
1401 72 2
1401 73 34
1401 74 63
1401 75 1
1401 76 12
1401 77 1
1401 78 26
1401 79 40
1401 80 0
1401 81 0
1401 82 71
1401 83 2
1401 84 0
1401 85 22
1401 86 65
1401 87 61
1401 88 10
1401 89 10
1401 90 38
1401 91 11
1401 92 86
1401 93 0
1401 94 20
1401 95 0
1426 1 154
1426 2 0
1426 3 23
1426 4 12
1426 5 1
1426 6 40
1426 7 200
1426 8 60
1426 9 0
1426 10 19
1426 11 0
1426 12 403
1426 13 97
1426 14 64
1426 15 22
1426 16 0
1426 17 0
1426 18 106
1426 19 35
1426 20 17
1426 21 28
1426 22 62
1426 23 0
1426 24 0
1426 25 34
1426 26 0
1426 27 0
1426 28 24
1426 29 0
1426 30 10
1426 31 51
1426 32 39
1426 33 24
1426 34 130
1426 35 89
1426 36 40
1426 37 13
1426 38 0
1426 39 19
1426 40 61
1426 41 75
1426 42 45
1426 43 13
1426 44 34
1426 45 24
1426 46 1
1426 47 2
1426 48 70
1426 49 1
1426 50 0
1426 51 0
1426 52 0
1426 53 49
1426 54 264
1426 55 30
1426 56 30
1426 57 1
1426 58 9
1426 59 17
1426 60 357
1426 61 0
1426 62 63
1426 63 65
1426 64 0
1426 65 0
1426 66 39
1426 67 35
1426 68 188
1426 69 38
1426 70 80
1426 71 60
1426 72 4
1426 73 35
1426 74 52
1426 75 0
1426 76 14
1426 77 0
1426 78 43
1426 79 43
1426 80 0
1426 81 0
1426 82 65
1426 83 0
1426 84 0
1426 85 27
1426 86 59
1426 87 76
1426 88 16
1426 89 1
1426 90 56
1426 91 13
1426 92 71
1426 93 0
1426 94 24
1426 95 0
1451 1 146
1451 2 0
1451 3 20
1451 4 19
1451 5 0
1451 6 39
1451 7 196
1451 8 79
1451 9 0
1451 10 23
1451 11 0
1451 12 366
1451 13 113
1451 14 91
1451 15 21
1451 16 0
1451 17 0
1451 18 120
1451 19 19
1451 20 1
1451 21 37
1451 22 66
1451 23 0
1451 24 0
1451 25 40
1451 26 2
1451 27 0
1451 28 28
1451 29 0
1451 30 3
1451 31 48
1451 32 45
1451 33 33
1451 34 134
1451 35 75
1451 36 43
1451 37 17
1451 38 4
1451 39 17
1451 40 67
1451 41 76
1451 42 41
1451 43 10
1451 44 36
1451 45 14
1451 46 0
1451 47 0
1451 48 71
1451 49 0
1451 50 0
1451 51 0
1451 52 1
1451 53 29
1451 54 267
1451 55 34
1451 56 41
1451 57 1
1451 58 14
1451 59 13
1451 60 363
1451 61 0
1451 62 53
1451 63 42
1451 64 1
1451 65 10
1451 66 52
1451 67 40
1451 68 204
1451 69 50
1451 70 84
1451 71 68
1451 72 4
1451 73 41
1451 74 27
1451 75 0
1451 76 8
1451 77 0
1451 78 33
1451 79 37
1451 80 0
1451 81 0
1451 82 60
1451 83 0
1451 84 0
1451 85 23
1451 86 55
1451 87 50
1451 88 14
1451 89 0
1451 90 77
1451 91 14
1451 92 45
1451 93 0
1451 94 13
1451 95 0
1476 1 159
1476 2 0
1476 3 17
1476 4 18
1476 5 1
1476 6 38
1476 7 203
1476 8 79
1476 9 0
1476 10 25
1476 11 0
1476 12 339
1476 13 125
1476 14 104
1476 15 25
1476 16 0
1476 17 0
1476 18 134
1476 19 33
1476 20 0
1476 21 16
1476 22 64
1476 23 0
1476 24 0
1476 25 53
1476 26 1
1476 27 0
1476 28 29
1476 29 1
1476 30 0
1476 31 48
1476 32 40
1476 33 31
1476 34 108
1476 35 80
1476 36 41
1476 37 13
1476 38 0
1476 39 24
1476 40 53
1476 41 52
1476 42 40
1476 43 19
1476 44 35
1476 45 27
1476 46 0
1476 47 0
1476 48 63
1476 49 0
1476 50 2
1476 51 1
1476 52 0
1476 53 40
1476 54 236
1476 55 32
1476 56 42
1476 57 0
1476 58 19
1476 59 3
1476 60 449
1476 61 0
1476 62 66
1476 63 50
1476 64 0
1476 65 0
1476 66 57
1476 67 33
1476 68 203
1476 69 61
1476 70 83
1476 71 55
1476 72 0
1476 73 33
1476 74 12
1476 75 0
1476 76 0
1476 77 0
1476 78 34
1476 79 32
1476 80 0
1476 81 13
1476 82 60
1476 83 0
1476 84 0
1476 85 26
1476 86 60
1476 87 59
1476 88 16
1476 89 0
1476 90 82
1476 91 18
1476 92 41
1476 93 6
1476 94 43
1476 95 0
1501 1 150
1501 2 0
1501 3 21
1501 4 17
1501 5 0
1501 6 29
1501 7 193
1501 8 85
1501 9 0
1501 10 21
1501 11 0
1501 12 360
1501 13 195
1501 14 93
1501 15 19
1501 16 0
1501 17 0
1501 18 124
1501 19 22
1501 20 0
1501 21 20
1501 22 54
1501 23 0
1501 24 2
1501 25 43
1501 26 0
1501 27 0
1501 28 22
1501 29 0
1501 30 1
1501 31 44
1501 32 44
1501 33 26
1501 34 106
1501 35 90
1501 36 40
1501 37 19
1501 38 0
1501 39 13
1501 40 70
1501 41 49
1501 42 41
1501 43 20
1501 44 46
1501 45 12
1501 46 0
1501 47 0
1501 48 56
1501 49 0
1501 50 0
1501 51 10
1501 52 1
1501 53 37
1501 54 244
1501 55 36
1501 56 36
1501 57 0
1501 58 19
1501 59 0
1501 60 422
1501 61 8
1501 62 66
1501 63 40
1501 64 0
1501 65 0
1501 66 48
1501 67 37
1501 68 166
1501 69 63
1501 70 82
1501 71 41
1501 72 0
1501 73 27
1501 74 18
1501 75 3
1501 76 0
1501 77 0
1501 78 30
1501 79 28
1501 80 3
1501 81 13
1501 82 46
1501 83 0
1501 84 0
1501 85 25
1501 86 59
1501 87 65
1501 88 13
1501 89 0
1501 90 83
1501 91 14
1501 92 37
1501 93 5
1501 94 41
1501 95 0
1526 1 143
1526 2 0
1526 3 22
1526 4 10
1526 5 0
1526 6 40
1526 7 191
1526 8 79
1526 9 0
1526 10 16
1526 11 0
1526 12 326
1526 13 221
1526 14 105
1526 15 14
1526 16 0
1526 17 0
1526 18 123
1526 19 12
1526 20 0
1526 21 42
1526 22 49
1526 23 0
1526 24 0
1526 25 57
1526 26 1
1526 27 0
1526 28 27
1526 29 0
1526 30 0
1526 31 43
1526 32 64
1526 33 26
1526 34 102
1526 35 89
1526 36 36
1526 37 18
1526 38 0
1526 39 14
1526 40 37
1526 41 44
1526 42 45
1526 43 20
1526 44 41
1526 45 9
1526 46 0
1526 47 17
1526 48 63
1526 49 0
1526 50 0
1526 51 26
1526 52 0
1526 53 37
1526 54 250
1526 55 31
1526 56 31
1526 57 0
1526 58 15
1526 59 0
1526 60 386
1526 61 23
1526 62 70
1526 63 34
1526 64 0
1526 65 0
1526 66 69
1526 67 40
1526 68 150
1526 69 69
1526 70 101
1526 71 42
1526 72 3
1526 73 33
1526 74 26
1526 75 9
1526 76 4
1526 77 0
1526 78 40
1526 79 36
1526 80 0
1526 81 14
1526 82 33
1526 83 1
1526 84 0
1526 85 23
1526 86 58
1526 87 58
1526 88 9
1526 89 1
1526 90 71
1526 91 2
1526 92 39
1526 93 6
1526 94 41
1526 95 0
1551 1 139
1551 2 0
1551 3 16
1551 4 11
1551 5 0
1551 6 40
1551 7 191
1551 8 61
1551 9 0
1551 10 19
1551 11 0
1551 12 313
1551 13 260
1551 14 96
1551 15 11
1551 16 0
1551 17 0
1551 18 97
1551 19 4
1551 20 0
1551 21 34
1551 22 63
1551 23 1
1551 24 0
1551 25 77
1551 26 0
1551 27 0
1551 28 33
1551 29 0
1551 30 2
1551 31 49
1551 32 61
1551 33 22
1551 34 103
1551 35 82
1551 36 44
1551 37 20
1551 38 0
1551 39 17
1551 40 27
1551 41 39
1551 42 37
1551 43 13
1551 44 39
1551 45 5
1551 46 1
1551 47 35
1551 48 71
1551 49 2
1551 50 1
1551 51 55
1551 52 0
1551 53 39
1551 54 274
1551 55 31
1551 56 36
1551 57 0
1551 58 11
1551 59 0
1551 60 377
1551 61 33
1551 62 63
1551 63 23
1551 64 0
1551 65 0
1551 66 48
1551 67 35
1551 68 158
1551 69 72
1551 70 113
1551 71 37
1551 72 29
1551 73 30
1551 74 34
1551 75 10
1551 76 0
1551 77 1
1551 78 35
1551 79 37
1551 80 0
1551 81 7
1551 82 35
1551 83 0
1551 84 0
1551 85 17
1551 86 66
1551 87 60
1551 88 17
1551 89 1
1551 90 82
1551 91 6
1551 92 14
1551 93 1
1551 94 47
1551 95 0
1576 1 168
1576 2 0
1576 3 18
1576 4 15
1576 5 1
1576 6 33
1576 7 200
1576 8 52
1576 9 0
1576 10 15
1576 11 0
1576 12 299
1576 13 253
1576 14 91
1576 15 20
1576 16 1
1576 17 0
1576 18 89
1576 19 0
1576 20 5
1576 21 42
1576 22 77
1576 23 0
1576 24 37
1576 25 79
1576 26 0
1576 27 0
1576 28 20
1576 29 0
1576 30 0
1576 31 38
1576 32 62
1576 33 18
1576 34 83
1576 35 78
1576 36 41
1576 37 10
1576 38 0
1576 39 23
1576 40 15
1576 41 57
1576 42 37
1576 43 17
1576 44 49
1576 45 0
1576 46 0
1576 47 42
1576 48 58
1576 49 22
1576 50 1
1576 51 48
1576 52 0
1576 53 40
1576 54 253
1576 55 34
1576 56 40
1576 57 0
1576 58 20
1576 59 0
1576 60 368
1576 61 34
1576 62 74
1576 63 37
1576 64 0
1576 65 0
1576 66 55
1576 67 40
1576 68 151
1576 69 71
1576 70 97
1576 71 42
1576 72 39
1576 73 28
1576 74 43
1576 75 11
1576 76 0
1576 77 1
1576 78 10
1576 79 28
1576 80 0
1576 81 10
1576 82 39
1576 83 0
1576 84 0
1576 85 12
1576 86 60
1576 87 77
1576 88 20
1576 89 0
1576 90 84
1576 91 1
1576 92 0
1576 93 0
1576 94 43
1576 95 1
1601 1 153
1601 2 0
1601 3 10
1601 4 3
1601 5 0
1601 6 39
1601 7 197
1601 8 54
1601 9 0
1601 10 19
1601 11 0
1601 12 278
1601 13 235
1601 14 88
1601 15 19
1601 16 0
1601 17 2
1601 18 80
1601 19 0
1601 20 0
1601 21 40
1601 22 83
1601 23 0
1601 24 37
1601 25 58
1601 26 0
1601 27 1
1601 28 23
1601 29 0
1601 30 0
1601 31 39
1601 32 57
1601 33 23
1601 34 81
1601 35 75
1601 36 47
1601 37 14
1601 38 0
1601 39 18
1601 40 21
1601 41 54
1601 42 36
1601 43 30
1601 44 46
1601 45 1
1601 46 2
1601 47 40
1601 48 66
1601 49 20
1601 50 0
1601 51 52
1601 52 0
1601 53 53
1601 54 243
1601 55 40
1601 56 31
1601 57 0
1601 58 11
1601 59 1
1601 60 358
1601 61 31
1601 62 85
1601 63 37
1601 64 0
1601 65 0
1601 66 50
1601 67 38
1601 68 153
1601 69 80
1601 70 87
1601 71 38
1601 72 33
1601 73 40
1601 74 56
1601 75 17
1601 76 0
1601 77 3
1601 78 15
1601 79 39
1601 80 0
1601 81 4
1601 82 37
1601 83 1
1601 84 18
1601 85 20
1601 86 57
1601 87 71
1601 88 16
1601 89 0
1601 90 80
1601 91 0
1601 92 0
1601 93 0
1601 94 43
1601 95 0
1626 1 164
1626 2 0
1626 3 22
1626 4 0
1626 5 0
1626 6 55
1626 7 206
1626 8 46
1626 9 0
1626 10 23
1626 11 0
1626 12 258
1626 13 209
1626 14 73
1626 15 23
1626 16 0
1626 17 0
1626 18 49
1626 19 0
1626 20 0
1626 21 23
1626 22 58
1626 23 1
1626 24 43
1626 25 46
1626 26 0
1626 27 0
1626 28 25
1626 29 2
1626 30 37
1626 31 41
1626 32 57
1626 33 20
1626 34 98
1626 35 104
1626 36 57
1626 37 18
1626 38 16
1626 39 20
1626 40 24
1626 41 51
1626 42 20
1626 43 36
1626 44 47
1626 45 0
1626 46 2
1626 47 40
1626 48 71
1626 49 20
1626 50 0
1626 51 56
1626 52 0
1626 53 73
1626 54 294
1626 55 37
1626 56 37
1626 57 0
1626 58 10
1626 59 0
1626 60 313
1626 61 3
1626 62 90
1626 63 28
1626 64 0
1626 65 0
1626 66 51
1626 67 40
1626 68 150
1626 69 82
1626 70 97
1626 71 64
1626 72 37
1626 73 30
1626 74 66
1626 75 1
1626 76 0
1626 77 4
1626 78 21
1626 79 41
1626 80 0
1626 81 14
1626 82 37
1626 83 0
1626 84 19
1626 85 21
1626 86 63
1626 87 58
1626 88 17
1626 89 0
1626 90 99
1626 91 0
1626 92 0
1626 93 1
1626 94 40
1626 95 1
1651 1 169
1651 2 0
1651 3 16
1651 4 3
1651 5 0
1651 6 47
1651 7 201
1651 8 46
1651 9 0
1651 10 19
1651 11 0
1651 12 291
1651 13 212
1651 14 86
1651 15 21
1651 16 0
1651 17 1
1651 18 49
1651 19 14
1651 20 0
1651 21 21
1651 22 60
1651 23 0
1651 24 40
1651 25 36
1651 26 2
1651 27 1
1651 28 37
1651 29 0
1651 30 26
1651 31 44
1651 32 43
1651 33 14
1651 34 97
1651 35 81
1651 36 70
1651 37 20
1651 38 10
1651 39 33
1651 40 10
1651 41 51
1651 42 31
1651 43 38
1651 44 41
1651 45 0
1651 46 1
1651 47 40
1651 48 69
1651 49 18
1651 50 0
1651 51 46
1651 52 0
1651 53 81
1651 54 292
1651 55 35
1651 56 30
1651 57 0
1651 58 12
1651 59 0
1651 60 319
1651 61 0
1651 62 88
1651 63 44
1651 64 2
1651 65 0
1651 66 36
1651 67 39
1651 68 137
1651 69 70
1651 70 85
1651 71 66
1651 72 39
1651 73 40
1651 74 38
1651 75 0
1651 76 3
1651 77 9
1651 78 2
1651 79 41
1651 80 0
1651 81 5
1651 82 29
1651 83 0
1651 84 9
1651 85 13
1651 86 58
1651 87 64
1651 88 19
1651 89 0
1651 90 125
1651 91 1
1651 92 0
1651 93 1
1651 94 45
1651 95 0
1676 1 166
1676 2 0
1676 3 16
1676 4 0
1676 5 1
1676 6 59
1676 7 195
1676 8 37
1676 9 0
1676 10 17
1676 11 0
1676 12 306
1676 13 200
1676 14 90
1676 15 18
1676 16 0
1676 17 1
1676 18 57
1676 19 24
1676 20 0
1676 21 20
1676 22 64
1676 23 0
1676 24 43
1676 25 34
1676 26 0
1676 27 0
1676 28 25
1676 29 0
1676 30 17
1676 31 44
1676 32 42
1676 33 21
1676 34 79
1676 35 77
1676 36 75
1676 37 16
1676 38 10
1676 39 39
1676 40 31
1676 41 53
1676 42 28
1676 43 49
1676 44 38
1676 45 0
1676 46 0
1676 47 35
1676 48 54
1676 49 20
1676 50 0
1676 51 51
1676 52 0
1676 53 73
1676 54 310
1676 55 38
1676 56 31
1676 57 0
1676 58 11
1676 59 0
1676 60 329
1676 61 1
1676 62 87
1676 63 21
1676 64 11
1676 65 0
1676 66 42
1676 67 36
1676 68 157
1676 69 72
1676 70 110
1676 71 73
1676 72 36
1676 73 32
1676 74 49
1676 75 0
1676 76 6
1676 77 2
1676 78 0
1676 79 42
1676 80 0
1676 81 14
1676 82 25
1676 83 0
1676 84 9
1676 85 13
1676 86 61
1676 87 61
1676 88 24
1676 89 0
1676 90 121
1676 91 0
1676 92 1
1676 93 0
1676 94 58
1676 95 0
1701 1 163
1701 2 0
1701 3 20
1701 4 0
1701 5 0
1701 6 34
1701 7 216
1701 8 50
1701 9 0
1701 10 20
1701 11 0
1701 12 316
1701 13 207
1701 14 85
1701 15 23
1701 16 0
1701 17 4
1701 18 44
1701 19 31
1701 20 0
1701 21 19
1701 22 60
1701 23 0
1701 24 40
1701 25 25
1701 26 0
1701 27 14
1701 28 24
1701 29 0
1701 30 8
1701 31 66
1701 32 42
1701 33 15
1701 34 66
1701 35 89
1701 36 81
1701 37 16
1701 38 18
1701 39 38
1701 40 13
1701 41 56
1701 42 19
1701 43 43
1701 44 39
1701 45 0
1701 46 2
1701 47 41
1701 48 57
1701 49 23
1701 50 0
1701 51 51
1701 52 0
1701 53 82
1701 54 278
1701 55 38
1701 56 17
1701 57 0
1701 58 0
1701 59 0
1701 60 308
1701 61 0
1701 62 84
1701 63 40
1701 64 6
1701 65 0
1701 66 39
1701 67 38
1701 68 196
1701 69 60
1701 70 88
1701 71 66
1701 72 43
1701 73 39
1701 74 69
1701 75 0
1701 76 8
1701 77 3
1701 78 0
1701 79 46
1701 80 0
1701 81 0
1701 82 34
1701 83 0
1701 84 0
1701 85 17
1701 86 60
1701 87 84
1701 88 23
1701 89 0
1701 90 114
1701 91 0
1701 92 4
1701 93 0
1701 94 50
1701 95 0
1726 1 166
1726 2 5
1726 3 14
1726 4 0
1726 5 0
1726 6 32
1726 7 205
1726 8 62
1726 9 0
1726 10 21
1726 11 0
1726 12 298
1726 13 182
1726 14 93
1726 15 22
1726 16 0
1726 17 10
1726 18 41
1726 19 28
1726 20 0
1726 21 19
1726 22 68
1726 23 0
1726 24 43
1726 25 28
1726 26 0
1726 27 15
1726 28 21
1726 29 13
1726 30 11
1726 31 77
1726 32 41
1726 33 19
1726 34 60
1726 35 94
1726 36 81
1726 37 19
1726 38 14
1726 39 33
1726 40 7
1726 41 63
1726 42 7
1726 43 39
1726 44 43
1726 45 0
1726 46 0
1726 47 32
1726 48 56
1726 49 7
1726 50 0
1726 51 48
1726 52 0
1726 53 82
1726 54 302
1726 55 37
1726 56 37
1726 57 0
1726 58 0
1726 59 1
1726 60 284
1726 61 0
1726 62 67
1726 63 32
1726 64 2
1726 65 0
1726 66 33
1726 67 39
1726 68 192
1726 69 63
1726 70 102
1726 71 71
1726 72 43
1726 73 26
1726 74 73
1726 75 0
1726 76 0
1726 77 20
1726 78 0
1726 79 60
1726 80 0
1726 81 0
1726 82 29
1726 83 0
1726 84 0
1726 85 20
1726 86 66
1726 87 79
1726 88 22
1726 89 0
1726 90 118
1726 91 0
1726 92 0
1726 93 0
1726 94 26
1726 95 0
1751 1 190
1751 2 13
1751 3 20
1751 4 0
1751 5 0
1751 6 16
1751 7 216
1751 8 59
1751 9 0
1751 10 27
1751 11 0
1751 12 296
1751 13 174
1751 14 74
1751 15 16
1751 16 0
1751 17 21
1751 18 37
1751 19 28
1751 20 0
1751 21 22
1751 22 49
1751 23 0
1751 24 38
1751 25 29
1751 26 0
1751 27 22
1751 28 20
1751 29 9
1751 30 14
1751 31 75
1751 32 44
1751 33 21
1751 34 48
1751 35 75
1751 36 87
1751 37 28
1751 38 14
1751 39 43
1751 40 7
1751 41 64
1751 42 3
1751 43 38
1751 44 42
1751 45 0
1751 46 2
1751 47 31
1751 48 78
1751 49 17
1751 50 0
1751 51 45
1751 52 0
1751 53 87
1751 54 298
1751 55 29
1751 56 37
1751 57 0
1751 58 0
1751 59 0
1751 60 260
1751 61 0
1751 62 70
1751 63 47
1751 64 0
1751 65 0
1751 66 35
1751 67 34
1751 68 194
1751 69 66
1751 70 90
1751 71 55
1751 72 29
1751 73 34
1751 74 88
1751 75 0
1751 76 0
1751 77 26
1751 78 9
1751 79 56
1751 80 0
1751 81 0
1751 82 30
1751 83 0
1751 84 1
1751 85 19
1751 86 53
1751 87 84
1751 88 20
1751 89 0
1751 90 121
1751 91 0
1751 92 0
1751 93 0
1751 94 32
1751 95 0
1776 1 189
1776 2 20
1776 3 19
1776 4 0
1776 5 0
1776 6 11
1776 7 186
1776 8 62
1776 9 1
1776 10 38
1776 11 1
1776 12 285
1776 13 174
1776 14 97
1776 15 22
1776 16 0
1776 17 29
1776 18 42
1776 19 20
1776 20 0
1776 21 21
1776 22 47
1776 23 0
1776 24 78
1776 25 34
1776 26 2
1776 27 19
1776 28 15
1776 29 4
1776 30 18
1776 31 83
1776 32 37
1776 33 20
1776 34 73
1776 35 88
1776 36 91
1776 37 18
1776 38 19
1776 39 34
1776 40 9
1776 41 48
1776 42 0
1776 43 37
1776 44 53
1776 45 0
1776 46 0
1776 47 28
1776 48 80
1776 49 19
1776 50 0
1776 51 50
1776 52 0
1776 53 80
1776 54 297
1776 55 36
1776 56 35
1776 57 0
1776 58 0
1776 59 0
1776 60 230
1776 61 0
1776 62 42
1776 63 35
1776 64 0
1776 65 0
1776 66 32
1776 67 34
1776 68 180
1776 69 78
1776 70 104
1776 71 32
1776 72 30
1776 73 35
1776 74 85
1776 75 0
1776 76 0
1776 77 27
1776 78 17
1776 79 50
1776 80 0
1776 81 1
1776 82 38
1776 83 0
1776 84 0
1776 85 16
1776 86 67
1776 87 56
1776 88 21
1776 89 0
1776 90 119
1776 91 0
1776 92 0
1776 93 0
1776 94 35
1776 95 1
1801 1 172
1801 2 27
1801 3 16
1801 4 0
1801 5 0
1801 6 10
1801 7 183
1801 8 85
1801 9 2
1801 10 45
1801 11 1
1801 12 279
1801 13 190
1801 14 90
1801 15 38
1801 16 0
1801 17 32
1801 18 41
1801 19 28
1801 20 0
1801 21 21
1801 22 47
1801 23 0
1801 24 79
1801 25 31
1801 26 1
1801 27 15
1801 28 33
1801 29 0
1801 30 13
1801 31 80
1801 32 41
1801 33 19
1801 34 63
1801 35 110
1801 36 104
1801 37 34
1801 38 21
1801 39 19
1801 40 13
1801 41 53
1801 42 0
1801 43 34
1801 44 43
1801 45 0
1801 46 0
1801 47 11
1801 48 83
1801 49 19
1801 50 0
1801 51 52
1801 52 1
1801 53 77
1801 54 299
1801 55 37
1801 56 39
1801 57 19
1801 58 0
1801 59 0
1801 60 229
1801 61 4
1801 62 17
1801 63 33
1801 64 0
1801 65 0
1801 66 30
1801 67 35
1801 68 176
1801 69 84
1801 70 103
1801 71 30
1801 72 1
1801 73 36
1801 74 88
1801 75 2
1801 76 1
1801 77 13
1801 78 18
1801 79 50
1801 80 3
1801 81 0
1801 82 38
1801 83 0
1801 84 0
1801 85 21
1801 86 67
1801 87 66
1801 88 16
1801 89 0
1801 90 123
1801 91 0
1801 92 0
1801 93 0
1801 94 41
1801 95 0
1826 1 150
1826 2 23
1826 3 23
1826 4 0
1826 5 0
1826 6 6
1826 7 149
1826 8 74
1826 9 1
1826 10 44
1826 11 0
1826 12 323
1826 13 180
1826 14 89
1826 15 33
1826 16 2
1826 17 28
1826 18 41
1826 19 18
1826 20 0
1826 21 17
1826 22 37
1826 23 0
1826 24 104
1826 25 33
1826 26 2
1826 27 10
1826 28 44
1826 29 0
1826 30 24
1826 31 76
1826 32 48
1826 33 22
1826 34 59
1826 35 117
1826 36 121
1826 37 27
1826 38 12
1826 39 16
1826 40 13
1826 41 48
1826 42 0
1826 43 44
1826 44 38
1826 45 0
1826 46 0
1826 47 38
1826 48 79
1826 49 19
1826 50 0
1826 51 47
1826 52 0
1826 53 53
1826 54 285
1826 55 34
1826 56 37
1826 57 20
1826 58 0
1826 59 0
1826 60 220
1826 61 32
1826 62 17
1826 63 39
1826 64 0
1826 65 0
1826 66 32
1826 67 31
1826 68 155
1826 69 76
1826 70 82
1826 71 23
1826 72 0
1826 73 28
1826 74 88
1826 75 6
1826 76 0
1826 77 24
1826 78 10
1826 79 54
1826 80 0
1826 81 0
1826 82 34
1826 83 0
1826 84 0
1826 85 14
1826 86 63
1826 87 44
1826 88 20
1826 89 0
1826 90 121
1826 91 0
1826 92 0
1826 93 1
1826 94 41
1826 95 0
1851 1 105
1851 2 28
1851 3 12
1851 4 0
1851 5 0
1851 6 5
1851 7 154
1851 8 57
1851 9 0
1851 10 41
1851 11 0
1851 12 322
1851 13 172
1851 14 90
1851 15 27
1851 16 0
1851 17 31
1851 18 42
1851 19 24
1851 20 0
1851 21 29
1851 22 42
1851 23 1
1851 24 90
1851 25 39
1851 26 4
1851 27 13
1851 28 61
1851 29 0
1851 30 19
1851 31 83
1851 32 35
1851 33 20
1851 34 81
1851 35 80
1851 36 99
1851 37 38
1851 38 7
1851 39 15
1851 40 9
1851 41 43
1851 42 0
1851 43 35
1851 44 41
1851 45 0
1851 46 0
1851 47 49
1851 48 79
1851 49 17
1851 50 0
1851 51 50
1851 52 0
1851 53 63
1851 54 302
1851 55 40
1851 56 31
1851 57 14
1851 58 1
1851 59 1
1851 60 233
1851 61 33
1851 62 21
1851 63 42
1851 64 0
1851 65 0
1851 66 33
1851 67 39
1851 68 157
1851 69 78
1851 70 101
1851 71 3
1851 72 0
1851 73 36
1851 74 132
1851 75 29
1851 76 0
1851 77 24
1851 78 14
1851 79 38
1851 80 0
1851 81 4
1851 82 38
1851 83 0
1851 84 0
1851 85 9
1851 86 79
1851 87 40
1851 88 18
1851 89 0
1851 90 128
1851 91 0
1851 92 0
1851 93 0
1851 94 40
1851 95 0
1876 1 94
1876 2 30
1876 3 18
1876 4 0
1876 5 0
1876 6 5
1876 7 162
1876 8 65
1876 9 0
1876 10 35
1876 11 0
1876 12 321
1876 13 183
1876 14 104
1876 15 35
1876 16 0
1876 17 31
1876 18 42
1876 19 25
1876 20 0
1876 21 23
1876 22 38
1876 23 0
1876 24 106
1876 25 34
1876 26 0
1876 27 19
1876 28 54
1876 29 0
1876 30 13
1876 31 79
1876 32 19
1876 33 18
1876 34 60
1876 35 72
1876 36 82
1876 37 33
1876 38 21
1876 39 16
1876 40 10
1876 41 48
1876 42 0
1876 43 32
1876 44 41
1876 45 0
1876 46 0
1876 47 44
1876 48 77
1876 49 18
1876 50 0
1876 51 49
1876 52 0
1876 53 70
1876 54 307
1876 55 38
1876 56 30
1876 57 22
1876 58 0
1876 59 1
1876 60 212
1876 61 31
1876 62 21
1876 63 45
1876 64 1
1876 65 0
1876 66 37
1876 67 40
1876 68 159
1876 69 81
1876 70 109
1876 71 10
1876 72 0
1876 73 43
1876 74 123
1876 75 32
1876 76 0
1876 77 14
1876 78 17
1876 79 47
1876 80 0
1876 81 1
1876 82 32
1876 83 0
1876 84 0
1876 85 15
1876 86 74
1876 87 38
1876 88 17
1876 89 0
1876 90 126
1876 91 0
1876 92 0
1876 93 0
1876 94 44
1876 95 0
1901 1 98
1901 2 54
1901 3 19
1901 4 0
1901 5 2
1901 6 15
1901 7 161
1901 8 63
1901 9 3
1901 10 42
1901 11 0
1901 12 314
1901 13 181
1901 14 96
1901 15 40
1901 16 3
1901 17 30
1901 18 39
1901 19 25
1901 20 0
1901 21 21
1901 22 23
1901 23 0
1901 24 96
1901 25 40
1901 26 0
1901 27 18
1901 28 30
1901 29 1
1901 30 20
1901 31 82
1901 32 21
1901 33 44
1901 34 38
1901 35 58
1901 36 80
1901 37 32
1901 38 21
1901 39 23
1901 40 32
1901 41 54
1901 42 0
1901 43 24
1901 44 66
1901 45 8
1901 46 0
1901 47 19
1901 48 72
1901 49 20
1901 50 0
1901 51 48
1901 52 0
1901 53 76
1901 54 303
1901 55 36
1901 56 37
1901 57 27
1901 58 2
1901 59 0
1901 60 223
1901 61 34
1901 62 11
1901 63 32
1901 64 0
1901 65 0
1901 66 35
1901 67 34
1901 68 164
1901 69 76
1901 70 100
1901 71 6
1901 72 0
1901 73 35
1901 74 129
1901 75 34
1901 76 5
1901 77 18
1901 78 2
1901 79 47
1901 80 0
1901 81 1
1901 82 34
1901 83 1
1901 84 0
1901 85 21
1901 86 83
1901 87 44
1901 88 23
1901 89 0
1901 90 116
1901 91 0
1901 92 1
1901 93 11
1901 94 29
1901 95 0
1926 1 93
1926 2 64
1926 3 19
1926 4 1
1926 5 0
1926 6 18
1926 7 161
1926 8 53
1926 9 7
1926 10 47
1926 11 0
1926 12 291
1926 13 171
1926 14 88
1926 15 37
1926 16 19
1926 17 39
1926 18 41
1926 19 22
1926 20 3
1926 21 22
1926 22 37
1926 23 0
1926 24 77
1926 25 38
1926 26 0
1926 27 10
1926 28 39
1926 29 0
1926 30 20
1926 31 88
1926 32 23
1926 33 40
1926 34 27
1926 35 63
1926 36 81
1926 37 43
1926 38 19
1926 39 25
1926 40 34
1926 41 54
1926 42 0
1926 43 2
1926 44 62
1926 45 14
1926 46 0
1926 47 0
1926 48 78
1926 49 21
1926 50 0
1926 51 57
1926 52 0
1926 53 80
1926 54 274
1926 55 41
1926 56 44
1926 57 18
1926 58 0
1926 59 0
1926 60 252
1926 61 31
1926 62 11
1926 63 38
1926 64 0
1926 65 0
1926 66 38
1926 67 27
1926 68 134
1926 69 76
1926 70 95
1926 71 0
1926 72 0
1926 73 32
1926 74 136
1926 75 29
1926 76 15
1926 77 28
1926 78 0
1926 79 41
1926 80 0
1926 81 1
1926 82 34
1926 83 0
1926 84 0
1926 85 13
1926 86 85
1926 87 46
1926 88 31
1926 89 0
1926 90 122
1926 91 0
1926 92 0
1926 93 19
1926 94 23
1926 95 0
1951 1 85
1951 2 55
1951 3 15
1951 4 2
1951 5 0
1951 6 26
1951 7 175
1951 8 57
1951 9 32
1951 10 38
1951 11 0
1951 12 296
1951 13 192
1951 14 74
1951 15 40
1951 16 61
1951 17 33
1951 18 41
1951 19 20
1951 20 2
1951 21 20
1951 22 40
1951 23 0
1951 24 67
1951 25 37
1951 26 0
1951 27 24
1951 28 40
1951 29 0
1951 30 14
1951 31 76
1951 32 15
1951 33 42
1951 34 29
1951 35 61
1951 36 80
1951 37 26
1951 38 18
1951 39 16
1951 40 31
1951 41 49
1951 42 0
1951 43 1
1951 44 54
1951 45 11
1951 46 0
1951 47 0
1951 48 74
1951 49 18
1951 50 0
1951 51 28
1951 52 0
1951 53 76
1951 54 257
1951 55 35
1951 56 34
1951 57 13
1951 58 0
1951 59 1
1951 60 279
1951 61 38
1951 62 12
1951 63 35
1951 64 0
1951 65 0
1951 66 39
1951 67 3
1951 68 133
1951 69 75
1951 70 100
1951 71 0
1951 72 1
1951 73 21
1951 74 159
1951 75 35
1951 76 10
1951 77 22
1951 78 0
1951 79 42
1951 80 0
1951 81 1
1951 82 43
1951 83 0
1951 84 2
1951 85 17
1951 86 84
1951 87 40
1951 88 47
1951 89 0
1951 90 118
1951 91 3
1951 92 0
1951 93 31
1951 94 16
1951 95 0
1976 1 94
1976 2 54
1976 3 14
1976 4 3
1976 5 0
1976 6 22
1976 7 162
1976 8 60
1976 9 32
1976 10 40
1976 11 0
1976 12 275
1976 13 218
1976 14 82
1976 15 35
1976 16 74
1976 17 36
1976 18 35
1976 19 14
1976 20 0
1976 21 28
1976 22 40
1976 23 0
1976 24 42
1976 25 35
1976 26 0
1976 27 20
1976 28 38
1976 29 0
1976 30 25
1976 31 79
1976 32 51
1976 33 43
1976 34 28
1976 35 62
1976 36 79
1976 37 33
1976 38 1
1976 39 19
1976 40 29
1976 41 63
1976 42 0
1976 43 0
1976 44 85
1976 45 17
1976 46 0
1976 47 0
1976 48 79
1976 49 19
1976 50 1
1976 51 29
1976 52 0
1976 53 62
1976 54 241
1976 55 32
1976 56 34
1976 57 18
1976 58 0
1976 59 4
1976 60 283
1976 61 34
1976 62 7
1976 63 46
1976 64 0
1976 65 0
1976 66 37
1976 67 0
1976 68 134
1976 69 75
1976 70 108
1976 71 0
1976 72 0
1976 73 17
1976 74 159
1976 75 31
1976 76 8
1976 77 22
1976 78 0
1976 79 37
1976 80 1
1976 81 0
1976 82 39
1976 83 0
1976 84 0
1976 85 14
1976 86 82
1976 87 45
1976 88 37
1976 89 0
1976 90 115
1976 91 3
1976 92 0
1976 93 0
1976 94 28
1976 95 1
