1 5491
26 4395
51 4437
76 4396
101 4365
126 4353
151 4461
176 4479
201 4440
226 4505
251 4601
276 4466
301 4504
326 4407
351 4388
376 4494
401 4388
426 4305
451 4423
476 4367
501 4418
526 4345
551 4296
576 4432
601 4533
626 4408
651 4423
676 4459
701 4415
726 4449
751 4525
776 4514
801 4489
826 4401
851 4565
876 4453
901 4379
926 4439
951 4386
976 4390
1001 4435
1026 4450
1051 4464
1076 4463
1101 4580
1126 4391
1151 4400
1176 4363
1201 4306
1226 4433
1251 4550
1276 4574
1301 4573
1326 4407
1351 4505
1376 4493
1401 4442
1426 4528
1451 4466
1476 4562
1501 4467
1526 4472
1551 4499
1576 4526
1601 4552
1626 4446
1651 4526
1676 4507
1701 4530
1726 4515
1751 4479
1776 4452
1801 4360
1826 4370
1851 4361
1876 4428
1901 4521
1926 4601
1951 4450
1976 4435
