1 37
26 34
51 33
76 33
101 33
126 33
151 32
176 32
201 32
226 32
251 32
276 32
301 32
326 32
351 32
376 32
401 31
426 31
451 31
476 31
501 31
526 31
551 31
576 30
601 30
626 30
651 30
676 30
701 30
726 30
751 30
776 30
801 30
826 30
851 30
876 30
901 30
926 30
951 30
976 30
1001 30
1026 30
1051 30
1076 30
1101 30
1126 30
1151 30
1176 30
1201 30
1226 30
1251 30
1276 30
1301 30
1326 30
1351 30
1376 30
1401 30
1426 30
1451 29
1476 29
1501 29
1526 29
1551 29
1576 29
1601 29
1626 29
1651 28
1676 27
1701 27
1726 27
1751 27
1776 27
1801 27
1826 27
1851 27
1876 27
1901 27
1926 27
1951 27
1976 27
