1 1 0
1 2 0
1 3 29
1 4 0
1 5 73
1 6 0
1 7 91
1 8 0
1 9 0
1 10 0
1 11 41
1 12 0
1 13 353
1 14 14
1 15 5
1 16 0
1 17 0
1 18 377
1 19 0
1 20 0
1 21 1
1 22 139
1 23 124
1 24 58
1 25 0
1 26 0
1 27 0
1 28 0
1 29 0
1 30 0
1 31 79
1 32 1
1 33 0
1 34 0
1 35 155
1 36 0
1 37 0
1 38 0
1 39 42
1 40 150
1 41 42
1 42 77
1 43 101
1 44 46
1 45 4
1 46 54
1 47 124
1 48 16
1 49 0
1 50 0
1 51 8
1 52 30
1 53 4
1 54 0
1 55 20
1 56 21
1 57 310
1 58 1
1 59 0
1 60 0
1 61 35
1 62 0
1 63 251
1 64 0
1 65 43
1 66 36
1 67 227
1 68 0
1 69 0
1 70 1
1 71 36
1 72 21
1 73 286
1 74 0
1 75 33
1 76 59
1 77 22
1 78 0
1 79 0
1 80 0
1 81 13
1 82 49
1 83 0
1 84 0
1 85 0
1 86 0
1 87 64
1 88 0
1 89 302
1 90 0
1 91 0
1 92 0
1 93 0
1 94 0
1 95 125
26 1 0
26 2 0
26 3 11
26 4 0
26 5 3
26 6 21
26 7 11
26 8 0
26 9 0
26 10 0
26 11 6
26 12 0
26 13 15
26 14 6
26 15 19
26 16 0
26 17 0
26 18 82
26 19 0
26 20 20
26 21 19
26 22 20
26 23 0
26 24 9
26 25 18
26 26 1
26 27 11
26 28 18
26 29 0
26 30 0
26 31 0
26 32 21
26 33 18
26 34 0
26 35 0
26 36 0
26 37 0
26 38 39
26 39 0
26 40 40
26 41 0
26 42 11
26 43 5
26 44 22
26 45 0
26 46 18
26 47 41
26 48 14
26 49 14
26 50 0
26 51 19
26 52 11
26 53 20
26 54 0
26 55 14
26 56 11
26 57 14
26 58 34
26 59 0
26 60 40
26 61 8
26 62 0
26 63 0
26 64 0
26 65 45
26 66 16
26 67 51
26 68 0
26 69 0
26 70 0
26 71 0
26 72 13
26 73 40
26 74 0
26 75 17
26 76 0
26 77 8
26 78 19
26 79 6
26 80 0
26 81 20
26 82 34
26 83 0
26 84 11
26 85 0
26 86 0
26 87 39
26 88 17
26 89 140
26 90 0
26 91 0
26 92 19
26 93 0
26 94 0
26 95 37
51 1 0
51 2 0
51 3 6
51 4 0
51 5 0
51 6 18
51 7 0
51 8 18
51 9 0
51 10 0
51 11 0
51 12 36
51 13 15
51 14 10
51 15 16
51 16 0
51 17 0
51 18 81
51 19 0
51 20 21
51 21 21
51 22 0
51 23 0
51 24 9
51 25 20
51 26 9
51 27 23
51 28 25
51 29 6
51 30 0
51 31 0
51 32 46
51 33 12
51 34 0
51 35 0
51 36 0
51 37 0
51 38 35
51 39 0
51 40 41
51 41 0
51 42 0
51 43 8
51 44 18
51 45 0
51 46 9
51 47 40
51 48 19
51 49 9
51 50 0
51 51 24
51 52 0
51 53 10
51 54 24
51 55 12
51 56 9
51 57 14
51 58 40
51 59 6
51 60 60
51 61 10
51 62 18
51 63 0
51 64 0
51 65 40
51 66 19
51 67 39
51 68 0
51 69 0
51 70 0
51 71 1
51 72 2
51 73 42
51 74 0
51 75 16
51 76 0
51 77 0
51 78 24
51 79 0
51 80 16
51 81 21
51 82 26
51 83 16
51 84 11
51 85 0
51 86 0
51 87 40
51 88 26
51 89 123
51 90 0
51 91 39
51 92 39
51 93 26
51 94 0
51 95 38
76 1 0
76 2 18
76 3 7
76 4 0
76 5 0
76 6 36
76 7 0
76 8 32
76 9 0
76 10 0
76 11 7
76 12 66
76 13 24
76 14 12
76 15 10
76 16 0
76 17 0
76 18 80
76 19 0
76 20 24
76 21 10
76 22 0
76 23 0
76 24 0
76 25 37
76 26 0
76 27 32
76 28 37
76 29 8
76 30 15
76 31 0
76 32 42
76 33 18
76 34 0
76 35 0
76 36 0
76 37 0
76 38 41
76 39 1
76 40 37
76 41 0
76 42 0
76 43 5
76 44 22
76 45 0
76 46 2
76 47 37
76 48 42
76 49 12
76 50 0
76 51 0
76 52 0
76 53 8
76 54 19
76 55 23
76 56 20
76 57 16
76 58 38
76 59 18
76 60 36
76 61 10
76 62 40
76 63 0
76 64 0
76 65 25
76 66 32
76 67 39
76 68 0
76 69 0
76 70 0
76 71 0
76 72 18
76 73 38
76 74 20
76 75 18
76 76 0
76 77 0
76 78 37
76 79 0
76 80 10
76 81 39
76 82 50
76 83 0
76 84 22
76 85 1
76 86 16
76 87 41
76 88 17
76 89 139
76 90 0
76 91 55
76 92 38
76 93 45
76 94 0
76 95 41
101 1 0
101 2 12
101 3 19
101 4 0
101 5 0
101 6 41
101 7 0
101 8 33
101 9 15
101 10 0
101 11 9
101 12 70
101 13 18
101 14 12
101 15 14
101 16 0
101 17 1
101 18 85
101 19 21
101 20 21
101 21 20
101 22 0
101 23 0
101 24 0
101 25 21
101 26 0
101 27 55
101 28 40
101 29 8
101 30 15
101 31 0
101 32 54
101 33 41
101 34 0
101 35 0
101 36 0
101 37 1
101 38 40
101 39 2
101 40 39
101 41 0
101 42 0
101 43 1
101 44 11
101 45 0
101 46 0
101 47 30
101 48 46
101 49 8
101 50 0
101 51 0
101 52 0
101 53 5
101 54 33
101 55 17
101 56 30
101 57 17
101 58 47
101 59 9
101 60 62
101 61 0
101 62 38
101 63 0
101 64 0
101 65 55
101 66 21
101 67 41
101 68 0
101 69 0
101 70 1
101 71 0
101 72 5
101 73 43
101 74 17
101 75 10
101 76 0
101 77 0
101 78 44
101 79 0
101 80 14
101 81 41
101 82 38
101 83 0
101 84 15
101 85 0
101 86 15
101 87 39
101 88 19
101 89 117
101 90 0
101 91 66
101 92 51
101 93 43
101 94 0
101 95 40
126 1 0
126 2 0
126 3 10
126 4 0
126 5 0
126 6 31
126 7 0
126 8 30
126 9 11
126 10 0
126 11 2
126 12 78
126 13 17
126 14 16
126 15 41
126 16 5
126 17 10
126 18 79
126 19 18
126 20 21
126 21 20
126 22 0
126 23 0
126 24 0
126 25 19
126 26 0
126 27 44
126 28 32
126 29 11
126 30 25
126 31 0
126 32 51
126 33 41
126 34 27
126 35 0
126 36 0
126 37 2
126 38 39
126 39 0
126 40 41
126 41 0
126 42 0
126 43 0
126 44 17
126 45 0
126 46 0
126 47 31
126 48 37
126 49 11
126 50 0
126 51 0
126 52 0
126 53 0
126 54 10
126 55 18
126 56 26
126 57 22
126 58 38
126 59 42
126 60 53
126 61 0
126 62 39
126 63 0
126 64 3
126 65 62
126 66 7
126 67 40
126 68 0
126 69 0
126 70 0
126 71 0
126 72 10
126 73 38
126 74 21
126 75 10
126 76 0
126 77 0
126 78 63
126 79 0
126 80 16
126 81 43
126 82 24
126 83 20
126 84 11
126 85 0
126 86 19
126 87 39
126 88 20
126 89 126
126 90 0
126 91 80
126 92 61
126 93 49
126 94 0
126 95 42
151 1 0
151 2 0
151 3 10
151 4 0
151 5 0
151 6 33
151 7 0
151 8 30
151 9 16
151 10 0
151 11 0
151 12 69
151 13 21
151 14 8
151 15 48
151 16 0
151 17 40
151 18 85
151 19 41
151 20 48
151 21 20
151 22 0
151 23 0
151 24 0
151 25 20
151 26 0
151 27 59
151 28 34
151 29 0
151 30 20
151 31 0
151 32 58
151 33 40
151 34 18
151 35 0
151 36 0
151 37 0
151 38 65
151 39 0
151 40 40
151 41 0
151 42 0
151 43 0
151 44 15
151 45 5
151 46 0
151 47 29
151 48 48
151 49 10
151 50 0
151 51 0
151 52 0
151 53 0
151 54 14
151 55 26
151 56 44
151 57 18
151 58 39
151 59 30
151 60 58
151 61 0
151 62 38
151 63 0
151 64 0
151 65 85
151 66 6
151 67 49
151 68 0
151 69 0
151 70 1
151 71 0
151 72 0
151 73 40
151 74 18
151 75 0
151 76 0
151 77 0
151 78 58
151 79 6
151 80 10
151 81 80
151 82 31
151 83 17
151 84 16
151 85 0
151 86 12
151 87 45
151 88 20
151 89 113
151 90 0
151 91 81
151 92 54
151 93 63
151 94 0
151 95 40
176 1 0
176 2 10
176 3 11
176 4 0
176 5 0
176 6 42
176 7 0
176 8 33
176 9 17
176 10 0
176 11 0
176 12 77
176 13 14
176 14 10
176 15 54
176 16 0
176 17 40
176 18 82
176 19 40
176 20 42
176 21 24
176 22 0
176 23 0
176 24 0
176 25 22
176 26 0
176 27 61
176 28 42
176 29 0
176 30 47
176 31 0
176 32 66
176 33 38
176 34 19
176 35 0
176 36 1
176 37 0
176 38 78
176 39 0
176 40 41
176 41 0
176 42 0
176 43 0
176 44 8
176 45 0
176 46 0
176 47 33
176 48 68
176 49 11
176 50 0
176 51 0
176 52 9
176 53 0
176 54 10
176 55 13
176 56 41
176 57 11
176 58 43
176 59 39
176 60 55
176 61 0
176 62 36
176 63 0
176 64 0
176 65 77
176 66 21
176 67 37
176 68 0
176 69 0
176 70 0
176 71 0
176 72 12
176 73 41
176 74 18
176 75 0
176 76 2
176 77 0
176 78 40
176 79 10
176 80 14
176 81 77
176 82 19
176 83 17
176 84 10
176 85 0
176 86 0
176 87 36
176 88 18
176 89 112
176 90 0
176 91 91
176 92 58
176 93 69
176 94 2
176 95 42
201 1 1
201 2 17
201 3 12
201 4 1
201 5 0
201 6 43
201 7 0
201 8 20
201 9 15
201 10 0
201 11 0
201 12 48
201 13 25
201 14 13
201 15 57
201 16 0
201 17 37
201 18 81
201 19 38
201 20 42
201 21 17
201 22 0
201 23 0
201 24 0
201 25 13
201 26 1
201 27 71
201 28 33
201 29 0
201 30 39
201 31 0
201 32 72
201 33 65
201 34 10
201 35 0
201 36 0
201 37 0
201 38 73
201 39 0
201 40 38
201 41 0
201 42 0
201 43 8
201 44 14
201 45 0
201 46 6
201 47 35
201 48 69
201 49 11
201 50 0
201 51 0
201 52 12
201 53 0
201 54 5
201 55 8
201 56 36
201 57 4
201 58 35
201 59 32
201 60 69
201 61 3
201 62 39
201 63 0
201 64 18
201 65 81
201 66 17
201 67 39
201 68 0
201 69 0
201 70 0
201 71 0
201 72 14
201 73 39
201 74 14
201 75 0
201 76 0
201 77 0
201 78 37
201 79 0
201 80 12
201 81 87
201 82 29
201 83 16
201 84 15
201 85 0
201 86 0
201 87 36
201 88 40
201 89 122
201 90 0
201 91 80
201 92 49
201 93 69
201 94 0
201 95 33
226 1 0
226 2 22
226 3 9
226 4 0
226 5 0
226 6 35
226 7 0
226 8 31
226 9 14
226 10 0
226 11 0
226 12 32
226 13 27
226 14 11
226 15 48
226 16 0
226 17 39
226 18 79
226 19 58
226 20 42
226 21 14
226 22 0
226 23 0
226 24 0
226 25 40
226 26 0
226 27 53
226 28 34
226 29 0
226 30 45
226 31 0
226 32 65
226 33 60
226 34 16
226 35 0
226 36 0
226 37 4
226 38 67
226 39 1
226 40 39
226 41 0
226 42 0
226 43 6
226 44 22
226 45 0
226 46 12
226 47 37
226 48 52
226 49 0
226 50 0
226 51 0
226 52 11
226 53 0
226 54 2
226 55 6
226 56 30
226 57 2
226 58 40
226 59 20
226 60 70
226 61 0
226 62 22
226 63 0
226 64 19
226 65 78
226 66 27
226 67 39
226 68 0
226 69 0
226 70 0
226 71 0
226 72 29
226 73 44
226 74 20
226 75 0
226 76 0
226 77 0
226 78 39
226 79 7
226 80 14
226 81 77
226 82 23
226 83 22
226 84 11
226 85 0
226 86 0
226 87 40
226 88 76
226 89 115
226 90 0
226 91 79
226 92 39
226 93 64
226 94 0
226 95 40
251 1 0
251 2 28
251 3 9
251 4 5
251 5 0
251 6 11
251 7 0
251 8 25
251 9 10
251 10 0
251 11 0
251 12 40
251 13 12
251 14 10
251 15 35
251 16 0
251 17 38
251 18 74
251 19 73
251 20 42
251 21 7
251 22 0
251 23 0
251 24 0
251 25 36
251 26 0
251 27 52
251 28 37
251 29 0
251 30 40
251 31 0
251 32 79
251 33 73
251 34 16
251 35 0
251 36 0
251 37 1
251 38 66
251 39 0
251 40 36
251 41 0
251 42 0
251 43 0
251 44 19
251 45 0
251 46 16
251 47 36
251 48 65
251 49 0
251 50 3
251 51 0
251 52 8
251 53 0
251 54 1
251 55 0
251 56 36
251 57 1
251 58 38
251 59 44
251 60 84
251 61 0
251 62 40
251 63 0
251 64 59
251 65 115
251 66 27
251 67 44
251 68 0
251 69 0
251 70 0
251 71 0
251 72 30
251 73 42
251 74 21
251 75 0
251 76 0
251 77 0
251 78 36
251 79 0
251 80 15
251 81 79
251 82 40
251 83 18
251 84 17
251 85 0
251 86 0
251 87 44
251 88 51
251 89 128
251 90 0
251 91 90
251 92 41
251 93 80
251 94 0
251 95 38
276 1 0
276 2 20
276 3 10
276 4 0
276 5 0
276 6 19
276 7 0
276 8 35
276 9 9
276 10 2
276 11 5
276 12 30
276 13 14
276 14 0
276 15 40
276 16 0
276 17 37
276 18 80
276 19 60
276 20 42
276 21 18
276 22 0
276 23 0
276 24 0
276 25 39
276 26 0
276 27 55
276 28 45
276 29 0
276 30 49
276 31 0
276 32 75
276 33 71
276 34 21
276 35 0
276 36 10
276 37 0
276 38 60
276 39 0
276 40 24
276 41 0
276 42 1
276 43 0
276 44 11
276 45 0
276 46 10
276 47 39
276 48 48
276 49 0
276 50 10
276 51 0
276 52 12
276 53 0
276 54 0
276 55 0
276 56 47
276 57 0
276 58 57
276 59 41
276 60 80
276 61 0
276 62 34
276 63 0
276 64 41
276 65 109
276 66 11
276 67 42
276 68 0
276 69 0
276 70 0
276 71 0
276 72 23
276 73 43
276 74 18
276 75 13
276 76 0
276 77 1
276 78 39
276 79 2
276 80 12
276 81 76
276 82 34
276 83 19
276 84 17
276 85 0
276 86 0
276 87 37
276 88 53
276 89 118
276 90 1
276 91 87
276 92 47
276 93 82
276 94 1
276 95 40
301 1 0
301 2 28
301 3 14
301 4 0
301 5 1
301 6 13
301 7 0
301 8 28
301 9 0
301 10 0
301 11 4
301 12 39
301 13 21
301 14 0
301 15 45
301 16 0
301 17 40
301 18 84
301 19 79
301 20 41
301 21 21
301 22 0
301 23 0
301 24 0
301 25 27
301 26 0
301 27 56
301 28 48
301 29 0
301 30 58
301 31 0
301 32 99
301 33 86
301 34 19
301 35 0
301 36 5
301 37 0
301 38 86
301 39 0
301 40 42
301 41 0
301 42 0
301 43 0
301 44 11
301 45 1
301 46 0
301 47 38
301 48 61
301 49 0
301 50 11
301 51 0
301 52 8
301 53 1
301 54 1
301 55 0
301 56 47
301 57 0
301 58 41
301 59 21
301 60 91
301 61 0
301 62 33
301 63 0
301 64 37
301 65 102
301 66 16
301 67 41
301 68 0
301 69 0
301 70 1
301 71 0
301 72 18
301 73 36
301 74 15
301 75 11
301 76 0
301 77 1
301 78 38
301 79 0
301 80 13
301 81 79
301 82 38
301 83 39
301 84 22
301 85 0
301 86 0
301 87 36
301 88 56
301 89 123
301 90 0
301 91 72
301 92 61
301 93 88
301 94 0
301 95 43
326 1 0
326 2 39
326 3 0
326 4 1
326 5 0
326 6 16
326 7 0
326 8 23
326 9 0
326 10 0
326 11 2
326 12 42
326 13 14
326 14 0
326 15 30
326 16 0
326 17 43
326 18 84
326 19 78
326 20 41
326 21 18
326 22 0
326 23 0
326 24 0
326 25 43
326 26 0
326 27 76
326 28 34
326 29 0
326 30 58
326 31 0
326 32 97
326 33 76
326 34 24
326 35 0
326 36 0
326 37 0
326 38 88
326 39 0
326 40 39
326 41 0
326 42 0
326 43 0
326 44 12
326 45 0
326 46 0
326 47 32
326 48 55
326 49 0
326 50 25
326 51 0
326 52 0
326 53 15
326 54 0
326 55 0
326 56 59
326 57 0
326 58 33
326 59 21
326 60 90
326 61 0
326 62 54
326 63 0
326 64 61
326 65 91
326 66 18
326 67 42
326 68 0
326 69 0
326 70 10
326 71 0
326 72 29
326 73 38
326 74 20
326 75 11
326 76 2
326 77 0
326 78 35
326 79 0
326 80 10
326 81 78
326 82 30
326 83 42
326 84 9
326 85 0
326 86 0
326 87 33
326 88 60
326 89 108
326 90 17
326 91 69
326 92 51
326 93 93
326 94 0
326 95 44
351 1 0
351 2 41
351 3 0
351 4 0
351 5 0
351 6 20
351 7 7
351 8 31
351 9 1
351 10 0
351 11 1
351 12 51
351 13 18
351 14 0
351 15 30
351 16 0
351 17 39
351 18 77
351 19 82
351 20 50
351 21 25
351 22 1
351 23 0
351 24 0
351 25 28
351 26 0
351 27 63
351 28 53
351 29 0
351 30 61
351 31 0
351 32 102
351 33 86
351 34 24
351 35 0
351 36 0
351 37 10
351 38 72
351 39 0
351 40 39
351 41 0
351 42 0
351 43 0
351 44 5
351 45 0
351 46 0
351 47 29
351 48 53
351 49 0
351 50 14
351 51 0
351 52 0
351 53 39
351 54 0
351 55 0
351 56 40
351 57 0
351 58 40
351 59 21
351 60 88
351 61 0
351 62 38
351 63 8
351 64 54
351 65 92
351 66 28
351 67 49
351 68 0
351 69 0
351 70 11
351 71 0
351 72 35
351 73 40
351 74 15
351 75 12
351 76 1
351 77 0
351 78 38
351 79 0
351 80 8
351 81 77
351 82 36
351 83 39
351 84 14
351 85 0
351 86 0
351 87 27
351 88 49
351 89 108
351 90 34
351 91 73
351 92 74
351 93 86
351 94 23
351 95 52
376 1 0
376 2 41
376 3 1
376 4 10
376 5 0
376 6 21
376 7 13
376 8 46
376 9 0
376 10 0
376 11 0
376 12 48
376 13 17
376 14 1
376 15 32
376 16 0
376 17 36
376 18 75
376 19 75
376 20 46
376 21 20
376 22 0
376 23 0
376 24 0
376 25 39
376 26 0
376 27 67
376 28 36
376 29 0
376 30 59
376 31 0
376 32 100
376 33 87
376 34 29
376 35 0
376 36 1
376 37 22
376 38 69
376 39 0
376 40 40
376 41 0
376 42 0
376 43 0
376 44 8
376 45 0
376 46 1
376 47 7
376 48 47
376 49 0
376 50 18
376 51 0
376 52 0
376 53 22
376 54 0
376 55 11
376 56 47
376 57 0
376 58 37
376 59 21
376 60 82
376 61 0
376 62 47
376 63 33
376 64 66
376 65 70
376 66 19
376 67 42
376 68 0
376 69 0
376 70 14
376 71 0
376 72 38
376 73 40
376 74 13
376 75 1
376 76 0
376 77 0
376 78 41
376 79 0
376 80 9
376 81 89
376 82 34
376 83 37
376 84 13
376 85 0
376 86 0
376 87 37
376 88 42
376 89 103
376 90 32
376 91 75
376 92 78
376 93 87
376 94 22
376 95 42
401 1 0
401 2 46
401 3 0
401 4 8
401 5 0
401 6 21
401 7 16
401 8 58
401 9 0
401 10 0
401 11 0
401 12 52
401 13 22
401 14 0
401 15 42
401 16 0
401 17 38
401 18 72
401 19 94
401 20 36
401 21 23
401 22 0
401 23 0
401 24 0
401 25 29
401 26 0
401 27 71
401 28 31
401 29 0
401 30 61
401 31 0
401 32 90
401 33 76
401 34 43
401 35 0
401 36 16
401 37 28
401 38 68
401 39 0
401 40 40
401 41 0
401 42 0
401 43 0
401 44 16
401 45 0
401 46 0
401 47 2
401 48 35
401 49 0
401 50 6
401 51 0
401 52 0
401 53 30
401 54 0
401 55 0
401 56 43
401 57 0
401 58 35
401 59 23
401 60 70
401 61 7
401 62 40
401 63 40
401 64 54
401 65 62
401 66 18
401 67 39
401 68 17
401 69 16
401 70 10
401 71 0
401 72 54
401 73 39
401 74 17
401 75 0
401 76 0
401 77 0
401 78 40
401 79 0
401 80 10
401 81 65
401 82 2
401 83 27
401 84 19
401 85 0
401 86 0
401 87 41
401 88 62
401 89 91
401 90 23
401 91 60
401 92 87
401 93 78
401 94 35
401 95 37
426 1 0
426 2 44
426 3 0
426 4 10
426 5 0
426 6 39
426 7 23
426 8 48
426 9 0
426 10 0
426 11 0
426 12 60
426 13 15
426 14 0
426 15 39
426 16 0
426 17 37
426 18 59
426 19 76
426 20 37
426 21 20
426 22 0
426 23 0
426 24 0
426 25 42
426 26 0
426 27 91
426 28 28
426 29 1
426 30 61
426 31 0
426 32 88
426 33 79
426 34 31
426 35 0
426 36 19
426 37 10
426 38 58
426 39 0
426 40 45
426 41 0
426 42 0
426 43 2
426 44 9
426 45 7
426 46 0
426 47 1
426 48 25
426 49 3
426 50 1
426 51 0
426 52 0
426 53 32
426 54 0
426 55 0
426 56 27
426 57 0
426 58 32
426 59 28
426 60 75
426 61 11
426 62 39
426 63 38
426 64 62
426 65 77
426 66 13
426 67 39
426 68 20
426 69 20
426 70 11
426 71 0
426 72 53
426 73 39
426 74 20
426 75 0
426 76 0
426 77 0
426 78 31
426 79 1
426 80 20
426 81 75
426 82 1
426 83 37
426 84 18
426 85 0
426 86 0
426 87 39
426 88 54
426 89 96
426 90 21
426 91 84
426 92 108
426 93 81
426 94 26
426 95 40
451 1 0
451 2 38
451 3 0
451 4 18
451 5 0
451 6 58
451 7 21
451 8 36
451 9 0
451 10 0
451 11 0
451 12 87
451 13 18
451 14 1
451 15 22
451 16 0
451 17 38
451 18 57
451 19 64
451 20 48
451 21 20
451 22 0
451 23 1
451 24 0
451 25 35
451 26 0
451 27 93
451 28 31
451 29 0
451 30 67
451 31 0
451 32 88
451 33 83
451 34 30
451 35 0
451 36 15
451 37 16
451 38 64
451 39 0
451 40 39
451 41 0
451 42 0
451 43 0
451 44 11
451 45 0
451 46 0
451 47 0
451 48 24
451 49 1
451 50 0
451 51 1
451 52 2
451 53 21
451 54 0
451 55 0
451 56 28
451 57 0
451 58 34
451 59 36
451 60 71
451 61 8
451 62 30
451 63 42
451 64 57
451 65 107
451 66 10
451 67 40
451 68 18
451 69 20
451 70 10
451 71 0
451 72 50
451 73 38
451 74 15
451 75 0
451 76 0
451 77 0
451 78 31
451 79 0
451 80 9
451 81 68
451 82 0
451 83 37
451 84 12
451 85 0
451 86 0
451 87 37
451 88 44
451 89 89
451 90 19
451 91 60
451 92 97
451 93 79
451 94 27
451 95 41
476 1 3
476 2 31
476 3 0
476 4 11
476 5 0
476 6 64
476 7 30
476 8 20
476 9 0
476 10 0
476 11 0
476 12 78
476 13 26
476 14 1
476 15 23
476 16 0
476 17 43
476 18 62
476 19 79
476 20 39
476 21 20
476 22 0
476 23 0
476 24 9
476 25 30
476 26 0
476 27 74
476 28 10
476 29 0
476 30 59
476 31 0
476 32 128
476 33 91
476 34 29
476 35 1
476 36 20
476 37 11
476 38 60
476 39 0
476 40 39
476 41 0
476 42 7
476 43 0
476 44 13
476 45 0
476 46 10
476 47 0
476 48 25
476 49 0
476 50 0
476 51 0
476 52 0
476 53 10
476 54 0
476 55 0
476 56 21
476 57 0
476 58 40
476 59 41
476 60 95
476 61 0
476 62 24
476 63 43
476 64 59
476 65 94
476 66 14
476 67 38
476 68 23
476 69 19
476 70 18
476 71 0
476 72 50
476 73 41
476 74 25
476 75 0
476 76 0
476 77 1
476 78 22
476 79 0
476 80 11
476 81 98
476 82 0
476 83 40
476 84 6
476 85 0
476 86 16
476 87 42
476 88 38
476 89 89
476 90 17
476 91 58
476 92 114
476 93 91
476 94 29
476 95 35
501 1 1
501 2 33
501 3 0
501 4 7
501 5 0
501 6 69
501 7 22
501 8 28
501 9 0
501 10 0
501 11 0
501 12 95
501 13 18
501 14 0
501 15 1
501 16 0
501 17 38
501 18 67
501 19 76
501 20 44
501 21 20
501 22 0
501 23 0
501 24 0
501 25 35
501 26 1
501 27 55
501 28 18
501 29 0
501 30 63
501 31 0
501 32 108
501 33 79
501 34 24
501 35 0
501 36 33
501 37 10
501 38 53
501 39 0
501 40 30
501 41 0
501 42 13
501 43 0
501 44 9
501 45 0
501 46 0
501 47 0
501 48 25
501 49 0
501 50 13
501 51 2
501 52 0
501 53 11
501 54 7
501 55 0
501 56 29
501 57 0
501 58 40
501 59 45
501 60 102
501 61 1
501 62 18
501 63 40
501 64 64
501 65 115
501 66 25
501 67 41
501 68 27
501 69 23
501 70 13
501 71 0
501 72 46
501 73 40
501 74 20
501 75 0
501 76 0
501 77 4
501 78 24
501 79 0
501 80 18
501 81 99
501 82 0
501 83 41
501 84 10
501 85 9
501 86 14
501 87 40
501 88 41
501 89 92
501 90 11
501 91 49
501 92 103
501 93 84
501 94 34
501 95 40
526 1 0
526 2 32
526 3 0
526 4 10
526 5 0
526 6 55
526 7 29
526 8 23
526 9 0
526 10 0
526 11 0
526 12 91
526 13 22
526 14 0
526 15 7
526 16 0
526 17 38
526 18 59
526 19 67
526 20 40
526 21 20
526 22 0
526 23 0
526 24 12
526 25 39
526 26 0
526 27 54
526 28 12
526 29 1
526 30 89
526 31 0
526 32 94
526 33 87
526 34 38
526 35 0
526 36 33
526 37 20
526 38 64
526 39 0
526 40 34
526 41 0
526 42 7
526 43 0
526 44 13
526 45 0
526 46 0
526 47 0
526 48 36
526 49 1
526 50 14
526 51 0
526 52 0
526 53 16
526 54 10
526 55 0
526 56 31
526 57 0
526 58 45
526 59 41
526 60 88
526 61 0
526 62 20
526 63 40
526 64 65
526 65 116
526 66 29
526 67 39
526 68 41
526 69 20
526 70 21
526 71 0
526 72 39
526 73 44
526 74 14
526 75 0
526 76 0
526 77 0
526 78 20
526 79 0
526 80 15
526 81 100
526 82 0
526 83 40
526 84 10
526 85 10
526 86 19
526 87 41
526 88 43
526 89 87
526 90 20
526 91 57
526 92 127
526 93 85
526 94 32
526 95 35
551 1 0
551 2 34
551 3 0
551 4 16
551 5 0
551 6 75
551 7 23
551 8 30
551 9 0
551 10 0
551 11 0
551 12 78
551 13 24
551 14 0
551 15 15
551 16 5
551 17 34
551 18 56
551 19 57
551 20 45
551 21 38
551 22 0
551 23 0
551 24 0
551 25 23
551 26 0
551 27 63
551 28 11
551 29 0
551 30 105
551 31 0
551 32 85
551 33 83
551 34 28
551 35 0
551 36 34
551 37 22
551 38 67
551 39 0
551 40 32
551 41 0
551 42 7
551 43 0
551 44 8
551 45 0
551 46 0
551 47 0
551 48 31
551 49 0
551 50 0
551 51 0
551 52 0
551 53 9
551 54 11
551 55 0
551 56 10
551 57 0
551 58 38
551 59 38
551 60 94
551 61 0
551 62 19
551 63 41
551 64 65
551 65 133
551 66 30
551 67 54
551 68 30
551 69 26
551 70 25
551 71 0
551 72 48
551 73 42
551 74 15
551 75 0
551 76 0
551 77 0
551 78 19
551 79 0
551 80 10
551 81 79
551 82 0
551 83 38
551 84 17
551 85 11
551 86 9
551 87 42
551 88 49
551 89 91
551 90 11
551 91 57
551 92 122
551 93 80
551 94 38
551 95 30
576 1 0
576 2 43
576 3 0
576 4 13
576 5 0
576 6 59
576 7 22
576 8 32
576 9 0
576 10 0
576 11 0
576 12 64
576 13 19
576 14 0
576 15 17
576 16 17
576 17 53
576 18 69
576 19 52
576 20 40
576 21 45
576 22 0
576 23 0
576 24 0
576 25 24
576 26 0
576 27 53
576 28 20
576 29 0
576 30 73
576 31 0
576 32 126
576 33 88
576 34 28
576 35 0
576 36 44
576 37 18
576 38 59
576 39 0
576 40 34
576 41 0
576 42 15
576 43 21
576 44 7
576 45 0
576 46 0
576 47 0
576 48 26
576 49 7
576 50 0
576 51 0
576 52 0
576 53 12
576 54 10
576 55 0
576 56 0
576 57 1
576 58 31
576 59 43
576 60 78
576 61 0
576 62 14
576 63 17
576 64 83
576 65 143
576 66 28
576 67 30
576 68 36
576 69 18
576 70 20
576 71 0
576 72 34
576 73 42
576 74 32
576 75 1
576 76 0
576 77 0
576 78 18
576 79 0
576 80 14
576 81 82
576 82 0
576 83 15
576 84 1
576 85 8
576 86 17
576 87 39
576 88 44
576 89 84
576 90 18
576 91 55
576 92 118
576 93 81
576 94 32
576 95 34
601 1 0
601 2 44
601 3 0
601 4 14
601 5 0
601 6 49
601 7 16
601 8 34
601 9 0
601 10 0
601 11 2
601 12 79
601 13 17
601 14 0
601 15 16
601 16 19
601 17 66
601 18 59
601 19 60
601 20 38
601 21 31
601 22 0
601 23 0
601 24 0
601 25 17
601 26 0
601 27 65
601 28 10
601 29 1
601 30 86
601 31 0
601 32 115
601 33 87
601 34 24
601 35 1
601 36 54
601 37 21
601 38 57
601 39 0
601 40 30
601 41 11
601 42 0
601 43 36
601 44 12
601 45 1
601 46 0
601 47 2
601 48 32
601 49 9
601 50 0
601 51 12
601 52 0
601 53 12
601 54 0
601 55 0
601 56 0
601 57 0
601 58 39
601 59 44
601 60 73
601 61 0
601 62 20
601 63 10
601 64 76
601 65 139
601 66 39
601 67 37
601 68 42
601 69 25
601 70 24
601 71 0
601 72 33
601 73 40
601 74 23
601 75 0
601 76 0
601 77 0
601 78 20
601 79 0
601 80 12
601 81 82
601 82 0
601 83 6
601 84 0
601 85 11
601 86 8
601 87 36
601 88 37
601 89 78
601 90 21
601 91 49
601 92 135
601 93 80
601 94 37
601 95 42
626 1 0
626 2 53
626 3 0
626 4 4
626 5 0
626 6 44
626 7 27
626 8 31
626 9 1
626 10 0
626 11 0
626 12 48
626 13 25
626 14 0
626 15 20
626 16 20
626 17 60
626 18 56
626 19 51
626 20 42
626 21 33
626 22 0
626 23 0
626 24 0
626 25 20
626 26 0
626 27 73
626 28 18
626 29 0
626 30 94
626 31 0
626 32 106
626 33 95
626 34 28
626 35 0
626 36 50
626 37 17
626 38 54
626 39 0
626 40 28
626 41 0
626 42 0
626 43 33
626 44 0
626 45 2
626 46 0
626 47 0
626 48 36
626 49 0
626 50 0
626 51 12
626 52 0
626 53 25
626 54 0
626 55 0
626 56 0
626 57 0
626 58 36
626 59 44
626 60 66
626 61 0
626 62 17
626 63 8
626 64 73
626 65 133
626 66 35
626 67 41
626 68 65
626 69 30
626 70 9
626 71 0
626 72 25
626 73 39
626 74 18
626 75 0
626 76 0
626 77 0
626 78 11
626 79 1
626 80 13
626 81 81
626 82 0
626 83 0
626 84 2
626 85 11
626 86 0
626 87 35
626 88 48
626 89 75
626 90 31
626 91 56
626 92 138
626 93 73
626 94 40
626 95 39
651 1 0
651 2 63
651 3 1
651 4 0
651 5 0
651 6 39
651 7 19
651 8 27
651 9 0
651 10 0
651 11 0
651 12 69
651 13 14
651 14 0
651 15 21
651 16 13
651 17 63
651 18 62
651 19 64
651 20 38
651 21 47
651 22 0
651 23 1
651 24 0
651 25 27
651 26 0
651 27 70
651 28 11
651 29 0
651 30 111
651 31 0
651 32 102
651 33 89
651 34 18
651 35 0
651 36 50
651 37 21
651 38 54
651 39 0
651 40 27
651 41 0
651 42 0
651 43 36
651 44 0
651 45 0
651 46 0
651 47 0
651 48 27
651 49 0
651 50 0
651 51 21
651 52 0
651 53 29
651 54 0
651 55 2
651 56 0
651 57 0
651 58 37
651 59 70
651 60 103
651 61 0
651 62 23
651 63 5
651 64 54
651 65 144
651 66 34
651 67 43
651 68 55
651 69 18
651 70 13
651 71 0
651 72 32
651 73 41
651 74 16
651 75 5
651 76 0
651 77 0
651 78 18
651 79 0
651 80 10
651 81 68
651 82 10
651 83 0
651 84 0
651 85 7
651 86 1
651 87 35
651 88 50
651 89 72
651 90 28
651 91 70
651 92 146
651 93 108
651 94 36
651 95 40
676 1 0
676 2 66
676 3 0
676 4 0
676 5 0
676 6 39
676 7 25
676 8 42
676 9 0
676 10 2
676 11 0
676 12 55
676 13 16
676 14 1
676 15 21
676 16 17
676 17 57
676 18 53
676 19 61
676 20 41
676 21 55
676 22 0
676 23 0
676 24 0
676 25 30
676 26 0
676 27 78
676 28 11
676 29 1
676 30 108
676 31 0
676 32 95
676 33 80
676 34 15
676 35 0
676 36 57
676 37 31
676 38 58
676 39 0
676 40 30
676 41 0
676 42 1
676 43 43
676 44 0
676 45 0
676 46 2
676 47 0
676 48 27
676 49 0
676 50 0
676 51 12
676 52 0
676 53 3
676 54 0
676 55 0
676 56 0
676 57 12
676 58 37
676 59 64
676 60 92
676 61 0
676 62 43
676 63 1
676 64 41
676 65 140
676 66 32
676 67 39
676 68 70
676 69 20
676 70 10
676 71 0
676 72 19
676 73 43
676 74 21
676 75 4
676 76 0
676 77 0
676 78 33
676 79 0
676 80 10
676 81 79
676 82 9
676 83 0
676 84 0
676 85 8
676 86 0
676 87 38
676 88 39
676 89 68
676 90 34
676 91 51
676 92 153
676 93 101
676 94 39
676 95 40
701 1 0
701 2 48
701 3 0
701 4 0
701 5 0
701 6 42
701 7 27
701 8 32
701 9 0
701 10 0
701 11 0
701 12 56
701 13 19
701 14 0
701 15 21
701 16 15
701 17 69
701 18 51
701 19 67
701 20 43
701 21 58
701 22 0
701 23 0
701 24 0
701 25 34
701 26 0
701 27 80
701 28 15
701 29 0
701 30 95
701 31 0
701 32 107
701 33 83
701 34 14
701 35 0
701 36 54
701 37 32
701 38 40
701 39 0
701 40 29
701 41 0
701 42 0
701 43 42
701 44 0
701 45 0
701 46 0
701 47 0
701 48 20
701 49 0
701 50 0
701 51 12
701 52 0
701 53 3
701 54 0
701 55 0
701 56 0
701 57 3
701 58 43
701 59 72
701 60 97
701 61 0
701 62 36
701 63 0
701 64 38
701 65 133
701 66 32
701 67 41
701 68 71
701 69 18
701 70 19
701 71 0
701 72 17
701 73 42
701 74 20
701 75 0
701 76 0
701 77 0
701 78 46
701 79 0
701 80 18
701 81 89
701 82 8
701 83 0
701 84 0
701 85 11
701 86 0
701 87 39
701 88 42
701 89 78
701 90 25
701 91 61
701 92 150
701 93 123
701 94 41
701 95 39
726 1 0
726 2 48
726 3 0
726 4 0
726 5 0
726 6 26
726 7 28
726 8 36
726 9 0
726 10 0
726 11 0
726 12 45
726 13 10
726 14 1
726 15 19
726 16 18
726 17 74
726 18 49
726 19 81
726 20 44
726 21 58
726 22 0
726 23 0
726 24 0
726 25 28
726 26 0
726 27 68
726 28 18
726 29 0
726 30 73
726 31 0
726 32 127
726 33 83
726 34 13
726 35 0
726 36 43
726 37 33
726 38 34
726 39 0
726 40 40
726 41 0
726 42 0
726 43 39
726 44 0
726 45 0
726 46 0
726 47 0
726 48 20
726 49 0
726 50 0
726 51 29
726 52 0
726 53 0
726 54 0
726 55 0
726 56 0
726 57 3
726 58 44
726 59 57
726 60 86
726 61 0
726 62 48
726 63 1
726 64 41
726 65 109
726 66 38
726 67 43
726 68 69
726 69 13
726 70 16
726 71 0
726 72 8
726 73 36
726 74 18
726 75 0
726 76 0
726 77 0
726 78 54
726 79 1
726 80 19
726 81 78
726 82 9
726 83 0
726 84 0
726 85 20
726 86 1
726 87 38
726 88 43
726 89 78
726 90 32
726 91 44
726 92 163
726 93 114
726 94 40
726 95 39
751 1 1
751 2 34
751 3 0
751 4 0
751 5 0
751 6 19
751 7 17
751 8 51
751 9 0
751 10 0
751 11 13
751 12 58
751 13 22
751 14 0
751 15 23
751 16 20
751 17 90
751 18 68
751 19 61
751 20 66
751 21 52
751 22 0
751 23 0
751 24 0
751 25 26
751 26 0
751 27 67
751 28 13
751 29 0
751 30 63
751 31 0
751 32 128
751 33 108
751 34 17
751 35 0
751 36 59
751 37 11
751 38 27
751 39 0
751 40 39
751 41 0
751 42 0
751 43 43
751 44 0
751 45 0
751 46 0
751 47 0
751 48 11
751 49 0
751 50 0
751 51 25
751 52 0
751 53 0
751 54 0
751 55 0
751 56 0
751 57 0
751 58 40
751 59 58
751 60 89
751 61 0
751 62 46
751 63 0
751 64 40
751 65 148
751 66 34
751 67 39
751 68 69
751 69 20
751 70 10
751 71 0
751 72 19
751 73 41
751 74 7
751 75 0
751 76 0
751 77 3
751 78 68
751 79 0
751 80 13
751 81 81
751 82 0
751 83 1
751 84 0
751 85 4
751 86 0
751 87 40
751 88 46
751 89 76
751 90 26
751 91 40
751 92 149
751 93 97
751 94 31
751 95 37
776 1 0
776 2 35
776 3 0
776 4 0
776 5 0
776 6 19
776 7 18
776 8 42
776 9 6
776 10 0
776 11 10
776 12 58
776 13 12
776 14 7
776 15 21
776 16 27
776 17 80
776 18 57
776 19 49
776 20 57
776 21 63
776 22 0
776 23 0
776 24 0
776 25 26
776 26 0
776 27 66
776 28 19
776 29 0
776 30 55
776 31 0
776 32 156
776 33 98
776 34 5
776 35 0
776 36 54
776 37 14
776 38 19
776 39 0
776 40 40
776 41 0
776 42 0
776 43 42
776 44 0
776 45 0
776 46 0
776 47 1
776 48 29
776 49 0
776 50 0
776 51 26
776 52 0
776 53 0
776 54 0
776 55 0
776 56 0
776 57 0
776 58 38
776 59 75
776 60 70
776 61 0
776 62 34
776 63 0
776 64 36
776 65 162
776 66 38
776 67 42
776 68 58
776 69 19
776 70 7
776 71 0
776 72 2
776 73 37
776 74 0
776 75 0
776 76 0
776 77 0
776 78 60
776 79 0
776 80 12
776 81 91
776 82 0
776 83 0
776 84 0
776 85 12
776 86 0
776 87 45
776 88 49
776 89 91
776 90 30
776 91 36
776 92 129
776 93 100
776 94 40
776 95 40
801 1 1
801 2 26
801 3 0
801 4 0
801 5 1
801 6 21
801 7 17
801 8 65
801 9 2
801 10 0
801 11 11
801 12 50
801 13 19
801 14 7
801 15 34
801 16 13
801 17 64
801 18 69
801 19 55
801 20 63
801 21 53
801 22 0
801 23 0
801 24 0
801 25 27
801 26 0
801 27 34
801 28 10
801 29 0
801 30 60
801 31 0
801 32 159
801 33 112
801 34 19
801 35 1
801 36 92
801 37 17
801 38 20
801 39 0
801 40 38
801 41 0
801 42 0
801 43 37
801 44 2
801 45 0
801 46 0
801 47 3
801 48 22
801 49 0
801 50 0
801 51 17
801 52 0
801 53 1
801 54 0
801 55 8
801 56 0
801 57 0
801 58 40
801 59 74
801 60 65
801 61 0
801 62 17
801 63 0
801 64 45
801 65 154
801 66 38
801 67 40
801 68 62
801 69 28
801 70 6
801 71 1
801 72 0
801 73 39
801 74 0
801 75 0
801 76 0
801 77 0
801 78 66
801 79 0
801 80 10
801 81 105
801 82 0
801 83 0
801 84 0
801 85 10
801 86 0
801 87 37
801 88 28
801 89 82
801 90 36
801 91 29
801 92 117
801 93 86
801 94 41
801 95 39
826 1 0
826 2 24
826 3 11
826 4 0
826 5 0
826 6 22
826 7 22
826 8 68
826 9 0
826 10 0
826 11 8
826 12 38
826 13 19
826 14 11
826 15 29
826 16 7
826 17 66
826 18 66
826 19 55
826 20 67
826 21 59
826 22 0
826 23 0
826 24 0
826 25 24
826 26 0
826 27 36
826 28 18
826 29 0
826 30 54
826 31 0
826 32 166
826 33 110
826 34 15
826 35 0
826 36 89
826 37 8
826 38 15
826 39 0
826 40 43
826 41 0
826 42 0
826 43 37
826 44 0
826 45 0
826 46 0
826 47 0
826 48 35
826 49 0
826 50 0
826 51 31
826 52 0
826 53 1
826 54 0
826 55 11
826 56 0
826 57 0
826 58 48
826 59 84
826 60 68
826 61 7
826 62 30
826 63 0
826 64 40
826 65 174
826 66 40
826 67 38
826 68 60
826 69 39
826 70 11
826 71 0
826 72 0
826 73 42
826 74 3
826 75 3
826 76 0
826 77 3
826 78 61
826 79 0
826 80 14
826 81 87
826 82 0
826 83 0
826 84 0
826 85 12
826 86 0
826 87 40
826 88 19
826 89 83
826 90 27
826 91 38
826 92 113
826 93 87
826 94 33
826 95 42
851 1 0
851 2 37
851 3 15
851 4 11
851 5 0
851 6 21
851 7 20
851 8 75
851 9 0
851 10 0
851 11 2
851 12 39
851 13 24
851 14 11
851 15 28
851 16 0
851 17 72
851 18 69
851 19 29
851 20 58
851 21 60
851 22 1
851 23 0
851 24 0
851 25 17
851 26 0
851 27 41
851 28 16
851 29 0
851 30 54
851 31 0
851 32 146
851 33 103
851 34 11
851 35 0
851 36 99
851 37 18
851 38 19
851 39 0
851 40 18
851 41 0
851 42 0
851 43 36
851 44 2
851 45 0
851 46 0
851 47 0
851 48 31
851 49 2
851 50 0
851 51 23
851 52 0
851 53 0
851 54 0
851 55 21
851 56 0
851 57 0
851 58 45
851 59 90
851 60 67
851 61 29
851 62 43
851 63 1
851 64 33
851 65 165
851 66 35
851 67 40
851 68 53
851 69 43
851 70 16
851 71 0
851 72 0
851 73 41
851 74 20
851 75 0
851 76 0
851 77 0
851 78 64
851 79 0
851 80 9
851 81 106
851 82 0
851 83 0
851 84 4
851 85 1
851 86 0
851 87 41
851 88 21
851 89 85
851 90 22
851 91 45
851 92 127
851 93 117
851 94 39
851 95 39
876 1 0
876 2 25
876 3 9
876 4 9
876 5 0
876 6 20
876 7 29
876 8 51
876 9 0
876 10 0
876 11 0
876 12 41
876 13 16
876 14 4
876 15 43
876 16 0
876 17 86
876 18 52
876 19 26
876 20 65
876 21 63
876 22 0
876 23 0
876 24 0
876 25 15
876 26 0
876 27 45
876 28 22
876 29 4
876 30 64
876 31 0
876 32 176
876 33 109
876 34 21
876 35 0
876 36 95
876 37 20
876 38 20
876 39 0
876 40 7
876 41 0
876 42 0
876 43 38
876 44 0
876 45 0
876 46 0
876 47 0
876 48 13
876 49 0
876 50 1
876 51 31
876 52 0
876 53 0
876 54 0
876 55 0
876 56 11
876 57 0
876 58 39
876 59 85
876 60 83
876 61 33
876 62 39
876 63 0
876 64 33
876 65 153
876 66 31
876 67 39
876 68 32
876 69 45
876 70 6
876 71 0
876 72 15
876 73 40
876 74 15
876 75 0
876 76 0
876 77 0
876 78 46
876 79 0
876 80 13
876 81 106
876 82 0
876 83 0
876 84 0
876 85 0
876 86 0
876 87 42
876 88 21
876 89 79
876 90 35
876 91 40
876 92 125
876 93 136
876 94 44
876 95 43
901 1 0
901 2 36
901 3 11
901 4 10
901 5 0
901 6 20
901 7 24
901 8 54
901 9 0
901 10 0
901 11 1
901 12 32
901 13 20
901 14 8
901 15 46
901 16 0
901 17 78
901 18 65
901 19 30
901 20 73
901 21 58
901 22 0
901 23 0
901 24 0
901 25 18
901 26 0
901 27 40
901 28 15
901 29 1
901 30 61
901 31 0
901 32 141
901 33 106
901 34 13
901 35 0
901 36 97
901 37 16
901 38 20
901 39 0
901 40 11
901 41 8
901 42 0
901 43 33
901 44 0
901 45 0
901 46 0
901 47 0
901 48 9
901 49 0
901 50 17
901 51 22
901 52 0
901 53 0
901 54 0
901 55 0
901 56 13
901 57 2
901 58 33
901 59 70
901 60 77
901 61 30
901 62 33
901 63 0
901 64 40
901 65 148
901 66 23
901 67 43
901 68 18
901 69 39
901 70 6
901 71 0
901 72 13
901 73 46
901 74 10
901 75 0
901 76 1
901 77 0
901 78 38
901 79 0
901 80 13
901 81 109
901 82 0
901 83 0
901 84 0
901 85 0
901 86 0
901 87 42
901 88 20
901 89 60
901 90 37
901 91 31
901 92 124
901 93 158
901 94 49
901 95 36
926 1 0
926 2 43
926 3 11
926 4 14
926 5 0
926 6 18
926 7 26
926 8 46
926 9 0
926 10 0
926 11 0
926 12 38
926 13 10
926 14 17
926 15 52
926 16 0
926 17 61
926 18 57
926 19 39
926 20 65
926 21 75
926 22 0
926 23 0
926 24 0
926 25 23
926 26 0
926 27 38
926 28 11
926 29 0
926 30 73
926 31 1
926 32 142
926 33 100
926 34 20
926 35 0
926 36 94
926 37 9
926 38 19
926 39 1
926 40 7
926 41 40
926 42 0
926 43 39
926 44 0
926 45 0
926 46 0
926 47 0
926 48 32
926 49 0
926 50 12
926 51 23
926 52 1
926 53 0
926 54 0
926 55 0
926 56 8
926 57 0
926 58 40
926 59 61
926 60 80
926 61 29
926 62 40
926 63 0
926 64 20
926 65 144
926 66 1
926 67 40
926 68 22
926 69 33
926 70 12
926 71 0
926 72 15
926 73 42
926 74 0
926 75 0
926 76 0
926 77 0
926 78 34
926 79 0
926 80 14
926 81 109
926 82 0
926 83 0
926 84 0
926 85 0
926 86 0
926 87 39
926 88 24
926 89 49
926 90 36
926 91 43
926 92 120
926 93 184
926 94 74
926 95 38
951 1 0
951 2 40
951 3 9
951 4 23
951 5 0
951 6 30
951 7 18
951 8 49
951 9 15
951 10 0
951 11 0
951 12 44
951 13 23
951 14 12
951 15 29
951 16 0
951 17 79
951 18 63
951 19 28
951 20 64
951 21 87
951 22 0
951 23 0
951 24 0
951 25 20
951 26 0
951 27 40
951 28 11
951 29 0
951 30 58
951 31 0
951 32 132
951 33 98
951 34 11
951 35 0
951 36 84
951 37 10
951 38 20
951 39 0
951 40 7
951 41 40
951 42 0
951 43 40
951 44 0
951 45 0
951 46 0
951 47 1
951 48 29
951 49 4
951 50 13
951 51 13
951 52 0
951 53 0
951 54 0
951 55 2
951 56 3
951 57 2
951 58 53
951 59 59
951 60 81
951 61 34
951 62 44
951 63 0
951 64 4
951 65 128
951 66 1
951 67 45
951 68 24
951 69 38
951 70 10
951 71 0
951 72 23
951 73 38
951 74 0
951 75 0
951 76 1
951 77 0
951 78 42
951 79 0
951 80 11
951 81 116
951 82 0
951 83 1
951 84 0
951 85 0
951 86 0
951 87 39
951 88 22
951 89 50
951 90 26
951 91 40
951 92 129
951 93 195
951 94 65
951 95 37
976 1 2
976 2 42
976 3 0
976 4 17
976 5 0
976 6 19
976 7 27
976 8 46
976 9 6
976 10 0
976 11 0
976 12 33
976 13 26
976 14 13
976 15 39
976 16 7
976 17 72
976 18 62
976 19 20
976 20 61
976 21 86
976 22 0
976 23 0
976 24 0
976 25 23
976 26 0
976 27 34
976 28 0
976 29 1
976 30 58
976 31 0
976 32 124
976 33 80
976 34 17
976 35 0
976 36 83
976 37 15
976 38 18
976 39 0
976 40 16
976 41 40
976 42 0
976 43 38
976 44 0
976 45 0
976 46 0
976 47 0
976 48 24
976 49 5
976 50 18
976 51 9
976 52 2
976 53 0
976 54 0
976 55 0
976 56 0
976 57 0
976 58 27
976 59 61
976 60 79
976 61 27
976 62 32
976 63 0
976 64 0
976 65 143
976 66 0
976 67 37
976 68 25
976 69 48
976 70 19
976 71 0
976 72 33
976 73 48
976 74 0
976 75 0
976 76 2
976 77 0
976 78 50
976 79 0
976 80 14
976 81 108
976 82 0
976 83 6
976 84 0
976 85 0
976 86 0
976 87 44
976 88 19
976 89 43
976 90 27
976 91 37
976 92 153
976 93 178
976 94 73
976 95 35
1001 1 0
1001 2 44
1001 3 1
1001 4 18
1001 5 0
1001 6 23
1001 7 23
1001 8 50
1001 9 10
1001 10 0
1001 11 1
1001 12 28
1001 13 19
1001 14 9
1001 15 28
1001 16 15
1001 17 79
1001 18 56
1001 19 24
1001 20 50
1001 21 91
1001 22 0
1001 23 0
1001 24 0
1001 25 17
1001 26 0
1001 27 24
1001 28 0
1001 29 1
1001 30 63
1001 31 0
1001 32 127
1001 33 78
1001 34 18
1001 35 0
1001 36 102
1001 37 9
1001 38 21
1001 39 0
1001 40 22
1001 41 32
1001 42 0
1001 43 33
1001 44 0
1001 45 0
1001 46 2
1001 47 0
1001 48 39
1001 49 1
1001 50 15
1001 51 11
1001 52 0
1001 53 0
1001 54 0
1001 55 0
1001 56 0
1001 57 0
1001 58 25
1001 59 86
1001 60 75
1001 61 21
1001 62 40
1001 63 0
1001 64 4
1001 65 137
1001 66 0
1001 67 41
1001 68 19
1001 69 40
1001 70 7
1001 71 0
1001 72 31
1001 73 39
1001 74 0
1001 75 15
1001 76 1
1001 77 0
1001 78 48
1001 79 0
1001 80 16
1001 81 102
1001 82 0
1001 83 0
1001 84 0
1001 85 0
1001 86 0
1001 87 40
1001 88 25
1001 89 45
1001 90 33
1001 91 39
1001 92 151
1001 93 196
1001 94 83
1001 95 34
1026 1 0
1026 2 42
1026 3 0
1026 4 16
1026 5 0
1026 6 19
1026 7 29
1026 8 72
1026 9 9
1026 10 0
1026 11 0
1026 12 29
1026 13 11
1026 14 18
1026 15 28
1026 16 9
1026 17 55
1026 18 55
1026 19 24
1026 20 51
1026 21 104
1026 22 0
1026 23 0
1026 24 0
1026 25 20
1026 26 0
1026 27 38
1026 28 0
1026 29 1
1026 30 61
1026 31 0
1026 32 144
1026 33 95
1026 34 14
1026 35 0
1026 36 70
1026 37 18
1026 38 29
1026 39 0
1026 40 9
1026 41 35
1026 42 0
1026 43 39
1026 44 0
1026 45 0
1026 46 0
1026 47 0
1026 48 22
1026 49 0
1026 50 17
1026 51 12
1026 52 0
1026 53 20
1026 54 0
1026 55 0
1026 56 0
1026 57 0
1026 58 34
1026 59 94
1026 60 81
1026 61 29
1026 62 27
1026 63 0
1026 64 8
1026 65 151
1026 66 0
1026 67 41
1026 68 24
1026 69 44
1026 70 0
1026 71 0
1026 72 21
1026 73 48
1026 74 0
1026 75 16
1026 76 0
1026 77 0
1026 78 33
1026 79 0
1026 80 14
1026 81 114
1026 82 0
1026 83 0
1026 84 1
1026 85 0
1026 86 0
1026 87 41
1026 88 24
1026 89 39
1026 90 30
1026 91 21
1026 92 145
1026 93 200
1026 94 73
1026 95 41
1051 1 0
1051 2 41
1051 3 0
1051 4 15
1051 5 0
1051 6 25
1051 7 24
1051 8 74
1051 9 14
1051 10 0
1051 11 6
1051 12 26
1051 13 6
1051 14 22
1051 15 19
1051 16 10
1051 17 46
1051 18 49
1051 19 38
1051 20 31
1051 21 87
1051 22 0
1051 23 0
1051 24 0
1051 25 0
1051 26 0
1051 27 41
1051 28 1
1051 29 0
1051 30 84
1051 31 0
1051 32 125
1051 33 75
1051 34 15
1051 35 21
1051 36 79
1051 37 17
1051 38 44
1051 39 1
1051 40 5
1051 41 41
1051 42 0
1051 43 35
1051 44 0
1051 45 0
1051 46 0
1051 47 0
1051 48 37
1051 49 0
1051 50 14
1051 51 11
1051 52 0
1051 53 8
1051 54 0
1051 55 0
1051 56 0
1051 57 0
1051 58 28
1051 59 101
1051 60 83
1051 61 29
1051 62 40
1051 63 0
1051 64 42
1051 65 167
1051 66 1
1051 67 43
1051 68 21
1051 69 37
1051 70 0
1051 71 0
1051 72 25
1051 73 39
1051 74 0
1051 75 15
1051 76 0
1051 77 0
1051 78 33
1051 79 1
1051 80 8
1051 81 109
1051 82 0
1051 83 0
1051 84 0
1051 85 0
1051 86 0
1051 87 40
1051 88 39
1051 89 36
1051 90 38
1051 91 20
1051 92 141
1051 93 185
1051 94 74
1051 95 39
1076 1 0
1076 2 41
1076 3 2
1076 4 12
1076 5 0
1076 6 27
1076 7 26
1076 8 84
1076 9 30
1076 10 0
1076 11 12
1076 12 21
1076 13 7
1076 14 29
1076 15 16
1076 16 2
1076 17 68
1076 18 39
1076 19 33
1076 20 16
1076 21 79
1076 22 0
1076 23 0
1076 24 0
1076 25 0
1076 26 0
1076 27 37
1076 28 0
1076 29 0
1076 30 90
1076 31 0
1076 32 120
1076 33 83
1076 34 12
1076 35 31
1076 36 80
1076 37 11
1076 38 37
1076 39 0
1076 40 9
1076 41 42
1076 42 0
1076 43 52
1076 44 0
1076 45 0
1076 46 0
1076 47 0
1076 48 28
1076 49 0
1076 50 13
1076 51 15
1076 52 0
1076 53 19
1076 54 10
1076 55 0
1076 56 0
1076 57 1
1076 58 37
1076 59 88
1076 60 85
1076 61 37
1076 62 33
1076 63 0
1076 64 48
1076 65 179
1076 66 0
1076 67 21
1076 68 20
1076 69 38
1076 70 0
1076 71 0
1076 72 28
1076 73 41
1076 74 0
1076 75 9
1076 76 0
1076 77 0
1076 78 20
1076 79 7
1076 80 12
1076 81 104
1076 82 0
1076 83 0
1076 84 0
1076 85 0
1076 86 0
1076 87 43
1076 88 55
1076 89 30
1076 90 22
1076 91 20
1076 92 132
1076 93 178
1076 94 78
1076 95 22
1101 1 0
1101 2 51
1101 3 0
1101 4 23
1101 5 0
1101 6 42
1101 7 20
1101 8 58
1101 9 27
1101 10 0
1101 11 11
1101 12 33
1101 13 19
1101 14 20
1101 15 18
1101 16 7
1101 17 43
1101 18 23
1101 19 31
1101 20 22
1101 21 82
1101 22 0
1101 23 0
1101 24 0
1101 25 0
1101 26 0
1101 27 29
1101 28 0
1101 29 0
1101 30 97
1101 31 0
1101 32 95
1101 33 91
1101 34 3
1101 35 8
1101 36 79
1101 37 19
1101 38 52
1101 39 0
1101 40 11
1101 41 40
1101 42 0
1101 43 72
1101 44 0
1101 45 1
1101 46 0
1101 47 0
1101 48 30
1101 49 0
1101 50 10
1101 51 12
1101 52 0
1101 53 13
1101 54 13
1101 55 0
1101 56 0
1101 57 0
1101 58 33
1101 59 97
1101 60 76
1101 61 33
1101 62 28
1101 63 0
1101 64 36
1101 65 150
1101 66 1
1101 67 24
1101 68 18
1101 69 35
1101 70 1
1101 71 18
1101 72 37
1101 73 39
1101 74 0
1101 75 12
1101 76 0
1101 77 0
1101 78 15
1101 79 17
1101 80 13
1101 81 115
1101 82 0
1101 83 2
1101 84 0
1101 85 0
1101 86 1
1101 87 39
1101 88 39
1101 89 37
1101 90 19
1101 91 20
1101 92 131
1101 93 154
1101 94 72
1101 95 7
1126 1 0
1126 2 37
1126 3 0
1126 4 37
1126 5 0
1126 6 37
1126 7 19
1126 8 52
1126 9 14
1126 10 0
1126 11 8
1126 12 28
1126 13 33
1126 14 28
1126 15 21
1126 16 0
1126 17 45
1126 18 19
1126 19 30
1126 20 20
1126 21 90
1126 22 0
1126 23 0
1126 24 0
1126 25 0
1126 26 0
1126 27 39
1126 28 2
1126 29 0
1126 30 84
1126 31 0
1126 32 83
1126 33 103
1126 34 11
1126 35 0
1126 36 74
1126 37 19
1126 38 29
1126 39 1
1126 40 3
1126 41 42
1126 42 1
1126 43 74
1126 44 0
1126 45 0
1126 46 0
1126 47 0
1126 48 30
1126 49 0
1126 50 21
1126 51 16
1126 52 0
1126 53 12
1126 54 7
1126 55 0
1126 56 0
1126 57 0
1126 58 40
1126 59 77
1126 60 79
1126 61 34
1126 62 29
1126 63 3
1126 64 56
1126 65 192
1126 66 0
1126 67 16
1126 68 29
1126 69 35
1126 70 0
1126 71 29
1126 72 24
1126 73 41
1126 74 1
1126 75 11
1126 76 0
1126 77 0
1126 78 17
1126 79 10
1126 80 17
1126 81 104
1126 82 11
1126 83 0
1126 84 0
1126 85 0
1126 86 0
1126 87 39
1126 88 44
1126 89 39
1126 90 18
1126 91 15
1126 92 122
1126 93 177
1126 94 48
1126 95 0
1151 1 0
1151 2 22
1151 3 0
1151 4 55
1151 5 0
1151 6 38
1151 7 18
1151 8 75
1151 9 28
1151 10 1
1151 11 9
1151 12 45
1151 13 59
1151 14 25
1151 15 20
1151 16 0
1151 17 37
1151 18 24
1151 19 41
1151 20 19
1151 21 78
1151 22 0
1151 23 0
1151 24 0
1151 25 0
1151 26 0
1151 27 30
1151 28 0
1151 29 0
1151 30 105
1151 31 0
1151 32 70
1151 33 101
1151 34 0
1151 35 0
1151 36 65
1151 37 0
1151 38 23
1151 39 0
1151 40 0
1151 41 41
1151 42 1
1151 43 79
1151 44 0
1151 45 0
1151 46 3
1151 47 0
1151 48 17
1151 49 0
1151 50 8
1151 51 13
1151 52 1
1151 53 14
1151 54 10
1151 55 0
1151 56 0
1151 57 0
1151 58 35
1151 59 107
1151 60 89
1151 61 37
1151 62 20
1151 63 0
1151 64 55
1151 65 175
1151 66 2
1151 67 21
1151 68 20
1151 69 55
1151 70 0
1151 71 32
1151 72 30
1151 73 42
1151 74 0
1151 75 0
1151 76 0
1151 77 0
1151 78 15
1151 79 8
1151 80 13
1151 81 100
1151 82 13
1151 83 0
1151 84 0
1151 85 0
1151 86 0
1151 87 43
1151 88 46
1151 89 40
1151 90 16
1151 91 22
1151 92 122
1151 93 172
1151 94 40
1151 95 0
1176 1 0
1176 2 18
1176 3 0
1176 4 54
1176 5 0
1176 6 38
1176 7 24
1176 8 58
1176 9 28
1176 10 0
1176 11 2
1176 12 48
1176 13 62
1176 14 18
1176 15 19
1176 16 3
1176 17 53
1176 18 18
1176 19 46
1176 20 20
1176 21 86
1176 22 0
1176 23 0
1176 24 0
1176 25 0
1176 26 0
1176 27 44
1176 28 0
1176 29 0
1176 30 98
1176 31 0
1176 32 57
1176 33 107
1176 34 0
1176 35 0
1176 36 48
1176 37 0
1176 38 19
1176 39 0
1176 40 1
1176 41 40
1176 42 0
1176 43 81
1176 44 0
1176 45 0
1176 46 1
1176 47 1
1176 48 17
1176 49 0
1176 50 12
1176 51 7
1176 52 3
1176 53 10
1176 54 11
1176 55 0
1176 56 0
1176 57 0
1176 58 30
1176 59 101
1176 60 86
1176 61 32
1176 62 15
1176 63 0
1176 64 64
1176 65 210
1176 66 0
1176 67 25
1176 68 20
1176 69 60
1176 70 0
1176 71 40
1176 72 44
1176 73 37
1176 74 0
1176 75 0
1176 76 0
1176 77 1
1176 78 20
1176 79 0
1176 80 12
1176 81 105
1176 82 13
1176 83 0
1176 84 1
1176 85 0
1176 86 0
1176 87 40
1176 88 46
1176 89 32
1176 90 18
1176 91 11
1176 92 105
1176 93 174
1176 94 40
1176 95 0
1201 1 0
1201 2 15
1201 3 0
1201 4 54
1201 5 0
1201 6 47
1201 7 28
1201 8 46
1201 9 19
1201 10 0
1201 11 0
1201 12 57
1201 13 62
1201 14 12
1201 15 23
1201 16 8
1201 17 62
1201 18 14
1201 19 59
1201 20 21
1201 21 69
1201 22 0
1201 23 0
1201 24 0
1201 25 0
1201 26 1
1201 27 35
1201 28 0
1201 29 0
1201 30 102
1201 31 0
1201 32 58
1201 33 100
1201 34 0
1201 35 0
1201 36 59
1201 37 0
1201 38 2
1201 39 0
1201 40 0
1201 41 43
1201 42 0
1201 43 75
1201 44 0
1201 45 1
1201 46 0
1201 47 0
1201 48 11
1201 49 0
1201 50 11
1201 51 16
1201 52 0
1201 53 11
1201 54 10
1201 55 0
1201 56 1
1201 57 0
1201 58 38
1201 59 108
1201 60 79
1201 61 39
1201 62 20
1201 63 0
1201 64 63
1201 65 212
1201 66 0
1201 67 23
1201 68 22
1201 69 48
1201 70 0
1201 71 37
1201 72 22
1201 73 45
1201 74 0
1201 75 0
1201 76 4
1201 77 0
1201 78 20
1201 79 0
1201 80 19
1201 81 92
1201 82 13
1201 83 0
1201 84 0
1201 85 0
1201 86 0
1201 87 30
1201 88 49
1201 89 38
1201 90 16
1201 91 21
1201 92 90
1201 93 208
1201 94 40
1201 95 0
1226 1 0
1226 2 20
1226 3 0
1226 4 64
1226 5 0
1226 6 42
1226 7 22
1226 8 48
1226 9 22
1226 10 0
1226 11 0
1226 12 58
1226 13 67
1226 14 11
1226 15 20
1226 16 0
1226 17 54
1226 18 20
1226 19 41
1226 20 12
1226 21 68
1226 22 0
1226 23 0
1226 24 0
1226 25 0
1226 26 0
1226 27 37
1226 28 0
1226 29 0
1226 30 97
1226 31 0
1226 32 59
1226 33 115
1226 34 0
1226 35 0
1226 36 56
1226 37 1
1226 38 11
1226 39 0
1226 40 0
1226 41 41
1226 42 0
1226 43 79
1226 44 0
1226 45 0
1226 46 0
1226 47 0
1226 48 17
1226 49 0
1226 50 12
1226 51 14
1226 52 0
1226 53 20
1226 54 8
1226 55 0
1226 56 0
1226 57 0
1226 58 43
1226 59 112
1226 60 92
1226 61 37
1226 62 19
1226 63 0
1226 64 54
1226 65 201
1226 66 0
1226 67 22
1226 68 37
1226 69 55
1226 70 0
1226 71 40
1226 72 20
1226 73 37
1226 74 0
1226 75 0
1226 76 0
1226 77 0
1226 78 19
1226 79 0
1226 80 10
1226 81 97
1226 82 15
1226 83 0
1226 84 0
1226 85 0
1226 86 0
1226 87 40
1226 88 47
1226 89 40
1226 90 10
1226 91 16
1226 92 107
1226 93 194
1226 94 42
1226 95 1
1251 1 1
1251 2 23
1251 3 0
1251 4 48
1251 5 0
1251 6 25
1251 7 24
1251 8 56
1251 9 36
1251 10 0
1251 11 0
1251 12 46
1251 13 62
1251 14 10
1251 15 14
1251 16 0
1251 17 57
1251 18 28
1251 19 35
1251 20 3
1251 21 51
1251 22 0
1251 23 0
1251 24 0
1251 25 0
1251 26 1
1251 27 29
1251 28 0
1251 29 0
1251 30 101
1251 31 0
1251 32 61
1251 33 104
1251 34 5
1251 35 0
1251 36 62
1251 37 0
1251 38 13
1251 39 1
1251 40 0
1251 41 41
1251 42 0
1251 43 79
1251 44 0
1251 45 1
1251 46 0
1251 47 0
1251 48 13
1251 49 0
1251 50 13
1251 51 11
1251 52 0
1251 53 11
1251 54 12
1251 55 0
1251 56 0
1251 57 0
1251 58 41
1251 59 111
1251 60 105
1251 61 43
1251 62 31
1251 63 2
1251 64 48
1251 65 224
1251 66 0
1251 67 17
1251 68 52
1251 69 59
1251 70 5
1251 71 33
1251 72 16
1251 73 41
1251 74 0
1251 75 1
1251 76 2
1251 77 0
1251 78 20
1251 79 0
1251 80 7
1251 81 93
1251 82 18
1251 83 0
1251 84 0
1251 85 0
1251 86 0
1251 87 32
1251 88 37
1251 89 38
1251 90 19
1251 91 18
1251 92 91
1251 93 218
1251 94 38
1251 95 0
1276 1 0
1276 2 38
1276 3 0
1276 4 55
1276 5 0
1276 6 26
1276 7 23
1276 8 54
1276 9 27
1276 10 22
1276 11 0
1276 12 49
1276 13 46
1276 14 10
1276 15 19
1276 16 0
1276 17 54
1276 18 27
1276 19 39
1276 20 0
1276 21 38
1276 22 3
1276 23 0
1276 24 0
1276 25 2
1276 26 0
1276 27 40
1276 28 0
1276 29 0
1276 30 96
1276 31 0
1276 32 62
1276 33 100
1276 34 0
1276 35 0
1276 36 82
1276 37 0
1276 38 17
1276 39 0
1276 40 0
1276 41 42
1276 42 0
1276 43 77
1276 44 0
1276 45 0
1276 46 0
1276 47 0
1276 48 22
1276 49 0
1276 50 13
1276 51 10
1276 52 0
1276 53 20
1276 54 3
1276 55 0
1276 56 0
1276 57 0
1276 58 44
1276 59 122
1276 60 112
1276 61 38
1276 62 23
1276 63 0
1276 64 61
1276 65 221
1276 66 0
1276 67 25
1276 68 60
1276 69 57
1276 70 12
1276 71 45
1276 72 9
1276 73 34
1276 74 1
1276 75 0
1276 76 0
1276 77 0
1276 78 21
1276 79 0
1276 80 13
1276 81 92
1276 82 8
1276 83 0
1276 84 0
1276 85 1
1276 86 0
1276 87 40
1276 88 36
1276 89 37
1276 90 18
1276 91 16
1276 92 84
1276 93 191
1276 94 33
1276 95 0
1301 1 0
1301 2 41
1301 3 0
1301 4 29
1301 5 0
1301 6 46
1301 7 16
1301 8 57
1301 9 34
1301 10 13
1301 11 0
1301 12 48
1301 13 58
1301 14 8
1301 15 15
1301 16 0
1301 17 62
1301 18 26
1301 19 40
1301 20 0
1301 21 39
1301 22 0
1301 23 0
1301 24 1
1301 25 0
1301 26 0
1301 27 39
1301 28 0
1301 29 0
1301 30 103
1301 31 0
1301 32 52
1301 33 104
1301 34 0
1301 35 0
1301 36 68
1301 37 0
1301 38 15
1301 39 0
1301 40 0
1301 41 42
1301 42 0
1301 43 76
1301 44 0
1301 45 0
1301 46 0
1301 47 0
1301 48 18
1301 49 0
1301 50 13
1301 51 11
1301 52 0
1301 53 20
1301 54 0
1301 55 0
1301 56 0
1301 57 0
1301 58 40
1301 59 126
1301 60 131
1301 61 33
1301 62 16
1301 63 0
1301 64 62
1301 65 226
1301 66 0
1301 67 22
1301 68 67
1301 69 59
1301 70 21
1301 71 36
1301 72 13
1301 73 36
1301 74 0
1301 75 0
1301 76 0
1301 77 0
1301 78 27
1301 79 0
1301 80 11
1301 81 91
1301 82 10
1301 83 0
1301 84 1
1301 85 0
1301 86 0
1301 87 44
1301 88 29
1301 89 45
1301 90 17
1301 91 17
1301 92 75
1301 93 173
1301 94 39
1301 95 0
1326 1 0
1326 2 28
1326 3 0
1326 4 37
1326 5 0
1326 6 32
1326 7 15
1326 8 47
1326 9 15
1326 10 18
1326 11 0
1326 12 43
1326 13 53
1326 14 3
1326 15 19
1326 16 0
1326 17 72
1326 18 27
1326 19 38
1326 20 0
1326 21 37
1326 22 0
1326 23 0
1326 24 0
1326 25 0
1326 26 0
1326 27 35
1326 28 0
1326 29 0
1326 30 107
1326 31 0
1326 32 58
1326 33 104
1326 34 0
1326 35 0
1326 36 80
1326 37 0
1326 38 18
1326 39 0
1326 40 0
1326 41 40
1326 42 0
1326 43 73
1326 44 0
1326 45 0
1326 46 3
1326 47 1
1326 48 7
1326 49 0
1326 50 18
1326 51 15
1326 52 0
1326 53 13
1326 54 0
1326 55 0
1326 56 1
1326 57 0
1326 58 46
1326 59 117
1326 60 113
1326 61 39
1326 62 9
1326 63 0
1326 64 55
1326 65 217
1326 66 0
1326 67 15
1326 68 64
1326 69 42
1326 70 24
1326 71 33
1326 72 18
1326 73 30
1326 74 1
1326 75 0
1326 76 0
1326 77 0
1326 78 48
1326 79 0
1326 80 20
1326 81 86
1326 82 10
1326 83 0
1326 84 0
1326 85 0
1326 86 0
1326 87 40
1326 88 48
1326 89 45
1326 90 20
1326 91 22
1326 92 78
1326 93 203
1326 94 45
1326 95 0
1351 1 0
1351 2 39
1351 3 0
1351 4 48
1351 5 0
1351 6 39
1351 7 25
1351 8 33
1351 9 12
1351 10 19
1351 11 0
1351 12 35
1351 13 58
1351 14 9
1351 15 1
1351 16 0
1351 17 83
1351 18 20
1351 19 43
1351 20 0
1351 21 39
1351 22 0
1351 23 0
1351 24 0
1351 25 0
1351 26 1
1351 27 30
1351 28 0
1351 29 0
1351 30 103
1351 31 0
1351 32 75
1351 33 104
1351 34 0
1351 35 0
1351 36 73
1351 37 0
1351 38 9
1351 39 0
1351 40 0
1351 41 41
1351 42 0
1351 43 83
1351 44 0
1351 45 1
1351 46 2
1351 47 0
1351 48 8
1351 49 1
1351 50 0
1351 51 11
1351 52 0
1351 53 9
1351 54 0
1351 55 0
1351 56 0
1351 57 0
1351 58 61
1351 59 112
1351 60 125
1351 61 40
1351 62 0
1351 63 0
1351 64 58
1351 65 190
1351 66 1
1351 67 20
1351 68 55
1351 69 55
1351 70 29
1351 71 39
1351 72 9
1351 73 26
1351 74 0
1351 75 0
1351 76 0
1351 77 0
1351 78 34
1351 79 1
1351 80 12
1351 81 108
1351 82 15
1351 83 0
1351 84 0
1351 85 0
1351 86 0
1351 87 43
1351 88 66
1351 89 42
1351 90 7
1351 91 30
1351 92 76
1351 93 176
1351 94 40
1351 95 0
1376 1 0
1376 2 54
1376 3 0
1376 4 43
1376 5 0
1376 6 41
1376 7 26
1376 8 56
1376 9 12
1376 10 22
1376 11 0
1376 12 38
1376 13 56
1376 14 9
1376 15 0
1376 16 0
1376 17 81
1376 18 18
1376 19 59
1376 20 0
1376 21 21
1376 22 0
1376 23 0
1376 24 2
1376 25 4
1376 26 0
1376 27 54
1376 28 0
1376 29 0
1376 30 100
1376 31 0
1376 32 75
1376 33 97
1376 34 0
1376 35 0
1376 36 72
1376 37 0
1376 38 13
1376 39 0
1376 40 0
1376 41 41
1376 42 0
1376 43 74
1376 44 0
1376 45 1
1376 46 0
1376 47 0
1376 48 26
1376 49 0
1376 50 0
1376 51 10
1376 52 0
1376 53 12
1376 54 1
1376 55 0
1376 56 0
1376 57 0
1376 58 54
1376 59 122
1376 60 127
1376 61 37
1376 62 0
1376 63 0
1376 64 53
1376 65 186
1376 66 0
1376 67 16
1376 68 56
1376 69 73
1376 70 17
1376 71 31
1376 72 16
1376 73 34
1376 74 0
1376 75 0
1376 76 0
1376 77 0
1376 78 33
1376 79 0
1376 80 14
1376 81 99
1376 82 9
1376 83 0
1376 84 0
1376 85 0
1376 86 0
1376 87 38
1376 88 59
1376 89 40
1376 90 0
1376 91 17
1376 92 89
1376 93 195
1376 94 43
1376 95 0
1401 1 0
1401 2 61
1401 3 0
1401 4 50
1401 5 0
1401 6 39
1401 7 21
1401 8 35
1401 9 4
1401 10 22
1401 11 2
1401 12 35
1401 13 32
1401 14 7
1401 15 21
1401 16 1
1401 17 106
1401 18 18
1401 19 59
1401 20 0
1401 21 22
1401 22 1
1401 23 0
1401 24 0
1401 25 12
1401 26 0
1401 27 55
1401 28 0
1401 29 0
1401 30 95
1401 31 3
1401 32 87
1401 33 116
1401 34 0
1401 35 0
1401 36 82
1401 37 0
1401 38 14
1401 39 0
1401 40 0
1401 41 39
1401 42 0
1401 43 84
1401 44 0
1401 45 0
1401 46 4
1401 47 0
1401 48 33
1401 49 0
1401 50 0
1401 51 8
1401 52 0
1401 53 10
1401 54 0
1401 55 0
1401 56 0
1401 57 0
1401 58 60
1401 59 126
1401 60 107
1401 61 37
1401 62 0
1401 63 0
1401 64 41
1401 65 215
1401 66 0
1401 67 19
1401 68 40
1401 69 56
1401 70 6
1401 71 40
1401 72 22
1401 73 50
1401 74 0
1401 75 0
1401 76 0
1401 77 0
1401 78 36
1401 79 0
1401 80 15
1401 81 101
1401 82 12
1401 83 0
1401 84 0
1401 85 0
1401 86 0
1401 87 40
1401 88 54
1401 89 42
1401 90 0
1401 91 23
1401 92 88
1401 93 188
1401 94 40
1401 95 0
1426 1 0
1426 2 52
1426 3 0
1426 4 24
1426 5 0
1426 6 33
1426 7 23
1426 8 38
1426 9 18
1426 10 7
1426 11 0
1426 12 37
1426 13 30
1426 14 10
1426 15 15
1426 16 3
1426 17 84
1426 18 25
1426 19 57
1426 20 0
1426 21 20
1426 22 6
1426 23 0
1426 24 0
1426 25 8
1426 26 0
1426 27 62
1426 28 0
1426 29 0
1426 30 78
1426 31 0
1426 32 90
1426 33 130
1426 34 2
1426 35 0
1426 36 77
1426 37 0
1426 38 15
1426 39 0
1426 40 0
1426 41 31
1426 42 0
1426 43 72
1426 44 0
1426 45 2
1426 46 0
1426 47 3
1426 48 49
1426 49 0
1426 50 0
1426 51 10
1426 52 0
1426 53 1
1426 54 0
1426 55 0
1426 56 1
1426 57 0
1426 58 74
1426 59 130
1426 60 138
1426 61 37
1426 62 15
1426 63 0
1426 64 37
1426 65 195
1426 66 0
1426 67 20
1426 68 41
1426 69 49
1426 70 5
1426 71 47
1426 72 23
1426 73 42
1426 74 0
1426 75 0
1426 76 0
1426 77 0
1426 78 38
1426 79 0
1426 80 0
1426 81 103
1426 82 17
1426 83 1
1426 84 0
1426 85 0
1426 86 1
1426 87 39
1426 88 66
1426 89 45
1426 90 0
1426 91 21
1426 92 104
1426 93 166
1426 94 37
1426 95 0
1451 1 0
1451 2 61
1451 3 0
1451 4 26
1451 5 0
1451 6 44
1451 7 21
1451 8 30
1451 9 17
1451 10 19
1451 11 0
1451 12 30
1451 13 20
1451 14 10
1451 15 22
1451 16 0
1451 17 86
1451 18 30
1451 19 46
1451 20 17
1451 21 19
1451 22 0
1451 23 1
1451 24 0
1451 25 7
1451 26 0
1451 27 56
1451 28 0
1451 29 0
1451 30 83
1451 31 0
1451 32 98
1451 33 131
1451 34 0
1451 35 1
1451 36 71
1451 37 10
1451 38 13
1451 39 0
1451 40 0
1451 41 28
1451 42 24
1451 43 60
1451 44 0
1451 45 21
1451 46 0
1451 47 0
1451 48 49
1451 49 2
1451 50 0
1451 51 2
1451 52 0
1451 53 0
1451 54 1
1451 55 0
1451 56 2
1451 57 0
1451 58 72
1451 59 129
1451 60 129
1451 61 33
1451 62 22
1451 63 0
1451 64 45
1451 65 196
1451 66 0
1451 67 20
1451 68 35
1451 69 52
1451 70 0
1451 71 39
1451 72 31
1451 73 42
1451 74 0
1451 75 0
1451 76 0
1451 77 0
1451 78 35
1451 79 0
1451 80 2
1451 81 106
1451 82 9
1451 83 1
1451 84 0
1451 85 0
1451 86 1
1451 87 38
1451 88 64
1451 89 40
1451 90 0
1451 91 20
1451 92 102
1451 93 184
1451 94 42
1451 95 0
1476 1 1
1476 2 62
1476 3 0
1476 4 35
1476 5 0
1476 6 35
1476 7 19
1476 8 27
1476 9 18
1476 10 20
1476 11 1
1476 12 29
1476 13 26
1476 14 9
1476 15 12
1476 16 0
1476 17 54
1476 18 24
1476 19 65
1476 20 19
1476 21 20
1476 22 0
1476 23 5
1476 24 0
1476 25 10
1476 26 0
1476 27 63
1476 28 4
1476 29 0
1476 30 87
1476 31 0
1476 32 84
1476 33 124
1476 34 0
1476 35 0
1476 36 68
1476 37 15
1476 38 11
1476 39 0
1476 40 0
1476 41 4
1476 42 37
1476 43 57
1476 44 0
1476 45 18
1476 46 0
1476 47 0
1476 48 49
1476 49 0
1476 50 0
1476 51 0
1476 52 0
1476 53 0
1476 54 0
1476 55 0
1476 56 0
1476 57 0
1476 58 84
1476 59 142
1476 60 140
1476 61 36
1476 62 21
1476 63 0
1476 64 32
1476 65 220
1476 66 0
1476 67 18
1476 68 34
1476 69 59
1476 70 0
1476 71 32
1476 72 23
1476 73 40
1476 74 0
1476 75 0
1476 76 0
1476 77 0
1476 78 33
1476 79 0
1476 80 0
1476 81 109
1476 82 18
1476 83 1
1476 84 0
1476 85 0
1476 86 0
1476 87 35
1476 88 65
1476 89 37
1476 90 0
1476 91 20
1476 92 106
1476 93 199
1476 94 39
1476 95 1
1501 1 0
1501 2 69
1501 3 0
1501 4 27
1501 5 0
1501 6 42
1501 7 24
1501 8 32
1501 9 29
1501 10 19
1501 11 0
1501 12 35
1501 13 46
1501 14 8
1501 15 16
1501 16 1
1501 17 61
1501 18 21
1501 19 55
1501 20 19
1501 21 12
1501 22 0
1501 23 31
1501 24 2
1501 25 16
1501 26 0
1501 27 43
1501 28 10
1501 29 0
1501 30 82
1501 31 1
1501 32 77
1501 33 118
1501 34 0
1501 35 0
1501 36 86
1501 37 9
1501 38 12
1501 39 0
1501 40 0
1501 41 3
1501 42 40
1501 43 71
1501 44 0
1501 45 13
1501 46 2
1501 47 0
1501 48 38
1501 49 0
1501 50 0
1501 51 0
1501 52 0
1501 53 0
1501 54 8
1501 55 1
1501 56 0
1501 57 0
1501 58 79
1501 59 149
1501 60 128
1501 61 40
1501 62 17
1501 63 0
1501 64 31
1501 65 219
1501 66 0
1501 67 21
1501 68 31
1501 69 47
1501 70 1
1501 71 14
1501 72 18
1501 73 37
1501 74 0
1501 75 1
1501 76 0
1501 77 0
1501 78 26
1501 79 0
1501 80 0
1501 81 113
1501 82 9
1501 83 20
1501 84 0
1501 85 0
1501 86 0
1501 87 37
1501 88 62
1501 89 38
1501 90 0
1501 91 16
1501 92 110
1501 93 213
1501 94 37
1501 95 0
1526 1 0
1526 2 72
1526 3 0
1526 4 29
1526 5 0
1526 6 35
1526 7 32
1526 8 22
1526 9 28
1526 10 20
1526 11 0
1526 12 35
1526 13 35
1526 14 11
1526 15 20
1526 16 0
1526 17 59
1526 18 10
1526 19 63
1526 20 10
1526 21 22
1526 22 0
1526 23 37
1526 24 0
1526 25 17
1526 26 0
1526 27 57
1526 28 12
1526 29 0
1526 30 89
1526 31 0
1526 32 86
1526 33 129
1526 34 0
1526 35 0
1526 36 77
1526 37 13
1526 38 11
1526 39 0
1526 40 0
1526 41 7
1526 42 50
1526 43 68
1526 44 0
1526 45 8
1526 46 14
1526 47 0
1526 48 46
1526 49 0
1526 50 0
1526 51 0
1526 52 0
1526 53 0
1526 54 0
1526 55 0
1526 56 0
1526 57 1
1526 58 72
1526 59 108
1526 60 145
1526 61 37
1526 62 15
1526 63 0
1526 64 38
1526 65 226
1526 66 0
1526 67 8
1526 68 44
1526 69 62
1526 70 12
1526 71 7
1526 72 17
1526 73 14
1526 74 1
1526 75 1
1526 76 0
1526 77 0
1526 78 30
1526 79 0
1526 80 0
1526 81 124
1526 82 11
1526 83 14
1526 84 0
1526 85 1
1526 86 3
1526 87 35
1526 88 58
1526 89 38
1526 90 0
1526 91 23
1526 92 99
1526 93 177
1526 94 43
1526 95 0
1551 1 0
1551 2 76
1551 3 0
1551 4 10
1551 5 0
1551 6 36
1551 7 21
1551 8 22
1551 9 16
1551 10 15
1551 11 0
1551 12 30
1551 13 25
1551 14 9
1551 15 19
1551 16 0
1551 17 38
1551 18 16
1551 19 63
1551 20 10
1551 21 18
1551 22 0
1551 23 35
1551 24 0
1551 25 18
1551 26 0
1551 27 54
1551 28 13
1551 29 0
1551 30 86
1551 31 0
1551 32 57
1551 33 122
1551 34 0
1551 35 0
1551 36 86
1551 37 20
1551 38 13
1551 39 2
1551 40 0
1551 41 0
1551 42 32
1551 43 69
1551 44 0
1551 45 17
1551 46 21
1551 47 0
1551 48 50
1551 49 0
1551 50 0
1551 51 1
1551 52 0
1551 53 1
1551 54 0
1551 55 0
1551 56 0
1551 57 0
1551 58 81
1551 59 119
1551 60 148
1551 61 40
1551 62 21
1551 63 0
1551 64 42
1551 65 214
1551 66 0
1551 67 26
1551 68 38
1551 69 78
1551 70 18
1551 71 10
1551 72 13
1551 73 27
1551 74 0
1551 75 0
1551 76 0
1551 77 0
1551 78 13
1551 79 0
1551 80 0
1551 81 117
1551 82 10
1551 83 19
1551 84 0
1551 85 0
1551 86 22
1551 87 37
1551 88 60
1551 89 41
1551 90 0
1551 91 20
1551 92 97
1551 93 198
1551 94 40
1551 95 0
1576 1 0
1576 2 86
1576 3 0
1576 4 12
1576 5 0
1576 6 45
1576 7 23
1576 8 18
1576 9 28
1576 10 22
1576 11 0
1576 12 37
1576 13 28
1576 14 17
1576 15 20
1576 16 0
1576 17 43
1576 18 25
1576 19 58
1576 20 14
1576 21 18
1576 22 0
1576 23 37
1576 24 0
1576 25 14
1576 26 0
1576 27 47
1576 28 13
1576 29 4
1576 30 84
1576 31 0
1576 32 60
1576 33 135
1576 34 0
1576 35 0
1576 36 93
1576 37 17
1576 38 17
1576 39 0
1576 40 0
1576 41 0
1576 42 24
1576 43 62
1576 44 0
1576 45 18
1576 46 27
1576 47 2
1576 48 55
1576 49 0
1576 50 0
1576 51 0
1576 52 0
1576 53 0
1576 54 2
1576 55 0
1576 56 1
1576 57 0
1576 58 60
1576 59 100
1576 60 119
1576 61 35
1576 62 14
1576 63 0
1576 64 41
1576 65 215
1576 66 0
1576 67 15
1576 68 58
1576 69 76
1576 70 11
1576 71 5
1576 72 10
1576 73 29
1576 74 0
1576 75 0
1576 76 0
1576 77 0
1576 78 28
1576 79 0
1576 80 0
1576 81 105
1576 82 17
1576 83 22
1576 84 0
1576 85 0
1576 86 12
1576 87 37
1576 88 48
1576 89 36
1576 90 0
1576 91 18
1576 92 92
1576 93 187
1576 94 38
1576 95 0
1601 1 0
1601 2 77
1601 3 0
1601 4 19
1601 5 0
1601 6 44
1601 7 20
1601 8 19
1601 9 22
1601 10 16
1601 11 0
1601 12 33
1601 13 14
1601 14 20
1601 15 17
1601 16 0
1601 17 41
1601 18 26
1601 19 51
1601 20 17
1601 21 21
1601 22 0
1601 23 40
1601 24 1
1601 25 27
1601 26 0
1601 27 40
1601 28 6
1601 29 0
1601 30 78
1601 31 0
1601 32 64
1601 33 135
1601 34 0
1601 35 0
1601 36 116
1601 37 20
1601 38 20
1601 39 0
1601 40 0
1601 41 0
1601 42 31
1601 43 58
1601 44 0
1601 45 17
1601 46 26
1601 47 1
1601 48 58
1601 49 0
1601 50 0
1601 51 0
1601 52 0
1601 53 0
1601 54 0
1601 55 10
1601 56 0
1601 57 0
1601 58 60
1601 59 87
1601 60 122
1601 61 38
1601 62 10
1601 63 0
1601 64 43
1601 65 217
1601 66 0
1601 67 23
1601 68 51
1601 69 77
1601 70 11
1601 71 1
1601 72 3
1601 73 26
1601 74 0
1601 75 0
1601 76 0
1601 77 0
1601 78 38
1601 79 0
1601 80 0
1601 81 100
1601 82 0
1601 83 20
1601 84 0
1601 85 0
1601 86 14
1601 87 40
1601 88 40
1601 89 36
1601 90 0
1601 91 24
1601 92 105
1601 93 188
1601 94 42
1601 95 0
1626 1 0
1626 2 49
1626 3 0
1626 4 12
1626 5 0
1626 6 43
1626 7 16
1626 8 19
1626 9 32
1626 10 13
1626 11 0
1626 12 27
1626 13 30
1626 14 30
1626 15 21
1626 16 0
1626 17 40
1626 18 24
1626 19 44
1626 20 17
1626 21 19
1626 22 0
1626 23 46
1626 24 0
1626 25 21
1626 26 0
1626 27 38
1626 28 13
1626 29 1
1626 30 86
1626 31 0
1626 32 61
1626 33 122
1626 34 6
1626 35 0
1626 36 116
1626 37 12
1626 38 29
1626 39 0
1626 40 0
1626 41 0
1626 42 39
1626 43 45
1626 44 0
1626 45 29
1626 46 30
1626 47 0
1626 48 57
1626 49 0
1626 50 0
1626 51 1
1626 52 0
1626 53 0
1626 54 0
1626 55 10
1626 56 0
1626 57 1
1626 58 63
1626 59 72
1626 60 125
1626 61 38
1626 62 20
1626 63 0
1626 64 36
1626 65 225
1626 66 0
1626 67 25
1626 68 86
1626 69 77
1626 70 8
1626 71 0
1626 72 0
1626 73 11
1626 74 18
1626 75 0
1626 76 0
1626 77 0
1626 78 32
1626 79 0
1626 80 0
1626 81 111
1626 82 2
1626 83 16
1626 84 0
1626 85 0
1626 86 14
1626 87 38
1626 88 43
1626 89 43
1626 90 0
1626 91 17
1626 92 136
1626 93 153
1626 94 41
1626 95 0
1651 1 0
1651 2 40
1651 3 0
1651 4 13
1651 5 1
1651 6 34
1651 7 18
1651 8 20
1651 9 28
1651 10 10
1651 11 0
1651 12 36
1651 13 14
1651 14 21
1651 15 22
1651 16 0
1651 17 41
1651 18 51
1651 19 48
1651 20 10
1651 21 20
1651 22 0
1651 23 43
1651 24 0
1651 25 15
1651 26 0
1651 27 38
1651 28 11
1651 29 0
1651 30 75
1651 31 0
1651 32 78
1651 33 125
1651 34 0
1651 35 0
1651 36 113
1651 37 11
1651 38 32
1651 39 0
1651 40 0
1651 41 0
1651 42 22
1651 43 48
1651 44 1
1651 45 30
1651 46 37
1651 47 0
1651 48 33
1651 49 0
1651 50 0
1651 51 0
1651 52 0
1651 53 0
1651 54 0
1651 55 10
1651 56 0
1651 57 0
1651 58 58
1651 59 62
1651 60 95
1651 61 40
1651 62 17
1651 63 0
1651 64 34
1651 65 233
1651 66 0
1651 67 15
1651 68 84
1651 69 91
1651 70 9
1651 71 8
1651 72 0
1651 73 19
1651 74 22
1651 75 0
1651 76 1
1651 77 0
1651 78 34
1651 79 0
1651 80 0
1651 81 105
1651 82 0
1651 83 18
1651 84 1
1651 85 0
1651 86 10
1651 87 37
1651 88 47
1651 89 40
1651 90 0
1651 91 7
1651 92 119
1651 93 183
1651 94 32
1651 95 0
1676 1 0
1676 2 57
1676 3 0
1676 4 9
1676 5 10
1676 6 48
1676 7 21
1676 8 19
1676 9 13
1676 10 15
1676 11 3
1676 12 28
1676 13 12
1676 14 34
1676 15 25
1676 16 1
1676 17 40
1676 18 64
1676 19 59
1676 20 14
1676 21 20
1676 22 0
1676 23 41
1676 24 0
1676 25 27
1676 26 0
1676 27 30
1676 28 14
1676 29 0
1676 30 86
1676 31 0
1676 32 86
1676 33 112
1676 34 0
1676 35 0
1676 36 122
1676 37 13
1676 38 26
1676 39 0
1676 40 0
1676 41 0
1676 42 3
1676 43 58
1676 44 3
1676 45 25
1676 46 41
1676 47 0
1676 48 25
1676 49 0
1676 50 0
1676 51 0
1676 52 0
1676 53 2
1676 54 0
1676 55 0
1676 56 0
1676 57 0
1676 58 56
1676 59 49
1676 60 83
1676 61 37
1676 62 14
1676 63 0
1676 64 38
1676 65 200
1676 66 0
1676 67 21
1676 68 82
1676 69 83
1676 70 3
1676 71 1
1676 72 0
1676 73 37
1676 74 27
1676 75 0
1676 76 0
1676 77 0
1676 78 33
1676 79 0
1676 80 0
1676 81 99
1676 82 0
1676 83 42
1676 84 0
1676 85 0
1676 86 15
1676 87 39
1676 88 42
1676 89 41
1676 90 0
1676 91 38
1676 92 124
1676 93 202
1676 94 42
1676 95 0
1701 1 3
1701 2 75
1701 3 0
1701 4 14
1701 5 29
1701 6 43
1701 7 23
1701 8 14
1701 9 15
1701 10 20
1701 11 13
1701 12 26
1701 13 1
1701 14 15
1701 15 16
1701 16 0
1701 17 43
1701 18 61
1701 19 46
1701 20 24
1701 21 21
1701 22 0
1701 23 40
1701 24 0
1701 25 31
1701 26 0
1701 27 42
1701 28 17
1701 29 0
1701 30 87
1701 31 0
1701 32 77
1701 33 92
1701 34 0
1701 35 0
1701 36 112
1701 37 14
1701 38 22
1701 39 1
1701 40 4
1701 41 0
1701 42 7
1701 43 62
1701 44 0
1701 45 21
1701 46 36
1701 47 0
1701 48 26
1701 49 0
1701 50 1
1701 51 1
1701 52 0
1701 53 1
1701 54 1
1701 55 0
1701 56 0
1701 57 0
1701 58 45
1701 59 51
1701 60 78
1701 61 38
1701 62 12
1701 63 0
1701 64 41
1701 65 192
1701 66 0
1701 67 20
1701 68 89
1701 69 102
1701 70 0
1701 71 0
1701 72 0
1701 73 42
1701 74 28
1701 75 0
1701 76 0
1701 77 0
1701 78 42
1701 79 0
1701 80 1
1701 81 97
1701 82 0
1701 83 49
1701 84 0
1701 85 0
1701 86 14
1701 87 38
1701 88 51
1701 89 43
1701 90 0
1701 91 37
1701 92 126
1701 93 226
1701 94 37
1701 95 0
1726 1 3
1726 2 53
1726 3 1
1726 4 11
1726 5 32
1726 6 38
1726 7 24
1726 8 29
1726 9 14
1726 10 19
1726 11 12
1726 12 29
1726 13 0
1726 14 12
1726 15 18
1726 16 0
1726 17 41
1726 18 68
1726 19 39
1726 20 22
1726 21 20
1726 22 0
1726 23 40
1726 24 0
1726 25 26
1726 26 0
1726 27 58
1726 28 20
1726 29 0
1726 30 84
1726 31 0
1726 32 81
1726 33 79
1726 34 0
1726 35 2
1726 36 116
1726 37 14
1726 38 18
1726 39 0
1726 40 1
1726 41 0
1726 42 8
1726 43 54
1726 44 0
1726 45 28
1726 46 30
1726 47 0
1726 48 25
1726 49 0
1726 50 0
1726 51 0
1726 52 0
1726 53 0
1726 54 0
1726 55 0
1726 56 0
1726 57 0
1726 58 40
1726 59 57
1726 60 76
1726 61 37
1726 62 19
1726 63 0
1726 64 40
1726 65 187
1726 66 0
1726 67 18
1726 68 63
1726 69 100
1726 70 0
1726 71 0
1726 72 0
1726 73 39
1726 74 23
1726 75 0
1726 76 0
1726 77 0
1726 78 31
1726 79 0
1726 80 0
1726 81 93
1726 82 0
1726 83 40
1726 84 0
1726 85 0
1726 86 11
1726 87 44
1726 88 39
1726 89 43
1726 90 0
1726 91 41
1726 92 115
1726 93 217
1726 94 34
1726 95 0
1751 1 2
1751 2 58
1751 3 0
1751 4 10
1751 5 11
1751 6 36
1751 7 16
1751 8 24
1751 9 11
1751 10 19
1751 11 10
1751 12 30
1751 13 0
1751 14 3
1751 15 19
1751 16 2
1751 17 49
1751 18 68
1751 19 44
1751 20 21
1751 21 18
1751 22 33
1751 23 42
1751 24 0
1751 25 32
1751 26 0
1751 27 77
1751 28 7
1751 29 0
1751 30 80
1751 31 0
1751 32 73
1751 33 78
1751 34 1
1751 35 36
1751 36 113
1751 37 16
1751 38 2
1751 39 0
1751 40 0
1751 41 0
1751 42 2
1751 43 55
1751 44 0
1751 45 27
1751 46 14
1751 47 0
1751 48 29
1751 49 0
1751 50 4
1751 51 0
1751 52 0
1751 53 0
1751 54 0
1751 55 0
1751 56 0
1751 57 0
1751 58 50
1751 59 58
1751 60 82
1751 61 39
1751 62 15
1751 63 3
1751 64 40
1751 65 195
1751 66 0
1751 67 14
1751 68 77
1751 69 87
1751 70 0
1751 71 0
1751 72 0
1751 73 40
1751 74 28
1751 75 0
1751 76 0
1751 77 0
1751 78 34
1751 79 0
1751 80 0
1751 81 80
1751 82 0
1751 83 54
1751 84 0
1751 85 0
1751 86 11
1751 87 41
1751 88 48
1751 89 45
1751 90 0
1751 91 41
1751 92 129
1751 93 227
1751 94 36
1751 95 0
1776 1 0
1776 2 47
1776 3 0
1776 4 17
1776 5 2
1776 6 43
1776 7 22
1776 8 30
1776 9 21
1776 10 17
1776 11 6
1776 12 32
1776 13 0
1776 14 18
1776 15 17
1776 16 1
1776 17 36
1776 18 54
1776 19 36
1776 20 22
1776 21 25
1776 22 37
1776 23 34
1776 24 0
1776 25 37
1776 26 2
1776 27 76
1776 28 15
1776 29 0
1776 30 77
1776 31 0
1776 32 84
1776 33 73
1776 34 0
1776 35 36
1776 36 104
1776 37 10
1776 38 12
1776 39 0
1776 40 0
1776 41 0
1776 42 0
1776 43 60
1776 44 0
1776 45 23
1776 46 4
1776 47 0
1776 48 20
1776 49 0
1776 50 0
1776 51 0
1776 52 0
1776 53 10
1776 54 2
1776 55 1
1776 56 0
1776 57 0
1776 58 55
1776 59 66
1776 60 76
1776 61 24
1776 62 17
1776 63 0
1776 64 28
1776 65 197
1776 66 1
1776 67 16
1776 68 91
1776 69 91
1776 70 0
1776 71 0
1776 72 0
1776 73 41
1776 74 33
1776 75 2
1776 76 0
1776 77 0
1776 78 24
1776 79 0
1776 80 0
1776 81 65
1776 82 0
1776 83 60
1776 84 0
1776 85 0
1776 86 11
1776 87 43
1776 88 49
1776 89 37
1776 90 0
1776 91 40
1776 92 116
1776 93 195
1776 94 44
1776 95 0
1801 1 0
1801 2 74
1801 3 0
1801 4 16
1801 5 1
1801 6 42
1801 7 32
1801 8 30
1801 9 16
1801 10 18
1801 11 6
1801 12 28
1801 13 0
1801 14 10
1801 15 11
1801 16 15
1801 17 35
1801 18 55
1801 19 40
1801 20 24
1801 21 17
1801 22 42
1801 23 41
1801 24 1
1801 25 34
1801 26 0
1801 27 78
1801 28 9
1801 29 0
1801 30 86
1801 31 0
1801 32 57
1801 33 83
1801 34 0
1801 35 41
1801 36 97
1801 37 10
1801 38 16
1801 39 0
1801 40 0
1801 41 0
1801 42 0
1801 43 61
1801 44 1
1801 45 31
1801 46 1
1801 47 0
1801 48 23
1801 49 1
1801 50 0
1801 51 0
1801 52 0
1801 53 25
1801 54 4
1801 55 0
1801 56 1
1801 57 0
1801 58 57
1801 59 60
1801 60 83
1801 61 3
1801 62 12
1801 63 0
1801 64 35
1801 65 183
1801 66 0
1801 67 20
1801 68 84
1801 69 100
1801 70 1
1801 71 0
1801 72 0
1801 73 40
1801 74 32
1801 75 0
1801 76 4
1801 77 0
1801 78 34
1801 79 1
1801 80 0
1801 81 77
1801 82 0
1801 83 56
1801 84 0
1801 85 0
1801 86 9
1801 87 41
1801 88 44
1801 89 40
1801 90 0
1801 91 40
1801 92 114
1801 93 204
1801 94 44
1801 95 0
1826 1 0
1826 2 79
1826 3 0
1826 4 12
1826 5 0
1826 6 41
1826 7 29
1826 8 31
1826 9 11
1826 10 19
1826 11 8
1826 12 44
1826 13 0
1826 14 0
1826 15 21
1826 16 18
1826 17 43
1826 18 50
1826 19 40
1826 20 23
1826 21 20
1826 22 44
1826 23 43
1826 24 0
1826 25 34
1826 26 2
1826 27 71
1826 28 12
1826 29 0
1826 30 77
1826 31 0
1826 32 57
1826 33 83
1826 34 0
1826 35 40
1826 36 87
1826 37 20
1826 38 9
1826 39 0
1826 40 0
1826 41 0
1826 42 0
1826 43 64
1826 44 0
1826 45 22
1826 46 0
1826 47 0
1826 48 23
1826 49 0
1826 50 0
1826 51 0
1826 52 0
1826 53 32
1826 54 6
1826 55 0
1826 56 11
1826 57 0
1826 58 52
1826 59 56
1826 60 81
1826 61 4
1826 62 34
1826 63 0
1826 64 44
1826 65 175
1826 66 0
1826 67 18
1826 68 82
1826 69 93
1826 70 0
1826 71 0
1826 72 1
1826 73 40
1826 74 28
1826 75 0
1826 76 0
1826 77 0
1826 78 36
1826 79 0
1826 80 0
1826 81 79
1826 82 0
1826 83 61
1826 84 0
1826 85 2
1826 86 10
1826 87 40
1826 88 28
1826 89 40
1826 90 0
1826 91 39
1826 92 122
1826 93 209
1826 94 39
1826 95 0
1851 1 0
1851 2 71
1851 3 0
1851 4 11
1851 5 0
1851 6 34
1851 7 20
1851 8 34
1851 9 13
1851 10 21
1851 11 6
1851 12 28
1851 13 0
1851 14 0
1851 15 18
1851 16 0
1851 17 39
1851 18 75
1851 19 38
1851 20 21
1851 21 16
1851 22 40
1851 23 37
1851 24 0
1851 25 52
1851 26 6
1851 27 55
1851 28 9
1851 29 0
1851 30 82
1851 31 0
1851 32 64
1851 33 87
1851 34 0
1851 35 19
1851 36 92
1851 37 10
1851 38 12
1851 39 0
1851 40 0
1851 41 0
1851 42 0
1851 43 54
1851 44 0
1851 45 37
1851 46 0
1851 47 0
1851 48 13
1851 49 0
1851 50 0
1851 51 0
1851 52 0
1851 53 33
1851 54 0
1851 55 0
1851 56 15
1851 57 0
1851 58 43
1851 59 60
1851 60 88
1851 61 0
1851 62 31
1851 63 0
1851 64 40
1851 65 164
1851 66 0
1851 67 22
1851 68 89
1851 69 99
1851 70 0
1851 71 0
1851 72 0
1851 73 72
1851 74 21
1851 75 1
1851 76 0
1851 77 0
1851 78 36
1851 79 0
1851 80 0
1851 81 75
1851 82 0
1851 83 63
1851 84 0
1851 85 7
1851 86 12
1851 87 40
1851 88 36
1851 89 42
1851 90 0
1851 91 37
1851 92 120
1851 93 207
1851 94 37
1851 95 1
1876 1 0
1876 2 74
1876 3 0
1876 4 15
1876 5 1
1876 6 43
1876 7 24
1876 8 24
1876 9 11
1876 10 14
1876 11 6
1876 12 34
1876 13 0
1876 14 0
1876 15 15
1876 16 0
1876 17 45
1876 18 70
1876 19 31
1876 20 20
1876 21 24
1876 22 42
1876 23 38
1876 24 3
1876 25 56
1876 26 2
1876 27 76
1876 28 17
1876 29 0
1876 30 79
1876 31 0
1876 32 63
1876 33 95
1876 34 0
1876 35 16
1876 36 95
1876 37 11
1876 38 13
1876 39 0
1876 40 0
1876 41 0
1876 42 1
1876 43 55
1876 44 0
1876 45 34
1876 46 0
1876 47 0
1876 48 12
1876 49 0
1876 50 0
1876 51 4
1876 52 0
1876 53 30
1876 54 0
1876 55 0
1876 56 10
1876 57 0
1876 58 57
1876 59 73
1876 60 81
1876 61 0
1876 62 24
1876 63 0
1876 64 39
1876 65 166
1876 66 1
1876 67 18
1876 68 97
1876 69 90
1876 70 0
1876 71 0
1876 72 0
1876 73 62
1876 74 19
1876 75 0
1876 76 0
1876 77 0
1876 78 30
1876 79 0
1876 80 0
1876 81 81
1876 82 0
1876 83 64
1876 84 18
1876 85 7
1876 86 17
1876 87 15
1876 88 16
1876 89 39
1876 90 0
1876 91 34
1876 92 116
1876 93 215
1876 94 41
1876 95 0
1901 1 0
1901 2 72
1901 3 0
1901 4 12
1901 5 0
1901 6 41
1901 7 33
1901 8 21
1901 9 1
1901 10 6
1901 11 5
1901 12 32
1901 13 0
1901 14 0
1901 15 16
1901 16 0
1901 17 33
1901 18 54
1901 19 46
1901 20 24
1901 21 17
1901 22 38
1901 23 40
1901 24 0
1901 25 62
1901 26 16
1901 27 68
1901 28 11
1901 29 3
1901 30 73
1901 31 0
1901 32 60
1901 33 84
1901 34 0
1901 35 12
1901 36 90
1901 37 12
1901 38 29
1901 39 0
1901 40 0
1901 41 11
1901 42 0
1901 43 56
1901 44 1
1901 45 13
1901 46 0
1901 47 0
1901 48 10
1901 49 0
1901 50 0
1901 51 0
1901 52 0
1901 53 33
1901 54 0
1901 55 0
1901 56 4
1901 57 0
1901 58 55
1901 59 79
1901 60 98
1901 61 0
1901 62 24
1901 63 0
1901 64 43
1901 65 164
1901 66 1
1901 67 22
1901 68 83
1901 69 79
1901 70 0
1901 71 0
1901 72 0
1901 73 73
1901 74 37
1901 75 0
1901 76 0
1901 77 1
1901 78 29
1901 79 0
1901 80 0
1901 81 78
1901 82 2
1901 83 57
1901 84 31
1901 85 9
1901 86 14
1901 87 1
1901 88 18
1901 89 37
1901 90 0
1901 91 40
1901 92 128
1901 93 217
1901 94 40
1901 95 0
1926 1 0
1926 2 75
1926 3 0
1926 4 18
1926 5 0
1926 6 36
1926 7 23
1926 8 36
1926 9 0
1926 10 20
1926 11 11
1926 12 36
1926 13 0
1926 14 0
1926 15 10
1926 16 0
1926 17 39
1926 18 61
1926 19 34
1926 20 25
1926 21 21
1926 22 42
1926 23 40
1926 24 0
1926 25 52
1926 26 9
1926 27 62
1926 28 11
1926 29 9
1926 30 80
1926 31 0
1926 32 58
1926 33 79
1926 34 0
1926 35 14
1926 36 77
1926 37 12
1926 38 30
1926 39 0
1926 40 0
1926 41 0
1926 42 1
1926 43 69
1926 44 4
1926 45 30
1926 46 0
1926 47 0
1926 48 20
1926 49 0
1926 50 0
1926 51 0
1926 52 0
1926 53 32
1926 54 0
1926 55 5
1926 56 0
1926 57 0
1926 58 49
1926 59 46
1926 60 81
1926 61 0
1926 62 35
1926 63 0
1926 64 35
1926 65 171
1926 66 0
1926 67 22
1926 68 86
1926 69 93
1926 70 0
1926 71 0
1926 72 0
1926 73 69
1926 74 33
1926 75 0
1926 76 0
1926 77 0
1926 78 31
1926 79 0
1926 80 0
1926 81 54
1926 82 0
1926 83 59
1926 84 32
1926 85 23
1926 86 12
1926 87 0
1926 88 19
1926 89 39
1926 90 8
1926 91 40
1926 92 119
1926 93 205
1926 94 41
1926 95 0
1951 1 0
1951 2 91
1951 3 0
1951 4 10
1951 5 0
1951 6 47
1951 7 20
1951 8 18
1951 9 0
1951 10 0
1951 11 3
1951 12 25
1951 13 0
1951 14 0
1951 15 18
1951 16 0
1951 17 46
1951 18 60
1951 19 42
1951 20 20
1951 21 19
1951 22 40
1951 23 39
1951 24 0
1951 25 50
1951 26 13
1951 27 58
1951 28 11
1951 29 8
1951 30 79
1951 31 2
1951 32 60
1951 33 84
1951 34 0
1951 35 17
1951 36 101
1951 37 11
1951 38 35
1951 39 0
1951 40 0
1951 41 0
1951 42 0
1951 43 69
1951 44 0
1951 45 25
1951 46 0
1951 47 0
1951 48 13
1951 49 0
1951 50 1
1951 51 0
1951 52 0
1951 53 30
1951 54 0
1951 55 0
1951 56 0
1951 57 0
1951 58 54
1951 59 69
1951 60 84
1951 61 0
1951 62 26
1951 63 0
1951 64 50
1951 65 171
1951 66 0
1951 67 24
1951 68 81
1951 69 99
1951 70 0
1951 71 0
1951 72 0
1951 73 73
1951 74 25
1951 75 0
1951 76 0
1951 77 0
1951 78 21
1951 79 0
1951 80 0
1951 81 53
1951 82 0
1951 83 59
1951 84 30
1951 85 18
1951 86 12
1951 87 0
1951 88 22
1951 89 48
1951 90 0
1951 91 34
1951 92 120
1951 93 231
1951 94 40
1951 95 0
1976 1 0
1976 2 74
1976 3 0
1976 4 8
1976 5 1
1976 6 45
1976 7 28
1976 8 29
1976 9 0
1976 10 0
1976 11 0
1976 12 32
1976 13 0
1976 14 1
1976 15 13
1976 16 1
1976 17 47
1976 18 58
1976 19 36
1976 20 25
1976 21 21
1976 22 42
1976 23 41
1976 24 0
1976 25 38
1976 26 22
1976 27 55
1976 28 18
1976 29 9
1976 30 46
1976 31 0
1976 32 110
1976 33 98
1976 34 0
1976 35 11
1976 36 110
1976 37 18
1976 38 28
1976 39 0
1976 40 0
1976 41 0
1976 42 0
1976 43 68
1976 44 0
1976 45 11
1976 46 0
1976 47 0
1976 48 12
1976 49 0
1976 50 0
1976 51 0
1976 52 0
1976 53 30
1976 54 0
1976 55 0
1976 56 0
1976 57 0
1976 58 68
1976 59 74
1976 60 82
1976 61 0
1976 62 39
1976 63 0
1976 64 50
1976 65 163
1976 66 0
1976 67 19
1976 68 84
1976 69 85
1976 70 0
1976 71 0
1976 72 0
1976 73 75
1976 74 31
1976 75 0
1976 76 0
1976 77 0
1976 78 45
1976 79 0
1976 80 0
1976 81 58
1976 82 0
1976 83 53
1976 84 37
1976 85 10
1976 86 0
1976 87 0
1976 88 21
1976 89 40
1976 90 0
1976 91 36
1976 92 136
1976 93 227
1976 94 42
1976 95 0
