1 1 19
1 2 4
1 3 9
1 4 1
1 5 16
1 6 58
1 7 70
1 8 2
1 9 39
1 10 23
1 11 0
1 12 7
1 13 277
1 14 22
1 15 26
1 16 11
1 17 72
1 18 402
1 19 11
1 20 30
1 21 0
1 22 2
1 23 40
1 24 3
1 25 36
1 26 1
1 27 5
1 28 2
1 29 2
1 30 6
1 31 3
1 32 3
1 33 61
1 34 15
1 35 4
1 36 21
1 37 5
1 38 2
1 39 32
1 40 31
1 41 46
1 42 8
1 43 1
1 44 26
1 45 1
1 46 3
1 47 1
1 48 21
1 49 386
1 50 1
1 51 9
1 52 4
1 53 396
1 54 4
1 55 0
1 56 0
1 57 10
1 58 5
1 59 4
1 60 119
1 61 17
1 62 113
1 63 596
1 64 1
1 65 0
1 66 44
1 67 58
1 68 1
1 69 12
1 70 318
1 71 169
1 72 45
1 73 6
1 74 2
1 75 81
1 76 4
1 77 16
1 78 7
1 79 10
1 80 0
1 81 55
1 82 142
1 83 63
1 84 4
1 85 3
1 86 8
1 87 20
1 88 40
1 89 2
1 90 131
1 91 63
1 92 258
1 93 3
1 94 9
1 95 280
26 1 13
26 2 1
26 3 11
26 4 0
26 5 7
26 6 70
26 7 56
26 8 6
26 9 21
26 10 36
26 11 3
26 12 7
26 13 284
26 14 17
26 15 5
26 16 28
26 17 20
26 18 419
26 19 3
26 20 36
26 21 3
26 22 4
26 23 33
26 24 0
26 25 27
26 26 1
26 27 14
26 28 17
26 29 2
26 30 4
26 31 3
26 32 2
26 33 73
26 34 20
26 35 13
26 36 37
26 37 1
26 38 3
26 39 25
26 40 21
26 41 20
26 42 4
26 43 25
26 44 6
26 45 0
26 46 3
26 47 16
26 48 7
26 49 263
26 50 2
26 51 19
26 52 16
26 53 410
26 54 22
26 55 2
26 56 11
26 57 16
26 58 6
26 59 5
26 60 63
26 61 13
26 62 124
26 63 444
26 64 17
26 65 18
26 66 68
26 67 44
26 68 0
26 69 3
26 70 311
26 71 99
26 72 23
26 73 1
26 74 21
26 75 58
26 76 7
26 77 30
26 78 19
26 79 16
26 80 2
26 81 27
26 82 131
26 83 32
26 84 0
26 85 19
26 86 0
26 87 53
26 88 38
26 89 6
26 90 135
26 91 47
26 92 197
26 93 7
26 94 2
26 95 163
51 1 3
51 2 1
51 3 0
51 4 2
51 5 0
51 6 72
51 7 41
51 8 18
51 9 28
51 10 36
51 11 28
51 12 4
51 13 296
51 14 3
51 15 1
51 16 24
51 17 16
51 18 453
51 19 32
51 20 58
51 21 1
51 22 16
51 23 34
51 24 2
51 25 4
51 26 4
51 27 16
51 28 24
51 29 11
51 30 3
51 31 3
51 32 18
51 33 86
51 34 21
51 35 1
51 36 29
51 37 3
51 38 2
51 39 22
51 40 11
51 41 9
51 42 2
51 43 26
51 44 8
51 45 1
51 46 5
51 47 10
51 48 24
51 49 279
51 50 13
51 51 4
51 52 9
51 53 418
51 54 9
51 55 3
51 56 9
51 57 13
51 58 12
51 59 5
51 60 62
51 61 15
51 62 82
51 63 486
51 64 10
51 65 36
51 66 38
51 67 58
51 68 4
51 69 4
51 70 267
51 71 91
51 72 35
51 73 2
51 74 5
51 75 45
51 76 18
51 77 33
51 78 21
51 79 3
51 80 1
51 81 34
51 82 131
51 83 50
51 84 4
51 85 16
51 86 5
51 87 43
51 88 37
51 89 2
51 90 160
51 91 27
51 92 186
51 93 2
51 94 2
51 95 191
76 1 12
76 2 5
76 3 5
76 4 2
76 5 0
76 6 50
76 7 6
76 8 42
76 9 54
76 10 36
76 11 20
76 12 6
76 13 376
76 14 3
76 15 11
76 16 36
76 17 9
76 18 437
76 19 13
76 20 49
76 21 3
76 22 12
76 23 46
76 24 9
76 25 15
76 26 11
76 27 18
76 28 23
76 29 24
76 30 3
76 31 5
76 32 17
76 33 128
76 34 30
76 35 4
76 36 23
76 37 1
76 38 1
76 39 16
76 40 1
76 41 5
76 42 2
76 43 89
76 44 8
76 45 16
76 46 4
76 47 1
76 48 37
76 49 300
76 50 3
76 51 20
76 52 3
76 53 403
76 54 5
76 55 6
76 56 8
76 57 10
76 58 4
76 59 1
76 60 101
76 61 2
76 62 56
76 63 463
76 64 29
76 65 37
76 66 10
76 67 55
76 68 2
76 69 3
76 70 221
76 71 73
76 72 68
76 73 1
76 74 4
76 75 44
76 76 41
76 77 13
76 78 11
76 79 0
76 80 0
76 81 40
76 82 126
76 83 57
76 84 1
76 85 0
76 86 2
76 87 15
76 88 16
76 89 4
76 90 166
76 91 14
76 92 169
76 93 6
76 94 4
76 95 206
101 1 9
101 2 2
101 3 3
101 4 4
101 5 1
101 6 27
101 7 1
101 8 46
101 9 64
101 10 26
101 11 25
101 12 4
101 13 419
101 14 6
101 15 8
101 16 29
101 17 1
101 18 373
101 19 9
101 20 58
101 21 0
101 22 5
101 23 63
101 24 2
101 25 35
101 26 16
101 27 20
101 28 17
101 29 30
101 30 0
101 31 4
101 32 15
101 33 99
101 34 19
101 35 3
101 36 44
101 37 2
101 38 3
101 39 24
101 40 6
101 41 3
101 42 2
101 43 86
101 44 13
101 45 35
101 46 1
101 47 3
101 48 47
101 49 251
101 50 1
101 51 27
101 52 2
101 53 394
101 54 5
101 55 12
101 56 9
101 57 4
101 58 1
101 59 6
101 60 90
101 61 5
101 62 40
101 63 463
101 64 41
101 65 38
101 66 1
101 67 60
101 68 2
101 69 1
101 70 189
101 71 60
101 72 58
101 73 1
101 74 2
101 75 60
101 76 41
101 77 0
101 78 13
101 79 1
101 80 1
101 81 39
101 82 147
101 83 96
101 84 3
101 85 42
101 86 2
101 87 8
101 88 23
101 89 1
101 90 117
101 91 3
101 92 180
101 93 20
101 94 9
101 95 215
126 1 6
126 2 6
126 3 2
126 4 2
126 5 2
126 6 39
126 7 1
126 8 18
126 9 83
126 10 15
126 11 3
126 12 5
126 13 361
126 14 5
126 15 31
126 16 14
126 17 9
126 18 401
126 19 2
126 20 85
126 21 19
126 22 1
126 23 39
126 24 1
126 25 29
126 26 5
126 27 20
126 28 25
126 29 28
126 30 5
126 31 1
126 32 20
126 33 44
126 34 17
126 35 2
126 36 78
126 37 15
126 38 0
126 39 39
126 40 4
126 41 9
126 42 1
126 43 78
126 44 5
126 45 34
126 46 4
126 47 16
126 48 42
126 49 234
126 50 2
126 51 35
126 52 0
126 53 416
126 54 0
126 55 1
126 56 2
126 57 8
126 58 5
126 59 7
126 60 106
126 61 16
126 62 57
126 63 481
126 64 39
126 65 33
126 66 5
126 67 51
126 68 6
126 69 4
126 70 195
126 71 58
126 72 60
126 73 3
126 74 2
126 75 53
126 76 51
126 77 1
126 78 18
126 79 1
126 80 1
126 81 42
126 82 135
126 83 123
126 84 14
126 85 11
126 86 4
126 87 3
126 88 14
126 89 2
126 90 124
126 91 6
126 92 188
126 93 26
126 94 8
126 95 202
151 1 5
151 2 2
151 3 2
151 4 2
151 5 4
151 6 63
151 7 2
151 8 21
151 9 89
151 10 3
151 11 2
151 12 1
151 13 341
151 14 8
151 15 38
151 16 17
151 17 9
151 18 366
151 19 6
151 20 106
151 21 27
151 22 5
151 23 67
151 24 2
151 25 49
151 26 8
151 27 18
151 28 47
151 29 23
151 30 4
151 31 0
151 32 16
151 33 42
151 34 13
151 35 12
151 36 56
151 37 9
151 38 3
151 39 68
151 40 4
151 41 0
151 42 1
151 43 82
151 44 5
151 45 20
151 46 4
151 47 13
151 48 29
151 49 213
151 50 6
151 51 40
151 52 23
151 53 416
151 54 2
151 55 4
151 56 10
151 57 6
151 58 3
151 59 5
151 60 93
151 61 3
151 62 68
151 63 452
151 64 42
151 65 29
151 66 5
151 67 64
151 68 12
151 69 2
151 70 188
151 71 69
151 72 74
151 73 7
151 74 1
151 75 36
151 76 74
151 77 3
151 78 16
151 79 1
151 80 7
151 81 45
151 82 132
151 83 148
151 84 25
151 85 25
151 86 2
151 87 4
151 88 12
151 89 6
151 90 118
151 91 2
151 92 172
151 93 30
151 94 1
151 95 174
176 1 1
176 2 1
176 3 4
176 4 1
176 5 4
176 6 71
176 7 8
176 8 16
176 9 63
176 10 0
176 11 1
176 12 4
176 13 289
176 14 35
176 15 37
176 16 20
176 17 8
176 18 412
176 19 6
176 20 104
176 21 5
176 22 1
176 23 108
176 24 2
176 25 55
176 26 9
176 27 22
176 28 55
176 29 8
176 30 28
176 31 2
176 32 24
176 33 60
176 34 5
176 35 0
176 36 77
176 37 18
176 38 2
176 39 73
176 40 0
176 41 4
176 42 0
176 43 69
176 44 4
176 45 14
176 46 3
176 47 2
176 48 31
176 49 189
176 50 5
176 51 23
176 52 9
176 53 387
176 54 0
176 55 3
176 56 25
176 57 3
176 58 2
176 59 1
176 60 129
176 61 0
176 62 85
176 63 446
176 64 41
176 65 27
176 66 1
176 67 61
176 68 3
176 69 5
176 70 176
176 71 67
176 72 24
176 73 5
176 74 4
176 75 28
176 76 90
176 77 2
176 78 31
176 79 6
176 80 6
176 81 37
176 82 117
176 83 157
176 84 33
176 85 8
176 86 0
176 87 14
176 88 27
176 89 2
176 90 94
176 91 2
176 92 174
176 93 60
176 94 5
176 95 191
201 1 1
201 2 3
201 3 4
201 4 4
201 5 1
201 6 104
201 7 18
201 8 18
201 9 28
201 10 3
201 11 2
201 12 2
201 13 294
201 14 19
201 15 50
201 16 12
201 17 14
201 18 420
201 19 6
201 20 103
201 21 5
201 22 5
201 23 78
201 24 2
201 25 63
201 26 2
201 27 16
201 28 44
201 29 17
201 30 41
201 31 4
201 32 7
201 33 52
201 34 3
201 35 13
201 36 65
201 37 25
201 38 1
201 39 70
201 40 1
201 41 1
201 42 13
201 43 75
201 44 35
201 45 10
201 46 4
201 47 1
201 48 41
201 49 247
201 50 16
201 51 33
201 52 17
201 53 308
201 54 16
201 55 3
201 56 37
201 57 7
201 58 5
201 59 0
201 60 148
201 61 7
201 62 91
201 63 441
201 64 65
201 65 0
201 66 9
201 67 53
201 68 2
201 69 1
201 70 194
201 71 50
201 72 8
201 73 1
201 74 4
201 75 21
201 76 47
201 77 3
201 78 23
201 79 2
201 80 5
201 81 52
201 82 120
201 83 120
201 84 22
201 85 1
201 86 22
201 87 0
201 88 16
201 89 1
201 90 95
201 91 15
201 92 175
201 93 67
201 94 6
201 95 179
226 1 3
226 2 3
226 3 19
226 4 2
226 5 3
226 6 64
226 7 9
226 8 22
226 9 16
226 10 23
226 11 3
226 12 5
226 13 287
226 14 7
226 15 45
226 16 25
226 17 23
226 18 382
226 19 4
226 20 72
226 21 4
226 22 2
226 23 75
226 24 2
226 25 77
226 26 1
226 27 13
226 28 57
226 29 45
226 30 46
226 31 2
226 32 6
226 33 65
226 34 2
226 35 16
226 36 58
226 37 34
226 38 4
226 39 71
226 40 2
226 41 1
226 42 21
226 43 66
226 44 32
226 45 3
226 46 5
226 47 1
226 48 42
226 49 255
226 50 7
226 51 35
226 52 14
226 53 328
226 54 9
226 55 1
226 56 14
226 57 13
226 58 2
226 59 5
226 60 135
226 61 6
226 62 104
226 63 426
226 64 70
226 65 4
226 66 13
226 67 50
226 68 3
226 69 10
226 70 232
226 71 43
226 72 9
226 73 2
226 74 5
226 75 29
226 76 48
226 77 4
226 78 17
226 79 3
226 80 6
226 81 40
226 82 129
226 83 101
226 84 20
226 85 16
226 86 19
226 87 2
226 88 25
226 89 1
226 90 90
226 91 42
226 92 206
226 93 45
226 94 5
226 95 142
251 1 0
251 2 4
251 3 5
251 4 7
251 5 1
251 6 71
251 7 40
251 8 16
251 9 23
251 10 7
251 11 3
251 12 3
251 13 304
251 14 7
251 15 51
251 16 27
251 17 29
251 18 369
251 19 8
251 20 111
251 21 4
251 22 10
251 23 42
251 24 4
251 25 73
251 26 2
251 27 3
251 28 55
251 29 45
251 30 45
251 31 2
251 32 2
251 33 42
251 34 19
251 35 14
251 36 31
251 37 22
251 38 15
251 39 65
251 40 0
251 41 0
251 42 3
251 43 83
251 44 17
251 45 3
251 46 5
251 47 1
251 48 46
251 49 247
251 50 7
251 51 48
251 52 21
251 53 355
251 54 28
251 55 3
251 56 7
251 57 25
251 58 1
251 59 23
251 60 124
251 61 1
251 62 107
251 63 437
251 64 51
251 65 2
251 66 4
251 67 54
251 68 2
251 69 0
251 70 203
251 71 33
251 72 19
251 73 8
251 74 0
251 75 18
251 76 48
251 77 0
251 78 20
251 79 7
251 80 0
251 81 42
251 82 130
251 83 97
251 84 13
251 85 17
251 86 24
251 87 2
251 88 44
251 89 2
251 90 93
251 91 47
251 92 198
251 93 53
251 94 20
251 95 127
276 1 19
276 2 10
276 3 0
276 4 10
276 5 3
276 6 83
276 7 25
276 8 21
276 9 20
276 10 4
276 11 11
276 12 14
276 13 273
276 14 6
276 15 40
276 16 27
276 17 35
276 18 349
276 19 4
276 20 112
276 21 1
276 22 30
276 23 59
276 24 15
276 25 40
276 26 16
276 27 0
276 28 22
276 29 46
276 30 25
276 31 2
276 32 3
276 33 75
276 34 35
276 35 16
276 36 37
276 37 31
276 38 14
276 39 67
276 40 4
276 41 5
276 42 2
276 43 104
276 44 13
276 45 2
276 46 2
276 47 1
276 48 44
276 49 265
276 50 1
276 51 12
276 52 21
276 53 404
276 54 17
276 55 5
276 56 22
276 57 20
276 58 2
276 59 53
276 60 109
276 61 6
276 62 144
276 63 403
276 64 5
276 65 2
276 66 2
276 67 49
276 68 0
276 69 2
276 70 179
276 71 43
276 72 6
276 73 12
276 74 4
276 75 29
276 76 36
276 77 0
276 78 19
276 79 7
276 80 3
276 81 50
276 82 136
276 83 78
276 84 15
276 85 8
276 86 24
276 87 1
276 88 36
276 89 0
276 90 73
276 91 8
276 92 207
276 93 38
276 94 2
276 95 169
301 1 9
301 2 1
301 3 7
301 4 1
301 5 0
301 6 98
301 7 44
301 8 18
301 9 27
301 10 20
301 11 17
301 12 26
301 13 261
301 14 7
301 15 40
301 16 46
301 17 21
301 18 305
301 19 0
301 20 102
301 21 3
301 22 1
301 23 74
301 24 9
301 25 48
301 26 13
301 27 3
301 28 19
301 29 60
301 30 21
301 31 1
301 32 2
301 33 59
301 34 6
301 35 20
301 36 58
301 37 37
301 38 36
301 39 63
301 40 1
301 41 21
301 42 2
301 43 133
301 44 5
301 45 2
301 46 2
301 47 0
301 48 33
301 49 256
301 50 1
301 51 11
301 52 6
301 53 486
301 54 20
301 55 2
301 56 36
301 57 8
301 58 4
301 59 74
301 60 105
301 61 2
301 62 142
301 63 423
301 64 1
301 65 1
301 66 2
301 67 35
301 68 5
301 69 0
301 70 176
301 71 36
301 72 24
301 73 0
301 74 10
301 75 25
301 76 23
301 77 6
301 78 17
301 79 2
301 80 2
301 81 53
301 82 146
301 83 74
301 84 12
301 85 22
301 86 42
301 87 5
301 88 18
301 89 2
301 90 71
301 91 3
301 92 264
301 93 44
301 94 0
301 95 156
326 1 3
326 2 4
326 3 5
326 4 2
326 5 5
326 6 120
326 7 54
326 8 2
326 9 27
326 10 16
326 11 29
326 12 25
326 13 260
326 14 2
326 15 25
326 16 41
326 17 21
326 18 280
326 19 1
326 20 86
326 21 9
326 22 1
326 23 83
326 24 1
326 25 26
326 26 20
326 27 4
326 28 20
326 29 57
326 30 23
326 31 5
326 32 1
326 33 67
326 34 9
326 35 17
326 36 53
326 37 38
326 38 51
326 39 68
326 40 2
326 41 43
326 42 2
326 43 126
326 44 7
326 45 2
326 46 3
326 47 3
326 48 31
326 49 236
326 50 2
326 51 13
326 52 1
326 53 470
326 54 21
326 55 1
326 56 38
326 57 14
326 58 2
326 59 72
326 60 65
326 61 3
326 62 118
326 63 364
326 64 1
326 65 5
326 66 2
326 67 25
326 68 0
326 69 1
326 70 165
326 71 46
326 72 7
326 73 7
326 74 21
326 75 13
326 76 29
326 77 3
326 78 25
326 79 5
326 80 4
326 81 68
326 82 134
326 83 81
326 84 9
326 85 12
326 86 41
326 87 4
326 88 21
326 89 5
326 90 63
326 91 28
326 92 245
326 93 42
326 94 3
326 95 233
351 1 2
351 2 3
351 3 8
351 4 9
351 5 0
351 6 104
351 7 71
351 8 4
351 9 26
351 10 32
351 11 37
351 12 30
351 13 272
351 14 8
351 15 15
351 16 40
351 17 13
351 18 340
351 19 1
351 20 74
351 21 3
351 22 2
351 23 111
351 24 1
351 25 31
351 26 23
351 27 3
351 28 4
351 29 27
351 30 43
351 31 6
351 32 6
351 33 48
351 34 2
351 35 11
351 36 47
351 37 35
351 38 41
351 39 61
351 40 8
351 41 40
351 42 4
351 43 109
351 44 32
351 45 21
351 46 2
351 47 7
351 48 35
351 49 220
351 50 0
351 51 14
351 52 4
351 53 438
351 54 0
351 55 2
351 56 41
351 57 9
351 58 25
351 59 79
351 60 63
351 61 4
351 62 111
351 63 388
351 64 1
351 65 2
351 66 13
351 67 13
351 68 2
351 69 5
351 70 167
351 71 62
351 72 1
351 73 0
351 74 14
351 75 41
351 76 34
351 77 2
351 78 16
351 79 3
351 80 5
351 81 96
351 82 129
351 83 62
351 84 11
351 85 33
351 86 18
351 87 4
351 88 30
351 89 2
351 90 79
351 91 35
351 92 179
351 93 43
351 94 3
351 95 236
376 1 1
376 2 11
376 3 1
376 4 10
376 5 2
376 6 79
376 7 95
376 8 1
376 9 34
376 10 30
376 11 35
376 12 55
376 13 217
376 14 1
376 15 8
376 16 21
376 17 7
376 18 315
376 19 6
376 20 52
376 21 0
376 22 5
376 23 106
376 24 0
376 25 27
376 26 17
376 27 5
376 28 2
376 29 5
376 30 46
376 31 2
376 32 5
376 33 40
376 34 2
376 35 13
376 36 40
376 37 39
376 38 44
376 39 73
376 40 1
376 41 47
376 42 2
376 43 109
376 44 14
376 45 22
376 46 5
376 47 3
376 48 19
376 49 231
376 50 1
376 51 9
376 52 0
376 53 483
376 54 2
376 55 11
376 56 21
376 57 9
376 58 14
376 59 62
376 60 55
376 61 2
376 62 142
376 63 371
376 64 3
376 65 1
376 66 6
376 67 14
376 68 3
376 69 10
376 70 181
376 71 79
376 72 2
376 73 4
376 74 1
376 75 41
376 76 42
376 77 2
376 78 3
376 79 9
376 80 4
376 81 117
376 82 142
376 83 80
376 84 17
376 85 62
376 86 22
376 87 2
376 88 18
376 89 4
376 90 70
376 91 31
376 92 196
376 93 55
376 94 3
376 95 235
401 1 2
401 2 23
401 3 1
401 4 24
401 5 2
401 6 96
401 7 86
401 8 3
401 9 65
401 10 35
401 11 24
401 12 78
401 13 193
401 14 3
401 15 36
401 16 36
401 17 9
401 18 287
401 19 1
401 20 45
401 21 4
401 22 2
401 23 84
401 24 0
401 25 36
401 26 16
401 27 1
401 28 9
401 29 7
401 30 45
401 31 5
401 32 1
401 33 43
401 34 4
401 35 13
401 36 65
401 37 26
401 38 42
401 39 79
401 40 0
401 41 38
401 42 2
401 43 120
401 44 2
401 45 35
401 46 1
401 47 1
401 48 32
401 49 191
401 50 4
401 51 17
401 52 0
401 53 482
401 54 3
401 55 0
401 56 5
401 57 2
401 58 14
401 59 35
401 60 47
401 61 0
401 62 170
401 63 386
401 64 1
401 65 2
401 66 6
401 67 13
401 68 0
401 69 0
401 70 238
401 71 97
401 72 0
401 73 0
401 74 0
401 75 44
401 76 75
401 77 4
401 78 1
401 79 0
401 80 1
401 81 106
401 82 180
401 83 78
401 84 10
401 85 44
401 86 21
401 87 0
401 88 19
401 89 2
401 90 83
401 91 48
401 92 156
401 93 43
401 94 1
401 95 206
426 1 4
426 2 4
426 3 6
426 4 17
426 5 13
426 6 73
426 7 90
426 8 2
426 9 51
426 10 34
426 11 30
426 12 73
426 13 203
426 14 19
426 15 80
426 16 18
426 17 12
426 18 267
426 19 1
426 20 49
426 21 6
426 22 0
426 23 52
426 24 2
426 25 26
426 26 11
426 27 0
426 28 1
426 29 22
426 30 57
426 31 1
426 32 11
426 33 46
426 34 13
426 35 13
426 36 49
426 37 21
426 38 46
426 39 119
426 40 25
426 41 30
426 42 5
426 43 109
426 44 2
426 45 11
426 46 2
426 47 3
426 48 33
426 49 187
426 50 2
426 51 21
426 52 4
426 53 425
426 54 7
426 55 1
426 56 2
426 57 4
426 58 15
426 59 30
426 60 41
426 61 1
426 62 169
426 63 362
426 64 14
426 65 2
426 66 3
426 67 25
426 68 1
426 69 0
426 70 239
426 71 69
426 72 12
426 73 2
426 74 0
426 75 43
426 76 71
426 77 0
426 78 6
426 79 0
426 80 3
426 81 167
426 82 169
426 83 114
426 84 11
426 85 8
426 86 17
426 87 3
426 88 6
426 89 2
426 90 77
426 91 44
426 92 172
426 93 51
426 94 3
426 95 166
451 1 5
451 2 1
451 3 9
451 4 15
451 5 16
451 6 91
451 7 114
451 8 3
451 9 73
451 10 23
451 11 28
451 12 70
451 13 210
451 14 9
451 15 71
451 16 26
451 17 9
451 18 246
451 19 7
451 20 45
451 21 8
451 22 1
451 23 52
451 24 2
451 25 36
451 26 16
451 27 0
451 28 1
451 29 31
451 30 38
451 31 2
451 32 4
451 33 47
451 34 23
451 35 35
451 36 34
451 37 26
451 38 38
451 39 107
451 40 5
451 41 22
451 42 5
451 43 151
451 44 1
451 45 19
451 46 2
451 47 2
451 48 39
451 49 189
451 50 1
451 51 12
451 52 2
451 53 423
451 54 2
451 55 0
451 56 1
451 57 2
451 58 13
451 59 26
451 60 27
451 61 2
451 62 146
451 63 425
451 64 22
451 65 2
451 66 3
451 67 19
451 68 3
451 69 0
451 70 200
451 71 68
451 72 6
451 73 5
451 74 1
451 75 30
451 76 103
451 77 4
451 78 0
451 79 6
451 80 2
451 81 157
451 82 178
451 83 182
451 84 1
451 85 20
451 86 8
451 87 2
451 88 3
451 89 1
451 90 52
451 91 37
451 92 208
451 93 55
451 94 6
451 95 126
476 1 1
476 2 5
476 3 3
476 4 21
476 5 2
476 6 45
476 7 74
476 8 18
476 9 61
476 10 23
476 11 28
476 12 63
476 13 226
476 14 22
476 15 53
476 16 40
476 17 7
476 18 233
476 19 2
476 20 48
476 21 4
476 22 0
476 23 29
476 24 3
476 25 22
476 26 16
476 27 1
476 28 2
476 29 19
476 30 41
476 31 4
476 32 4
476 33 58
476 34 30
476 35 57
476 36 38
476 37 19
476 38 34
476 39 91
476 40 8
476 41 26
476 42 4
476 43 151
476 44 19
476 45 22
476 46 5
476 47 4
476 48 44
476 49 229
476 50 0
476 51 4
476 52 1
476 53 407
476 54 5
476 55 1
476 56 3
476 57 1
476 58 20
476 59 24
476 60 6
476 61 6
476 62 102
476 63 425
476 64 15
476 65 9
476 66 5
476 67 18
476 68 5
476 69 5
476 70 170
476 71 87
476 72 32
476 73 0
476 74 0
476 75 32
476 76 88
476 77 9
476 78 2
476 79 4
476 80 1
476 81 113
476 82 168
476 83 218
476 84 0
476 85 16
476 86 7
476 87 3
476 88 1
476 89 0
476 90 30
476 91 25
476 92 288
476 93 45
476 94 2
476 95 151
501 1 6
501 2 8
501 3 5
501 4 22
501 5 3
501 6 55
501 7 96
501 8 19
501 9 49
501 10 21
501 11 53
501 12 37
501 13 241
501 14 27
501 15 64
501 16 47
501 17 9
501 18 290
501 19 11
501 20 50
501 21 1
501 22 5
501 23 32
501 24 2
501 25 8
501 26 13
501 27 6
501 28 20
501 29 16
501 30 19
501 31 4
501 32 4
501 33 66
501 34 29
501 35 47
501 36 26
501 37 18
501 38 23
501 39 97
501 40 3
501 41 12
501 42 3
501 43 199
501 44 11
501 45 18
501 46 1
501 47 3
501 48 15
501 49 194
501 50 2
501 51 12
501 52 3
501 53 365
501 54 5
501 55 0
501 56 1
501 57 10
501 58 21
501 59 20
501 60 2
501 61 6
501 62 123
501 63 417
501 64 24
501 65 5
501 66 4
501 67 12
501 68 5
501 69 2
501 70 179
501 71 69
501 72 55
501 73 1
501 74 2
501 75 44
501 76 85
501 77 1
501 78 2
501 79 2
501 80 1
501 81 91
501 82 142
501 83 222
501 84 19
501 85 12
501 86 0
501 87 3
501 88 2
501 89 0
501 90 51
501 91 46
501 92 242
501 93 35
501 94 2
501 95 199
526 1 3
526 2 5
526 3 1
526 4 24
526 5 1
526 6 41
526 7 99
526 8 17
526 9 97
526 10 12
526 11 41
526 12 36
526 13 264
526 14 16
526 15 72
526 16 49
526 17 12
526 18 303
526 19 8
526 20 51
526 21 6
526 22 2
526 23 51
526 24 2
526 25 1
526 26 7
526 27 2
526 28 31
526 29 14
526 30 3
526 31 8
526 32 2
526 33 61
526 34 22
526 35 24
526 36 34
526 37 14
526 38 14
526 39 95
526 40 3
526 41 1
526 42 0
526 43 172
526 44 7
526 45 20
526 46 0
526 47 1
526 48 2
526 49 214
526 50 2
526 51 28
526 52 2
526 53 372
526 54 3
526 55 5
526 56 0
526 57 5
526 58 23
526 59 31
526 60 2
526 61 5
526 62 116
526 63 389
526 64 39
526 65 5
526 66 1
526 67 19
526 68 6
526 69 1
526 70 150
526 71 74
526 72 55
526 73 2
526 74 1
526 75 48
526 76 72
526 77 1
526 78 0
526 79 18
526 80 2
526 81 53
526 82 167
526 83 205
526 84 28
526 85 14
526 86 0
526 87 3
526 88 0
526 89 6
526 90 56
526 91 54
526 92 276
526 93 13
526 94 17
526 95 195
551 1 0
551 2 4
551 3 3
551 4 11
551 5 12
551 6 18
551 7 84
551 8 18
551 9 94
551 10 7
551 11 43
551 12 48
551 13 228
551 14 6
551 15 78
551 16 51
551 17 22
551 18 338
551 19 11
551 20 44
551 21 9
551 22 3
551 23 22
551 24 3
551 25 0
551 26 3
551 27 8
551 28 20
551 29 6
551 30 0
551 31 1
551 32 20
551 33 52
551 34 27
551 35 44
551 36 19
551 37 14
551 38 26
551 39 88
551 40 4
551 41 4
551 42 1
551 43 196
551 44 6
551 45 9
551 46 0
551 47 1
551 48 1
551 49 203
551 50 1
551 51 53
551 52 1
551 53 420
551 54 0
551 55 4
551 56 4
551 57 20
551 58 3
551 59 27
551 60 2
551 61 15
551 62 125
551 63 434
551 64 33
551 65 1
551 66 4
551 67 8
551 68 8
551 69 1
551 70 173
551 71 61
551 72 50
551 73 0
551 74 11
551 75 74
551 76 65
551 77 18
551 78 1
551 79 2
551 80 4
551 81 46
551 82 174
551 83 204
551 84 5
551 85 3
551 86 3
551 87 19
551 88 1
551 89 3
551 90 48
551 91 50
551 92 246
551 93 21
551 94 23
551 95 213
576 1 4
576 2 0
576 3 4
576 4 8
576 5 21
576 6 37
576 7 64
576 8 27
576 9 89
576 10 6
576 11 30
576 12 46
576 13 153
576 14 4
576 15 65
576 16 76
576 17 55
576 18 307
576 19 5
576 20 71
576 21 1
576 22 4
576 23 38
576 24 2
576 25 1
576 26 3
576 27 4
576 28 42
576 29 13
576 30 0
576 31 0
576 32 25
576 33 45
576 34 19
576 35 18
576 36 20
576 37 16
576 38 22
576 39 92
576 40 7
576 41 7
576 42 4
576 43 203
576 44 4
576 45 8
576 46 1
576 47 2
576 48 4
576 49 229
576 50 1
576 51 35
576 52 4
576 53 363
576 54 2
576 55 5
576 56 3
576 57 13
576 58 1
576 59 23
576 60 5
576 61 0
576 62 125
576 63 408
576 64 48
576 65 1
576 66 8
576 67 7
576 68 7
576 69 2
576 70 183
576 71 74
576 72 26
576 73 0
576 74 7
576 75 107
576 76 48
576 77 52
576 78 4
576 79 0
576 80 3
576 81 52
576 82 185
576 83 174
576 84 2
576 85 25
576 86 4
576 87 30
576 88 3
576 89 3
576 90 51
576 91 41
576 92 217
576 93 22
576 94 18
576 95 270
601 1 3
601 2 4
601 3 5
601 4 0
601 5 15
601 6 52
601 7 85
601 8 19
601 9 51
601 10 6
601 11 22
601 12 26
601 13 180
601 14 7
601 15 47
601 16 60
601 17 26
601 18 338
601 19 8
601 20 64
601 21 0
601 22 2
601 23 35
601 24 2
601 25 0
601 26 2
601 27 13
601 28 27
601 29 8
601 30 1
601 31 4
601 32 19
601 33 72
601 34 18
601 35 18
601 36 34
601 37 4
601 38 22
601 39 83
601 40 8
601 41 7
601 42 1
601 43 196
601 44 26
601 45 2
601 46 4
601 47 2
601 48 2
601 49 313
601 50 17
601 51 38
601 52 27
601 53 280
601 54 2
601 55 7
601 56 1
601 57 6
601 58 3
601 59 23
601 60 9
601 61 3
601 62 116
601 63 385
601 64 48
601 65 0
601 66 6
601 67 5
601 68 3
601 69 0
601 70 194
601 71 94
601 72 39
601 73 2
601 74 6
601 75 105
601 76 50
601 77 21
601 78 1
601 79 0
601 80 2
601 81 53
601 82 174
601 83 206
601 84 0
601 85 26
601 86 9
601 87 26
601 88 3
601 89 1
601 90 55
601 91 20
601 92 215
601 93 16
601 94 17
601 95 287
626 1 4
626 2 1
626 3 0
626 4 3
626 5 14
626 6 18
626 7 59
626 8 18
626 9 60
626 10 1
626 11 25
626 12 11
626 13 218
626 14 0
626 15 63
626 16 54
626 17 19
626 18 331
626 19 12
626 20 76
626 21 2
626 22 4
626 23 41
626 24 4
626 25 1
626 26 1
626 27 6
626 28 20
626 29 4
626 30 11
626 31 2
626 32 2
626 33 69
626 34 9
626 35 22
626 36 32
626 37 41
626 38 20
626 39 64
626 40 3
626 41 28
626 42 2
626 43 222
626 44 38
626 45 6
626 46 1
626 47 2
626 48 0
626 49 250
626 50 19
626 51 34
626 52 25
626 53 293
626 54 3
626 55 3
626 56 2
626 57 10
626 58 6
626 59 17
626 60 31
626 61 4
626 62 125
626 63 383
626 64 36
626 65 2
626 66 1
626 67 1
626 68 6
626 69 3
626 70 226
626 71 122
626 72 26
626 73 2
626 74 8
626 75 105
626 76 56
626 77 14
626 78 5
626 79 2
626 80 2
626 81 50
626 82 152
626 83 236
626 84 1
626 85 33
626 86 5
626 87 45
626 88 4
626 89 0
626 90 42
626 91 38
626 92 207
626 93 19
626 94 1
626 95 259
651 1 3
651 2 1
651 3 1
651 4 3
651 5 19
651 6 22
651 7 43
651 8 3
651 9 42
651 10 3
651 11 17
651 12 11
651 13 237
651 14 1
651 15 59
651 16 58
651 17 55
651 18 357
651 19 7
651 20 61
651 21 1
651 22 2
651 23 36
651 24 1
651 25 2
651 26 2
651 27 16
651 28 37
651 29 2
651 30 5
651 31 1
651 32 10
651 33 56
651 34 6
651 35 18
651 36 26
651 37 60
651 38 31
651 39 66
651 40 4
651 41 31
651 42 2
651 43 192
651 44 45
651 45 0
651 46 0
651 47 1
651 48 0
651 49 238
651 50 14
651 51 8
651 52 18
651 53 267
651 54 1
651 55 1
651 56 0
651 57 1
651 58 1
651 59 13
651 60 34
651 61 2
651 62 104
651 63 441
651 64 13
651 65 10
651 66 4
651 67 15
651 68 26
651 69 3
651 70 258
651 71 110
651 72 38
651 73 3
651 74 23
651 75 108
651 76 65
651 77 9
651 78 4
651 79 3
651 80 1
651 81 50
651 82 184
651 83 267
651 84 2
651 85 14
651 86 0
651 87 20
651 88 10
651 89 0
651 90 43
651 91 41
651 92 229
651 93 18
651 94 3
651 95 212
676 1 10
676 2 1
676 3 3
676 4 3
676 5 13
676 6 34
676 7 54
676 8 4
676 9 66
676 10 1
676 11 24
676 12 2
676 13 231
676 14 4
676 15 67
676 16 30
676 17 46
676 18 318
676 19 7
676 20 49
676 21 0
676 22 1
676 23 40
676 24 1
676 25 1
676 26 3
676 27 15
676 28 51
676 29 5
676 30 13
676 31 8
676 32 6
676 33 42
676 34 3
676 35 13
676 36 28
676 37 54
676 38 27
676 39 81
676 40 2
676 41 46
676 42 6
676 43 173
676 44 26
676 45 1
676 46 8
676 47 3
676 48 2
676 49 221
676 50 17
676 51 18
676 52 35
676 53 253
676 54 3
676 55 2
676 56 1
676 57 5
676 58 0
676 59 11
676 60 26
676 61 2
676 62 107
676 63 439
676 64 11
676 65 2
676 66 0
676 67 17
676 68 19
676 69 5
676 70 251
676 71 117
676 72 35
676 73 1
676 74 56
676 75 121
676 76 63
676 77 8
676 78 2
676 79 13
676 80 4
676 81 38
676 82 207
676 83 215
676 84 5
676 85 3
676 86 1
676 87 12
676 88 14
676 89 3
676 90 67
676 91 19
676 92 240
676 93 16
676 94 2
676 95 232
701 1 12
701 2 6
701 3 1
701 4 1
701 5 18
701 6 11
701 7 62
701 8 3
701 9 63
701 10 6
701 11 13
701 12 4
701 13 194
701 14 2
701 15 40
701 16 29
701 17 38
701 18 381
701 19 5
701 20 24
701 21 21
701 22 2
701 23 35
701 24 15
701 25 21
701 26 3
701 27 6
701 28 62
701 29 12
701 30 49
701 31 2
701 32 1
701 33 39
701 34 3
701 35 5
701 36 13
701 37 40
701 38 17
701 39 66
701 40 2
701 41 69
701 42 0
701 43 151
701 44 26
701 45 5
701 46 1
701 47 1
701 48 6
701 49 217
701 50 2
701 51 28
701 52 37
701 53 239
701 54 1
701 55 6
701 56 1
701 57 2
701 58 4
701 59 0
701 60 33
701 61 5
701 62 97
701 63 481
701 64 0
701 65 3
701 66 3
701 67 12
701 68 8
701 69 5
701 70 250
701 71 136
701 72 11
701 73 0
701 74 57
701 75 140
701 76 61
701 77 7
701 78 2
701 79 26
701 80 3
701 81 55
701 82 165
701 83 191
701 84 1
701 85 4
701 86 4
701 87 4
701 88 9
701 89 1
701 90 68
701 91 9
701 92 251
701 93 28
701 94 1
701 95 262
726 1 9
726 2 2
726 3 15
726 4 2
726 5 34
726 6 19
726 7 57
726 8 0
726 9 65
726 10 2
726 11 22
726 12 1
726 13 156
726 14 5
726 15 39
726 16 19
726 17 31
726 18 340
726 19 41
726 20 39
726 21 28
726 22 2
726 23 46
726 24 18
726 25 23
726 26 2
726 27 17
726 28 58
726 29 6
726 30 39
726 31 0
726 32 1
726 33 49
726 34 2
726 35 7
726 36 0
726 37 44
726 38 21
726 39 72
726 40 3
726 41 70
726 42 5
726 43 173
726 44 28
726 45 4
726 46 1
726 47 5
726 48 1
726 49 233
726 50 0
726 51 37
726 52 35
726 53 239
726 54 3
726 55 0
726 56 0
726 57 3
726 58 6
726 59 7
726 60 24
726 61 11
726 62 66
726 63 461
726 64 1
726 65 4
726 66 27
726 67 23
726 68 6
726 69 11
726 70 233
726 71 109
726 72 12
726 73 8
726 74 54
726 75 111
726 76 66
726 77 18
726 78 0
726 79 9
726 80 1
726 81 58
726 82 240
726 83 184
726 84 4
726 85 1
726 86 2
726 87 1
726 88 10
726 89 3
726 90 68
726 91 6
726 92 241
726 93 25
726 94 8
726 95 235
751 1 5
751 2 3
751 3 9
751 4 5
751 5 42
751 6 20
751 7 52
751 8 2
751 9 75
751 10 11
751 11 17
751 12 4
751 13 155
751 14 7
751 15 41
751 16 4
751 17 44
751 18 366
751 19 11
751 20 69
751 21 10
751 22 2
751 23 33
751 24 18
751 25 23
751 26 4
751 27 3
751 28 71
751 29 4
751 30 18
751 31 5
751 32 11
751 33 52
751 34 1
751 35 5
751 36 21
751 37 63
751 38 14
751 39 47
751 40 3
751 41 87
751 42 3
751 43 152
751 44 10
751 45 8
751 46 10
751 47 4
751 48 1
751 49 249
751 50 3
751 51 8
751 52 26
751 53 215
751 54 0
751 55 2
751 56 1
751 57 4
751 58 2
751 59 2
751 60 24
751 61 9
751 62 49
751 63 482
751 64 6
751 65 5
751 66 5
751 67 31
751 68 22
751 69 5
751 70 228
751 71 89
751 72 8
751 73 5
751 74 31
751 75 99
751 76 47
751 77 18
751 78 1
751 79 4
751 80 1
751 81 114
751 82 234
751 83 235
751 84 1
751 85 4
751 86 1
751 87 2
751 88 16
751 89 17
751 90 60
751 91 24
751 92 223
751 93 22
751 94 14
751 95 238
776 1 13
776 2 15
776 3 5
776 4 0
776 5 29
776 6 6
776 7 55
776 8 32
776 9 77
776 10 1
776 11 24
776 12 1
776 13 159
776 14 4
776 15 34
776 16 2
776 17 39
776 18 415
776 19 4
776 20 82
776 21 4
776 22 1
776 23 40
776 24 29
776 25 45
776 26 3
776 27 3
776 28 88
776 29 3
776 30 7
776 31 6
776 32 1
776 33 33
776 34 2
776 35 2
776 36 20
776 37 60
776 38 4
776 39 54
776 40 2
776 41 76
776 42 6
776 43 132
776 44 7
776 45 0
776 46 4
776 47 1
776 48 0
776 49 284
776 50 4
776 51 2
776 52 16
776 53 213
776 54 5
776 55 6
776 56 3
776 57 7
776 58 1
776 59 2
776 60 36
776 61 1
776 62 25
776 63 490
776 64 5
776 65 2
776 66 7
776 67 4
776 68 25
776 69 3
776 70 225
776 71 75
776 72 6
776 73 1
776 74 23
776 75 94
776 76 46
776 77 9
776 78 5
776 79 1
776 80 1
776 81 157
776 82 227
776 83 248
776 84 0
776 85 3
776 86 2
776 87 1
776 88 16
776 89 26
776 90 71
776 91 34
776 92 205
776 93 18
776 94 18
776 95 238
801 1 11
801 2 13
801 3 15
801 4 1
801 5 40
801 6 11
801 7 58
801 8 50
801 9 71
801 10 5
801 11 13
801 12 2
801 13 129
801 14 6
801 15 17
801 16 1
801 17 27
801 18 401
801 19 3
801 20 81
801 21 10
801 22 1
801 23 33
801 24 15
801 25 47
801 26 10
801 27 0
801 28 88
801 29 1
801 30 4
801 31 2
801 32 2
801 33 39
801 34 2
801 35 3
801 36 51
801 37 52
801 38 9
801 39 46
801 40 2
801 41 67
801 42 0
801 43 137
801 44 1
801 45 0
801 46 4
801 47 3
801 48 2
801 49 283
801 50 6
801 51 12
801 52 12
801 53 202
801 54 8
801 55 0
801 56 3
801 57 2
801 58 1
801 59 1
801 60 53
801 61 1
801 62 22
801 63 493
801 64 9
801 65 1
801 66 7
801 67 4
801 68 14
801 69 1
801 70 231
801 71 62
801 72 12
801 73 6
801 74 44
801 75 91
801 76 40
801 77 12
801 78 3
801 79 2
801 80 2
801 81 146
801 82 249
801 83 293
801 84 2
801 85 4
801 86 1
801 87 4
801 88 13
801 89 0
801 90 66
801 91 59
801 92 236
801 93 20
801 94 12
801 95 221
826 1 10
826 2 2
826 3 11
826 4 27
826 5 32
826 6 24
826 7 60
826 8 45
826 9 44
826 10 1
826 11 20
826 12 4
826 13 112
826 14 6
826 15 5
826 16 3
826 17 7
826 18 430
826 19 1
826 20 102
826 21 2
826 22 19
826 23 39
826 24 4
826 25 45
826 26 22
826 27 0
826 28 92
826 29 6
826 30 4
826 31 8
826 32 4
826 33 37
826 34 0
826 35 6
826 36 31
826 37 42
826 38 2
826 39 73
826 40 2
826 41 64
826 42 6
826 43 141
826 44 5
826 45 1
826 46 6
826 47 18
826 48 3
826 49 278
826 50 1
826 51 17
826 52 14
826 53 270
826 54 2
826 55 3
826 56 1
826 57 1
826 58 9
826 59 3
826 60 45
826 61 0
826 62 24
826 63 443
826 64 1
826 65 1
826 66 3
826 67 1
826 68 4
826 69 1
826 70 239
826 71 65
826 72 19
826 73 2
826 74 49
826 75 97
826 76 30
826 77 15
826 78 2
826 79 2
826 80 0
826 81 130
826 82 207
826 83 252
826 84 5
826 85 14
826 86 10
826 87 8
826 88 22
826 89 1
826 90 45
826 91 98
826 92 231
826 93 22
826 94 20
826 95 169
851 1 8
851 2 2
851 3 16
851 4 16
851 5 40
851 6 27
851 7 65
851 8 34
851 9 30
851 10 2
851 11 29
851 12 1
851 13 125
851 14 5
851 15 5
851 16 15
851 17 10
851 18 422
851 19 3
851 20 94
851 21 2
851 22 27
851 23 26
851 24 1
851 25 34
851 26 13
851 27 2
851 28 88
851 29 6
851 30 0
851 31 6
851 32 17
851 33 56
851 34 3
851 35 15
851 36 24
851 37 26
851 38 2
851 39 53
851 40 3
851 41 45
851 42 3
851 43 136
851 44 6
851 45 5
851 46 2
851 47 21
851 48 2
851 49 263
851 50 2
851 51 30
851 52 3
851 53 314
851 54 0
851 55 1
851 56 2
851 57 6
851 58 1
851 59 2
851 60 32
851 61 2
851 62 21
851 63 466
851 64 12
851 65 1
851 66 3
851 67 23
851 68 12
851 69 3
851 70 220
851 71 58
851 72 41
851 73 2
851 74 43
851 75 82
851 76 34
851 77 20
851 78 14
851 79 2
851 80 3
851 81 116
851 82 208
851 83 237
851 84 14
851 85 25
851 86 10
851 87 1
851 88 24
851 89 2
851 90 59
851 91 93
851 92 229
851 93 46
851 94 12
851 95 216
876 1 9
876 2 3
876 3 6
876 4 10
876 5 50
876 6 21
876 7 56
876 8 22
876 9 16
876 10 3
876 11 32
876 12 5
876 13 125
876 14 15
876 15 3
876 16 9
876 17 7
876 18 433
876 19 0
876 20 47
876 21 0
876 22 3
876 23 32
876 24 3
876 25 30
876 26 17
876 27 4
876 28 106
876 29 3
876 30 4
876 31 3
876 32 9
876 33 46
876 34 7
876 35 24
876 36 36
876 37 18
876 38 7
876 39 70
876 40 0
876 41 32
876 42 7
876 43 123
876 44 5
876 45 5
876 46 2
876 47 21
876 48 28
876 49 315
876 50 3
876 51 35
876 52 3
876 53 386
876 54 4
876 55 7
876 56 2
876 57 2
876 58 1
876 59 3
876 60 21
876 61 6
876 62 21
876 63 407
876 64 0
876 65 4
876 66 1
876 67 30
876 68 2
876 69 10
876 70 208
876 71 72
876 72 41
876 73 4
876 74 42
876 75 62
876 76 18
876 77 31
876 78 15
876 79 3
876 80 2
876 81 90
876 82 231
876 83 238
876 84 8
876 85 4
876 86 0
876 87 3
876 88 27
876 89 3
876 90 64
876 91 77
876 92 219
876 93 36
876 94 17
876 95 218
901 1 10
901 2 15
901 3 3
901 4 20
901 5 41
901 6 16
901 7 53
901 8 19
901 9 21
901 10 0
901 11 37
901 12 4
901 13 136
901 14 32
901 15 5
901 16 8
901 17 8
901 18 417
901 19 1
901 20 57
901 21 4
901 22 2
901 23 6
901 24 4
901 25 22
901 26 6
901 27 3
901 28 117
901 29 4
901 30 1
901 31 5
901 32 3
901 33 45
901 34 7
901 35 26
901 36 47
901 37 10
901 38 0
901 39 77
901 40 4
901 41 56
901 42 2
901 43 101
901 44 4
901 45 6
901 46 3
901 47 9
901 48 31
901 49 328
901 50 1
901 51 37
901 52 20
901 53 435
901 54 4
901 55 20
901 56 5
901 57 7
901 58 0
901 59 3
901 60 19
901 61 4
901 62 12
901 63 383
901 64 3
901 65 3
901 66 0
901 67 23
901 68 3
901 69 8
901 70 208
901 71 76
901 72 21
901 73 1
901 74 45
901 75 56
901 76 30
901 77 29
901 78 0
901 79 3
901 80 2
901 81 43
901 82 220
901 83 247
901 84 3
901 85 13
901 86 5
901 87 12
901 88 32
901 89 4
901 90 65
901 91 56
901 92 246
901 93 63
901 94 17
901 95 208
926 1 10
926 2 4
926 3 2
926 4 28
926 5 43
926 6 20
926 7 57
926 8 25
926 9 30
926 10 2
926 11 18
926 12 2
926 13 186
926 14 40
926 15 17
926 16 14
926 17 18
926 18 450
926 19 3
926 20 56
926 21 5
926 22 6
926 23 2
926 24 6
926 25 26
926 26 7
926 27 5
926 28 100
926 29 1
926 30 3
926 31 0
926 32 4
926 33 34
926 34 7
926 35 29
926 36 48
926 37 9
926 38 1
926 39 86
926 40 2
926 41 49
926 42 26
926 43 110
926 44 9
926 45 19
926 46 6
926 47 7
926 48 29
926 49 290
926 50 13
926 51 49
926 52 4
926 53 389
926 54 3
926 55 12
926 56 8
926 57 2
926 58 1
926 59 4
926 60 26
926 61 12
926 62 12
926 63 380
926 64 11
926 65 7
926 66 2
926 67 9
926 68 0
926 69 1
926 70 198
926 71 61
926 72 52
926 73 0
926 74 36
926 75 49
926 76 36
926 77 28
926 78 4
926 79 8
926 80 1
926 81 40
926 82 201
926 83 291
926 84 24
926 85 10
926 86 4
926 87 10
926 88 20
926 89 2
926 90 75
926 91 41
926 92 257
926 93 76
926 94 7
926 95 259
951 1 16
951 2 0
951 3 5
951 4 23
951 5 39
951 6 20
951 7 54
951 8 20
951 9 23
951 10 1
951 11 17
951 12 2
951 13 206
951 14 45
951 15 15
951 16 0
951 17 12
951 18 405
951 19 6
951 20 59
951 21 0
951 22 0
951 23 1
951 24 19
951 25 30
951 26 14
951 27 5
951 28 66
951 29 1
951 30 26
951 31 2
951 32 1
951 33 10
951 34 2
951 35 21
951 36 56
951 37 21
951 38 0
951 39 61
951 40 3
951 41 50
951 42 33
951 43 146
951 44 33
951 45 40
951 46 10
951 47 2
951 48 26
951 49 253
951 50 3
951 51 39
951 52 20
951 53 327
951 54 1
951 55 2
951 56 2
951 57 7
951 58 1
951 59 3
951 60 33
951 61 3
951 62 32
951 63 378
951 64 7
951 65 3
951 66 6
951 67 14
951 68 1
951 69 4
951 70 168
951 71 72
951 72 38
951 73 8
951 74 25
951 75 73
951 76 22
951 77 50
951 78 1
951 79 2
951 80 4
951 81 35
951 82 246
951 83 293
951 84 2
951 85 23
951 86 6
951 87 1
951 88 22
951 89 3
951 90 63
951 91 30
951 92 261
951 93 74
951 94 1
951 95 268
976 1 17
976 2 4
976 3 2
976 4 0
976 5 37
976 6 20
976 7 50
976 8 2
976 9 31
976 10 2
976 11 23
976 12 6
976 13 195
976 14 43
976 15 14
976 16 1
976 17 13
976 18 437
976 19 4
976 20 57
976 21 1
976 22 0
976 23 4
976 24 11
976 25 32
976 26 3
976 27 0
976 28 85
976 29 7
976 30 9
976 31 4
976 32 3
976 33 4
976 34 1
976 35 32
976 36 48
976 37 34
976 38 1
976 39 48
976 40 1
976 41 53
976 42 24
976 43 158
976 44 36
976 45 30
976 46 13
976 47 2
976 48 29
976 49 246
976 50 1
976 51 47
976 52 4
976 53 323
976 54 0
976 55 2
976 56 13
976 57 2
976 58 0
976 59 2
976 60 53
976 61 11
976 62 43
976 63 371
976 64 2
976 65 3
976 66 7
976 67 6
976 68 1
976 69 3
976 70 163
976 71 56
976 72 26
976 73 4
976 74 28
976 75 95
976 76 21
976 77 47
976 78 2
976 79 0
976 80 2
976 81 58
976 82 231
976 83 361
976 84 1
976 85 16
976 86 18
976 87 0
976 88 17
976 89 5
976 90 52
976 91 39
976 92 227
976 93 89
976 94 5
976 95 293
1001 1 24
1001 2 3
1001 3 2
1001 4 2
1001 5 42
1001 6 39
1001 7 61
1001 8 4
1001 9 32
1001 10 6
1001 11 21
1001 12 2
1001 13 172
1001 14 44
1001 15 24
1001 16 3
1001 17 0
1001 18 389
1001 19 2
1001 20 57
1001 21 3
1001 22 1
1001 23 3
1001 24 31
1001 25 42
1001 26 1
1001 27 1
1001 28 85
1001 29 5
1001 30 15
1001 31 7
1001 32 0
1001 33 3
1001 34 3
1001 35 40
1001 36 60
1001 37 37
1001 38 2
1001 39 32
1001 40 2
1001 41 58
1001 42 14
1001 43 159
1001 44 25
1001 45 27
1001 46 4
1001 47 0
1001 48 40
1001 49 247
1001 50 3
1001 51 53
1001 52 1
1001 53 318
1001 54 2
1001 55 2
1001 56 22
1001 57 2
1001 58 3
1001 59 2
1001 60 56
1001 61 1
1001 62 94
1001 63 387
1001 64 6
1001 65 5
1001 66 1
1001 67 7
1001 68 3
1001 69 0
1001 70 125
1001 71 55
1001 72 38
1001 73 5
1001 74 13
1001 75 109
1001 76 4
1001 77 14
1001 78 0
1001 79 5
1001 80 3
1001 81 91
1001 82 229
1001 83 339
1001 84 2
1001 85 30
1001 86 14
1001 87 5
1001 88 12
1001 89 4
1001 90 58
1001 91 49
1001 92 189
1001 93 68
1001 94 11
1001 95 243
1026 1 23
1026 2 13
1026 3 4
1026 4 1
1026 5 37
1026 6 28
1026 7 66
1026 8 0
1026 9 52
1026 10 5
1026 11 11
1026 12 2
1026 13 190
1026 14 50
1026 15 33
1026 16 7
1026 17 3
1026 18 414
1026 19 3
1026 20 47
1026 21 0
1026 22 1
1026 23 1
1026 24 30
1026 25 32
1026 26 4
1026 27 1
1026 28 65
1026 29 2
1026 30 1
1026 31 2
1026 32 11
1026 33 3
1026 34 1
1026 35 29
1026 36 64
1026 37 53
1026 38 0
1026 39 26
1026 40 5
1026 41 38
1026 42 18
1026 43 147
1026 44 26
1026 45 21
1026 46 3
1026 47 2
1026 48 62
1026 49 206
1026 50 3
1026 51 57
1026 52 7
1026 53 301
1026 54 4
1026 55 0
1026 56 19
1026 57 4
1026 58 3
1026 59 1
1026 60 42
1026 61 0
1026 62 157
1026 63 339
1026 64 3
1026 65 0
1026 66 6
1026 67 8
1026 68 7
1026 69 2
1026 70 105
1026 71 58
1026 72 39
1026 73 8
1026 74 15
1026 75 59
1026 76 1
1026 77 20
1026 78 2
1026 79 8
1026 80 2
1026 81 116
1026 82 251
1026 83 329
1026 84 18
1026 85 29
1026 86 1
1026 87 3
1026 88 33
1026 89 1
1026 90 78
1026 91 52
1026 92 199
1026 93 65
1026 94 28
1026 95 228
1051 1 32
1051 2 4
1051 3 0
1051 4 1
1051 5 34
1051 6 31
1051 7 52
1051 8 6
1051 9 47
1051 10 3
1051 11 19
1051 12 2
1051 13 204
1051 14 41
1051 15 36
1051 16 1
1051 17 7
1051 18 420
1051 19 0
1051 20 51
1051 21 2
1051 22 5
1051 23 17
1051 24 23
1051 25 28
1051 26 3
1051 27 3
1051 28 57
1051 29 19
1051 30 18
1051 31 6
1051 32 1
1051 33 0
1051 34 1
1051 35 30
1051 36 67
1051 37 45
1051 38 1
1051 39 38
1051 40 0
1051 41 27
1051 42 20
1051 43 175
1051 44 47
1051 45 5
1051 46 7
1051 47 6
1051 48 64
1051 49 205
1051 50 2
1051 51 26
1051 52 0
1051 53 284
1051 54 7
1051 55 5
1051 56 22
1051 57 12
1051 58 0
1051 59 4
1051 60 31
1051 61 27
1051 62 205
1051 63 372
1051 64 1
1051 65 5
1051 66 3
1051 67 4
1051 68 8
1051 69 21
1051 70 106
1051 71 63
1051 72 19
1051 73 6
1051 74 15
1051 75 50
1051 76 2
1051 77 12
1051 78 5
1051 79 1
1051 80 3
1051 81 117
1051 82 240
1051 83 314
1051 84 23
1051 85 43
1051 86 2
1051 87 11
1051 88 36
1051 89 7
1051 90 61
1051 91 22
1051 92 190
1051 93 73
1051 94 12
1051 95 211
1076 1 44
1076 2 3
1076 3 5
1076 4 1
1076 5 30
1076 6 29
1076 7 73
1076 8 29
1076 9 47
1076 10 4
1076 11 3
1076 12 7
1076 13 215
1076 14 32
1076 15 33
1076 16 4
1076 17 1
1076 18 429
1076 19 2
1076 20 48
1076 21 2
1076 22 10
1076 23 41
1076 24 21
1076 25 34
1076 26 1
1076 27 8
1076 28 44
1076 29 31
1076 30 6
1076 31 3
1076 32 20
1076 33 1
1076 34 3
1076 35 18
1076 36 55
1076 37 28
1076 38 4
1076 39 40
1076 40 3
1076 41 20
1076 42 11
1076 43 143
1076 44 30
1076 45 7
1076 46 1
1076 47 3
1076 48 73
1076 49 177
1076 50 2
1076 51 19
1076 52 0
1076 53 250
1076 54 3
1076 55 2
1076 56 2
1076 57 3
1076 58 2
1076 59 1
1076 60 46
1076 61 35
1076 62 169
1076 63 401
1076 64 2
1076 65 22
1076 66 2
1076 67 2
1076 68 2
1076 69 6
1076 70 118
1076 71 76
1076 72 33
1076 73 8
1076 74 28
1076 75 43
1076 76 1
1076 77 6
1076 78 19
1076 79 4
1076 80 6
1076 81 144
1076 82 238
1076 83 296
1076 84 18
1076 85 37
1076 86 0
1076 87 25
1076 88 36
1076 89 1
1076 90 79
1076 91 16
1076 92 200
1076 93 70
1076 94 1
1076 95 222
1101 1 46
1101 2 6
1101 3 1
1101 4 0
1101 5 35
1101 6 25
1101 7 70
1101 8 22
1101 9 33
1101 10 4
1101 11 3
1101 12 1
1101 13 212
1101 14 9
1101 15 33
1101 16 6
1101 17 2
1101 18 403
1101 19 3
1101 20 50
1101 21 0
1101 22 24
1101 23 35
1101 24 11
1101 25 26
1101 26 6
1101 27 5
1101 28 57
1101 29 37
1101 30 4
1101 31 4
1101 32 24
1101 33 19
1101 34 3
1101 35 13
1101 36 50
1101 37 29
1101 38 2
1101 39 39
1101 40 2
1101 41 13
1101 42 5
1101 43 149
1101 44 28
1101 45 1
1101 46 2
1101 47 1
1101 48 55
1101 49 193
1101 50 2
1101 51 14
1101 52 3
1101 53 255
1101 54 2
1101 55 3
1101 56 1
1101 57 1
1101 58 17
1101 59 0
1101 60 56
1101 61 11
1101 62 148
1101 63 434
1101 64 0
1101 65 22
1101 66 1
1101 67 1
1101 68 6
1101 69 6
1101 70 106
1101 71 59
1101 72 23
1101 73 0
1101 74 67
1101 75 28
1101 76 6
1101 77 0
1101 78 23
1101 79 5
1101 80 5
1101 81 110
1101 82 253
1101 83 353
1101 84 7
1101 85 14
1101 86 6
1101 87 35
1101 88 46
1101 89 7
1101 90 86
1101 91 5
1101 92 226
1101 93 66
1101 94 1
1101 95 253
1126 1 37
1126 2 4
1126 3 4
1126 4 2
1126 5 32
1126 6 36
1126 7 82
1126 8 16
1126 9 15
1126 10 6
1126 11 1
1126 12 1
1126 13 246
1126 14 2
1126 15 14
1126 16 9
1126 17 1
1126 18 416
1126 19 4
1126 20 47
1126 21 1
1126 22 19
1126 23 22
1126 24 1
1126 25 24
1126 26 5
1126 27 2
1126 28 75
1126 29 36
1126 30 9
1126 31 5
1126 32 19
1126 33 24
1126 34 22
1126 35 41
1126 36 45
1126 37 29
1126 38 1
1126 39 20
1126 40 1
1126 41 11
1126 42 4
1126 43 164
1126 44 23
1126 45 4
1126 46 2
1126 47 1
1126 48 42
1126 49 140
1126 50 11
1126 51 15
1126 52 2
1126 53 236
1126 54 2
1126 55 3
1126 56 2
1126 57 2
1126 58 21
1126 59 9
1126 60 75
1126 61 7
1126 62 135
1126 63 459
1126 64 0
1126 65 18
1126 66 1
1126 67 0
1126 68 3
1126 69 4
1126 70 134
1126 71 79
1126 72 31
1126 73 1
1126 74 65
1126 75 35
1126 76 0
1126 77 1
1126 78 14
1126 79 4
1126 80 11
1126 81 86
1126 82 251
1126 83 355
1126 84 16
1126 85 1
1126 86 12
1126 87 27
1126 88 56
1126 89 2
1126 90 82
1126 91 7
1126 92 211
1126 93 58
1126 94 18
1126 95 265
1151 1 25
1151 2 5
1151 3 9
1151 4 4
1151 5 38
1151 6 30
1151 7 82
1151 8 14
1151 9 22
1151 10 7
1151 11 5
1151 12 4
1151 13 188
1151 14 1
1151 15 4
1151 16 11
1151 17 1
1151 18 443
1151 19 2
1151 20 58
1151 21 11
1151 22 10
1151 23 6
1151 24 4
1151 25 28
1151 26 4
1151 27 3
1151 28 76
1151 29 12
1151 30 38
1151 31 14
1151 32 14
1151 33 30
1151 34 46
1151 35 14
1151 36 40
1151 37 22
1151 38 2
1151 39 26
1151 40 1
1151 41 19
1151 42 3
1151 43 146
1151 44 25
1151 45 2
1151 46 2
1151 47 1
1151 48 19
1151 49 144
1151 50 0
1151 51 7
1151 52 0
1151 53 216
1151 54 0
1151 55 6
1151 56 1
1151 57 2
1151 58 10
1151 59 8
1151 60 138
1151 61 2
1151 62 167
1151 63 408
1151 64 2
1151 65 6
1151 66 1
1151 67 0
1151 68 3
1151 69 0
1151 70 187
1151 71 95
1151 72 30
1151 73 4
1151 74 93
1151 75 38
1151 76 22
1151 77 2
1151 78 4
1151 79 9
1151 80 10
1151 81 84
1151 82 251
1151 83 398
1151 84 20
1151 85 24
1151 86 19
1151 87 2
1151 88 54
1151 89 2
1151 90 57
1151 91 18
1151 92 190
1151 93 39
1151 94 8
1151 95 217
1176 1 18
1176 2 3
1176 3 3
1176 4 2
1176 5 20
1176 6 20
1176 7 93
1176 8 15
1176 9 11
1176 10 18
1176 11 1
1176 12 6
1176 13 159
1176 14 2
1176 15 10
1176 16 5
1176 17 4
1176 18 453
1176 19 6
1176 20 43
1176 21 10
1176 22 1
1176 23 10
1176 24 27
1176 25 35
1176 26 15
1176 27 1
1176 28 90
1176 29 8
1176 30 48
1176 31 1
1176 32 17
1176 33 30
1176 34 45
1176 35 17
1176 36 60
1176 37 4
1176 38 17
1176 39 15
1176 40 1
1176 41 25
1176 42 2
1176 43 127
1176 44 25
1176 45 0
1176 46 0
1176 47 2
1176 48 11
1176 49 114
1176 50 1
1176 51 4
1176 52 3
1176 53 215
1176 54 1
1176 55 15
1176 56 2
1176 57 2
1176 58 19
1176 59 29
1176 60 141
1176 61 0
1176 62 167
1176 63 382
1176 64 3
1176 65 2
1176 66 5
1176 67 0
1176 68 0
1176 69 3
1176 70 231
1176 71 65
1176 72 38
1176 73 2
1176 74 105
1176 75 34
1176 76 2
1176 77 2
1176 78 1
1176 79 3
1176 80 4
1176 81 110
1176 82 247
1176 83 381
1176 84 13
1176 85 23
1176 86 22
1176 87 3
1176 88 35
1176 89 0
1176 90 47
1176 91 19
1176 92 220
1176 93 35
1176 94 3
1176 95 287
1201 1 24
1201 2 6
1201 3 7
1201 4 1
1201 5 23
1201 6 26
1201 7 92
1201 8 26
1201 9 3
1201 10 18
1201 11 7
1201 12 1
1201 13 163
1201 14 1
1201 15 23
1201 16 2
1201 17 3
1201 18 427
1201 19 6
1201 20 44
1201 21 15
1201 22 2
1201 23 12
1201 24 9
1201 25 13
1201 26 4
1201 27 1
1201 28 61
1201 29 2
1201 30 40
1201 31 1
1201 32 11
1201 33 40
1201 34 28
1201 35 20
1201 36 57
1201 37 7
1201 38 19
1201 39 20
1201 40 3
1201 41 30
1201 42 1
1201 43 115
1201 44 34
1201 45 0
1201 46 1
1201 47 0
1201 48 10
1201 49 139
1201 50 3
1201 51 15
1201 52 13
1201 53 186
1201 54 2
1201 55 16
1201 56 28
1201 57 16
1201 58 8
1201 59 24
1201 60 105
1201 61 2
1201 62 146
1201 63 489
1201 64 2
1201 65 1
1201 66 1
1201 67 6
1201 68 1
1201 69 5
1201 70 269
1201 71 76
1201 72 23
1201 73 3
1201 74 111
1201 75 39
1201 76 20
1201 77 12
1201 78 4
1201 79 5
1201 80 8
1201 81 112
1201 82 246
1201 83 320
1201 84 15
1201 85 26
1201 86 26
1201 87 2
1201 88 42
1201 89 2
1201 90 53
1201 91 38
1201 92 196
1201 93 41
1201 94 9
1201 95 270
1226 1 27
1226 2 4
1226 3 9
1226 4 3
1226 5 28
1226 6 20
1226 7 87
1226 8 38
1226 9 4
1226 10 22
1226 11 6
1226 12 1
1226 13 160
1226 14 9
1226 15 48
1226 16 5
1226 17 19
1226 18 416
1226 19 1
1226 20 18
1226 21 1
1226 22 1
1226 23 8
1226 24 1
1226 25 16
1226 26 1
1226 27 3
1226 28 42
1226 29 3
1226 30 24
1226 31 4
1226 32 4
1226 33 45
1226 34 31
1226 35 17
1226 36 49
1226 37 20
1226 38 17
1226 39 14
1226 40 4
1226 41 25
1226 42 0
1226 43 127
1226 44 30
1226 45 1
1226 46 3
1226 47 0
1226 48 31
1226 49 176
1226 50 1
1226 51 14
1226 52 3
1226 53 195
1226 54 4
1226 55 2
1226 56 33
1226 57 13
1226 58 1
1226 59 14
1226 60 78
1226 61 0
1226 62 153
1226 63 475
1226 64 1
1226 65 11
1226 66 1
1226 67 6
1226 68 1
1226 69 9
1226 70 219
1226 71 63
1226 72 29
1226 73 4
1226 74 83
1226 75 66
1226 76 11
1226 77 7
1226 78 5
1226 79 4
1226 80 4
1226 81 104
1226 82 215
1226 83 296
1226 84 38
1226 85 46
1226 86 37
1226 87 2
1226 88 47
1226 89 3
1226 90 53
1226 91 16
1226 92 264
1226 93 55
1226 94 12
1226 95 249
1251 1 24
1251 2 3
1251 3 6
1251 4 1
1251 5 15
1251 6 12
1251 7 88
1251 8 58
1251 9 3
1251 10 18
1251 11 2
1251 12 7
1251 13 152
1251 14 31
1251 15 34
1251 16 4
1251 17 18
1251 18 455
1251 19 2
1251 20 55
1251 21 1
1251 22 5
1251 23 27
1251 24 1
1251 25 33
1251 26 3
1251 27 1
1251 28 64
1251 29 1
1251 30 17
1251 31 23
1251 32 8
1251 33 37
1251 34 34
1251 35 17
1251 36 40
1251 37 16
1251 38 16
1251 39 21
1251 40 1
1251 41 28
1251 42 2
1251 43 100
1251 44 21
1251 45 7
1251 46 1
1251 47 1
1251 48 38
1251 49 180
1251 50 7
1251 51 2
1251 52 3
1251 53 186
1251 54 2
1251 55 3
1251 56 21
1251 57 9
1251 58 2
1251 59 6
1251 60 78
1251 61 0
1251 62 169
1251 63 477
1251 64 2
1251 65 13
1251 66 3
1251 67 1
1251 68 4
1251 69 6
1251 70 219
1251 71 71
1251 72 34
1251 73 2
1251 74 84
1251 75 73
1251 76 34
1251 77 1
1251 78 2
1251 79 1
1251 80 3
1251 81 128
1251 82 244
1251 83 247
1251 84 27
1251 85 35
1251 86 21
1251 87 0
1251 88 44
1251 89 1
1251 90 59
1251 91 28
1251 92 278
1251 93 38
1251 94 15
1251 95 192
1276 1 29
1276 2 1
1276 3 2
1276 4 5
1276 5 27
1276 6 15
1276 7 91
1276 8 61
1276 9 1
1276 10 20
1276 11 9
1276 12 1
1276 13 162
1276 14 29
1276 15 14
1276 16 1
1276 17 3
1276 18 406
1276 19 1
1276 20 32
1276 21 8
1276 22 3
1276 23 38
1276 24 0
1276 25 24
1276 26 2
1276 27 1
1276 28 39
1276 29 4
1276 30 55
1276 31 15
1276 32 2
1276 33 42
1276 34 25
1276 35 16
1276 36 34
1276 37 11
1276 38 5
1276 39 26
1276 40 0
1276 41 37
1276 42 7
1276 43 120
1276 44 3
1276 45 2
1276 46 2
1276 47 3
1276 48 43
1276 49 176
1276 50 4
1276 51 5
1276 52 0
1276 53 200
1276 54 11
1276 55 1
1276 56 30
1276 57 5
1276 58 4
1276 59 9
1276 60 69
1276 61 4
1276 62 165
1276 63 490
1276 64 9
1276 65 3
1276 66 9
1276 67 6
1276 68 2
1276 69 16
1276 70 222
1276 71 86
1276 72 40
1276 73 0
1276 74 79
1276 75 69
1276 76 30
1276 77 2
1276 78 3
1276 79 2
1276 80 0
1276 81 124
1276 82 232
1276 83 257
1276 84 20
1276 85 11
1276 86 23
1276 87 2
1276 88 34
1276 89 3
1276 90 51
1276 91 57
1276 92 275
1276 93 54
1276 94 0
1276 95 199
1301 1 25
1301 2 2
1301 3 6
1301 4 0
1301 5 55
1301 6 15
1301 7 74
1301 8 51
1301 9 24
1301 10 36
1301 11 4
1301 12 4
1301 13 152
1301 14 25
1301 15 9
1301 16 2
1301 17 0
1301 18 473
1301 19 6
1301 20 24
1301 21 3
1301 22 3
1301 23 44
1301 24 8
1301 25 18
1301 26 3
1301 27 1
1301 28 1
1301 29 0
1301 30 46
1301 31 12
1301 32 11
1301 33 62
1301 34 18
1301 35 17
1301 36 58
1301 37 1
1301 38 14
1301 39 20
1301 40 4
1301 41 30
1301 42 2
1301 43 115
1301 44 3
1301 45 2
1301 46 1
1301 47 1
1301 48 35
1301 49 217
1301 50 28
1301 51 3
1301 52 1
1301 53 163
1301 54 8
1301 55 3
1301 56 31
1301 57 2
1301 58 4
1301 59 8
1301 60 82
1301 61 15
1301 62 148
1301 63 489
1301 64 14
1301 65 5
1301 66 8
1301 67 8
1301 68 3
1301 69 9
1301 70 223
1301 71 67
1301 72 8
1301 73 0
1301 74 86
1301 75 104
1301 76 47
1301 77 5
1301 78 1
1301 79 3
1301 80 3
1301 81 82
1301 82 199
1301 83 322
1301 84 18
1301 85 2
1301 86 31
1301 87 2
1301 88 28
1301 89 3
1301 90 58
1301 91 34
1301 92 260
1301 93 45
1301 94 0
1301 95 224
1326 1 16
1326 2 2
1326 3 3
1326 4 2
1326 5 55
1326 6 9
1326 7 72
1326 8 50
1326 9 23
1326 10 22
1326 11 6
1326 12 15
1326 13 94
1326 14 9
1326 15 34
1326 16 0
1326 17 1
1326 18 447
1326 19 3
1326 20 52
1326 21 5
1326 22 1
1326 23 24
1326 24 9
1326 25 35
1326 26 1
1326 27 3
1326 28 3
1326 29 21
1326 30 71
1326 31 7
1326 32 11
1326 33 72
1326 34 13
1326 35 23
1326 36 54
1326 37 3
1326 38 35
1326 39 9
1326 40 3
1326 41 32
1326 42 0
1326 43 106
1326 44 3
1326 45 3
1326 46 2
1326 47 1
1326 48 16
1326 49 212
1326 50 13
1326 51 2
1326 52 2
1326 53 146
1326 54 5
1326 55 8
1326 56 38
1326 57 2
1326 58 4
1326 59 0
1326 60 67
1326 61 0
1326 62 180
1326 63 502
1326 64 0
1326 65 4
1326 66 13
1326 67 4
1326 68 5
1326 69 1
1326 70 221
1326 71 80
1326 72 2
1326 73 2
1326 74 64
1326 75 77
1326 76 52
1326 77 30
1326 78 1
1326 79 0
1326 80 4
1326 81 81
1326 82 250
1326 83 282
1326 84 21
1326 85 2
1326 86 29
1326 87 2
1326 88 48
1326 89 6
1326 90 57
1326 91 44
1326 92 263
1326 93 44
1326 94 0
1326 95 246
1351 1 0
1351 2 7
1351 3 1
1351 4 4
1351 5 58
1351 6 17
1351 7 69
1351 8 34
1351 9 32
1351 10 19
1351 11 0
1351 12 5
1351 13 100
1351 14 3
1351 15 35
1351 16 0
1351 17 1
1351 18 423
1351 19 3
1351 20 62
1351 21 4
1351 22 1
1351 23 25
1351 24 8
1351 25 33
1351 26 4
1351 27 3
1351 28 1
1351 29 25
1351 30 74
1351 31 14
1351 32 22
1351 33 36
1351 34 26
1351 35 11
1351 36 66
1351 37 4
1351 38 24
1351 39 3
1351 40 12
1351 41 43
1351 42 1
1351 43 132
1351 44 4
1351 45 0
1351 46 0
1351 47 3
1351 48 10
1351 49 233
1351 50 5
1351 51 8
1351 52 2
1351 53 110
1351 54 22
1351 55 2
1351 56 39
1351 57 3
1351 58 4
1351 59 5
1351 60 48
1351 61 3
1351 62 118
1351 63 613
1351 64 4
1351 65 0
1351 66 22
1351 67 4
1351 68 0
1351 69 0
1351 70 250
1351 71 61
1351 72 2
1351 73 5
1351 74 66
1351 75 74
1351 76 54
1351 77 15
1351 78 3
1351 79 0
1351 80 3
1351 81 90
1351 82 231
1351 83 219
1351 84 21
1351 85 7
1351 86 16
1351 87 3
1351 88 50
1351 89 2
1351 90 71
1351 91 69
1351 92 249
1351 93 49
1351 94 10
1351 95 257
1376 1 4
1376 2 4
1376 3 8
1376 4 0
1376 5 58
1376 6 1
1376 7 66
1376 8 46
1376 9 36
1376 10 5
1376 11 4
1376 12 4
1376 13 70
1376 14 3
1376 15 68
1376 16 2
1376 17 1
1376 18 393
1376 19 3
1376 20 23
1376 21 5
1376 22 2
1376 23 30
1376 24 20
1376 25 40
1376 26 5
1376 27 1
1376 28 1
1376 29 31
1376 30 51
1376 31 3
1376 32 19
1376 33 41
1376 34 66
1376 35 15
1376 36 48
1376 37 5
1376 38 23
1376 39 6
1376 40 3
1376 41 36
1376 42 12
1376 43 130
1376 44 5
1376 45 0
1376 46 1
1376 47 11
1376 48 21
1376 49 243
1376 50 5
1376 51 27
1376 52 3
1376 53 127
1376 54 11
1376 55 3
1376 56 27
1376 57 2
1376 58 2
1376 59 6
1376 60 62
1376 61 4
1376 62 78
1376 63 661
1376 64 0
1376 65 3
1376 66 28
1376 67 12
1376 68 2
1376 69 6
1376 70 201
1376 71 78
1376 72 3
1376 73 10
1376 74 91
1376 75 75
1376 76 48
1376 77 16
1376 78 4
1376 79 0
1376 80 0
1376 81 85
1376 82 206
1376 83 238
1376 84 37
1376 85 20
1376 86 15
1376 87 19
1376 88 50
1376 89 2
1376 90 58
1376 91 80
1376 92 249
1376 93 27
1376 94 11
1376 95 262
1401 1 3
1401 2 4
1401 3 3
1401 4 3
1401 5 70
1401 6 3
1401 7 62
1401 8 48
1401 9 32
1401 10 4
1401 11 3
1401 12 2
1401 13 91
1401 14 1
1401 15 60
1401 16 0
1401 17 3
1401 18 366
1401 19 1
1401 20 19
1401 21 18
1401 22 1
1401 23 32
1401 24 6
1401 25 34
1401 26 4
1401 27 4
1401 28 18
1401 29 36
1401 30 31
1401 31 2
1401 32 20
1401 33 17
1401 34 77
1401 35 11
1401 36 40
1401 37 13
1401 38 14
1401 39 8
1401 40 5
1401 41 37
1401 42 1
1401 43 119
1401 44 3
1401 45 7
1401 46 2
1401 47 13
1401 48 25
1401 49 246
1401 50 8
1401 51 37
1401 52 15
1401 53 115
1401 54 25
1401 55 3
1401 56 16
1401 57 3
1401 58 12
1401 59 14
1401 60 56
1401 61 4
1401 62 83
1401 63 674
1401 64 0
1401 65 0
1401 66 62
1401 67 26
1401 68 4
1401 69 0
1401 70 234
1401 71 64
1401 72 1
1401 73 3
1401 74 66
1401 75 49
1401 76 45
1401 77 12
1401 78 4
1401 79 3
1401 80 17
1401 81 102
1401 82 199
1401 83 246
1401 84 24
1401 85 13
1401 86 16
1401 87 31
1401 88 46
1401 89 0
1401 90 106
1401 91 53
1401 92 244
1401 93 32
1401 94 19
1401 95 182
1426 1 0
1426 2 4
1426 3 2
1426 4 0
1426 5 63
1426 6 4
1426 7 89
1426 8 65
1426 9 45
1426 10 3
1426 11 3
1426 12 0
1426 13 81
1426 14 1
1426 15 39
1426 16 4
1426 17 3
1426 18 403
1426 19 16
1426 20 33
1426 21 14
1426 22 2
1426 23 47
1426 24 1
1426 25 33
1426 26 0
1426 27 19
1426 28 25
1426 29 27
1426 30 20
1426 31 0
1426 32 12
1426 33 18
1426 34 62
1426 35 2
1426 36 34
1426 37 3
1426 38 5
1426 39 18
1426 40 3
1426 41 40
1426 42 4
1426 43 70
1426 44 3
1426 45 1
1426 46 3
1426 47 16
1426 48 26
1426 49 200
1426 50 0
1426 51 31
1426 52 6
1426 53 166
1426 54 24
1426 55 0
1426 56 13
1426 57 1
1426 58 15
1426 59 12
1426 60 60
1426 61 16
1426 62 54
1426 63 697
1426 64 1
1426 65 2
1426 66 81
1426 67 43
1426 68 2
1426 69 1
1426 70 193
1426 71 71
1426 72 6
1426 73 2
1426 74 78
1426 75 51
1426 76 43
1426 77 10
1426 78 3
1426 79 0
1426 80 16
1426 81 104
1426 82 207
1426 83 253
1426 84 15
1426 85 18
1426 86 20
1426 87 35
1426 88 44
1426 89 3
1426 90 86
1426 91 31
1426 92 277
1426 93 29
1426 94 6
1426 95 186
1451 1 2
1451 2 1
1451 3 0
1451 4 3
1451 5 27
1451 6 2
1451 7 49
1451 8 61
1451 9 34
1451 10 5
1451 11 1
1451 12 1
1451 13 81
1451 14 0
1451 15 31
1451 16 1
1451 17 0
1451 18 391
1451 19 10
1451 20 44
1451 21 6
1451 22 2
1451 23 40
1451 24 8
1451 25 49
1451 26 1
1451 27 7
1451 28 46
1451 29 15
1451 30 18
1451 31 3
1451 32 2
1451 33 16
1451 34 54
1451 35 13
1451 36 33
1451 37 17
1451 38 5
1451 39 26
1451 40 2
1451 41 35
1451 42 2
1451 43 78
1451 44 4
1451 45 1
1451 46 3
1451 47 15
1451 48 42
1451 49 240
1451 50 1
1451 51 27
1451 52 11
1451 53 196
1451 54 21
1451 55 1
1451 56 14
1451 57 5
1451 58 11
1451 59 30
1451 60 56
1451 61 4
1451 62 13
1451 63 662
1451 64 1
1451 65 4
1451 66 48
1451 67 62
1451 68 7
1451 69 11
1451 70 226
1451 71 66
1451 72 5
1451 73 0
1451 74 81
1451 75 63
1451 76 36
1451 77 16
1451 78 3
1451 79 5
1451 80 10
1451 81 98
1451 82 208
1451 83 258
1451 84 13
1451 85 14
1451 86 31
1451 87 30
1451 88 19
1451 89 4
1451 90 96
1451 91 38
1451 92 322
1451 93 31
1451 94 1
1451 95 166
1476 1 1
1476 2 1
1476 3 6
1476 4 1
1476 5 16
1476 6 1
1476 7 66
1476 8 53
1476 9 68
1476 10 2
1476 11 1
1476 12 2
1476 13 103
1476 14 3
1476 15 24
1476 16 1
1476 17 2
1476 18 380
1476 19 10
1476 20 110
1476 21 11
1476 22 4
1476 23 25
1476 24 16
1476 25 55
1476 26 11
1476 27 7
1476 28 39
1476 29 18
1476 30 8
1476 31 5
1476 32 3
1476 33 13
1476 34 27
1476 35 13
1476 36 24
1476 37 2
1476 38 2
1476 39 3
1476 40 2
1476 41 26
1476 42 1
1476 43 78
1476 44 38
1476 45 2
1476 46 1
1476 47 50
1476 48 44
1476 49 198
1476 50 0
1476 51 19
1476 52 15
1476 53 199
1476 54 6
1476 55 7
1476 56 22
1476 57 9
1476 58 7
1476 59 23
1476 60 58
1476 61 2
1476 62 19
1476 63 694
1476 64 2
1476 65 3
1476 66 34
1476 67 74
1476 68 9
1476 69 8
1476 70 230
1476 71 71
1476 72 8
1476 73 0
1476 74 66
1476 75 20
1476 76 48
1476 77 22
1476 78 6
1476 79 1
1476 80 0
1476 81 107
1476 82 198
1476 83 229
1476 84 19
1476 85 21
1476 86 26
1476 87 7
1476 88 20
1476 89 2
1476 90 94
1476 91 21
1476 92 333
1476 93 65
1476 94 3
1476 95 228
1501 1 4
1501 2 2
1501 3 10
1501 4 2
1501 5 3
1501 6 15
1501 7 57
1501 8 38
1501 9 72
1501 10 2
1501 11 9
1501 12 10
1501 13 94
1501 14 12
1501 15 23
1501 16 4
1501 17 2
1501 18 442
1501 19 12
1501 20 128
1501 21 11
1501 22 1
1501 23 25
1501 24 9
1501 25 32
1501 26 14
1501 27 0
1501 28 46
1501 29 1
1501 30 8
1501 31 6
1501 32 0
1501 33 30
1501 34 9
1501 35 40
1501 36 22
1501 37 2
1501 38 3
1501 39 29
1501 40 6
1501 41 29
1501 42 2
1501 43 99
1501 44 18
1501 45 6
1501 46 2
1501 47 21
1501 48 48
1501 49 196
1501 50 4
1501 51 16
1501 52 11
1501 53 242
1501 54 2
1501 55 5
1501 56 2
1501 57 5
1501 58 2
1501 59 21
1501 60 67
1501 61 4
1501 62 10
1501 63 623
1501 64 1
1501 65 4
1501 66 23
1501 67 79
1501 68 17
1501 69 2
1501 70 217
1501 71 86
1501 72 16
1501 73 1
1501 74 96
1501 75 25
1501 76 61
1501 77 10
1501 78 1
1501 79 1
1501 80 3
1501 81 77
1501 82 179
1501 83 224
1501 84 13
1501 85 20
1501 86 30
1501 87 3
1501 88 12
1501 89 1
1501 90 69
1501 91 26
1501 92 356
1501 93 64
1501 94 2
1501 95 217
1526 1 7
1526 2 3
1526 3 5
1526 4 1
1526 5 1
1526 6 9
1526 7 62
1526 8 36
1526 9 62
1526 10 4
1526 11 1
1526 12 0
1526 13 132
1526 14 15
1526 15 41
1526 16 5
1526 17 10
1526 18 485
1526 19 7
1526 20 134
1526 21 4
1526 22 2
1526 23 11
1526 24 13
1526 25 17
1526 26 7
1526 27 1
1526 28 33
1526 29 0
1526 30 7
1526 31 2
1526 32 4
1526 33 18
1526 34 1
1526 35 51
1526 36 17
1526 37 4
1526 38 1
1526 39 32
1526 40 10
1526 41 30
1526 42 10
1526 43 107
1526 44 9
1526 45 4
1526 46 0
1526 47 28
1526 48 38
1526 49 161
1526 50 2
1526 51 4
1526 52 19
1526 53 265
1526 54 1
1526 55 17
1526 56 2
1526 57 2
1526 58 3
1526 59 30
1526 60 59
1526 61 4
1526 62 10
1526 63 638
1526 64 0
1526 65 3
1526 66 19
1526 67 89
1526 68 14
1526 69 2
1526 70 233
1526 71 77
1526 72 7
1526 73 1
1526 74 74
1526 75 50
1526 76 65
1526 77 10
1526 78 3
1526 79 3
1526 80 1
1526 81 66
1526 82 205
1526 83 217
1526 84 18
1526 85 5
1526 86 28
1526 87 6
1526 88 15
1526 89 1
1526 90 65
1526 91 20
1526 92 371
1526 93 57
1526 94 2
1526 95 231
1551 1 12
1551 2 9
1551 3 4
1551 4 3
1551 5 10
1551 6 3
1551 7 75
1551 8 28
1551 9 45
1551 10 2
1551 11 1
1551 12 7
1551 13 156
1551 14 14
1551 15 20
1551 16 7
1551 17 17
1551 18 476
1551 19 14
1551 20 105
1551 21 9
1551 22 3
1551 23 19
1551 24 21
1551 25 6
1551 26 2
1551 27 0
1551 28 26
1551 29 3
1551 30 5
1551 31 0
1551 32 7
1551 33 29
1551 34 7
1551 35 19
1551 36 23
1551 37 14
1551 38 6
1551 39 42
1551 40 3
1551 41 29
1551 42 0
1551 43 129
1551 44 3
1551 45 2
1551 46 3
1551 47 20
1551 48 23
1551 49 157
1551 50 2
1551 51 17
1551 52 23
1551 53 267
1551 54 5
1551 55 5
1551 56 1
1551 57 4
1551 58 7
1551 59 12
1551 60 64
1551 61 3
1551 62 12
1551 63 605
1551 64 1
1551 65 2
1551 66 19
1551 67 81
1551 68 11
1551 69 4
1551 70 215
1551 71 73
1551 72 36
1551 73 2
1551 74 62
1551 75 40
1551 76 52
1551 77 17
1551 78 1
1551 79 0
1551 80 4
1551 81 114
1551 82 213
1551 83 207
1551 84 40
1551 85 1
1551 86 17
1551 87 0
1551 88 6
1551 89 4
1551 90 76
1551 91 10
1551 92 372
1551 93 44
1551 94 4
1551 95 193
1576 1 15
1576 2 5
1576 3 3
1576 4 1
1576 5 13
1576 6 11
1576 7 89
1576 8 26
1576 9 45
1576 10 0
1576 11 3
1576 12 1
1576 13 152
1576 14 20
1576 15 21
1576 16 1
1576 17 18
1576 18 444
1576 19 10
1576 20 81
1576 21 2
1576 22 1
1576 23 25
1576 24 14
1576 25 6
1576 26 1
1576 27 5
1576 28 17
1576 29 1
1576 30 19
1576 31 4
1576 32 11
1576 33 36
1576 34 3
1576 35 20
1576 36 18
1576 37 9
1576 38 1
1576 39 20
1576 40 2
1576 41 26
1576 42 2
1576 43 131
1576 44 7
1576 45 3
1576 46 0
1576 47 28
1576 48 19
1576 49 174
1576 50 1
1576 51 29
1576 52 35
1576 53 331
1576 54 12
1576 55 9
1576 56 28
1576 57 4
1576 58 4
1576 59 1
1576 60 51
1576 61 6
1576 62 20
1576 63 563
1576 64 2
1576 65 3
1576 66 19
1576 67 46
1576 68 5
1576 69 6
1576 70 207
1576 71 95
1576 72 42
1576 73 2
1576 74 71
1576 75 41
1576 76 54
1576 77 9
1576 78 1
1576 79 3
1576 80 4
1576 81 158
1576 82 213
1576 83 202
1576 84 39
1576 85 1
1576 86 13
1576 87 2
1576 88 3
1576 89 1
1576 90 100
1576 91 3
1576 92 385
1576 93 45
1576 94 2
1576 95 196
1601 1 9
1601 2 5
1601 3 2
1601 4 1
1601 5 17
1601 6 15
1601 7 110
1601 8 19
1601 9 47
1601 10 2
1601 11 3
1601 12 1
1601 13 130
1601 14 6
1601 15 22
1601 16 10
1601 17 20
1601 18 416
1601 19 2
1601 20 64
1601 21 9
1601 22 4
1601 23 19
1601 24 23
1601 25 13
1601 26 2
1601 27 5
1601 28 22
1601 29 2
1601 30 31
1601 31 0
1601 32 5
1601 33 40
1601 34 2
1601 35 35
1601 36 15
1601 37 2
1601 38 4
1601 39 17
1601 40 1
1601 41 34
1601 42 6
1601 43 113
1601 44 0
1601 45 5
1601 46 2
1601 47 26
1601 48 11
1601 49 190
1601 50 6
1601 51 6
1601 52 32
1601 53 373
1601 54 4
1601 55 5
1601 56 27
1601 57 4
1601 58 0
1601 59 17
1601 60 69
1601 61 1
1601 62 19
1601 63 528
1601 64 0
1601 65 2
1601 66 16
1601 67 60
1601 68 4
1601 69 6
1601 70 219
1601 71 87
1601 72 40
1601 73 0
1601 74 83
1601 75 34
1601 76 60
1601 77 9
1601 78 0
1601 79 5
1601 80 2
1601 81 139
1601 82 251
1601 83 176
1601 84 39
1601 85 3
1601 86 3
1601 87 5
1601 88 1
1601 89 3
1601 90 103
1601 91 9
1601 92 375
1601 93 59
1601 94 0
1601 95 199
1626 1 15
1626 2 3
1626 3 4
1626 4 5
1626 5 4
1626 6 5
1626 7 94
1626 8 20
1626 9 50
1626 10 4
1626 11 3
1626 12 2
1626 13 162
1626 14 5
1626 15 58
1626 16 1
1626 17 12
1626 18 386
1626 19 0
1626 20 23
1626 21 6
1626 22 3
1626 23 12
1626 24 39
1626 25 14
1626 26 4
1626 27 3
1626 28 32
1626 29 1
1626 30 30
1626 31 4
1626 32 4
1626 33 30
1626 34 0
1626 35 23
1626 36 15
1626 37 2
1626 38 17
1626 39 43
1626 40 1
1626 41 24
1626 42 6
1626 43 117
1626 44 2
1626 45 3
1626 46 0
1626 47 13
1626 48 15
1626 49 194
1626 50 16
1626 51 5
1626 52 18
1626 53 334
1626 54 0
1626 55 4
1626 56 20
1626 57 3
1626 58 1
1626 59 8
1626 60 74
1626 61 5
1626 62 17
1626 63 557
1626 64 1
1626 65 3
1626 66 6
1626 67 58
1626 68 19
1626 69 0
1626 70 209
1626 71 98
1626 72 48
1626 73 3
1626 74 67
1626 75 37
1626 76 64
1626 77 12
1626 78 3
1626 79 25
1626 80 3
1626 81 120
1626 82 221
1626 83 141
1626 84 12
1626 85 0
1626 86 1
1626 87 4
1626 88 4
1626 89 4
1626 90 125
1626 91 30
1626 92 449
1626 93 53
1626 94 0
1626 95 177
1651 1 16
1651 2 4
1651 3 6
1651 4 0
1651 5 5
1651 6 11
1651 7 108
1651 8 28
1651 9 52
1651 10 2
1651 11 3
1651 12 1
1651 13 182
1651 14 12
1651 15 78
1651 16 3
1651 17 16
1651 18 409
1651 19 1
1651 20 27
1651 21 3
1651 22 2
1651 23 15
1651 24 41
1651 25 16
1651 26 3
1651 27 9
1651 28 42
1651 29 4
1651 30 30
1651 31 5
1651 32 3
1651 33 13
1651 34 2
1651 35 26
1651 36 21
1651 37 1
1651 38 22
1651 39 40
1651 40 6
1651 41 30
1651 42 16
1651 43 110
1651 44 0
1651 45 1
1651 46 0
1651 47 4
1651 48 28
1651 49 140
1651 50 4
1651 51 3
1651 52 40
1651 53 339
1651 54 2
1651 55 1
1651 56 14
1651 57 4
1651 58 16
1651 59 8
1651 60 71
1651 61 1
1651 62 32
1651 63 549
1651 64 3
1651 65 0
1651 66 0
1651 67 58
1651 68 17
1651 69 3
1651 70 204
1651 71 98
1651 72 42
1651 73 2
1651 74 51
1651 75 51
1651 76 63
1651 77 26
1651 78 3
1651 79 32
1651 80 1
1651 81 109
1651 82 218
1651 83 143
1651 84 20
1651 85 24
1651 86 1
1651 87 5
1651 88 9
1651 89 2
1651 90 144
1651 91 30
1651 92 432
1651 93 34
1651 94 14
1651 95 123
1676 1 3
1676 2 1
1676 3 5
1676 4 1
1676 5 1
1676 6 3
1676 7 102
1676 8 19
1676 9 55
1676 10 5
1676 11 1
1676 12 3
1676 13 164
1676 14 7
1676 15 99
1676 16 3
1676 17 8
1676 18 394
1676 19 7
1676 20 34
1676 21 11
1676 22 8
1676 23 15
1676 24 25
1676 25 28
1676 26 1
1676 27 15
1676 28 41
1676 29 3
1676 30 3
1676 31 4
1676 32 2
1676 33 17
1676 34 0
1676 35 29
1676 36 38
1676 37 0
1676 38 5
1676 39 52
1676 40 7
1676 41 15
1676 42 9
1676 43 110
1676 44 1
1676 45 0
1676 46 1
1676 47 3
1676 48 35
1676 49 197
1676 50 1
1676 51 1
1676 52 30
1676 53 366
1676 54 21
1676 55 3
1676 56 7
1676 57 4
1676 58 7
1676 59 5
1676 60 79
1676 61 2
1676 62 15
1676 63 535
1676 64 0
1676 65 4
1676 66 7
1676 67 55
1676 68 1
1676 69 3
1676 70 205
1676 71 97
1676 72 55
1676 73 1
1676 74 66
1676 75 25
1676 76 74
1676 77 13
1676 78 5
1676 79 19
1676 80 9
1676 81 88
1676 82 219
1676 83 132
1676 84 8
1676 85 33
1676 86 9
1676 87 0
1676 88 10
1676 89 1
1676 90 151
1676 91 17
1676 92 455
1676 93 21
1676 94 8
1676 95 121
1701 1 3
1701 2 5
1701 3 1
1701 4 4
1701 5 1
1701 6 9
1701 7 79
1701 8 24
1701 9 61
1701 10 16
1701 11 0
1701 12 4
1701 13 161
1701 14 4
1701 15 78
1701 16 1
1701 17 14
1701 18 428
1701 19 8
1701 20 74
1701 21 22
1701 22 2
1701 23 8
1701 24 22
1701 25 18
1701 26 3
1701 27 17
1701 28 58
1701 29 7
1701 30 7
1701 31 5
1701 32 2
1701 33 21
1701 34 15
1701 35 27
1701 36 53
1701 37 1
1701 38 0
1701 39 45
1701 40 2
1701 41 7
1701 42 9
1701 43 119
1701 44 11
1701 45 0
1701 46 3
1701 47 9
1701 48 54
1701 49 180
1701 50 3
1701 51 2
1701 52 33
1701 53 373
1701 54 23
1701 55 3
1701 56 2
1701 57 5
1701 58 9
1701 59 2
1701 60 84
1701 61 2
1701 62 15
1701 63 516
1701 64 22
1701 65 2
1701 66 5
1701 67 44
1701 68 2
1701 69 1
1701 70 180
1701 71 67
1701 72 44
1701 73 1
1701 74 68
1701 75 13
1701 76 44
1701 77 10
1701 78 4
1701 79 20
1701 80 14
1701 81 72
1701 82 222
1701 83 136
1701 84 11
1701 85 30
1701 86 11
1701 87 0
1701 88 14
1701 89 5
1701 90 121
1701 91 20
1701 92 474
1701 93 3
1701 94 13
1701 95 134
1726 1 3
1726 2 2
1726 3 8
1726 4 9
1726 5 0
1726 6 14
1726 7 127
1726 8 15
1726 9 71
1726 10 22
1726 11 1
1726 12 8
1726 13 164
1726 14 4
1726 15 45
1726 16 10
1726 17 31
1726 18 455
1726 19 2
1726 20 96
1726 21 0
1726 22 1
1726 23 1
1726 24 1
1726 25 9
1726 26 0
1726 27 24
1726 28 84
1726 29 1
1726 30 0
1726 31 1
1726 32 9
1726 33 16
1726 34 16
1726 35 21
1726 36 60
1726 37 6
1726 38 7
1726 39 40
1726 40 15
1726 41 22
1726 42 3
1726 43 86
1726 44 15
1726 45 1
1726 46 0
1726 47 5
1726 48 64
1726 49 185
1726 50 11
1726 51 3
1726 52 19
1726 53 403
1726 54 22
1726 55 2
1726 56 1
1726 57 15
1726 58 9
1726 59 2
1726 60 48
1726 61 1
1726 62 2
1726 63 532
1726 64 21
1726 65 4
1726 66 7
1726 67 42
1726 68 7
1726 69 5
1726 70 153
1726 71 55
1726 72 42
1726 73 5
1726 74 78
1726 75 2
1726 76 59
1726 77 12
1726 78 2
1726 79 20
1726 80 4
1726 81 52
1726 82 226
1726 83 140
1726 84 8
1726 85 14
1726 86 15
1726 87 3
1726 88 12
1726 89 4
1726 90 109
1726 91 28
1726 92 469
1726 93 3
1726 94 24
1726 95 131
1751 1 1
1751 2 1
1751 3 0
1751 4 15
1751 5 5
1751 6 13
1751 7 110
1751 8 10
1751 9 41
1751 10 34
1751 11 1
1751 12 28
1751 13 165
1751 14 16
1751 15 41
1751 16 16
1751 17 17
1751 18 467
1751 19 6
1751 20 106
1751 21 6
1751 22 1
1751 23 3
1751 24 0
1751 25 6
1751 26 2
1751 27 4
1751 28 88
1751 29 19
1751 30 3
1751 31 2
1751 32 22
1751 33 11
1751 34 9
1751 35 19
1751 36 53
1751 37 9
1751 38 1
1751 39 36
1751 40 13
1751 41 16
1751 42 8
1751 43 91
1751 44 22
1751 45 6
1751 46 5
1751 47 4
1751 48 60
1751 49 213
1751 50 3
1751 51 5
1751 52 33
1751 53 397
1751 54 1
1751 55 2
1751 56 3
1751 57 19
1751 58 1
1751 59 2
1751 60 73
1751 61 13
1751 62 2
1751 63 548
1751 64 22
1751 65 0
1751 66 3
1751 67 26
1751 68 2
1751 69 1
1751 70 121
1751 71 63
1751 72 25
1751 73 4
1751 74 101
1751 75 30
1751 76 68
1751 77 21
1751 78 0
1751 79 11
1751 80 5
1751 81 95
1751 82 242
1751 83 127
1751 84 4
1751 85 28
1751 86 13
1751 87 6
1751 88 17
1751 89 10
1751 90 122
1751 91 29
1751 92 413
1751 93 1
1751 94 9
1751 95 108
1776 1 2
1776 2 2
1776 3 3
1776 4 16
1776 5 4
1776 6 15
1776 7 112
1776 8 16
1776 9 43
1776 10 31
1776 11 5
1776 12 33
1776 13 162
1776 14 5
1776 15 51
1776 16 14
1776 17 9
1776 18 494
1776 19 10
1776 20 137
1776 21 4
1776 22 2
1776 23 3
1776 24 2
1776 25 5
1776 26 1
1776 27 12
1776 28 78
1776 29 26
1776 30 2
1776 31 2
1776 32 1
1776 33 27
1776 34 3
1776 35 25
1776 36 62
1776 37 11
1776 38 28
1776 39 43
1776 40 4
1776 41 12
1776 42 2
1776 43 86
1776 44 23
1776 45 1
1776 46 2
1776 47 2
1776 48 63
1776 49 194
1776 50 5
1776 51 4
1776 52 50
1776 53 394
1776 54 13
1776 55 0
1776 56 3
1776 57 4
1776 58 1
1776 59 2
1776 60 71
1776 61 5
1776 62 27
1776 63 553
1776 64 15
1776 65 7
1776 66 1
1776 67 21
1776 68 2
1776 69 0
1776 70 85
1776 71 58
1776 72 47
1776 73 1
1776 74 92
1776 75 30
1776 76 70
1776 77 17
1776 78 1
1776 79 17
1776 80 3
1776 81 65
1776 82 206
1776 83 115
1776 84 8
1776 85 21
1776 86 8
1776 87 5
1776 88 11
1776 89 1
1776 90 135
1776 91 54
1776 92 322
1776 93 17
1776 94 8
1776 95 107
1801 1 2
1801 2 1
1801 3 1
1801 4 7
1801 5 0
1801 6 42
1801 7 113
1801 8 9
1801 9 44
1801 10 34
1801 11 7
1801 12 17
1801 13 165
1801 14 10
1801 15 42
1801 16 10
1801 17 10
1801 18 476
1801 19 6
1801 20 98
1801 21 0
1801 22 0
1801 23 15
1801 24 2
1801 25 1
1801 26 9
1801 27 6
1801 28 121
1801 29 37
1801 30 0
1801 31 8
1801 32 3
1801 33 37
1801 34 9
1801 35 19
1801 36 58
1801 37 10
1801 38 1
1801 39 40
1801 40 4
1801 41 23
1801 42 5
1801 43 89
1801 44 26
1801 45 0
1801 46 27
1801 47 1
1801 48 56
1801 49 176
1801 50 1
1801 51 5
1801 52 31
1801 53 348
1801 54 25
1801 55 3
1801 56 2
1801 57 3
1801 58 0
1801 59 4
1801 60 71
1801 61 2
1801 62 42
1801 63 495
1801 64 2
1801 65 1
1801 66 1
1801 67 16
1801 68 33
1801 69 1
1801 70 105
1801 71 45
1801 72 63
1801 73 0
1801 74 85
1801 75 34
1801 76 78
1801 77 14
1801 78 1
1801 79 20
1801 80 0
1801 81 41
1801 82 264
1801 83 170
1801 84 8
1801 85 30
1801 86 4
1801 87 5
1801 88 14
1801 89 1
1801 90 143
1801 91 51
1801 92 332
1801 93 31
1801 94 1
1801 95 119
1826 1 2
1826 2 4
1826 3 1
1826 4 0
1826 5 0
1826 6 56
1826 7 117
1826 8 1
1826 9 49
1826 10 15
1826 11 21
1826 12 8
1826 13 167
1826 14 2
1826 15 27
1826 16 12
1826 17 13
1826 18 448
1826 19 7
1826 20 96
1826 21 1
1826 22 6
1826 23 30
1826 24 2
1826 25 0
1826 26 3
1826 27 20
1826 28 112
1826 29 24
1826 30 3
1826 31 1
1826 32 1
1826 33 30
1826 34 8
1826 35 16
1826 36 58
1826 37 10
1826 38 2
1826 39 28
1826 40 2
1826 41 31
1826 42 22
1826 43 65
1826 44 38
1826 45 5
1826 46 23
1826 47 6
1826 48 46
1826 49 195
1826 50 3
1826 51 4
1826 52 20
1826 53 373
1826 54 16
1826 55 5
1826 56 1
1826 57 9
1826 58 4
1826 59 2
1826 60 78
1826 61 2
1826 62 88
1826 63 506
1826 64 7
1826 65 5
1826 66 8
1826 67 30
1826 68 30
1826 69 5
1826 70 87
1826 71 69
1826 72 51
1826 73 3
1826 74 116
1826 75 34
1826 76 90
1826 77 11
1826 78 1
1826 79 16
1826 80 0
1826 81 34
1826 82 253
1826 83 224
1826 84 1
1826 85 17
1826 86 10
1826 87 5
1826 88 14
1826 89 2
1826 90 111
1826 91 39
1826 92 354
1826 93 36
1826 94 1
1826 95 110
1851 1 12
1851 2 6
1851 3 0
1851 4 2
1851 5 6
1851 6 46
1851 7 97
1851 8 13
1851 9 50
1851 10 20
1851 11 22
1851 12 7
1851 13 199
1851 14 16
1851 15 37
1851 16 17
1851 17 7
1851 18 460
1851 19 4
1851 20 77
1851 21 5
1851 22 4
1851 23 55
1851 24 3
1851 25 4
1851 26 3
1851 27 31
1851 28 127
1851 29 20
1851 30 11
1851 31 1
1851 32 2
1851 33 22
1851 34 10
1851 35 20
1851 36 53
1851 37 16
1851 38 2
1851 39 36
1851 40 5
1851 41 14
1851 42 21
1851 43 73
1851 44 34
1851 45 8
1851 46 15
1851 47 17
1851 48 28
1851 49 205
1851 50 0
1851 51 3
1851 52 10
1851 53 323
1851 54 29
1851 55 4
1851 56 2
1851 57 1
1851 58 1
1851 59 8
1851 60 66
1851 61 9
1851 62 91
1851 63 511
1851 64 1
1851 65 2
1851 66 3
1851 67 18
1851 68 46
1851 69 2
1851 70 72
1851 71 59
1851 72 53
1851 73 2
1851 74 109
1851 75 37
1851 76 89
1851 77 17
1851 78 3
1851 79 2
1851 80 12
1851 81 18
1851 82 271
1851 83 189
1851 84 1
1851 85 18
1851 86 27
1851 87 4
1851 88 16
1851 89 4
1851 90 117
1851 91 34
1851 92 298
1851 93 35
1851 94 17
1851 95 83
1876 1 14
1876 2 1
1876 3 3
1876 4 0
1876 5 2
1876 6 38
1876 7 87
1876 8 39
1876 9 33
1876 10 22
1876 11 6
1876 12 2
1876 13 186
1876 14 23
1876 15 29
1876 16 20
1876 17 6
1876 18 448
1876 19 1
1876 20 68
1876 21 5
1876 22 6
1876 23 44
1876 24 4
1876 25 7
1876 26 3
1876 27 27
1876 28 100
1876 29 13
1876 30 25
1876 31 14
1876 32 4
1876 33 30
1876 34 39
1876 35 27
1876 36 28
1876 37 19
1876 38 2
1876 39 25
1876 40 0
1876 41 21
1876 42 11
1876 43 42
1876 44 40
1876 45 23
1876 46 0
1876 47 26
1876 48 40
1876 49 249
1876 50 1
1876 51 1
1876 52 5
1876 53 347
1876 54 16
1876 55 4
1876 56 1
1876 57 1
1876 58 0
1876 59 10
1876 60 68
1876 61 10
1876 62 116
1876 63 570
1876 64 2
1876 65 3
1876 66 0
1876 67 26
1876 68 24
1876 69 2
1876 70 76
1876 71 77
1876 72 30
1876 73 3
1876 74 97
1876 75 45
1876 76 106
1876 77 25
1876 78 1
1876 79 0
1876 80 3
1876 81 23
1876 82 276
1876 83 148
1876 84 0
1876 85 5
1876 86 12
1876 87 2
1876 88 36
1876 89 2
1876 90 90
1876 91 5
1876 92 293
1876 93 66
1876 94 28
1876 95 116
1901 1 17
1901 2 4
1901 3 1
1901 4 0
1901 5 2
1901 6 35
1901 7 111
1901 8 37
1901 9 39
1901 10 15
1901 11 3
1901 12 5
1901 13 199
1901 14 9
1901 15 10
1901 16 3
1901 17 14
1901 18 436
1901 19 5
1901 20 82
1901 21 2
1901 22 11
1901 23 29
1901 24 0
1901 25 0
1901 26 4
1901 27 24
1901 28 96
1901 29 20
1901 30 20
1901 31 12
1901 32 1
1901 33 21
1901 34 33
1901 35 22
1901 36 18
1901 37 28
1901 38 2
1901 39 24
1901 40 3
1901 41 49
1901 42 26
1901 43 85
1901 44 39
1901 45 33
1901 46 6
1901 47 21
1901 48 34
1901 49 290
1901 50 2
1901 51 1
1901 52 17
1901 53 317
1901 54 0
1901 55 1
1901 56 3
1901 57 6
1901 58 7
1901 59 3
1901 60 44
1901 61 3
1901 62 106
1901 63 594
1901 64 9
1901 65 0
1901 66 3
1901 67 53
1901 68 16
1901 69 2
1901 70 97
1901 71 93
1901 72 44
1901 73 5
1901 74 70
1901 75 31
1901 76 126
1901 77 7
1901 78 2
1901 79 3
1901 80 5
1901 81 21
1901 82 262
1901 83 173
1901 84 0
1901 85 6
1901 86 0
1901 87 1
1901 88 37
1901 89 0
1901 90 119
1901 91 3
1901 92 264
1901 93 48
1901 94 35
1901 95 64
1926 1 22
1926 2 2
1926 3 7
1926 4 1
1926 5 1
1926 6 36
1926 7 107
1926 8 45
1926 9 40
1926 10 15
1926 11 10
1926 12 0
1926 13 162
1926 14 3
1926 15 10
1926 16 21
1926 17 27
1926 18 420
1926 19 11
1926 20 77
1926 21 1
1926 22 2
1926 23 42
1926 24 0
1926 25 8
1926 26 5
1926 27 27
1926 28 84
1926 29 19
1926 30 2
1926 31 9
1926 32 1
1926 33 18
1926 34 26
1926 35 34
1926 36 11
1926 37 37
1926 38 1
1926 39 33
1926 40 1
1926 41 27
1926 42 28
1926 43 80
1926 44 33
1926 45 14
1926 46 3
1926 47 23
1926 48 75
1926 49 290
1926 50 1
1926 51 2
1926 52 33
1926 53 357
1926 54 0
1926 55 3
1926 56 4
1926 57 1
1926 58 3
1926 59 5
1926 60 68
1926 61 2
1926 62 120
1926 63 601
1926 64 17
1926 65 4
1926 66 5
1926 67 31
1926 68 13
1926 69 2
1926 70 97
1926 71 79
1926 72 27
1926 73 2
1926 74 65
1926 75 53
1926 76 113
1926 77 3
1926 78 3
1926 79 0
1926 80 5
1926 81 11
1926 82 244
1926 83 160
1926 84 1
1926 85 10
1926 86 1
1926 87 3
1926 88 33
1926 89 2
1926 90 84
1926 91 2
1926 92 275
1926 93 19
1926 94 15
1926 95 86
1951 1 15
1951 2 1
1951 3 3
1951 4 1
1951 5 3
1951 6 49
1951 7 104
1951 8 23
1951 9 35
1951 10 6
1951 11 13
1951 12 0
1951 13 174
1951 14 1
1951 15 13
1951 16 21
1951 17 4
1951 18 472
1951 19 11
1951 20 74
1951 21 4
1951 22 16
1951 23 78
1951 24 28
1951 25 3
1951 26 10
1951 27 20
1951 28 101
1951 29 19
1951 30 8
1951 31 2
1951 32 9
1951 33 21
1951 34 13
1951 35 20
1951 36 17
1951 37 33
1951 38 0
1951 39 49
1951 40 5
1951 41 18
1951 42 6
1951 43 82
1951 44 26
1951 45 28
1951 46 3
1951 47 29
1951 48 61
1951 49 312
1951 50 1
1951 51 3
1951 52 18
1951 53 358
1951 54 4
1951 55 1
1951 56 3
1951 57 1
1951 58 4
1951 59 2
1951 60 60
1951 61 2
1951 62 137
1951 63 562
1951 64 21
1951 65 0
1951 66 0
1951 67 27
1951 68 6
1951 69 2
1951 70 103
1951 71 81
1951 72 28
1951 73 2
1951 74 58
1951 75 14
1951 76 82
1951 77 3
1951 78 4
1951 79 19
1951 80 2
1951 81 12
1951 82 272
1951 83 173
1951 84 2
1951 85 18
1951 86 2
1951 87 6
1951 88 28
1951 89 2
1951 90 93
1951 91 4
1951 92 286
1951 93 31
1951 94 16
1951 95 115
1976 1 21
1976 2 3
1976 3 3
1976 4 0
1976 5 3
1976 6 65
1976 7 93
1976 8 28
1976 9 22
1976 10 12
1976 11 29
1976 12 3
1976 13 196
1976 14 1
1976 15 3
1976 16 26
1976 17 4
1976 18 457
1976 19 19
1976 20 104
1976 21 2
1976 22 17
1976 23 51
1976 24 24
1976 25 1
1976 26 2
1976 27 26
1976 28 96
1976 29 16
1976 30 21
1976 31 4
1976 32 11
1976 33 11
1976 34 13
1976 35 25
1976 36 15
1976 37 30
1976 38 7
1976 39 65
1976 40 1
1976 41 32
1976 42 17
1976 43 89
1976 44 14
1976 45 21
1976 46 0
1976 47 14
1976 48 47
1976 49 262
1976 50 2
1976 51 4
1976 52 12
1976 53 339
1976 54 1
1976 55 1
1976 56 1
1976 57 4
1976 58 2
1976 59 2
1976 60 58
1976 61 3
1976 62 135
1976 63 547
1976 64 21
1976 65 6
1976 66 0
1976 67 22
1976 68 4
1976 69 4
1976 70 73
1976 71 64
1976 72 29
1976 73 5
1976 74 82
1976 75 3
1976 76 43
1976 77 4
1976 78 4
1976 79 20
1976 80 2
1976 81 18
1976 82 276
1976 83 174
1976 84 5
1976 85 21
1976 86 1
1976 87 0
1976 88 19
1976 89 3
1976 90 82
1976 91 1
1976 92 328
1976 93 23
1976 94 16
1976 95 111
