1 5055
26 4525
51 4492
76 4526
101 4535
126 4559
151 4527
176 4546
201 4442
226 4491
251 4585
276 4478
301 4529
326 4554
351 4552
376 4512
401 4539
426 4584
451 4479
476 4517
501 4584
526 4531
551 4540
576 4577
601 4548
626 4451
651 4503
676 4465
701 4579
726 4554
751 4558
776 4585
801 4555
826 4541
851 4623
876 4479
901 4637
926 4518
951 4565
976 4578
1001 4452
1026 4583
1051 4481
1076 4558
1101 4550
1126 4559
1151 4509
1176 4511
1201 4544
1226 4578
1251 4558
1276 4516
1301 4514
1326 4537
1351 4582
1376 4568
1401 4538
1426 4532
1451 4543
1476 4515
1501 4550
1526 4442
1551 4553
1576 4490
1601 4543
1626 4576
1651 4512
1676 4577
1701 4579
1726 4560
1751 4571
1776 4603
1801 4545
1826 4516
1851 4604
1876 4486
1901 4557
1926 4558
1951 4537
1976 4491
