1 4182
26 713
51 777
76 978
101 1249
126 1388
151 1520
176 1606
201 1695
226 1797
251 1833
276 1931
301 1948
326 1971
351 1965
376 2111
401 2058
426 2030
451 2103
476 2195
501 2140
526 2202
551 2070
576 2159
601 2106
626 2176
651 2188
676 2179
701 2270
726 2182
751 2103
776 2286
801 2189
826 2219
851 2158
876 2192
901 2212
926 2114
951 2197
976 2217
1001 2233
1026 2244
1051 2282
1076 2281
1101 2277
1126 2278
1151 2225
1176 2239
1201 2333
1226 2303
1251 2267
1276 2424
1301 2283
1326 2341
1351 2299
1376 2301
1401 2377
1426 2350
1451 2324
1476 2324
1501 2313
1526 2346
1551 2405
1576 2341
1601 2344
1626 2279
1651 2327
1676 2323
1701 2340
1726 2344
1751 2332
1776 2355
1801 2334
1826 2302
1851 2339
1876 2276
1901 2381
1926 2351
1951 2415
1976 2411
