1 4106
26 367
51 304
76 315
101 284
126 264
151 264
176 259
201 259
226 277
251 277
276 289
301 259
326 270
351 249
376 247
401 248
426 262
451 253
476 244
501 254
526 249
551 257
576 235
601 214
626 260
651 256
676 210
701 248
726 246
751 227
776 200
801 188
826 215
851 235
876 224
901 206
926 207
951 187
976 169
1001 202
1026 191
1051 187
1076 197
1101 198
1126 174
1151 174
1176 203
1201 177
1226 188
1251 191
1276 184
1301 181
1326 184
1351 184
1376 169
1401 171
1426 165
1451 149
1476 159
1501 150
1526 149
1551 148
1576 167
1601 147
1626 159
1651 150
1676 140
1701 158
1726 155
1751 171
1776 143
1801 138
1826 148
1851 161
1876 142
1901 156
1926 160
1951 155
1976 143
