1 17
26 6
51 6
76 6
101 5
126 5
151 5
176 5
201 5
226 5
251 5
276 5
301 5
326 5
351 5
376 5
401 5
426 5
451 5
476 5
501 5
526 5
551 5
576 5
601 5
626 5
651 5
676 5
701 5
726 4
751 4
776 4
801 4
826 4
851 4
876 4
901 3
926 2
951 2
976 2
1001 2
1026 2
1051 1
1076 1
1101 1
1126 1
1151 1
1176 1
1201 1
1226 1
1251 1
1276 1
1301 1
1326 1
1351 1
1376 1
1401 1
1426 1
1451 1
1476 1
1501 1
1526 1
1551 1
1576 1
1601 1
1626 1
1651 1
1676 1
1701 1
1726 1
1751 1
1776 1
1801 1
1826 1
1851 1
1876 1
1901 1
1926 1
1951 1
1976 1
