1 5950
26 5719
51 5705
76 5673
101 5722
126 5758
151 5682
176 5772
201 5680
226 5661
251 5714
276 5701
301 5752
326 5776
351 5715
376 5716
401 5703
426 5696
451 5684
476 5738
501 5730
526 5764
551 5766
576 5734
601 5739
626 5742
651 5779
676 5744
701 5745
726 5770
751 5755
776 5663
801 5695
826 5697
851 5786
876 5754
901 5792
926 5728
951 5784
976 5729
1001 5825
1026 5755
1051 5731
1076 5676
1101 5691
1126 5680
1151 5750
1176 5771
1201 5800
1226 5734
1251 5746
1276 5732
1301 5766
1326 5693
1351 5678
1376 5817
1401 5764
1426 5756
1451 5699
1476 5701
1501 5730
1526 5643
1551 5742
1576 5787
1601 5698
1626 5734
1651 5765
1676 5772
1701 5761
1726 5661
1751 5773
1776 5814
1801 5757
1826 5772
1851 5695
1876 5776
1901 5759
1926 5747
1951 5762
1976 5725
