1 1 40
1 2 41
1 3 40
1 4 43
1 5 39
1 6 46
1 7 39
1 8 38
1 9 33
1 10 39
1 11 34
1 12 39
1 13 45
1 14 39
1 15 31
1 16 41
1 17 40
1 18 38
1 19 39
1 20 33
1 21 35
1 22 30
1 23 46
1 24 37
1 25 40
1 26 30
1 27 41
1 28 46
1 29 48
1 30 41
1 31 22
1 32 34
1 33 38
1 34 38
1 35 40
1 36 37
1 37 31
1 38 41
1 39 39
1 40 40
1 41 40
1 42 39
1 43 38
1 44 36
1 45 29
1 46 31
1 47 41
1 48 44
1 49 41
1 50 30
1 51 39
1 52 39
1 53 40
1 54 26
1 55 32
1 56 33
1 57 36
1 58 35
1 59 33
1 60 38
1 61 39
1 62 38
1 63 37
1 64 40
1 65 45
1 66 41
1 67 32
1 68 30
1 69 32
1 70 44
1 71 42
1 72 39
1 73 41
1 74 51
1 75 38
1 76 43
1 77 40
1 78 38
1 79 32
1 80 34
1 81 32
1 82 38
1 83 41
1 84 42
1 85 50
1 86 28
1 87 41
1 88 37
1 89 40
1 90 29
1 91 38
1 92 39
1 93 43
1 94 37
1 95 39
1 96 42
1 97 41
1 98 43
1 99 31
1 100 50
1 101 40
1 102 30
1 103 41
1 104 38
1 105 27
1 106 37
1 107 36
1 108 47
1 109 44
1 110 40
1 111 43
1 112 44
1 113 42
1 114 37
1 115 50
1 116 35
1 117 39
1 118 41
1 119 31
1 120 37
1 121 37
26 1 37
26 2 39
26 3 38
26 4 37
26 5 42
26 6 40
26 7 39
26 8 44
26 9 0
26 10 0
26 11 0
26 12 42
26 13 41
26 14 31
26 15 39
26 16 41
26 17 42
26 18 38
26 19 40
26 20 11
26 21 10
26 22 17
26 23 39
26 24 41
26 25 40
26 26 0
26 27 45
26 28 47
26 29 41
26 30 34
26 31 0
26 32 0
26 33 0
26 34 40
26 35 40
26 36 39
26 37 0
26 38 40
26 39 39
26 40 36
26 41 41
26 42 34
26 43 8
26 44 0
26 45 0
26 46 0
26 47 46
26 48 40
26 49 41
26 50 35
26 51 36
26 52 41
26 53 38
26 54 0
26 55 0
26 56 0
26 57 0
26 58 41
26 59 33
26 60 40
26 61 40
26 62 41
26 63 41
26 64 41
26 65 44
26 66 39
26 67 0
26 68 0
26 69 41
26 70 39
26 71 41
26 72 40
26 73 36
26 74 44
26 75 36
26 76 35
26 77 39
26 78 0
26 79 6
26 80 0
26 81 32
26 82 44
26 83 39
26 84 38
26 85 45
26 86 31
26 87 40
26 88 39
26 89 46
26 90 39
26 91 38
26 92 42
26 93 43
26 94 0
26 95 41
26 96 44
26 97 37
26 98 38
26 99 0
26 100 50
26 101 38
26 102 35
26 103 42
26 104 36
26 105 20
26 106 45
26 107 31
26 108 40
26 109 41
26 110 40
26 111 45
26 112 42
26 113 40
26 114 48
26 115 51
26 116 0
26 117 36
26 118 37
26 119 31
26 120 37
26 121 39
51 1 38
51 2 41
51 3 35
51 4 41
51 5 42
51 6 42
51 7 38
51 8 38
51 9 0
51 10 0
51 11 0
51 12 43
51 13 40
51 14 40
51 15 32
51 16 35
51 17 40
51 18 42
51 19 32
51 20 0
51 21 9
51 22 13
51 23 42
51 24 36
51 25 39
51 26 0
51 27 35
51 28 40
51 29 40
51 30 40
51 31 0
51 32 0
51 33 0
51 34 43
51 35 41
51 36 45
51 37 0
51 38 40
51 39 40
51 40 40
51 41 40
51 42 37
51 43 0
51 44 0
51 45 0
51 46 0
51 47 42
51 48 37
51 49 39
51 50 36
51 51 43
51 52 40
51 53 40
51 54 0
51 55 0
51 56 0
51 57 0
51 58 40
51 59 41
51 60 37
51 61 29
51 62 39
51 63 40
51 64 39
51 65 38
51 66 45
51 67 0
51 68 0
51 69 44
51 70 41
51 71 37
51 72 41
51 73 40
51 74 50
51 75 39
51 76 39
51 77 40
51 78 0
51 79 8
51 80 0
51 81 34
51 82 43
51 83 40
51 84 41
51 85 39
51 86 39
51 87 41
51 88 43
51 89 41
51 90 41
51 91 41
51 92 39
51 93 44
51 94 0
51 95 40
51 96 42
51 97 40
51 98 40
51 99 0
51 100 48
51 101 43
51 102 38
51 103 36
51 104 30
51 105 20
51 106 42
51 107 41
51 108 41
51 109 39
51 110 40
51 111 44
51 112 40
51 113 41
51 114 40
51 115 51
51 116 0
51 117 34
51 118 41
51 119 27
51 120 32
51 121 39
76 1 36
76 2 37
76 3 36
76 4 37
76 5 39
76 6 43
76 7 39
76 8 40
76 9 0
76 10 0
76 11 0
76 12 38
76 13 42
76 14 36
76 15 26
76 16 33
76 17 39
76 18 37
76 19 40
76 20 0
76 21 15
76 22 15
76 23 38
76 24 39
76 25 40
76 26 0
76 27 39
76 28 39
76 29 43
76 30 42
76 31 0
76 32 0
76 33 0
76 34 40
76 35 40
76 36 41
76 37 0
76 38 41
76 39 37
76 40 36
76 41 40
76 42 39
76 43 0
76 44 0
76 45 0
76 46 0
76 47 39
76 48 37
76 49 43
76 50 31
76 51 41
76 52 42
76 53 41
76 54 0
76 55 0
76 56 0
76 57 0
76 58 39
76 59 40
76 60 28
76 61 37
76 62 38
76 63 42
76 64 39
76 65 43
76 66 40
76 67 0
76 68 0
76 69 39
76 70 41
76 71 40
76 72 39
76 73 45
76 74 44
76 75 39
76 76 41
76 77 39
76 78 0
76 79 10
76 80 0
76 81 38
76 82 42
76 83 43
76 84 38
76 85 48
76 86 31
76 87 40
76 88 38
76 89 42
76 90 44
76 91 40
76 92 46
76 93 40
76 94 0
76 95 41
76 96 39
76 97 42
76 98 41
76 99 0
76 100 43
76 101 41
76 102 31
76 103 39
76 104 30
76 105 10
76 106 40
76 107 36
76 108 44
76 109 41
76 110 35
76 111 48
76 112 42
76 113 42
76 114 40
76 115 56
76 116 0
76 117 39
76 118 39
76 119 33
76 120 39
76 121 42
101 1 42
101 2 39
101 3 42
101 4 44
101 5 39
101 6 49
101 7 43
101 8 40
101 9 0
101 10 0
101 11 0
101 12 39
101 13 42
101 14 29
101 15 38
101 16 35
101 17 42
101 18 39
101 19 43
101 20 0
101 21 10
101 22 18
101 23 43
101 24 38
101 25 40
101 26 0
101 27 37
101 28 38
101 29 40
101 30 37
101 31 0
101 32 0
101 33 0
101 34 42
101 35 45
101 36 39
101 37 0
101 38 32
101 39 40
101 40 34
101 41 42
101 42 42
101 43 0
101 44 0
101 45 0
101 46 0
101 47 40
101 48 36
101 49 37
101 50 32
101 51 39
101 52 36
101 53 43
101 54 0
101 55 0
101 56 0
101 57 0
101 58 35
101 59 33
101 60 40
101 61 40
101 62 38
101 63 35
101 64 39
101 65 42
101 66 39
101 67 0
101 68 0
101 69 38
101 70 40
101 71 38
101 72 40
101 73 40
101 74 50
101 75 42
101 76 38
101 77 41
101 78 0
101 79 9
101 80 0
101 81 34
101 82 40
101 83 39
101 84 44
101 85 43
101 86 41
101 87 43
101 88 36
101 89 42
101 90 40
101 91 42
101 92 39
101 93 40
101 94 0
101 95 39
101 96 47
101 97 38
101 98 41
101 99 0
101 100 48
101 101 40
101 102 34
101 103 41
101 104 29
101 105 13
101 106 40
101 107 39
101 108 40
101 109 40
101 110 36
101 111 40
101 112 39
101 113 39
101 114 43
101 115 53
101 116 0
101 117 37
101 118 39
101 119 33
101 120 37
101 121 32
126 1 41
126 2 40
126 3 43
126 4 44
126 5 40
126 6 40
126 7 50
126 8 45
126 9 0
126 10 0
126 11 0
126 12 39
126 13 39
126 14 30
126 15 39
126 16 42
126 17 41
126 18 41
126 19 39
126 20 0
126 21 0
126 22 6
126 23 47
126 24 41
126 25 39
126 26 0
126 27 40
126 28 41
126 29 53
126 30 37
126 31 0
126 32 0
126 33 0
126 34 43
126 35 40
126 36 42
126 37 0
126 38 33
126 39 40
126 40 37
126 41 40
126 42 39
126 43 0
126 44 0
126 45 0
126 46 0
126 47 43
126 48 32
126 49 39
126 50 30
126 51 38
126 52 43
126 53 39
126 54 0
126 55 0
126 56 0
126 57 0
126 58 38
126 59 39
126 60 38
126 61 47
126 62 37
126 63 40
126 64 40
126 65 41
126 66 45
126 67 0
126 68 0
126 69 38
126 70 41
126 71 39
126 72 46
126 73 39
126 74 51
126 75 34
126 76 42
126 77 40
126 78 0
126 79 0
126 80 0
126 81 30
126 82 41
126 83 41
126 84 42
126 85 48
126 86 32
126 87 40
126 88 44
126 89 38
126 90 37
126 91 33
126 92 40
126 93 42
126 94 0
126 95 42
126 96 40
126 97 39
126 98 40
126 99 0
126 100 40
126 101 40
126 102 41
126 103 36
126 104 35
126 105 10
126 106 39
126 107 37
126 108 40
126 109 43
126 110 40
126 111 50
126 112 42
126 113 39
126 114 32
126 115 43
126 116 0
126 117 38
126 118 40
126 119 26
126 120 38
126 121 40
151 1 38
151 2 41
151 3 41
151 4 37
151 5 40
151 6 42
151 7 39
151 8 47
151 9 0
151 10 0
151 11 0
151 12 38
151 13 42
151 14 36
151 15 32
151 16 40
151 17 40
151 18 40
151 19 41
151 20 0
151 21 0
151 22 0
151 23 43
151 24 40
151 25 36
151 26 0
151 27 35
151 28 44
151 29 37
151 30 40
151 31 0
151 32 0
151 33 0
151 34 41
151 35 50
151 36 38
151 37 0
151 38 40
151 39 41
151 40 39
151 41 48
151 42 33
151 43 0
151 44 0
151 45 0
151 46 0
151 47 40
151 48 31
151 49 41
151 50 29
151 51 42
151 52 36
151 53 37
151 54 0
151 55 0
151 56 0
151 57 0
151 58 33
151 59 35
151 60 45
151 61 39
151 62 37
151 63 40
151 64 37
151 65 41
151 66 46
151 67 0
151 68 0
151 69 38
151 70 42
151 71 41
151 72 41
151 73 36
151 74 47
151 75 36
151 76 37
151 77 41
151 78 0
151 79 0
151 80 0
151 81 32
151 82 40
151 83 40
151 84 41
151 85 41
151 86 32
151 87 40
151 88 39
151 89 40
151 90 34
151 91 40
151 92 34
151 93 45
151 94 0
151 95 50
151 96 41
151 97 38
151 98 43
151 99 0
151 100 49
151 101 39
151 102 36
151 103 39
151 104 39
151 105 13
151 106 40
151 107 38
151 108 40
151 109 40
151 110 39
151 111 42
151 112 36
151 113 39
151 114 42
151 115 50
151 116 0
151 117 44
151 118 42
151 119 33
151 120 40
151 121 41
176 1 43
176 2 40
176 3 41
176 4 42
176 5 47
176 6 43
176 7 39
176 8 41
176 9 0
176 10 0
176 11 0
176 12 40
176 13 39
176 14 40
176 15 31
176 16 40
176 17 41
176 18 43
176 19 37
176 20 0
176 21 0
176 22 0
176 23 39
176 24 38
176 25 43
176 26 0
176 27 39
176 28 37
176 29 43
176 30 40
176 31 0
176 32 0
176 33 0
176 34 43
176 35 37
176 36 40
176 37 0
176 38 38
176 39 37
176 40 35
176 41 32
176 42 38
176 43 0
176 44 0
176 45 0
176 46 0
176 47 39
176 48 39
176 49 42
176 50 38
176 51 42
176 52 41
176 53 37
176 54 0
176 55 0
176 56 0
176 57 0
176 58 36
176 59 39
176 60 33
176 61 40
176 62 38
176 63 41
176 64 43
176 65 43
176 66 46
176 67 0
176 68 0
176 69 38
176 70 40
176 71 35
176 72 40
176 73 46
176 74 47
176 75 35
176 76 38
176 77 40
176 78 0
176 79 0
176 80 0
176 81 32
176 82 42
176 83 40
176 84 41
176 85 52
176 86 29
176 87 40
176 88 43
176 89 43
176 90 43
176 91 43
176 92 37
176 93 46
176 94 0
176 95 43
176 96 44
176 97 40
176 98 38
176 99 0
176 100 43
176 101 47
176 102 39
176 103 36
176 104 30
176 105 13
176 106 40
176 107 30
176 108 40
176 109 41
176 110 38
176 111 42
176 112 43
176 113 42
176 114 37
176 115 50
176 116 0
176 117 37
176 118 42
176 119 35
176 120 40
176 121 39
201 1 38
201 2 41
201 3 40
201 4 43
201 5 39
201 6 44
201 7 40
201 8 40
201 9 0
201 10 0
201 11 0
201 12 40
201 13 40
201 14 34
201 15 31
201 16 35
201 17 42
201 18 40
201 19 41
201 20 0
201 21 0
201 22 0
201 23 40
201 24 39
201 25 38
201 26 0
201 27 39
201 28 39
201 29 47
201 30 39
201 31 0
201 32 0
201 33 0
201 34 42
201 35 39
201 36 37
201 37 0
201 38 30
201 39 40
201 40 36
201 41 37
201 42 37
201 43 0
201 44 0
201 45 0
201 46 0
201 47 42
201 48 31
201 49 37
201 50 31
201 51 43
201 52 40
201 53 39
201 54 0
201 55 0
201 56 0
201 57 0
201 58 40
201 59 30
201 60 39
201 61 39
201 62 38
201 63 42
201 64 38
201 65 40
201 66 39
201 67 0
201 68 0
201 69 41
201 70 41
201 71 37
201 72 40
201 73 41
201 74 50
201 75 39
201 76 32
201 77 30
201 78 0
201 79 0
201 80 0
201 81 36
201 82 40
201 83 36
201 84 41
201 85 48
201 86 35
201 87 39
201 88 40
201 89 39
201 90 35
201 91 40
201 92 40
201 93 44
201 94 0
201 95 40
201 96 40
201 97 40
201 98 38
201 99 0
201 100 51
201 101 39
201 102 37
201 103 40
201 104 34
201 105 10
201 106 44
201 107 35
201 108 40
201 109 40
201 110 41
201 111 50
201 112 41
201 113 39
201 114 35
201 115 51
201 116 0
201 117 33
201 118 40
201 119 38
201 120 32
201 121 41
226 1 41
226 2 39
226 3 40
226 4 43
226 5 42
226 6 43
226 7 50
226 8 40
226 9 0
226 10 0
226 11 0
226 12 40
226 13 40
226 14 38
226 15 39
226 16 42
226 17 40
226 18 39
226 19 45
226 20 0
226 21 0
226 22 0
226 23 42
226 24 41
226 25 40
226 26 0
226 27 42
226 28 32
226 29 43
226 30 34
226 31 0
226 32 0
226 33 0
226 34 47
226 35 40
226 36 40
226 37 0
226 38 41
226 39 35
226 40 40
226 41 36
226 42 39
226 43 0
226 44 0
226 45 0
226 46 0
226 47 42
226 48 38
226 49 40
226 50 30
226 51 45
226 52 39
226 53 36
226 54 0
226 55 0
226 56 0
226 57 0
226 58 38
226 59 36
226 60 40
226 61 44
226 62 40
226 63 39
226 64 39
226 65 40
226 66 33
226 67 0
226 68 0
226 69 43
226 70 39
226 71 40
226 72 41
226 73 38
226 74 51
226 75 38
226 76 39
226 77 45
226 78 0
226 79 0
226 80 0
226 81 30
226 82 45
226 83 40
226 84 47
226 85 41
226 86 37
226 87 38
226 88 39
226 89 46
226 90 36
226 91 40
226 92 40
226 93 43
226 94 0
226 95 44
226 96 40
226 97 42
226 98 36
226 99 0
226 100 47
226 101 40
226 102 34
226 103 40
226 104 36
226 105 18
226 106 39
226 107 35
226 108 36
226 109 44
226 110 41
226 111 46
226 112 44
226 113 43
226 114 40
226 115 57
226 116 0
226 117 37
226 118 41
226 119 32
226 120 39
226 121 42
251 1 43
251 2 41
251 3 40
251 4 41
251 5 44
251 6 40
251 7 40
251 8 42
251 9 0
251 10 0
251 11 0
251 12 42
251 13 42
251 14 37
251 15 29
251 16 39
251 17 41
251 18 42
251 19 50
251 20 0
251 21 0
251 22 0
251 23 49
251 24 41
251 25 41
251 26 0
251 27 39
251 28 40
251 29 48
251 30 39
251 31 0
251 32 0
251 33 0
251 34 38
251 35 44
251 36 41
251 37 0
251 38 41
251 39 34
251 40 41
251 41 40
251 42 40
251 43 0
251 44 0
251 45 0
251 46 0
251 47 43
251 48 37
251 49 38
251 50 30
251 51 40
251 52 39
251 53 39
251 54 0
251 55 0
251 56 0
251 57 0
251 58 34
251 59 32
251 60 38
251 61 35
251 62 39
251 63 39
251 64 39
251 65 41
251 66 47
251 67 0
251 68 0
251 69 36
251 70 40
251 71 38
251 72 40
251 73 48
251 74 50
251 75 34
251 76 35
251 77 39
251 78 0
251 79 0
251 80 0
251 81 32
251 82 42
251 83 37
251 84 43
251 85 40
251 86 31
251 87 39
251 88 41
251 89 45
251 90 40
251 91 43
251 92 39
251 93 38
251 94 0
251 95 41
251 96 41
251 97 43
251 98 40
251 99 0
251 100 50
251 101 36
251 102 33
251 103 35
251 104 30
251 105 16
251 106 45
251 107 38
251 108 47
251 109 40
251 110 41
251 111 48
251 112 44
251 113 43
251 114 41
251 115 60
251 116 0
251 117 31
251 118 40
251 119 34
251 120 31
251 121 41
276 1 39
276 2 39
276 3 41
276 4 45
276 5 40
276 6 45
276 7 39
276 8 39
276 9 0
276 10 0
276 11 0
276 12 39
276 13 40
276 14 38
276 15 35
276 16 39
276 17 42
276 18 47
276 19 47
276 20 0
276 21 0
276 22 0
276 23 41
276 24 39
276 25 40
276 26 0
276 27 40
276 28 34
276 29 48
276 30 38
276 31 0
276 32 0
276 33 0
276 34 38
276 35 40
276 36 42
276 37 0
276 38 28
276 39 39
276 40 39
276 41 49
276 42 40
276 43 0
276 44 0
276 45 0
276 46 0
276 47 40
276 48 39
276 49 37
276 50 31
276 51 37
276 52 37
276 53 35
276 54 0
276 55 0
276 56 0
276 57 0
276 58 38
276 59 31
276 60 38
276 61 37
276 62 40
276 63 36
276 64 35
276 65 41
276 66 40
276 67 0
276 68 0
276 69 39
276 70 41
276 71 40
276 72 43
276 73 36
276 74 50
276 75 42
276 76 37
276 77 41
276 78 0
276 79 0
276 80 0
276 81 35
276 82 41
276 83 44
276 84 37
276 85 41
276 86 33
276 87 46
276 88 42
276 89 47
276 90 40
276 91 41
276 92 43
276 93 44
276 94 0
276 95 37
276 96 37
276 97 35
276 98 36
276 99 0
276 100 46
276 101 38
276 102 39
276 103 41
276 104 30
276 105 18
276 106 49
276 107 35
276 108 40
276 109 48
276 110 38
276 111 49
276 112 40
276 113 40
276 114 40
276 115 49
276 116 0
276 117 39
276 118 44
276 119 31
276 120 36
276 121 41
301 1 40
301 2 38
301 3 44
301 4 35
301 5 41
301 6 39
301 7 43
301 8 40
301 9 0
301 10 0
301 11 0
301 12 39
301 13 40
301 14 38
301 15 34
301 16 41
301 17 38
301 18 40
301 19 35
301 20 0
301 21 0
301 22 0
301 23 41
301 24 35
301 25 38
301 26 0
301 27 40
301 28 35
301 29 41
301 30 39
301 31 0
301 32 0
301 33 0
301 34 39
301 35 39
301 36 39
301 37 0
301 38 34
301 39 43
301 40 33
301 41 40
301 42 33
301 43 0
301 44 0
301 45 0
301 46 0
301 47 39
301 48 41
301 49 37
301 50 28
301 51 40
301 52 39
301 53 40
301 54 0
301 55 0
301 56 0
301 57 0
301 58 41
301 59 32
301 60 32
301 61 40
301 62 38
301 63 43
301 64 39
301 65 40
301 66 51
301 67 0
301 68 0
301 69 43
301 70 39
301 71 41
301 72 39
301 73 43
301 74 50
301 75 43
301 76 39
301 77 38
301 78 0
301 79 0
301 80 0
301 81 37
301 82 38
301 83 40
301 84 38
301 85 52
301 86 35
301 87 41
301 88 37
301 89 45
301 90 40
301 91 39
301 92 40
301 93 37
301 94 0
301 95 42
301 96 41
301 97 42
301 98 42
301 99 0
301 100 44
301 101 40
301 102 37
301 103 33
301 104 28
301 105 11
301 106 43
301 107 40
301 108 40
301 109 42
301 110 40
301 111 47
301 112 41
301 113 47
301 114 38
301 115 52
301 116 0
301 117 34
301 118 38
301 119 29
301 120 40
301 121 38
326 1 34
326 2 40
326 3 46
326 4 40
326 5 41
326 6 45
326 7 42
326 8 45
326 9 0
326 10 0
326 11 0
326 12 40
326 13 45
326 14 39
326 15 34
326 16 40
326 17 41
326 18 40
326 19 39
326 20 0
326 21 0
326 22 0
326 23 44
326 24 36
326 25 33
326 26 0
326 27 40
326 28 35
326 29 44
326 30 40
326 31 0
326 32 0
326 33 0
326 34 38
326 35 32
326 36 41
326 37 0
326 38 30
326 39 44
326 40 36
326 41 42
326 42 39
326 43 0
326 44 0
326 45 0
326 46 0
326 47 45
326 48 38
326 49 40
326 50 31
326 51 43
326 52 36
326 53 40
326 54 0
326 55 0
326 56 0
326 57 0
326 58 40
326 59 36
326 60 40
326 61 41
326 62 38
326 63 42
326 64 42
326 65 43
326 66 40
326 67 0
326 68 0
326 69 45
326 70 40
326 71 35
326 72 38
326 73 42
326 74 50
326 75 34
326 76 40
326 77 40
326 78 0
326 79 0
326 80 0
326 81 30
326 82 40
326 83 37
326 84 37
326 85 50
326 86 31
326 87 39
326 88 40
326 89 41
326 90 41
326 91 43
326 92 41
326 93 35
326 94 0
326 95 34
326 96 43
326 97 42
326 98 37
326 99 0
326 100 49
326 101 42
326 102 29
326 103 40
326 104 34
326 105 19
326 106 39
326 107 37
326 108 36
326 109 45
326 110 38
326 111 44
326 112 41
326 113 40
326 114 43
326 115 53
326 116 0
326 117 39
326 118 45
326 119 31
326 120 40
326 121 40
351 1 43
351 2 42
351 3 46
351 4 43
351 5 40
351 6 49
351 7 41
351 8 35
351 9 0
351 10 0
351 11 0
351 12 39
351 13 38
351 14 38
351 15 35
351 16 41
351 17 39
351 18 43
351 19 40
351 20 0
351 21 0
351 22 0
351 23 41
351 24 32
351 25 40
351 26 0
351 27 41
351 28 35
351 29 42
351 30 40
351 31 0
351 32 0
351 33 0
351 34 51
351 35 40
351 36 50
351 37 0
351 38 34
351 39 40
351 40 40
351 41 36
351 42 40
351 43 0
351 44 0
351 45 0
351 46 0
351 47 47
351 48 38
351 49 41
351 50 34
351 51 39
351 52 40
351 53 37
351 54 0
351 55 0
351 56 0
351 57 0
351 58 35
351 59 30
351 60 38
351 61 41
351 62 40
351 63 44
351 64 40
351 65 39
351 66 38
351 67 0
351 68 0
351 69 40
351 70 39
351 71 45
351 72 40
351 73 39
351 74 50
351 75 31
351 76 41
351 77 40
351 78 0
351 79 0
351 80 0
351 81 30
351 82 36
351 83 41
351 84 41
351 85 48
351 86 30
351 87 40
351 88 40
351 89 48
351 90 31
351 91 38
351 92 37
351 93 43
351 94 0
351 95 39
351 96 40
351 97 41
351 98 37
351 99 0
351 100 37
351 101 40
351 102 31
351 103 39
351 104 35
351 105 15
351 106 41
351 107 37
351 108 40
351 109 40
351 110 47
351 111 50
351 112 41
351 113 37
351 114 41
351 115 46
351 116 0
351 117 41
351 118 46
351 119 30
351 120 30
351 121 37
376 1 43
376 2 40
376 3 44
376 4 40
376 5 39
376 6 41
376 7 41
376 8 44
376 9 0
376 10 0
376 11 0
376 12 44
376 13 42
376 14 31
376 15 36
376 16 40
376 17 39
376 18 39
376 19 40
376 20 0
376 21 0
376 22 0
376 23 38
376 24 32
376 25 40
376 26 0
376 27 44
376 28 31
376 29 45
376 30 41
376 31 0
376 32 0
376 33 0
376 34 41
376 35 47
376 36 41
376 37 0
376 38 32
376 39 41
376 40 35
376 41 41
376 42 36
376 43 0
376 44 0
376 45 0
376 46 0
376 47 42
376 48 39
376 49 42
376 50 38
376 51 40
376 52 40
376 53 43
376 54 0
376 55 0
376 56 0
376 57 0
376 58 41
376 59 33
376 60 37
376 61 40
376 62 37
376 63 43
376 64 42
376 65 42
376 66 51
376 67 0
376 68 0
376 69 41
376 70 34
376 71 40
376 72 41
376 73 39
376 74 49
376 75 34
376 76 31
376 77 31
376 78 0
376 79 0
376 80 0
376 81 41
376 82 40
376 83 51
376 84 45
376 85 50
376 86 38
376 87 41
376 88 40
376 89 44
376 90 35
376 91 40
376 92 40
376 93 36
376 94 0
376 95 37
376 96 45
376 97 41
376 98 39
376 99 0
376 100 41
376 101 42
376 102 31
376 103 42
376 104 31
376 105 15
376 106 40
376 107 39
376 108 40
376 109 42
376 110 38
376 111 48
376 112 45
376 113 40
376 114 34
376 115 51
376 116 0
376 117 40
376 118 40
376 119 35
376 120 42
376 121 39
401 1 37
401 2 40
401 3 39
401 4 47
401 5 44
401 6 42
401 7 40
401 8 39
401 9 0
401 10 0
401 11 0
401 12 40
401 13 39
401 14 30
401 15 25
401 16 43
401 17 40
401 18 37
401 19 48
401 20 0
401 21 0
401 22 0
401 23 41
401 24 35
401 25 40
401 26 0
401 27 37
401 28 35
401 29 40
401 30 40
401 31 0
401 32 0
401 33 0
401 34 47
401 35 38
401 36 45
401 37 0
401 38 38
401 39 41
401 40 40
401 41 44
401 42 38
401 43 0
401 44 0
401 45 0
401 46 0
401 47 39
401 48 31
401 49 43
401 50 31
401 51 42
401 52 41
401 53 39
401 54 0
401 55 0
401 56 0
401 57 0
401 58 39
401 59 37
401 60 40
401 61 39
401 62 42
401 63 39
401 64 40
401 65 40
401 66 50
401 67 0
401 68 0
401 69 40
401 70 33
401 71 40
401 72 43
401 73 40
401 74 51
401 75 44
401 76 36
401 77 38
401 78 0
401 79 0
401 80 0
401 81 35
401 82 38
401 83 40
401 84 41
401 85 43
401 86 36
401 87 45
401 88 37
401 89 40
401 90 36
401 91 37
401 92 39
401 93 44
401 94 0
401 95 40
401 96 47
401 97 35
401 98 36
401 99 0
401 100 48
401 101 42
401 102 38
401 103 42
401 104 34
401 105 10
401 106 38
401 107 36
401 108 39
401 109 44
401 110 38
401 111 48
401 112 40
401 113 41
401 114 38
401 115 51
401 116 0
401 117 37
401 118 40
401 119 27
401 120 40
401 121 36
426 1 38
426 2 45
426 3 39
426 4 44
426 5 38
426 6 43
426 7 42
426 8 40
426 9 0
426 10 0
426 11 0
426 12 43
426 13 42
426 14 34
426 15 30
426 16 39
426 17 38
426 18 41
426 19 43
426 20 0
426 21 0
426 22 0
426 23 42
426 24 39
426 25 41
426 26 0
426 27 33
426 28 30
426 29 41
426 30 35
426 31 0
426 32 0
426 33 0
426 34 41
426 35 48
426 36 41
426 37 0
426 38 40
426 39 38
426 40 36
426 41 42
426 42 35
426 43 0
426 44 0
426 45 0
426 46 0
426 47 42
426 48 37
426 49 40
426 50 31
426 51 35
426 52 39
426 53 39
426 54 0
426 55 0
426 56 0
426 57 0
426 58 35
426 59 36
426 60 40
426 61 37
426 62 41
426 63 43
426 64 40
426 65 40
426 66 42
426 67 0
426 68 0
426 69 45
426 70 42
426 71 39
426 72 48
426 73 38
426 74 50
426 75 39
426 76 41
426 77 39
426 78 0
426 79 0
426 80 0
426 81 35
426 82 42
426 83 47
426 84 40
426 85 47
426 86 36
426 87 40
426 88 40
426 89 39
426 90 39
426 91 40
426 92 40
426 93 40
426 94 0
426 95 44
426 96 43
426 97 38
426 98 41
426 99 0
426 100 49
426 101 39
426 102 32
426 103 42
426 104 30
426 105 8
426 106 41
426 107 38
426 108 41
426 109 39
426 110 41
426 111 47
426 112 44
426 113 41
426 114 41
426 115 50
426 116 0
426 117 31
426 118 40
426 119 33
426 120 40
426 121 42
451 1 42
451 2 42
451 3 38
451 4 41
451 5 40
451 6 40
451 7 39
451 8 45
451 9 0
451 10 0
451 11 0
451 12 41
451 13 41
451 14 38
451 15 32
451 16 44
451 17 36
451 18 33
451 19 44
451 20 0
451 21 0
451 22 0
451 23 46
451 24 41
451 25 35
451 26 0
451 27 38
451 28 38
451 29 40
451 30 32
451 31 0
451 32 0
451 33 0
451 34 40
451 35 42
451 36 40
451 37 0
451 38 40
451 39 41
451 40 40
451 41 44
451 42 39
451 43 0
451 44 0
451 45 0
451 46 0
451 47 39
451 48 40
451 49 33
451 50 31
451 51 40
451 52 40
451 53 37
451 54 0
451 55 0
451 56 0
451 57 0
451 58 33
451 59 29
451 60 35
451 61 41
451 62 33
451 63 42
451 64 37
451 65 44
451 66 46
451 67 0
451 68 0
451 69 39
451 70 40
451 71 33
451 72 40
451 73 40
451 74 54
451 75 39
451 76 42
451 77 39
451 78 0
451 79 0
451 80 0
451 81 29
451 82 42
451 83 41
451 84 41
451 85 43
451 86 30
451 87 41
451 88 37
451 89 42
451 90 38
451 91 40
451 92 35
451 93 48
451 94 0
451 95 37
451 96 44
451 97 31
451 98 42
451 99 0
451 100 51
451 101 39
451 102 32
451 103 41
451 104 32
451 105 20
451 106 42
451 107 38
451 108 43
451 109 38
451 110 39
451 111 44
451 112 40
451 113 42
451 114 48
451 115 51
451 116 0
451 117 37
451 118 40
451 119 34
451 120 39
451 121 41
476 1 43
476 2 45
476 3 47
476 4 40
476 5 45
476 6 42
476 7 36
476 8 41
476 9 0
476 10 0
476 11 0
476 12 36
476 13 41
476 14 40
476 15 33
476 16 43
476 17 40
476 18 40
476 19 43
476 20 0
476 21 0
476 22 0
476 23 36
476 24 39
476 25 46
476 26 0
476 27 40
476 28 38
476 29 45
476 30 40
476 31 0
476 32 0
476 33 0
476 34 42
476 35 41
476 36 41
476 37 0
476 38 35
476 39 43
476 40 40
476 41 39
476 42 30
476 43 0
476 44 0
476 45 0
476 46 0
476 47 41
476 48 31
476 49 40
476 50 28
476 51 40
476 52 40
476 53 39
476 54 0
476 55 0
476 56 0
476 57 0
476 58 40
476 59 39
476 60 40
476 61 40
476 62 36
476 63 44
476 64 39
476 65 40
476 66 44
476 67 0
476 68 0
476 69 39
476 70 36
476 71 39
476 72 39
476 73 42
476 74 51
476 75 32
476 76 37
476 77 37
476 78 0
476 79 0
476 80 0
476 81 27
476 82 41
476 83 37
476 84 38
476 85 40
476 86 40
476 87 40
476 88 42
476 89 39
476 90 29
476 91 37
476 92 34
476 93 45
476 94 0
476 95 40
476 96 41
476 97 43
476 98 40
476 99 0
476 100 48
476 101 40
476 102 30
476 103 34
476 104 31
476 105 14
476 106 38
476 107 36
476 108 42
476 109 39
476 110 40
476 111 49
476 112 48
476 113 38
476 114 41
476 115 56
476 116 0
476 117 40
476 118 39
476 119 34
476 120 40
476 121 39
501 1 39
501 2 38
501 3 41
501 4 39
501 5 38
501 6 41
501 7 42
501 8 41
501 9 0
501 10 0
501 11 0
501 12 37
501 13 38
501 14 33
501 15 39
501 16 42
501 17 40
501 18 37
501 19 52
501 20 0
501 21 0
501 22 0
501 23 41
501 24 36
501 25 41
501 26 0
501 27 39
501 28 32
501 29 40
501 30 40
501 31 0
501 32 0
501 33 0
501 34 39
501 35 38
501 36 40
501 37 0
501 38 37
501 39 42
501 40 38
501 41 45
501 42 39
501 43 0
501 44 0
501 45 0
501 46 0
501 47 45
501 48 36
501 49 41
501 50 32
501 51 39
501 52 39
501 53 39
501 54 0
501 55 0
501 56 0
501 57 0
501 58 33
501 59 32
501 60 40
501 61 40
501 62 36
501 63 37
501 64 40
501 65 48
501 66 39
501 67 0
501 68 0
501 69 40
501 70 41
501 71 42
501 72 39
501 73 39
501 74 46
501 75 38
501 76 42
501 77 39
501 78 0
501 79 0
501 80 0
501 81 36
501 82 40
501 83 38
501 84 38
501 85 49
501 86 29
501 87 38
501 88 40
501 89 40
501 90 40
501 91 39
501 92 40
501 93 42
501 94 0
501 95 40
501 96 40
501 97 40
501 98 37
501 99 0
501 100 43
501 101 34
501 102 34
501 103 41
501 104 38
501 105 22
501 106 42
501 107 35
501 108 34
501 109 50
501 110 34
501 111 50
501 112 43
501 113 39
501 114 35
501 115 51
501 116 0
501 117 40
501 118 40
501 119 30
501 120 41
501 121 35
526 1 42
526 2 40
526 3 47
526 4 37
526 5 39
526 6 41
526 7 40
526 8 40
526 9 0
526 10 0
526 11 0
526 12 41
526 13 39
526 14 36
526 15 31
526 16 38
526 17 39
526 18 44
526 19 40
526 20 0
526 21 0
526 22 0
526 23 39
526 24 41
526 25 36
526 26 0
526 27 39
526 28 40
526 29 42
526 30 43
526 31 0
526 32 0
526 33 0
526 34 40
526 35 41
526 36 41
526 37 0
526 38 38
526 39 41
526 40 35
526 41 49
526 42 37
526 43 0
526 44 0
526 45 0
526 46 0
526 47 42
526 48 38
526 49 41
526 50 40
526 51 39
526 52 38
526 53 36
526 54 0
526 55 0
526 56 0
526 57 0
526 58 33
526 59 37
526 60 40
526 61 37
526 62 42
526 63 40
526 64 47
526 65 41
526 66 43
526 67 0
526 68 0
526 69 43
526 70 42
526 71 39
526 72 42
526 73 44
526 74 49
526 75 41
526 76 37
526 77 37
526 78 0
526 79 0
526 80 0
526 81 34
526 82 37
526 83 41
526 84 38
526 85 45
526 86 35
526 87 44
526 88 39
526 89 41
526 90 40
526 91 41
526 92 40
526 93 49
526 94 0
526 95 45
526 96 44
526 97 41
526 98 36
526 99 0
526 100 43
526 101 39
526 102 30
526 103 39
526 104 31
526 105 12
526 106 41
526 107 40
526 108 46
526 109 40
526 110 39
526 111 47
526 112 40
526 113 40
526 114 40
526 115 45
526 116 0
526 117 40
526 118 40
526 119 34
526 120 40
526 121 44
551 1 35
551 2 49
551 3 41
551 4 39
551 5 40
551 6 40
551 7 39
551 8 50
551 9 0
551 10 0
551 11 0
551 12 41
551 13 42
551 14 30
551 15 32
551 16 42
551 17 37
551 18 36
551 19 44
551 20 0
551 21 0
551 22 0
551 23 45
551 24 34
551 25 39
551 26 0
551 27 36
551 28 31
551 29 49
551 30 39
551 31 0
551 32 0
551 33 0
551 34 49
551 35 40
551 36 37
551 37 0
551 38 35
551 39 40
551 40 37
551 41 42
551 42 36
551 43 0
551 44 0
551 45 0
551 46 0
551 47 37
551 48 40
551 49 40
551 50 32
551 51 40
551 52 41
551 53 42
551 54 0
551 55 0
551 56 0
551 57 0
551 58 38
551 59 36
551 60 35
551 61 38
551 62 36
551 63 44
551 64 36
551 65 42
551 66 41
551 67 0
551 68 0
551 69 41
551 70 41
551 71 31
551 72 49
551 73 43
551 74 49
551 75 42
551 76 39
551 77 44
551 78 0
551 79 0
551 80 0
551 81 40
551 82 39
551 83 40
551 84 46
551 85 45
551 86 30
551 87 44
551 88 37
551 89 37
551 90 42
551 91 37
551 92 40
551 93 39
551 94 0
551 95 45
551 96 40
551 97 42
551 98 41
551 99 0
551 100 49
551 101 43
551 102 34
551 103 36
551 104 29
551 105 19
551 106 39
551 107 37
551 108 41
551 109 42
551 110 43
551 111 39
551 112 41
551 113 43
551 114 39
551 115 49
551 116 0
551 117 31
551 118 41
551 119 35
551 120 40
551 121 43
576 1 43
576 2 40
576 3 38
576 4 39
576 5 44
576 6 40
576 7 31
576 8 42
576 9 0
576 10 0
576 11 0
576 12 41
576 13 41
576 14 36
576 15 33
576 16 41
576 17 39
576 18 40
576 19 40
576 20 0
576 21 0
576 22 0
576 23 40
576 24 38
576 25 42
576 26 0
576 27 41
576 28 38
576 29 40
576 30 40
576 31 0
576 32 0
576 33 0
576 34 45
576 35 40
576 36 37
576 37 0
576 38 40
576 39 39
576 40 40
576 41 41
576 42 38
576 43 0
576 44 0
576 45 0
576 46 0
576 47 40
576 48 37
576 49 43
576 50 37
576 51 39
576 52 41
576 53 39
576 54 0
576 55 0
576 56 0
576 57 0
576 58 38
576 59 36
576 60 43
576 61 40
576 62 43
576 63 44
576 64 36
576 65 42
576 66 49
576 67 0
576 68 0
576 69 41
576 70 39
576 71 40
576 72 39
576 73 38
576 74 59
576 75 37
576 76 40
576 77 44
576 78 0
576 79 0
576 80 0
576 81 30
576 82 40
576 83 38
576 84 36
576 85 41
576 86 32
576 87 41
576 88 36
576 89 40
576 90 40
576 91 40
576 92 39
576 93 42
576 94 0
576 95 41
576 96 42
576 97 40
576 98 38
576 99 0
576 100 51
576 101 40
576 102 28
576 103 42
576 104 33
576 105 12
576 106 39
576 107 37
576 108 37
576 109 45
576 110 38
576 111 50
576 112 41
576 113 39
576 114 42
576 115 55
576 116 0
576 117 40
576 118 36
576 119 33
576 120 35
576 121 41
601 1 46
601 2 39
601 3 41
601 4 45
601 5 40
601 6 41
601 7 42
601 8 40
601 9 0
601 10 0
601 11 0
601 12 40
601 13 50
601 14 34
601 15 29
601 16 43
601 17 39
601 18 40
601 19 41
601 20 0
601 21 0
601 22 0
601 23 40
601 24 40
601 25 38
601 26 0
601 27 41
601 28 35
601 29 45
601 30 40
601 31 0
601 32 0
601 33 0
601 34 42
601 35 43
601 36 47
601 37 0
601 38 38
601 39 37
601 40 37
601 41 37
601 42 40
601 43 0
601 44 0
601 45 0
601 46 0
601 47 40
601 48 33
601 49 40
601 50 30
601 51 42
601 52 40
601 53 42
601 54 0
601 55 0
601 56 0
601 57 0
601 58 43
601 59 40
601 60 39
601 61 36
601 62 40
601 63 40
601 64 40
601 65 38
601 66 41
601 67 0
601 68 0
601 69 38
601 70 39
601 71 40
601 72 41
601 73 42
601 74 51
601 75 40
601 76 40
601 77 39
601 78 0
601 79 0
601 80 0
601 81 32
601 82 42
601 83 40
601 84 36
601 85 39
601 86 26
601 87 40
601 88 42
601 89 37
601 90 41
601 91 42
601 92 38
601 93 40
601 94 0
601 95 42
601 96 45
601 97 37
601 98 34
601 99 0
601 100 48
601 101 45
601 102 34
601 103 40
601 104 37
601 105 14
601 106 37
601 107 41
601 108 39
601 109 41
601 110 40
601 111 50
601 112 44
601 113 40
601 114 40
601 115 49
601 116 0
601 117 34
601 118 48
601 119 35
601 120 34
601 121 42
626 1 40
626 2 40
626 3 41
626 4 41
626 5 40
626 6 42
626 7 41
626 8 40
626 9 0
626 10 0
626 11 0
626 12 39
626 13 41
626 14 31
626 15 35
626 16 43
626 17 42
626 18 40
626 19 42
626 20 0
626 21 0
626 22 0
626 23 39
626 24 39
626 25 34
626 26 0
626 27 40
626 28 37
626 29 45
626 30 40
626 31 0
626 32 0
626 33 0
626 34 38
626 35 40
626 36 45
626 37 0
626 38 39
626 39 42
626 40 38
626 41 41
626 42 38
626 43 0
626 44 0
626 45 0
626 46 0
626 47 40
626 48 33
626 49 37
626 50 32
626 51 37
626 52 38
626 53 35
626 54 0
626 55 0
626 56 0
626 57 0
626 58 36
626 59 31
626 60 38
626 61 41
626 62 41
626 63 43
626 64 43
626 65 44
626 66 39
626 67 0
626 68 0
626 69 48
626 70 41
626 71 35
626 72 40
626 73 36
626 74 51
626 75 40
626 76 40
626 77 41
626 78 0
626 79 0
626 80 0
626 81 35
626 82 42
626 83 40
626 84 38
626 85 41
626 86 30
626 87 40
626 88 40
626 89 45
626 90 40
626 91 36
626 92 41
626 93 36
626 94 0
626 95 40
626 96 46
626 97 33
626 98 39
626 99 0
626 100 40
626 101 39
626 102 32
626 103 39
626 104 28
626 105 10
626 106 40
626 107 35
626 108 37
626 109 42
626 110 39
626 111 41
626 112 46
626 113 42
626 114 39
626 115 50
626 116 0
626 117 37
626 118 40
626 119 34
626 120 40
626 121 40
651 1 41
651 2 35
651 3 40
651 4 37
651 5 41
651 6 48
651 7 35
651 8 37
651 9 0
651 10 0
651 11 0
651 12 43
651 13 41
651 14 35
651 15 35
651 16 39
651 17 38
651 18 40
651 19 38
651 20 0
651 21 0
651 22 0
651 23 44
651 24 38
651 25 42
651 26 0
651 27 40
651 28 39
651 29 41
651 30 38
651 31 0
651 32 0
651 33 0
651 34 41
651 35 42
651 36 41
651 37 0
651 38 34
651 39 36
651 40 35
651 41 35
651 42 39
651 43 0
651 44 0
651 45 0
651 46 0
651 47 41
651 48 34
651 49 39
651 50 29
651 51 42
651 52 40
651 53 37
651 54 0
651 55 0
651 56 0
651 57 0
651 58 35
651 59 30
651 60 37
651 61 37
651 62 39
651 63 40
651 64 38
651 65 43
651 66 41
651 67 0
651 68 0
651 69 46
651 70 40
651 71 42
651 72 43
651 73 44
651 74 50
651 75 35
651 76 38
651 77 38
651 78 0
651 79 0
651 80 0
651 81 34
651 82 46
651 83 41
651 84 40
651 85 47
651 86 35
651 87 38
651 88 42
651 89 50
651 90 39
651 91 42
651 92 36
651 93 40
651 94 0
651 95 42
651 96 41
651 97 37
651 98 40
651 99 0
651 100 50
651 101 40
651 102 38
651 103 40
651 104 37
651 105 12
651 106 43
651 107 39
651 108 43
651 109 39
651 110 40
651 111 50
651 112 43
651 113 41
651 114 34
651 115 53
651 116 0
651 117 44
651 118 29
651 119 36
651 120 40
651 121 40
676 1 48
676 2 41
676 3 45
676 4 41
676 5 40
676 6 40
676 7 42
676 8 40
676 9 0
676 10 0
676 11 0
676 12 41
676 13 38
676 14 33
676 15 38
676 16 42
676 17 40
676 18 33
676 19 37
676 20 0
676 21 0
676 22 0
676 23 41
676 24 38
676 25 40
676 26 0
676 27 41
676 28 30
676 29 48
676 30 41
676 31 0
676 32 0
676 33 0
676 34 38
676 35 47
676 36 41
676 37 0
676 38 29
676 39 38
676 40 30
676 41 45
676 42 36
676 43 0
676 44 0
676 45 0
676 46 0
676 47 37
676 48 33
676 49 42
676 50 28
676 51 38
676 52 41
676 53 40
676 54 0
676 55 0
676 56 0
676 57 0
676 58 32
676 59 37
676 60 37
676 61 41
676 62 39
676 63 42
676 64 38
676 65 38
676 66 46
676 67 0
676 68 0
676 69 40
676 70 40
676 71 40
676 72 42
676 73 46
676 74 53
676 75 38
676 76 30
676 77 40
676 78 0
676 79 0
676 80 0
676 81 30
676 82 45
676 83 41
676 84 39
676 85 50
676 86 36
676 87 40
676 88 35
676 89 38
676 90 30
676 91 41
676 92 39
676 93 44
676 94 0
676 95 40
676 96 40
676 97 41
676 98 38
676 99 0
676 100 44
676 101 41
676 102 39
676 103 40
676 104 29
676 105 19
676 106 44
676 107 39
676 108 38
676 109 44
676 110 38
676 111 44
676 112 39
676 113 42
676 114 40
676 115 50
676 116 0
676 117 34
676 118 40
676 119 30
676 120 39
676 121 41
701 1 40
701 2 39
701 3 43
701 4 40
701 5 40
701 6 43
701 7 40
701 8 40
701 9 0
701 10 0
701 11 0
701 12 44
701 13 38
701 14 39
701 15 37
701 16 44
701 17 38
701 18 42
701 19 40
701 20 0
701 21 0
701 22 0
701 23 41
701 24 40
701 25 40
701 26 0
701 27 42
701 28 36
701 29 51
701 30 41
701 31 0
701 32 0
701 33 0
701 34 41
701 35 42
701 36 39
701 37 0
701 38 38
701 39 40
701 40 34
701 41 41
701 42 43
701 43 0
701 44 0
701 45 0
701 46 0
701 47 43
701 48 32
701 49 39
701 50 31
701 51 43
701 52 40
701 53 39
701 54 0
701 55 0
701 56 0
701 57 0
701 58 39
701 59 40
701 60 38
701 61 34
701 62 36
701 63 41
701 64 45
701 65 43
701 66 38
701 67 0
701 68 0
701 69 45
701 70 41
701 71 43
701 72 39
701 73 40
701 74 49
701 75 26
701 76 35
701 77 40
701 78 0
701 79 0
701 80 0
701 81 33
701 82 36
701 83 39
701 84 49
701 85 47
701 86 40
701 87 43
701 88 39
701 89 43
701 90 42
701 91 41
701 92 40
701 93 41
701 94 0
701 95 40
701 96 43
701 97 41
701 98 42
701 99 0
701 100 46
701 101 40
701 102 33
701 103 39
701 104 32
701 105 16
701 106 41
701 107 36
701 108 42
701 109 42
701 110 40
701 111 41
701 112 42
701 113 37
701 114 39
701 115 49
701 116 0
701 117 41
701 118 45
701 119 31
701 120 37
701 121 37
726 1 37
726 2 44
726 3 38
726 4 38
726 5 42
726 6 40
726 7 40
726 8 40
726 9 0
726 10 0
726 11 0
726 12 39
726 13 40
726 14 33
726 15 31
726 16 41
726 17 38
726 18 42
726 19 46
726 20 0
726 21 0
726 22 0
726 23 40
726 24 41
726 25 38
726 26 0
726 27 40
726 28 40
726 29 43
726 30 45
726 31 0
726 32 0
726 33 0
726 34 41
726 35 40
726 36 40
726 37 0
726 38 37
726 39 37
726 40 40
726 41 40
726 42 40
726 43 0
726 44 0
726 45 0
726 46 0
726 47 43
726 48 40
726 49 39
726 50 30
726 51 39
726 52 40
726 53 43
726 54 0
726 55 0
726 56 0
726 57 0
726 58 40
726 59 42
726 60 35
726 61 39
726 62 39
726 63 40
726 64 38
726 65 40
726 66 38
726 67 0
726 68 0
726 69 41
726 70 42
726 71 36
726 72 44
726 73 41
726 74 55
726 75 38
726 76 36
726 77 40
726 78 0
726 79 0
726 80 0
726 81 31
726 82 39
726 83 38
726 84 44
726 85 47
726 86 31
726 87 47
726 88 38
726 89 38
726 90 42
726 91 47
726 92 41
726 93 41
726 94 0
726 95 39
726 96 43
726 97 40
726 98 37
726 99 0
726 100 51
726 101 40
726 102 40
726 103 48
726 104 31
726 105 13
726 106 42
726 107 42
726 108 40
726 109 42
726 110 42
726 111 44
726 112 39
726 113 40
726 114 35
726 115 50
726 116 0
726 117 40
726 118 37
726 119 39
726 120 39
726 121 40
751 1 39
751 2 42
751 3 38
751 4 38
751 5 33
751 6 38
751 7 39
751 8 40
751 9 0
751 10 0
751 11 0
751 12 36
751 13 41
751 14 32
751 15 30
751 16 43
751 17 41
751 18 38
751 19 40
751 20 0
751 21 0
751 22 0
751 23 40
751 24 39
751 25 38
751 26 0
751 27 41
751 28 30
751 29 49
751 30 40
751 31 0
751 32 0
751 33 0
751 34 40
751 35 46
751 36 48
751 37 0
751 38 34
751 39 38
751 40 35
751 41 40
751 42 38
751 43 0
751 44 0
751 45 0
751 46 0
751 47 41
751 48 36
751 49 39
751 50 27
751 51 39
751 52 34
751 53 40
751 54 0
751 55 0
751 56 0
751 57 0
751 58 39
751 59 35
751 60 30
751 61 42
751 62 36
751 63 40
751 64 34
751 65 48
751 66 39
751 67 0
751 68 0
751 69 40
751 70 40
751 71 39
751 72 42
751 73 39
751 74 50
751 75 38
751 76 39
751 77 38
751 78 0
751 79 0
751 80 0
751 81 31
751 82 45
751 83 37
751 84 39
751 85 44
751 86 29
751 87 42
751 88 36
751 89 40
751 90 37
751 91 42
751 92 40
751 93 41
751 94 0
751 95 40
751 96 49
751 97 40
751 98 39
751 99 0
751 100 50
751 101 40
751 102 36
751 103 40
751 104 30
751 105 11
751 106 40
751 107 36
751 108 39
751 109 50
751 110 40
751 111 50
751 112 40
751 113 41
751 114 41
751 115 47
751 116 0
751 117 39
751 118 41
751 119 39
751 120 39
751 121 40
776 1 40
776 2 38
776 3 42
776 4 40
776 5 41
776 6 49
776 7 45
776 8 40
776 9 0
776 10 0
776 11 0
776 12 39
776 13 43
776 14 37
776 15 29
776 16 43
776 17 42
776 18 38
776 19 40
776 20 0
776 21 0
776 22 0
776 23 44
776 24 44
776 25 40
776 26 0
776 27 41
776 28 43
776 29 42
776 30 42
776 31 0
776 32 0
776 33 0
776 34 39
776 35 40
776 36 39
776 37 0
776 38 38
776 39 38
776 40 39
776 41 40
776 42 40
776 43 0
776 44 0
776 45 0
776 46 0
776 47 40
776 48 34
776 49 42
776 50 30
776 51 40
776 52 39
776 53 37
776 54 0
776 55 0
776 56 0
776 57 0
776 58 39
776 59 32
776 60 42
776 61 41
776 62 42
776 63 39
776 64 41
776 65 41
776 66 40
776 67 0
776 68 0
776 69 40
776 70 40
776 71 40
776 72 48
776 73 40
776 74 45
776 75 38
776 76 40
776 77 40
776 78 0
776 79 0
776 80 0
776 81 32
776 82 41
776 83 43
776 84 40
776 85 51
776 86 36
776 87 40
776 88 39
776 89 43
776 90 39
776 91 41
776 92 30
776 93 43
776 94 0
776 95 42
776 96 39
776 97 45
776 98 33
776 99 0
776 100 45
776 101 42
776 102 38
776 103 39
776 104 35
776 105 12
776 106 51
776 107 37
776 108 40
776 109 42
776 110 40
776 111 47
776 112 40
776 113 40
776 114 40
776 115 51
776 116 0
776 117 36
776 118 40
776 119 31
776 120 36
776 121 38
801 1 40
801 2 34
801 3 46
801 4 41
801 5 46
801 6 43
801 7 41
801 8 41
801 9 0
801 10 0
801 11 0
801 12 45
801 13 42
801 14 35
801 15 38
801 16 40
801 17 39
801 18 39
801 19 40
801 20 0
801 21 0
801 22 0
801 23 38
801 24 32
801 25 38
801 26 0
801 27 41
801 28 30
801 29 48
801 30 38
801 31 0
801 32 0
801 33 0
801 34 38
801 35 39
801 36 43
801 37 0
801 38 40
801 39 40
801 40 35
801 41 42
801 42 38
801 43 0
801 44 0
801 45 0
801 46 0
801 47 40
801 48 38
801 49 41
801 50 34
801 51 43
801 52 38
801 53 41
801 54 0
801 55 0
801 56 0
801 57 0
801 58 34
801 59 30
801 60 31
801 61 38
801 62 41
801 63 40
801 64 38
801 65 41
801 66 42
801 67 0
801 68 0
801 69 45
801 70 38
801 71 40
801 72 40
801 73 43
801 74 42
801 75 38
801 76 42
801 77 41
801 78 0
801 79 0
801 80 0
801 81 38
801 82 43
801 83 42
801 84 39
801 85 38
801 86 39
801 87 40
801 88 41
801 89 37
801 90 40
801 91 41
801 92 40
801 93 38
801 94 0
801 95 42
801 96 45
801 97 39
801 98 39
801 99 0
801 100 44
801 101 46
801 102 32
801 103 38
801 104 28
801 105 15
801 106 37
801 107 41
801 108 38
801 109 41
801 110 46
801 111 50
801 112 39
801 113 40
801 114 44
801 115 53
801 116 0
801 117 39
801 118 35
801 119 36
801 120 39
801 121 37
826 1 40
826 2 42
826 3 40
826 4 42
826 5 41
826 6 42
826 7 39
826 8 42
826 9 0
826 10 0
826 11 0
826 12 43
826 13 39
826 14 38
826 15 26
826 16 39
826 17 39
826 18 38
826 19 39
826 20 0
826 21 0
826 22 0
826 23 40
826 24 38
826 25 30
826 26 0
826 27 39
826 28 39
826 29 40
826 30 41
826 31 0
826 32 0
826 33 0
826 34 41
826 35 37
826 36 42
826 37 0
826 38 40
826 39 43
826 40 38
826 41 42
826 42 39
826 43 0
826 44 0
826 45 0
826 46 0
826 47 43
826 48 46
826 49 39
826 50 32
826 51 41
826 52 38
826 53 37
826 54 0
826 55 0
826 56 0
826 57 0
826 58 36
826 59 37
826 60 36
826 61 40
826 62 39
826 63 42
826 64 44
826 65 43
826 66 40
826 67 0
826 68 0
826 69 40
826 70 44
826 71 38
826 72 37
826 73 43
826 74 52
826 75 34
826 76 34
826 77 39
826 78 0
826 79 0
826 80 0
826 81 36
826 82 39
826 83 42
826 84 40
826 85 42
826 86 37
826 87 40
826 88 41
826 89 50
826 90 40
826 91 39
826 92 38
826 93 39
826 94 0
826 95 41
826 96 43
826 97 40
826 98 40
826 99 0
826 100 44
826 101 40
826 102 41
826 103 37
826 104 37
826 105 10
826 106 41
826 107 35
826 108 40
826 109 39
826 110 31
826 111 43
826 112 41
826 113 41
826 114 36
826 115 55
826 116 0
826 117 36
826 118 40
826 119 31
826 120 36
826 121 43
851 1 41
851 2 44
851 3 40
851 4 42
851 5 41
851 6 40
851 7 42
851 8 41
851 9 0
851 10 0
851 11 0
851 12 42
851 13 41
851 14 40
851 15 31
851 16 40
851 17 43
851 18 41
851 19 39
851 20 0
851 21 0
851 22 0
851 23 40
851 24 38
851 25 40
851 26 0
851 27 37
851 28 40
851 29 47
851 30 44
851 31 0
851 32 0
851 33 0
851 34 36
851 35 44
851 36 40
851 37 0
851 38 40
851 39 40
851 40 40
851 41 40
851 42 41
851 43 0
851 44 0
851 45 0
851 46 0
851 47 39
851 48 40
851 49 41
851 50 30
851 51 40
851 52 41
851 53 41
851 54 0
851 55 0
851 56 0
851 57 0
851 58 36
851 59 31
851 60 35
851 61 39
851 62 38
851 63 41
851 64 37
851 65 39
851 66 40
851 67 0
851 68 0
851 69 40
851 70 42
851 71 41
851 72 40
851 73 36
851 74 48
851 75 48
851 76 41
851 77 34
851 78 0
851 79 0
851 80 0
851 81 31
851 82 40
851 83 39
851 84 42
851 85 52
851 86 31
851 87 40
851 88 42
851 89 42
851 90 38
851 91 40
851 92 38
851 93 42
851 94 0
851 95 42
851 96 39
851 97 42
851 98 38
851 99 0
851 100 47
851 101 41
851 102 33
851 103 36
851 104 33
851 105 10
851 106 40
851 107 41
851 108 44
851 109 46
851 110 38
851 111 52
851 112 39
851 113 42
851 114 40
851 115 49
851 116 0
851 117 39
851 118 39
851 119 34
851 120 43
851 121 45
876 1 41
876 2 40
876 3 41
876 4 40
876 5 42
876 6 36
876 7 38
876 8 40
876 9 0
876 10 0
876 11 0
876 12 39
876 13 50
876 14 30
876 15 30
876 16 43
876 17 45
876 18 40
876 19 48
876 20 0
876 21 0
876 22 0
876 23 43
876 24 39
876 25 41
876 26 0
876 27 40
876 28 40
876 29 40
876 30 41
876 31 0
876 32 0
876 33 0
876 34 40
876 35 44
876 36 40
876 37 0
876 38 40
876 39 39
876 40 38
876 41 38
876 42 36
876 43 0
876 44 0
876 45 0
876 46 0
876 47 40
876 48 38
876 49 38
876 50 31
876 51 38
876 52 41
876 53 42
876 54 0
876 55 0
876 56 0
876 57 0
876 58 42
876 59 36
876 60 45
876 61 40
876 62 36
876 63 40
876 64 45
876 65 42
876 66 38
876 67 0
876 68 0
876 69 40
876 70 41
876 71 37
876 72 40
876 73 39
876 74 47
876 75 40
876 76 33
876 77 37
876 78 0
876 79 0
876 80 0
876 81 31
876 82 41
876 83 40
876 84 47
876 85 49
876 86 28
876 87 39
876 88 41
876 89 39
876 90 43
876 91 38
876 92 34
876 93 39
876 94 0
876 95 47
876 96 41
876 97 40
876 98 38
876 99 0
876 100 46
876 101 41
876 102 42
876 103 47
876 104 30
876 105 14
876 106 41
876 107 38
876 108 43
876 109 43
876 110 39
876 111 46
876 112 36
876 113 39
876 114 41
876 115 51
876 116 0
876 117 38
876 118 44
876 119 33
876 120 39
876 121 38
901 1 39
901 2 41
901 3 43
901 4 40
901 5 40
901 6 43
901 7 47
901 8 40
901 9 0
901 10 0
901 11 0
901 12 37
901 13 42
901 14 35
901 15 39
901 16 38
901 17 41
901 18 38
901 19 38
901 20 0
901 21 0
901 22 0
901 23 48
901 24 41
901 25 34
901 26 0
901 27 42
901 28 40
901 29 40
901 30 40
901 31 0
901 32 0
901 33 0
901 34 41
901 35 37
901 36 43
901 37 0
901 38 42
901 39 39
901 40 36
901 41 41
901 42 37
901 43 0
901 44 0
901 45 0
901 46 0
901 47 45
901 48 42
901 49 42
901 50 29
901 51 34
901 52 40
901 53 41
901 54 0
901 55 0
901 56 0
901 57 0
901 58 34
901 59 28
901 60 35
901 61 44
901 62 39
901 63 40
901 64 42
901 65 41
901 66 39
901 67 0
901 68 0
901 69 41
901 70 41
901 71 41
901 72 38
901 73 40
901 74 50
901 75 37
901 76 41
901 77 47
901 78 0
901 79 0
901 80 0
901 81 36
901 82 44
901 83 40
901 84 42
901 85 37
901 86 35
901 87 42
901 88 43
901 89 39
901 90 39
901 91 41
901 92 37
901 93 42
901 94 0
901 95 40
901 96 41
901 97 35
901 98 36
901 99 0
901 100 47
901 101 40
901 102 38
901 103 41
901 104 30
901 105 11
901 106 36
901 107 38
901 108 36
901 109 40
901 110 42
901 111 50
901 112 41
901 113 42
901 114 38
901 115 54
901 116 0
901 117 43
901 118 40
901 119 31
901 120 41
901 121 41
926 1 47
926 2 40
926 3 44
926 4 41
926 5 42
926 6 40
926 7 40
926 8 40
926 9 0
926 10 0
926 11 0
926 12 41
926 13 38
926 14 36
926 15 30
926 16 41
926 17 37
926 18 39
926 19 40
926 20 0
926 21 0
926 22 0
926 23 41
926 24 44
926 25 41
926 26 0
926 27 39
926 28 33
926 29 44
926 30 39
926 31 0
926 32 0
926 33 0
926 34 39
926 35 37
926 36 40
926 37 0
926 38 36
926 39 42
926 40 38
926 41 41
926 42 39
926 43 0
926 44 0
926 45 0
926 46 0
926 47 44
926 48 32
926 49 38
926 50 27
926 51 38
926 52 36
926 53 39
926 54 0
926 55 0
926 56 0
926 57 0
926 58 41
926 59 34
926 60 39
926 61 43
926 62 37
926 63 40
926 64 47
926 65 40
926 66 41
926 67 0
926 68 0
926 69 41
926 70 37
926 71 43
926 72 48
926 73 39
926 74 55
926 75 29
926 76 38
926 77 41
926 78 0
926 79 0
926 80 0
926 81 38
926 82 44
926 83 40
926 84 37
926 85 49
926 86 34
926 87 41
926 88 41
926 89 44
926 90 34
926 91 37
926 92 38
926 93 42
926 94 0
926 95 37
926 96 42
926 97 38
926 98 36
926 99 0
926 100 41
926 101 41
926 102 34
926 103 38
926 104 30
926 105 14
926 106 49
926 107 40
926 108 41
926 109 43
926 110 39
926 111 48
926 112 45
926 113 44
926 114 43
926 115 50
926 116 0
926 117 40
926 118 40
926 119 38
926 120 36
926 121 40
951 1 39
951 2 36
951 3 41
951 4 38
951 5 40
951 6 41
951 7 40
951 8 40
951 9 0
951 10 0
951 11 0
951 12 37
951 13 40
951 14 35
951 15 30
951 16 38
951 17 41
951 18 40
951 19 46
951 20 0
951 21 0
951 22 0
951 23 40
951 24 41
951 25 38
951 26 0
951 27 41
951 28 30
951 29 40
951 30 40
951 31 0
951 32 0
951 33 0
951 34 45
951 35 40
951 36 39
951 37 0
951 38 39
951 39 38
951 40 41
951 41 40
951 42 35
951 43 0
951 44 0
951 45 0
951 46 0
951 47 40
951 48 40
951 49 41
951 50 33
951 51 43
951 52 41
951 53 32
951 54 0
951 55 0
951 56 0
951 57 0
951 58 41
951 59 30
951 60 30
951 61 43
951 62 39
951 63 39
951 64 40
951 65 40
951 66 40
951 67 0
951 68 0
951 69 43
951 70 47
951 71 43
951 72 50
951 73 39
951 74 50
951 75 39
951 76 33
951 77 40
951 78 0
951 79 0
951 80 0
951 81 34
951 82 49
951 83 37
951 84 47
951 85 45
951 86 40
951 87 50
951 88 39
951 89 43
951 90 36
951 91 43
951 92 38
951 93 40
951 94 0
951 95 42
951 96 42
951 97 38
951 98 38
951 99 0
951 100 48
951 101 44
951 102 36
951 103 37
951 104 40
951 105 16
951 106 41
951 107 42
951 108 41
951 109 44
951 110 36
951 111 50
951 112 40
951 113 41
951 114 40
951 115 50
951 116 0
951 117 41
951 118 40
951 119 34
951 120 37
951 121 40
976 1 41
976 2 39
976 3 48
976 4 45
976 5 44
976 6 40
976 7 40
976 8 41
976 9 0
976 10 0
976 11 0
976 12 40
976 13 40
976 14 31
976 15 36
976 16 42
976 17 38
976 18 39
976 19 39
976 20 0
976 21 0
976 22 0
976 23 37
976 24 33
976 25 37
976 26 0
976 27 42
976 28 37
976 29 50
976 30 40
976 31 0
976 32 0
976 33 0
976 34 46
976 35 40
976 36 39
976 37 0
976 38 44
976 39 40
976 40 40
976 41 49
976 42 41
976 43 0
976 44 0
976 45 0
976 46 0
976 47 41
976 48 38
976 49 39
976 50 29
976 51 41
976 52 35
976 53 39
976 54 0
976 55 0
976 56 0
976 57 0
976 58 39
976 59 35
976 60 40
976 61 38
976 62 40
976 63 43
976 64 40
976 65 40
976 66 47
976 67 0
976 68 0
976 69 40
976 70 40
976 71 35
976 72 40
976 73 39
976 74 51
976 75 41
976 76 41
976 77 41
976 78 0
976 79 0
976 80 0
976 81 26
976 82 38
976 83 35
976 84 41
976 85 40
976 86 38
976 87 43
976 88 43
976 89 41
976 90 40
976 91 47
976 92 35
976 93 43
976 94 0
976 95 41
976 96 41
976 97 38
976 98 35
976 99 0
976 100 49
976 101 39
976 102 32
976 103 40
976 104 37
976 105 17
976 106 46
976 107 31
976 108 40
976 109 39
976 110 39
976 111 41
976 112 40
976 113 38
976 114 40
976 115 48
976 116 0
976 117 39
976 118 39
976 119 38
976 120 37
976 121 31
1001 1 38
1001 2 37
1001 3 41
1001 4 40
1001 5 47
1001 6 41
1001 7 43
1001 8 40
1001 9 0
1001 10 0
1001 11 0
1001 12 49
1001 13 38
1001 14 36
1001 15 30
1001 16 40
1001 17 36
1001 18 42
1001 19 40
1001 20 0
1001 21 0
1001 22 0
1001 23 40
1001 24 37
1001 25 35
1001 26 0
1001 27 38
1001 28 41
1001 29 45
1001 30 38
1001 31 0
1001 32 0
1001 33 0
1001 34 42
1001 35 39
1001 36 40
1001 37 0
1001 38 40
1001 39 42
1001 40 33
1001 41 40
1001 42 38
1001 43 0
1001 44 0
1001 45 0
1001 46 0
1001 47 39
1001 48 39
1001 49 41
1001 50 30
1001 51 41
1001 52 40
1001 53 42
1001 54 0
1001 55 0
1001 56 0
1001 57 0
1001 58 39
1001 59 40
1001 60 40
1001 61 40
1001 62 41
1001 63 41
1001 64 40
1001 65 38
1001 66 43
1001 67 0
1001 68 0
1001 69 39
1001 70 41
1001 71 39
1001 72 39
1001 73 38
1001 74 49
1001 75 37
1001 76 40
1001 77 42
1001 78 0
1001 79 0
1001 80 0
1001 81 31
1001 82 44
1001 83 41
1001 84 40
1001 85 49
1001 86 36
1001 87 41
1001 88 39
1001 89 43
1001 90 41
1001 91 38
1001 92 38
1001 93 50
1001 94 0
1001 95 45
1001 96 39
1001 97 38
1001 98 38
1001 99 0
1001 100 50
1001 101 40
1001 102 37
1001 103 39
1001 104 35
1001 105 19
1001 106 42
1001 107 37
1001 108 50
1001 109 43
1001 110 38
1001 111 43
1001 112 42
1001 113 47
1001 114 39
1001 115 49
1001 116 0
1001 117 37
1001 118 43
1001 119 31
1001 120 39
1001 121 41
1026 1 40
1026 2 44
1026 3 44
1026 4 41
1026 5 42
1026 6 40
1026 7 41
1026 8 49
1026 9 0
1026 10 0
1026 11 0
1026 12 46
1026 13 44
1026 14 40
1026 15 34
1026 16 41
1026 17 40
1026 18 41
1026 19 40
1026 20 0
1026 21 0
1026 22 0
1026 23 39
1026 24 33
1026 25 40
1026 26 0
1026 27 38
1026 28 33
1026 29 47
1026 30 40
1026 31 0
1026 32 0
1026 33 0
1026 34 40
1026 35 40
1026 36 40
1026 37 0
1026 38 38
1026 39 46
1026 40 34
1026 41 40
1026 42 37
1026 43 0
1026 44 0
1026 45 0
1026 46 0
1026 47 38
1026 48 35
1026 49 39
1026 50 32
1026 51 41
1026 52 40
1026 53 40
1026 54 0
1026 55 0
1026 56 0
1026 57 0
1026 58 39
1026 59 36
1026 60 39
1026 61 41
1026 62 30
1026 63 40
1026 64 42
1026 65 41
1026 66 39
1026 67 0
1026 68 0
1026 69 40
1026 70 46
1026 71 43
1026 72 39
1026 73 39
1026 74 48
1026 75 31
1026 76 33
1026 77 40
1026 78 0
1026 79 0
1026 80 0
1026 81 32
1026 82 50
1026 83 39
1026 84 36
1026 85 43
1026 86 31
1026 87 39
1026 88 40
1026 89 44
1026 90 34
1026 91 48
1026 92 38
1026 93 48
1026 94 0
1026 95 40
1026 96 41
1026 97 41
1026 98 38
1026 99 0
1026 100 42
1026 101 43
1026 102 30
1026 103 37
1026 104 33
1026 105 11
1026 106 38
1026 107 29
1026 108 36
1026 109 39
1026 110 43
1026 111 49
1026 112 41
1026 113 39
1026 114 39
1026 115 58
1026 116 0
1026 117 40
1026 118 40
1026 119 33
1026 120 40
1026 121 37
1051 1 51
1051 2 35
1051 3 41
1051 4 46
1051 5 40
1051 6 38
1051 7 37
1051 8 42
1051 9 0
1051 10 0
1051 11 0
1051 12 38
1051 13 40
1051 14 39
1051 15 36
1051 16 39
1051 17 38
1051 18 40
1051 19 40
1051 20 0
1051 21 0
1051 22 0
1051 23 39
1051 24 32
1051 25 40
1051 26 0
1051 27 42
1051 28 35
1051 29 42
1051 30 42
1051 31 0
1051 32 0
1051 33 0
1051 34 48
1051 35 42
1051 36 43
1051 37 0
1051 38 41
1051 39 40
1051 40 32
1051 41 40
1051 42 40
1051 43 0
1051 44 0
1051 45 0
1051 46 0
1051 47 43
1051 48 33
1051 49 37
1051 50 30
1051 51 37
1051 52 38
1051 53 30
1051 54 0
1051 55 0
1051 56 0
1051 57 0
1051 58 40
1051 59 41
1051 60 35
1051 61 40
1051 62 39
1051 63 43
1051 64 39
1051 65 42
1051 66 42
1051 67 0
1051 68 0
1051 69 40
1051 70 41
1051 71 39
1051 72 42
1051 73 49
1051 74 50
1051 75 38
1051 76 35
1051 77 37
1051 78 0
1051 79 0
1051 80 0
1051 81 29
1051 82 39
1051 83 40
1051 84 35
1051 85 48
1051 86 30
1051 87 40
1051 88 42
1051 89 46
1051 90 41
1051 91 40
1051 92 43
1051 93 44
1051 94 0
1051 95 44
1051 96 39
1051 97 42
1051 98 40
1051 99 0
1051 100 41
1051 101 45
1051 102 39
1051 103 39
1051 104 39
1051 105 20
1051 106 42
1051 107 38
1051 108 39
1051 109 41
1051 110 42
1051 111 49
1051 112 35
1051 113 44
1051 114 41
1051 115 48
1051 116 0
1051 117 40
1051 118 41
1051 119 30
1051 120 33
1051 121 41
1076 1 41
1076 2 41
1076 3 43
1076 4 42
1076 5 43
1076 6 41
1076 7 40
1076 8 42
1076 9 0
1076 10 0
1076 11 0
1076 12 40
1076 13 40
1076 14 39
1076 15 36
1076 16 40
1076 17 40
1076 18 41
1076 19 42
1076 20 0
1076 21 0
1076 22 0
1076 23 40
1076 24 37
1076 25 45
1076 26 0
1076 27 43
1076 28 37
1076 29 44
1076 30 42
1076 31 0
1076 32 0
1076 33 0
1076 34 40
1076 35 41
1076 36 41
1076 37 0
1076 38 36
1076 39 40
1076 40 37
1076 41 44
1076 42 40
1076 43 0
1076 44 0
1076 45 0
1076 46 0
1076 47 40
1076 48 41
1076 49 39
1076 50 29
1076 51 40
1076 52 43
1076 53 37
1076 54 0
1076 55 0
1076 56 0
1076 57 0
1076 58 44
1076 59 38
1076 60 40
1076 61 39
1076 62 38
1076 63 40
1076 64 46
1076 65 42
1076 66 40
1076 67 0
1076 68 0
1076 69 41
1076 70 37
1076 71 37
1076 72 41
1076 73 40
1076 74 54
1076 75 37
1076 76 33
1076 77 41
1076 78 0
1076 79 0
1076 80 0
1076 81 34
1076 82 43
1076 83 40
1076 84 41
1076 85 50
1076 86 32
1076 87 40
1076 88 41
1076 89 43
1076 90 32
1076 91 41
1076 92 38
1076 93 40
1076 94 0
1076 95 39
1076 96 41
1076 97 41
1076 98 38
1076 99 0
1076 100 49
1076 101 40
1076 102 39
1076 103 38
1076 104 32
1076 105 11
1076 106 39
1076 107 41
1076 108 40
1076 109 40
1076 110 39
1076 111 48
1076 112 44
1076 113 40
1076 114 44
1076 115 49
1076 116 0
1076 117 40
1076 118 38
1076 119 32
1076 120 43
1076 121 35
1101 1 41
1101 2 38
1101 3 40
1101 4 40
1101 5 40
1101 6 42
1101 7 41
1101 8 46
1101 9 0
1101 10 0
1101 11 0
1101 12 39
1101 13 39
1101 14 31
1101 15 28
1101 16 40
1101 17 34
1101 18 38
1101 19 40
1101 20 0
1101 21 0
1101 22 0
1101 23 43
1101 24 31
1101 25 40
1101 26 0
1101 27 42
1101 28 33
1101 29 40
1101 30 39
1101 31 0
1101 32 0
1101 33 0
1101 34 40
1101 35 39
1101 36 41
1101 37 0
1101 38 37
1101 39 42
1101 40 32
1101 41 46
1101 42 32
1101 43 0
1101 44 0
1101 45 0
1101 46 0
1101 47 44
1101 48 39
1101 49 40
1101 50 28
1101 51 42
1101 52 40
1101 53 41
1101 54 0
1101 55 0
1101 56 0
1101 57 0
1101 58 42
1101 59 36
1101 60 32
1101 61 41
1101 62 41
1101 63 38
1101 64 40
1101 65 47
1101 66 40
1101 67 0
1101 68 0
1101 69 46
1101 70 39
1101 71 40
1101 72 40
1101 73 38
1101 74 60
1101 75 38
1101 76 44
1101 77 48
1101 78 0
1101 79 0
1101 80 0
1101 81 33
1101 82 38
1101 83 42
1101 84 39
1101 85 48
1101 86 30
1101 87 38
1101 88 41
1101 89 40
1101 90 36
1101 91 52
1101 92 33
1101 93 41
1101 94 0
1101 95 39
1101 96 40
1101 97 38
1101 98 41
1101 99 0
1101 100 43
1101 101 45
1101 102 28
1101 103 40
1101 104 40
1101 105 16
1101 106 42
1101 107 35
1101 108 40
1101 109 40
1101 110 39
1101 111 42
1101 112 43
1101 113 39
1101 114 44
1101 115 52
1101 116 0
1101 117 38
1101 118 40
1101 119 35
1101 120 42
1101 121 39
1126 1 38
1126 2 40
1126 3 33
1126 4 43
1126 5 45
1126 6 40
1126 7 42
1126 8 48
1126 9 0
1126 10 0
1126 11 0
1126 12 41
1126 13 44
1126 14 32
1126 15 29
1126 16 40
1126 17 40
1126 18 39
1126 19 45
1126 20 0
1126 21 0
1126 22 0
1126 23 39
1126 24 39
1126 25 40
1126 26 0
1126 27 43
1126 28 34
1126 29 49
1126 30 40
1126 31 0
1126 32 0
1126 33 0
1126 34 42
1126 35 34
1126 36 45
1126 37 0
1126 38 41
1126 39 41
1126 40 39
1126 41 40
1126 42 39
1126 43 0
1126 44 0
1126 45 0
1126 46 0
1126 47 44
1126 48 32
1126 49 39
1126 50 37
1126 51 36
1126 52 33
1126 53 44
1126 54 0
1126 55 0
1126 56 0
1126 57 0
1126 58 37
1126 59 40
1126 60 38
1126 61 40
1126 62 38
1126 63 43
1126 64 38
1126 65 37
1126 66 41
1126 67 0
1126 68 0
1126 69 41
1126 70 39
1126 71 41
1126 72 44
1126 73 40
1126 74 53
1126 75 39
1126 76 41
1126 77 36
1126 78 0
1126 79 0
1126 80 0
1126 81 30
1126 82 38
1126 83 42
1126 84 41
1126 85 47
1126 86 33
1126 87 42
1126 88 40
1126 89 40
1126 90 32
1126 91 39
1126 92 40
1126 93 43
1126 94 0
1126 95 41
1126 96 43
1126 97 38
1126 98 38
1126 99 0
1126 100 47
1126 101 41
1126 102 36
1126 103 37
1126 104 36
1126 105 13
1126 106 39
1126 107 36
1126 108 42
1126 109 44
1126 110 43
1126 111 48
1126 112 47
1126 113 43
1126 114 34
1126 115 49
1126 116 0
1126 117 38
1126 118 42
1126 119 35
1126 120 33
1126 121 38
1151 1 40
1151 2 43
1151 3 43
1151 4 41
1151 5 40
1151 6 39
1151 7 40
1151 8 41
1151 9 0
1151 10 0
1151 11 0
1151 12 43
1151 13 39
1151 14 40
1151 15 28
1151 16 47
1151 17 40
1151 18 44
1151 19 39
1151 20 0
1151 21 0
1151 22 0
1151 23 42
1151 24 40
1151 25 41
1151 26 0
1151 27 43
1151 28 35
1151 29 50
1151 30 39
1151 31 0
1151 32 0
1151 33 0
1151 34 40
1151 35 38
1151 36 42
1151 37 0
1151 38 40
1151 39 43
1151 40 34
1151 41 40
1151 42 39
1151 43 0
1151 44 0
1151 45 0
1151 46 0
1151 47 41
1151 48 42
1151 49 42
1151 50 32
1151 51 40
1151 52 40
1151 53 38
1151 54 0
1151 55 0
1151 56 0
1151 57 0
1151 58 36
1151 59 35
1151 60 35
1151 61 40
1151 62 41
1151 63 49
1151 64 39
1151 65 40
1151 66 40
1151 67 0
1151 68 0
1151 69 40
1151 70 39
1151 71 43
1151 72 42
1151 73 37
1151 74 50
1151 75 40
1151 76 43
1151 77 40
1151 78 0
1151 79 0
1151 80 0
1151 81 34
1151 82 39
1151 83 40
1151 84 45
1151 85 42
1151 86 34
1151 87 40
1151 88 41
1151 89 40
1151 90 40
1151 91 39
1151 92 39
1151 93 40
1151 94 0
1151 95 41
1151 96 40
1151 97 37
1151 98 39
1151 99 0
1151 100 49
1151 101 40
1151 102 29
1151 103 41
1151 104 38
1151 105 14
1151 106 39
1151 107 39
1151 108 45
1151 109 41
1151 110 42
1151 111 41
1151 112 40
1151 113 36
1151 114 42
1151 115 52
1151 116 0
1151 117 41
1151 118 42
1151 119 32
1151 120 40
1151 121 35
1176 1 41
1176 2 41
1176 3 38
1176 4 36
1176 5 39
1176 6 50
1176 7 43
1176 8 38
1176 9 0
1176 10 0
1176 11 0
1176 12 40
1176 13 43
1176 14 38
1176 15 33
1176 16 42
1176 17 42
1176 18 39
1176 19 39
1176 20 0
1176 21 0
1176 22 0
1176 23 43
1176 24 39
1176 25 39
1176 26 0
1176 27 42
1176 28 31
1176 29 47
1176 30 32
1176 31 0
1176 32 0
1176 33 0
1176 34 38
1176 35 46
1176 36 40
1176 37 0
1176 38 39
1176 39 43
1176 40 37
1176 41 38
1176 42 37
1176 43 0
1176 44 0
1176 45 0
1176 46 0
1176 47 46
1176 48 42
1176 49 42
1176 50 34
1176 51 39
1176 52 35
1176 53 40
1176 54 0
1176 55 0
1176 56 0
1176 57 0
1176 58 40
1176 59 31
1176 60 42
1176 61 41
1176 62 45
1176 63 45
1176 64 36
1176 65 40
1176 66 43
1176 67 0
1176 68 0
1176 69 44
1176 70 38
1176 71 40
1176 72 40
1176 73 40
1176 74 52
1176 75 37
1176 76 42
1176 77 40
1176 78 0
1176 79 0
1176 80 0
1176 81 32
1176 82 41
1176 83 42
1176 84 38
1176 85 50
1176 86 32
1176 87 40
1176 88 38
1176 89 37
1176 90 41
1176 91 41
1176 92 40
1176 93 39
1176 94 0
1176 95 41
1176 96 40
1176 97 44
1176 98 43
1176 99 0
1176 100 50
1176 101 41
1176 102 39
1176 103 39
1176 104 30
1176 105 17
1176 106 46
1176 107 33
1176 108 36
1176 109 40
1176 110 43
1176 111 41
1176 112 43
1176 113 44
1176 114 40
1176 115 49
1176 116 0
1176 117 39
1176 118 40
1176 119 37
1176 120 35
1176 121 40
1201 1 41
1201 2 42
1201 3 40
1201 4 39
1201 5 39
1201 6 40
1201 7 47
1201 8 47
1201 9 0
1201 10 0
1201 11 0
1201 12 40
1201 13 43
1201 14 39
1201 15 31
1201 16 41
1201 17 40
1201 18 40
1201 19 41
1201 20 0
1201 21 0
1201 22 0
1201 23 45
1201 24 37
1201 25 39
1201 26 0
1201 27 41
1201 28 39
1201 29 45
1201 30 40
1201 31 0
1201 32 0
1201 33 0
1201 34 43
1201 35 40
1201 36 47
1201 37 0
1201 38 42
1201 39 36
1201 40 39
1201 41 42
1201 42 39
1201 43 0
1201 44 0
1201 45 0
1201 46 0
1201 47 44
1201 48 33
1201 49 40
1201 50 33
1201 51 36
1201 52 36
1201 53 38
1201 54 0
1201 55 0
1201 56 0
1201 57 0
1201 58 39
1201 59 31
1201 60 42
1201 61 39
1201 62 39
1201 63 39
1201 64 39
1201 65 42
1201 66 41
1201 67 0
1201 68 0
1201 69 48
1201 70 36
1201 71 40
1201 72 39
1201 73 40
1201 74 48
1201 75 38
1201 76 40
1201 77 39
1201 78 0
1201 79 0
1201 80 0
1201 81 38
1201 82 43
1201 83 40
1201 84 46
1201 85 47
1201 86 41
1201 87 39
1201 88 39
1201 89 34
1201 90 36
1201 91 41
1201 92 35
1201 93 44
1201 94 0
1201 95 41
1201 96 40
1201 97 41
1201 98 43
1201 99 0
1201 100 49
1201 101 43
1201 102 35
1201 103 40
1201 104 33
1201 105 15
1201 106 40
1201 107 44
1201 108 41
1201 109 40
1201 110 48
1201 111 48
1201 112 39
1201 113 40
1201 114 44
1201 115 55
1201 116 0
1201 117 39
1201 118 40
1201 119 27
1201 120 38
1201 121 38
1226 1 39
1226 2 34
1226 3 43
1226 4 39
1226 5 43
1226 6 41
1226 7 39
1226 8 39
1226 9 0
1226 10 0
1226 11 0
1226 12 43
1226 13 41
1226 14 39
1226 15 30
1226 16 40
1226 17 41
1226 18 41
1226 19 41
1226 20 0
1226 21 0
1226 22 0
1226 23 40
1226 24 44
1226 25 37
1226 26 0
1226 27 38
1226 28 39
1226 29 48
1226 30 36
1226 31 0
1226 32 0
1226 33 0
1226 34 38
1226 35 40
1226 36 49
1226 37 0
1226 38 35
1226 39 36
1226 40 37
1226 41 41
1226 42 37
1226 43 0
1226 44 0
1226 45 0
1226 46 0
1226 47 40
1226 48 35
1226 49 31
1226 50 29
1226 51 41
1226 52 38
1226 53 34
1226 54 0
1226 55 0
1226 56 0
1226 57 0
1226 58 39
1226 59 39
1226 60 31
1226 61 40
1226 62 32
1226 63 41
1226 64 42
1226 65 45
1226 66 42
1226 67 0
1226 68 0
1226 69 40
1226 70 39
1226 71 42
1226 72 39
1226 73 39
1226 74 52
1226 75 38
1226 76 42
1226 77 41
1226 78 0
1226 79 0
1226 80 0
1226 81 31
1226 82 40
1226 83 36
1226 84 40
1226 85 44
1226 86 30
1226 87 38
1226 88 39
1226 89 43
1226 90 42
1226 91 40
1226 92 41
1226 93 41
1226 94 0
1226 95 44
1226 96 40
1226 97 38
1226 98 41
1226 99 0
1226 100 52
1226 101 42
1226 102 37
1226 103 39
1226 104 31
1226 105 19
1226 106 40
1226 107 42
1226 108 40
1226 109 43
1226 110 37
1226 111 49
1226 112 40
1226 113 38
1226 114 37
1226 115 52
1226 116 0
1226 117 45
1226 118 38
1226 119 33
1226 120 42
1226 121 43
1251 1 38
1251 2 44
1251 3 41
1251 4 40
1251 5 41
1251 6 41
1251 7 40
1251 8 41
1251 9 0
1251 10 0
1251 11 0
1251 12 44
1251 13 44
1251 14 34
1251 15 29
1251 16 42
1251 17 35
1251 18 39
1251 19 32
1251 20 0
1251 21 0
1251 22 0
1251 23 42
1251 24 40
1251 25 44
1251 26 0
1251 27 40
1251 28 40
1251 29 46
1251 30 40
1251 31 0
1251 32 0
1251 33 0
1251 34 40
1251 35 48
1251 36 41
1251 37 0
1251 38 36
1251 39 38
1251 40 40
1251 41 40
1251 42 41
1251 43 0
1251 44 0
1251 45 0
1251 46 0
1251 47 41
1251 48 30
1251 49 43
1251 50 30
1251 51 41
1251 52 39
1251 53 41
1251 54 0
1251 55 0
1251 56 0
1251 57 0
1251 58 40
1251 59 39
1251 60 40
1251 61 42
1251 62 40
1251 63 40
1251 64 43
1251 65 40
1251 66 50
1251 67 0
1251 68 0
1251 69 39
1251 70 40
1251 71 43
1251 72 40
1251 73 39
1251 74 52
1251 75 44
1251 76 39
1251 77 44
1251 78 0
1251 79 0
1251 80 0
1251 81 39
1251 82 40
1251 83 43
1251 84 40
1251 85 50
1251 86 34
1251 87 47
1251 88 40
1251 89 39
1251 90 36
1251 91 40
1251 92 42
1251 93 42
1251 94 0
1251 95 43
1251 96 42
1251 97 37
1251 98 39
1251 99 0
1251 100 56
1251 101 45
1251 102 41
1251 103 38
1251 104 32
1251 105 15
1251 106 39
1251 107 39
1251 108 41
1251 109 50
1251 110 40
1251 111 41
1251 112 43
1251 113 40
1251 114 44
1251 115 50
1251 116 0
1251 117 39
1251 118 39
1251 119 38
1251 120 39
1251 121 41
1276 1 45
1276 2 42
1276 3 40
1276 4 42
1276 5 40
1276 6 42
1276 7 39
1276 8 45
1276 9 0
1276 10 0
1276 11 0
1276 12 38
1276 13 40
1276 14 39
1276 15 35
1276 16 34
1276 17 37
1276 18 39
1276 19 43
1276 20 0
1276 21 0
1276 22 0
1276 23 40
1276 24 39
1276 25 45
1276 26 0
1276 27 41
1276 28 38
1276 29 44
1276 30 37
1276 31 0
1276 32 0
1276 33 0
1276 34 40
1276 35 40
1276 36 40
1276 37 0
1276 38 35
1276 39 40
1276 40 36
1276 41 42
1276 42 40
1276 43 0
1276 44 0
1276 45 0
1276 46 0
1276 47 40
1276 48 33
1276 49 39
1276 50 35
1276 51 43
1276 52 33
1276 53 40
1276 54 0
1276 55 0
1276 56 0
1276 57 0
1276 58 44
1276 59 32
1276 60 43
1276 61 39
1276 62 37
1276 63 37
1276 64 40
1276 65 42
1276 66 44
1276 67 0
1276 68 0
1276 69 43
1276 70 40
1276 71 38
1276 72 41
1276 73 40
1276 74 47
1276 75 41
1276 76 39
1276 77 39
1276 78 0
1276 79 0
1276 80 0
1276 81 34
1276 82 43
1276 83 41
1276 84 42
1276 85 42
1276 86 39
1276 87 38
1276 88 40
1276 89 42
1276 90 40
1276 91 43
1276 92 40
1276 93 41
1276 94 0
1276 95 42
1276 96 39
1276 97 41
1276 98 38
1276 99 0
1276 100 51
1276 101 39
1276 102 38
1276 103 40
1276 104 39
1276 105 15
1276 106 40
1276 107 38
1276 108 38
1276 109 42
1276 110 41
1276 111 46
1276 112 41
1276 113 42
1276 114 43
1276 115 49
1276 116 0
1276 117 38
1276 118 38
1276 119 32
1276 120 40
1276 121 39
1301 1 43
1301 2 38
1301 3 40
1301 4 41
1301 5 44
1301 6 41
1301 7 40
1301 8 38
1301 9 0
1301 10 0
1301 11 0
1301 12 42
1301 13 38
1301 14 31
1301 15 38
1301 16 38
1301 17 40
1301 18 40
1301 19 44
1301 20 0
1301 21 0
1301 22 0
1301 23 43
1301 24 42
1301 25 38
1301 26 0
1301 27 38
1301 28 36
1301 29 48
1301 30 39
1301 31 0
1301 32 0
1301 33 0
1301 34 40
1301 35 37
1301 36 45
1301 37 0
1301 38 39
1301 39 40
1301 40 38
1301 41 39
1301 42 37
1301 43 0
1301 44 0
1301 45 0
1301 46 0
1301 47 44
1301 48 41
1301 49 43
1301 50 31
1301 51 40
1301 52 38
1301 53 43
1301 54 0
1301 55 0
1301 56 0
1301 57 0
1301 58 40
1301 59 29
1301 60 36
1301 61 39
1301 62 48
1301 63 40
1301 64 42
1301 65 46
1301 66 43
1301 67 0
1301 68 0
1301 69 40
1301 70 40
1301 71 40
1301 72 39
1301 73 41
1301 74 49
1301 75 38
1301 76 40
1301 77 42
1301 78 0
1301 79 0
1301 80 0
1301 81 35
1301 82 34
1301 83 41
1301 84 40
1301 85 47
1301 86 32
1301 87 43
1301 88 39
1301 89 41
1301 90 37
1301 91 39
1301 92 39
1301 93 41
1301 94 0
1301 95 43
1301 96 41
1301 97 33
1301 98 40
1301 99 0
1301 100 47
1301 101 40
1301 102 40
1301 103 38
1301 104 38
1301 105 20
1301 106 41
1301 107 37
1301 108 40
1301 109 41
1301 110 41
1301 111 39
1301 112 42
1301 113 45
1301 114 38
1301 115 50
1301 116 0
1301 117 40
1301 118 40
1301 119 31
1301 120 37
1301 121 41
1326 1 39
1326 2 39
1326 3 40
1326 4 37
1326 5 37
1326 6 34
1326 7 40
1326 8 44
1326 9 0
1326 10 0
1326 11 0
1326 12 38
1326 13 42
1326 14 41
1326 15 33
1326 16 39
1326 17 40
1326 18 40
1326 19 36
1326 20 0
1326 21 0
1326 22 0
1326 23 44
1326 24 44
1326 25 41
1326 26 0
1326 27 40
1326 28 40
1326 29 41
1326 30 40
1326 31 0
1326 32 0
1326 33 0
1326 34 39
1326 35 38
1326 36 40
1326 37 0
1326 38 36
1326 39 35
1326 40 41
1326 41 42
1326 42 36
1326 43 0
1326 44 0
1326 45 0
1326 46 0
1326 47 45
1326 48 37
1326 49 36
1326 50 28
1326 51 40
1326 52 37
1326 53 41
1326 54 0
1326 55 0
1326 56 0
1326 57 0
1326 58 40
1326 59 40
1326 60 40
1326 61 39
1326 62 42
1326 63 40
1326 64 41
1326 65 38
1326 66 38
1326 67 0
1326 68 0
1326 69 45
1326 70 44
1326 71 43
1326 72 46
1326 73 30
1326 74 45
1326 75 30
1326 76 40
1326 77 39
1326 78 0
1326 79 0
1326 80 0
1326 81 34
1326 82 40
1326 83 40
1326 84 41
1326 85 50
1326 86 39
1326 87 39
1326 88 41
1326 89 40
1326 90 37
1326 91 43
1326 92 40
1326 93 40
1326 94 0
1326 95 41
1326 96 43
1326 97 39
1326 98 40
1326 99 0
1326 100 46
1326 101 36
1326 102 33
1326 103 36
1326 104 30
1326 105 8
1326 106 40
1326 107 34
1326 108 38
1326 109 39
1326 110 41
1326 111 49
1326 112 40
1326 113 42
1326 114 41
1326 115 50
1326 116 0
1326 117 30
1326 118 46
1326 119 31
1326 120 40
1326 121 35
1351 1 43
1351 2 44
1351 3 40
1351 4 38
1351 5 41
1351 6 41
1351 7 39
1351 8 45
1351 9 0
1351 10 0
1351 11 0
1351 12 38
1351 13 41
1351 14 41
1351 15 37
1351 16 39
1351 17 43
1351 18 40
1351 19 39
1351 20 0
1351 21 0
1351 22 0
1351 23 40
1351 24 38
1351 25 40
1351 26 0
1351 27 37
1351 28 30
1351 29 48
1351 30 31
1351 31 0
1351 32 0
1351 33 0
1351 34 43
1351 35 40
1351 36 43
1351 37 0
1351 38 40
1351 39 40
1351 40 36
1351 41 40
1351 42 36
1351 43 0
1351 44 0
1351 45 0
1351 46 0
1351 47 40
1351 48 32
1351 49 40
1351 50 30
1351 51 40
1351 52 40
1351 53 44
1351 54 0
1351 55 0
1351 56 0
1351 57 0
1351 58 38
1351 59 36
1351 60 40
1351 61 39
1351 62 42
1351 63 43
1351 64 37
1351 65 43
1351 66 34
1351 67 0
1351 68 0
1351 69 43
1351 70 40
1351 71 36
1351 72 39
1351 73 41
1351 74 49
1351 75 39
1351 76 37
1351 77 41
1351 78 0
1351 79 0
1351 80 0
1351 81 28
1351 82 39
1351 83 39
1351 84 39
1351 85 42
1351 86 32
1351 87 40
1351 88 38
1351 89 41
1351 90 39
1351 91 42
1351 92 39
1351 93 41
1351 94 0
1351 95 33
1351 96 45
1351 97 40
1351 98 36
1351 99 0
1351 100 44
1351 101 35
1351 102 37
1351 103 39
1351 104 36
1351 105 11
1351 106 43
1351 107 41
1351 108 40
1351 109 40
1351 110 42
1351 111 42
1351 112 40
1351 113 41
1351 114 39
1351 115 56
1351 116 0
1351 117 32
1351 118 41
1351 119 33
1351 120 41
1351 121 40
1376 1 45
1376 2 39
1376 3 41
1376 4 36
1376 5 42
1376 6 42
1376 7 37
1376 8 40
1376 9 0
1376 10 0
1376 11 0
1376 12 40
1376 13 40
1376 14 39
1376 15 32
1376 16 44
1376 17 44
1376 18 39
1376 19 38
1376 20 0
1376 21 0
1376 22 0
1376 23 38
1376 24 39
1376 25 41
1376 26 0
1376 27 40
1376 28 39
1376 29 45
1376 30 35
1376 31 0
1376 32 0
1376 33 0
1376 34 40
1376 35 38
1376 36 39
1376 37 0
1376 38 39
1376 39 37
1376 40 40
1376 41 41
1376 42 36
1376 43 0
1376 44 0
1376 45 0
1376 46 0
1376 47 45
1376 48 30
1376 49 40
1376 50 30
1376 51 40
1376 52 41
1376 53 40
1376 54 0
1376 55 0
1376 56 0
1376 57 0
1376 58 40
1376 59 35
1376 60 41
1376 61 39
1376 62 41
1376 63 39
1376 64 40
1376 65 42
1376 66 45
1376 67 0
1376 68 0
1376 69 42
1376 70 34
1376 71 30
1376 72 43
1376 73 46
1376 74 48
1376 75 38
1376 76 37
1376 77 36
1376 78 0
1376 79 0
1376 80 0
1376 81 34
1376 82 48
1376 83 33
1376 84 43
1376 85 42
1376 86 36
1376 87 40
1376 88 40
1376 89 48
1376 90 44
1376 91 41
1376 92 38
1376 93 46
1376 94 0
1376 95 44
1376 96 40
1376 97 41
1376 98 37
1376 99 0
1376 100 40
1376 101 39
1376 102 39
1376 103 36
1376 104 30
1376 105 10
1376 106 40
1376 107 40
1376 108 43
1376 109 45
1376 110 40
1376 111 51
1376 112 39
1376 113 44
1376 114 39
1376 115 46
1376 116 0
1376 117 37
1376 118 43
1376 119 36
1376 120 40
1376 121 39
1401 1 47
1401 2 39
1401 3 45
1401 4 43
1401 5 40
1401 6 43
1401 7 40
1401 8 37
1401 9 0
1401 10 0
1401 11 0
1401 12 43
1401 13 41
1401 14 38
1401 15 32
1401 16 37
1401 17 38
1401 18 40
1401 19 42
1401 20 0
1401 21 0
1401 22 0
1401 23 40
1401 24 40
1401 25 38
1401 26 0
1401 27 44
1401 28 39
1401 29 41
1401 30 35
1401 31 0
1401 32 0
1401 33 0
1401 34 38
1401 35 42
1401 36 40
1401 37 0
1401 38 29
1401 39 40
1401 40 40
1401 41 39
1401 42 42
1401 43 0
1401 44 0
1401 45 0
1401 46 0
1401 47 40
1401 48 35
1401 49 40
1401 50 32
1401 51 37
1401 52 41
1401 53 38
1401 54 0
1401 55 0
1401 56 0
1401 57 0
1401 58 40
1401 59 30
1401 60 40
1401 61 39
1401 62 43
1401 63 40
1401 64 47
1401 65 42
1401 66 45
1401 67 0
1401 68 0
1401 69 45
1401 70 43
1401 71 41
1401 72 41
1401 73 40
1401 74 51
1401 75 39
1401 76 40
1401 77 40
1401 78 0
1401 79 0
1401 80 0
1401 81 29
1401 82 43
1401 83 41
1401 84 41
1401 85 47
1401 86 33
1401 87 42
1401 88 40
1401 89 39
1401 90 37
1401 91 43
1401 92 41
1401 93 43
1401 94 0
1401 95 41
1401 96 41
1401 97 34
1401 98 37
1401 99 0
1401 100 45
1401 101 39
1401 102 31
1401 103 35
1401 104 40
1401 105 9
1401 106 40
1401 107 36
1401 108 42
1401 109 43
1401 110 35
1401 111 50
1401 112 39
1401 113 43
1401 114 43
1401 115 48
1401 116 0
1401 117 39
1401 118 36
1401 119 44
1401 120 37
1401 121 39
1426 1 44
1426 2 40
1426 3 40
1426 4 40
1426 5 41
1426 6 45
1426 7 42
1426 8 40
1426 9 0
1426 10 0
1426 11 0
1426 12 39
1426 13 40
1426 14 35
1426 15 32
1426 16 39
1426 17 40
1426 18 42
1426 19 47
1426 20 0
1426 21 0
1426 22 0
1426 23 40
1426 24 48
1426 25 38
1426 26 0
1426 27 39
1426 28 32
1426 29 46
1426 30 40
1426 31 0
1426 32 0
1426 33 0
1426 34 37
1426 35 40
1426 36 40
1426 37 0
1426 38 39
1426 39 40
1426 40 32
1426 41 48
1426 42 42
1426 43 0
1426 44 0
1426 45 0
1426 46 0
1426 47 40
1426 48 33
1426 49 40
1426 50 39
1426 51 37
1426 52 40
1426 53 40
1426 54 0
1426 55 0
1426 56 0
1426 57 0
1426 58 40
1426 59 33
1426 60 34
1426 61 40
1426 62 37
1426 63 44
1426 64 41
1426 65 37
1426 66 40
1426 67 0
1426 68 0
1426 69 41
1426 70 40
1426 71 42
1426 72 42
1426 73 46
1426 74 52
1426 75 37
1426 76 41
1426 77 39
1426 78 0
1426 79 0
1426 80 0
1426 81 30
1426 82 46
1426 83 39
1426 84 36
1426 85 47
1426 86 36
1426 87 42
1426 88 40
1426 89 46
1426 90 38
1426 91 40
1426 92 39
1426 93 43
1426 94 0
1426 95 39
1426 96 42
1426 97 39
1426 98 39
1426 99 0
1426 100 43
1426 101 35
1426 102 33
1426 103 38
1426 104 30
1426 105 12
1426 106 39
1426 107 31
1426 108 40
1426 109 47
1426 110 38
1426 111 42
1426 112 41
1426 113 40
1426 114 40
1426 115 48
1426 116 0
1426 117 42
1426 118 39
1426 119 31
1426 120 42
1426 121 40
1451 1 39
1451 2 41
1451 3 42
1451 4 49
1451 5 40
1451 6 39
1451 7 41
1451 8 42
1451 9 0
1451 10 0
1451 11 0
1451 12 43
1451 13 38
1451 14 35
1451 15 31
1451 16 41
1451 17 40
1451 18 40
1451 19 42
1451 20 0
1451 21 0
1451 22 0
1451 23 39
1451 24 31
1451 25 39
1451 26 0
1451 27 40
1451 28 30
1451 29 41
1451 30 40
1451 31 0
1451 32 0
1451 33 0
1451 34 40
1451 35 40
1451 36 50
1451 37 0
1451 38 37
1451 39 40
1451 40 40
1451 41 44
1451 42 39
1451 43 0
1451 44 0
1451 45 0
1451 46 0
1451 47 44
1451 48 39
1451 49 40
1451 50 32
1451 51 32
1451 52 39
1451 53 41
1451 54 0
1451 55 0
1451 56 0
1451 57 0
1451 58 35
1451 59 33
1451 60 35
1451 61 42
1451 62 45
1451 63 40
1451 64 39
1451 65 42
1451 66 42
1451 67 0
1451 68 0
1451 69 41
1451 70 40
1451 71 40
1451 72 48
1451 73 39
1451 74 51
1451 75 36
1451 76 38
1451 77 39
1451 78 0
1451 79 0
1451 80 0
1451 81 30
1451 82 40
1451 83 37
1451 84 41
1451 85 48
1451 86 35
1451 87 41
1451 88 37
1451 89 44
1451 90 41
1451 91 46
1451 92 38
1451 93 40
1451 94 0
1451 95 46
1451 96 40
1451 97 35
1451 98 39
1451 99 0
1451 100 40
1451 101 41
1451 102 35
1451 103 43
1451 104 32
1451 105 12
1451 106 47
1451 107 36
1451 108 38
1451 109 39
1451 110 43
1451 111 50
1451 112 47
1451 113 42
1451 114 41
1451 115 47
1451 116 0
1451 117 39
1451 118 39
1451 119 34
1451 120 30
1451 121 38
1476 1 47
1476 2 40
1476 3 47
1476 4 40
1476 5 39
1476 6 43
1476 7 42
1476 8 40
1476 9 0
1476 10 0
1476 11 0
1476 12 40
1476 13 39
1476 14 38
1476 15 31
1476 16 40
1476 17 41
1476 18 42
1476 19 44
1476 20 0
1476 21 0
1476 22 0
1476 23 38
1476 24 32
1476 25 41
1476 26 0
1476 27 38
1476 28 38
1476 29 41
1476 30 43
1476 31 0
1476 32 0
1476 33 0
1476 34 43
1476 35 40
1476 36 37
1476 37 0
1476 38 40
1476 39 44
1476 40 39
1476 41 42
1476 42 37
1476 43 0
1476 44 0
1476 45 0
1476 46 0
1476 47 42
1476 48 35
1476 49 41
1476 50 35
1476 51 42
1476 52 40
1476 53 31
1476 54 0
1476 55 0
1476 56 0
1476 57 0
1476 58 34
1476 59 38
1476 60 39
1476 61 34
1476 62 43
1476 63 42
1476 64 37
1476 65 44
1476 66 45
1476 67 0
1476 68 0
1476 69 39
1476 70 41
1476 71 47
1476 72 40
1476 73 40
1476 74 52
1476 75 39
1476 76 41
1476 77 40
1476 78 0
1476 79 0
1476 80 0
1476 81 29
1476 82 38
1476 83 41
1476 84 46
1476 85 49
1476 86 29
1476 87 43
1476 88 36
1476 89 43
1476 90 34
1476 91 42
1476 92 39
1476 93 42
1476 94 0
1476 95 40
1476 96 42
1476 97 35
1476 98 37
1476 99 0
1476 100 48
1476 101 43
1476 102 36
1476 103 39
1476 104 31
1476 105 16
1476 106 35
1476 107 38
1476 108 41
1476 109 47
1476 110 41
1476 111 47
1476 112 39
1476 113 40
1476 114 41
1476 115 54
1476 116 0
1476 117 39
1476 118 33
1476 119 32
1476 120 34
1476 121 41
1501 1 41
1501 2 41
1501 3 46
1501 4 43
1501 5 39
1501 6 48
1501 7 40
1501 8 38
1501 9 0
1501 10 0
1501 11 0
1501 12 41
1501 13 41
1501 14 34
1501 15 38
1501 16 40
1501 17 45
1501 18 41
1501 19 41
1501 20 0
1501 21 0
1501 22 0
1501 23 37
1501 24 38
1501 25 40
1501 26 0
1501 27 40
1501 28 30
1501 29 41
1501 30 39
1501 31 0
1501 32 0
1501 33 0
1501 34 39
1501 35 33
1501 36 35
1501 37 0
1501 38 40
1501 39 35
1501 40 40
1501 41 40
1501 42 42
1501 43 0
1501 44 0
1501 45 0
1501 46 0
1501 47 36
1501 48 40
1501 49 41
1501 50 31
1501 51 40
1501 52 37
1501 53 39
1501 54 0
1501 55 0
1501 56 0
1501 57 0
1501 58 38
1501 59 29
1501 60 41
1501 61 37
1501 62 42
1501 63 41
1501 64 40
1501 65 49
1501 66 37
1501 67 0
1501 68 0
1501 69 44
1501 70 40
1501 71 43
1501 72 42
1501 73 40
1501 74 47
1501 75 43
1501 76 35
1501 77 36
1501 78 0
1501 79 0
1501 80 0
1501 81 35
1501 82 41
1501 83 40
1501 84 46
1501 85 44
1501 86 36
1501 87 41
1501 88 38
1501 89 40
1501 90 40
1501 91 37
1501 92 40
1501 93 40
1501 94 0
1501 95 39
1501 96 38
1501 97 39
1501 98 40
1501 99 0
1501 100 50
1501 101 42
1501 102 30
1501 103 41
1501 104 30
1501 105 17
1501 106 39
1501 107 31
1501 108 40
1501 109 42
1501 110 33
1501 111 51
1501 112 35
1501 113 40
1501 114 43
1501 115 50
1501 116 0
1501 117 36
1501 118 39
1501 119 32
1501 120 35
1501 121 34
1526 1 42
1526 2 41
1526 3 41
1526 4 40
1526 5 41
1526 6 48
1526 7 40
1526 8 40
1526 9 0
1526 10 0
1526 11 0
1526 12 40
1526 13 43
1526 14 33
1526 15 27
1526 16 42
1526 17 41
1526 18 39
1526 19 41
1526 20 0
1526 21 0
1526 22 0
1526 23 40
1526 24 39
1526 25 41
1526 26 0
1526 27 46
1526 28 33
1526 29 41
1526 30 37
1526 31 0
1526 32 0
1526 33 0
1526 34 40
1526 35 38
1526 36 40
1526 37 0
1526 38 33
1526 39 39
1526 40 39
1526 41 39
1526 42 39
1526 43 0
1526 44 0
1526 45 0
1526 46 0
1526 47 45
1526 48 40
1526 49 40
1526 50 35
1526 51 39
1526 52 40
1526 53 42
1526 54 0
1526 55 0
1526 56 0
1526 57 0
1526 58 35
1526 59 38
1526 60 37
1526 61 39
1526 62 39
1526 63 39
1526 64 36
1526 65 45
1526 66 48
1526 67 0
1526 68 0
1526 69 42
1526 70 36
1526 71 38
1526 72 43
1526 73 40
1526 74 45
1526 75 37
1526 76 38
1526 77 45
1526 78 0
1526 79 0
1526 80 0
1526 81 32
1526 82 41
1526 83 44
1526 84 40
1526 85 49
1526 86 31
1526 87 41
1526 88 39
1526 89 40
1526 90 42
1526 91 40
1526 92 39
1526 93 40
1526 94 0
1526 95 41
1526 96 41
1526 97 40
1526 98 32
1526 99 0
1526 100 45
1526 101 41
1526 102 40
1526 103 39
1526 104 31
1526 105 11
1526 106 41
1526 107 37
1526 108 38
1526 109 41
1526 110 37
1526 111 45
1526 112 42
1526 113 40
1526 114 36
1526 115 50
1526 116 0
1526 117 36
1526 118 40
1526 119 30
1526 120 35
1526 121 40
1551 1 37
1551 2 40
1551 3 40
1551 4 38
1551 5 41
1551 6 37
1551 7 41
1551 8 45
1551 9 0
1551 10 0
1551 11 0
1551 12 46
1551 13 48
1551 14 38
1551 15 34
1551 16 49
1551 17 38
1551 18 43
1551 19 39
1551 20 0
1551 21 0
1551 22 0
1551 23 39
1551 24 41
1551 25 36
1551 26 0
1551 27 42
1551 28 34
1551 29 49
1551 30 40
1551 31 0
1551 32 0
1551 33 0
1551 34 41
1551 35 36
1551 36 41
1551 37 0
1551 38 42
1551 39 40
1551 40 32
1551 41 40
1551 42 38
1551 43 0
1551 44 0
1551 45 0
1551 46 0
1551 47 40
1551 48 32
1551 49 41
1551 50 33
1551 51 40
1551 52 40
1551 53 42
1551 54 0
1551 55 0
1551 56 0
1551 57 0
1551 58 40
1551 59 39
1551 60 36
1551 61 39
1551 62 37
1551 63 46
1551 64 38
1551 65 37
1551 66 43
1551 67 0
1551 68 0
1551 69 43
1551 70 36
1551 71 33
1551 72 45
1551 73 42
1551 74 49
1551 75 36
1551 76 30
1551 77 37
1551 78 0
1551 79 0
1551 80 0
1551 81 33
1551 82 40
1551 83 42
1551 84 40
1551 85 44
1551 86 31
1551 87 40
1551 88 36
1551 89 40
1551 90 41
1551 91 42
1551 92 41
1551 93 39
1551 94 0
1551 95 39
1551 96 41
1551 97 38
1551 98 40
1551 99 0
1551 100 50
1551 101 40
1551 102 37
1551 103 41
1551 104 31
1551 105 15
1551 106 42
1551 107 36
1551 108 44
1551 109 42
1551 110 40
1551 111 47
1551 112 41
1551 113 41
1551 114 34
1551 115 52
1551 116 0
1551 117 35
1551 118 42
1551 119 39
1551 120 32
1551 121 39
1576 1 43
1576 2 42
1576 3 40
1576 4 46
1576 5 41
1576 6 42
1576 7 41
1576 8 44
1576 9 0
1576 10 0
1576 11 0
1576 12 40
1576 13 41
1576 14 37
1576 15 31
1576 16 43
1576 17 40
1576 18 40
1576 19 41
1576 20 0
1576 21 0
1576 22 0
1576 23 37
1576 24 38
1576 25 43
1576 26 0
1576 27 42
1576 28 39
1576 29 49
1576 30 35
1576 31 0
1576 32 0
1576 33 0
1576 34 40
1576 35 39
1576 36 42
1576 37 0
1576 38 37
1576 39 34
1576 40 35
1576 41 40
1576 42 33
1576 43 0
1576 44 0
1576 45 0
1576 46 0
1576 47 44
1576 48 33
1576 49 40
1576 50 30
1576 51 39
1576 52 37
1576 53 34
1576 54 0
1576 55 0
1576 56 0
1576 57 0
1576 58 37
1576 59 28
1576 60 42
1576 61 41
1576 62 36
1576 63 40
1576 64 41
1576 65 40
1576 66 38
1576 67 0
1576 68 0
1576 69 40
1576 70 39
1576 71 39
1576 72 41
1576 73 42
1576 74 50
1576 75 39
1576 76 36
1576 77 41
1576 78 0
1576 79 0
1576 80 0
1576 81 39
1576 82 40
1576 83 38
1576 84 40
1576 85 42
1576 86 30
1576 87 40
1576 88 43
1576 89 38
1576 90 40
1576 91 34
1576 92 40
1576 93 38
1576 94 0
1576 95 47
1576 96 40
1576 97 40
1576 98 39
1576 99 0
1576 100 47
1576 101 39
1576 102 33
1576 103 38
1576 104 31
1576 105 12
1576 106 37
1576 107 40
1576 108 42
1576 109 41
1576 110 39
1576 111 48
1576 112 38
1576 113 41
1576 114 39
1576 115 47
1576 116 0
1576 117 44
1576 118 40
1576 119 30
1576 120 40
1576 121 37
1601 1 40
1601 2 38
1601 3 40
1601 4 40
1601 5 39
1601 6 49
1601 7 39
1601 8 42
1601 9 0
1601 10 0
1601 11 0
1601 12 44
1601 13 45
1601 14 38
1601 15 30
1601 16 42
1601 17 40
1601 18 39
1601 19 40
1601 20 0
1601 21 0
1601 22 0
1601 23 39
1601 24 40
1601 25 42
1601 26 0
1601 27 40
1601 28 30
1601 29 43
1601 30 40
1601 31 0
1601 32 0
1601 33 0
1601 34 44
1601 35 39
1601 36 41
1601 37 0
1601 38 39
1601 39 45
1601 40 42
1601 41 42
1601 42 35
1601 43 0
1601 44 0
1601 45 0
1601 46 0
1601 47 42
1601 48 37
1601 49 45
1601 50 36
1601 51 40
1601 52 40
1601 53 38
1601 54 0
1601 55 0
1601 56 0
1601 57 0
1601 58 38
1601 59 35
1601 60 39
1601 61 36
1601 62 35
1601 63 40
1601 64 43
1601 65 46
1601 66 40
1601 67 0
1601 68 0
1601 69 42
1601 70 41
1601 71 39
1601 72 43
1601 73 39
1601 74 47
1601 75 40
1601 76 31
1601 77 40
1601 78 0
1601 79 0
1601 80 0
1601 81 28
1601 82 43
1601 83 41
1601 84 41
1601 85 48
1601 86 31
1601 87 44
1601 88 42
1601 89 41
1601 90 35
1601 91 41
1601 92 37
1601 93 42
1601 94 0
1601 95 50
1601 96 39
1601 97 40
1601 98 39
1601 99 0
1601 100 38
1601 101 42
1601 102 40
1601 103 39
1601 104 33
1601 105 16
1601 106 42
1601 107 40
1601 108 40
1601 109 48
1601 110 41
1601 111 47
1601 112 42
1601 113 41
1601 114 36
1601 115 49
1601 116 0
1601 117 40
1601 118 37
1601 119 33
1601 120 41
1601 121 36
1626 1 46
1626 2 42
1626 3 42
1626 4 42
1626 5 45
1626 6 40
1626 7 38
1626 8 43
1626 9 0
1626 10 0
1626 11 0
1626 12 39
1626 13 46
1626 14 39
1626 15 33
1626 16 42
1626 17 42
1626 18 44
1626 19 47
1626 20 0
1626 21 0
1626 22 0
1626 23 40
1626 24 36
1626 25 40
1626 26 0
1626 27 41
1626 28 30
1626 29 52
1626 30 40
1626 31 0
1626 32 0
1626 33 0
1626 34 39
1626 35 40
1626 36 42
1626 37 0
1626 38 39
1626 39 43
1626 40 38
1626 41 39
1626 42 43
1626 43 0
1626 44 0
1626 45 0
1626 46 0
1626 47 47
1626 48 31
1626 49 41
1626 50 30
1626 51 37
1626 52 45
1626 53 35
1626 54 0
1626 55 0
1626 56 0
1626 57 0
1626 58 38
1626 59 36
1626 60 39
1626 61 41
1626 62 44
1626 63 36
1626 64 43
1626 65 42
1626 66 41
1626 67 0
1626 68 0
1626 69 42
1626 70 37
1626 71 37
1626 72 39
1626 73 42
1626 74 53
1626 75 30
1626 76 37
1626 77 41
1626 78 0
1626 79 0
1626 80 0
1626 81 38
1626 82 40
1626 83 36
1626 84 45
1626 85 43
1626 86 32
1626 87 40
1626 88 38
1626 89 41
1626 90 41
1626 91 43
1626 92 42
1626 93 47
1626 94 0
1626 95 44
1626 96 43
1626 97 41
1626 98 35
1626 99 0
1626 100 45
1626 101 43
1626 102 37
1626 103 42
1626 104 34
1626 105 17
1626 106 42
1626 107 42
1626 108 38
1626 109 41
1626 110 40
1626 111 45
1626 112 41
1626 113 38
1626 114 35
1626 115 50
1626 116 0
1626 117 37
1626 118 40
1626 119 40
1626 120 42
1626 121 35
1651 1 43
1651 2 40
1651 3 40
1651 4 40
1651 5 46
1651 6 43
1651 7 36
1651 8 40
1651 9 0
1651 10 0
1651 11 0
1651 12 42
1651 13 39
1651 14 34
1651 15 30
1651 16 43
1651 17 40
1651 18 41
1651 19 38
1651 20 0
1651 21 0
1651 22 0
1651 23 36
1651 24 37
1651 25 38
1651 26 0
1651 27 38
1651 28 44
1651 29 41
1651 30 42
1651 31 0
1651 32 0
1651 33 0
1651 34 40
1651 35 43
1651 36 42
1651 37 0
1651 38 39
1651 39 42
1651 40 38
1651 41 39
1651 42 40
1651 43 0
1651 44 0
1651 45 0
1651 46 0
1651 47 40
1651 48 39
1651 49 37
1651 50 29
1651 51 40
1651 52 40
1651 53 43
1651 54 0
1651 55 0
1651 56 0
1651 57 0
1651 58 33
1651 59 32
1651 60 37
1651 61 40
1651 62 35
1651 63 41
1651 64 39
1651 65 40
1651 66 41
1651 67 0
1651 68 0
1651 69 45
1651 70 41
1651 71 40
1651 72 40
1651 73 40
1651 74 50
1651 75 39
1651 76 40
1651 77 39
1651 78 0
1651 79 0
1651 80 0
1651 81 33
1651 82 39
1651 83 37
1651 84 41
1651 85 40
1651 86 34
1651 87 41
1651 88 40
1651 89 46
1651 90 30
1651 91 41
1651 92 34
1651 93 41
1651 94 0
1651 95 41
1651 96 48
1651 97 40
1651 98 38
1651 99 0
1651 100 50
1651 101 40
1651 102 43
1651 103 41
1651 104 30
1651 105 13
1651 106 44
1651 107 34
1651 108 40
1651 109 40
1651 110 36
1651 111 48
1651 112 40
1651 113 39
1651 114 40
1651 115 50
1651 116 0
1651 117 38
1651 118 41
1651 119 36
1651 120 42
1651 121 39
1676 1 40
1676 2 40
1676 3 45
1676 4 40
1676 5 42
1676 6 42
1676 7 42
1676 8 39
1676 9 0
1676 10 0
1676 11 0
1676 12 40
1676 13 42
1676 14 38
1676 15 31
1676 16 39
1676 17 43
1676 18 38
1676 19 40
1676 20 0
1676 21 0
1676 22 0
1676 23 42
1676 24 36
1676 25 40
1676 26 0
1676 27 41
1676 28 33
1676 29 48
1676 30 32
1676 31 0
1676 32 0
1676 33 0
1676 34 41
1676 35 41
1676 36 44
1676 37 0
1676 38 38
1676 39 42
1676 40 30
1676 41 45
1676 42 33
1676 43 0
1676 44 0
1676 45 0
1676 46 0
1676 47 43
1676 48 36
1676 49 37
1676 50 30
1676 51 38
1676 52 45
1676 53 39
1676 54 0
1676 55 0
1676 56 0
1676 57 0
1676 58 34
1676 59 30
1676 60 41
1676 61 38
1676 62 38
1676 63 39
1676 64 38
1676 65 45
1676 66 39
1676 67 0
1676 68 0
1676 69 37
1676 70 41
1676 71 37
1676 72 41
1676 73 41
1676 74 51
1676 75 40
1676 76 40
1676 77 43
1676 78 0
1676 79 0
1676 80 0
1676 81 30
1676 82 42
1676 83 47
1676 84 42
1676 85 41
1676 86 33
1676 87 40
1676 88 40
1676 89 47
1676 90 40
1676 91 39
1676 92 39
1676 93 41
1676 94 0
1676 95 41
1676 96 40
1676 97 36
1676 98 39
1676 99 0
1676 100 48
1676 101 40
1676 102 37
1676 103 38
1676 104 29
1676 105 10
1676 106 37
1676 107 33
1676 108 42
1676 109 41
1676 110 44
1676 111 40
1676 112 40
1676 113 39
1676 114 37
1676 115 53
1676 116 0
1676 117 41
1676 118 44
1676 119 34
1676 120 40
1676 121 33
1701 1 41
1701 2 40
1701 3 40
1701 4 41
1701 5 43
1701 6 41
1701 7 39
1701 8 39
1701 9 0
1701 10 0
1701 11 0
1701 12 45
1701 13 44
1701 14 36
1701 15 31
1701 16 43
1701 17 42
1701 18 38
1701 19 40
1701 20 0
1701 21 0
1701 22 0
1701 23 39
1701 24 38
1701 25 40
1701 26 0
1701 27 42
1701 28 38
1701 29 41
1701 30 40
1701 31 0
1701 32 0
1701 33 0
1701 34 39
1701 35 40
1701 36 46
1701 37 0
1701 38 31
1701 39 49
1701 40 37
1701 41 43
1701 42 34
1701 43 0
1701 44 0
1701 45 0
1701 46 0
1701 47 39
1701 48 43
1701 49 39
1701 50 31
1701 51 41
1701 52 40
1701 53 41
1701 54 0
1701 55 0
1701 56 0
1701 57 0
1701 58 40
1701 59 30
1701 60 40
1701 61 44
1701 62 44
1701 63 39
1701 64 45
1701 65 48
1701 66 41
1701 67 0
1701 68 0
1701 69 42
1701 70 38
1701 71 40
1701 72 42
1701 73 41
1701 74 48
1701 75 40
1701 76 40
1701 77 44
1701 78 0
1701 79 0
1701 80 0
1701 81 35
1701 82 40
1701 83 49
1701 84 44
1701 85 49
1701 86 28
1701 87 39
1701 88 38
1701 89 40
1701 90 39
1701 91 41
1701 92 41
1701 93 45
1701 94 0
1701 95 39
1701 96 40
1701 97 40
1701 98 38
1701 99 0
1701 100 41
1701 101 46
1701 102 34
1701 103 39
1701 104 31
1701 105 6
1701 106 36
1701 107 33
1701 108 39
1701 109 41
1701 110 33
1701 111 50
1701 112 42
1701 113 38
1701 114 40
1701 115 50
1701 116 0
1701 117 39
1701 118 42
1701 119 38
1701 120 44
1701 121 41
1726 1 37
1726 2 39
1726 3 40
1726 4 36
1726 5 40
1726 6 39
1726 7 40
1726 8 43
1726 9 0
1726 10 0
1726 11 0
1726 12 47
1726 13 44
1726 14 46
1726 15 33
1726 16 41
1726 17 39
1726 18 39
1726 19 43
1726 20 0
1726 21 0
1726 22 0
1726 23 40
1726 24 40
1726 25 43
1726 26 0
1726 27 40
1726 28 38
1726 29 41
1726 30 40
1726 31 0
1726 32 0
1726 33 0
1726 34 43
1726 35 38
1726 36 40
1726 37 0
1726 38 38
1726 39 39
1726 40 36
1726 41 44
1726 42 36
1726 43 0
1726 44 0
1726 45 0
1726 46 0
1726 47 41
1726 48 33
1726 49 40
1726 50 32
1726 51 33
1726 52 43
1726 53 38
1726 54 0
1726 55 0
1726 56 0
1726 57 0
1726 58 38
1726 59 38
1726 60 42
1726 61 39
1726 62 39
1726 63 48
1726 64 38
1726 65 40
1726 66 41
1726 67 0
1726 68 0
1726 69 40
1726 70 40
1726 71 40
1726 72 40
1726 73 37
1726 74 42
1726 75 30
1726 76 43
1726 77 34
1726 78 0
1726 79 0
1726 80 0
1726 81 40
1726 82 40
1726 83 39
1726 84 41
1726 85 39
1726 86 32
1726 87 40
1726 88 42
1726 89 42
1726 90 40
1726 91 40
1726 92 38
1726 93 44
1726 94 0
1726 95 40
1726 96 39
1726 97 42
1726 98 44
1726 99 0
1726 100 40
1726 101 40
1726 102 32
1726 103 41
1726 104 30
1726 105 10
1726 106 41
1726 107 40
1726 108 42
1726 109 45
1726 110 39
1726 111 47
1726 112 40
1726 113 38
1726 114 40
1726 115 39
1726 116 0
1726 117 30
1726 118 41
1726 119 33
1726 120 40
1726 121 38
1751 1 39
1751 2 40
1751 3 40
1751 4 44
1751 5 41
1751 6 40
1751 7 38
1751 8 38
1751 9 0
1751 10 0
1751 11 0
1751 12 40
1751 13 44
1751 14 36
1751 15 35
1751 16 44
1751 17 39
1751 18 38
1751 19 32
1751 20 0
1751 21 0
1751 22 0
1751 23 42
1751 24 39
1751 25 40
1751 26 0
1751 27 45
1751 28 38
1751 29 41
1751 30 38
1751 31 0
1751 32 0
1751 33 0
1751 34 44
1751 35 39
1751 36 40
1751 37 0
1751 38 38
1751 39 39
1751 40 40
1751 41 41
1751 42 35
1751 43 0
1751 44 0
1751 45 0
1751 46 0
1751 47 39
1751 48 33
1751 49 37
1751 50 38
1751 51 42
1751 52 32
1751 53 40
1751 54 0
1751 55 0
1751 56 0
1751 57 0
1751 58 32
1751 59 37
1751 60 38
1751 61 39
1751 62 39
1751 63 42
1751 64 44
1751 65 42
1751 66 43
1751 67 0
1751 68 0
1751 69 40
1751 70 41
1751 71 36
1751 72 41
1751 73 41
1751 74 47
1751 75 39
1751 76 37
1751 77 42
1751 78 0
1751 79 0
1751 80 0
1751 81 31
1751 82 40
1751 83 41
1751 84 41
1751 85 48
1751 86 34
1751 87 45
1751 88 40
1751 89 40
1751 90 32
1751 91 39
1751 92 37
1751 93 39
1751 94 0
1751 95 41
1751 96 43
1751 97 41
1751 98 39
1751 99 0
1751 100 51
1751 101 39
1751 102 33
1751 103 38
1751 104 30
1751 105 10
1751 106 40
1751 107 38
1751 108 41
1751 109 49
1751 110 40
1751 111 41
1751 112 41
1751 113 40
1751 114 40
1751 115 51
1751 116 0
1751 117 35
1751 118 45
1751 119 40
1751 120 36
1751 121 40
1776 1 39
1776 2 43
1776 3 50
1776 4 46
1776 5 43
1776 6 40
1776 7 42
1776 8 41
1776 9 0
1776 10 0
1776 11 0
1776 12 46
1776 13 46
1776 14 36
1776 15 30
1776 16 46
1776 17 42
1776 18 39
1776 19 40
1776 20 0
1776 21 0
1776 22 0
1776 23 37
1776 24 39
1776 25 39
1776 26 0
1776 27 38
1776 28 30
1776 29 44
1776 30 43
1776 31 0
1776 32 0
1776 33 0
1776 34 41
1776 35 42
1776 36 39
1776 37 0
1776 38 39
1776 39 38
1776 40 36
1776 41 44
1776 42 38
1776 43 0
1776 44 0
1776 45 0
1776 46 0
1776 47 51
1776 48 38
1776 49 43
1776 50 29
1776 51 46
1776 52 34
1776 53 37
1776 54 0
1776 55 0
1776 56 0
1776 57 0
1776 58 41
1776 59 40
1776 60 42
1776 61 41
1776 62 38
1776 63 40
1776 64 42
1776 65 41
1776 66 35
1776 67 0
1776 68 0
1776 69 40
1776 70 40
1776 71 36
1776 72 45
1776 73 38
1776 74 49
1776 75 38
1776 76 37
1776 77 42
1776 78 0
1776 79 0
1776 80 0
1776 81 32
1776 82 42
1776 83 49
1776 84 43
1776 85 41
1776 86 29
1776 87 45
1776 88 41
1776 89 44
1776 90 37
1776 91 44
1776 92 44
1776 93 40
1776 94 0
1776 95 43
1776 96 41
1776 97 39
1776 98 39
1776 99 0
1776 100 46
1776 101 39
1776 102 35
1776 103 41
1776 104 33
1776 105 0
1776 106 40
1776 107 40
1776 108 37
1776 109 40
1776 110 31
1776 111 44
1776 112 43
1776 113 37
1776 114 36
1776 115 50
1776 116 0
1776 117 37
1776 118 39
1776 119 36
1776 120 39
1776 121 47
1801 1 43
1801 2 43
1801 3 40
1801 4 39
1801 5 45
1801 6 43
1801 7 40
1801 8 41
1801 9 0
1801 10 0
1801 11 0
1801 12 41
1801 13 41
1801 14 37
1801 15 35
1801 16 44
1801 17 39
1801 18 44
1801 19 41
1801 20 0
1801 21 0
1801 22 0
1801 23 40
1801 24 39
1801 25 38
1801 26 0
1801 27 38
1801 28 37
1801 29 41
1801 30 45
1801 31 0
1801 32 0
1801 33 0
1801 34 44
1801 35 39
1801 36 44
1801 37 0
1801 38 39
1801 39 40
1801 40 34
1801 41 50
1801 42 35
1801 43 0
1801 44 0
1801 45 0
1801 46 0
1801 47 46
1801 48 33
1801 49 31
1801 50 27
1801 51 42
1801 52 39
1801 53 40
1801 54 0
1801 55 0
1801 56 0
1801 57 0
1801 58 40
1801 59 37
1801 60 33
1801 61 40
1801 62 37
1801 63 44
1801 64 39
1801 65 42
1801 66 39
1801 67 0
1801 68 0
1801 69 40
1801 70 40
1801 71 32
1801 72 40
1801 73 46
1801 74 49
1801 75 39
1801 76 40
1801 77 40
1801 78 0
1801 79 0
1801 80 0
1801 81 35
1801 82 40
1801 83 45
1801 84 41
1801 85 41
1801 86 37
1801 87 38
1801 88 37
1801 89 43
1801 90 36
1801 91 42
1801 92 38
1801 93 49
1801 94 0
1801 95 42
1801 96 40
1801 97 39
1801 98 38
1801 99 0
1801 100 50
1801 101 39
1801 102 38
1801 103 39
1801 104 32
1801 105 0
1801 106 37
1801 107 36
1801 108 40
1801 109 38
1801 110 40
1801 111 45
1801 112 45
1801 113 41
1801 114 34
1801 115 57
1801 116 0
1801 117 30
1801 118 38
1801 119 30
1801 120 35
1801 121 41
1826 1 42
1826 2 40
1826 3 41
1826 4 41
1826 5 39
1826 6 42
1826 7 40
1826 8 39
1826 9 0
1826 10 0
1826 11 0
1826 12 43
1826 13 45
1826 14 40
1826 15 33
1826 16 42
1826 17 42
1826 18 37
1826 19 43
1826 20 0
1826 21 0
1826 22 0
1826 23 45
1826 24 29
1826 25 35
1826 26 0
1826 27 39
1826 28 41
1826 29 43
1826 30 41
1826 31 0
1826 32 0
1826 33 0
1826 34 42
1826 35 42
1826 36 38
1826 37 0
1826 38 31
1826 39 41
1826 40 37
1826 41 41
1826 42 41
1826 43 0
1826 44 0
1826 45 0
1826 46 0
1826 47 41
1826 48 36
1826 49 39
1826 50 29
1826 51 38
1826 52 40
1826 53 41
1826 54 0
1826 55 0
1826 56 0
1826 57 0
1826 58 40
1826 59 37
1826 60 35
1826 61 39
1826 62 41
1826 63 41
1826 64 36
1826 65 41
1826 66 43
1826 67 0
1826 68 0
1826 69 40
1826 70 37
1826 71 39
1826 72 39
1826 73 41
1826 74 52
1826 75 33
1826 76 40
1826 77 37
1826 78 0
1826 79 0
1826 80 0
1826 81 37
1826 82 39
1826 83 38
1826 84 38
1826 85 48
1826 86 33
1826 87 40
1826 88 37
1826 89 35
1826 90 33
1826 91 40
1826 92 39
1826 93 43
1826 94 0
1826 95 43
1826 96 43
1826 97 39
1826 98 39
1826 99 0
1826 100 48
1826 101 37
1826 102 40
1826 103 40
1826 104 31
1826 105 0
1826 106 44
1826 107 40
1826 108 40
1826 109 41
1826 110 41
1826 111 36
1826 112 36
1826 113 39
1826 114 40
1826 115 54
1826 116 0
1826 117 36
1826 118 40
1826 119 38
1826 120 41
1826 121 38
1851 1 38
1851 2 39
1851 3 51
1851 4 45
1851 5 42
1851 6 42
1851 7 42
1851 8 45
1851 9 0
1851 10 0
1851 11 0
1851 12 36
1851 13 46
1851 14 33
1851 15 28
1851 16 41
1851 17 43
1851 18 40
1851 19 39
1851 20 0
1851 21 0
1851 22 0
1851 23 39
1851 24 39
1851 25 40
1851 26 0
1851 27 40
1851 28 44
1851 29 48
1851 30 37
1851 31 0
1851 32 0
1851 33 0
1851 34 42
1851 35 41
1851 36 40
1851 37 0
1851 38 35
1851 39 39
1851 40 40
1851 41 43
1851 42 33
1851 43 0
1851 44 0
1851 45 0
1851 46 0
1851 47 40
1851 48 36
1851 49 36
1851 50 32
1851 51 40
1851 52 44
1851 53 35
1851 54 0
1851 55 0
1851 56 0
1851 57 0
1851 58 32
1851 59 35
1851 60 37
1851 61 38
1851 62 40
1851 63 41
1851 64 37
1851 65 39
1851 66 42
1851 67 0
1851 68 0
1851 69 42
1851 70 43
1851 71 38
1851 72 40
1851 73 35
1851 74 50
1851 75 38
1851 76 40
1851 77 39
1851 78 0
1851 79 0
1851 80 0
1851 81 30
1851 82 40
1851 83 47
1851 84 36
1851 85 43
1851 86 39
1851 87 39
1851 88 41
1851 89 38
1851 90 38
1851 91 41
1851 92 40
1851 93 42
1851 94 0
1851 95 42
1851 96 39
1851 97 41
1851 98 42
1851 99 0
1851 100 41
1851 101 41
1851 102 40
1851 103 38
1851 104 35
1851 105 0
1851 106 43
1851 107 32
1851 108 40
1851 109 41
1851 110 42
1851 111 50
1851 112 40
1851 113 41
1851 114 39
1851 115 54
1851 116 0
1851 117 37
1851 118 41
1851 119 35
1851 120 39
1851 121 38
1876 1 41
1876 2 41
1876 3 40
1876 4 40
1876 5 35
1876 6 43
1876 7 35
1876 8 39
1876 9 0
1876 10 0
1876 11 0
1876 12 41
1876 13 39
1876 14 36
1876 15 32
1876 16 43
1876 17 40
1876 18 40
1876 19 41
1876 20 0
1876 21 0
1876 22 0
1876 23 38
1876 24 32
1876 25 39
1876 26 0
1876 27 39
1876 28 38
1876 29 40
1876 30 39
1876 31 0
1876 32 0
1876 33 0
1876 34 39
1876 35 43
1876 36 39
1876 37 0
1876 38 38
1876 39 39
1876 40 40
1876 41 49
1876 42 40
1876 43 0
1876 44 0
1876 45 0
1876 46 0
1876 47 40
1876 48 34
1876 49 41
1876 50 36
1876 51 40
1876 52 41
1876 53 40
1876 54 0
1876 55 0
1876 56 0
1876 57 0
1876 58 36
1876 59 39
1876 60 39
1876 61 40
1876 62 41
1876 63 41
1876 64 41
1876 65 44
1876 66 40
1876 67 0
1876 68 0
1876 69 39
1876 70 40
1876 71 36
1876 72 42
1876 73 42
1876 74 45
1876 75 37
1876 76 37
1876 77 38
1876 78 0
1876 79 0
1876 80 0
1876 81 30
1876 82 36
1876 83 39
1876 84 42
1876 85 47
1876 86 34
1876 87 44
1876 88 42
1876 89 44
1876 90 40
1876 91 40
1876 92 40
1876 93 43
1876 94 0
1876 95 40
1876 96 40
1876 97 48
1876 98 41
1876 99 0
1876 100 49
1876 101 36
1876 102 30
1876 103 36
1876 104 37
1876 105 0
1876 106 42
1876 107 35
1876 108 40
1876 109 43
1876 110 43
1876 111 48
1876 112 41
1876 113 39
1876 114 35
1876 115 49
1876 116 0
1876 117 40
1876 118 42
1876 119 37
1876 120 34
1876 121 41
1901 1 41
1901 2 39
1901 3 41
1901 4 51
1901 5 44
1901 6 46
1901 7 36
1901 8 42
1901 9 0
1901 10 0
1901 11 0
1901 12 47
1901 13 43
1901 14 31
1901 15 28
1901 16 43
1901 17 39
1901 18 43
1901 19 42
1901 20 0
1901 21 0
1901 22 0
1901 23 38
1901 24 40
1901 25 40
1901 26 0
1901 27 40
1901 28 38
1901 29 40
1901 30 36
1901 31 0
1901 32 0
1901 33 0
1901 34 42
1901 35 40
1901 36 42
1901 37 0
1901 38 34
1901 39 33
1901 40 35
1901 41 41
1901 42 31
1901 43 0
1901 44 0
1901 45 0
1901 46 0
1901 47 43
1901 48 38
1901 49 40
1901 50 31
1901 51 39
1901 52 36
1901 53 42
1901 54 0
1901 55 0
1901 56 0
1901 57 0
1901 58 41
1901 59 35
1901 60 39
1901 61 43
1901 62 41
1901 63 40
1901 64 39
1901 65 44
1901 66 40
1901 67 0
1901 68 0
1901 69 37
1901 70 42
1901 71 36
1901 72 43
1901 73 41
1901 74 55
1901 75 38
1901 76 42
1901 77 41
1901 78 0
1901 79 0
1901 80 0
1901 81 40
1901 82 40
1901 83 40
1901 84 43
1901 85 50
1901 86 35
1901 87 40
1901 88 39
1901 89 45
1901 90 42
1901 91 44
1901 92 38
1901 93 46
1901 94 0
1901 95 42
1901 96 41
1901 97 40
1901 98 35
1901 99 0
1901 100 50
1901 101 46
1901 102 40
1901 103 37
1901 104 35
1901 105 0
1901 106 50
1901 107 34
1901 108 40
1901 109 38
1901 110 40
1901 111 51
1901 112 39
1901 113 41
1901 114 39
1901 115 51
1901 116 0
1901 117 37
1901 118 40
1901 119 29
1901 120 41
1901 121 35
1926 1 42
1926 2 38
1926 3 41
1926 4 39
1926 5 42
1926 6 38
1926 7 37
1926 8 41
1926 9 0
1926 10 0
1926 11 0
1926 12 41
1926 13 44
1926 14 40
1926 15 36
1926 16 42
1926 17 44
1926 18 40
1926 19 41
1926 20 0
1926 21 0
1926 22 0
1926 23 35
1926 24 35
1926 25 45
1926 26 0
1926 27 40
1926 28 39
1926 29 47
1926 30 37
1926 31 0
1926 32 0
1926 33 0
1926 34 42
1926 35 40
1926 36 40
1926 37 0
1926 38 39
1926 39 41
1926 40 38
1926 41 41
1926 42 40
1926 43 0
1926 44 0
1926 45 0
1926 46 0
1926 47 41
1926 48 31
1926 49 41
1926 50 32
1926 51 43
1926 52 43
1926 53 38
1926 54 0
1926 55 0
1926 56 0
1926 57 0
1926 58 40
1926 59 40
1926 60 35
1926 61 40
1926 62 38
1926 63 40
1926 64 39
1926 65 39
1926 66 38
1926 67 0
1926 68 0
1926 69 45
1926 70 40
1926 71 40
1926 72 40
1926 73 40
1926 74 52
1926 75 36
1926 76 33
1926 77 40
1926 78 0
1926 79 0
1926 80 0
1926 81 36
1926 82 39
1926 83 43
1926 84 37
1926 85 40
1926 86 30
1926 87 48
1926 88 33
1926 89 44
1926 90 42
1926 91 40
1926 92 35
1926 93 37
1926 94 0
1926 95 43
1926 96 39
1926 97 40
1926 98 40
1926 99 0
1926 100 47
1926 101 40
1926 102 31
1926 103 40
1926 104 30
1926 105 0
1926 106 45
1926 107 41
1926 108 45
1926 109 45
1926 110 39
1926 111 47
1926 112 41
1926 113 42
1926 114 40
1926 115 50
1926 116 0
1926 117 42
1926 118 42
1926 119 31
1926 120 40
1926 121 43
1951 1 36
1951 2 40
1951 3 38
1951 4 41
1951 5 45
1951 6 48
1951 7 48
1951 8 40
1951 9 0
1951 10 0
1951 11 0
1951 12 43
1951 13 40
1951 14 38
1951 15 29
1951 16 40
1951 17 43
1951 18 43
1951 19 40
1951 20 0
1951 21 0
1951 22 0
1951 23 41
1951 24 39
1951 25 40
1951 26 0
1951 27 41
1951 28 37
1951 29 40
1951 30 42
1951 31 0
1951 32 0
1951 33 0
1951 34 41
1951 35 42
1951 36 44
1951 37 0
1951 38 40
1951 39 37
1951 40 38
1951 41 41
1951 42 40
1951 43 0
1951 44 0
1951 45 0
1951 46 0
1951 47 37
1951 48 35
1951 49 39
1951 50 30
1951 51 38
1951 52 37
1951 53 39
1951 54 0
1951 55 0
1951 56 0
1951 57 0
1951 58 35
1951 59 38
1951 60 40
1951 61 37
1951 62 41
1951 63 38
1951 64 39
1951 65 50
1951 66 41
1951 67 0
1951 68 0
1951 69 43
1951 70 40
1951 71 49
1951 72 46
1951 73 41
1951 74 51
1951 75 40
1951 76 36
1951 77 39
1951 78 0
1951 79 0
1951 80 0
1951 81 32
1951 82 41
1951 83 39
1951 84 40
1951 85 40
1951 86 36
1951 87 39
1951 88 41
1951 89 43
1951 90 40
1951 91 39
1951 92 36
1951 93 37
1951 94 0
1951 95 40
1951 96 40
1951 97 40
1951 98 42
1951 99 0
1951 100 48
1951 101 40
1951 102 35
1951 103 31
1951 104 29
1951 105 0
1951 106 39
1951 107 39
1951 108 41
1951 109 41
1951 110 41
1951 111 49
1951 112 42
1951 113 38
1951 114 40
1951 115 51
1951 116 0
1951 117 33
1951 118 40
1951 119 36
1951 120 34
1951 121 40
1976 1 36
1976 2 40
1976 3 40
1976 4 41
1976 5 39
1976 6 46
1976 7 44
1976 8 43
1976 9 0
1976 10 0
1976 11 0
1976 12 44
1976 13 39
1976 14 39
1976 15 36
1976 16 42
1976 17 41
1976 18 39
1976 19 37
1976 20 0
1976 21 0
1976 22 0
1976 23 43
1976 24 40
1976 25 42
1976 26 0
1976 27 39
1976 28 36
1976 29 38
1976 30 34
1976 31 0
1976 32 0
1976 33 0
1976 34 42
1976 35 43
1976 36 40
1976 37 0
1976 38 43
1976 39 35
1976 40 38
1976 41 40
1976 42 40
1976 43 0
1976 44 0
1976 45 0
1976 46 0
1976 47 41
1976 48 34
1976 49 42
1976 50 29
1976 51 39
1976 52 45
1976 53 40
1976 54 0
1976 55 0
1976 56 0
1976 57 0
1976 58 40
1976 59 34
1976 60 40
1976 61 39
1976 62 44
1976 63 41
1976 64 45
1976 65 39
1976 66 42
1976 67 0
1976 68 0
1976 69 40
1976 70 39
1976 71 40
1976 72 38
1976 73 35
1976 74 46
1976 75 34
1976 76 36
1976 77 41
1976 78 0
1976 79 0
1976 80 0
1976 81 31
1976 82 38
1976 83 42
1976 84 39
1976 85 41
1976 86 39
1976 87 40
1976 88 37
1976 89 42
1976 90 39
1976 91 45
1976 92 43
1976 93 44
1976 94 0
1976 95 49
1976 96 43
1976 97 38
1976 98 38
1976 99 0
1976 100 47
1976 101 42
1976 102 32
1976 103 36
1976 104 28
1976 105 0
1976 106 39
1976 107 39
1976 108 40
1976 109 40
1976 110 34
1976 111 43
1976 112 40
1976 113 41
1976 114 37
1976 115 50
1976 116 0
1976 117 40
1976 118 34
1976 119 31
1976 120 45
1976 121 40
