1 4649
26 3634
51 3562
76 3500
101 3567
126 3547
151 3545
176 3547
201 3490
226 3569
251 3514
276 3561
301 3540
326 3553
351 3514
376 3567
401 3527
426 3522
451 3548
476 3535
501 3496
526 3521
551 3556
576 3534
601 3555
626 3491
651 3581
676 3572
701 3552
726 3486
751 3579
776 3506
801 3512
826 3491
851 3516
876 3491
901 3551
926 3443
951 3536
976 3542
1001 3527
1026 3474
1051 3514
1076 3546
1101 3560
1126 3496
1151 3529
1176 3512
1201 3492
1226 3484
1251 3510
1276 3535
1301 3497
1326 3501
1351 3538
1376 3523
1401 3538
1426 3530
1451 3534
1476 3534
1501 3477
1526 3540
1551 3446
1576 3493
1601 3521
1626 3494
1651 3497
1676 3529
1701 3455
1726 3513
1751 3471
1776 3504
1801 3509
1826 3502
1851 3503
1876 3494
1901 3554
1926 3435
1951 3506
1976 3483
