1 1 43
1 2 42
1 3 43
1 4 41
1 5 43
1 6 26
1 7 38
1 8 46
1 9 38
1 10 46
1 11 40
1 12 36
1 13 48
1 14 46
1 15 50
1 16 41
1 17 42
1 18 36
1 19 32
1 20 34
1 21 43
1 22 32
1 23 28
1 24 47
1 25 37
1 26 40
1 27 47
1 28 34
1 29 30
1 30 35
1 31 38
1 32 41
1 33 28
1 34 41
1 35 38
1 36 43
1 37 43
1 38 42
1 39 40
1 40 38
1 41 31
1 42 37
1 43 34
1 44 32
1 45 39
1 46 37
1 47 41
1 48 43
1 49 46
1 50 39
1 51 32
1 52 41
1 53 38
1 54 36
1 55 30
1 56 29
1 57 29
1 58 52
1 59 40
1 60 38
1 61 38
1 62 44
1 63 31
1 64 37
1 65 37
1 66 40
1 67 30
1 68 32
1 69 46
1 70 43
1 71 41
1 72 50
1 73 38
1 74 45
1 75 40
1 76 33
1 77 31
1 78 20
1 79 31
1 80 33
1 81 40
1 82 44
1 83 44
1 84 40
1 85 38
1 86 40
1 87 49
1 88 40
1 89 38
1 90 42
1 91 37
1 92 40
1 93 31
1 94 33
1 95 41
1 96 43
1 97 40
1 98 48
1 99 39
1 100 30
1 101 39
1 102 37
1 103 33
1 104 32
1 105 34
1 106 42
1 107 42
1 108 40
1 109 39
1 110 43
1 111 32
1 112 33
1 113 33
1 114 27
1 115 29
1 116 33
1 117 37
1 118 40
1 119 28
1 120 41
1 121 39
26 1 47
26 2 39
26 3 40
26 4 38
26 5 40
26 6 0
26 7 0
26 8 14
26 9 41
26 10 42
26 11 44
26 12 44
26 13 41
26 14 42
26 15 48
26 16 39
26 17 37
26 18 15
26 19 0
26 20 10
26 21 0
26 22 0
26 23 30
26 24 40
26 25 44
26 26 40
26 27 45
26 28 41
26 29 0
26 30 0
26 31 0
26 32 41
26 33 12
26 34 41
26 35 41
26 36 46
26 37 39
26 38 47
26 39 44
26 40 37
26 41 0
26 42 0
26 43 0
26 44 0
26 45 0
26 46 39
26 47 43
26 48 40
26 49 50
26 50 38
26 51 0
26 52 39
26 53 0
26 54 0
26 55 0
26 56 0
26 57 0
26 58 41
26 59 41
26 60 41
26 61 43
26 62 44
26 63 0
26 64 0
26 65 20
26 66 49
26 67 0
26 68 0
26 69 40
26 70 39
26 71 44
26 72 51
26 73 9
26 74 15
26 75 6
26 76 0
26 77 0
26 78 17
26 79 0
26 80 0
26 81 42
26 82 39
26 83 42
26 84 35
26 85 36
26 86 42
26 87 44
26 88 40
26 89 0
26 90 39
26 91 13
26 92 39
26 93 40
26 94 36
26 95 42
26 96 36
26 97 30
26 98 41
26 99 46
26 100 0
26 101 8
26 102 0
26 103 0
26 104 20
26 105 17
26 106 40
26 107 37
26 108 42
26 109 40
26 110 43
26 111 0
26 112 0
26 113 2
26 114 0
26 115 0
26 116 0
26 117 25
26 118 0
26 119 0
26 120 41
26 121 45
51 1 42
51 2 43
51 3 46
51 4 44
51 5 41
51 6 0
51 7 0
51 8 8
51 9 39
51 10 40
51 11 41
51 12 47
51 13 52
51 14 40
51 15 50
51 16 40
51 17 40
51 18 23
51 19 0
51 20 0
51 21 0
51 22 0
51 23 30
51 24 40
51 25 42
51 26 40
51 27 46
51 28 38
51 29 0
51 30 0
51 31 0
51 32 46
51 33 11
51 34 44
51 35 44
51 36 45
51 37 51
51 38 42
51 39 38
51 40 41
51 41 0
51 42 0
51 43 0
51 44 0
51 45 0
51 46 40
51 47 45
51 48 40
51 49 44
51 50 37
51 51 0
51 52 38
51 53 0
51 54 0
51 55 0
51 56 0
51 57 0
51 58 50
51 59 41
51 60 42
51 61 41
51 62 40
51 63 0
51 64 0
51 65 21
51 66 47
51 67 0
51 68 0
51 69 39
51 70 40
51 71 42
51 72 47
51 73 0
51 74 19
51 75 0
51 76 0
51 77 0
51 78 13
51 79 0
51 80 0
51 81 37
51 82 43
51 83 40
51 84 34
51 85 32
51 86 42
51 87 50
51 88 41
51 89 0
51 90 34
51 91 0
51 92 41
51 93 42
51 94 39
51 95 39
51 96 43
51 97 31
51 98 49
51 99 45
51 100 0
51 101 0
51 102 0
51 103 0
51 104 19
51 105 14
51 106 41
51 107 40
51 108 50
51 109 31
51 110 39
51 111 0
51 112 0
51 113 0
51 114 0
51 115 0
51 116 0
51 117 19
51 118 0
51 119 0
51 120 39
51 121 38
76 1 40
76 2 40
76 3 39
76 4 37
76 5 40
76 6 0
76 7 0
76 8 10
76 9 38
76 10 44
76 11 38
76 12 45
76 13 44
76 14 37
76 15 42
76 16 30
76 17 41
76 18 23
76 19 0
76 20 0
76 21 0
76 22 0
76 23 33
76 24 39
76 25 41
76 26 40
76 27 44
76 28 33
76 29 0
76 30 0
76 31 0
76 32 42
76 33 9
76 34 40
76 35 38
76 36 42
76 37 41
76 38 40
76 39 42
76 40 42
76 41 0
76 42 0
76 43 0
76 44 0
76 45 0
76 46 41
76 47 51
76 48 42
76 49 41
76 50 41
76 51 0
76 52 39
76 53 0
76 54 0
76 55 0
76 56 0
76 57 0
76 58 49
76 59 41
76 60 39
76 61 41
76 62 38
76 63 0
76 64 0
76 65 19
76 66 49
76 67 0
76 68 0
76 69 40
76 70 39
76 71 44
76 72 50
76 73 0
76 74 15
76 75 0
76 76 0
76 77 0
76 78 14
76 79 0
76 80 0
76 81 41
76 82 42
76 83 42
76 84 41
76 85 29
76 86 41
76 87 50
76 88 49
76 89 0
76 90 36
76 91 0
76 92 40
76 93 41
76 94 40
76 95 38
76 96 40
76 97 33
76 98 39
76 99 42
76 100 0
76 101 0
76 102 0
76 103 0
76 104 18
76 105 14
76 106 52
76 107 37
76 108 42
76 109 38
76 110 40
76 111 0
76 112 0
76 113 0
76 114 0
76 115 0
76 116 0
76 117 23
76 118 0
76 119 0
76 120 41
76 121 40
101 1 43
101 2 38
101 3 46
101 4 40
101 5 41
101 6 0
101 7 0
101 8 10
101 9 40
101 10 48
101 11 39
101 12 46
101 13 49
101 14 40
101 15 50
101 16 37
101 17 44
101 18 20
101 19 0
101 20 0
101 21 0
101 22 0
101 23 32
101 24 38
101 25 46
101 26 42
101 27 43
101 28 37
101 29 0
101 30 0
101 31 0
101 32 41
101 33 9
101 34 40
101 35 39
101 36 48
101 37 40
101 38 41
101 39 37
101 40 40
101 41 0
101 42 0
101 43 0
101 44 0
101 45 0
101 46 34
101 47 42
101 48 39
101 49 45
101 50 41
101 51 0
101 52 45
101 53 0
101 54 0
101 55 0
101 56 0
101 57 0
101 58 47
101 59 41
101 60 38
101 61 35
101 62 42
101 63 0
101 64 0
101 65 22
101 66 50
101 67 0
101 68 0
101 69 39
101 70 39
101 71 38
101 72 46
101 73 0
101 74 17
101 75 0
101 76 0
101 77 0
101 78 19
101 79 0
101 80 0
101 81 43
101 82 43
101 83 39
101 84 40
101 85 27
101 86 39
101 87 51
101 88 40
101 89 0
101 90 39
101 91 0
101 92 41
101 93 40
101 94 44
101 95 41
101 96 49
101 97 41
101 98 49
101 99 50
101 100 0
101 101 0
101 102 0
101 103 0
101 104 19
101 105 9
101 106 39
101 107 40
101 108 40
101 109 41
101 110 40
101 111 0
101 112 0
101 113 0
101 114 0
101 115 0
101 116 0
101 117 19
101 118 0
101 119 0
101 120 40
101 121 40
126 1 41
126 2 40
126 3 39
126 4 39
126 5 40
126 6 0
126 7 0
126 8 12
126 9 38
126 10 40
126 11 40
126 12 46
126 13 43
126 14 49
126 15 45
126 16 36
126 17 35
126 18 18
126 19 0
126 20 0
126 21 0
126 22 0
126 23 29
126 24 35
126 25 41
126 26 33
126 27 45
126 28 40
126 29 0
126 30 0
126 31 0
126 32 43
126 33 12
126 34 40
126 35 46
126 36 40
126 37 41
126 38 43
126 39 41
126 40 38
126 41 0
126 42 0
126 43 0
126 44 0
126 45 0
126 46 40
126 47 44
126 48 47
126 49 40
126 50 39
126 51 0
126 52 39
126 53 0
126 54 0
126 55 0
126 56 0
126 57 0
126 58 55
126 59 39
126 60 43
126 61 35
126 62 44
126 63 0
126 64 0
126 65 17
126 66 51
126 67 0
126 68 0
126 69 40
126 70 40
126 71 47
126 72 49
126 73 0
126 74 19
126 75 0
126 76 0
126 77 0
126 78 18
126 79 0
126 80 0
126 81 43
126 82 42
126 83 37
126 84 43
126 85 34
126 86 44
126 87 48
126 88 48
126 89 0
126 90 32
126 91 0
126 92 39
126 93 39
126 94 35
126 95 44
126 96 36
126 97 38
126 98 49
126 99 40
126 100 0
126 101 0
126 102 0
126 103 0
126 104 20
126 105 9
126 106 40
126 107 40
126 108 42
126 109 40
126 110 40
126 111 0
126 112 0
126 113 0
126 114 0
126 115 0
126 116 0
126 117 19
126 118 0
126 119 0
126 120 43
126 121 40
151 1 43
151 2 42
151 3 40
151 4 43
151 5 41
151 6 0
151 7 0
151 8 12
151 9 40
151 10 49
151 11 39
151 12 41
151 13 50
151 14 41
151 15 45
151 16 37
151 17 33
151 18 20
151 19 0
151 20 0
151 21 0
151 22 0
151 23 35
151 24 40
151 25 39
151 26 41
151 27 46
151 28 38
151 29 0
151 30 0
151 31 0
151 32 40
151 33 16
151 34 42
151 35 48
151 36 52
151 37 40
151 38 45
151 39 45
151 40 41
151 41 0
151 42 0
151 43 0
151 44 0
151 45 0
151 46 40
151 47 46
151 48 41
151 49 40
151 50 33
151 51 0
151 52 40
151 53 0
151 54 0
151 55 0
151 56 0
151 57 0
151 58 49
151 59 40
151 60 41
151 61 41
151 62 39
151 63 0
151 64 0
151 65 11
151 66 46
151 67 0
151 68 0
151 69 38
151 70 36
151 71 40
151 72 48
151 73 0
151 74 21
151 75 0
151 76 0
151 77 0
151 78 17
151 79 0
151 80 0
151 81 41
151 82 42
151 83 46
151 84 42
151 85 29
151 86 35
151 87 49
151 88 41
151 89 0
151 90 43
151 91 0
151 92 40
151 93 41
151 94 30
151 95 39
151 96 44
151 97 35
151 98 47
151 99 45
151 100 0
151 101 0
151 102 0
151 103 0
151 104 16
151 105 17
151 106 48
151 107 41
151 108 46
151 109 39
151 110 37
151 111 0
151 112 0
151 113 0
151 114 0
151 115 0
151 116 0
151 117 23
151 118 0
151 119 0
151 120 43
151 121 41
176 1 40
176 2 40
176 3 49
176 4 40
176 5 39
176 6 0
176 7 0
176 8 15
176 9 41
176 10 47
176 11 46
176 12 39
176 13 49
176 14 38
176 15 39
176 16 40
176 17 41
176 18 20
176 19 0
176 20 0
176 21 0
176 22 0
176 23 33
176 24 36
176 25 38
176 26 40
176 27 46
176 28 36
176 29 0
176 30 0
176 31 0
176 32 30
176 33 10
176 34 43
176 35 34
176 36 46
176 37 39
176 38 46
176 39 43
176 40 41
176 41 0
176 42 0
176 43 0
176 44 0
176 45 0
176 46 37
176 47 43
176 48 42
176 49 43
176 50 39
176 51 0
176 52 42
176 53 0
176 54 0
176 55 0
176 56 0
176 57 0
176 58 41
176 59 38
176 60 36
176 61 40
176 62 38
176 63 0
176 64 0
176 65 16
176 66 52
176 67 0
176 68 0
176 69 43
176 70 42
176 71 42
176 72 51
176 73 0
176 74 10
176 75 0
176 76 0
176 77 0
176 78 20
176 79 0
176 80 0
176 81 40
176 82 39
176 83 40
176 84 39
176 85 33
176 86 42
176 87 49
176 88 40
176 89 0
176 90 40
176 91 0
176 92 38
176 93 42
176 94 39
176 95 40
176 96 47
176 97 31
176 98 46
176 99 40
176 100 0
176 101 0
176 102 0
176 103 0
176 104 20
176 105 20
176 106 42
176 107 38
176 108 42
176 109 39
176 110 40
176 111 0
176 112 0
176 113 0
176 114 0
176 115 0
176 116 0
176 117 20
176 118 0
176 119 0
176 120 38
176 121 42
201 1 41
201 2 41
201 3 41
201 4 40
201 5 38
201 6 0
201 7 0
201 8 10
201 9 41
201 10 43
201 11 39
201 12 39
201 13 47
201 14 49
201 15 38
201 16 33
201 17 38
201 18 22
201 19 0
201 20 0
201 21 0
201 22 0
201 23 32
201 24 40
201 25 40
201 26 40
201 27 41
201 28 39
201 29 0
201 30 0
201 31 0
201 32 35
201 33 16
201 34 38
201 35 40
201 36 45
201 37 35
201 38 43
201 39 41
201 40 38
201 41 0
201 42 0
201 43 0
201 44 0
201 45 0
201 46 45
201 47 41
201 48 44
201 49 39
201 50 40
201 51 0
201 52 40
201 53 0
201 54 0
201 55 0
201 56 0
201 57 0
201 58 41
201 59 41
201 60 41
201 61 38
201 62 40
201 63 0
201 64 0
201 65 14
201 66 47
201 67 0
201 68 0
201 69 41
201 70 41
201 71 45
201 72 49
201 73 0
201 74 20
201 75 0
201 76 0
201 77 0
201 78 13
201 79 0
201 80 0
201 81 50
201 82 39
201 83 40
201 84 38
201 85 30
201 86 39
201 87 50
201 88 40
201 89 0
201 90 36
201 91 0
201 92 37
201 93 35
201 94 42
201 95 40
201 96 36
201 97 35
201 98 40
201 99 40
201 100 0
201 101 0
201 102 0
201 103 0
201 104 15
201 105 11
201 106 38
201 107 39
201 108 41
201 109 40
201 110 47
201 111 0
201 112 0
201 113 0
201 114 0
201 115 0
201 116 0
201 117 20
201 118 0
201 119 0
201 120 42
201 121 44
226 1 40
226 2 41
226 3 40
226 4 41
226 5 47
226 6 0
226 7 0
226 8 11
226 9 39
226 10 39
226 11 42
226 12 41
226 13 44
226 14 41
226 15 46
226 16 40
226 17 40
226 18 22
226 19 0
226 20 0
226 21 0
226 22 0
226 23 32
226 24 36
226 25 39
226 26 42
226 27 50
226 28 40
226 29 0
226 30 0
226 31 0
226 32 41
226 33 21
226 34 40
226 35 45
226 36 47
226 37 44
226 38 40
226 39 48
226 40 34
226 41 0
226 42 0
226 43 0
226 44 0
226 45 0
226 46 42
226 47 44
226 48 44
226 49 46
226 50 42
226 51 0
226 52 30
226 53 0
226 54 0
226 55 0
226 56 0
226 57 0
226 58 39
226 59 40
226 60 37
226 61 33
226 62 41
226 63 0
226 64 0
226 65 20
226 66 49
226 67 0
226 68 0
226 69 43
226 70 41
226 71 43
226 72 50
226 73 0
226 74 20
226 75 0
226 76 0
226 77 0
226 78 18
226 79 0
226 80 0
226 81 44
226 82 41
226 83 43
226 84 39
226 85 30
226 86 42
226 87 52
226 88 38
226 89 0
226 90 36
226 91 0
226 92 41
226 93 36
226 94 41
226 95 47
226 96 40
226 97 36
226 98 37
226 99 41
226 100 0
226 101 0
226 102 0
226 103 0
226 104 17
226 105 11
226 106 40
226 107 39
226 108 42
226 109 41
226 110 47
226 111 0
226 112 0
226 113 0
226 114 0
226 115 0
226 116 0
226 117 20
226 118 0
226 119 0
226 120 41
226 121 40
251 1 44
251 2 42
251 3 48
251 4 39
251 5 40
251 6 0
251 7 0
251 8 12
251 9 44
251 10 43
251 11 40
251 12 40
251 13 46
251 14 40
251 15 50
251 16 36
251 17 41
251 18 23
251 19 0
251 20 0
251 21 0
251 22 0
251 23 31
251 24 39
251 25 47
251 26 39
251 27 41
251 28 34
251 29 0
251 30 0
251 31 0
251 32 35
251 33 11
251 34 42
251 35 45
251 36 47
251 37 37
251 38 44
251 39 41
251 40 43
251 41 0
251 42 0
251 43 0
251 44 0
251 45 0
251 46 40
251 47 40
251 48 41
251 49 43
251 50 40
251 51 0
251 52 37
251 53 0
251 54 0
251 55 0
251 56 0
251 57 0
251 58 38
251 59 39
251 60 42
251 61 38
251 62 39
251 63 0
251 64 0
251 65 17
251 66 51
251 67 0
251 68 0
251 69 36
251 70 43
251 71 40
251 72 43
251 73 0
251 74 19
251 75 0
251 76 0
251 77 0
251 78 14
251 79 0
251 80 0
251 81 44
251 82 40
251 83 42
251 84 39
251 85 31
251 86 39
251 87 51
251 88 48
251 89 0
251 90 36
251 91 0
251 92 40
251 93 42
251 94 40
251 95 38
251 96 40
251 97 35
251 98 41
251 99 41
251 100 0
251 101 0
251 102 0
251 103 0
251 104 21
251 105 12
251 106 47
251 107 33
251 108 44
251 109 42
251 110 40
251 111 0
251 112 0
251 113 0
251 114 0
251 115 0
251 116 0
251 117 17
251 118 0
251 119 0
251 120 43
251 121 48
276 1 42
276 2 39
276 3 39
276 4 42
276 5 40
276 6 0
276 7 0
276 8 11
276 9 41
276 10 42
276 11 45
276 12 37
276 13 40
276 14 40
276 15 48
276 16 38
276 17 42
276 18 18
276 19 0
276 20 0
276 21 0
276 22 0
276 23 28
276 24 41
276 25 39
276 26 40
276 27 46
276 28 42
276 29 0
276 30 0
276 31 0
276 32 35
276 33 17
276 34 44
276 35 43
276 36 51
276 37 39
276 38 44
276 39 39
276 40 38
276 41 0
276 42 0
276 43 0
276 44 0
276 45 0
276 46 40
276 47 40
276 48 39
276 49 43
276 50 41
276 51 0
276 52 40
276 53 0
276 54 0
276 55 0
276 56 0
276 57 0
276 58 44
276 59 42
276 60 40
276 61 35
276 62 41
276 63 0
276 64 0
276 65 15
276 66 49
276 67 0
276 68 0
276 69 40
276 70 43
276 71 49
276 72 44
276 73 0
276 74 18
276 75 0
276 76 0
276 77 0
276 78 17
276 79 0
276 80 0
276 81 44
276 82 41
276 83 47
276 84 32
276 85 35
276 86 35
276 87 53
276 88 35
276 89 0
276 90 34
276 91 0
276 92 46
276 93 38
276 94 41
276 95 42
276 96 41
276 97 38
276 98 40
276 99 42
276 100 0
276 101 0
276 102 0
276 103 0
276 104 17
276 105 10
276 106 41
276 107 39
276 108 39
276 109 40
276 110 37
276 111 0
276 112 0
276 113 0
276 114 0
276 115 0
276 116 0
276 117 20
276 118 0
276 119 0
276 120 35
276 121 41
301 1 46
301 2 42
301 3 39
301 4 42
301 5 43
301 6 0
301 7 0
301 8 10
301 9 38
301 10 39
301 11 40
301 12 41
301 13 39
301 14 43
301 15 40
301 16 30
301 17 41
301 18 10
301 19 0
301 20 0
301 21 0
301 22 0
301 23 32
301 24 44
301 25 40
301 26 41
301 27 48
301 28 38
301 29 0
301 30 0
301 31 0
301 32 39
301 33 12
301 34 36
301 35 40
301 36 49
301 37 46
301 38 40
301 39 41
301 40 40
301 41 0
301 42 0
301 43 0
301 44 0
301 45 0
301 46 41
301 47 46
301 48 44
301 49 40
301 50 39
301 51 0
301 52 40
301 53 0
301 54 0
301 55 0
301 56 0
301 57 0
301 58 38
301 59 37
301 60 39
301 61 41
301 62 40
301 63 0
301 64 0
301 65 17
301 66 50
301 67 0
301 68 0
301 69 36
301 70 39
301 71 48
301 72 43
301 73 0
301 74 15
301 75 0
301 76 0
301 77 0
301 78 17
301 79 0
301 80 0
301 81 39
301 82 37
301 83 40
301 84 38
301 85 39
301 86 44
301 87 53
301 88 47
301 89 0
301 90 40
301 91 0
301 92 38
301 93 42
301 94 47
301 95 45
301 96 47
301 97 37
301 98 33
301 99 40
301 100 0
301 101 0
301 102 0
301 103 0
301 104 18
301 105 14
301 106 38
301 107 38
301 108 36
301 109 32
301 110 40
301 111 0
301 112 0
301 113 0
301 114 0
301 115 0
301 116 0
301 117 20
301 118 0
301 119 0
301 120 48
301 121 47
326 1 42
326 2 39
326 3 38
326 4 41
326 5 39
326 6 0
326 7 0
326 8 11
326 9 40
326 10 50
326 11 36
326 12 41
326 13 49
326 14 42
326 15 47
326 16 35
326 17 40
326 18 14
326 19 0
326 20 0
326 21 0
326 22 0
326 23 31
326 24 42
326 25 42
326 26 39
326 27 41
326 28 39
326 29 0
326 30 0
326 31 0
326 32 42
326 33 12
326 34 43
326 35 39
326 36 50
326 37 37
326 38 38
326 39 45
326 40 40
326 41 0
326 42 0
326 43 0
326 44 0
326 45 0
326 46 41
326 47 40
326 48 40
326 49 37
326 50 40
326 51 0
326 52 40
326 53 0
326 54 0
326 55 0
326 56 0
326 57 0
326 58 38
326 59 38
326 60 39
326 61 37
326 62 40
326 63 0
326 64 0
326 65 21
326 66 39
326 67 0
326 68 0
326 69 40
326 70 40
326 71 43
326 72 52
326 73 0
326 74 13
326 75 0
326 76 0
326 77 0
326 78 12
326 79 0
326 80 0
326 81 43
326 82 38
326 83 41
326 84 39
326 85 32
326 86 44
326 87 47
326 88 44
326 89 0
326 90 39
326 91 0
326 92 43
326 93 40
326 94 40
326 95 41
326 96 36
326 97 40
326 98 39
326 99 47
326 100 0
326 101 0
326 102 0
326 103 0
326 104 21
326 105 14
326 106 40
326 107 40
326 108 39
326 109 40
326 110 39
326 111 0
326 112 0
326 113 0
326 114 0
326 115 0
326 116 0
326 117 20
326 118 0
326 119 0
326 120 38
326 121 41
351 1 41
351 2 40
351 3 40
351 4 41
351 5 40
351 6 0
351 7 0
351 8 9
351 9 38
351 10 46
351 11 38
351 12 45
351 13 49
351 14 39
351 15 50
351 16 41
351 17 38
351 18 11
351 19 0
351 20 0
351 21 0
351 22 0
351 23 30
351 24 42
351 25 39
351 26 42
351 27 42
351 28 40
351 29 0
351 30 0
351 31 0
351 32 39
351 33 10
351 34 39
351 35 45
351 36 43
351 37 43
351 38 43
351 39 40
351 40 40
351 41 0
351 42 0
351 43 0
351 44 0
351 45 0
351 46 43
351 47 37
351 48 43
351 49 42
351 50 38
351 51 0
351 52 31
351 53 0
351 54 0
351 55 0
351 56 0
351 57 0
351 58 41
351 59 41
351 60 43
351 61 39
351 62 40
351 63 0
351 64 0
351 65 16
351 66 49
351 67 0
351 68 0
351 69 40
351 70 37
351 71 39
351 72 49
351 73 0
351 74 21
351 75 0
351 76 0
351 77 0
351 78 10
351 79 0
351 80 0
351 81 42
351 82 44
351 83 50
351 84 38
351 85 32
351 86 41
351 87 52
351 88 44
351 89 0
351 90 40
351 91 0
351 92 43
351 93 40
351 94 36
351 95 39
351 96 40
351 97 33
351 98 40
351 99 43
351 100 0
351 101 0
351 102 0
351 103 0
351 104 17
351 105 12
351 106 40
351 107 40
351 108 41
351 109 41
351 110 39
351 111 0
351 112 0
351 113 0
351 114 0
351 115 0
351 116 0
351 117 21
351 118 0
351 119 0
351 120 42
351 121 38
376 1 46
376 2 48
376 3 44
376 4 39
376 5 45
376 6 0
376 7 0
376 8 8
376 9 35
376 10 42
376 11 43
376 12 38
376 13 44
376 14 39
376 15 46
376 16 34
376 17 38
376 18 17
376 19 0
376 20 0
376 21 0
376 22 0
376 23 29
376 24 37
376 25 38
376 26 35
376 27 48
376 28 31
376 29 0
376 30 0
376 31 0
376 32 40
376 33 11
376 34 39
376 35 38
376 36 41
376 37 40
376 38 35
376 39 39
376 40 42
376 41 0
376 42 0
376 43 0
376 44 0
376 45 0
376 46 43
376 47 40
376 48 44
376 49 41
376 50 38
376 51 0
376 52 42
376 53 0
376 54 0
376 55 0
376 56 0
376 57 0
376 58 42
376 59 46
376 60 43
376 61 39
376 62 40
376 63 0
376 64 0
376 65 18
376 66 50
376 67 0
376 68 0
376 69 41
376 70 39
376 71 43
376 72 41
376 73 0
376 74 22
376 75 0
376 76 0
376 77 0
376 78 18
376 79 0
376 80 0
376 81 38
376 82 41
376 83 40
376 84 32
376 85 34
376 86 44
376 87 43
376 88 48
376 89 0
376 90 40
376 91 0
376 92 40
376 93 44
376 94 42
376 95 40
376 96 39
376 97 33
376 98 34
376 99 40
376 100 0
376 101 0
376 102 0
376 103 0
376 104 20
376 105 11
376 106 40
376 107 40
376 108 42
376 109 41
376 110 43
376 111 0
376 112 0
376 113 0
376 114 0
376 115 0
376 116 0
376 117 21
376 118 0
376 119 0
376 120 41
376 121 47
401 1 46
401 2 42
401 3 40
401 4 38
401 5 40
401 6 0
401 7 0
401 8 11
401 9 36
401 10 50
401 11 39
401 12 39
401 13 49
401 14 39
401 15 45
401 16 34
401 17 41
401 18 17
401 19 0
401 20 0
401 21 0
401 22 0
401 23 36
401 24 38
401 25 39
401 26 40
401 27 50
401 28 42
401 29 0
401 30 0
401 31 0
401 32 43
401 33 10
401 34 44
401 35 41
401 36 44
401 37 43
401 38 44
401 39 41
401 40 43
401 41 0
401 42 0
401 43 0
401 44 0
401 45 0
401 46 40
401 47 42
401 48 40
401 49 43
401 50 40
401 51 0
401 52 42
401 53 0
401 54 0
401 55 0
401 56 0
401 57 0
401 58 43
401 59 47
401 60 37
401 61 38
401 62 42
401 63 0
401 64 0
401 65 21
401 66 49
401 67 0
401 68 0
401 69 42
401 70 39
401 71 41
401 72 49
401 73 0
401 74 17
401 75 0
401 76 0
401 77 0
401 78 10
401 79 0
401 80 0
401 81 42
401 82 40
401 83 41
401 84 38
401 85 33
401 86 40
401 87 46
401 88 42
401 89 0
401 90 41
401 91 0
401 92 45
401 93 41
401 94 38
401 95 39
401 96 41
401 97 35
401 98 39
401 99 39
401 100 0
401 101 0
401 102 0
401 103 0
401 104 16
401 105 8
401 106 40
401 107 37
401 108 41
401 109 38
401 110 41
401 111 0
401 112 0
401 113 0
401 114 0
401 115 0
401 116 0
401 117 17
401 118 0
401 119 0
401 120 40
401 121 42
426 1 42
426 2 43
426 3 39
426 4 35
426 5 38
426 6 0
426 7 0
426 8 11
426 9 39
426 10 40
426 11 41
426 12 44
426 13 46
426 14 38
426 15 46
426 16 39
426 17 41
426 18 9
426 19 0
426 20 0
426 21 0
426 22 0
426 23 31
426 24 44
426 25 40
426 26 43
426 27 45
426 28 39
426 29 0
426 30 0
426 31 0
426 32 42
426 33 7
426 34 41
426 35 41
426 36 41
426 37 42
426 38 40
426 39 41
426 40 40
426 41 0
426 42 0
426 43 0
426 44 0
426 45 0
426 46 43
426 47 40
426 48 40
426 49 40
426 50 42
426 51 0
426 52 39
426 53 0
426 54 0
426 55 0
426 56 0
426 57 0
426 58 39
426 59 42
426 60 40
426 61 43
426 62 40
426 63 0
426 64 0
426 65 18
426 66 43
426 67 0
426 68 0
426 69 42
426 70 40
426 71 39
426 72 44
426 73 0
426 74 20
426 75 0
426 76 0
426 77 0
426 78 19
426 79 0
426 80 0
426 81 38
426 82 39
426 83 43
426 84 41
426 85 31
426 86 48
426 87 44
426 88 43
426 89 0
426 90 44
426 91 0
426 92 37
426 93 41
426 94 39
426 95 45
426 96 47
426 97 38
426 98 43
426 99 40
426 100 0
426 101 0
426 102 0
426 103 0
426 104 21
426 105 8
426 106 41
426 107 38
426 108 39
426 109 40
426 110 38
426 111 0
426 112 0
426 113 0
426 114 0
426 115 0
426 116 0
426 117 20
426 118 0
426 119 0
426 120 43
426 121 44
451 1 45
451 2 45
451 3 42
451 4 42
451 5 38
451 6 0
451 7 0
451 8 10
451 9 42
451 10 45
451 11 38
451 12 40
451 13 40
451 14 44
451 15 45
451 16 34
451 17 39
451 18 10
451 19 0
451 20 0
451 21 0
451 22 0
451 23 29
451 24 40
451 25 38
451 26 46
451 27 48
451 28 34
451 29 0
451 30 0
451 31 0
451 32 38
451 33 16
451 34 42
451 35 40
451 36 47
451 37 42
451 38 45
451 39 41
451 40 38
451 41 0
451 42 0
451 43 0
451 44 0
451 45 0
451 46 41
451 47 42
451 48 42
451 49 43
451 50 38
451 51 0
451 52 44
451 53 0
451 54 0
451 55 0
451 56 0
451 57 0
451 58 40
451 59 45
451 60 39
451 61 41
451 62 40
451 63 0
451 64 0
451 65 19
451 66 45
451 67 0
451 68 0
451 69 38
451 70 37
451 71 40
451 72 50
451 73 0
451 74 19
451 75 0
451 76 0
451 77 0
451 78 16
451 79 0
451 80 0
451 81 41
451 82 33
451 83 42
451 84 45
451 85 41
451 86 39
451 87 48
451 88 43
451 89 0
451 90 41
451 91 0
451 92 39
451 93 37
451 94 39
451 95 40
451 96 38
451 97 38
451 98 40
451 99 39
451 100 0
451 101 0
451 102 0
451 103 0
451 104 21
451 105 16
451 106 38
451 107 39
451 108 39
451 109 36
451 110 39
451 111 0
451 112 0
451 113 0
451 114 0
451 115 0
451 116 0
451 117 21
451 118 0
451 119 0
451 120 40
451 121 40
476 1 43
476 2 38
476 3 38
476 4 42
476 5 40
476 6 0
476 7 0
476 8 7
476 9 39
476 10 47
476 11 36
476 12 43
476 13 51
476 14 41
476 15 47
476 16 41
476 17 41
476 18 18
476 19 0
476 20 0
476 21 0
476 22 0
476 23 39
476 24 45
476 25 40
476 26 40
476 27 48
476 28 40
476 29 0
476 30 0
476 31 0
476 32 42
476 33 11
476 34 41
476 35 48
476 36 47
476 37 40
476 38 41
476 39 50
476 40 37
476 41 0
476 42 0
476 43 0
476 44 0
476 45 0
476 46 45
476 47 40
476 48 40
476 49 40
476 50 41
476 51 0
476 52 38
476 53 0
476 54 0
476 55 0
476 56 0
476 57 0
476 58 42
476 59 40
476 60 33
476 61 36
476 62 40
476 63 0
476 64 0
476 65 16
476 66 43
476 67 0
476 68 0
476 69 48
476 70 38
476 71 40
476 72 53
476 73 0
476 74 21
476 75 0
476 76 0
476 77 0
476 78 19
476 79 0
476 80 0
476 81 43
476 82 40
476 83 44
476 84 38
476 85 32
476 86 46
476 87 51
476 88 41
476 89 0
476 90 41
476 91 0
476 92 41
476 93 39
476 94 41
476 95 38
476 96 44
476 97 40
476 98 36
476 99 43
476 100 0
476 101 0
476 102 0
476 103 0
476 104 20
476 105 10
476 106 42
476 107 40
476 108 39
476 109 40
476 110 38
476 111 0
476 112 0
476 113 0
476 114 0
476 115 0
476 116 0
476 117 19
476 118 0
476 119 0
476 120 41
476 121 40
501 1 47
501 2 39
501 3 42
501 4 45
501 5 40
501 6 0
501 7 0
501 8 12
501 9 34
501 10 41
501 11 41
501 12 42
501 13 46
501 14 40
501 15 54
501 16 39
501 17 35
501 18 13
501 19 0
501 20 0
501 21 0
501 22 0
501 23 29
501 24 37
501 25 37
501 26 40
501 27 41
501 28 39
501 29 0
501 30 0
501 31 0
501 32 40
501 33 10
501 34 40
501 35 37
501 36 41
501 37 44
501 38 42
501 39 42
501 40 40
501 41 0
501 42 0
501 43 0
501 44 0
501 45 0
501 46 38
501 47 41
501 48 42
501 49 43
501 50 41
501 51 0
501 52 40
501 53 0
501 54 0
501 55 0
501 56 0
501 57 0
501 58 42
501 59 41
501 60 40
501 61 41
501 62 44
501 63 0
501 64 0
501 65 22
501 66 51
501 67 0
501 68 0
501 69 42
501 70 42
501 71 41
501 72 45
501 73 0
501 74 17
501 75 0
501 76 0
501 77 0
501 78 17
501 79 0
501 80 0
501 81 40
501 82 37
501 83 44
501 84 41
501 85 31
501 86 38
501 87 41
501 88 45
501 89 0
501 90 40
501 91 0
501 92 40
501 93 38
501 94 42
501 95 38
501 96 39
501 97 38
501 98 42
501 99 42
501 100 0
501 101 0
501 102 0
501 103 0
501 104 13
501 105 11
501 106 44
501 107 40
501 108 37
501 109 40
501 110 44
501 111 0
501 112 0
501 113 0
501 114 0
501 115 0
501 116 0
501 117 19
501 118 0
501 119 0
501 120 42
501 121 40
526 1 40
526 2 40
526 3 42
526 4 37
526 5 43
526 6 0
526 7 0
526 8 15
526 9 36
526 10 44
526 11 39
526 12 36
526 13 43
526 14 40
526 15 54
526 16 38
526 17 40
526 18 11
526 19 0
526 20 0
526 21 0
526 22 0
526 23 26
526 24 39
526 25 39
526 26 49
526 27 41
526 28 38
526 29 0
526 30 0
526 31 0
526 32 38
526 33 14
526 34 39
526 35 42
526 36 47
526 37 43
526 38 42
526 39 38
526 40 40
526 41 0
526 42 0
526 43 0
526 44 0
526 45 0
526 46 40
526 47 41
526 48 41
526 49 49
526 50 39
526 51 0
526 52 37
526 53 0
526 54 0
526 55 0
526 56 0
526 57 0
526 58 40
526 59 39
526 60 41
526 61 39
526 62 43
526 63 0
526 64 0
526 65 17
526 66 51
526 67 0
526 68 0
526 69 40
526 70 37
526 71 43
526 72 46
526 73 0
526 74 12
526 75 0
526 76 0
526 77 0
526 78 20
526 79 0
526 80 0
526 81 45
526 82 38
526 83 46
526 84 38
526 85 29
526 86 42
526 87 48
526 88 43
526 89 0
526 90 42
526 91 0
526 92 38
526 93 41
526 94 39
526 95 40
526 96 40
526 97 39
526 98 39
526 99 42
526 100 0
526 101 0
526 102 0
526 103 0
526 104 19
526 105 11
526 106 40
526 107 42
526 108 40
526 109 39
526 110 39
526 111 0
526 112 0
526 113 0
526 114 0
526 115 0
526 116 0
526 117 19
526 118 0
526 119 0
526 120 42
526 121 47
551 1 40
551 2 40
551 3 41
551 4 39
551 5 46
551 6 0
551 7 0
551 8 15
551 9 36
551 10 46
551 11 39
551 12 48
551 13 47
551 14 40
551 15 45
551 16 38
551 17 44
551 18 16
551 19 0
551 20 0
551 21 0
551 22 0
551 23 30
551 24 38
551 25 39
551 26 43
551 27 38
551 28 40
551 29 0
551 30 0
551 31 0
551 32 36
551 33 12
551 34 42
551 35 47
551 36 49
551 37 39
551 38 37
551 39 44
551 40 40
551 41 0
551 42 0
551 43 0
551 44 0
551 45 0
551 46 39
551 47 40
551 48 40
551 49 42
551 50 42
551 51 0
551 52 39
551 53 0
551 54 0
551 55 0
551 56 0
551 57 0
551 58 38
551 59 40
551 60 39
551 61 39
551 62 39
551 63 0
551 64 0
551 65 21
551 66 44
551 67 0
551 68 0
551 69 39
551 70 39
551 71 44
551 72 46
551 73 0
551 74 17
551 75 0
551 76 0
551 77 0
551 78 14
551 79 0
551 80 0
551 81 40
551 82 37
551 83 40
551 84 43
551 85 31
551 86 49
551 87 48
551 88 44
551 89 0
551 90 38
551 91 0
551 92 41
551 93 39
551 94 43
551 95 44
551 96 43
551 97 41
551 98 39
551 99 41
551 100 0
551 101 0
551 102 0
551 103 0
551 104 17
551 105 17
551 106 45
551 107 39
551 108 40
551 109 41
551 110 44
551 111 0
551 112 0
551 113 0
551 114 0
551 115 0
551 116 0
551 117 25
551 118 0
551 119 0
551 120 40
551 121 42
576 1 42
576 2 39
576 3 42
576 4 39
576 5 41
576 6 0
576 7 0
576 8 16
576 9 40
576 10 48
576 11 36
576 12 41
576 13 45
576 14 40
576 15 49
576 16 41
576 17 39
576 18 10
576 19 0
576 20 0
576 21 0
576 22 0
576 23 27
576 24 41
576 25 45
576 26 41
576 27 46
576 28 39
576 29 0
576 30 0
576 31 0
576 32 41
576 33 11
576 34 41
576 35 44
576 36 48
576 37 42
576 38 44
576 39 41
576 40 37
576 41 0
576 42 0
576 43 0
576 44 0
576 45 0
576 46 40
576 47 39
576 48 45
576 49 45
576 50 41
576 51 0
576 52 42
576 53 0
576 54 0
576 55 0
576 56 0
576 57 0
576 58 41
576 59 47
576 60 35
576 61 34
576 62 41
576 63 0
576 64 0
576 65 22
576 66 45
576 67 0
576 68 0
576 69 38
576 70 33
576 71 42
576 72 51
576 73 0
576 74 17
576 75 0
576 76 0
576 77 0
576 78 18
576 79 0
576 80 0
576 81 37
576 82 40
576 83 50
576 84 31
576 85 32
576 86 49
576 87 50
576 88 38
576 89 0
576 90 40
576 91 0
576 92 39
576 93 40
576 94 40
576 95 40
576 96 45
576 97 38
576 98 40
576 99 35
576 100 0
576 101 0
576 102 0
576 103 0
576 104 20
576 105 19
576 106 44
576 107 40
576 108 39
576 109 38
576 110 41
576 111 0
576 112 0
576 113 0
576 114 0
576 115 0
576 116 0
576 117 19
576 118 0
576 119 0
576 120 40
576 121 43
601 1 40
601 2 39
601 3 42
601 4 42
601 5 38
601 6 0
601 7 0
601 8 11
601 9 42
601 10 45
601 11 39
601 12 42
601 13 50
601 14 43
601 15 52
601 16 41
601 17 42
601 18 12
601 19 0
601 20 0
601 21 0
601 22 0
601 23 26
601 24 33
601 25 46
601 26 40
601 27 41
601 28 39
601 29 0
601 30 0
601 31 0
601 32 40
601 33 11
601 34 40
601 35 40
601 36 41
601 37 38
601 38 40
601 39 39
601 40 39
601 41 0
601 42 0
601 43 0
601 44 0
601 45 0
601 46 39
601 47 40
601 48 41
601 49 46
601 50 40
601 51 0
601 52 40
601 53 0
601 54 0
601 55 0
601 56 0
601 57 0
601 58 44
601 59 41
601 60 41
601 61 40
601 62 43
601 63 0
601 64 0
601 65 21
601 66 51
601 67 0
601 68 0
601 69 38
601 70 40
601 71 46
601 72 50
601 73 0
601 74 17
601 75 0
601 76 0
601 77 0
601 78 16
601 79 0
601 80 0
601 81 37
601 82 40
601 83 41
601 84 37
601 85 32
601 86 36
601 87 49
601 88 40
601 89 0
601 90 42
601 91 0
601 92 39
601 93 40
601 94 39
601 95 42
601 96 42
601 97 38
601 98 38
601 99 43
601 100 0
601 101 0
601 102 0
601 103 0
601 104 20
601 105 11
601 106 39
601 107 40
601 108 41
601 109 40
601 110 40
601 111 0
601 112 0
601 113 0
601 114 0
601 115 0
601 116 0
601 117 22
601 118 0
601 119 0
601 120 47
601 121 45
626 1 40
626 2 39
626 3 38
626 4 38
626 5 41
626 6 0
626 7 0
626 8 13
626 9 43
626 10 50
626 11 43
626 12 43
626 13 49
626 14 42
626 15 47
626 16 36
626 17 36
626 18 12
626 19 0
626 20 0
626 21 0
626 22 0
626 23 33
626 24 40
626 25 39
626 26 44
626 27 49
626 28 40
626 29 0
626 30 0
626 31 0
626 32 38
626 33 17
626 34 41
626 35 40
626 36 39
626 37 40
626 38 43
626 39 46
626 40 40
626 41 0
626 42 0
626 43 0
626 44 0
626 45 0
626 46 44
626 47 40
626 48 41
626 49 48
626 50 37
626 51 0
626 52 41
626 53 0
626 54 0
626 55 0
626 56 0
626 57 0
626 58 41
626 59 40
626 60 43
626 61 40
626 62 43
626 63 0
626 64 0
626 65 17
626 66 44
626 67 0
626 68 0
626 69 41
626 70 38
626 71 46
626 72 50
626 73 0
626 74 13
626 75 0
626 76 0
626 77 0
626 78 13
626 79 0
626 80 0
626 81 40
626 82 41
626 83 44
626 84 39
626 85 33
626 86 39
626 87 53
626 88 42
626 89 0
626 90 40
626 91 0
626 92 39
626 93 42
626 94 39
626 95 39
626 96 39
626 97 37
626 98 41
626 99 42
626 100 0
626 101 0
626 102 0
626 103 0
626 104 20
626 105 17
626 106 38
626 107 32
626 108 43
626 109 43
626 110 41
626 111 0
626 112 0
626 113 0
626 114 0
626 115 0
626 116 0
626 117 19
626 118 0
626 119 0
626 120 42
626 121 40
651 1 46
651 2 37
651 3 45
651 4 41
651 5 39
651 6 0
651 7 0
651 8 11
651 9 42
651 10 50
651 11 40
651 12 40
651 13 44
651 14 40
651 15 49
651 16 40
651 17 39
651 18 10
651 19 0
651 20 0
651 21 0
651 22 0
651 23 34
651 24 41
651 25 47
651 26 41
651 27 47
651 28 37
651 29 0
651 30 0
651 31 0
651 32 40
651 33 15
651 34 40
651 35 42
651 36 42
651 37 48
651 38 46
651 39 44
651 40 42
651 41 0
651 42 0
651 43 0
651 44 0
651 45 0
651 46 42
651 47 44
651 48 42
651 49 43
651 50 37
651 51 0
651 52 39
651 53 0
651 54 0
651 55 0
651 56 0
651 57 0
651 58 44
651 59 43
651 60 40
651 61 35
651 62 37
651 63 0
651 64 0
651 65 19
651 66 50
651 67 0
651 68 0
651 69 43
651 70 40
651 71 40
651 72 47
651 73 0
651 74 20
651 75 0
651 76 0
651 77 0
651 78 20
651 79 0
651 80 0
651 81 39
651 82 40
651 83 50
651 84 39
651 85 39
651 86 35
651 87 48
651 88 42
651 89 0
651 90 41
651 91 0
651 92 40
651 93 41
651 94 39
651 95 34
651 96 48
651 97 39
651 98 40
651 99 40
651 100 0
651 101 0
651 102 0
651 103 0
651 104 16
651 105 9
651 106 48
651 107 36
651 108 41
651 109 36
651 110 34
651 111 0
651 112 0
651 113 0
651 114 0
651 115 0
651 116 0
651 117 11
651 118 0
651 119 0
651 120 39
651 121 40
676 1 40
676 2 40
676 3 39
676 4 39
676 5 41
676 6 0
676 7 0
676 8 9
676 9 38
676 10 49
676 11 35
676 12 41
676 13 45
676 14 40
676 15 42
676 16 40
676 17 39
676 18 17
676 19 0
676 20 0
676 21 0
676 22 0
676 23 30
676 24 42
676 25 45
676 26 42
676 27 47
676 28 35
676 29 0
676 30 0
676 31 0
676 32 43
676 33 8
676 34 40
676 35 41
676 36 47
676 37 37
676 38 41
676 39 42
676 40 44
676 41 0
676 42 0
676 43 0
676 44 0
676 45 0
676 46 45
676 47 42
676 48 40
676 49 41
676 50 40
676 51 0
676 52 35
676 53 0
676 54 0
676 55 0
676 56 0
676 57 0
676 58 41
676 59 40
676 60 34
676 61 40
676 62 41
676 63 0
676 64 0
676 65 17
676 66 50
676 67 0
676 68 0
676 69 40
676 70 46
676 71 44
676 72 49
676 73 0
676 74 15
676 75 0
676 76 0
676 77 0
676 78 17
676 79 0
676 80 0
676 81 42
676 82 40
676 83 40
676 84 36
676 85 33
676 86 42
676 87 49
676 88 50
676 89 0
676 90 38
676 91 0
676 92 43
676 93 36
676 94 33
676 95 39
676 96 40
676 97 34
676 98 41
676 99 38
676 100 0
676 101 0
676 102 0
676 103 0
676 104 26
676 105 8
676 106 50
676 107 39
676 108 42
676 109 38
676 110 38
676 111 0
676 112 0
676 113 0
676 114 0
676 115 0
676 116 0
676 117 18
676 118 0
676 119 0
676 120 39
676 121 49
701 1 38
701 2 41
701 3 42
701 4 44
701 5 41
701 6 0
701 7 0
701 8 10
701 9 43
701 10 49
701 11 38
701 12 45
701 13 50
701 14 39
701 15 48
701 16 38
701 17 38
701 18 10
701 19 0
701 20 0
701 21 0
701 22 0
701 23 31
701 24 40
701 25 39
701 26 34
701 27 49
701 28 40
701 29 0
701 30 0
701 31 0
701 32 40
701 33 11
701 34 40
701 35 39
701 36 49
701 37 40
701 38 40
701 39 40
701 40 41
701 41 0
701 42 0
701 43 0
701 44 0
701 45 0
701 46 41
701 47 39
701 48 42
701 49 43
701 50 39
701 51 0
701 52 35
701 53 0
701 54 0
701 55 0
701 56 0
701 57 0
701 58 41
701 59 45
701 60 40
701 61 39
701 62 42
701 63 0
701 64 0
701 65 20
701 66 47
701 67 0
701 68 0
701 69 42
701 70 36
701 71 41
701 72 50
701 73 0
701 74 19
701 75 0
701 76 0
701 77 0
701 78 18
701 79 0
701 80 0
701 81 44
701 82 39
701 83 40
701 84 37
701 85 30
701 86 43
701 87 50
701 88 46
701 89 0
701 90 39
701 91 0
701 92 44
701 93 40
701 94 41
701 95 46
701 96 40
701 97 39
701 98 37
701 99 41
701 100 0
701 101 0
701 102 0
701 103 0
701 104 22
701 105 13
701 106 41
701 107 40
701 108 40
701 109 40
701 110 33
701 111 0
701 112 0
701 113 0
701 114 0
701 115 0
701 116 0
701 117 19
701 118 0
701 119 0
701 120 36
701 121 39
726 1 42
726 2 39
726 3 34
726 4 40
726 5 42
726 6 0
726 7 0
726 8 0
726 9 39
726 10 47
726 11 41
726 12 42
726 13 47
726 14 44
726 15 46
726 16 39
726 17 45
726 18 10
726 19 0
726 20 0
726 21 0
726 22 0
726 23 29
726 24 41
726 25 42
726 26 40
726 27 39
726 28 35
726 29 0
726 30 0
726 31 0
726 32 40
726 33 7
726 34 37
726 35 40
726 36 50
726 37 40
726 38 46
726 39 40
726 40 42
726 41 0
726 42 0
726 43 0
726 44 0
726 45 0
726 46 40
726 47 44
726 48 40
726 49 44
726 50 36
726 51 0
726 52 34
726 53 0
726 54 0
726 55 0
726 56 0
726 57 0
726 58 42
726 59 39
726 60 40
726 61 45
726 62 40
726 63 0
726 64 0
726 65 20
726 66 52
726 67 0
726 68 0
726 69 40
726 70 40
726 71 48
726 72 44
726 73 0
726 74 21
726 75 0
726 76 0
726 77 0
726 78 15
726 79 0
726 80 0
726 81 41
726 82 43
726 83 45
726 84 41
726 85 32
726 86 43
726 87 40
726 88 45
726 89 0
726 90 40
726 91 0
726 92 49
726 93 40
726 94 38
726 95 37
726 96 36
726 97 40
726 98 40
726 99 43
726 100 0
726 101 0
726 102 0
726 103 0
726 104 19
726 105 10
726 106 40
726 107 40
726 108 42
726 109 39
726 110 37
726 111 0
726 112 0
726 113 0
726 114 0
726 115 0
726 116 0
726 117 18
726 118 0
726 119 0
726 120 42
726 121 40
751 1 40
751 2 39
751 3 41
751 4 37
751 5 40
751 6 0
751 7 0
751 8 0
751 9 43
751 10 41
751 11 34
751 12 40
751 13 45
751 14 41
751 15 48
751 16 34
751 17 39
751 18 10
751 19 0
751 20 0
751 21 0
751 22 0
751 23 30
751 24 40
751 25 42
751 26 41
751 27 45
751 28 42
751 29 0
751 30 0
751 31 0
751 32 37
751 33 11
751 34 42
751 35 36
751 36 49
751 37 31
751 38 40
751 39 42
751 40 40
751 41 0
751 42 0
751 43 0
751 44 0
751 45 0
751 46 40
751 47 44
751 48 42
751 49 46
751 50 39
751 51 0
751 52 39
751 53 0
751 54 0
751 55 0
751 56 0
751 57 0
751 58 41
751 59 40
751 60 35
751 61 37
751 62 39
751 63 0
751 64 0
751 65 22
751 66 49
751 67 0
751 68 0
751 69 40
751 70 36
751 71 41
751 72 50
751 73 0
751 74 20
751 75 0
751 76 0
751 77 0
751 78 16
751 79 0
751 80 0
751 81 40
751 82 41
751 83 49
751 84 32
751 85 39
751 86 40
751 87 52
751 88 42
751 89 0
751 90 43
751 91 0
751 92 44
751 93 38
751 94 34
751 95 41
751 96 45
751 97 40
751 98 39
751 99 42
751 100 0
751 101 0
751 102 0
751 103 0
751 104 21
751 105 17
751 106 41
751 107 37
751 108 41
751 109 40
751 110 41
751 111 0
751 112 0
751 113 0
751 114 0
751 115 0
751 116 0
751 117 22
751 118 0
751 119 0
751 120 40
751 121 38
776 1 39
776 2 41
776 3 37
776 4 38
776 5 40
776 6 0
776 7 0
776 8 0
776 9 37
776 10 50
776 11 40
776 12 42
776 13 47
776 14 40
776 15 50
776 16 41
776 17 40
776 18 7
776 19 0
776 20 0
776 21 0
776 22 0
776 23 30
776 24 41
776 25 42
776 26 39
776 27 39
776 28 40
776 29 0
776 30 0
776 31 0
776 32 39
776 33 13
776 34 41
776 35 40
776 36 50
776 37 40
776 38 42
776 39 50
776 40 42
776 41 0
776 42 0
776 43 0
776 44 0
776 45 0
776 46 40
776 47 39
776 48 39
776 49 43
776 50 40
776 51 0
776 52 34
776 53 0
776 54 0
776 55 0
776 56 0
776 57 0
776 58 47
776 59 39
776 60 40
776 61 34
776 62 40
776 63 0
776 64 0
776 65 18
776 66 49
776 67 0
776 68 0
776 69 41
776 70 40
776 71 45
776 72 48
776 73 0
776 74 17
776 75 0
776 76 0
776 77 0
776 78 11
776 79 0
776 80 0
776 81 40
776 82 39
776 83 40
776 84 34
776 85 32
776 86 40
776 87 48
776 88 48
776 89 0
776 90 40
776 91 0
776 92 40
776 93 35
776 94 39
776 95 49
776 96 48
776 97 38
776 98 32
776 99 45
776 100 0
776 101 0
776 102 0
776 103 0
776 104 12
776 105 13
776 106 43
776 107 39
776 108 41
776 109 39
776 110 40
776 111 0
776 112 0
776 113 0
776 114 0
776 115 0
776 116 0
776 117 20
776 118 0
776 119 0
776 120 45
776 121 43
801 1 45
801 2 49
801 3 41
801 4 49
801 5 41
801 6 0
801 7 0
801 8 0
801 9 41
801 10 40
801 11 42
801 12 42
801 13 48
801 14 40
801 15 46
801 16 40
801 17 38
801 18 12
801 19 0
801 20 0
801 21 0
801 22 0
801 23 28
801 24 40
801 25 48
801 26 37
801 27 41
801 28 40
801 29 0
801 30 0
801 31 0
801 32 41
801 33 15
801 34 45
801 35 45
801 36 46
801 37 45
801 38 43
801 39 40
801 40 41
801 41 0
801 42 0
801 43 0
801 44 0
801 45 0
801 46 38
801 47 40
801 48 39
801 49 40
801 50 42
801 51 0
801 52 33
801 53 0
801 54 0
801 55 0
801 56 0
801 57 0
801 58 43
801 59 42
801 60 39
801 61 38
801 62 40
801 63 0
801 64 0
801 65 20
801 66 45
801 67 0
801 68 0
801 69 35
801 70 38
801 71 45
801 72 50
801 73 0
801 74 15
801 75 0
801 76 0
801 77 0
801 78 19
801 79 0
801 80 0
801 81 39
801 82 36
801 83 50
801 84 41
801 85 28
801 86 40
801 87 46
801 88 45
801 89 0
801 90 40
801 91 0
801 92 38
801 93 41
801 94 40
801 95 48
801 96 42
801 97 41
801 98 37
801 99 50
801 100 0
801 101 0
801 102 0
801 103 0
801 104 20
801 105 11
801 106 40
801 107 40
801 108 46
801 109 39
801 110 41
801 111 0
801 112 0
801 113 0
801 114 0
801 115 0
801 116 0
801 117 21
801 118 0
801 119 0
801 120 41
801 121 47
826 1 41
826 2 41
826 3 40
826 4 38
826 5 42
826 6 0
826 7 0
826 8 0
826 9 44
826 10 50
826 11 41
826 12 44
826 13 43
826 14 40
826 15 43
826 16 37
826 17 39
826 18 12
826 19 0
826 20 0
826 21 0
826 22 0
826 23 30
826 24 36
826 25 41
826 26 41
826 27 37
826 28 40
826 29 0
826 30 0
826 31 0
826 32 36
826 33 9
826 34 37
826 35 39
826 36 48
826 37 41
826 38 43
826 39 41
826 40 40
826 41 0
826 42 0
826 43 0
826 44 0
826 45 0
826 46 39
826 47 40
826 48 45
826 49 41
826 50 34
826 51 0
826 52 41
826 53 0
826 54 0
826 55 0
826 56 0
826 57 0
826 58 40
826 59 47
826 60 42
826 61 38
826 62 40
826 63 0
826 64 0
826 65 20
826 66 51
826 67 0
826 68 0
826 69 40
826 70 38
826 71 40
826 72 47
826 73 0
826 74 20
826 75 0
826 76 0
826 77 0
826 78 20
826 79 0
826 80 0
826 81 40
826 82 43
826 83 43
826 84 32
826 85 34
826 86 40
826 87 51
826 88 41
826 89 0
826 90 39
826 91 0
826 92 40
826 93 41
826 94 31
826 95 44
826 96 39
826 97 41
826 98 40
826 99 40
826 100 0
826 101 0
826 102 0
826 103 0
826 104 20
826 105 9
826 106 40
826 107 37
826 108 45
826 109 35
826 110 32
826 111 0
826 112 0
826 113 0
826 114 0
826 115 0
826 116 0
826 117 19
826 118 0
826 119 0
826 120 40
826 121 46
851 1 44
851 2 43
851 3 40
851 4 43
851 5 36
851 6 0
851 7 0
851 8 0
851 9 35
851 10 51
851 11 33
851 12 47
851 13 51
851 14 43
851 15 50
851 16 40
851 17 39
851 18 8
851 19 0
851 20 0
851 21 0
851 22 0
851 23 26
851 24 47
851 25 49
851 26 42
851 27 50
851 28 40
851 29 0
851 30 0
851 31 0
851 32 40
851 33 15
851 34 39
851 35 41
851 36 47
851 37 38
851 38 40
851 39 41
851 40 40
851 41 0
851 42 0
851 43 0
851 44 0
851 45 0
851 46 37
851 47 45
851 48 46
851 49 41
851 50 40
851 51 0
851 52 35
851 53 0
851 54 0
851 55 0
851 56 0
851 57 0
851 58 42
851 59 40
851 60 43
851 61 39
851 62 38
851 63 0
851 64 0
851 65 20
851 66 43
851 67 0
851 68 0
851 69 40
851 70 38
851 71 40
851 72 47
851 73 0
851 74 21
851 75 0
851 76 0
851 77 0
851 78 15
851 79 0
851 80 0
851 81 46
851 82 41
851 83 47
851 84 35
851 85 35
851 86 41
851 87 50
851 88 44
851 89 0
851 90 39
851 91 0
851 92 41
851 93 36
851 94 39
851 95 42
851 96 46
851 97 41
851 98 31
851 99 41
851 100 0
851 101 0
851 102 0
851 103 0
851 104 18
851 105 11
851 106 48
851 107 40
851 108 40
851 109 39
851 110 39
851 111 0
851 112 0
851 113 0
851 114 0
851 115 0
851 116 0
851 117 19
851 118 0
851 119 0
851 120 42
851 121 41
876 1 39
876 2 40
876 3 40
876 4 43
876 5 41
876 6 0
876 7 0
876 8 0
876 9 43
876 10 48
876 11 43
876 12 39
876 13 50
876 14 49
876 15 44
876 16 35
876 17 41
876 18 16
876 19 0
876 20 0
876 21 0
876 22 0
876 23 36
876 24 37
876 25 50
876 26 42
876 27 43
876 28 35
876 29 0
876 30 0
876 31 0
876 32 40
876 33 11
876 34 40
876 35 42
876 36 50
876 37 46
876 38 45
876 39 48
876 40 42
876 41 0
876 42 0
876 43 0
876 44 0
876 45 0
876 46 39
876 47 49
876 48 43
876 49 44
876 50 41
876 51 0
876 52 42
876 53 0
876 54 0
876 55 0
876 56 0
876 57 0
876 58 45
876 59 40
876 60 41
876 61 39
876 62 46
876 63 0
876 64 0
876 65 21
876 66 52
876 67 0
876 68 0
876 69 37
876 70 43
876 71 41
876 72 47
876 73 0
876 74 19
876 75 0
876 76 0
876 77 0
876 78 18
876 79 0
876 80 0
876 81 41
876 82 39
876 83 42
876 84 40
876 85 33
876 86 42
876 87 52
876 88 39
876 89 0
876 90 40
876 91 0
876 92 40
876 93 33
876 94 37
876 95 40
876 96 44
876 97 32
876 98 40
876 99 44
876 100 0
876 101 0
876 102 0
876 103 0
876 104 21
876 105 15
876 106 46
876 107 40
876 108 47
876 109 41
876 110 40
876 111 0
876 112 0
876 113 0
876 114 0
876 115 0
876 116 0
876 117 18
876 118 0
876 119 0
876 120 40
876 121 39
901 1 50
901 2 45
901 3 40
901 4 42
901 5 38
901 6 0
901 7 0
901 8 0
901 9 42
901 10 47
901 11 49
901 12 40
901 13 46
901 14 32
901 15 47
901 16 34
901 17 39
901 18 11
901 19 0
901 20 0
901 21 0
901 22 0
901 23 31
901 24 40
901 25 43
901 26 37
901 27 42
901 28 39
901 29 0
901 30 0
901 31 0
901 32 40
901 33 12
901 34 36
901 35 40
901 36 38
901 37 38
901 38 42
901 39 49
901 40 40
901 41 0
901 42 0
901 43 0
901 44 0
901 45 0
901 46 40
901 47 41
901 48 41
901 49 39
901 50 43
901 51 0
901 52 40
901 53 0
901 54 0
901 55 0
901 56 0
901 57 0
901 58 39
901 59 36
901 60 40
901 61 40
901 62 44
901 63 0
901 64 0
901 65 20
901 66 53
901 67 0
901 68 0
901 69 40
901 70 40
901 71 42
901 72 42
901 73 0
901 74 19
901 75 0
901 76 0
901 77 0
901 78 18
901 79 0
901 80 0
901 81 40
901 82 42
901 83 41
901 84 43
901 85 30
901 86 40
901 87 48
901 88 39
901 89 0
901 90 38
901 91 0
901 92 44
901 93 33
901 94 38
901 95 38
901 96 39
901 97 40
901 98 36
901 99 40
901 100 0
901 101 0
901 102 0
901 103 0
901 104 20
901 105 13
901 106 42
901 107 39
901 108 42
901 109 39
901 110 41
901 111 0
901 112 0
901 113 0
901 114 0
901 115 0
901 116 0
901 117 20
901 118 0
901 119 0
901 120 40
901 121 44
926 1 45
926 2 39
926 3 41
926 4 41
926 5 40
926 6 0
926 7 0
926 8 0
926 9 42
926 10 40
926 11 45
926 12 38
926 13 50
926 14 39
926 15 52
926 16 37
926 17 37
926 18 13
926 19 0
926 20 0
926 21 0
926 22 0
926 23 29
926 24 39
926 25 37
926 26 40
926 27 42
926 28 39
926 29 0
926 30 0
926 31 0
926 32 43
926 33 14
926 34 37
926 35 41
926 36 45
926 37 39
926 38 44
926 39 39
926 40 42
926 41 0
926 42 0
926 43 0
926 44 0
926 45 0
926 46 39
926 47 40
926 48 39
926 49 33
926 50 40
926 51 0
926 52 40
926 53 0
926 54 0
926 55 0
926 56 0
926 57 0
926 58 41
926 59 40
926 60 40
926 61 42
926 62 47
926 63 0
926 64 0
926 65 21
926 66 49
926 67 0
926 68 0
926 69 37
926 70 39
926 71 43
926 72 45
926 73 0
926 74 19
926 75 0
926 76 0
926 77 0
926 78 12
926 79 0
926 80 0
926 81 40
926 82 41
926 83 44
926 84 40
926 85 29
926 86 36
926 87 48
926 88 40
926 89 0
926 90 40
926 91 0
926 92 41
926 93 40
926 94 40
926 95 40
926 96 40
926 97 39
926 98 37
926 99 43
926 100 0
926 101 0
926 102 0
926 103 0
926 104 20
926 105 11
926 106 40
926 107 40
926 108 39
926 109 40
926 110 36
926 111 0
926 112 0
926 113 0
926 114 0
926 115 0
926 116 0
926 117 19
926 118 0
926 119 0
926 120 43
926 121 44
951 1 36
951 2 39
951 3 40
951 4 40
951 5 41
951 6 0
951 7 0
951 8 0
951 9 44
951 10 47
951 11 39
951 12 38
951 13 49
951 14 44
951 15 50
951 16 35
951 17 43
951 18 13
951 19 0
951 20 0
951 21 0
951 22 0
951 23 31
951 24 42
951 25 40
951 26 41
951 27 48
951 28 41
951 29 0
951 30 0
951 31 0
951 32 38
951 33 10
951 34 41
951 35 40
951 36 50
951 37 40
951 38 42
951 39 39
951 40 39
951 41 0
951 42 0
951 43 0
951 44 0
951 45 0
951 46 38
951 47 41
951 48 48
951 49 50
951 50 34
951 51 0
951 52 39
951 53 0
951 54 0
951 55 0
951 56 0
951 57 0
951 58 41
951 59 45
951 60 41
951 61 40
951 62 43
951 63 0
951 64 0
951 65 19
951 66 47
951 67 0
951 68 0
951 69 43
951 70 41
951 71 41
951 72 46
951 73 0
951 74 15
951 75 0
951 76 0
951 77 0
951 78 12
951 79 0
951 80 0
951 81 42
951 82 39
951 83 41
951 84 37
951 85 30
951 86 42
951 87 50
951 88 42
951 89 0
951 90 32
951 91 0
951 92 42
951 93 39
951 94 38
951 95 40
951 96 34
951 97 38
951 98 39
951 99 40
951 100 0
951 101 0
951 102 0
951 103 0
951 104 20
951 105 11
951 106 36
951 107 39
951 108 40
951 109 37
951 110 37
951 111 0
951 112 0
951 113 0
951 114 0
951 115 0
951 116 0
951 117 24
951 118 0
951 119 0
951 120 42
951 121 40
976 1 40
976 2 44
976 3 43
976 4 39
976 5 40
976 6 0
976 7 0
976 8 0
976 9 44
976 10 46
976 11 37
976 12 40
976 13 46
976 14 41
976 15 42
976 16 37
976 17 41
976 18 15
976 19 0
976 20 0
976 21 0
976 22 0
976 23 28
976 24 37
976 25 37
976 26 40
976 27 46
976 28 38
976 29 0
976 30 0
976 31 0
976 32 37
976 33 11
976 34 37
976 35 44
976 36 49
976 37 46
976 38 42
976 39 40
976 40 39
976 41 0
976 42 0
976 43 0
976 44 0
976 45 0
976 46 39
976 47 40
976 48 45
976 49 39
976 50 40
976 51 0
976 52 39
976 53 0
976 54 0
976 55 0
976 56 0
976 57 0
976 58 47
976 59 38
976 60 34
976 61 33
976 62 39
976 63 0
976 64 0
976 65 20
976 66 49
976 67 0
976 68 0
976 69 40
976 70 39
976 71 36
976 72 40
976 73 0
976 74 20
976 75 0
976 76 0
976 77 0
976 78 12
976 79 0
976 80 0
976 81 42
976 82 43
976 83 43
976 84 37
976 85 32
976 86 40
976 87 49
976 88 40
976 89 0
976 90 40
976 91 0
976 92 41
976 93 40
976 94 43
976 95 48
976 96 39
976 97 31
976 98 40
976 99 40
976 100 0
976 101 0
976 102 0
976 103 0
976 104 20
976 105 18
976 106 46
976 107 32
976 108 39
976 109 32
976 110 40
976 111 0
976 112 0
976 113 0
976 114 0
976 115 0
976 116 0
976 117 20
976 118 0
976 119 0
976 120 39
976 121 38
1001 1 43
1001 2 43
1001 3 41
1001 4 41
1001 5 44
1001 6 0
1001 7 0
1001 8 0
1001 9 36
1001 10 48
1001 11 39
1001 12 43
1001 13 49
1001 14 41
1001 15 48
1001 16 38
1001 17 40
1001 18 14
1001 19 0
1001 20 0
1001 21 0
1001 22 0
1001 23 31
1001 24 39
1001 25 41
1001 26 39
1001 27 46
1001 28 40
1001 29 0
1001 30 0
1001 31 0
1001 32 39
1001 33 16
1001 34 41
1001 35 41
1001 36 41
1001 37 44
1001 38 39
1001 39 40
1001 40 40
1001 41 0
1001 42 0
1001 43 0
1001 44 0
1001 45 0
1001 46 42
1001 47 42
1001 48 39
1001 49 40
1001 50 41
1001 51 0
1001 52 38
1001 53 0
1001 54 0
1001 55 0
1001 56 0
1001 57 0
1001 58 38
1001 59 39
1001 60 39
1001 61 37
1001 62 43
1001 63 0
1001 64 0
1001 65 12
1001 66 50
1001 67 0
1001 68 0
1001 69 40
1001 70 40
1001 71 43
1001 72 45
1001 73 0
1001 74 20
1001 75 0
1001 76 0
1001 77 0
1001 78 19
1001 79 0
1001 80 0
1001 81 42
1001 82 40
1001 83 38
1001 84 36
1001 85 32
1001 86 40
1001 87 51
1001 88 42
1001 89 0
1001 90 40
1001 91 0
1001 92 41
1001 93 37
1001 94 41
1001 95 43
1001 96 35
1001 97 40
1001 98 32
1001 99 42
1001 100 0
1001 101 0
1001 102 0
1001 103 0
1001 104 20
1001 105 8
1001 106 46
1001 107 41
1001 108 40
1001 109 38
1001 110 40
1001 111 0
1001 112 0
1001 113 0
1001 114 0
1001 115 0
1001 116 0
1001 117 19
1001 118 0
1001 119 0
1001 120 39
1001 121 40
1026 1 42
1026 2 41
1026 3 39
1026 4 38
1026 5 42
1026 6 0
1026 7 0
1026 8 0
1026 9 40
1026 10 40
1026 11 39
1026 12 40
1026 13 50
1026 14 44
1026 15 45
1026 16 39
1026 17 41
1026 18 20
1026 19 0
1026 20 0
1026 21 0
1026 22 0
1026 23 26
1026 24 41
1026 25 40
1026 26 43
1026 27 47
1026 28 40
1026 29 0
1026 30 0
1026 31 0
1026 32 40
1026 33 15
1026 34 48
1026 35 41
1026 36 50
1026 37 40
1026 38 47
1026 39 45
1026 40 39
1026 41 0
1026 42 0
1026 43 0
1026 44 0
1026 45 0
1026 46 37
1026 47 43
1026 48 41
1026 49 40
1026 50 36
1026 51 0
1026 52 40
1026 53 0
1026 54 0
1026 55 0
1026 56 0
1026 57 0
1026 58 41
1026 59 41
1026 60 40
1026 61 38
1026 62 45
1026 63 0
1026 64 0
1026 65 21
1026 66 48
1026 67 0
1026 68 0
1026 69 40
1026 70 36
1026 71 41
1026 72 50
1026 73 0
1026 74 18
1026 75 0
1026 76 0
1026 77 0
1026 78 20
1026 79 0
1026 80 0
1026 81 39
1026 82 38
1026 83 50
1026 84 32
1026 85 41
1026 86 47
1026 87 44
1026 88 40
1026 89 0
1026 90 34
1026 91 0
1026 92 40
1026 93 37
1026 94 39
1026 95 39
1026 96 48
1026 97 42
1026 98 36
1026 99 41
1026 100 0
1026 101 0
1026 102 0
1026 103 0
1026 104 20
1026 105 9
1026 106 42
1026 107 36
1026 108 40
1026 109 35
1026 110 40
1026 111 0
1026 112 0
1026 113 0
1026 114 0
1026 115 0
1026 116 0
1026 117 18
1026 118 0
1026 119 0
1026 120 41
1026 121 41
1051 1 50
1051 2 40
1051 3 45
1051 4 39
1051 5 42
1051 6 0
1051 7 0
1051 8 0
1051 9 45
1051 10 40
1051 11 40
1051 12 46
1051 13 46
1051 14 39
1051 15 43
1051 16 41
1051 17 39
1051 18 10
1051 19 0
1051 20 0
1051 21 0
1051 22 0
1051 23 33
1051 24 40
1051 25 42
1051 26 40
1051 27 47
1051 28 37
1051 29 0
1051 30 0
1051 31 0
1051 32 40
1051 33 10
1051 34 40
1051 35 38
1051 36 50
1051 37 42
1051 38 43
1051 39 39
1051 40 40
1051 41 0
1051 42 0
1051 43 0
1051 44 0
1051 45 0
1051 46 41
1051 47 39
1051 48 47
1051 49 40
1051 50 38
1051 51 0
1051 52 41
1051 53 0
1051 54 0
1051 55 0
1051 56 0
1051 57 0
1051 58 34
1051 59 38
1051 60 39
1051 61 41
1051 62 41
1051 63 0
1051 64 0
1051 65 18
1051 66 48
1051 67 0
1051 68 0
1051 69 39
1051 70 39
1051 71 41
1051 72 49
1051 73 0
1051 74 17
1051 75 0
1051 76 0
1051 77 0
1051 78 10
1051 79 0
1051 80 0
1051 81 41
1051 82 40
1051 83 42
1051 84 37
1051 85 30
1051 86 41
1051 87 47
1051 88 42
1051 89 0
1051 90 39
1051 91 0
1051 92 41
1051 93 40
1051 94 39
1051 95 48
1051 96 41
1051 97 40
1051 98 40
1051 99 39
1051 100 0
1051 101 0
1051 102 0
1051 103 0
1051 104 20
1051 105 12
1051 106 41
1051 107 44
1051 108 42
1051 109 38
1051 110 36
1051 111 0
1051 112 0
1051 113 0
1051 114 0
1051 115 0
1051 116 0
1051 117 19
1051 118 0
1051 119 0
1051 120 40
1051 121 37
1076 1 40
1076 2 41
1076 3 40
1076 4 42
1076 5 40
1076 6 0
1076 7 0
1076 8 0
1076 9 41
1076 10 42
1076 11 39
1076 12 45
1076 13 47
1076 14 38
1076 15 45
1076 16 39
1076 17 38
1076 18 11
1076 19 0
1076 20 0
1076 21 0
1076 22 0
1076 23 35
1076 24 39
1076 25 38
1076 26 41
1076 27 49
1076 28 30
1076 29 0
1076 30 0
1076 31 0
1076 32 45
1076 33 12
1076 34 39
1076 35 39
1076 36 50
1076 37 45
1076 38 48
1076 39 39
1076 40 40
1076 41 0
1076 42 0
1076 43 0
1076 44 0
1076 45 0
1076 46 37
1076 47 47
1076 48 44
1076 49 45
1076 50 39
1076 51 0
1076 52 39
1076 53 0
1076 54 0
1076 55 0
1076 56 0
1076 57 0
1076 58 41
1076 59 47
1076 60 39
1076 61 30
1076 62 40
1076 63 0
1076 64 0
1076 65 20
1076 66 50
1076 67 0
1076 68 0
1076 69 35
1076 70 38
1076 71 41
1076 72 47
1076 73 0
1076 74 19
1076 75 0
1076 76 0
1076 77 0
1076 78 20
1076 79 0
1076 80 0
1076 81 47
1076 82 40
1076 83 45
1076 84 34
1076 85 29
1076 86 43
1076 87 48
1076 88 38
1076 89 0
1076 90 33
1076 91 0
1076 92 37
1076 93 35
1076 94 38
1076 95 43
1076 96 43
1076 97 41
1076 98 33
1076 99 40
1076 100 0
1076 101 0
1076 102 0
1076 103 0
1076 104 19
1076 105 11
1076 106 40
1076 107 37
1076 108 40
1076 109 41
1076 110 38
1076 111 0
1076 112 0
1076 113 0
1076 114 0
1076 115 0
1076 116 0
1076 117 23
1076 118 0
1076 119 0
1076 120 40
1076 121 40
1101 1 41
1101 2 40
1101 3 41
1101 4 41
1101 5 39
1101 6 0
1101 7 0
1101 8 0
1101 9 42
1101 10 47
1101 11 39
1101 12 40
1101 13 48
1101 14 45
1101 15 41
1101 16 38
1101 17 39
1101 18 10
1101 19 0
1101 20 0
1101 21 0
1101 22 0
1101 23 31
1101 24 41
1101 25 41
1101 26 42
1101 27 51
1101 28 33
1101 29 0
1101 30 0
1101 31 0
1101 32 40
1101 33 13
1101 34 46
1101 35 38
1101 36 50
1101 37 40
1101 38 41
1101 39 42
1101 40 41
1101 41 0
1101 42 0
1101 43 0
1101 44 0
1101 45 0
1101 46 41
1101 47 40
1101 48 41
1101 49 41
1101 50 33
1101 51 0
1101 52 37
1101 53 0
1101 54 0
1101 55 0
1101 56 0
1101 57 0
1101 58 43
1101 59 40
1101 60 38
1101 61 33
1101 62 43
1101 63 0
1101 64 0
1101 65 14
1101 66 51
1101 67 0
1101 68 0
1101 69 40
1101 70 32
1101 71 43
1101 72 51
1101 73 0
1101 74 19
1101 75 0
1101 76 0
1101 77 0
1101 78 20
1101 79 0
1101 80 0
1101 81 41
1101 82 38
1101 83 45
1101 84 36
1101 85 37
1101 86 48
1101 87 48
1101 88 40
1101 89 0
1101 90 41
1101 91 0
1101 92 38
1101 93 40
1101 94 43
1101 95 38
1101 96 46
1101 97 33
1101 98 38
1101 99 40
1101 100 0
1101 101 0
1101 102 0
1101 103 0
1101 104 16
1101 105 10
1101 106 40
1101 107 38
1101 108 42
1101 109 37
1101 110 38
1101 111 0
1101 112 0
1101 113 0
1101 114 0
1101 115 0
1101 116 0
1101 117 18
1101 118 0
1101 119 0
1101 120 39
1101 121 40
1126 1 40
1126 2 40
1126 3 36
1126 4 40
1126 5 39
1126 6 0
1126 7 0
1126 8 0
1126 9 39
1126 10 48
1126 11 44
1126 12 40
1126 13 47
1126 14 41
1126 15 45
1126 16 32
1126 17 43
1126 18 14
1126 19 0
1126 20 0
1126 21 0
1126 22 0
1126 23 32
1126 24 42
1126 25 40
1126 26 40
1126 27 42
1126 28 46
1126 29 0
1126 30 0
1126 31 0
1126 32 42
1126 33 19
1126 34 40
1126 35 41
1126 36 44
1126 37 43
1126 38 43
1126 39 46
1126 40 40
1126 41 0
1126 42 0
1126 43 0
1126 44 0
1126 45 0
1126 46 40
1126 47 47
1126 48 45
1126 49 44
1126 50 38
1126 51 0
1126 52 40
1126 53 0
1126 54 0
1126 55 0
1126 56 0
1126 57 0
1126 58 41
1126 59 47
1126 60 40
1126 61 39
1126 62 39
1126 63 0
1126 64 0
1126 65 20
1126 66 47
1126 67 0
1126 68 0
1126 69 40
1126 70 41
1126 71 44
1126 72 50
1126 73 0
1126 74 19
1126 75 0
1126 76 0
1126 77 0
1126 78 11
1126 79 0
1126 80 0
1126 81 40
1126 82 40
1126 83 41
1126 84 36
1126 85 37
1126 86 42
1126 87 48
1126 88 44
1126 89 0
1126 90 41
1126 91 0
1126 92 40
1126 93 39
1126 94 35
1126 95 39
1126 96 41
1126 97 35
1126 98 39
1126 99 46
1126 100 0
1126 101 0
1126 102 0
1126 103 0
1126 104 19
1126 105 15
1126 106 41
1126 107 42
1126 108 43
1126 109 38
1126 110 46
1126 111 0
1126 112 0
1126 113 0
1126 114 0
1126 115 0
1126 116 0
1126 117 17
1126 118 0
1126 119 0
1126 120 43
1126 121 46
1151 1 50
1151 2 40
1151 3 47
1151 4 41
1151 5 44
1151 6 0
1151 7 0
1151 8 0
1151 9 41
1151 10 46
1151 11 41
1151 12 43
1151 13 42
1151 14 44
1151 15 49
1151 16 40
1151 17 45
1151 18 11
1151 19 0
1151 20 0
1151 21 0
1151 22 0
1151 23 35
1151 24 41
1151 25 40
1151 26 41
1151 27 46
1151 28 38
1151 29 0
1151 30 0
1151 31 0
1151 32 41
1151 33 10
1151 34 39
1151 35 41
1151 36 52
1151 37 39
1151 38 39
1151 39 41
1151 40 38
1151 41 0
1151 42 0
1151 43 0
1151 44 0
1151 45 0
1151 46 39
1151 47 44
1151 48 40
1151 49 43
1151 50 40
1151 51 0
1151 52 38
1151 53 0
1151 54 0
1151 55 0
1151 56 0
1151 57 0
1151 58 36
1151 59 40
1151 60 39
1151 61 39
1151 62 40
1151 63 0
1151 64 0
1151 65 21
1151 66 54
1151 67 0
1151 68 0
1151 69 40
1151 70 45
1151 71 41
1151 72 49
1151 73 0
1151 74 22
1151 75 0
1151 76 0
1151 77 0
1151 78 7
1151 79 0
1151 80 0
1151 81 40
1151 82 39
1151 83 41
1151 84 40
1151 85 32
1151 86 36
1151 87 50
1151 88 37
1151 89 0
1151 90 34
1151 91 0
1151 92 38
1151 93 41
1151 94 38
1151 95 39
1151 96 41
1151 97 33
1151 98 39
1151 99 43
1151 100 0
1151 101 0
1151 102 0
1151 103 0
1151 104 20
1151 105 10
1151 106 41
1151 107 39
1151 108 41
1151 109 42
1151 110 33
1151 111 0
1151 112 0
1151 113 0
1151 114 0
1151 115 0
1151 116 0
1151 117 15
1151 118 0
1151 119 0
1151 120 38
1151 121 48
1176 1 40
1176 2 50
1176 3 42
1176 4 40
1176 5 41
1176 6 0
1176 7 0
1176 8 0
1176 9 40
1176 10 39
1176 11 38
1176 12 40
1176 13 47
1176 14 41
1176 15 39
1176 16 40
1176 17 46
1176 18 14
1176 19 0
1176 20 0
1176 21 0
1176 22 0
1176 23 29
1176 24 42
1176 25 39
1176 26 41
1176 27 45
1176 28 38
1176 29 0
1176 30 0
1176 31 0
1176 32 40
1176 33 12
1176 34 42
1176 35 40
1176 36 47
1176 37 40
1176 38 44
1176 39 41
1176 40 39
1176 41 0
1176 42 0
1176 43 0
1176 44 0
1176 45 0
1176 46 43
1176 47 42
1176 48 41
1176 49 41
1176 50 41
1176 51 0
1176 52 45
1176 53 0
1176 54 0
1176 55 0
1176 56 0
1176 57 0
1176 58 49
1176 59 40
1176 60 41
1176 61 40
1176 62 38
1176 63 0
1176 64 0
1176 65 16
1176 66 50
1176 67 0
1176 68 0
1176 69 39
1176 70 39
1176 71 41
1176 72 49
1176 73 0
1176 74 21
1176 75 0
1176 76 0
1176 77 0
1176 78 15
1176 79 0
1176 80 0
1176 81 36
1176 82 40
1176 83 41
1176 84 35
1176 85 30
1176 86 46
1176 87 52
1176 88 44
1176 89 0
1176 90 37
1176 91 0
1176 92 43
1176 93 40
1176 94 33
1176 95 41
1176 96 51
1176 97 37
1176 98 36
1176 99 40
1176 100 0
1176 101 0
1176 102 0
1176 103 0
1176 104 23
1176 105 13
1176 106 40
1176 107 44
1176 108 44
1176 109 38
1176 110 42
1176 111 0
1176 112 0
1176 113 0
1176 114 0
1176 115 0
1176 116 0
1176 117 14
1176 118 0
1176 119 0
1176 120 41
1176 121 45
1201 1 41
1201 2 39
1201 3 39
1201 4 40
1201 5 39
1201 6 0
1201 7 0
1201 8 0
1201 9 39
1201 10 43
1201 11 38
1201 12 41
1201 13 44
1201 14 43
1201 15 51
1201 16 37
1201 17 39
1201 18 20
1201 19 0
1201 20 0
1201 21 0
1201 22 0
1201 23 29
1201 24 39
1201 25 46
1201 26 41
1201 27 47
1201 28 39
1201 29 0
1201 30 0
1201 31 0
1201 32 40
1201 33 17
1201 34 39
1201 35 47
1201 36 42
1201 37 39
1201 38 42
1201 39 42
1201 40 37
1201 41 0
1201 42 0
1201 43 0
1201 44 0
1201 45 0
1201 46 40
1201 47 50
1201 48 40
1201 49 45
1201 50 36
1201 51 0
1201 52 42
1201 53 0
1201 54 0
1201 55 0
1201 56 0
1201 57 0
1201 58 41
1201 59 41
1201 60 46
1201 61 38
1201 62 37
1201 63 0
1201 64 0
1201 65 12
1201 66 59
1201 67 0
1201 68 0
1201 69 36
1201 70 40
1201 71 41
1201 72 43
1201 73 0
1201 74 20
1201 75 0
1201 76 0
1201 77 0
1201 78 14
1201 79 0
1201 80 0
1201 81 39
1201 82 41
1201 83 40
1201 84 39
1201 85 28
1201 86 41
1201 87 50
1201 88 41
1201 89 0
1201 90 42
1201 91 0
1201 92 40
1201 93 39
1201 94 36
1201 95 40
1201 96 33
1201 97 40
1201 98 31
1201 99 40
1201 100 0
1201 101 0
1201 102 0
1201 103 0
1201 104 22
1201 105 10
1201 106 44
1201 107 40
1201 108 50
1201 109 41
1201 110 39
1201 111 0
1201 112 0
1201 113 0
1201 114 0
1201 115 0
1201 116 0
1201 117 16
1201 118 0
1201 119 0
1201 120 40
1201 121 45
1226 1 44
1226 2 40
1226 3 41
1226 4 39
1226 5 48
1226 6 0
1226 7 0
1226 8 0
1226 9 41
1226 10 43
1226 11 40
1226 12 39
1226 13 41
1226 14 39
1226 15 46
1226 16 37
1226 17 43
1226 18 10
1226 19 0
1226 20 0
1226 21 0
1226 22 0
1226 23 31
1226 24 41
1226 25 38
1226 26 37
1226 27 49
1226 28 40
1226 29 0
1226 30 0
1226 31 0
1226 32 42
1226 33 13
1226 34 44
1226 35 39
1226 36 41
1226 37 43
1226 38 47
1226 39 46
1226 40 38
1226 41 0
1226 42 0
1226 43 0
1226 44 0
1226 45 0
1226 46 41
1226 47 39
1226 48 42
1226 49 42
1226 50 45
1226 51 0
1226 52 40
1226 53 0
1226 54 0
1226 55 0
1226 56 0
1226 57 0
1226 58 43
1226 59 40
1226 60 39
1226 61 40
1226 62 42
1226 63 0
1226 64 0
1226 65 22
1226 66 47
1226 67 0
1226 68 0
1226 69 40
1226 70 40
1226 71 41
1226 72 48
1226 73 0
1226 74 19
1226 75 0
1226 76 0
1226 77 0
1226 78 17
1226 79 0
1226 80 0
1226 81 43
1226 82 38
1226 83 44
1226 84 40
1226 85 30
1226 86 43
1226 87 51
1226 88 48
1226 89 0
1226 90 41
1226 91 0
1226 92 39
1226 93 40
1226 94 30
1226 95 49
1226 96 38
1226 97 36
1226 98 41
1226 99 52
1226 100 0
1226 101 0
1226 102 0
1226 103 0
1226 104 20
1226 105 11
1226 106 46
1226 107 40
1226 108 39
1226 109 34
1226 110 32
1226 111 0
1226 112 0
1226 113 0
1226 114 0
1226 115 0
1226 116 0
1226 117 18
1226 118 0
1226 119 0
1226 120 38
1226 121 39
1251 1 43
1251 2 43
1251 3 43
1251 4 39
1251 5 49
1251 6 0
1251 7 0
1251 8 0
1251 9 40
1251 10 49
1251 11 39
1251 12 43
1251 13 47
1251 14 42
1251 15 50
1251 16 40
1251 17 40
1251 18 13
1251 19 0
1251 20 0
1251 21 0
1251 22 0
1251 23 30
1251 24 40
1251 25 41
1251 26 42
1251 27 39
1251 28 39
1251 29 0
1251 30 0
1251 31 0
1251 32 35
1251 33 9
1251 34 47
1251 35 41
1251 36 46
1251 37 40
1251 38 47
1251 39 34
1251 40 42
1251 41 0
1251 42 0
1251 43 0
1251 44 0
1251 45 0
1251 46 42
1251 47 38
1251 48 37
1251 49 43
1251 50 40
1251 51 0
1251 52 35
1251 53 0
1251 54 0
1251 55 0
1251 56 0
1251 57 0
1251 58 43
1251 59 40
1251 60 40
1251 61 40
1251 62 41
1251 63 0
1251 64 0
1251 65 13
1251 66 48
1251 67 0
1251 68 0
1251 69 40
1251 70 37
1251 71 41
1251 72 45
1251 73 0
1251 74 18
1251 75 0
1251 76 0
1251 77 0
1251 78 17
1251 79 0
1251 80 0
1251 81 40
1251 82 45
1251 83 45
1251 84 39
1251 85 32
1251 86 39
1251 87 48
1251 88 45
1251 89 0
1251 90 38
1251 91 0
1251 92 39
1251 93 36
1251 94 37
1251 95 39
1251 96 39
1251 97 37
1251 98 38
1251 99 40
1251 100 0
1251 101 0
1251 102 0
1251 103 0
1251 104 21
1251 105 13
1251 106 44
1251 107 38
1251 108 40
1251 109 37
1251 110 37
1251 111 0
1251 112 0
1251 113 0
1251 114 0
1251 115 0
1251 116 0
1251 117 14
1251 118 0
1251 119 0
1251 120 45
1251 121 38
1276 1 45
1276 2 40
1276 3 40
1276 4 39
1276 5 40
1276 6 0
1276 7 0
1276 8 0
1276 9 41
1276 10 46
1276 11 40
1276 12 40
1276 13 46
1276 14 42
1276 15 43
1276 16 40
1276 17 46
1276 18 10
1276 19 0
1276 20 0
1276 21 0
1276 22 0
1276 23 30
1276 24 36
1276 25 40
1276 26 40
1276 27 50
1276 28 39
1276 29 0
1276 30 0
1276 31 0
1276 32 40
1276 33 19
1276 34 40
1276 35 42
1276 36 43
1276 37 48
1276 38 43
1276 39 43
1276 40 39
1276 41 0
1276 42 0
1276 43 0
1276 44 0
1276 45 0
1276 46 42
1276 47 44
1276 48 40
1276 49 43
1276 50 39
1276 51 0
1276 52 40
1276 53 0
1276 54 0
1276 55 0
1276 56 0
1276 57 0
1276 58 40
1276 59 40
1276 60 39
1276 61 38
1276 62 40
1276 63 0
1276 64 0
1276 65 17
1276 66 50
1276 67 0
1276 68 0
1276 69 42
1276 70 36
1276 71 40
1276 72 49
1276 73 0
1276 74 20
1276 75 0
1276 76 0
1276 77 0
1276 78 17
1276 79 0
1276 80 0
1276 81 40
1276 82 38
1276 83 44
1276 84 31
1276 85 40
1276 86 41
1276 87 43
1276 88 41
1276 89 0
1276 90 42
1276 91 0
1276 92 40
1276 93 40
1276 94 42
1276 95 40
1276 96 47
1276 97 41
1276 98 43
1276 99 39
1276 100 0
1276 101 0
1276 102 0
1276 103 0
1276 104 20
1276 105 8
1276 106 39
1276 107 39
1276 108 43
1276 109 30
1276 110 38
1276 111 0
1276 112 0
1276 113 0
1276 114 0
1276 115 0
1276 116 0
1276 117 19
1276 118 0
1276 119 0
1276 120 36
1276 121 41
1301 1 46
1301 2 45
1301 3 46
1301 4 41
1301 5 40
1301 6 0
1301 7 0
1301 8 0
1301 9 37
1301 10 48
1301 11 38
1301 12 43
1301 13 42
1301 14 43
1301 15 46
1301 16 38
1301 17 36
1301 18 10
1301 19 0
1301 20 0
1301 21 0
1301 22 0
1301 23 36
1301 24 35
1301 25 39
1301 26 40
1301 27 45
1301 28 39
1301 29 0
1301 30 0
1301 31 0
1301 32 33
1301 33 19
1301 34 43
1301 35 38
1301 36 40
1301 37 42
1301 38 39
1301 39 39
1301 40 39
1301 41 0
1301 42 0
1301 43 0
1301 44 0
1301 45 0
1301 46 39
1301 47 41
1301 48 41
1301 49 39
1301 50 38
1301 51 0
1301 52 42
1301 53 0
1301 54 0
1301 55 0
1301 56 0
1301 57 0
1301 58 35
1301 59 40
1301 60 42
1301 61 35
1301 62 44
1301 63 0
1301 64 0
1301 65 16
1301 66 48
1301 67 0
1301 68 0
1301 69 43
1301 70 47
1301 71 42
1301 72 47
1301 73 0
1301 74 15
1301 75 0
1301 76 0
1301 77 0
1301 78 14
1301 79 0
1301 80 0
1301 81 42
1301 82 41
1301 83 38
1301 84 39
1301 85 35
1301 86 42
1301 87 45
1301 88 41
1301 89 0
1301 90 39
1301 91 0
1301 92 43
1301 93 40
1301 94 40
1301 95 41
1301 96 51
1301 97 33
1301 98 38
1301 99 41
1301 100 0
1301 101 0
1301 102 0
1301 103 0
1301 104 19
1301 105 13
1301 106 41
1301 107 42
1301 108 45
1301 109 38
1301 110 40
1301 111 0
1301 112 0
1301 113 0
1301 114 0
1301 115 0
1301 116 0
1301 117 20
1301 118 0
1301 119 0
1301 120 39
1301 121 39
1326 1 40
1326 2 39
1326 3 43
1326 4 40
1326 5 47
1326 6 0
1326 7 0
1326 8 0
1326 9 41
1326 10 49
1326 11 36
1326 12 31
1326 13 44
1326 14 40
1326 15 51
1326 16 37
1326 17 40
1326 18 9
1326 19 0
1326 20 0
1326 21 0
1326 22 0
1326 23 34
1326 24 39
1326 25 43
1326 26 39
1326 27 47
1326 28 39
1326 29 0
1326 30 0
1326 31 0
1326 32 40
1326 33 9
1326 34 42
1326 35 40
1326 36 46
1326 37 42
1326 38 42
1326 39 38
1326 40 38
1326 41 0
1326 42 0
1326 43 0
1326 44 0
1326 45 0
1326 46 40
1326 47 40
1326 48 39
1326 49 40
1326 50 39
1326 51 0
1326 52 39
1326 53 0
1326 54 0
1326 55 0
1326 56 0
1326 57 0
1326 58 40
1326 59 40
1326 60 38
1326 61 38
1326 62 40
1326 63 0
1326 64 0
1326 65 13
1326 66 49
1326 67 0
1326 68 0
1326 69 42
1326 70 38
1326 71 39
1326 72 49
1326 73 0
1326 74 18
1326 75 0
1326 76 0
1326 77 0
1326 78 20
1326 79 0
1326 80 0
1326 81 40
1326 82 41
1326 83 43
1326 84 33
1326 85 29
1326 86 43
1326 87 50
1326 88 40
1326 89 0
1326 90 39
1326 91 0
1326 92 40
1326 93 40
1326 94 39
1326 95 39
1326 96 39
1326 97 39
1326 98 40
1326 99 41
1326 100 0
1326 101 0
1326 102 0
1326 103 0
1326 104 19
1326 105 10
1326 106 43
1326 107 38
1326 108 40
1326 109 40
1326 110 40
1326 111 0
1326 112 0
1326 113 0
1326 114 0
1326 115 0
1326 116 0
1326 117 18
1326 118 0
1326 119 0
1326 120 42
1326 121 41
1351 1 40
1351 2 40
1351 3 40
1351 4 42
1351 5 43
1351 6 0
1351 7 0
1351 8 0
1351 9 41
1351 10 46
1351 11 39
1351 12 41
1351 13 50
1351 14 42
1351 15 44
1351 16 28
1351 17 44
1351 18 13
1351 19 0
1351 20 0
1351 21 0
1351 22 0
1351 23 31
1351 24 40
1351 25 43
1351 26 39
1351 27 46
1351 28 39
1351 29 0
1351 30 0
1351 31 0
1351 32 39
1351 33 9
1351 34 41
1351 35 40
1351 36 44
1351 37 41
1351 38 40
1351 39 40
1351 40 39
1351 41 0
1351 42 0
1351 43 0
1351 44 0
1351 45 0
1351 46 40
1351 47 41
1351 48 42
1351 49 40
1351 50 36
1351 51 0
1351 52 39
1351 53 0
1351 54 0
1351 55 0
1351 56 0
1351 57 0
1351 58 41
1351 59 48
1351 60 40
1351 61 36
1351 62 41
1351 63 0
1351 64 0
1351 65 16
1351 66 49
1351 67 0
1351 68 0
1351 69 38
1351 70 40
1351 71 50
1351 72 47
1351 73 0
1351 74 17
1351 75 0
1351 76 0
1351 77 0
1351 78 12
1351 79 0
1351 80 0
1351 81 38
1351 82 42
1351 83 40
1351 84 33
1351 85 38
1351 86 41
1351 87 46
1351 88 40
1351 89 0
1351 90 41
1351 91 0
1351 92 40
1351 93 39
1351 94 44
1351 95 51
1351 96 37
1351 97 40
1351 98 38
1351 99 39
1351 100 0
1351 101 0
1351 102 0
1351 103 0
1351 104 20
1351 105 13
1351 106 41
1351 107 39
1351 108 40
1351 109 41
1351 110 38
1351 111 0
1351 112 0
1351 113 0
1351 114 0
1351 115 0
1351 116 0
1351 117 22
1351 118 0
1351 119 0
1351 120 43
1351 121 37
1376 1 41
1376 2 40
1376 3 44
1376 4 41
1376 5 38
1376 6 0
1376 7 0
1376 8 0
1376 9 40
1376 10 49
1376 11 38
1376 12 39
1376 13 47
1376 14 40
1376 15 42
1376 16 41
1376 17 39
1376 18 9
1376 19 0
1376 20 0
1376 21 0
1376 22 0
1376 23 25
1376 24 43
1376 25 45
1376 26 42
1376 27 45
1376 28 38
1376 29 0
1376 30 0
1376 31 0
1376 32 43
1376 33 20
1376 34 40
1376 35 38
1376 36 50
1376 37 43
1376 38 44
1376 39 39
1376 40 42
1376 41 0
1376 42 0
1376 43 0
1376 44 0
1376 45 0
1376 46 46
1376 47 43
1376 48 45
1376 49 38
1376 50 41
1376 51 0
1376 52 39
1376 53 0
1376 54 0
1376 55 0
1376 56 0
1376 57 0
1376 58 40
1376 59 40
1376 60 43
1376 61 41
1376 62 39
1376 63 0
1376 64 0
1376 65 17
1376 66 56
1376 67 0
1376 68 0
1376 69 36
1376 70 40
1376 71 41
1376 72 49
1376 73 0
1376 74 22
1376 75 0
1376 76 0
1376 77 0
1376 78 9
1376 79 0
1376 80 0
1376 81 41
1376 82 39
1376 83 40
1376 84 38
1376 85 36
1376 86 44
1376 87 48
1376 88 38
1376 89 0
1376 90 34
1376 91 0
1376 92 41
1376 93 41
1376 94 39
1376 95 40
1376 96 42
1376 97 42
1376 98 37
1376 99 39
1376 100 0
1376 101 0
1376 102 0
1376 103 0
1376 104 20
1376 105 17
1376 106 36
1376 107 40
1376 108 40
1376 109 34
1376 110 35
1376 111 0
1376 112 0
1376 113 0
1376 114 0
1376 115 0
1376 116 0
1376 117 18
1376 118 0
1376 119 0
1376 120 40
1376 121 40
1401 1 43
1401 2 40
1401 3 44
1401 4 39
1401 5 41
1401 6 0
1401 7 0
1401 8 0
1401 9 43
1401 10 47
1401 11 38
1401 12 40
1401 13 43
1401 14 44
1401 15 47
1401 16 36
1401 17 42
1401 18 11
1401 19 0
1401 20 0
1401 21 0
1401 22 0
1401 23 30
1401 24 37
1401 25 48
1401 26 37
1401 27 40
1401 28 41
1401 29 0
1401 30 0
1401 31 0
1401 32 43
1401 33 15
1401 34 43
1401 35 39
1401 36 50
1401 37 43
1401 38 41
1401 39 45
1401 40 40
1401 41 0
1401 42 0
1401 43 0
1401 44 0
1401 45 0
1401 46 40
1401 47 32
1401 48 44
1401 49 38
1401 50 37
1401 51 0
1401 52 40
1401 53 0
1401 54 0
1401 55 0
1401 56 0
1401 57 0
1401 58 40
1401 59 43
1401 60 38
1401 61 38
1401 62 40
1401 63 0
1401 64 0
1401 65 12
1401 66 55
1401 67 0
1401 68 0
1401 69 42
1401 70 39
1401 71 43
1401 72 48
1401 73 0
1401 74 18
1401 75 0
1401 76 0
1401 77 0
1401 78 20
1401 79 0
1401 80 0
1401 81 45
1401 82 39
1401 83 44
1401 84 36
1401 85 38
1401 86 45
1401 87 47
1401 88 37
1401 89 0
1401 90 40
1401 91 0
1401 92 37
1401 93 44
1401 94 39
1401 95 41
1401 96 40
1401 97 38
1401 98 37
1401 99 44
1401 100 0
1401 101 0
1401 102 0
1401 103 0
1401 104 20
1401 105 12
1401 106 39
1401 107 35
1401 108 39
1401 109 40
1401 110 41
1401 111 0
1401 112 0
1401 113 0
1401 114 0
1401 115 0
1401 116 0
1401 117 18
1401 118 0
1401 119 0
1401 120 40
1401 121 38
1426 1 45
1426 2 42
1426 3 39
1426 4 43
1426 5 33
1426 6 0
1426 7 0
1426 8 0
1426 9 33
1426 10 45
1426 11 41
1426 12 44
1426 13 52
1426 14 40
1426 15 47
1426 16 38
1426 17 41
1426 18 10
1426 19 0
1426 20 0
1426 21 0
1426 22 0
1426 23 31
1426 24 43
1426 25 40
1426 26 38
1426 27 44
1426 28 41
1426 29 0
1426 30 0
1426 31 0
1426 32 41
1426 33 17
1426 34 38
1426 35 43
1426 36 49
1426 37 40
1426 38 39
1426 39 39
1426 40 40
1426 41 0
1426 42 0
1426 43 0
1426 44 0
1426 45 0
1426 46 40
1426 47 38
1426 48 46
1426 49 44
1426 50 40
1426 51 0
1426 52 40
1426 53 0
1426 54 0
1426 55 0
1426 56 0
1426 57 0
1426 58 42
1426 59 39
1426 60 40
1426 61 32
1426 62 37
1426 63 0
1426 64 0
1426 65 20
1426 66 44
1426 67 0
1426 68 0
1426 69 45
1426 70 41
1426 71 43
1426 72 46
1426 73 0
1426 74 16
1426 75 0
1426 76 0
1426 77 0
1426 78 13
1426 79 0
1426 80 0
1426 81 40
1426 82 40
1426 83 41
1426 84 38
1426 85 33
1426 86 42
1426 87 48
1426 88 48
1426 89 0
1426 90 38
1426 91 0
1426 92 40
1426 93 47
1426 94 40
1426 95 40
1426 96 39
1426 97 37
1426 98 40
1426 99 40
1426 100 0
1426 101 0
1426 102 0
1426 103 0
1426 104 21
1426 105 8
1426 106 37
1426 107 36
1426 108 40
1426 109 41
1426 110 43
1426 111 0
1426 112 0
1426 113 0
1426 114 0
1426 115 0
1426 116 0
1426 117 16
1426 118 0
1426 119 0
1426 120 45
1426 121 42
1451 1 42
1451 2 40
1451 3 42
1451 4 40
1451 5 38
1451 6 0
1451 7 0
1451 8 0
1451 9 40
1451 10 46
1451 11 41
1451 12 39
1451 13 48
1451 14 40
1451 15 44
1451 16 40
1451 17 40
1451 18 9
1451 19 0
1451 20 0
1451 21 0
1451 22 0
1451 23 31
1451 24 41
1451 25 40
1451 26 39
1451 27 45
1451 28 40
1451 29 0
1451 30 0
1451 31 0
1451 32 30
1451 33 9
1451 34 38
1451 35 40
1451 36 47
1451 37 41
1451 38 44
1451 39 39
1451 40 46
1451 41 0
1451 42 0
1451 43 0
1451 44 0
1451 45 0
1451 46 42
1451 47 41
1451 48 39
1451 49 43
1451 50 34
1451 51 0
1451 52 37
1451 53 0
1451 54 0
1451 55 0
1451 56 0
1451 57 0
1451 58 42
1451 59 40
1451 60 36
1451 61 39
1451 62 45
1451 63 0
1451 64 0
1451 65 17
1451 66 52
1451 67 0
1451 68 0
1451 69 41
1451 70 44
1451 71 40
1451 72 47
1451 73 0
1451 74 13
1451 75 0
1451 76 0
1451 77 0
1451 78 10
1451 79 0
1451 80 0
1451 81 40
1451 82 39
1451 83 38
1451 84 39
1451 85 31
1451 86 41
1451 87 50
1451 88 46
1451 89 0
1451 90 41
1451 91 0
1451 92 40
1451 93 40
1451 94 40
1451 95 49
1451 96 39
1451 97 32
1451 98 42
1451 99 40
1451 100 0
1451 101 0
1451 102 0
1451 103 0
1451 104 20
1451 105 12
1451 106 35
1451 107 39
1451 108 40
1451 109 44
1451 110 34
1451 111 0
1451 112 0
1451 113 0
1451 114 0
1451 115 0
1451 116 0
1451 117 22
1451 118 0
1451 119 0
1451 120 45
1451 121 49
1476 1 40
1476 2 43
1476 3 43
1476 4 45
1476 5 41
1476 6 0
1476 7 0
1476 8 0
1476 9 39
1476 10 37
1476 11 36
1476 12 39
1476 13 50
1476 14 43
1476 15 49
1476 16 39
1476 17 38
1476 18 9
1476 19 0
1476 20 0
1476 21 0
1476 22 0
1476 23 29
1476 24 40
1476 25 42
1476 26 39
1476 27 43
1476 28 39
1476 29 0
1476 30 0
1476 31 0
1476 32 47
1476 33 13
1476 34 47
1476 35 47
1476 36 49
1476 37 42
1476 38 41
1476 39 40
1476 40 41
1476 41 0
1476 42 0
1476 43 0
1476 44 0
1476 45 0
1476 46 40
1476 47 44
1476 48 40
1476 49 40
1476 50 37
1476 51 0
1476 52 38
1476 53 0
1476 54 0
1476 55 0
1476 56 0
1476 57 0
1476 58 38
1476 59 44
1476 60 41
1476 61 40
1476 62 41
1476 63 0
1476 64 0
1476 65 17
1476 66 48
1476 67 0
1476 68 0
1476 69 38
1476 70 41
1476 71 41
1476 72 42
1476 73 0
1476 74 18
1476 75 0
1476 76 0
1476 77 0
1476 78 24
1476 79 0
1476 80 0
1476 81 44
1476 82 40
1476 83 40
1476 84 42
1476 85 27
1476 86 48
1476 87 44
1476 88 40
1476 89 0
1476 90 35
1476 91 0
1476 92 40
1476 93 41
1476 94 39
1476 95 49
1476 96 36
1476 97 39
1476 98 40
1476 99 46
1476 100 0
1476 101 0
1476 102 0
1476 103 0
1476 104 22
1476 105 9
1476 106 40
1476 107 40
1476 108 41
1476 109 39
1476 110 38
1476 111 0
1476 112 0
1476 113 0
1476 114 0
1476 115 0
1476 116 0
1476 117 17
1476 118 0
1476 119 0
1476 120 40
1476 121 41
1501 1 48
1501 2 45
1501 3 44
1501 4 40
1501 5 39
1501 6 0
1501 7 0
1501 8 0
1501 9 42
1501 10 47
1501 11 42
1501 12 41
1501 13 39
1501 14 39
1501 15 44
1501 16 39
1501 17 44
1501 18 10
1501 19 0
1501 20 0
1501 21 0
1501 22 0
1501 23 30
1501 24 40
1501 25 41
1501 26 42
1501 27 50
1501 28 40
1501 29 0
1501 30 0
1501 31 0
1501 32 41
1501 33 10
1501 34 41
1501 35 39
1501 36 49
1501 37 40
1501 38 40
1501 39 42
1501 40 42
1501 41 0
1501 42 0
1501 43 0
1501 44 0
1501 45 0
1501 46 41
1501 47 40
1501 48 40
1501 49 44
1501 50 38
1501 51 0
1501 52 37
1501 53 0
1501 54 0
1501 55 0
1501 56 0
1501 57 0
1501 58 45
1501 59 40
1501 60 39
1501 61 38
1501 62 42
1501 63 0
1501 64 0
1501 65 18
1501 66 55
1501 67 0
1501 68 0
1501 69 40
1501 70 39
1501 71 38
1501 72 49
1501 73 0
1501 74 10
1501 75 0
1501 76 0
1501 77 0
1501 78 16
1501 79 0
1501 80 0
1501 81 44
1501 82 40
1501 83 47
1501 84 41
1501 85 39
1501 86 43
1501 87 49
1501 88 40
1501 89 0
1501 90 36
1501 91 0
1501 92 50
1501 93 34
1501 94 40
1501 95 38
1501 96 46
1501 97 40
1501 98 42
1501 99 40
1501 100 0
1501 101 0
1501 102 0
1501 103 0
1501 104 21
1501 105 7
1501 106 44
1501 107 42
1501 108 36
1501 109 46
1501 110 45
1501 111 0
1501 112 0
1501 113 0
1501 114 0
1501 115 0
1501 116 0
1501 117 19
1501 118 0
1501 119 0
1501 120 42
1501 121 41
1526 1 39
1526 2 41
1526 3 36
1526 4 37
1526 5 40
1526 6 0
1526 7 0
1526 8 0
1526 9 42
1526 10 40
1526 11 41
1526 12 40
1526 13 40
1526 14 44
1526 15 44
1526 16 32
1526 17 40
1526 18 15
1526 19 0
1526 20 0
1526 21 0
1526 22 0
1526 23 32
1526 24 43
1526 25 39
1526 26 38
1526 27 52
1526 28 40
1526 29 0
1526 30 0
1526 31 0
1526 32 42
1526 33 15
1526 34 43
1526 35 41
1526 36 50
1526 37 39
1526 38 44
1526 39 39
1526 40 38
1526 41 0
1526 42 0
1526 43 0
1526 44 0
1526 45 0
1526 46 43
1526 47 44
1526 48 40
1526 49 39
1526 50 41
1526 51 0
1526 52 39
1526 53 0
1526 54 0
1526 55 0
1526 56 0
1526 57 0
1526 58 47
1526 59 43
1526 60 44
1526 61 37
1526 62 40
1526 63 0
1526 64 0
1526 65 19
1526 66 49
1526 67 0
1526 68 0
1526 69 41
1526 70 37
1526 71 48
1526 72 46
1526 73 0
1526 74 20
1526 75 0
1526 76 0
1526 77 0
1526 78 14
1526 79 0
1526 80 0
1526 81 42
1526 82 39
1526 83 41
1526 84 41
1526 85 35
1526 86 42
1526 87 49
1526 88 41
1526 89 0
1526 90 35
1526 91 0
1526 92 41
1526 93 40
1526 94 42
1526 95 40
1526 96 41
1526 97 31
1526 98 41
1526 99 40
1526 100 0
1526 101 0
1526 102 0
1526 103 0
1526 104 21
1526 105 12
1526 106 37
1526 107 42
1526 108 39
1526 109 38
1526 110 40
1526 111 0
1526 112 0
1526 113 0
1526 114 0
1526 115 0
1526 116 0
1526 117 21
1526 118 0
1526 119 0
1526 120 35
1526 121 45
1551 1 39
1551 2 44
1551 3 40
1551 4 40
1551 5 40
1551 6 0
1551 7 0
1551 8 0
1551 9 43
1551 10 49
1551 11 40
1551 12 42
1551 13 47
1551 14 44
1551 15 41
1551 16 40
1551 17 40
1551 18 14
1551 19 0
1551 20 0
1551 21 0
1551 22 0
1551 23 30
1551 24 38
1551 25 40
1551 26 40
1551 27 46
1551 28 38
1551 29 0
1551 30 0
1551 31 0
1551 32 42
1551 33 11
1551 34 43
1551 35 40
1551 36 42
1551 37 41
1551 38 40
1551 39 39
1551 40 41
1551 41 0
1551 42 0
1551 43 0
1551 44 0
1551 45 0
1551 46 38
1551 47 40
1551 48 43
1551 49 43
1551 50 42
1551 51 0
1551 52 36
1551 53 0
1551 54 0
1551 55 0
1551 56 0
1551 57 0
1551 58 45
1551 59 40
1551 60 41
1551 61 41
1551 62 42
1551 63 0
1551 64 0
1551 65 20
1551 66 50
1551 67 0
1551 68 0
1551 69 44
1551 70 42
1551 71 42
1551 72 49
1551 73 0
1551 74 14
1551 75 0
1551 76 0
1551 77 0
1551 78 14
1551 79 0
1551 80 0
1551 81 40
1551 82 35
1551 83 46
1551 84 40
1551 85 35
1551 86 39
1551 87 50
1551 88 42
1551 89 0
1551 90 40
1551 91 0
1551 92 46
1551 93 42
1551 94 40
1551 95 38
1551 96 39
1551 97 39
1551 98 45
1551 99 45
1551 100 0
1551 101 0
1551 102 0
1551 103 0
1551 104 17
1551 105 10
1551 106 34
1551 107 39
1551 108 40
1551 109 40
1551 110 40
1551 111 0
1551 112 0
1551 113 0
1551 114 0
1551 115 0
1551 116 0
1551 117 21
1551 118 0
1551 119 0
1551 120 41
1551 121 41
1576 1 46
1576 2 45
1576 3 42
1576 4 41
1576 5 46
1576 6 0
1576 7 0
1576 8 0
1576 9 44
1576 10 38
1576 11 41
1576 12 46
1576 13 51
1576 14 41
1576 15 43
1576 16 40
1576 17 42
1576 18 12
1576 19 0
1576 20 0
1576 21 0
1576 22 0
1576 23 38
1576 24 40
1576 25 43
1576 26 39
1576 27 47
1576 28 42
1576 29 0
1576 30 0
1576 31 0
1576 32 41
1576 33 11
1576 34 41
1576 35 35
1576 36 46
1576 37 40
1576 38 43
1576 39 41
1576 40 39
1576 41 0
1576 42 0
1576 43 0
1576 44 0
1576 45 0
1576 46 42
1576 47 43
1576 48 42
1576 49 39
1576 50 41
1576 51 0
1576 52 39
1576 53 0
1576 54 0
1576 55 0
1576 56 0
1576 57 0
1576 58 43
1576 59 43
1576 60 36
1576 61 40
1576 62 40
1576 63 0
1576 64 0
1576 65 12
1576 66 47
1576 67 0
1576 68 0
1576 69 39
1576 70 40
1576 71 44
1576 72 37
1576 73 0
1576 74 20
1576 75 0
1576 76 0
1576 77 0
1576 78 12
1576 79 0
1576 80 0
1576 81 40
1576 82 34
1576 83 44
1576 84 40
1576 85 30
1576 86 40
1576 87 45
1576 88 40
1576 89 0
1576 90 36
1576 91 0
1576 92 48
1576 93 39
1576 94 40
1576 95 40
1576 96 39
1576 97 37
1576 98 37
1576 99 41
1576 100 0
1576 101 0
1576 102 0
1576 103 0
1576 104 22
1576 105 12
1576 106 44
1576 107 39
1576 108 41
1576 109 35
1576 110 40
1576 111 0
1576 112 0
1576 113 0
1576 114 0
1576 115 0
1576 116 0
1576 117 17
1576 118 0
1576 119 0
1576 120 40
1576 121 41
1601 1 46
1601 2 37
1601 3 40
1601 4 38
1601 5 45
1601 6 0
1601 7 0
1601 8 0
1601 9 41
1601 10 50
1601 11 37
1601 12 47
1601 13 50
1601 14 38
1601 15 43
1601 16 37
1601 17 43
1601 18 16
1601 19 0
1601 20 0
1601 21 0
1601 22 0
1601 23 30
1601 24 40
1601 25 47
1601 26 36
1601 27 45
1601 28 40
1601 29 0
1601 30 0
1601 31 0
1601 32 35
1601 33 10
1601 34 40
1601 35 39
1601 36 49
1601 37 41
1601 38 39
1601 39 42
1601 40 39
1601 41 0
1601 42 0
1601 43 0
1601 44 0
1601 45 0
1601 46 42
1601 47 42
1601 48 46
1601 49 40
1601 50 38
1601 51 0
1601 52 36
1601 53 0
1601 54 0
1601 55 0
1601 56 0
1601 57 0
1601 58 45
1601 59 41
1601 60 41
1601 61 41
1601 62 41
1601 63 0
1601 64 0
1601 65 17
1601 66 52
1601 67 0
1601 68 0
1601 69 33
1601 70 41
1601 71 47
1601 72 51
1601 73 0
1601 74 19
1601 75 0
1601 76 0
1601 77 0
1601 78 17
1601 79 0
1601 80 0
1601 81 41
1601 82 40
1601 83 46
1601 84 38
1601 85 37
1601 86 41
1601 87 50
1601 88 45
1601 89 0
1601 90 40
1601 91 0
1601 92 41
1601 93 40
1601 94 38
1601 95 41
1601 96 48
1601 97 28
1601 98 40
1601 99 39
1601 100 0
1601 101 0
1601 102 0
1601 103 0
1601 104 19
1601 105 20
1601 106 42
1601 107 37
1601 108 41
1601 109 41
1601 110 37
1601 111 0
1601 112 0
1601 113 0
1601 114 0
1601 115 0
1601 116 0
1601 117 21
1601 118 0
1601 119 0
1601 120 39
1601 121 41
1626 1 40
1626 2 41
1626 3 40
1626 4 39
1626 5 42
1626 6 0
1626 7 0
1626 8 0
1626 9 37
1626 10 44
1626 11 40
1626 12 47
1626 13 51
1626 14 40
1626 15 50
1626 16 37
1626 17 39
1626 18 10
1626 19 0
1626 20 0
1626 21 0
1626 22 0
1626 23 34
1626 24 42
1626 25 39
1626 26 44
1626 27 50
1626 28 38
1626 29 0
1626 30 0
1626 31 0
1626 32 35
1626 33 14
1626 34 42
1626 35 42
1626 36 50
1626 37 39
1626 38 39
1626 39 43
1626 40 45
1626 41 0
1626 42 0
1626 43 0
1626 44 0
1626 45 0
1626 46 40
1626 47 42
1626 48 43
1626 49 44
1626 50 41
1626 51 0
1626 52 38
1626 53 0
1626 54 0
1626 55 0
1626 56 0
1626 57 0
1626 58 40
1626 59 43
1626 60 44
1626 61 40
1626 62 35
1626 63 0
1626 64 0
1626 65 19
1626 66 48
1626 67 0
1626 68 0
1626 69 38
1626 70 44
1626 71 40
1626 72 50
1626 73 0
1626 74 22
1626 75 0
1626 76 0
1626 77 0
1626 78 19
1626 79 0
1626 80 0
1626 81 42
1626 82 30
1626 83 47
1626 84 42
1626 85 32
1626 86 39
1626 87 52
1626 88 41
1626 89 0
1626 90 42
1626 91 0
1626 92 41
1626 93 40
1626 94 37
1626 95 42
1626 96 39
1626 97 35
1626 98 42
1626 99 44
1626 100 0
1626 101 0
1626 102 0
1626 103 0
1626 104 21
1626 105 17
1626 106 40
1626 107 40
1626 108 40
1626 109 41
1626 110 38
1626 111 0
1626 112 0
1626 113 0
1626 114 0
1626 115 0
1626 116 0
1626 117 20
1626 118 0
1626 119 0
1626 120 38
1626 121 41
1651 1 46
1651 2 40
1651 3 41
1651 4 42
1651 5 38
1651 6 0
1651 7 0
1651 8 0
1651 9 46
1651 10 44
1651 11 41
1651 12 40
1651 13 40
1651 14 44
1651 15 48
1651 16 39
1651 17 36
1651 18 11
1651 19 0
1651 20 0
1651 21 0
1651 22 0
1651 23 32
1651 24 35
1651 25 40
1651 26 37
1651 27 45
1651 28 42
1651 29 0
1651 30 0
1651 31 0
1651 32 38
1651 33 14
1651 34 42
1651 35 40
1651 36 52
1651 37 40
1651 38 39
1651 39 42
1651 40 40
1651 41 0
1651 42 0
1651 43 0
1651 44 0
1651 45 0
1651 46 40
1651 47 43
1651 48 43
1651 49 40
1651 50 40
1651 51 0
1651 52 40
1651 53 0
1651 54 0
1651 55 0
1651 56 0
1651 57 0
1651 58 42
1651 59 46
1651 60 41
1651 61 38
1651 62 41
1651 63 0
1651 64 0
1651 65 19
1651 66 50
1651 67 0
1651 68 0
1651 69 37
1651 70 41
1651 71 40
1651 72 47
1651 73 0
1651 74 15
1651 75 0
1651 76 0
1651 77 0
1651 78 11
1651 79 0
1651 80 0
1651 81 40
1651 82 41
1651 83 41
1651 84 40
1651 85 28
1651 86 36
1651 87 52
1651 88 42
1651 89 0
1651 90 40
1651 91 0
1651 92 38
1651 93 37
1651 94 39
1651 95 40
1651 96 40
1651 97 35
1651 98 40
1651 99 41
1651 100 0
1651 101 0
1651 102 0
1651 103 0
1651 104 22
1651 105 11
1651 106 50
1651 107 37
1651 108 51
1651 109 38
1651 110 44
1651 111 0
1651 112 0
1651 113 0
1651 114 0
1651 115 0
1651 116 0
1651 117 20
1651 118 0
1651 119 0
1651 120 42
1651 121 41
1676 1 39
1676 2 45
1676 3 41
1676 4 41
1676 5 49
1676 6 0
1676 7 0
1676 8 0
1676 9 38
1676 10 50
1676 11 39
1676 12 42
1676 13 45
1676 14 41
1676 15 43
1676 16 42
1676 17 41
1676 18 9
1676 19 0
1676 20 0
1676 21 0
1676 22 0
1676 23 34
1676 24 39
1676 25 41
1676 26 40
1676 27 48
1676 28 36
1676 29 0
1676 30 0
1676 31 0
1676 32 40
1676 33 13
1676 34 37
1676 35 40
1676 36 53
1676 37 41
1676 38 40
1676 39 41
1676 40 40
1676 41 0
1676 42 0
1676 43 0
1676 44 0
1676 45 0
1676 46 40
1676 47 40
1676 48 43
1676 49 49
1676 50 44
1676 51 0
1676 52 41
1676 53 0
1676 54 0
1676 55 0
1676 56 0
1676 57 0
1676 58 49
1676 59 40
1676 60 38
1676 61 38
1676 62 34
1676 63 0
1676 64 0
1676 65 17
1676 66 41
1676 67 0
1676 68 0
1676 69 44
1676 70 43
1676 71 42
1676 72 48
1676 73 0
1676 74 20
1676 75 0
1676 76 0
1676 77 0
1676 78 14
1676 79 0
1676 80 0
1676 81 42
1676 82 42
1676 83 41
1676 84 41
1676 85 34
1676 86 40
1676 87 50
1676 88 37
1676 89 0
1676 90 35
1676 91 0
1676 92 39
1676 93 40
1676 94 41
1676 95 48
1676 96 39
1676 97 30
1676 98 39
1676 99 42
1676 100 0
1676 101 0
1676 102 0
1676 103 0
1676 104 19
1676 105 11
1676 106 44
1676 107 41
1676 108 41
1676 109 37
1676 110 40
1676 111 0
1676 112 0
1676 113 0
1676 114 0
1676 115 0
1676 116 0
1676 117 16
1676 118 0
1676 119 0
1676 120 41
1676 121 41
1701 1 48
1701 2 38
1701 3 39
1701 4 46
1701 5 40
1701 6 0
1701 7 0
1701 8 0
1701 9 40
1701 10 46
1701 11 35
1701 12 40
1701 13 43
1701 14 38
1701 15 38
1701 16 32
1701 17 39
1701 18 10
1701 19 0
1701 20 0
1701 21 0
1701 22 0
1701 23 33
1701 24 39
1701 25 39
1701 26 40
1701 27 41
1701 28 39
1701 29 0
1701 30 0
1701 31 0
1701 32 38
1701 33 13
1701 34 42
1701 35 39
1701 36 48
1701 37 44
1701 38 42
1701 39 45
1701 40 46
1701 41 0
1701 42 0
1701 43 0
1701 44 0
1701 45 0
1701 46 42
1701 47 44
1701 48 42
1701 49 43
1701 50 39
1701 51 0
1701 52 41
1701 53 0
1701 54 0
1701 55 0
1701 56 0
1701 57 0
1701 58 41
1701 59 40
1701 60 42
1701 61 37
1701 62 37
1701 63 0
1701 64 0
1701 65 20
1701 66 49
1701 67 0
1701 68 0
1701 69 42
1701 70 39
1701 71 42
1701 72 50
1701 73 0
1701 74 21
1701 75 0
1701 76 0
1701 77 0
1701 78 18
1701 79 0
1701 80 0
1701 81 44
1701 82 40
1701 83 41
1701 84 40
1701 85 30
1701 86 39
1701 87 52
1701 88 42
1701 89 0
1701 90 35
1701 91 0
1701 92 39
1701 93 40
1701 94 38
1701 95 42
1701 96 40
1701 97 36
1701 98 41
1701 99 40
1701 100 0
1701 101 0
1701 102 0
1701 103 0
1701 104 19
1701 105 12
1701 106 41
1701 107 38
1701 108 39
1701 109 43
1701 110 37
1701 111 0
1701 112 0
1701 113 0
1701 114 0
1701 115 0
1701 116 0
1701 117 17
1701 118 0
1701 119 0
1701 120 48
1701 121 40
1726 1 40
1726 2 42
1726 3 36
1726 4 37
1726 5 42
1726 6 0
1726 7 0
1726 8 0
1726 9 39
1726 10 39
1726 11 39
1726 12 43
1726 13 42
1726 14 43
1726 15 51
1726 16 30
1726 17 41
1726 18 10
1726 19 0
1726 20 0
1726 21 0
1726 22 0
1726 23 31
1726 24 44
1726 25 37
1726 26 43
1726 27 42
1726 28 38
1726 29 0
1726 30 0
1726 31 0
1726 32 38
1726 33 9
1726 34 41
1726 35 41
1726 36 41
1726 37 47
1726 38 44
1726 39 36
1726 40 37
1726 41 0
1726 42 0
1726 43 0
1726 44 0
1726 45 0
1726 46 38
1726 47 51
1726 48 49
1726 49 43
1726 50 44
1726 51 0
1726 52 40
1726 53 0
1726 54 0
1726 55 0
1726 56 0
1726 57 0
1726 58 40
1726 59 41
1726 60 39
1726 61 38
1726 62 40
1726 63 0
1726 64 0
1726 65 17
1726 66 41
1726 67 0
1726 68 0
1726 69 42
1726 70 33
1726 71 44
1726 72 47
1726 73 0
1726 74 20
1726 75 0
1726 76 0
1726 77 0
1726 78 14
1726 79 0
1726 80 0
1726 81 40
1726 82 40
1726 83 44
1726 84 40
1726 85 38
1726 86 46
1726 87 47
1726 88 44
1726 89 0
1726 90 35
1726 91 0
1726 92 38
1726 93 39
1726 94 40
1726 95 38
1726 96 48
1726 97 38
1726 98 37
1726 99 40
1726 100 0
1726 101 0
1726 102 0
1726 103 0
1726 104 19
1726 105 9
1726 106 44
1726 107 35
1726 108 42
1726 109 42
1726 110 38
1726 111 0
1726 112 0
1726 113 0
1726 114 0
1726 115 0
1726 116 0
1726 117 19
1726 118 0
1726 119 0
1726 120 40
1726 121 39
1751 1 42
1751 2 40
1751 3 42
1751 4 44
1751 5 38
1751 6 0
1751 7 0
1751 8 0
1751 9 44
1751 10 45
1751 11 42
1751 12 47
1751 13 37
1751 14 46
1751 15 45
1751 16 40
1751 17 44
1751 18 12
1751 19 0
1751 20 0
1751 21 0
1751 22 0
1751 23 33
1751 24 39
1751 25 41
1751 26 38
1751 27 43
1751 28 38
1751 29 0
1751 30 0
1751 31 0
1751 32 29
1751 33 9
1751 34 38
1751 35 38
1751 36 41
1751 37 34
1751 38 41
1751 39 39
1751 40 41
1751 41 0
1751 42 0
1751 43 0
1751 44 0
1751 45 0
1751 46 42
1751 47 42
1751 48 40
1751 49 41
1751 50 37
1751 51 0
1751 52 40
1751 53 0
1751 54 0
1751 55 0
1751 56 0
1751 57 0
1751 58 41
1751 59 38
1751 60 44
1751 61 39
1751 62 44
1751 63 0
1751 64 0
1751 65 19
1751 66 48
1751 67 0
1751 68 0
1751 69 39
1751 70 38
1751 71 39
1751 72 50
1751 73 0
1751 74 19
1751 75 0
1751 76 0
1751 77 0
1751 78 14
1751 79 0
1751 80 0
1751 81 40
1751 82 36
1751 83 43
1751 84 37
1751 85 32
1751 86 41
1751 87 42
1751 88 41
1751 89 0
1751 90 38
1751 91 0
1751 92 41
1751 93 34
1751 94 36
1751 95 35
1751 96 43
1751 97 33
1751 98 43
1751 99 42
1751 100 0
1751 101 0
1751 102 0
1751 103 0
1751 104 18
1751 105 12
1751 106 42
1751 107 40
1751 108 43
1751 109 40
1751 110 42
1751 111 0
1751 112 0
1751 113 0
1751 114 0
1751 115 0
1751 116 0
1751 117 24
1751 118 0
1751 119 0
1751 120 40
1751 121 43
1776 1 50
1776 2 38
1776 3 41
1776 4 44
1776 5 40
1776 6 0
1776 7 0
1776 8 0
1776 9 41
1776 10 42
1776 11 39
1776 12 41
1776 13 50
1776 14 47
1776 15 49
1776 16 36
1776 17 42
1776 18 13
1776 19 0
1776 20 0
1776 21 0
1776 22 0
1776 23 32
1776 24 38
1776 25 40
1776 26 39
1776 27 48
1776 28 35
1776 29 0
1776 30 0
1776 31 0
1776 32 39
1776 33 8
1776 34 40
1776 35 40
1776 36 47
1776 37 41
1776 38 45
1776 39 42
1776 40 40
1776 41 0
1776 42 0
1776 43 0
1776 44 0
1776 45 0
1776 46 44
1776 47 41
1776 48 41
1776 49 47
1776 50 40
1776 51 0
1776 52 40
1776 53 0
1776 54 0
1776 55 0
1776 56 0
1776 57 0
1776 58 41
1776 59 46
1776 60 36
1776 61 36
1776 62 36
1776 63 0
1776 64 0
1776 65 19
1776 66 51
1776 67 0
1776 68 0
1776 69 41
1776 70 44
1776 71 40
1776 72 49
1776 73 0
1776 74 18
1776 75 0
1776 76 0
1776 77 0
1776 78 20
1776 79 0
1776 80 0
1776 81 40
1776 82 40
1776 83 41
1776 84 38
1776 85 31
1776 86 40
1776 87 46
1776 88 40
1776 89 0
1776 90 41
1776 91 0
1776 92 41
1776 93 38
1776 94 33
1776 95 40
1776 96 43
1776 97 38
1776 98 42
1776 99 41
1776 100 0
1776 101 0
1776 102 0
1776 103 0
1776 104 18
1776 105 15
1776 106 43
1776 107 41
1776 108 43
1776 109 35
1776 110 40
1776 111 0
1776 112 0
1776 113 0
1776 114 0
1776 115 0
1776 116 0
1776 117 17
1776 118 0
1776 119 0
1776 120 39
1776 121 37
1801 1 40
1801 2 41
1801 3 38
1801 4 34
1801 5 40
1801 6 0
1801 7 0
1801 8 0
1801 9 38
1801 10 48
1801 11 37
1801 12 42
1801 13 42
1801 14 46
1801 15 45
1801 16 31
1801 17 39
1801 18 11
1801 19 0
1801 20 0
1801 21 0
1801 22 0
1801 23 34
1801 24 40
1801 25 40
1801 26 39
1801 27 46
1801 28 39
1801 29 0
1801 30 0
1801 31 0
1801 32 42
1801 33 13
1801 34 45
1801 35 42
1801 36 43
1801 37 38
1801 38 41
1801 39 42
1801 40 40
1801 41 0
1801 42 0
1801 43 0
1801 44 0
1801 45 0
1801 46 36
1801 47 39
1801 48 50
1801 49 43
1801 50 37
1801 51 0
1801 52 40
1801 53 0
1801 54 0
1801 55 0
1801 56 0
1801 57 0
1801 58 39
1801 59 39
1801 60 41
1801 61 40
1801 62 34
1801 63 0
1801 64 0
1801 65 11
1801 66 50
1801 67 0
1801 68 0
1801 69 38
1801 70 33
1801 71 41
1801 72 47
1801 73 0
1801 74 19
1801 75 0
1801 76 0
1801 77 0
1801 78 17
1801 79 0
1801 80 0
1801 81 39
1801 82 30
1801 83 46
1801 84 40
1801 85 38
1801 86 41
1801 87 50
1801 88 44
1801 89 0
1801 90 40
1801 91 0
1801 92 40
1801 93 44
1801 94 39
1801 95 47
1801 96 42
1801 97 35
1801 98 36
1801 99 46
1801 100 0
1801 101 0
1801 102 0
1801 103 0
1801 104 21
1801 105 9
1801 106 45
1801 107 37
1801 108 44
1801 109 36
1801 110 39
1801 111 0
1801 112 0
1801 113 0
1801 114 0
1801 115 0
1801 116 0
1801 117 20
1801 118 0
1801 119 0
1801 120 47
1801 121 44
1826 1 36
1826 2 44
1826 3 47
1826 4 40
1826 5 41
1826 6 0
1826 7 0
1826 8 0
1826 9 39
1826 10 43
1826 11 39
1826 12 40
1826 13 50
1826 14 39
1826 15 41
1826 16 38
1826 17 39
1826 18 10
1826 19 0
1826 20 0
1826 21 0
1826 22 0
1826 23 32
1826 24 39
1826 25 41
1826 26 37
1826 27 45
1826 28 38
1826 29 0
1826 30 0
1826 31 0
1826 32 39
1826 33 17
1826 34 38
1826 35 41
1826 36 44
1826 37 48
1826 38 43
1826 39 43
1826 40 41
1826 41 0
1826 42 0
1826 43 0
1826 44 0
1826 45 0
1826 46 42
1826 47 43
1826 48 46
1826 49 43
1826 50 43
1826 51 0
1826 52 38
1826 53 0
1826 54 0
1826 55 0
1826 56 0
1826 57 0
1826 58 43
1826 59 41
1826 60 41
1826 61 35
1826 62 41
1826 63 0
1826 64 0
1826 65 15
1826 66 50
1826 67 0
1826 68 0
1826 69 39
1826 70 38
1826 71 42
1826 72 51
1826 73 0
1826 74 17
1826 75 0
1826 76 0
1826 77 0
1826 78 15
1826 79 0
1826 80 0
1826 81 40
1826 82 40
1826 83 40
1826 84 38
1826 85 33
1826 86 44
1826 87 46
1826 88 41
1826 89 0
1826 90 42
1826 91 0
1826 92 38
1826 93 41
1826 94 38
1826 95 39
1826 96 46
1826 97 40
1826 98 39
1826 99 38
1826 100 0
1826 101 0
1826 102 0
1826 103 0
1826 104 20
1826 105 16
1826 106 46
1826 107 35
1826 108 43
1826 109 39
1826 110 40
1826 111 0
1826 112 0
1826 113 0
1826 114 0
1826 115 0
1826 116 0
1826 117 19
1826 118 0
1826 119 0
1826 120 43
1826 121 39
1851 1 42
1851 2 40
1851 3 38
1851 4 45
1851 5 40
1851 6 0
1851 7 0
1851 8 0
1851 9 35
1851 10 44
1851 11 39
1851 12 50
1851 13 44
1851 14 41
1851 15 42
1851 16 35
1851 17 40
1851 18 18
1851 19 0
1851 20 0
1851 21 0
1851 22 0
1851 23 28
1851 24 40
1851 25 41
1851 26 39
1851 27 50
1851 28 40
1851 29 0
1851 30 0
1851 31 0
1851 32 41
1851 33 11
1851 34 37
1851 35 43
1851 36 48
1851 37 47
1851 38 49
1851 39 36
1851 40 38
1851 41 0
1851 42 0
1851 43 0
1851 44 0
1851 45 0
1851 46 45
1851 47 41
1851 48 46
1851 49 45
1851 50 40
1851 51 0
1851 52 41
1851 53 0
1851 54 0
1851 55 0
1851 56 0
1851 57 0
1851 58 37
1851 59 46
1851 60 40
1851 61 40
1851 62 43
1851 63 0
1851 64 0
1851 65 22
1851 66 45
1851 67 0
1851 68 0
1851 69 42
1851 70 40
1851 71 42
1851 72 49
1851 73 0
1851 74 21
1851 75 0
1851 76 0
1851 77 0
1851 78 18
1851 79 0
1851 80 0
1851 81 43
1851 82 36
1851 83 42
1851 84 36
1851 85 34
1851 86 39
1851 87 47
1851 88 44
1851 89 0
1851 90 41
1851 91 0
1851 92 41
1851 93 38
1851 94 44
1851 95 41
1851 96 39
1851 97 40
1851 98 40
1851 99 48
1851 100 0
1851 101 0
1851 102 0
1851 103 0
1851 104 23
1851 105 11
1851 106 39
1851 107 40
1851 108 40
1851 109 40
1851 110 43
1851 111 0
1851 112 0
1851 113 0
1851 114 0
1851 115 0
1851 116 0
1851 117 19
1851 118 0
1851 119 0
1851 120 40
1851 121 38
1876 1 44
1876 2 38
1876 3 38
1876 4 39
1876 5 40
1876 6 0
1876 7 0
1876 8 0
1876 9 36
1876 10 57
1876 11 40
1876 12 50
1876 13 47
1876 14 38
1876 15 40
1876 16 37
1876 17 39
1876 18 10
1876 19 0
1876 20 0
1876 21 0
1876 22 0
1876 23 30
1876 24 39
1876 25 41
1876 26 43
1876 27 40
1876 28 41
1876 29 0
1876 30 0
1876 31 0
1876 32 41
1876 33 11
1876 34 39
1876 35 42
1876 36 50
1876 37 43
1876 38 39
1876 39 39
1876 40 40
1876 41 0
1876 42 0
1876 43 0
1876 44 0
1876 45 0
1876 46 40
1876 47 41
1876 48 38
1876 49 45
1876 50 38
1876 51 0
1876 52 41
1876 53 0
1876 54 0
1876 55 0
1876 56 0
1876 57 0
1876 58 44
1876 59 41
1876 60 41
1876 61 40
1876 62 40
1876 63 0
1876 64 0
1876 65 16
1876 66 50
1876 67 0
1876 68 0
1876 69 43
1876 70 41
1876 71 36
1876 72 48
1876 73 0
1876 74 12
1876 75 0
1876 76 0
1876 77 0
1876 78 11
1876 79 0
1876 80 0
1876 81 42
1876 82 38
1876 83 45
1876 84 37
1876 85 30
1876 86 40
1876 87 47
1876 88 41
1876 89 0
1876 90 39
1876 91 0
1876 92 41
1876 93 40
1876 94 37
1876 95 46
1876 96 45
1876 97 39
1876 98 39
1876 99 46
1876 100 0
1876 101 0
1876 102 0
1876 103 0
1876 104 19
1876 105 11
1876 106 42
1876 107 39
1876 108 41
1876 109 37
1876 110 40
1876 111 0
1876 112 0
1876 113 0
1876 114 0
1876 115 0
1876 116 0
1876 117 21
1876 118 0
1876 119 0
1876 120 43
1876 121 38
1901 1 39
1901 2 40
1901 3 45
1901 4 44
1901 5 34
1901 6 0
1901 7 0
1901 8 0
1901 9 40
1901 10 45
1901 11 40
1901 12 50
1901 13 49
1901 14 46
1901 15 48
1901 16 38
1901 17 40
1901 18 10
1901 19 0
1901 20 0
1901 21 0
1901 22 0
1901 23 30
1901 24 38
1901 25 40
1901 26 42
1901 27 44
1901 28 39
1901 29 0
1901 30 0
1901 31 0
1901 32 40
1901 33 14
1901 34 43
1901 35 40
1901 36 42
1901 37 43
1901 38 39
1901 39 40
1901 40 39
1901 41 0
1901 42 0
1901 43 0
1901 44 0
1901 45 0
1901 46 38
1901 47 42
1901 48 41
1901 49 43
1901 50 37
1901 51 0
1901 52 40
1901 53 0
1901 54 0
1901 55 0
1901 56 0
1901 57 0
1901 58 41
1901 59 40
1901 60 42
1901 61 35
1901 62 40
1901 63 0
1901 64 0
1901 65 16
1901 66 41
1901 67 0
1901 68 0
1901 69 41
1901 70 42
1901 71 43
1901 72 48
1901 73 0
1901 74 20
1901 75 0
1901 76 0
1901 77 0
1901 78 20
1901 79 0
1901 80 0
1901 81 42
1901 82 39
1901 83 43
1901 84 37
1901 85 39
1901 86 41
1901 87 53
1901 88 42
1901 89 0
1901 90 40
1901 91 0
1901 92 38
1901 93 35
1901 94 40
1901 95 42
1901 96 41
1901 97 36
1901 98 34
1901 99 41
1901 100 0
1901 101 0
1901 102 0
1901 103 0
1901 104 19
1901 105 10
1901 106 42
1901 107 40
1901 108 40
1901 109 39
1901 110 38
1901 111 0
1901 112 0
1901 113 0
1901 114 0
1901 115 0
1901 116 0
1901 117 14
1901 118 0
1901 119 0
1901 120 41
1901 121 43
1926 1 39
1926 2 40
1926 3 41
1926 4 39
1926 5 41
1926 6 0
1926 7 0
1926 8 0
1926 9 42
1926 10 50
1926 11 39
1926 12 40
1926 13 49
1926 14 38
1926 15 43
1926 16 39
1926 17 43
1926 18 9
1926 19 0
1926 20 0
1926 21 0
1926 22 0
1926 23 29
1926 24 39
1926 25 44
1926 26 40
1926 27 51
1926 28 44
1926 29 0
1926 30 0
1926 31 0
1926 32 40
1926 33 12
1926 34 45
1926 35 41
1926 36 50
1926 37 42
1926 38 48
1926 39 42
1926 40 41
1926 41 0
1926 42 0
1926 43 0
1926 44 0
1926 45 0
1926 46 39
1926 47 42
1926 48 41
1926 49 45
1926 50 39
1926 51 0
1926 52 40
1926 53 0
1926 54 0
1926 55 0
1926 56 0
1926 57 0
1926 58 40
1926 59 40
1926 60 39
1926 61 41
1926 62 40
1926 63 0
1926 64 0
1926 65 18
1926 66 45
1926 67 0
1926 68 0
1926 69 40
1926 70 35
1926 71 41
1926 72 49
1926 73 0
1926 74 18
1926 75 0
1926 76 0
1926 77 0
1926 78 15
1926 79 0
1926 80 0
1926 81 40
1926 82 43
1926 83 39
1926 84 41
1926 85 36
1926 86 41
1926 87 41
1926 88 41
1926 89 0
1926 90 40
1926 91 0
1926 92 41
1926 93 43
1926 94 40
1926 95 41
1926 96 42
1926 97 37
1926 98 38
1926 99 42
1926 100 0
1926 101 0
1926 102 0
1926 103 0
1926 104 12
1926 105 10
1926 106 41
1926 107 39
1926 108 43
1926 109 35
1926 110 39
1926 111 0
1926 112 0
1926 113 0
1926 114 0
1926 115 0
1926 116 0
1926 117 21
1926 118 0
1926 119 0
1926 120 45
1926 121 46
1951 1 42
1951 2 41
1951 3 48
1951 4 42
1951 5 40
1951 6 0
1951 7 0
1951 8 0
1951 9 37
1951 10 49
1951 11 35
1951 12 40
1951 13 47
1951 14 43
1951 15 43
1951 16 35
1951 17 38
1951 18 14
1951 19 0
1951 20 0
1951 21 0
1951 22 0
1951 23 30
1951 24 38
1951 25 39
1951 26 41
1951 27 42
1951 28 37
1951 29 0
1951 30 0
1951 31 0
1951 32 41
1951 33 12
1951 34 39
1951 35 44
1951 36 45
1951 37 39
1951 38 41
1951 39 40
1951 40 35
1951 41 0
1951 42 0
1951 43 0
1951 44 0
1951 45 0
1951 46 39
1951 47 40
1951 48 45
1951 49 40
1951 50 38
1951 51 0
1951 52 41
1951 53 0
1951 54 0
1951 55 0
1951 56 0
1951 57 0
1951 58 46
1951 59 42
1951 60 40
1951 61 40
1951 62 39
1951 63 0
1951 64 0
1951 65 21
1951 66 54
1951 67 0
1951 68 0
1951 69 43
1951 70 43
1951 71 40
1951 72 50
1951 73 0
1951 74 19
1951 75 0
1951 76 0
1951 77 0
1951 78 15
1951 79 0
1951 80 0
1951 81 40
1951 82 43
1951 83 38
1951 84 39
1951 85 37
1951 86 42
1951 87 50
1951 88 43
1951 89 0
1951 90 41
1951 91 0
1951 92 36
1951 93 39
1951 94 39
1951 95 40
1951 96 41
1951 97 41
1951 98 40
1951 99 37
1951 100 0
1951 101 0
1951 102 0
1951 103 0
1951 104 18
1951 105 13
1951 106 50
1951 107 35
1951 108 43
1951 109 40
1951 110 38
1951 111 0
1951 112 0
1951 113 0
1951 114 0
1951 115 0
1951 116 0
1951 117 12
1951 118 0
1951 119 0
1951 120 39
1951 121 39
1976 1 38
1976 2 39
1976 3 41
1976 4 40
1976 5 40
1976 6 0
1976 7 0
1976 8 0
1976 9 40
1976 10 50
1976 11 40
1976 12 41
1976 13 48
1976 14 40
1976 15 50
1976 16 34
1976 17 41
1976 18 13
1976 19 0
1976 20 0
1976 21 0
1976 22 0
1976 23 30
1976 24 39
1976 25 40
1976 26 33
1976 27 49
1976 28 40
1976 29 0
1976 30 0
1976 31 0
1976 32 38
1976 33 15
1976 34 44
1976 35 50
1976 36 47
1976 37 42
1976 38 41
1976 39 47
1976 40 43
1976 41 0
1976 42 0
1976 43 0
1976 44 0
1976 45 0
1976 46 39
1976 47 41
1976 48 43
1976 49 42
1976 50 40
1976 51 0
1976 52 40
1976 53 0
1976 54 0
1976 55 0
1976 56 0
1976 57 0
1976 58 38
1976 59 48
1976 60 42
1976 61 41
1976 62 39
1976 63 0
1976 64 0
1976 65 21
1976 66 48
1976 67 0
1976 68 0
1976 69 33
1976 70 37
1976 71 48
1976 72 55
1976 73 0
1976 74 17
1976 75 0
1976 76 0
1976 77 0
1976 78 11
1976 79 0
1976 80 0
1976 81 45
1976 82 35
1976 83 39
1976 84 36
1976 85 37
1976 86 46
1976 87 46
1976 88 40
1976 89 0
1976 90 38
1976 91 0
1976 92 41
1976 93 34
1976 94 40
1976 95 42
1976 96 39
1976 97 38
1976 98 40
1976 99 39
1976 100 0
1976 101 0
1976 102 0
1976 103 0
1976 104 22
1976 105 13
1976 106 44
1976 107 39
1976 108 39
1976 109 40
1976 110 39
1976 111 0
1976 112 0
1976 113 0
1976 114 0
1976 115 0
1976 116 0
1976 117 18
1976 118 0
1976 119 0
1976 120 40
1976 121 43
