1 1 40
1 2 43
1 3 46
1 4 45
1 5 46
1 6 45
1 7 45
1 8 48
1 9 38
1 10 31
1 11 35
1 12 43
1 13 41
1 14 45
1 15 43
1 16 45
1 17 46
1 18 44
1 19 41
1 20 37
1 21 38
1 22 37
1 23 45
1 24 43
1 25 46
1 26 41
1 27 38
1 28 42
1 29 43
1 30 41
1 31 37
1 32 36
1 33 37
1 34 44
1 35 43
1 36 42
1 37 38
1 38 38
1 39 37
1 40 43
1 41 40
1 42 39
1 43 37
1 44 38
1 45 39
1 46 35
1 47 37
1 48 44
1 49 45
1 50 38
1 51 43
1 52 40
1 53 40
1 54 40
1 55 37
1 56 32
1 57 33
1 58 38
1 59 47
1 60 44
1 61 35
1 62 43
1 63 47
1 64 46
1 65 37
1 66 35
1 67 34
1 68 39
1 69 41
1 70 40
1 71 41
1 72 39
1 73 36
1 74 35
1 75 37
1 76 35
1 77 31
1 78 37
1 79 33
1 80 38
1 81 31
1 82 38
1 83 35
1 84 36
1 85 38
1 86 35
1 87 31
1 88 31
1 89 38
1 90 37
1 91 42
1 92 44
1 93 38
1 94 36
1 95 40
1 96 40
1 97 40
1 98 40
1 99 35
1 100 41
1 101 42
1 102 45
1 103 45
1 104 41
1 105 42
1 106 42
1 107 41
1 108 41
1 109 41
1 110 40
1 111 41
1 112 34
1 113 47
1 114 44
1 115 40
1 116 41
1 117 44
1 118 42
1 119 42
1 120 40
1 121 41
26 1 45
26 2 44
26 3 45
26 4 43
26 5 45
26 6 43
26 7 43
26 8 38
26 9 30
26 10 20
26 11 25
26 12 43
26 13 46
26 14 43
26 15 46
26 16 43
26 17 45
26 18 45
26 19 46
26 20 21
26 21 18
26 22 31
26 23 41
26 24 46
26 25 48
26 26 30
26 27 24
26 28 42
26 29 44
26 30 42
26 31 10
26 32 21
26 33 21
26 34 41
26 35 43
26 36 45
26 37 21
26 38 10
26 39 19
26 40 40
26 41 41
26 42 42
26 43 25
26 44 10
26 45 11
26 46 19
26 47 46
26 48 40
26 49 39
26 50 27
26 51 39
26 52 44
26 53 43
26 54 31
26 55 13
26 56 0
26 57 11
26 58 42
26 59 41
26 60 37
26 61 25
26 62 39
26 63 42
26 64 41
26 65 29
26 66 29
26 67 0
26 68 17
26 69 41
26 70 40
26 71 42
26 72 23
26 73 20
26 74 16
26 75 14
26 76 20
26 77 9
26 78 13
26 79 12
26 80 19
26 81 13
26 82 22
26 83 19
26 84 17
26 85 11
26 86 18
26 87 11
26 88 0
26 89 9
26 90 13
26 91 43
26 92 43
26 93 40
26 94 32
26 95 41
26 96 44
26 97 39
26 98 15
26 99 11
26 100 16
26 101 18
26 102 42
26 103 41
26 104 41
26 105 18
26 106 42
26 107 45
26 108 41
26 109 40
26 110 43
26 111 17
26 112 20
26 113 42
26 114 41
26 115 43
26 116 28
26 117 44
26 118 49
26 119 43
26 120 41
26 121 42
51 1 39
51 2 40
51 3 45
51 4 41
51 5 44
51 6 39
51 7 41
51 8 44
51 9 36
51 10 33
51 11 31
51 12 42
51 13 41
51 14 39
51 15 41
51 16 42
51 17 45
51 18 40
51 19 40
51 20 30
51 21 24
51 22 29
51 23 41
51 24 42
51 25 42
51 26 28
51 27 20
51 28 43
51 29 39
51 30 46
51 31 29
51 32 26
51 33 27
51 34 40
51 35 40
51 36 41
51 37 22
51 38 26
51 39 32
51 40 42
51 41 43
51 42 40
51 43 23
51 44 24
51 45 24
51 46 30
51 47 40
51 48 40
51 49 39
51 50 30
51 51 41
51 52 44
51 53 40
51 54 29
51 55 19
51 56 17
51 57 28
51 58 42
51 59 41
51 60 42
51 61 26
51 62 44
51 63 40
51 64 42
51 65 24
51 66 21
51 67 29
51 68 34
51 69 42
51 70 40
51 71 44
51 72 22
51 73 30
51 74 20
51 75 30
51 76 21
51 77 26
51 78 21
51 79 14
51 80 24
51 81 25
51 82 23
51 83 19
51 84 26
51 85 21
51 86 22
51 87 29
51 88 26
51 89 30
51 90 30
51 91 43
51 92 41
51 93 39
51 94 29
51 95 40
51 96 42
51 97 43
51 98 28
51 99 30
51 100 29
51 101 26
51 102 40
51 103 41
51 104 41
51 105 19
51 106 42
51 107 42
51 108 39
51 109 44
51 110 44
51 111 15
51 112 21
51 113 39
51 114 42
51 115 40
51 116 36
51 117 43
51 118 38
51 119 38
51 120 40
51 121 39
76 1 38
76 2 40
76 3 38
76 4 42
76 5 42
76 6 40
76 7 41
76 8 40
76 9 28
76 10 30
76 11 30
76 12 42
76 13 39
76 14 43
76 15 42
76 16 39
76 17 41
76 18 39
76 19 44
76 20 29
76 21 23
76 22 28
76 23 42
76 24 39
76 25 42
76 26 25
76 27 19
76 28 40
76 29 44
76 30 44
76 31 31
76 32 21
76 33 30
76 34 40
76 35 42
76 36 38
76 37 22
76 38 20
76 39 28
76 40 43
76 41 47
76 42 40
76 43 30
76 44 29
76 45 27
76 46 31
76 47 40
76 48 40
76 49 34
76 50 26
76 51 38
76 52 40
76 53 37
76 54 25
76 55 24
76 56 26
76 57 28
76 58 40
76 59 42
76 60 43
76 61 28
76 62 41
76 63 42
76 64 39
76 65 30
76 66 23
76 67 20
76 68 27
76 69 39
76 70 37
76 71 40
76 72 21
76 73 30
76 74 27
76 75 28
76 76 21
76 77 20
76 78 27
76 79 24
76 80 30
76 81 30
76 82 30
76 83 19
76 84 21
76 85 27
76 86 27
76 87 17
76 88 29
76 89 21
76 90 31
76 91 42
76 92 38
76 93 41
76 94 30
76 95 42
76 96 42
76 97 41
76 98 31
76 99 32
76 100 27
76 101 30
76 102 39
76 103 43
76 104 43
76 105 29
76 106 43
76 107 46
76 108 45
76 109 40
76 110 40
76 111 28
76 112 34
76 113 42
76 114 44
76 115 39
76 116 15
76 117 41
76 118 42
76 119 42
76 120 41
76 121 43
101 1 37
101 2 45
101 3 44
101 4 44
101 5 40
101 6 42
101 7 40
101 8 43
101 9 33
101 10 27
101 11 26
101 12 43
101 13 44
101 14 46
101 15 44
101 16 42
101 17 40
101 18 40
101 19 41
101 20 25
101 21 25
101 22 23
101 23 39
101 24 43
101 25 39
101 26 20
101 27 26
101 28 39
101 29 40
101 30 40
101 31 28
101 32 24
101 33 30
101 34 42
101 35 40
101 36 43
101 37 15
101 38 18
101 39 31
101 40 40
101 41 43
101 42 42
101 43 28
101 44 23
101 45 30
101 46 30
101 47 42
101 48 40
101 49 39
101 50 22
101 51 44
101 52 41
101 53 38
101 54 24
101 55 22
101 56 26
101 57 23
101 58 40
101 59 44
101 60 39
101 61 33
101 62 44
101 63 42
101 64 38
101 65 26
101 66 23
101 67 23
101 68 28
101 69 39
101 70 42
101 71 39
101 72 18
101 73 24
101 74 28
101 75 23
101 76 19
101 77 28
101 78 20
101 79 19
101 80 30
101 81 30
101 82 23
101 83 22
101 84 25
101 85 28
101 86 26
101 87 22
101 88 20
101 89 19
101 90 20
101 91 39
101 92 41
101 93 41
101 94 26
101 95 39
101 96 42
101 97 43
101 98 32
101 99 24
101 100 32
101 101 31
101 102 40
101 103 42
101 104 38
101 105 31
101 106 39
101 107 40
101 108 43
101 109 40
101 110 39
101 111 29
101 112 33
101 113 40
101 114 40
101 115 40
101 116 25
101 117 39
101 118 41
101 119 40
101 120 40
101 121 41
126 1 43
126 2 41
126 3 37
126 4 40
126 5 44
126 6 46
126 7 46
126 8 46
126 9 34
126 10 29
126 11 33
126 12 41
126 13 46
126 14 44
126 15 41
126 16 44
126 17 41
126 18 42
126 19 42
126 20 33
126 21 20
126 22 29
126 23 40
126 24 39
126 25 39
126 26 31
126 27 30
126 28 40
126 29 41
126 30 40
126 31 29
126 32 27
126 33 33
126 34 38
126 35 39
126 36 41
126 37 20
126 38 22
126 39 27
126 40 41
126 41 42
126 42 40
126 43 27
126 44 30
126 45 29
126 46 32
126 47 41
126 48 44
126 49 39
126 50 27
126 51 40
126 52 44
126 53 40
126 54 24
126 55 20
126 56 21
126 57 24
126 58 40
126 59 41
126 60 39
126 61 30
126 62 37
126 63 40
126 64 43
126 65 26
126 66 19
126 67 25
126 68 26
126 69 41
126 70 42
126 71 40
126 72 27
126 73 27
126 74 22
126 75 29
126 76 24
126 77 19
126 78 19
126 79 18
126 80 32
126 81 28
126 82 20
126 83 28
126 84 22
126 85 28
126 86 19
126 87 19
126 88 23
126 89 28
126 90 19
126 91 42
126 92 38
126 93 36
126 94 18
126 95 40
126 96 41
126 97 39
126 98 23
126 99 30
126 100 33
126 101 26
126 102 44
126 103 47
126 104 44
126 105 28
126 106 41
126 107 41
126 108 42
126 109 40
126 110 42
126 111 37
126 112 29
126 113 43
126 114 42
126 115 40
126 116 31
126 117 45
126 118 42
126 119 40
126 120 40
126 121 41
151 1 41
151 2 41
151 3 44
151 4 44
151 5 40
151 6 40
151 7 42
151 8 43
151 9 24
151 10 26
151 11 32
151 12 40
151 13 46
151 14 43
151 15 38
151 16 41
151 17 44
151 18 44
151 19 45
151 20 30
151 21 32
151 22 30
151 23 42
151 24 40
151 25 39
151 26 32
151 27 26
151 28 42
151 29 44
151 30 41
151 31 37
151 32 26
151 33 29
151 34 36
151 35 41
151 36 42
151 37 25
151 38 20
151 39 29
151 40 42
151 41 39
151 42 43
151 43 30
151 44 30
151 45 24
151 46 24
151 47 41
151 48 36
151 49 39
151 50 29
151 51 40
151 52 45
151 53 41
151 54 30
151 55 23
151 56 21
151 57 22
151 58 39
151 59 42
151 60 39
151 61 34
151 62 42
151 63 42
151 64 40
151 65 31
151 66 19
151 67 20
151 68 24
151 69 44
151 70 40
151 71 38
151 72 30
151 73 26
151 74 31
151 75 30
151 76 18
151 77 22
151 78 25
151 79 26
151 80 28
151 81 30
151 82 29
151 83 17
151 84 22
151 85 30
151 86 30
151 87 19
151 88 25
151 89 21
151 90 20
151 91 42
151 92 39
151 93 39
151 94 25
151 95 36
151 96 41
151 97 42
151 98 27
151 99 32
151 100 29
151 101 37
151 102 41
151 103 42
151 104 42
151 105 26
151 106 44
151 107 44
151 108 43
151 109 39
151 110 39
151 111 31
151 112 32
151 113 42
151 114 47
151 115 41
151 116 31
151 117 42
151 118 43
151 119 40
151 120 41
151 121 40
176 1 38
176 2 41
176 3 40
176 4 40
176 5 45
176 6 41
176 7 39
176 8 41
176 9 27
176 10 29
176 11 31
176 12 39
176 13 42
176 14 42
176 15 42
176 16 42
176 17 43
176 18 43
176 19 40
176 20 38
176 21 23
176 22 27
176 23 38
176 24 44
176 25 44
176 26 27
176 27 31
176 28 40
176 29 42
176 30 43
176 31 30
176 32 21
176 33 28
176 34 40
176 35 40
176 36 38
176 37 21
176 38 20
176 39 39
176 40 40
176 41 43
176 42 39
176 43 20
176 44 27
176 45 23
176 46 29
176 47 40
176 48 43
176 49 40
176 50 33
176 51 39
176 52 42
176 53 38
176 54 28
176 55 30
176 56 22
176 57 30
176 58 41
176 59 41
176 60 41
176 61 34
176 62 41
176 63 43
176 64 43
176 65 28
176 66 20
176 67 21
176 68 22
176 69 36
176 70 40
176 71 38
176 72 24
176 73 23
176 74 31
176 75 28
176 76 22
176 77 20
176 78 27
176 79 25
176 80 34
176 81 31
176 82 35
176 83 26
176 84 30
176 85 21
176 86 20
176 87 19
176 88 16
176 89 20
176 90 27
176 91 39
176 92 42
176 93 40
176 94 29
176 95 40
176 96 39
176 97 43
176 98 28
176 99 25
176 100 29
176 101 30
176 102 42
176 103 41
176 104 41
176 105 29
176 106 42
176 107 37
176 108 43
176 109 43
176 110 40
176 111 32
176 112 34
176 113 44
176 114 41
176 115 41
176 116 33
176 117 42
176 118 43
176 119 43
176 120 40
176 121 41
201 1 40
201 2 41
201 3 38
201 4 38
201 5 42
201 6 39
201 7 38
201 8 38
201 9 31
201 10 26
201 11 31
201 12 39
201 13 41
201 14 39
201 15 40
201 16 43
201 17 41
201 18 42
201 19 41
201 20 28
201 21 21
201 22 23
201 23 42
201 24 41
201 25 40
201 26 28
201 27 24
201 28 34
201 29 42
201 30 38
201 31 28
201 32 20
201 33 27
201 34 41
201 35 41
201 36 41
201 37 18
201 38 20
201 39 31
201 40 42
201 41 40
201 42 39
201 43 24
201 44 35
201 45 28
201 46 31
201 47 42
201 48 42
201 49 42
201 50 19
201 51 40
201 52 40
201 53 41
201 54 27
201 55 20
201 56 20
201 57 28
201 58 40
201 59 40
201 60 42
201 61 25
201 62 42
201 63 41
201 64 42
201 65 33
201 66 22
201 67 20
201 68 26
201 69 42
201 70 41
201 71 36
201 72 23
201 73 20
201 74 32
201 75 29
201 76 18
201 77 23
201 78 20
201 79 26
201 80 30
201 81 30
201 82 31
201 83 31
201 84 27
201 85 31
201 86 30
201 87 20
201 88 20
201 89 20
201 90 23
201 91 44
201 92 39
201 93 38
201 94 34
201 95 43
201 96 44
201 97 41
201 98 31
201 99 23
201 100 29
201 101 27
201 102 40
201 103 39
201 104 40
201 105 26
201 106 44
201 107 44
201 108 41
201 109 42
201 110 38
201 111 29
201 112 32
201 113 40
201 114 39
201 115 42
201 116 31
201 117 41
201 118 43
201 119 41
201 120 38
201 121 41
226 1 40
226 2 39
226 3 44
226 4 44
226 5 43
226 6 42
226 7 44
226 8 44
226 9 27
226 10 30
226 11 31
226 12 42
226 13 45
226 14 39
226 15 42
226 16 47
226 17 41
226 18 38
226 19 42
226 20 32
226 21 22
226 22 20
226 23 42
226 24 43
226 25 40
226 26 29
226 27 27
226 28 41
226 29 44
226 30 48
226 31 28
226 32 29
226 33 27
226 34 43
226 35 40
226 36 43
226 37 25
226 38 24
226 39 28
226 40 42
226 41 44
226 42 40
226 43 26
226 44 28
226 45 31
226 46 33
226 47 41
226 48 41
226 49 41
226 50 28
226 51 42
226 52 47
226 53 44
226 54 28
226 55 20
226 56 19
226 57 29
226 58 43
226 59 42
226 60 39
226 61 28
226 62 40
226 63 43
226 64 38
226 65 26
226 66 20
226 67 28
226 68 25
226 69 41
226 70 43
226 71 43
226 72 27
226 73 24
226 74 30
226 75 26
226 76 20
226 77 19
226 78 20
226 79 26
226 80 23
226 81 32
226 82 25
226 83 28
226 84 28
226 85 28
226 86 30
226 87 24
226 88 23
226 89 18
226 90 25
226 91 41
226 92 41
226 93 36
226 94 29
226 95 40
226 96 39
226 97 34
226 98 29
226 99 24
226 100 24
226 101 30
226 102 40
226 103 42
226 104 39
226 105 35
226 106 44
226 107 43
226 108 43
226 109 42
226 110 37
226 111 30
226 112 31
226 113 40
226 114 39
226 115 40
226 116 33
226 117 41
226 118 41
226 119 39
226 120 40
226 121 41
251 1 43
251 2 41
251 3 47
251 4 48
251 5 45
251 6 45
251 7 44
251 8 40
251 9 24
251 10 22
251 11 33
251 12 46
251 13 46
251 14 45
251 15 43
251 16 37
251 17 43
251 18 48
251 19 40
251 20 34
251 21 23
251 22 26
251 23 42
251 24 37
251 25 41
251 26 22
251 27 25
251 28 45
251 29 46
251 30 43
251 31 28
251 32 16
251 33 31
251 34 38
251 35 41
251 36 42
251 37 26
251 38 29
251 39 35
251 40 45
251 41 41
251 42 38
251 43 30
251 44 26
251 45 30
251 46 32
251 47 42
251 48 41
251 49 40
251 50 33
251 51 43
251 52 43
251 53 46
251 54 32
251 55 22
251 56 27
251 57 34
251 58 43
251 59 44
251 60 40
251 61 28
251 62 38
251 63 41
251 64 41
251 65 27
251 66 21
251 67 27
251 68 26
251 69 39
251 70 41
251 71 44
251 72 30
251 73 29
251 74 27
251 75 29
251 76 30
251 77 15
251 78 21
251 79 28
251 80 31
251 81 29
251 82 29
251 83 25
251 84 29
251 85 30
251 86 30
251 87 23
251 88 24
251 89 21
251 90 25
251 91 41
251 92 42
251 93 40
251 94 35
251 95 44
251 96 44
251 97 42
251 98 30
251 99 34
251 100 31
251 101 27
251 102 40
251 103 45
251 104 39
251 105 31
251 106 41
251 107 47
251 108 43
251 109 42
251 110 41
251 111 30
251 112 29
251 113 41
251 114 46
251 115 41
251 116 29
251 117 40
251 118 41
251 119 41
251 120 39
251 121 38
276 1 43
276 2 44
276 3 43
276 4 43
276 5 42
276 6 43
276 7 41
276 8 43
276 9 27
276 10 26
276 11 30
276 12 42
276 13 40
276 14 44
276 15 42
276 16 39
276 17 43
276 18 40
276 19 40
276 20 35
276 21 19
276 22 29
276 23 41
276 24 40
276 25 41
276 26 29
276 27 26
276 28 39
276 29 43
276 30 41
276 31 34
276 32 27
276 33 22
276 34 39
276 35 37
276 36 41
276 37 32
276 38 30
276 39 31
276 40 40
276 41 38
276 42 42
276 43 28
276 44 28
276 45 32
276 46 30
276 47 41
276 48 41
276 49 43
276 50 32
276 51 40
276 52 42
276 53 39
276 54 32
276 55 23
276 56 23
276 57 29
276 58 41
276 59 44
276 60 39
276 61 34
276 62 40
276 63 35
276 64 41
276 65 26
276 66 17
276 67 25
276 68 25
276 69 41
276 70 40
276 71 40
276 72 25
276 73 29
276 74 21
276 75 24
276 76 24
276 77 20
276 78 18
276 79 21
276 80 29
276 81 35
276 82 27
276 83 19
276 84 22
276 85 28
276 86 32
276 87 27
276 88 19
276 89 27
276 90 25
276 91 44
276 92 41
276 93 40
276 94 29
276 95 40
276 96 42
276 97 40
276 98 36
276 99 30
276 100 24
276 101 21
276 102 40
276 103 42
276 104 40
276 105 28
276 106 39
276 107 41
276 108 39
276 109 41
276 110 42
276 111 37
276 112 32
276 113 41
276 114 41
276 115 40
276 116 39
276 117 40
276 118 40
276 119 40
276 120 43
276 121 41
301 1 43
301 2 44
301 3 42
301 4 39
301 5 41
301 6 40
301 7 40
301 8 41
301 9 21
301 10 27
301 11 33
301 12 35
301 13 40
301 14 39
301 15 39
301 16 40
301 17 41
301 18 41
301 19 42
301 20 33
301 21 21
301 22 26
301 23 43
301 24 40
301 25 41
301 26 28
301 27 36
301 28 39
301 29 41
301 30 40
301 31 34
301 32 21
301 33 19
301 34 40
301 35 40
301 36 43
301 37 28
301 38 32
301 39 31
301 40 43
301 41 39
301 42 41
301 43 31
301 44 27
301 45 26
301 46 29
301 47 39
301 48 39
301 49 40
301 50 26
301 51 41
301 52 38
301 53 41
301 54 25
301 55 20
301 56 25
301 57 32
301 58 38
301 59 43
301 60 39
301 61 32
301 62 41
301 63 40
301 64 42
301 65 29
301 66 22
301 67 22
301 68 31
301 69 41
301 70 43
301 71 36
301 72 31
301 73 27
301 74 28
301 75 29
301 76 27
301 77 22
301 78 19
301 79 20
301 80 30
301 81 26
301 82 35
301 83 22
301 84 21
301 85 27
301 86 23
301 87 21
301 88 24
301 89 29
301 90 26
301 91 39
301 92 42
301 93 42
301 94 34
301 95 39
301 96 41
301 97 40
301 98 22
301 99 27
301 100 31
301 101 27
301 102 41
301 103 45
301 104 42
301 105 30
301 106 44
301 107 45
301 108 42
301 109 42
301 110 40
301 111 31
301 112 30
301 113 44
301 114 40
301 115 42
301 116 37
301 117 44
301 118 43
301 119 45
301 120 40
301 121 39
326 1 39
326 2 42
326 3 40
326 4 45
326 5 42
326 6 43
326 7 42
326 8 40
326 9 34
326 10 29
326 11 31
326 12 42
326 13 42
326 14 39
326 15 42
326 16 46
326 17 43
326 18 45
326 19 42
326 20 21
326 21 18
326 22 27
326 23 43
326 24 43
326 25 42
326 26 29
326 27 36
326 28 44
326 29 44
326 30 40
326 31 29
326 32 30
326 33 22
326 34 40
326 35 40
326 36 39
326 37 30
326 38 30
326 39 32
326 40 41
326 41 40
326 42 40
326 43 25
326 44 25
326 45 20
326 46 37
326 47 41
326 48 40
326 49 41
326 50 37
326 51 41
326 52 45
326 53 41
326 54 24
326 55 31
326 56 25
326 57 29
326 58 38
326 59 39
326 60 41
326 61 29
326 62 44
326 63 42
326 64 40
326 65 24
326 66 23
326 67 23
326 68 28
326 69 39
326 70 38
326 71 38
326 72 28
326 73 28
326 74 30
326 75 25
326 76 22
326 77 20
326 78 20
326 79 22
326 80 33
326 81 32
326 82 28
326 83 20
326 84 23
326 85 20
326 86 29
326 87 19
326 88 16
326 89 19
326 90 23
326 91 42
326 92 40
326 93 42
326 94 34
326 95 42
326 96 41
326 97 40
326 98 31
326 99 24
326 100 27
326 101 30
326 102 41
326 103 41
326 104 41
326 105 35
326 106 43
326 107 43
326 108 43
326 109 39
326 110 40
326 111 32
326 112 29
326 113 41
326 114 39
326 115 40
326 116 37
326 117 45
326 118 46
326 119 44
326 120 41
326 121 42
351 1 39
351 2 42
351 3 43
351 4 43
351 5 41
351 6 39
351 7 43
351 8 44
351 9 36
351 10 31
351 11 38
351 12 43
351 13 44
351 14 43
351 15 38
351 16 39
351 17 42
351 18 44
351 19 44
351 20 30
351 21 20
351 22 27
351 23 45
351 24 44
351 25 44
351 26 28
351 27 30
351 28 41
351 29 40
351 30 39
351 31 33
351 32 21
351 33 34
351 34 39
351 35 43
351 36 39
351 37 26
351 38 27
351 39 35
351 40 41
351 41 41
351 42 45
351 43 30
351 44 26
351 45 20
351 46 31
351 47 41
351 48 39
351 49 39
351 50 34
351 51 45
351 52 41
351 53 42
351 54 30
351 55 25
351 56 26
351 57 26
351 58 40
351 59 38
351 60 37
351 61 24
351 62 40
351 63 41
351 64 41
351 65 30
351 66 23
351 67 23
351 68 29
351 69 39
351 70 40
351 71 40
351 72 31
351 73 27
351 74 31
351 75 29
351 76 21
351 77 20
351 78 23
351 79 24
351 80 29
351 81 30
351 82 30
351 83 22
351 84 29
351 85 31
351 86 23
351 87 22
351 88 20
351 89 22
351 90 27
351 91 40
351 92 43
351 93 39
351 94 30
351 95 42
351 96 43
351 97 40
351 98 31
351 99 28
351 100 30
351 101 26
351 102 43
351 103 45
351 104 42
351 105 32
351 106 42
351 107 43
351 108 42
351 109 41
351 110 41
351 111 29
351 112 26
351 113 42
351 114 44
351 115 41
351 116 35
351 117 36
351 118 42
351 119 41
351 120 44
351 121 39
376 1 41
376 2 41
376 3 43
376 4 44
376 5 42
376 6 43
376 7 43
376 8 42
376 9 28
376 10 25
376 11 28
376 12 41
376 13 44
376 14 39
376 15 40
376 16 41
376 17 43
376 18 40
376 19 43
376 20 31
376 21 25
376 22 29
376 23 39
376 24 44
376 25 43
376 26 34
376 27 38
376 28 39
376 29 41
376 30 42
376 31 34
376 32 23
376 33 28
376 34 43
376 35 43
376 36 37
376 37 30
376 38 28
376 39 35
376 40 42
376 41 46
376 42 43
376 43 27
376 44 26
376 45 23
376 46 31
376 47 40
376 48 40
376 49 39
376 50 29
376 51 41
376 52 38
376 53 39
376 54 25
376 55 26
376 56 21
376 57 31
376 58 40
376 59 40
376 60 40
376 61 32
376 62 39
376 63 40
376 64 42
376 65 27
376 66 23
376 67 30
376 68 23
376 69 38
376 70 41
376 71 38
376 72 28
376 73 30
376 74 31
376 75 26
376 76 17
376 77 19
376 78 13
376 79 22
376 80 33
376 81 31
376 82 32
376 83 22
376 84 30
376 85 29
376 86 24
376 87 24
376 88 25
376 89 23
376 90 23
376 91 40
376 92 42
376 93 39
376 94 28
376 95 42
376 96 41
376 97 39
376 98 31
376 99 33
376 100 27
376 101 32
376 102 42
376 103 43
376 104 39
376 105 26
376 106 41
376 107 41
376 108 41
376 109 38
376 110 43
376 111 32
376 112 28
376 113 41
376 114 42
376 115 38
376 116 36
376 117 45
376 118 40
376 119 41
376 120 39
376 121 42
401 1 40
401 2 40
401 3 42
401 4 40
401 5 41
401 6 41
401 7 42
401 8 37
401 9 34
401 10 32
401 11 36
401 12 41
401 13 42
401 14 42
401 15 42
401 16 42
401 17 41
401 18 40
401 19 42
401 20 20
401 21 27
401 22 30
401 23 42
401 24 40
401 25 42
401 26 34
401 27 28
401 28 40
401 29 41
401 30 45
401 31 25
401 32 22
401 33 22
401 34 44
401 35 45
401 36 40
401 37 36
401 38 29
401 39 29
401 40 40
401 41 45
401 42 43
401 43 29
401 44 19
401 45 28
401 46 41
401 47 43
401 48 40
401 49 40
401 50 30
401 51 40
401 52 42
401 53 43
401 54 28
401 55 19
401 56 17
401 57 28
401 58 41
401 59 36
401 60 40
401 61 30
401 62 40
401 63 39
401 64 39
401 65 25
401 66 22
401 67 20
401 68 29
401 69 42
401 70 40
401 71 36
401 72 26
401 73 29
401 74 30
401 75 29
401 76 30
401 77 28
401 78 29
401 79 30
401 80 34
401 81 29
401 82 32
401 83 24
401 84 31
401 85 31
401 86 27
401 87 18
401 88 15
401 89 23
401 90 29
401 91 39
401 92 39
401 93 38
401 94 28
401 95 41
401 96 38
401 97 42
401 98 31
401 99 25
401 100 34
401 101 30
401 102 41
401 103 42
401 104 42
401 105 30
401 106 41
401 107 40
401 108 43
401 109 40
401 110 40
401 111 27
401 112 32
401 113 42
401 114 41
401 115 42
401 116 28
401 117 42
401 118 40
401 119 40
401 120 42
401 121 41
426 1 45
426 2 43
426 3 41
426 4 40
426 5 42
426 6 41
426 7 40
426 8 42
426 9 32
426 10 34
426 11 31
426 12 40
426 13 43
426 14 46
426 15 41
426 16 38
426 17 41
426 18 41
426 19 43
426 20 29
426 21 21
426 22 27
426 23 45
426 24 42
426 25 41
426 26 27
426 27 28
426 28 38
426 29 40
426 30 40
426 31 27
426 32 21
426 33 31
426 34 43
426 35 39
426 36 41
426 37 34
426 38 23
426 39 37
426 40 41
426 41 43
426 42 39
426 43 26
426 44 29
426 45 23
426 46 28
426 47 35
426 48 43
426 49 41
426 50 27
426 51 37
426 52 45
426 53 42
426 54 30
426 55 19
426 56 31
426 57 35
426 58 40
426 59 41
426 60 42
426 61 28
426 62 40
426 63 39
426 64 38
426 65 29
426 66 26
426 67 28
426 68 23
426 69 41
426 70 39
426 71 40
426 72 27
426 73 20
426 74 29
426 75 28
426 76 20
426 77 21
426 78 20
426 79 23
426 80 22
426 81 29
426 82 28
426 83 29
426 84 27
426 85 27
426 86 29
426 87 21
426 88 22
426 89 21
426 90 28
426 91 40
426 92 40
426 93 44
426 94 30
426 95 42
426 96 43
426 97 39
426 98 37
426 99 24
426 100 27
426 101 32
426 102 41
426 103 42
426 104 43
426 105 28
426 106 40
426 107 42
426 108 41
426 109 41
426 110 42
426 111 32
426 112 36
426 113 37
426 114 39
426 115 40
426 116 29
426 117 42
426 118 42
426 119 42
426 120 38
426 121 39
451 1 43
451 2 42
451 3 40
451 4 44
451 5 42
451 6 41
451 7 41
451 8 40
451 9 29
451 10 30
451 11 29
451 12 42
451 13 39
451 14 42
451 15 43
451 16 40
451 17 45
451 18 43
451 19 40
451 20 29
451 21 26
451 22 29
451 23 42
451 24 43
451 25 41
451 26 30
451 27 32
451 28 42
451 29 42
451 30 42
451 31 30
451 32 23
451 33 31
451 34 40
451 35 40
451 36 40
451 37 29
451 38 26
451 39 30
451 40 45
451 41 43
451 42 41
451 43 24
451 44 26
451 45 30
451 46 18
451 47 41
451 48 44
451 49 41
451 50 22
451 51 42
451 52 45
451 53 44
451 54 32
451 55 17
451 56 24
451 57 32
451 58 38
451 59 38
451 60 44
451 61 33
451 62 40
451 63 43
451 64 40
451 65 28
451 66 20
451 67 22
451 68 29
451 69 39
451 70 41
451 71 40
451 72 20
451 73 24
451 74 28
451 75 27
451 76 16
451 77 23
451 78 20
451 79 24
451 80 32
451 81 31
451 82 30
451 83 26
451 84 31
451 85 30
451 86 28
451 87 20
451 88 20
451 89 21
451 90 29
451 91 43
451 92 41
451 93 39
451 94 32
451 95 43
451 96 47
451 97 42
451 98 27
451 99 20
451 100 31
451 101 28
451 102 38
451 103 40
451 104 41
451 105 31
451 106 43
451 107 44
451 108 42
451 109 39
451 110 39
451 111 30
451 112 34
451 113 40
451 114 40
451 115 40
451 116 34
451 117 44
451 118 43
451 119 40
451 120 38
451 121 43
476 1 41
476 2 40
476 3 44
476 4 41
476 5 39
476 6 40
476 7 41
476 8 42
476 9 25
476 10 26
476 11 31
476 12 40
476 13 43
476 14 40
476 15 40
476 16 39
476 17 40
476 18 41
476 19 41
476 20 30
476 21 19
476 22 31
476 23 43
476 24 43
476 25 42
476 26 30
476 27 32
476 28 39
476 29 42
476 30 43
476 31 31
476 32 22
476 33 25
476 34 36
476 35 40
476 36 39
476 37 15
476 38 30
476 39 34
476 40 41
476 41 45
476 42 40
476 43 32
476 44 27
476 45 30
476 46 35
476 47 40
476 48 41
476 49 43
476 50 31
476 51 42
476 52 48
476 53 40
476 54 31
476 55 27
476 56 25
476 57 29
476 58 45
476 59 42
476 60 41
476 61 32
476 62 40
476 63 40
476 64 43
476 65 34
476 66 23
476 67 23
476 68 25
476 69 41
476 70 41
476 71 42
476 72 29
476 73 29
476 74 25
476 75 24
476 76 28
476 77 20
476 78 17
476 79 24
476 80 32
476 81 30
476 82 26
476 83 26
476 84 19
476 85 31
476 86 28
476 87 27
476 88 21
476 89 24
476 90 24
476 91 41
476 92 42
476 93 38
476 94 33
476 95 40
476 96 38
476 97 42
476 98 26
476 99 20
476 100 30
476 101 35
476 102 44
476 103 42
476 104 39
476 105 30
476 106 40
476 107 40
476 108 41
476 109 42
476 110 37
476 111 41
476 112 37
476 113 44
476 114 40
476 115 40
476 116 27
476 117 40
476 118 42
476 119 40
476 120 36
476 121 40
501 1 41
501 2 43
501 3 41
501 4 38
501 5 40
501 6 41
501 7 43
501 8 41
501 9 32
501 10 26
501 11 28
501 12 40
501 13 43
501 14 40
501 15 38
501 16 41
501 17 43
501 18 44
501 19 40
501 20 29
501 21 21
501 22 29
501 23 43
501 24 43
501 25 41
501 26 31
501 27 35
501 28 37
501 29 42
501 30 33
501 31 30
501 32 25
501 33 26
501 34 37
501 35 40
501 36 45
501 37 37
501 38 29
501 39 39
501 40 42
501 41 43
501 42 40
501 43 28
501 44 21
501 45 29
501 46 33
501 47 40
501 48 40
501 49 39
501 50 33
501 51 41
501 52 45
501 53 42
501 54 27
501 55 28
501 56 23
501 57 29
501 58 45
501 59 41
501 60 43
501 61 40
501 62 41
501 63 42
501 64 39
501 65 27
501 66 27
501 67 29
501 68 29
501 69 41
501 70 39
501 71 40
501 72 30
501 73 26
501 74 27
501 75 30
501 76 20
501 77 20
501 78 23
501 79 26
501 80 34
501 81 31
501 82 28
501 83 21
501 84 24
501 85 33
501 86 31
501 87 24
501 88 16
501 89 17
501 90 26
501 91 41
501 92 46
501 93 43
501 94 30
501 95 40
501 96 41
501 97 41
501 98 29
501 99 25
501 100 29
501 101 32
501 102 39
501 103 43
501 104 44
501 105 35
501 106 42
501 107 45
501 108 43
501 109 43
501 110 39
501 111 32
501 112 27
501 113 42
501 114 40
501 115 43
501 116 30
501 117 42
501 118 43
501 119 41
501 120 41
501 121 40
526 1 42
526 2 42
526 3 43
526 4 43
526 5 41
526 6 38
526 7 40
526 8 40
526 9 32
526 10 24
526 11 29
526 12 41
526 13 41
526 14 40
526 15 41
526 16 43
526 17 43
526 18 46
526 19 44
526 20 29
526 21 20
526 22 29
526 23 40
526 24 42
526 25 40
526 26 31
526 27 32
526 28 39
526 29 37
526 30 43
526 31 32
526 32 25
526 33 26
526 34 41
526 35 43
526 36 42
526 37 33
526 38 30
526 39 31
526 40 43
526 41 43
526 42 39
526 43 30
526 44 22
526 45 30
526 46 38
526 47 42
526 48 36
526 49 39
526 50 33
526 51 39
526 52 40
526 53 40
526 54 28
526 55 23
526 56 22
526 57 25
526 58 42
526 59 43
526 60 40
526 61 29
526 62 39
526 63 37
526 64 40
526 65 30
526 66 21
526 67 24
526 68 28
526 69 39
526 70 41
526 71 40
526 72 26
526 73 27
526 74 28
526 75 28
526 76 23
526 77 22
526 78 22
526 79 22
526 80 32
526 81 39
526 82 31
526 83 32
526 84 30
526 85 22
526 86 29
526 87 24
526 88 24
526 89 19
526 90 31
526 91 39
526 92 36
526 93 38
526 94 28
526 95 43
526 96 40
526 97 39
526 98 30
526 99 26
526 100 26
526 101 33
526 102 43
526 103 42
526 104 38
526 105 36
526 106 44
526 107 46
526 108 43
526 109 39
526 110 40
526 111 29
526 112 30
526 113 41
526 114 41
526 115 41
526 116 32
526 117 40
526 118 44
526 119 40
526 120 42
526 121 41
551 1 44
551 2 43
551 3 42
551 4 42
551 5 38
551 6 41
551 7 43
551 8 42
551 9 31
551 10 31
551 11 32
551 12 44
551 13 43
551 14 45
551 15 46
551 16 41
551 17 42
551 18 39
551 19 39
551 20 31
551 21 29
551 22 28
551 23 43
551 24 41
551 25 40
551 26 31
551 27 30
551 28 44
551 29 40
551 30 40
551 31 31
551 32 21
551 33 30
551 34 40
551 35 40
551 36 39
551 37 30
551 38 29
551 39 28
551 40 37
551 41 39
551 42 42
551 43 29
551 44 29
551 45 29
551 46 31
551 47 40
551 48 40
551 49 41
551 50 30
551 51 38
551 52 42
551 53 40
551 54 30
551 55 22
551 56 22
551 57 32
551 58 41
551 59 39
551 60 43
551 61 32
551 62 43
551 63 44
551 64 38
551 65 25
551 66 20
551 67 23
551 68 23
551 69 42
551 70 38
551 71 38
551 72 23
551 73 28
551 74 25
551 75 32
551 76 26
551 77 22
551 78 20
551 79 22
551 80 30
551 81 24
551 82 27
551 83 29
551 84 26
551 85 22
551 86 35
551 87 21
551 88 23
551 89 20
551 90 28
551 91 40
551 92 41
551 93 40
551 94 30
551 95 41
551 96 37
551 97 42
551 98 31
551 99 29
551 100 26
551 101 25
551 102 40
551 103 42
551 104 41
551 105 32
551 106 41
551 107 45
551 108 41
551 109 41
551 110 39
551 111 31
551 112 26
551 113 43
551 114 40
551 115 37
551 116 25
551 117 41
551 118 40
551 119 43
551 120 41
551 121 40
576 1 42
576 2 43
576 3 46
576 4 44
576 5 46
576 6 40
576 7 43
576 8 44
576 9 34
576 10 29
576 11 37
576 12 36
576 13 43
576 14 40
576 15 45
576 16 45
576 17 44
576 18 43
576 19 46
576 20 30
576 21 29
576 22 24
576 23 37
576 24 38
576 25 41
576 26 31
576 27 34
576 28 40
576 29 44
576 30 39
576 31 32
576 32 18
576 33 29
576 34 40
576 35 42
576 36 41
576 37 30
576 38 29
576 39 27
576 40 41
576 41 41
576 42 41
576 43 25
576 44 30
576 45 26
576 46 24
576 47 43
576 48 44
576 49 41
576 50 30
576 51 41
576 52 41
576 53 40
576 54 24
576 55 19
576 56 22
576 57 24
576 58 40
576 59 37
576 60 39
576 61 38
576 62 41
576 63 44
576 64 42
576 65 22
576 66 19
576 67 26
576 68 28
576 69 38
576 70 40
576 71 40
576 72 27
576 73 27
576 74 29
576 75 32
576 76 19
576 77 18
576 78 20
576 79 20
576 80 29
576 81 30
576 82 33
576 83 24
576 84 29
576 85 33
576 86 35
576 87 28
576 88 19
576 89 25
576 90 27
576 91 43
576 92 45
576 93 45
576 94 39
576 95 42
576 96 42
576 97 42
576 98 25
576 99 20
576 100 28
576 101 28
576 102 41
576 103 40
576 104 41
576 105 27
576 106 41
576 107 42
576 108 40
576 109 40
576 110 40
576 111 30
576 112 24
576 113 41
576 114 44
576 115 40
576 116 37
576 117 44
576 118 44
576 119 41
576 120 41
576 121 39
601 1 42
601 2 45
601 3 42
601 4 42
601 5 42
601 6 43
601 7 41
601 8 43
601 9 35
601 10 30
601 11 29
601 12 41
601 13 47
601 14 38
601 15 40
601 16 39
601 17 45
601 18 42
601 19 39
601 20 28
601 21 23
601 22 26
601 23 42
601 24 43
601 25 41
601 26 29
601 27 35
601 28 36
601 29 42
601 30 44
601 31 24
601 32 23
601 33 28
601 34 40
601 35 44
601 36 42
601 37 33
601 38 24
601 39 35
601 40 42
601 41 43
601 42 40
601 43 20
601 44 29
601 45 30
601 46 29
601 47 41
601 48 40
601 49 37
601 50 33
601 51 42
601 52 44
601 53 41
601 54 24
601 55 19
601 56 19
601 57 24
601 58 41
601 59 39
601 60 39
601 61 28
601 62 38
601 63 40
601 64 42
601 65 28
601 66 22
601 67 25
601 68 30
601 69 41
601 70 40
601 71 37
601 72 31
601 73 29
601 74 33
601 75 30
601 76 17
601 77 24
601 78 23
601 79 22
601 80 32
601 81 26
601 82 29
601 83 23
601 84 30
601 85 30
601 86 24
601 87 25
601 88 21
601 89 21
601 90 29
601 91 39
601 92 42
601 93 38
601 94 32
601 95 40
601 96 38
601 97 43
601 98 28
601 99 27
601 100 28
601 101 26
601 102 43
601 103 39
601 104 38
601 105 38
601 106 40
601 107 41
601 108 42
601 109 42
601 110 41
601 111 32
601 112 36
601 113 38
601 114 41
601 115 44
601 116 33
601 117 41
601 118 44
601 119 40
601 120 40
601 121 41
626 1 40
626 2 40
626 3 42
626 4 41
626 5 43
626 6 39
626 7 44
626 8 39
626 9 31
626 10 25
626 11 32
626 12 42
626 13 44
626 14 43
626 15 43
626 16 44
626 17 40
626 18 45
626 19 41
626 20 28
626 21 27
626 22 28
626 23 43
626 24 39
626 25 40
626 26 28
626 27 31
626 28 40
626 29 41
626 30 43
626 31 30
626 32 30
626 33 26
626 34 40
626 35 42
626 36 42
626 37 27
626 38 24
626 39 33
626 40 41
626 41 43
626 42 42
626 43 28
626 44 29
626 45 30
626 46 31
626 47 43
626 48 41
626 49 40
626 50 30
626 51 42
626 52 42
626 53 40
626 54 23
626 55 30
626 56 20
626 57 22
626 58 40
626 59 43
626 60 37
626 61 29
626 62 42
626 63 45
626 64 39
626 65 21
626 66 21
626 67 21
626 68 20
626 69 40
626 70 36
626 71 41
626 72 26
626 73 27
626 74 32
626 75 28
626 76 23
626 77 26
626 78 19
626 79 29
626 80 29
626 81 36
626 82 30
626 83 25
626 84 30
626 85 29
626 86 32
626 87 21
626 88 19
626 89 23
626 90 28
626 91 41
626 92 40
626 93 43
626 94 33
626 95 40
626 96 41
626 97 40
626 98 35
626 99 31
626 100 27
626 101 28
626 102 40
626 103 43
626 104 41
626 105 27
626 106 40
626 107 41
626 108 42
626 109 37
626 110 40
626 111 29
626 112 29
626 113 35
626 114 40
626 115 43
626 116 35
626 117 40
626 118 40
626 119 43
626 120 40
626 121 38
651 1 38
651 2 41
651 3 41
651 4 43
651 5 44
651 6 43
651 7 40
651 8 41
651 9 31
651 10 29
651 11 31
651 12 45
651 13 41
651 14 42
651 15 39
651 16 42
651 17 40
651 18 41
651 19 42
651 20 21
651 21 23
651 22 29
651 23 40
651 24 39
651 25 40
651 26 24
651 27 28
651 28 39
651 29 42
651 30 40
651 31 32
651 32 22
651 33 31
651 34 40
651 35 39
651 36 39
651 37 30
651 38 36
651 39 35
651 40 40
651 41 42
651 42 39
651 43 27
651 44 21
651 45 29
651 46 26
651 47 44
651 48 42
651 49 40
651 50 30
651 51 42
651 52 38
651 53 37
651 54 29
651 55 20
651 56 27
651 57 25
651 58 44
651 59 41
651 60 41
651 61 30
651 62 40
651 63 43
651 64 37
651 65 29
651 66 20
651 67 24
651 68 27
651 69 41
651 70 39
651 71 38
651 72 30
651 73 30
651 74 16
651 75 31
651 76 26
651 77 18
651 78 20
651 79 20
651 80 35
651 81 30
651 82 20
651 83 24
651 84 30
651 85 30
651 86 31
651 87 28
651 88 21
651 89 29
651 90 24
651 91 41
651 92 43
651 93 39
651 94 31
651 95 38
651 96 40
651 97 39
651 98 29
651 99 27
651 100 24
651 101 30
651 102 40
651 103 38
651 104 42
651 105 30
651 106 45
651 107 41
651 108 43
651 109 41
651 110 39
651 111 27
651 112 24
651 113 40
651 114 42
651 115 40
651 116 33
651 117 43
651 118 44
651 119 40
651 120 41
651 121 43
676 1 41
676 2 48
676 3 43
676 4 44
676 5 43
676 6 44
676 7 46
676 8 43
676 9 30
676 10 26
676 11 37
676 12 41
676 13 44
676 14 44
676 15 45
676 16 43
676 17 40
676 18 42
676 19 38
676 20 28
676 21 20
676 22 28
676 23 45
676 24 46
676 25 41
676 26 35
676 27 27
676 28 39
676 29 41
676 30 44
676 31 37
676 32 29
676 33 28
676 34 43
676 35 43
676 36 38
676 37 37
676 38 24
676 39 33
676 40 40
676 41 41
676 42 40
676 43 33
676 44 31
676 45 30
676 46 27
676 47 36
676 48 42
676 49 41
676 50 37
676 51 41
676 52 36
676 53 41
676 54 29
676 55 26
676 56 20
676 57 32
676 58 41
676 59 43
676 60 47
676 61 32
676 62 40
676 63 39
676 64 39
676 65 26
676 66 22
676 67 20
676 68 30
676 69 40
676 70 41
676 71 43
676 72 30
676 73 33
676 74 31
676 75 23
676 76 26
676 77 19
676 78 21
676 79 20
676 80 29
676 81 23
676 82 37
676 83 22
676 84 29
676 85 24
676 86 30
676 87 20
676 88 17
676 89 25
676 90 27
676 91 40
676 92 39
676 93 40
676 94 29
676 95 40
676 96 39
676 97 37
676 98 29
676 99 25
676 100 28
676 101 26
676 102 42
676 103 40
676 104 39
676 105 26
676 106 41
676 107 42
676 108 41
676 109 40
676 110 41
676 111 31
676 112 30
676 113 41
676 114 46
676 115 41
676 116 30
676 117 41
676 118 44
676 119 38
676 120 41
676 121 45
701 1 36
701 2 41
701 3 41
701 4 45
701 5 45
701 6 43
701 7 40
701 8 40
701 9 29
701 10 30
701 11 34
701 12 41
701 13 40
701 14 37
701 15 41
701 16 44
701 17 43
701 18 43
701 19 41
701 20 22
701 21 21
701 22 35
701 23 39
701 24 42
701 25 40
701 26 36
701 27 34
701 28 40
701 29 42
701 30 39
701 31 34
701 32 25
701 33 25
701 34 40
701 35 40
701 36 38
701 37 32
701 38 27
701 39 30
701 40 40
701 41 41
701 42 41
701 43 26
701 44 27
701 45 24
701 46 30
701 47 37
701 48 40
701 49 40
701 50 37
701 51 41
701 52 40
701 53 37
701 54 31
701 55 32
701 56 29
701 57 32
701 58 42
701 59 39
701 60 40
701 61 34
701 62 36
701 63 43
701 64 39
701 65 31
701 66 17
701 67 18
701 68 25
701 69 39
701 70 44
701 71 39
701 72 20
701 73 27
701 74 29
701 75 24
701 76 30
701 77 23
701 78 23
701 79 25
701 80 25
701 81 35
701 82 29
701 83 24
701 84 30
701 85 27
701 86 29
701 87 19
701 88 21
701 89 23
701 90 25
701 91 42
701 92 40
701 93 42
701 94 31
701 95 42
701 96 41
701 97 42
701 98 31
701 99 26
701 100 27
701 101 28
701 102 40
701 103 42
701 104 40
701 105 30
701 106 40
701 107 40
701 108 42
701 109 41
701 110 39
701 111 31
701 112 34
701 113 44
701 114 41
701 115 41
701 116 34
701 117 40
701 118 43
701 119 41
701 120 41
701 121 39
726 1 41
726 2 41
726 3 39
726 4 43
726 5 42
726 6 42
726 7 39
726 8 39
726 9 37
726 10 29
726 11 34
726 12 43
726 13 43
726 14 42
726 15 42
726 16 42
726 17 38
726 18 44
726 19 42
726 20 32
726 21 21
726 22 30
726 23 40
726 24 39
726 25 45
726 26 35
726 27 30
726 28 42
726 29 40
726 30 40
726 31 25
726 32 22
726 33 28
726 34 41
726 35 42
726 36 41
726 37 29
726 38 31
726 39 31
726 40 41
726 41 39
726 42 45
726 43 27
726 44 34
726 45 26
726 46 33
726 47 40
726 48 40
726 49 43
726 50 27
726 51 38
726 52 39
726 53 40
726 54 33
726 55 24
726 56 23
726 57 31
726 58 41
726 59 41
726 60 41
726 61 27
726 62 40
726 63 39
726 64 37
726 65 26
726 66 20
726 67 20
726 68 34
726 69 40
726 70 38
726 71 38
726 72 24
726 73 22
726 74 24
726 75 30
726 76 19
726 77 22
726 78 18
726 79 21
726 80 29
726 81 27
726 82 22
726 83 25
726 84 31
726 85 23
726 86 30
726 87 23
726 88 25
726 89 28
726 90 30
726 91 40
726 92 42
726 93 39
726 94 27
726 95 44
726 96 41
726 97 42
726 98 34
726 99 25
726 100 24
726 101 30
726 102 42
726 103 44
726 104 41
726 105 37
726 106 44
726 107 42
726 108 42
726 109 38
726 110 40
726 111 23
726 112 31
726 113 40
726 114 42
726 115 42
726 116 38
726 117 43
726 118 43
726 119 40
726 120 41
726 121 41
751 1 40
751 2 39
751 3 40
751 4 37
751 5 44
751 6 42
751 7 40
751 8 42
751 9 33
751 10 25
751 11 33
751 12 39
751 13 40
751 14 43
751 15 45
751 16 42
751 17 41
751 18 41
751 19 43
751 20 29
751 21 29
751 22 28
751 23 42
751 24 43
751 25 40
751 26 29
751 27 27
751 28 39
751 29 47
751 30 45
751 31 36
751 32 26
751 33 25
751 34 38
751 35 41
751 36 40
751 37 32
751 38 27
751 39 27
751 40 43
751 41 44
751 42 40
751 43 28
751 44 29
751 45 31
751 46 30
751 47 40
751 48 39
751 49 41
751 50 35
751 51 43
751 52 42
751 53 44
751 54 32
751 55 20
751 56 26
751 57 19
751 58 40
751 59 41
751 60 40
751 61 26
751 62 45
751 63 43
751 64 41
751 65 23
751 66 21
751 67 21
751 68 22
751 69 37
751 70 42
751 71 42
751 72 27
751 73 29
751 74 32
751 75 24
751 76 25
751 77 25
751 78 20
751 79 30
751 80 30
751 81 31
751 82 29
751 83 22
751 84 29
751 85 29
751 86 30
751 87 23
751 88 18
751 89 23
751 90 28
751 91 42
751 92 41
751 93 41
751 94 36
751 95 38
751 96 40
751 97 37
751 98 30
751 99 25
751 100 21
751 101 29
751 102 40
751 103 43
751 104 40
751 105 35
751 106 41
751 107 44
751 108 40
751 109 42
751 110 40
751 111 30
751 112 31
751 113 40
751 114 40
751 115 40
751 116 38
751 117 40
751 118 41
751 119 38
751 120 42
751 121 36
776 1 39
776 2 41
776 3 40
776 4 41
776 5 40
776 6 40
776 7 42
776 8 42
776 9 35
776 10 32
776 11 30
776 12 40
776 13 41
776 14 45
776 15 43
776 16 43
776 17 42
776 18 42
776 19 41
776 20 29
776 21 23
776 22 30
776 23 41
776 24 38
776 25 40
776 26 30
776 27 29
776 28 42
776 29 42
776 30 40
776 31 33
776 32 27
776 33 23
776 34 40
776 35 40
776 36 42
776 37 37
776 38 34
776 39 37
776 40 40
776 41 43
776 42 43
776 43 29
776 44 26
776 45 26
776 46 31
776 47 46
776 48 44
776 49 40
776 50 36
776 51 43
776 52 41
776 53 43
776 54 28
776 55 22
776 56 22
776 57 28
776 58 43
776 59 42
776 60 41
776 61 29
776 62 43
776 63 44
776 64 44
776 65 26
776 66 24
776 67 22
776 68 25
776 69 39
776 70 41
776 71 42
776 72 28
776 73 27
776 74 32
776 75 33
776 76 21
776 77 25
776 78 21
776 79 25
776 80 24
776 81 32
776 82 29
776 83 20
776 84 29
776 85 37
776 86 25
776 87 23
776 88 26
776 89 26
776 90 25
776 91 38
776 92 42
776 93 43
776 94 30
776 95 42
776 96 44
776 97 40
776 98 35
776 99 24
776 100 24
776 101 29
776 102 41
776 103 41
776 104 42
776 105 35
776 106 45
776 107 44
776 108 45
776 109 39
776 110 40
776 111 29
776 112 31
776 113 39
776 114 42
776 115 42
776 116 31
776 117 42
776 118 41
776 119 43
776 120 38
776 121 40
801 1 40
801 2 38
801 3 46
801 4 46
801 5 42
801 6 41
801 7 41
801 8 43
801 9 30
801 10 25
801 11 28
801 12 43
801 13 42
801 14 41
801 15 44
801 16 44
801 17 44
801 18 40
801 19 46
801 20 33
801 21 19
801 22 31
801 23 45
801 24 44
801 25 42
801 26 30
801 27 25
801 28 43
801 29 46
801 30 43
801 31 32
801 32 25
801 33 36
801 34 46
801 35 42
801 36 41
801 37 30
801 38 30
801 39 33
801 40 38
801 41 42
801 42 36
801 43 29
801 44 28
801 45 29
801 46 33
801 47 41
801 48 38
801 49 40
801 50 31
801 51 42
801 52 42
801 53 43
801 54 30
801 55 21
801 56 29
801 57 28
801 58 43
801 59 40
801 60 39
801 61 33
801 62 40
801 63 42
801 64 40
801 65 28
801 66 24
801 67 20
801 68 28
801 69 39
801 70 39
801 71 42
801 72 25
801 73 29
801 74 35
801 75 30
801 76 29
801 77 27
801 78 20
801 79 29
801 80 36
801 81 33
801 82 34
801 83 24
801 84 24
801 85 29
801 86 24
801 87 21
801 88 20
801 89 22
801 90 23
801 91 42
801 92 43
801 93 40
801 94 29
801 95 40
801 96 38
801 97 38
801 98 28
801 99 31
801 100 31
801 101 30
801 102 43
801 103 43
801 104 43
801 105 28
801 106 41
801 107 43
801 108 42
801 109 40
801 110 38
801 111 38
801 112 31
801 113 41
801 114 43
801 115 45
801 116 30
801 117 39
801 118 41
801 119 45
801 120 42
801 121 40
826 1 40
826 2 41
826 3 40
826 4 43
826 5 44
826 6 39
826 7 41
826 8 40
826 9 30
826 10 31
826 11 30
826 12 41
826 13 43
826 14 42
826 15 41
826 16 45
826 17 40
826 18 42
826 19 45
826 20 28
826 21 27
826 22 21
826 23 41
826 24 41
826 25 42
826 26 30
826 27 29
826 28 38
826 29 40
826 30 40
826 31 29
826 32 19
826 33 32
826 34 40
826 35 41
826 36 40
826 37 34
826 38 29
826 39 28
826 40 41
826 41 42
826 42 40
826 43 33
826 44 29
826 45 21
826 46 20
826 47 38
826 48 36
826 49 40
826 50 29
826 51 38
826 52 45
826 53 42
826 54 21
826 55 22
826 56 28
826 57 17
826 58 40
826 59 42
826 60 41
826 61 30
826 62 41
826 63 41
826 64 40
826 65 31
826 66 20
826 67 22
826 68 22
826 69 39
826 70 41
826 71 42
826 72 30
826 73 33
826 74 28
826 75 30
826 76 21
826 77 25
826 78 19
826 79 21
826 80 30
826 81 28
826 82 31
826 83 26
826 84 30
826 85 31
826 86 31
826 87 20
826 88 27
826 89 21
826 90 26
826 91 42
826 92 40
826 93 41
826 94 29
826 95 42
826 96 41
826 97 41
826 98 32
826 99 29
826 100 29
826 101 28
826 102 40
826 103 41
826 104 40
826 105 32
826 106 42
826 107 42
826 108 40
826 109 40
826 110 40
826 111 35
826 112 31
826 113 40
826 114 40
826 115 41
826 116 32
826 117 40
826 118 45
826 119 41
826 120