1 1 44
1 2 48
1 3 43
1 4 44
1 5 43
1 6 45
1 7 44
1 8 49
1 9 43
1 10 46
1 11 42
1 12 42
1 13 41
1 14 42
1 15 43
1 16 45
1 17 46
1 18 48
1 19 45
1 20 43
1 21 44
1 22 43
1 23 44
1 24 35
1 25 40
1 26 41
1 27 47
1 28 44
1 29 43
1 30 42
1 31 38
1 32 43
1 33 45
1 34 43
1 35 40
1 36 40
1 37 45
1 38 42
1 39 42
1 40 43
1 41 37
1 42 43
1 43 45
1 44 43
1 45 44
1 46 43
1 47 39
1 48 41
1 49 40
1 50 44
1 51 39
1 52 41
1 53 41
1 54 38
1 55 41
1 56 39
1 57 38
1 58 42
1 59 42
1 60 39
1 61 43
1 62 42
1 63 42
1 64 42
1 65 41
1 66 39
1 67 34
1 68 39
1 69 39
1 70 42
1 71 42
1 72 47
1 73 43
1 74 44
1 75 41
1 76 42
1 77 36
1 78 37
1 79 37
1 80 43
1 81 40
1 82 38
1 83 43
1 84 38
1 85 40
1 86 41
1 87 38
1 88 41
1 89 42
1 90 41
1 91 39
1 92 39
1 93 40
1 94 42
1 95 43
1 96 39
1 97 43
1 98 43
1 99 44
1 100 42
1 101 42
1 102 42
1 103 40
1 104 41
1 105 40
1 106 42
1 107 40
1 108 42
1 109 48
1 110 46
1 111 41
1 112 44
1 113 43
1 114 40
1 115 37
1 116 40
1 117 43
1 118 40
1 119 38
1 120 42
1 121 47
26 1 9
26 2 9
26 3 3
26 4 11
26 5 13
26 6 39
26 7 37
26 8 40
26 9 10
26 10 12
26 11 12
26 12 10
26 13 10
26 14 9
26 15 8
26 16 20
26 17 44
26 18 43
26 19 45
26 20 12
26 21 16
26 22 10
26 23 10
26 24 16
26 25 11
26 26 10
26 27 12
26 28 44
26 29 41
26 30 41
26 31 15
26 32 17
26 33 8
26 34 15
26 35 13
26 36 9
26 37 11
26 38 9
26 39 20
26 40 22
26 41 20
26 42 15
26 43 11
26 44 15
26 45 10
26 46 14
26 47 20
26 48 17
26 49 15
26 50 19
26 51 11
26 52 8
26 53 15
26 54 9
26 55 10
26 56 11
26 57 11
26 58 11
26 59 18
26 60 23
26 61 24
26 62 12
26 63 11
26 64 8
26 65 16
26 66 13
26 67 11
26 68 11
26 69 19
26 70 13
26 71 8
26 72 11
26 73 5
26 74 11
26 75 10
26 76 11
26 77 15
26 78 20
26 79 14
26 80 14
26 81 8
26 82 10
26 83 9
26 84 7
26 85 13
26 86 10
26 87 9
26 88 10
26 89 15
26 90 19
26 91 14
26 92 12
26 93 15
26 94 19
26 95 8
26 96 11
26 97 13
26 98 20
26 99 20
26 100 15
26 101 10
26 102 12
26 103 10
26 104 17
26 105 8
26 106 12
26 107 12
26 108 21
26 109 41
26 110 45
26 111 14
26 112 13
26 113 10
26 114 15
26 115 14
26 116 12
26 117 20
26 118 21
26 119 16
26 120 40
26 121 43
51 1 7
51 2 15
51 3 10
51 4 21
51 5 17
51 6 42
51 7 43
51 8 42
51 9 18
51 10 18
51 11 18
51 12 13
51 13 10
51 14 4
51 15 16
51 16 19
51 17 42
51 18 44
51 19 40
51 20 13
51 21 10
51 22 11
51 23 16
51 24 9
51 25 12
51 26 8
51 27 14
51 28 40
51 29 40
51 30 44
51 31 19
51 32 11
51 33 10
51 34 10
51 35 8
51 36 0
51 37 2
51 38 29
51 39 27
51 40 24
51 41 21
51 42 16
51 43 10
51 44 9
51 45 21
51 46 10
51 47 18
51 48 22
51 49 22
51 50 26
51 51 23
51 52 19
51 53 22
51 54 9
51 55 9
51 56 21
51 57 18
51 58 19
51 59 19
51 60 21
51 61 26
51 62 26
51 63 27
51 64 22
51 65 15
51 66 13
51 67 14
51 68 15
51 69 16
51 70 26
51 71 19
51 72 29
51 73 19
51 74 12
51 75 11
51 76 10
51 77 12
51 78 20
51 79 22
51 80 24
51 81 27
51 82 22
51 83 22
51 84 20
51 85 18
51 86 9
51 87 11
51 88 22
51 89 12
51 90 17
51 91 1
51 92 20
51 93 20
51 94 9
51 95 22
51 96 13
51 97 11
51 98 18
51 99 10
51 100 19
51 101 13
51 102 6
51 103 15
51 104 13
51 105 13
51 106 4
51 107 19
51 108 12
51 109 38
51 110 40
51 111 12
51 112 10
51 113 14
51 114 15
51 115 19
51 116 17
51 117 14
51 118 19
51 119 21
51 120 38
51 121 40
76 1 12
76 2 20
76 3 17
76 4 14
76 5 22
76 6 43
76 7 45
76 8 41
76 9 18
76 10 18
76 11 20
76 12 9
76 13 8
76 14 8
76 15 21
76 16 28
76 17 39
76 18 43
76 19 44
76 20 15
76 21 23
76 22 20
76 23 0
76 24 0
76 25 10
76 26 21
76 27 25
76 28 41
76 29 42
76 30 39
76 31 13
76 32 25
76 33 24
76 34 16
76 35 12
76 36 11
76 37 21
76 38 17
76 39 33
76 40 27
76 41 31
76 42 28
76 43 26
76 44 26
76 45 12
76 46 19
76 47 17
76 48 16
76 49 20
76 50 20
76 51 19
76 52 25
76 53 28
76 54 25
76 55 16
76 56 22
76 57 12
76 58 15
76 59 13
76 60 20
76 61 22
76 62 20
76 63 22
76 64 16
76 65 25
76 66 25
76 67 19
76 68 13
76 69 16
76 70 16
76 71 20
76 72 24
76 73 22
76 74 28
76 75 23
76 76 21
76 77 20
76 78 20
76 79 13
76 80 16
76 81 18
76 82 21
76 83 31
76 84 22
76 85 22
76 86 20
76 87 20
76 88 17
76 89 22
76 90 16
76 91 22
76 92 29
76 93 30
76 94 23
76 95 20
76 96 26
76 97 17
76 98 24
76 99 21
76 100 26
76 101 30
76 102 27
76 103 20
76 104 22
76 105 16
76 106 17
76 107 22
76 108 23
76 109 40
76 110 38
76 111 25
76 112 29
76 113 16
76 114 20
76 115 24
76 116 9
76 117 20
76 118 13
76 119 14
76 120 40
76 121 42
101 1 28
101 2 27
101 3 21
101 4 24
101 5 30
101 6 40
101 7 42
101 8 40
101 9 20
101 10 24
101 11 25
101 12 23
101 13 20
101 14 19
101 15 26
101 16 29
101 17 45
101 18 43
101 19 41
101 20 26
101 21 30
101 22 32
101 23 21
101 24 21
101 25 20
101 26 30
101 27 25
101 28 43
101 29 44
101 30 43
101 31 22
101 32 22
101 33 22
101 34 20
101 35 22
101 36 20
101 37 24
101 38 20
101 39 21
101 40 25
101 41 20
101 42 27
101 43 11
101 44 22
101 45 11
101 46 18
101 47 20
101 48 22
101 49 23
101 50 18
101 51 24
101 52 21
101 53 27
101 54 20
101 55 19
101 56 20
101 57 17
101 58 10
101 59 18
101 60 19
101 61 13
101 62 21
101 63 22
101 64 17
101 65 21
101 66 21
101 67 11
101 68 19
101 69 20
101 70 23
101 71 21
101 72 20
101 73 28
101 74 18
101 75 19
101 76 19
101 77 22
101 78 19
101 79 18
101 80 22
101 81 20
101 82 18
101 83 20
101 84 23
101 85 22
101 86 13
101 87 16
101 88 11
101 89 27
101 90 22
101 91 20
101 92 28
101 93 20
101 94 27
101 95 20
101 96 27
101 97 22
101 98 25
101 99 15
101 100 28
101 101 20
101 102 23
101 103 17
101 104 28
101 105 20
101 106 30
101 107 28
101 108 21
101 109 42
101 110 38
101 111 28
101 112 27
101 113 16
101 114 30
101 115 27
101 116 31
101 117 29
101 118 27
101 119 23
101 120 37
101 121 40
126 1 22
126 2 24
126 3 24
126 4 13
126 5 27
126 6 40
126 7 44
126 8 43
126 9 30
126 10 19
126 11 28
126 12 21
126 13 20
126 14 15
126 15 23
126 16 21
126 17 40
126 18 42
126 19 40
126 20 30
126 21 30
126 22 25
126 23 22
126 24 18
126 25 33
126 26 23
126 27 24
126 28 41
126 29 42
126 30 41
126 31 21
126 32 24
126 33 20
126 34 15
126 35 26
126 36 26
126 37 32
126 38 26
126 39 19
126 40 25
126 41 23
126 42 22
126 43 15
126 44 18
126 45 19
126 46 13
126 47 20
126 48 17
126 49 20
126 50 16
126 51 26
126 52 19
126 53 20
126 54 19
126 55 22
126 56 15
126 57 12
126 58 12
126 59 18
126 60 19
126 61 20
126 62 20
126 63 20
126 64 22
126 65 21
126 66 19
126 67 19
126 68 21
126 69 28
126 70 26
126 71 17
126 72 18
126 73 18
126 74 12
126 75 19
126 76 13
126 77 21
126 78 20
126 79 14
126 80 19
126 81 21
126 82 21
126 83 19
126 84 20
126 85 18
126 86 22
126 87 19
126 88 23
126 89 22
126 90 20
126 91 20
126 92 25
126 93 24
126 94 23
126 95 20
126 96 22
126 97 18
126 98 17
126 99 16
126 100 20
126 101 26
126 102 22
126 103 17
126 104 22
126 105 19
126 106 30
126 107 20
126 108 23
126 109 40
126 110 42
126 111 22
126 112 28
126 113 22
126 114 19
126 115 23
126 116 29
126 117 25
126 118 31
126 119 30
126 120 40
126 121 42
151 1 18
151 2 18
151 3 20
151 4 18
151 5 19
151 6 42
151 7 43
151 8 42
151 9 30
151 10 25
151 11 30
151 12 21
151 13 18
151 14 14
151 15 21
151 16 25
151 17 46
151 18 43
151 19 42
151 20 31
151 21 30
151 22 21
151 23 20
151 24 21
151 25 28
151 26 20
151 27 24
151 28 43
151 29 42
151 30 43
151 31 29
151 32 20
151 33 23
151 34 22
151 35 26
151 36 23
151 37 29
151 38 29
151 39 20
151 40 20
151 41 23
151 42 30
151 43 21
151 44 11
151 45 19
151 46 25
151 47 21
151 48 17
151 49 21
151 50 21
151 51 25
151 52 25
151 53 24
151 54 18
151 55 24
151 56 24
151 57 23
151 58 20
151 59 20
151 60 20
151 61 19
151 62 17
151 63 20
151 64 22
151 65 20
151 66 20
151 67 18
151 68 20
151 69 20
151 70 19
151 71 15
151 72 9
151 73 25
151 74 20
151 75 20
151 76 12
151 77 22
151 78 15
151 79 20
151 80 20
151 81 20
151 82 21
151 83 20
151 84 21
151 85 19
151 86 23
151 87 19
151 88 21
151 89 25
151 90 20
151 91 21
151 92 21
151 93 24
151 94 19
151 95 22
151 96 18
151 97 19
151 98 22
151 99 23
151 100 23
151 101 19
151 102 25
151 103 21
151 104 21
151 105 16
151 106 23
151 107 24
151 108 19
151 109 42
151 110 42
151 111 27
151 112 20
151 113 21
151 114 24
151 115 19
151 116 28
151 117 30
151 118 29
151 119 28
151 120 44
151 121 43
176 1 17
176 2 21
176 3 24
176 4 23
176 5 30
176 6 40
176 7 40
176 8 40
176 9 20
176 10 29
176 11 23
176 12 25
176 13 21
176 14 33
176 15 28
176 16 23
176 17 40
176 18 45
176 19 42
176 20 32
176 21 22
176 22 23
176 23 21
176 24 25
176 25 30
176 26 20
176 27 28
176 28 39
176 29 43
176 30 41
176 31 28
176 32 25
176 33 18
176 34 14
176 35 21
176 36 22
176 37 22
176 38 27
176 39 24
176 40 24
176 41 18
176 42 29
176 43 21
176 44 21
176 45 19
176 46 18
176 47 23
176 48 20
176 49 20
176 50 21
176 51 19
176 52 21
176 53 24
176 54 17
176 55 19
176 56 18
176 57 20
176 58 21
176 59 22
176 60 16
176 61 22
176 62 21
176 63 30
176 64 29
176 65 22
176 66 23
176 67 20
176 68 21
176 69 21
176 70 18
176 71 21
176 72 20
176 73 19
176 74 11
176 75 20
176 76 22
176 77 15
176 78 22
176 79 18
176 80 20
176 81 18
176 82 20
176 83 18
176 84 22
176 85 18
176 86 20
176 87 16
176 88 17
176 89 21
176 90 28
176 91 20
176 92 15
176 93 23
176 94 20
176 95 25
176 96 28
176 97 23
176 98 29
176 99 19
176 100 24
176 101 20
176 102 25
176 103 20
176 104 20
176 105 20
176 106 21
176 107 17
176 108 25
176 109 39
176 110 38
176 111 19
176 112 18
176 113 23
176 114 20
176 115 16
176 116 28
176 117 24
176 118 24
176 119 20
176 120 38
176 121 42
201 1 22
201 2 31
201 3 23
201 4 23
201 5 26
201 6 39
201 7 40
201 8 43
201 9 24
201 10 24
201 11 31
201 12 28
201 13 20
201 14 30
201 15 23
201 16 23
201 17 39
201 18 43
201 19 42
201 20 24
201 21 28
201 22 18
201 23 17
201 24 20
201 25 30
201 26 20
201 27 29
201 28 37
201 29 41
201 30 41
201 31 21
201 32 22
201 33 28
201 34 19
201 35 30
201 36 23
201 37 27
201 38 22
201 39 30
201 40 29
201 41 23
201 42 23
201 43 19
201 44 16
201 45 17
201 46 26
201 47 21
201 48 18
201 49 29
201 50 28
201 51 24
201 52 19
201 53 23
201 54 26
201 55 20
201 56 24
201 57 21
201 58 17
201 59 22
201 60 19
201 61 20
201 62 17
201 63 22
201 64 20
201 65 19
201 66 16
201 67 18
201 68 25
201 69 22
201 70 16
201 71 20
201 72 19
201 73 19
201 74 20
201 75 24
201 76 12
201 77 16
201 78 24
201 79 21
201 80 26
201 81 21
201 82 20
201 83 19
201 84 20
201 85 23
201 86 30
201 87 20
201 88 18
201 89 22
201 90 24
201 91 19
201 92 22
201 93 21
201 94 17
201 95 19
201 96 23
201 97 27
201 98 25
201 99 29
201 100 28
201 101 21
201 102 22
201 103 21
201 104 22
201 105 21
201 106 26
201 107 21
201 108 26
201 109 36
201 110 36
201 111 22
201 112 20
201 113 23
201 114 20
201 115 20
201 116 18
201 117 21
201 118 24
201 119 28
201 120 41
201 121 39
226 1 21
226 2 17
226 3 21
226 4 21
226 5 25
226 6 45
226 7 42
226 8 41
226 9 29
226 10 18
226 11 16
226 12 20
226 13 21
226 14 20
226 15 27
226 16 29
226 17 40
226 18 42
226 19 39
226 20 21
226 21 23
226 22 25
226 23 22
226 24 20
226 25 18
226 26 21
226 27 27
226 28 43
226 29 41
226 30 40
226 31 24
226 32 21
226 33 15
226 34 15
226 35 21
226 36 18
226 37 17
226 38 27
226 39 25
226 40 27
226 41 20
226 42 20
226 43 15
226 44 16
226 45 24
226 46 19
226 47 22
226 48 20
226 49 13
226 50 17
226 51 23
226 52 20
226 53 22
226 54 19
226 55 19
226 56 19
226 57 25
226 58 16
226 59 20
226 60 17
226 61 15
226 62 20
226 63 26
226 64 26
226 65 22
226 66 22
226 67 18
226 68 21
226 69 21
226 70 18
226 71 19
226 72 20
226 73 21
226 74 23
226 75 19
226 76 12
226 77 18
226 78 17
226 79 24
226 80 25
226 81 22
226 82 23
226 83 15
226 84 21
226 85 22
226 86 21
226 87 19
226 88 13
226 89 14
226 90 21
226 91 18
226 92 20
226 93 23
226 94 19
226 95 20
226 96 27
226 97 20
226 98 22
226 99 20
226 100 27
226 101 18
226 102 24
226 103 21
226 104 22
226 105 19
226 106 20
226 107 19
226 108 20
226 109 40
226 110 42
226 111 20
226 112 22
226 113 19
226 114 23
226 115 24
226 116 27
226 117 25
226 118 30
226 119 20
226 120 39
226 121 37
251 1 20
251 2 21
251 3 20
251 4 22
251 5 30
251 6 45
251 7 43
251 8 34
251 9 22
251 10 20
251 11 22
251 12 21
251 13 20
251 14 24
251 15 17
251 16 22
251 17 43
251 18 46
251 19 45
251 20 27
251 21 22
251 22 22
251 23 15
251 24 27
251 25 19
251 26 21
251 27 22
251 28 40
251 29 42
251 30 40
251 31 22
251 32 16
251 33 16
251 34 17
251 35 22
251 36 24
251 37 18
251 38 30
251 39 28
251 40 29
251 41 19
251 42 18
251 43 13
251 44 19
251 45 16
251 46 20
251 47 23
251 48 14
251 49 16
251 50 20
251 51 20
251 52 16
251 53 24
251 54 20
251 55 18
251 56 14
251 57 20
251 58 21
251 59 16
251 60 13
251 61 21
251 62 30
251 63 28
251 64 21
251 65 19
251 66 12
251 67 15
251 68 14
251 69 15
251 70 17
251 71 10
251 72 20
251 73 30
251 74 19
251 75 27
251 76 21
251 77 20
251 78 25
251 79 20
251 80 16
251 81 18
251 82 17
251 83 20
251 84 22
251 85 26
251 86 20
251 87 17
251 88 11
251 89 19
251 90 16
251 91 21
251 92 13
251 93 27
251 94 15
251 95 19
251 96 20
251 97 20
251 98 20
251 99 18
251 100 27
251 101 21
251 102 24
251 103 15
251 104 19
251 105 22
251 106 19
251 107 20
251 108 21
251 109 38
251 110 41
251 111 21
251 112 22
251 113 21
251 114 23
251 115 22
251 116 30
251 117 21
251 118 30
251 119 22
251 120 41
251 121 41
276 1 20
276 2 19
276 3 21
276 4 14
276 5 22
276 6 40
276 7 41
276 8 39
276 9 28
276 10 29
276 11 24
276 12 13
276 13 20
276 14 23
276 15 23
276 16 27
276 17 41
276 18 41
276 19 40
276 20 22
276 21 29
276 22 18
276 23 15
276 24 16
276 25 22
276 26 15
276 27 29
276 28 41
276 29 41
276 30 40
276 31 23
276 32 23
276 33 22
276 34 17
276 35 20
276 36 21
276 37 18
276 38 22
276 39 21
276 40 21
276 41 21
276 42 21
276 43 20
276 44 16
276 45 24
276 46 21
276 47 24
276 48 18
276 49 16
276 50 20
276 51 19
276 52 19
276 53 24
276 54 12
276 55 10
276 56 17
276 57 18
276 58 19
276 59 21
276 60 16
276 61 21
276 62 21
276 63 23
276 64 26
276 65 20
276 66 16
276 67 19
276 68 22
276 69 19
276 70 17
276 71 13
276 72 22
276 73 19
276 74 24
276 75 29
276 76 17
276 77 10
276 78 17
276 79 20
276 80 19
276 81 17
276 82 14
276 83 17
276 84 23
276 85 23
276 86 20
276 87 28
276 88 19
276 89 19
276 90 19
276 91 11
276 92 13
276 93 20
276 94 20
276 95 17
276 96 28
276 97 25
276 98 30
276 99 21
276 100 24
276 101 28
276 102 28
276 103 18
276 104 21
276 105 20
276 106 21
276 107 27
276 108 27
276 109 42
276 110 40
276 111 20
276 112 20
276 113 21
276 114 20
276 115 31
276 116 28
276 117 27
276 118 22
276 119 27
276 120 43
276 121 42
301 1 22
301 2 18
301 3 28
301 4 21
301 5 29
301 6 43
301 7 44
301 8 40
301 9 28
301 10 26
301 11 30
301 12 20
301 13 17
301 14 30
301 15 23
301 16 31
301 17 42
301 18 42
301 19 40
301 20 29
301 21 22
301 22 18
301 23 22
301 24 23
301 25 21
301 26 19
301 27 26
301 28 40
301 29 41
301 30 40
301 31 24
301 32 19
301 33 22
301 34 21
301 35 29
301 36 22
301 37 18
301 38 20
301 39 26
301 40 28
301 41 21
301 42 17
301 43 18
301 44 24
301 45 25
301 46 22
301 47 21
301 48 16
301 49 21
301 50 26
301 51 31
301 52 20
301 53 20
301 54 18
301 55 20
301 56 24
301 57 13
301 58 13
301 59 19
301 60 20
301 61 26
301 62 19
301 63 19
301 64 20
301 65 19
301 66 14
301 67 20
301 68 18
301 69 19
301 70 14
301 71 21
301 72 21
301 73 18
301 74 26
301 75 26
301 76 22
301 77 21
301 78 19
301 79 17
301 80 13
301 81 20
301 82 17
301 83 19
301 84 23
301 85 23
301 86 22
301 87 30
301 88 20
301 89 27
301 90 28
301 91 22
301 92 20
301 93 21
301 94 21
301 95 24
301 96 20
301 97 23
301 98 28
301 99 32
301 100 18
301 101 21
301 102 26
301 103 15
301 104 17
301 105 18
301 106 21
301 107 19
301 108 23
301 109 38
301 110 38
301 111 26
301 112 20
301 113 20
301 114 25
301 115 21
301 116 20
301 117 28
301 118 30
301 119 28
301 120 39
301 121 42
326 1 11
326 2 18
326 3 18
326 4 21
326 5 26
326 6 39
326 7 41
326 8 39
326 9 22
326 10 20
326 11 20
326 12 16
326 13 13
326 14 20
326 15 14
326 16 25
326 17 41
326 18 41
326 19 44
326 20 28
326 21 20
326 22 20
326 23 20
326 24 22
326 25 16
326 26 23
326 27 23
326 28 40
326 29 41
326 30 40
326 31 23
326 32 20
326 33 21
326 34 24
326 35 25
326 36 19
326 37 18
326 38 20
326 39 22
326 40 28
326 41 23
326 42 22
326 43 17
326 44 19
326 45 20
326 46 25
326 47 10
326 48 22
326 49 29
326 50 24
326 51 31
326 52 20
326 53 13
326 54 18
326 55 20
326 56 22
326 57 15
326 58 14
326 59 24
326 60 24
326 61 24
326 62 28
326 63 16
326 64 20
326 65 21
326 66 20
326 67 8
326 68 20
326 69 11
326 70 20
326 71 19
326 72 24
326 73 25
326 74 20
326 75 21
326 76 18
326 77 18
326 78 20
326 79 18
326 80 17
326 81 11
326 82 19
326 83 21
326 84 26
326 85 25
326 86 19
326 87 30
326 88 26
326 89 20
326 90 18
326 91 22
326 92 20
326 93 23
326 94 20
326 95 18
326 96 19
326 97 26
326 98 22
326 99 25
326 100 20
326 101 23
326 102 17
326 103 19
326 104 20
326 105 26
326 106 20
326 107 19
326 108 20
326 109 41
326 110 41
326 111 20
326 112 20
326 113 18
326 114 21
326 115 21
326 116 17
326 117 23
326 118 30
326 119 24
326 120 42
326 121 41
351 1 18
351 2 20
351 3 20
351 4 17
351 5 30
351 6 40
351 7 40
351 8 38
351 9 25
351 10 26
351 11 23
351 12 22
351 13 14
351 14 18
351 15 13
351 16 20
351 17 41
351 18 40
351 19 42
351 20 20
351 21 21
351 22 23
351 23 13
351 24 19
351 25 17
351 26 24
351 27 26
351 28 39
351 29 45
351 30 40
351 31 19
351 32 19
351 33 20
351 34 21
351 35 20
351 36 20
351 37 20
351 38 23
351 39 21
351 40 31
351 41 30
351 42 31
351 43 14
351 44 20
351 45 21
351 46 23
351 47 24
351 48 23
351 49 16
351 50 33
351 51 19
351 52 24
351 53 19
351 54 21
351 55 20
351 56 17
351 57 19
351 58 29
351 59 20
351 60 20
351 61 25
351 62 25
351 63 19
351 64 20
351 65 22
351 66 20
351 67 19
351 68 9
351 69 18
351 70 19
351 71 18
351 72 15
351 73 21
351 74 18
351 75 25
351 76 13
351 77 15
351 78 19
351 79 22
351 80 18
351 81 21
351 82 10
351 83 16
351 84 21
351 85 21
351 86 19
351 87 20
351 88 18
351 89 27
351 90 22
351 91 24
351 92 18
351 93 23
351 94 16
351 95 22
351 96 24
351 97 32
351 98 23
351 99 21
351 100 17
351 101 23
351 102 25
351 103 19
351 104 22
351 105 17
351 106 22
351 107 18
351 108 19
351 109 39
351 110 42
351 111 16
351 112 29
351 113 16
351 114 27
351 115 21
351 116 27
351 117 20
351 118 21
351 119 18
351 120 39
351 121 39
376 1 20
376 2 21
376 3 23
376 4 22
376 5 27
376 6 39
376 7 42
376 8 40
376 9 18
376 10 23
376 11 28
376 12 19
376 13 19
376 14 19
376 15 19
376 16 21
376 17 38
376 18 43
376 19 40
376 20 22
376 21 24
376 22 15
376 23 24
376 24 11
376 25 20
376 26 25
376 27 24
376 28 44
376 29 42
376 30 39
376 31 22
376 32 22
376 33 21
376 34 20
376 35 21
376 36 19
376 37 29
376 38 20
376 39 21
376 40 30
376 41 21
376 42 27
376 43 19
376 44 18
376 45 19
376 46 19
376 47 30
376 48 26
376 49 22
376 50 26
376 51 18
376 52 19
376 53 21
376 54 27
376 55 19
376 56 21
376 57 21
376 58 18
376 59 23
376 60 26
376 61 22
376 62 17
376 63 19
376 64 20
376 65 19
376 66 9
376 67 10
376 68 10
376 69 13
376 70 18
376 71 21
376 72 24
376 73 22
376 74 15
376 75 24
376 76 18
376 77 17
376 78 20
376 79 21
376 80 14
376 81 25
376 82 20
376 83 22
376 84 20
376 85 19
376 86 14
376 87 19
376 88 13
376 89 18
376 90 19
376 91 23
376 92 20
376 93 19
376 94 20
376 95 20
376 96 20
376 97 21
376 98 21
376 99 30
376 100 16
376 101 22
376 102 20
376 103 20
376 104 22
376 105 10
376 106 20
376 107 21
376 108 23
376 109 40
376 110 39
376 111 22
376 112 23
376 113 15
376 114 23
376 115 18
376 116 26
376 117 28
376 118 26
376 119 25
376 120 44
376 121 36
401 1 16
401 2 21
401 3 19
401 4 22
401 5 28
401 6 40
401 7 47
401 8 43
401 9 22
401 10 29
401 11 29
401 12 21
401 13 20
401 14 10
401 15 17
401 16 24
401 17 45
401 18 45
401 19 40
401 20 19
401 21 24
401 22 25
401 23 24
401 24 19
401 25 17
401 26 20
401 27 25
401 28 40
401 29 43
401 30 38
401 31 18
401 32 16
401 33 23
401 34 10
401 35 20
401 36 22
401 37 23
401 38 20
401 39 31
401 40 22
401 41 18
401 42 19
401 43 10
401 44 16
401 45 19
401 46 13
401 47 20
401 48 22
401 49 22
401 50 27
401 51 21
401 52 21
401 53 20
401 54 15
401 55 16
401 56 14
401 57 19
401 58 22
401 59 31
401 60 20
401 61 22
401 62 19
401 63 24
401 64 30
401 65 21
401 66 11
401 67 17
401 68 15
401 69 25
401 70 21
401 71 20
401 72 20
401 73 20
401 74 29
401 75 23
401 76 24
401 77 20
401 78 23
401 79 17
401 80 13
401 81 30
401 82 11
401 83 19
401 84 14
401 85 14
401 86 14
401 87 30
401 88 23
401 89 20
401 90 19
401 91 18
401 92 22
401 93 21
401 94 14
401 95 17
401 96 18
401 97 21
401 98 26
401 99 25
401 100 21
401 101 20
401 102 16
401 103 23
401 104 17
401 105 19
401 106 21
401 107 20
401 108 21
401 109 38
401 110 42
401 111 17
401 112 12
401 113 20
401 114 21
401 115 20
401 116 25
401 117 20
401 118 21
401 119 19
401 120 40
401 121 43
426 1 19
426 2 18
426 3 14
426 4 20
426 5 24
426 6 40
426 7 42
426 8 41
426 9 20
426 10 28
426 11 27
426 12 20
426 13 16
426 14 23
426 15 19
426 16 25
426 17 43
426 18 42
426 19 43
426 20 25
426 21 22
426 22 19
426 23 21
426 24 20
426 25 17
426 26 20
426 27 30
426 28 42
426 29 41
426 30 41
426 31 24
426 32 31
426 33 26
426 34 19
426 35 13
426 36 20
426 37 21
426 38 21
426 39 30
426 40 27
426 41 30
426 42 21
426 43 21
426 44 20
426 45 20
426 46 20
426 47 19
426 48 24
426 49 21
426 50 22
426 51 29
426 52 26
426 53 20
426 54 9
426 55 20
426 56 12
426 57 10
426 58 21
426 59 20
426 60 20
426 61 26
426 62 24
426 63 29
426 64 32
426 65 21
426 66 20
426 67 21
426 68 17
426 69 13
426 70 22
426 71 20
426 72 18
426 73 22
426 74 23
426 75 23
426 76 20
426 77 20
426 78 22
426 79 22
426 80 20
426 81 20
426 82 12
426 83 21
426 84 20
426 85 21
426 86 20
426 87 22
426 88 17
426 89 21
426 90 19
426 91 24
426 92 20
426 93 20
426 94 21
426 95 20
426 96 20
426 97 21
426 98 20
426 99 22
426 100 16
426 101 9
426 102 21
426 103 24
426 104 18
426 105 17
426 106 20
426 107 20
426 108 18
426 109 40
426 110 39
426 111 18
426 112 10
426 113 18
426 114 18
426 115 19
426 116 20
426 117 21
426 118 22
426 119 21
426 120 41
426 121 40
451 1 23
451 2 21
451 3 24
451 4 23
451 5 24
451 6 41
451 7 43
451 8 40
451 9 20
451 10 17
451 11 22
451 12 20
451 13 20
451 14 20
451 15 20
451 16 29
451 17 40
451 18 42
451 19 42
451 20 23
451 21 21
451 22 18
451 23 23
451 24 24
451 25 28
451 26 20
451 27 29
451 28 41
451 29 43
451 30 42
451 31 26
451 32 27
451 33 19
451 34 20
451 35 22
451 36 26
451 37 26
451 38 20
451 39 25
451 40 21
451 41 23
451 42 21
451 43 20
451 44 30
451 45 16
451 46 27
451 47 26
451 48 24
451 49 30
451 50 21
451 51 25
451 52 24
451 53 26
451 54 19
451 55 14
451 56 18
451 57 17
451 58 33
451 59 21
451 60 23
451 61 29
451 62 19
451 63 22
451 64 24
451 65 21
451 66 16
451 67 15
451 68 12
451 69 22
451 70 20
451 71 20
451 72 24
451 73 21
451 74 18
451 75 23
451 76 22
451 77 19
451 78 20
451 79 23
451 80 20
451 81 20
451 82 19
451 83 22
451 84 20
451 85 17
451 86 20
451 87 20
451 88 19
451 89 30
451 90 20
451 91 25
451 92 20
451 93 29
451 94 14
451 95 20
451 96 13
451 97 20
451 98 31
451 99 27
451 100 28
451 101 20
451 102 22
451 103 19
451 104 19
451 105 20
451 106 26
451 107 19
451 108 19
451 109 40
451 110 41
451 111 28
451 112 21
451 113 21
451 114 21
451 115 19
451 116 24
451 117 30
451 118 17
451 119 21
451 120 38
451 121 43
476 1 25
476 2 19
476 3 17
476 4 21
476 5 29
476 6 39
476 7 42
476 8 39
476 9 22
476 10 21
476 11 24
476 12 21
476 13 21
476 14 18
476 15 18
476 16 28
476 17 41
476 18 43
476 19 40
476 20 29
476 21 27
476 22 23
476 23 20
476 24 20
476 25 23
476 26 27
476 27 26
476 28 44
476 29 40
476 30 41
476 31 22
476 32 19
476 33 21
476 34 20
476 35 20
476 36 20
476 37 19
476 38 24
476 39 22
476 40 27
476 41 20
476 42 31
476 43 11
476 44 22
476 45 20
476 46 20
476 47 19
476 48 24
476 49 23
476 50 23
476 51 26
476 52 27
476 53 25
476 54 20
476 55 17
476 56 14
476 57 19
476 58 24
476 59 17
476 60 17
476 61 29
476 62 24
476 63 30
476 64 26
476 65 24
476 66 20
476 67 19
476 68 23
476 69 10
476 70 14
476 71 20
476 72 20
476 73 25
476 74 18
476 75 25
476 76 20
476 77 15
476 78 14
476 79 16
476 80 18
476 81 20
476 82 16
476 83 20
476 84 20
476 85 21
476 86 19
476 87 24
476 88 17
476 89 22
476 90 20
476 91 20
476 92 21
476 93 19
476 94 19
476 95 23
476 96 19
476 97 20
476 98 28
476 99 28
476 100 20
476 101 21
476 102 16
476 103 22
476 104 11
476 105 18
476 106 18
476 107 19
476 108 20
476 109 38
476 110 40
476 111 20
476 112 19
476 113 21
476 114 20
476 115 21
476 116 23
476 117 17
476 118 18
476 119 21
476 120 40
476 121 40
501 1 21
501 2 25
501 3 19
501 4 25
501 5 28
501 6 39
501 7 40
501 8 40
501 9 26
501 10 21
501 11 21
501 12 17
501 13 22
501 14 18
501 15 18
501 16 25
501 17 42
501 18 44
501 19 39
501 20 23
501 21 21
501 22 20
501 23 23
501 24 24
501 25 22
501 26 20
501 27 28
501 28 40
501 29 40
501 30 41
501 31 25
501 32 15
501 33 16
501 34 15
501 35 19
501 36 12
501 37 15
501 38 20
501 39 23
501 40 30
501 41 26
501 42 25
501 43 21
501 44 22
501 45 22
501 46 27
501 47 19
501 48 27
501 49 25
501 50 17
501 51 23
501 52 20
501 53 30
501 54 21
501 55 15
501 56 26
501 57 27
501 58 27
501 59 21
501 60 21
501 61 20
501 62 22
501 63 30
501 64 20
501 65 21
501 66 20
501 67 16
501 68 17
501 69 12
501 70 24
501 71 22
501 72 24
501 73 31
501 74 24
501 75 30
501 76 22
501 77 21
501 78 20
501 79 20
501 80 20
501 81 18
501 82 18
501 83 27
501 84 25
501 85 26
501 86 18
501 87 23
501 88 16
501 89 20
501 90 20
501 91 20
501 92 22
501 93 18
501 94 20
501 95 25
501 96 18
501 97 21
501 98 24
501 99 24
501 100 23
501 101 19
501 102 17
501 103 20
501 104 11
501 105 23
501 106 16
501 107 19
501 108 31
501 109 40
501 110 42
501 111 22
501 112 23
501 113 17
501 114 18
501 115 19
501 116 20
501 117 26
501 118 25
501 119 20
501 120 38
501 121 42
526 1 24
526 2 26
526 3 19
526 4 21
526 5 30
526 6 40
526 7 39
526 8 41
526 9 21
526 10 18
526 11 21
526 12 21
526 13 25
526 14 13
526 15 18
526 16 30
526 17 42
526 18 41
526 19 40
526 20 19
526 21 20
526 22 21
526 23 25
526 24 19
526 25 20
526 26 20
526 27 26
526 28 41
526 29 41
526 30 40
526 31 20
526 32 19
526 33 21
526 34 21
526 35 19
526 36 21
526 37 20
526 38 26
526 39 21
526 40 29
526 41 26
526 42 21
526 43 19
526 44 17
526 45 26
526 46 23
526 47 26
526 48 20
526 49 23
526 50 25
526 51 27
526 52 16
526 53 24
526 54 19
526 55 18
526 56 14
526 57 20
526 58 26
526 59 15
526 60 26
526 61 20
526 62 20
526 63 26
526 64 22
526 65 20
526 66 28
526 67 20
526 68 27
526 69 20
526 70 18
526 71 24
526 72 20
526 73 26
526 74 23
526 75 26
526 76 22
526 77 18
526 78 20
526 79 22
526 80 20
526 81 18
526 82 18
526 83 19
526 84 22
526 85 20
526 86 19
526 87 19
526 88 19
526 89 28
526 90 24
526 91 17
526 92 25
526 93 19
526 94 20
526 95 22
526 96 20
526 97 21
526 98 21
526 99 27
526 100 20
526 101 20
526 102 24
526 103 19
526 104 18
526 105 19
526 106 22
526 107 19
526 108 24
526 109 44
526 110 37
526 111 23
526 112 19
526 113 23
526 114 19
526 115 25
526 116 20
526 117 23
526 118 23
526 119 21
526 120 39
526 121 39
551 1 20
551 2 17
551 3 21
551 4 21
551 5 30
551 6 43
551 7 41
551 8 40
551 9 30
551 10 23
551 11 31
551 12 14
551 13 20
551 14 19
551 15 20
551 16 26
551 17 42
551 18 45
551 19 43
551 20 27
551 21 30
551 22 14
551 23 21
551 24 23
551 25 20
551 26 21
551 27 29
551 28 43
551 29 44
551 30 41
551 31 26
551 32 20
551 33 17
551 34 25
551 35 28
551 36 20
551 37 24
551 38 17
551 39 24
551 40 30
551 41 29
551 42 19
551 43 20
551 44 12
551 45 22
551 46 20
551 47 26
551 48 24
551 49 17
551 50 21
551 51 32
551 52 19
551 53 19
551 54 21
551 55 19
551 56 19
551 57 20
551 58 18
551 59 22
551 60 21
551 61 24
551 62 24
551 63 21
551 64 19
551 65 20
551 66 20
551 67 19
551 68 21
551 69 20
551 70 18
551 71 18
551 72 17
551 73 22
551 74 18
551 75 18
551 76 26
551 77 20
551 78 20
551 79 20
551 80 22
551 81 20
551 82 25
551 83 27
551 84 20
551 85 22
551 86 22
551 87 20
551 88 22
551 89 23
551 90 13
551 91 19
551 92 23
551 93 18
551 94 21
551 95 15
551 96 20
551 97 24
551 98 20
551 99 24
551 100 18
551 101 14
551 102 21
551 103 19
551 104 23
551 105 17
551 106 21
551 107 24
551 108 20
551 109 41
551 110 39
551 111 21
551 112 16
551 113 18
551 114 18
551 115 18
551 116 22
551 117 30
551 118 20
551 119 24
551 120 40
551 121 40
576 1 26
576 2 20
576 3 16
576 4 22
576 5 25
576 6 43
576 7 44
576 8 42
576 9 31
576 10 28
576 11 23
576 12 18
576 13 27
576 14 20
576 15 21
576 16 31
576 17 41
576 18 42
576 19 42
576 20 25
576 21 29
576 22 20
576 23 21
576 24 20
576 25 20
576 26 20
576 27 20
576 28 37
576 29 44
576 30 41
576 31 21
576 32 24
576 33 16
576 34 17
576 35 22
576 36 21
576 37 15
576 38 20
576 39 24
576 40 25
576 41 20
576 42 21
576 43 15
576 44 13
576 45 19
576 46 20
576 47 20
576 48 21
576 49 20
576 50 20
576 51 24
576 52 22
576 53 24
576 54 15
576 55 19
576 56 20
576 57 20
576 58 20
576 59 17
576 60 17
576 61 21
576 62 24
576 63 21
576 64 18
576 65 20
576 66 16
576 67 19
576 68 23
576 69 21
576 70 15
576 71 20
576 72 19
576 73 23
576 74 20
576 75 19
576 76 21
576 77 24
576 78 17
576 79 20
576 80 18
576 81 23
576 82 19
576 83 19
576 84 15
576 85 19
576 86 22
576 87 21
576 88 21
576 89 19
576 90 17
576 91 14
576 92 14
576 93 21
576 94 18
576 95 19
576 96 16
576 97 30
576 98 21
576 99 19
576 100 18
576 101 20
576 102 19
576 103 19
576 104 23
576 105 19
576 106 23
576 107 24
576 108 22
576 109 41
576 110 38
576 111 22
576 112 21
576 113 21
576 114 19
576 115 21
576 116 27
576 117 21
576 118 28
576 119 24
576 120 41
576 121 40
601 1 22
601 2 21
601 3 21
601 4 22
601 5 22
601 6 40
601 7 41
601 8 38
601 9 28
601 10 22
601 11 24
601 12 18
601 13 19
601 14 21
601 15 16
601 16 25
601 17 44
601 18 39
601 19 38
601 20 18
601 21 22
601 22 20
601 23 20
601 24 28
601 25 20
601 26 21
601 27 23
601 28 38
601 29 40
601 30 39
601 31 29
601 32 19
601 33 15
601 34 14
601 35 18
601 36 20
601 37 15
601 38 20
601 39 20
601 40 21
601 41 32
601 42 28
601 43 22
601 44 12
601 45 14
601 46 21
601 47 21
601 48 28
601 49 21
601 50 20
601 51 19
601 52 16
601 53 22
601 54 21
601 55 17
601 56 19
601 57 21
601 58 20
601 59 17
601 60 10
601 61 22
601 62 19
601 63 20
601 64 18
601 65 15
601 66 21
601 67 21
601 68 20
601 69 21
601 70 19
601 71 25
601 72 16
601 73 20
601 74 19
601 75 20
601 76 20
601 77 21
601 78 24
601 79 20
601 80 22
601 81 22
601 82 22
601 83 21
601 84 10
601 85 17
601 86 18
601 87 21
601 88 23
601 89 19
601 90 29
601 91 20
601 92 24
601 93 23
601 94 19
601 95 14
601 96 16
601 97 30
601 98 22
601 99 27
601 100 22
601 101 10
601 102 19
601 103 14
601 104 22
601 105 19
601 106 22
601 107 17
601 108 29
601 109 37
601 110 42
601 111 21
601 112 22
601 113 17
601 114 14
601 115 24
601 116 21
601 117 25
601 118 24
601 119 27
601 120 41
601 121 43
626 1 33
626 2 23
626 3 18
626 4 21
626 5 22
626 6 39
626 7 43
626 8 38
626 9 29
626 10 23
626 11 20
626 12 20
626 13 20
626 14 20
626 15 18
626 16 21
626 17 41
626 18 43
626 19 45
626 20 31
626 21 27
626 22 20
626 23 17
626 24 15
626 25 21
626 26 22
626 27 28
626 28 41
626 29 43
626 30 40
626 31 21
626 32 18
626 33 23
626 34 11
626 35 20
626 36 19
626 37 18
626 38 23
626 39 27
626 40 28
626 41 27
626 42 19
626 43 12
626 44 18
626 45 16
626 46 21
626 47 17
626 48 14
626 49 21
626 50 22
626 51 26
626 52 24
626 53 21
626 54 22
626 55 19
626 56 24
626 57 19
626 58 19
626 59 22
626 60 14
626 61 20
626 62 17
626 63 33
626 64 13
626 65 21
626 66 20
626 67 16
626 68 22
626 69 21
626 70 17
626 71 20
626 72 20
626 73 21
626 74 19
626 75 18
626 76 20
626 77 17
626 78 23
626 79 27
626 80 27
626 81 19
626 82 21
626 83 26
626 84 18
626 85 20
626 86 20
626 87 24
626 88 22
626 89 24
626 90 24
626 91 19
626 92 20
626 93 25
626 94 21
626 95 20
626 96 21
626 97 21
626 98 30
626 99 29
626 100 18
626 101 19
626 102 15
626 103 20
626 104 19
626 105 20
626 106 23
626 107 29
626 108 25
626 109 43
626 110 43
626 111 21
626 112 16
626 113 21
626 114 18
626 115 23
626 116 26
626 117 22
626 118 27
626 119 20
626 120 42
626 121 40
651 1 24
651 2 19
651 3 24
651 4 22
651 5 25
651 6 42
651 7 41
651 8 42
651 9 27
651 10 29
651 11 20
651 12 20
651 13 21
651 14 20
651 15 17
651 16 25
651 17 44
651 18 42
651 19 41
651 20 29
651 21 29
651 22 21
651 23 19
651 24 23
651 25 23
651 26 25
651 27 24
651 28 42
651 29 41
651 30 44
651 31 22
651 32 15
651 33 22
651 34 17
651 35 21
651 36 22
651 37 25
651 38 22
651 39 28
651 40 27
651 41 21
651 42 20
651 43 9
651 44 15
651 45 20
651 46 19
651 47 21
651 48 18
651 49 20
651 50 23
651 51 23
651 52 24
651 53 19
651 54 21
651 55 22
651 56 24
651 57 23
651 58 22
651 59 19
651 60 20
651 61 22
651 62 19
651 63 21
651 64 19
651 65 23
651 66 27
651 67 16
651 68 20
651 69 23
651 70 21
651 71 22
651 72 23
651 73 25
651 74 22
651 75 21
651 76 20
651 77 21
651 78 21
651 79 22
651 80 21
651 81 18
651 82 14
651 83 21
651 84 21
651 85 21
651 86 21
651 87 19
651 88 16
651 89 25
651 90 28
651 91 23
651 92 24
651 93 20
651 94 19
651 95 21
651 96 23
651 97 22
651 98 27
651 99 19
651 100 22
651 101 20
651 102 21
651 103 16
651 104 22
651 105 21
651 106 23
651 107 20
651 108 28
651 109 42
651 110 41
651 111 20
651 112 25
651 113 19
651 114 22
651 115 20
651 116 21
651 117 23
651 118 29
651 119 27
651 120 41
651 121 41
676 1 22
676 2 20
676 3 28
676 4 20
676 5 28
676 6 40
676 7 40
676 8 42
676 9 29
676 10 21
676 11 21
676 12 21
676 13 20
676 14 23
676 15 10
676 16 29
676 17 41
676 18 44
676 19 41
676 20 20
676 21 27
676 22 23
676 23 20
676 24 23
676 25 14
676 26 24
676 27 21
676 28 39
676 29 45
676 30 43
676 31 31
676 32 22
676 33 19
676 34 20
676 35 20
676 36 20
676 37 26
676 38 20
676 39 25
676 40 28
676 41 22
676 42 18
676 43 20
676 44 17
676 45 23
676 46 18
676 47 19
676 48 22
676 49 20
676 50 12
676 51 28
676 52 20
676 53 23
676 54 12
676 55 22
676 56 21
676 57 22
676 58 14
676 59 18
676 60 23
676 61 21
676 62 19
676 63 32
676 64 22
676 65 26
676 66 22
676 67 20
676 68 18
676 69 20
676 70 19
676 71 21
676 72 21
676 73 29
676 74 22
676 75 29
676 76 20
676 77 20
676 78 20
676 79 19
676 80 28
676 81 20
676 82 20
676 83 22
676 84 21
676 85 18
676 86 18
676 87 23
676 88 21
676 89 21
676 90 20
676 91 20
676 92 24
676 93 20
676 94 18
676 95 18
676 96 20
676 97 27
676 98 25
676 99 20
676 100 18
676 101 18
676 102 25
676 103 22
676 104 25
676 105 20
676 106 21
676 107 20
676 108 26
676 109 37
676 110 41
676 111 21
676 112 24
676 113 20
676 114 27
676 115 22
676 116 20
676 117 22
676 118 31
676 119 22
676 120 39
676 121 39
701 1 21
701 2 21
701 3 19
701 4 22
701 5 21
701 6 41
701 7 41
701 8 40
701 9 32
701 10 27
701 11 20
701 12 20
701 13 23
701 14 20
701 15 24
701 16 30
701 17 39
701 18 43
701 19 41
701 20 34
701 21 21
701 22 20
701 23 16
701 24 19
701 25 19
701 26 20
701 27 29
701 28 41
701 29 43
701 30 40
701 31 22
701 32 22
701 33 16
701 34 19
701 35 21
701 36 13
701 37 15
701 38 24
701 39 22
701 40 28
701 41 25
701 42 19
701 43 19
701 44 20
701 45 19
701 46 21
701 47 17
701 48 18
701 49 26
701 50 21
701 51 30
701 52 21
701 53 20
701 54 14
701 55 19
701 56 20
701 57 15
701 58 20
701 59 21
701 60 22
701 61 20
701 62 23
701 63 25
701 64 22
701 65 19
701 66 20
701 67 17
701 68 20
701 69 22
701 70 28
701 71 24
701 72 22
701 73 20
701 74 20
701 75 31
701 76 23
701 77 23
701 78 20
701 79 25
701 80 21
701 81 20
701 82 16
701 83 22
701 84 20
701 85 23
701 86 20
701 87 30
701 88 22
701 89 23
701 90 28
701 91 19
701 92 20
701 93 24
701 94 18
701 95 21
701 96 18
701 97 27
701 98 29
701 99 29
701 100 21
701 101 20
701 102 22
701 103 18
701 104 20
701 105 20
701 106 25
701 107 20
701 108 21
701 109 41
701 110 38
701 111 16
701 112 21
701 113 24
701 114 20
701 115 20
701 116 22
701 117 31
701 118 31
701 119 26
701 120 41
701 121 40
726 1 23
726 2 21
726 3 24
726 4 30
726 5 24
726 6 42
726 7 42
726 8 41
726 9 26
726 10 24
726 11 22
726 12 19
726 13 22
726 14 25
726 15 16
726 16 20
726 17 42
726 18 40
726 19 40
726 20 29
726 21 23
726 22 25
726 23 25
726 24 20
726 25 19
726 26 25
726 27 27
726 28 40
726 29 39
726 30 38
726 31 22
726 32 21
726 33 12
726 34 22
726 35 30
726 36 18
726 37 17
726 38 22
726 39 24
726 40 25
726 41 20
726 42 23
726 43 22
726 44 28
726 45 22
726 46 19
726 47 20
726 48 19
726 49 27
726 50 15
726 51 19
726 52 26
726 53 27
726 54 22
726 55 12
726 56 19
726 57 20
726 58 22
726 59 23
726 60 22
726 61 22
726 62 18
726 63 26
726 64 29
726 65 30
726 66 16
726 67 16
726 68 24
726 69 27
726 70 19
726 71 19
726 72 20
726 73 20
726 74 23
726 75 29
726 76 26
726 77 23
726 78 25
726 79 21
726 80 22
726 81 20
726 82 18
726 83 20
726 84 18
726 85 21
726 86 27
726 87 20
726 88 22
726 89 29
726 90 20
726 91 19
726 92 17
726 93 24
726 94 23
726 95 26
726 96 19
726 97 24
726 98 25
726 99 29
726 100 18
726 101 23
726 102 20
726 103 20
726 104 22
726 105 23
726 106 24
726 107 30
726 108 22
726 109 37
726 110 40
726 111 18
726 112 20
726 113 24
726 114 20
726 115 20
726 116 23
726 117 30
726 118 28
726 119 25
726 120 38
726 121 39
751 1 19
751 2 21
751 3 18
751 4 23
751 5 30
751 6 44
751 7 43
751 8 43
751 9 24
751 10 26
751 11 20
751 12 19
751 13 19
751 14 19
751 15 23
751 16 34
751 17 42
751 18 40
751 19 40
751 20 23
751 21 30
751 22 19
751 23 18
751 24 21
751 25 20
751 26 27
751 27 21
751 28 42
751 29 39
751 30 40
751 31 22
751 32 18
751 33 19
751 34 18
751 35 17
751 36 21
751 37 22
751 38 20
751 39 22
751 40 19
751 41 20
751 42 22
751 43 17
751 44 21
751 45 24
751 46 28
751 47 28
751 48 20
751 49 19
751 50 17
751 51 18
751 52 15
751 53 20
751 54 21
751 55 22
751 56 26
751 57 19
751 58 31
751 59 17
751 60 19
751 61 22
751 62 15
751 63 29
751 64 19
751 65 24
751 66 16
751 67 17
751 68 29
751 69 20
751 70 23
751 71 21
751 72 11
751 73 17
751 74 14
751 75 29
751 76 22
751 77 22
751 78 19
751 79 18
751 80 23
751 81 21
751 82 18
751 83 17
751 84 15
751 85 19
751 86 23
751 87 27
751 88 23
751 89 24
751 90 23
751 91 25
751 92 26
751 93 20
751 94 20
751 95 21
751 96 19
751 97 27
751 98 23
751 99 22
751 100 21
751 101 24
751 102 22
751 103 20
751 104 22
751 105 20
751 106 20
751 107 29
751 108 28
751 109 42
751 110 46
751 111 19
751 112 21
751 113 22
751 114 18
751 115 21
751 116 26
751 117 23
751 118 22
751 119 32
751 120 40
751 121 42
776 1 20
776 2 19
776 3 22
776 4 21
776 5 27
776 6 39
776 7 40
776 8 44
776 9 26
776 10 21
776 11 19
776 12 20
776 13 23
776 14 17
776 15 23
776 16 24
776 17 44
776 18 39
776 19 40
776 20 26
776 21 20
776 22 21
776 23 19
776 24 24
776 25 20
776 26 21
776 27 25
776 28 43
776 29 41
776 30 40
776 31 30
776 32 20
776 33 15
776 34 19
776 35 20
776 36 26
776 37 22
776 38 25
776 39 29
776 40 18
776 41 30
776 42 18
776 43 17
776 44 9
776 45 20
776 46 26
776 47 26
776 48 28
776 49 20
776 50 21
776 51 19
776 52 24
776 53 17
776 54 10
776 55 19
776 56 21
776 57 20
776 58 28
776 59 22
776 60 21
776 61 26
776 62 22
776 63 19
776 64 19
776 65 20
776 66 12
776 67 19
776 68 25
776 69 20
776 70 20
776 71 17
776 72 20
776 73 18
776 74 18
776 75 25
776 76 18
776 77 21
776 78 20
776 79 22
776 80 20
776 81 21
776 82 21
776 83 18
776 84 20
776 85 17
776 86 17
776 87 22
776 88 24
776 89 22
776 90 29
776 91 23
776 92 18
776 93 21
776 94 20
776 95 20
776 96 20
776 97 28
776 98 21
776 99 22
776 100 19
776 101 23
776 102 20
776 103 19
776 104 22
776 105 20
776 106 27
776 107 24
776 108 27
776 109 40
776 110 40
776 111 21
776 112 21
776 113 21
776 114 19
776 115 25
776 116 30
776 117 28
776 118 28
776 119 28
776 120 40
776 121 38
801 1 26
801 2 26
801 3 21
801 4 20
801 5 29
801 6 39
801 7 41
801 8 37
801 9 25
801 10 22
801 11 25
801 12 21
801 13 23
801 14 22
801 15 20
801 16 30
801 17 41
801 18 45
801 19 42
801 20 23
801 21 24
801 22 20
801 23 20
801 24 9
801 25 20
801 26 20
801 27 30
801 28 39
801 29 43
801 30 39
801 31 23
801 32 23
801 33 21
801 34 17
801 35 19
801 36 15
801 37 22
801 38 26
801 39 27
801 40 35
801 41 27
801 42 24
801 43 15
801 44 12
801 45 20
801 46 13
801 47 24
801 48 20
801 49 22
801 50 20
801 51 20
801 52 21
801 53 20
801 54 13
801 55 17
801 56 19
801 57 20
801 58 13
801 59 21
801 60 21
801 61 20
801 62 22
801 63 18
801 64 22
801 65 21
801 66 17
801 67 20
801 68 18
801 69 23
801 70 14
801 71 11
801 72 17
801 73 9
801 74 17
801 75 20
801 76 16
801 77 17
801 78 21
801 79 18
801 80 23
801 81 18
801 82 22
801 83 19
801 84 19
801 85 20
801 86 21
801 87 22
801 88 21
801 89 27
801 90 25
801 91 27
801 92 20
801 93 13
801 94 21
801 95 20
801 96 25
801 97 21
801 98 32
801 99 22
801 100 22
801 101 20
801 102 18
801 103 20
801 104 20
801 105 19
801 106 21
801 107 29
801 108 27
801 109 36
801 110 40
801 111 21
801 112 24
801 113 23
801 114 10
801 115 24
801 116 21
801 117 30
801 118 25
801 119 33
801 120 42
801 121 43
826 1 20
826 2 18
826 3 17
826 4 22
826 5 24
826 6 42
826 7 41
826 8 38
826 9 22
826 10 28
826 11 27
826 12 11
826 13 10
826 14 20
826 15 20
826 16 27
826 17 40
826 18 40
826 19 42
826 20 28
826 21 24
826 22 20
826 23 11
826 24 13
826 25 20
826 26 23
826 27 31
826 28 39
826 29 41
826 30 40
826 31 24
826 32 23
826 33 20
826 34 11
826 35 18
826 36 12
826 37 20
826 38 25
826 39 22
826 40 28
826 41 29
826 42 25
826 43 21
826 44 20
826 45 22
826 46 11
826 47 20
826 48 24
826 49 22
826 50 22
826 51 20
826 52 25
826 53 23
826 54 19
826 55 20
826 56 20
826 57 18
826 58 18
826 59 20
826 60 17
826 61 30
826 62 25
826 63 21
826 64 22
826 65 20
826 66 20
826 67 20
826 68 15
826 69 21
826 70 15
826 71 20
826 72 25
826 73 20
826 74 13
826 75 25
826 76 20
826 77 20
826 78 22
826 79 20
826 80 31
826 81 17
826 82 16
826 83 23
826 84 12
826 85 22
826 86 21
826 87 21
826 88 20
826 89 22
826 90 19
826 91 18
826 92 19
826 93 20
826 94 20
826 95 24
826 96 18
826 97 28
826 98 24
826 99 20
826 100 27
826 101 21
826 102 18
826 103 21
826 104 23
826 105 23
826 106 21
826 107 25
826 108 31
826 109 40
826 110 40
826 111 19
826 112 20
826 113 23
826 114 18
826 115 24
826 116 23
826 117 22
826 118 32
826 119 29
826 120 42
826 121 38
851 1 21
851 2 19
851 3 21
851