1 5060
26 2055
51 2390
76 2756
101 2972
126 3000
151 2928
176 2913
201 2987
226 3021
251 2917
276 2950
301 2919
326 2977
351 2929
376 2987
401 3049
426 2957
451 2900
476 2975
501 2977
526 2928
551 2954
576 2960
601 2948
626 2933
651 2970
676 2927
701 2942
726 2937
751 2949
776 3003
801 2986
826 2995
851 2969
876 2907
901 2906
926 3083
951 2973
976 2950
1001 2962
1026 2985
1051 2970
1076 2951
1101 3003
1126 2937
1151 3004
1176 2962
1201 2951
1226 2981
1251 2985
1276 2902
1301 3024
1326 2931
1351 2953
1376 2963
1401 2979
1426 2960
1451 2936
1476 2938
1501 2915
1526 2926
1551 2974
1576 3001
1601 3029
1626 2933
1651 2901
1676 2962
1701 2942
1726 3004
1751 2963
1776 2927
1801 2946
1826 2949
1851 2952
1876 3009
1901 2939
1926 2925
1951 2953
1976 3023
