1 5324
26 3661
51 3728
76 3725
101 3714
126 3759
151 3739
176 3749
201 3699
226 3653
251 3733
276 3770
301 3721
326 3762
351 3743
376 3672
401 3717
426 3725
451 3741
476 3750
501 3711
526 3751
551 3706
576 3694
601 3700
626 3746
651 3693
676 3730
701 3777
726 3713
751 3746
776 3701
801 3697
826 3760
851 3760
876 3774
901 3675
926 3786
951 3700
976 3673
1001 3697
1026 3688
1051 3738
1076 3685
1101 3681
1126 3677
1151 3705
1176 3689
1201 3651
1226 3696
1251 3709
1276 3636
1301 3771
1326 3686
1351 3712
1376 3634
1401 3695
1426 3669
1451 3743
1476 3664
1501 3818
1526 3666
1551 3674
1576 3729
1601 3670
1626 3698
1651 3655
1676 3727
1701 3684
1726 3799
1751 3637
1776 3690
1801 3706
1826 3704
1851 3676
1876 3722
1901 3746
1926 3679
1951 3773
1976 3744
