1 4614
26 3043
51 3044
76 3019
101 3026
126 2991
151 3042
176 2997
201 3008
226 3021
251 3020
276 3060
301 3054
326 2978
351 2979
376 3060
401 3003
426 3067
451 2987
476 2979
501 3016
526 2969
551 3022
576 3043
601 2991
626 3004
651 2999
676 3012
701 3027
726 2985
751 3023
776 3026
801 2982
826 2943
851 2975
876 3057
901 2978
926 2980
951 2985
976 2946
1001 2967
1026 3009
1051 3000
1076 2986
1101 3006
1126 2967
1151 2978
1176 2963
1201 2967
1226 3014
1251 2971
1276 2955
1301 2999
1326 3036
1351 3012
1376 2955
1401 2985
1426 2989
1451 2981
1476 2977
1501 2962
1526 2984
1551 2973
1576 2949
1601 2977
1626 2960
1651 3010
1676 2987
1701 3018
1726 2990
1751 2962
1776 3005
1801 2973
1826 3002
1851 2998
1876 2972
1901 3007
1926 2979
1951 2993
1976 2933
