1 4294
26 2815
51 2860
76 2844
101 2852
126 2877
151 2812
176 2802
201 2816
226 2790
251 2802
276 2792
301 2796
326 2831
351 2816
376 2817
401 2815
426 2780
451 2786
476 2771
501 2747
526 2801
551 2827
576 2797
601 2819
626 2775
651 2799
676 2804
701 2737
726 2813
751 2794
776 2795
801 2846
826 2802
851 2781
876 2794
901 2786
926 2807
951 2770
976 2792
1001 2797
1026 2763
1051 2797
1076 2791
1101 2804
1126 2822
1151 2733
1176 2790
1201 2762
1226 2773
1251 2783
1276 2794
1301 2817
1326 2797
1351 2756
1376 2748
1401 2839
1426 2787
1451 2750
1476 2768
1501 2753
1526 2852
1551 2768
1576 2824
1601 2802
1626 2770
1651 2790
1676 2731
1701 2794
1726 2800
1751 2771
1776 2802
1801 2786
1826 2773
1851 2798
1876 2737
1901 2826
1926 2867
1951 2808
1976 2831
