1 89
26 87
51 92
76 87
101 86
126 83
151 87
176 88
201 86
226 88
251 84
276 90
301 85
326 85
351 89
376 86
401 85
426 87
451 84
476 86
501 87
526 87
551 92
576 86
601 88
626 83
651 85
676 89
701 83
726 84
751 90
776 86
801 92
826 87
851 89
876 85
901 85
926 84
951 87
976 88
1001 81
1026 84
1051 85
1076 84
1101 87
1126 83
1151 85
1176 82
1201 81
1226 85
1251 80
1276 83
1301 87
1326 87
1351 84
1376 81
1401 85
1426 85
1451 85
1476 92
1501 87
1526 86
1551 88
1576 84
1601 86
1626 87
1651 84
1676 85
1701 84
1726 83
1751 84
1776 87
1801 86
1826 87
1851 87
1876 83
1901 86
1926 84
1951 82
1976 89
