1 4740
26 3187
51 3176
76 3159
101 3169
126 3172
151 3218
176 3147
201 3218
226 3190
251 3183
276 3213
301 3118
326 3101
351 3162
376 3079
401 3118
426 3146
451 3199
476 3095
501 3167
526 3173
551 3108
576 3150
601 3124
626 3141
651 3112
676 3058
701 3149
726 3188
751 3102
776 3103
801 3117
826 3125
851 3099
876 3193
901 3172
926 3151
951 3140
976 3111
1001 3112
1026 3126
1051 3114
1076 3145
1101 3174
1126 3067
1151 3149
1176 3164
1201 3161
1226 3141
1251 3112
1276 3105
1301 3131
1326 3073
1351 3121
1376 3141
1401 3117
1426 3194
1451 3183
1476 3161
1501 3127
1526 3100
1551 3118
1576 3115
1601 3108
1626 3165
1651 3093
1676 3124
1701 3174
1726 3078
1751 3098
1776 3122
1801 3111
1826 3088
1851 3141
1876 3200
1901 3121
1926 3136
1951 3181
1976 3158
