1 5137
26 5287
51 5221
76 4858
101 4917
126 5317
151 5066
176 4837
201 4849
226 5168
251 5067
276 5027
301 4883
326 5053
351 5047
376 5041
401 4854
426 4929
451 5163
476 5086
501 4972
526 4918
551 5192
576 5109
601 4983
626 4929
651 4910
676 5049
701 5038
726 5034
751 4881
776 4881
801 4944
826 4901
851 4987
876 4934
901 4955
926 4951
951 4982
976 4970
1001 5047
1026 5073
1051 4923
1076 4952
1101 4925
1126 4875
1151 5240
1176 5253
1201 4940
1226 4910
1251 4973
1276 5032
1301 4873
1326 4893
1351 5175
1376 5102
1401 4954
1426 4915
1451 4942
1476 4943
1501 4938
1526 5098
1551 5028
1576 4847
1601 4989
1626 4934
1651 4908
1676 5123
1701 5158
1726 5012
1751 4847
1776 4885
1801 5151
1826 5011
1851 4949
1876 4917
1901 5055
1926 5026
1951 4975
1976 5014
