1 5195
26 5124
51 5225
76 5159
101 5175
126 5132
151 5187
176 5174
201 5159
226 5193
251 5128
276 5161
301 5142
326 5173
351 5170
376 5142
401 5158
426 5166
451 5218
476 5124
501 5154
526 5281
551 5184
576 5165
601 5163
626 5225
651 5152
676 5169
701 5174
726 5130
751 5198
776 5105
801 5152
826 5222
851 5126
876 5194
901 5208
926 5258
951 5206
976 5185
1001 5194
1026 5137
1051 5187
1076 5201
1101 5218
1126 5128
1151 5193
1176 5193
1201 5139
1226 5177
1251 5193
1276 5209
1301 5161
1326 5213
1351 5138
1376 5188
1401 5121
1426 5137
1451 5194
1476 5145
1501 5099
1526 5122
1551 5200
1576 5124
1601 5143
1626 5180
1651 5126
1676 5161
1701 5121
1726 5125
1751 5192
1776 5185
1801 5191
1826 5188
1851 5096
1876 5172
1901 5145
1926 5129
1951 5198
1976 5150
