1 1 6
1 2 6
1 3 5
1 4 4
1 5 5
1 6 4
1 7 6
1 8 4
1 9 5
1 10 5
1 11 5
1 12 5
1 13 5
1 14 5
1 15 4
1 16 4
1 17 5
1 18 5
1 19 6
1 20 4
1 21 6
1 22 5
1 23 4
1 24 4
1 25 5
1 26 5
1 27 5
1 28 5
1 29 4
1 30 4
1 31 5
1 32 5
1 33 4
1 34 4
1 35 6
1 36 4
1 37 4
1 38 4
1 39 5
1 40 4
1 41 5
1 42 5
1 43 5
1 44 5
1 45 4
1 46 4
1 47 4
1 48 4
1 49 6
1 50 4
1 51 6
1 52 5
1 53 4
1 54 5
1 55 4
1 56 4
1 57 6
1 58 4
1 59 5
1 60 6
1 61 4
1 62 4
1 63 4
1 64 3
1 65 4
1 66 4
1 67 4
1 68 5
1 69 5
1 70 4
1 71 3
1 72 4
1 73 5
1 74 5
1 75 3
1 76 4
1 77 4
1 78 5
1 79 5
1 80 4
1 81 4
1 82 4
1 83 5
1 84 5
1 85 5
1 86 5
1 87 5
1 88 5
1 89 4
1 90 5
1 91 5
1 92 6
1 93 6
1 94 5
1 95 6
1 96 5
1 97 4
1 98 5
1 99 5
1 100 5
1 101 5
1 102 5
1 103 5
1 104 4
1 105 5
1 106 5
1 107 6
1 108 5
1 109 5
1 110 5
1 111 6
1 112 5
1 113 5
1 114 6
1 115 4
1 116 4
1 117 5
1 118 4
1 119 5
1 120 5
1 121 5
26 1 5
26 2 5
26 3 4
26 4 4
26 5 5
26 6 5
26 7 1
26 8 5
26 9 4
26 10 4
26 11 4
26 12 5
26 13 4
26 14 5
26 15 4
26 16 6
26 17 4
26 18 5
26 19 2
26 20 2
26 21 5
26 22 4
26 23 5
26 24 5
26 25 5
26 26 4
26 27 4
26 28 4
26 29 3
26 30 2
26 31 4
26 32 3
26 33 5
26 34 5
26 35 4
26 36 5
26 37 4
26 38 4
26 39 4
26 40 5
26 41 3
26 42 2
26 43 2
26 44 3
26 45 5
26 46 5
26 47 4
26 48 5
26 49 5
26 50 4
26 51 4
26 52 3
26 53 3
26 54 2
26 55 3
26 56 4
26 57 6
26 58 5
26 59 5
26 60 5
26 61 4
26 62 4
26 63 4
26 64 2
26 65 3
26 66 5
26 67 4
26 68 3
26 69 5
26 70 4
26 71 5
26 72 5
26 73 5
26 74 2
26 75 3
26 76 3
26 77 2
26 78 4
26 79 3
26 80 4
26 81 5
26 82 4
26 83 5
26 84 5
26 85 5
26 86 4
26 87 5
26 88 5
26 89 6
26 90 4
26 91 4
26 92 5
26 93 5
26 94 5
26 95 5
26 96 6
26 97 4
26 98 6
26 99 4
26 100 3
26 101 2
26 102 2
26 103 1
26 104 3
26 105 6
26 106 5
26 107 4
26 108 5
26 109 6
26 110 5
26 111 5
26 112 4
26 113 3
26 114 3
26 115 3
26 116 3
26 117 1
26 118 5
26 119 4
26 120 5
26 121 5
51 1 3
51 2 5
51 3 4
51 4 5
51 5 6
51 6 3
51 7 2
51 8 3
51 9 5
51 10 6
51 11 2
51 12 4
51 13 4
51 14 4
51 15 6
51 16 6
51 17 4
51 18 1
51 19 1
51 20 4
51 21 3
51 22 4
51 23 5
51 24 4
51 25 4
51 26 4
51 27 5
51 28 3
51 29 3
51 30 1
51 31 3
51 32 3
51 33 5
51 34 4
51 35 4
51 36 5
51 37 4
51 38 4
51 39 4
51 40 6
51 41 3
51 42 1
51 43 2
51 44 3
51 45 4
51 46 4
51 47 4
51 48 4
51 49 5
51 50 4
51 51 4
51 52 3
51 53 3
51 54 2
51 55 2
51 56 3
51 57 5
51 58 4
51 59 4
51 60 4
51 61 4
51 62 3
51 63 3
51 64 2
51 65 4
51 66 3
51 67 3
51 68 5
51 69 4
51 70 3
51 71 4
51 72 5
51 73 6
51 74 5
51 75 4
51 76 4
51 77 6
51 78 3
51 79 2
51 80 4
51 81 5
51 82 6
51 83 4
51 84 6
51 85 5
51 86 5
51 87 5
51 88 4
51 89 5
51 90 3
51 91 3
51 92 3
51 93 4
51 94 3
51 95 3
51 96 4
51 97 6
51 98 5
51 99 4
51 100 5
51 101 3
51 102 1
51 103 2
51 104 5
51 105 3
51 106 3
51 107 4
51 108 6
51 109 4
51 110 4
51 111 2
51 112 2
51 113 3
51 114 4
51 115 4
51 116 2
51 117 2
51 118 3
51 119 3
51 120 5
51 121 3
76 1 4
76 2 5
76 3 4
76 4 6
76 5 4
76 6 4
76 7 2
76 8 4
76 9 4
76 10 3
76 11 3
76 12 6
76 13 6
76 14 5
76 15 5
76 16 5
76 17 3
76 18 4
76 19 2
76 20 3
76 21 2
76 22 4
76 23 6
76 24 6
76 25 5
76 26 3
76 27 4
76 28 6
76 29 3
76 30 2
76 31 1
76 32 3
76 33 4
76 34 4
76 35 6
76 36 5
76 37 4
76 38 5
76 39 6
76 40 6
76 41 3
76 42 1
76 43 2
76 44 3
76 45 4
76 46 4
76 47 5
76 48 3
76 49 5
76 50 6
76 51 5
76 52 2
76 53 2
76 54 1
76 55 1
76 56 4
76 57 6
76 58 5
76 59 3
76 60 4
76 61 4
76 62 4
76 63 4
76 64 1
76 65 4
76 66 3
76 67 2
76 68 3
76 69 4
76 70 5
76 71 4
76 72 4
76 73 4
76 74 3
76 75 1
76 76 5
76 77 5
76 78 5
76 79 2
76 80 5
76 81 4
76 82 4
76 83 5
76 84 4
76 85 4
76 86 4
76 87 3
76 88 4
76 89 5
76 90 4
76 91 5
76 92 5
76 93 3
76 94 5
76 95 6
76 96 5
76 97 3
76 98 3
76 99 3
76 100 2
76 101 3
76 102 1
76 103 4
76 104 3
76 105 4
76 106 3
76 107 4
76 108 3
76 109 3
76 110 4
76 111 3
76 112 3
76 113 4
76 114 2
76 115 3
76 116 2
76 117 2
76 118 2
76 119 5
76 120 3
76 121 3
101 1 5
101 2 5
101 3 5
101 4 4
101 5 5
101 6 3
101 7 1
101 8 2
101 9 5
101 10 7
101 11 5
101 12 5
101 13 6
101 14 4
101 15 3
101 16 4
101 17 4
101 18 4
101 19 1
101 20 4
101 21 6
101 22 5
101 23 5
101 24 4
101 25 6
101 26 4
101 27 5
101 28 5
101 29 5
101 30 1
101 31 1
101 32 4
101 33 5
101 34 6
101 35 4
101 36 6
101 37 5
101 38 5
101 39 5
101 40 4
101 41 2
101 42 2
101 43 3
101 44 2
101 45 5
101 46 5
101 47 6
101 48 4
101 49 3
101 50 4
101 51 3
101 52 2
101 53 3
101 54 1
101 55 2
101 56 2
101 57 4
101 58 4
101 59 4
101 60 5
101 61 5
101 62 5
101 63 3
101 64 2
101 65 4
101 66 3
101 67 1
101 68 2
101 69 3
101 70 4
101 71 4
101 72 5
101 73 4
101 74 4
101 75 3
101 76 6
101 77 5
101 78 4
101 79 5
101 80 3
101 81 3
101 82 5
101 83 4
101 84 4
101 85 4
101 86 5
101 87 5
101 88 4
101 89 5
101 90 5
101 91 5
101 92 5
101 93 5
101 94 4
101 95 5
101 96 4
101 97 5
101 98 5
101 99 5
101 100 3
101 101 2
101 102 1
101 103 3
101 104 3
101 105 4
101 106 3
101 107 4
101 108 4
101 109 4
101 110 3
101 111 3
101 112 4
101 113 2
101 114 3
101 115 3
101 116 1
101 117 2
101 118 4
101 119 3
101 120 5
101 121 4
126 1 5
126 2 5
126 3 4
126 4 6
126 5 4
126 6 3
126 7 2
126 8 3
126 9 5
126 10 4
126 11 7
126 12 6
126 13 5
126 14 4
126 15 3
126 16 5
126 17 5
126 18 3
126 19 1
126 20 3
126 21 5
126 22 6
126 23 4
126 24 4
126 25 5
126 26 5
126 27 4
126 28 4
126 29 4
126 30 1
126 31 2
126 32 5
126 33 5
126 34 6
126 35 5
126 36 5
126 37 5
126 38 6
126 39 5
126 40 4
126 41 5
126 42 2
126 43 2
126 44 4
126 45 6
126 46 5
126 47 5
126 48 5
126 49 5
126 50 4
126 51 5
126 52 3
126 53 3
126 54 2
126 55 2
126 56 2
126 57 6
126 58 3
126 59 4
126 60 4
126 61 4
126 62 5
126 63 3
126 64 2
126 65 3
126 66 1
126 67 1
126 68 3
126 69 4
126 70 5
126 71 4
126 72 4
126 73 6
126 74 5
126 75 5
126 76 4
126 77 4
126 78 2
126 79 2
126 80 4
126 81 4
126 82 5
126 83 4
126 84 6
126 85 6
126 86 6
126 87 5
126 88 4
126 89 3
126 90 3
126 91 3
126 92 4
126 93 3
126 94 3
126 95 6
126 96 6
126 97 4
126 98 3
126 99 7
126 100 4
126 101 1
126 102 1
126 103 3
126 104 3
126 105 4
126 106 5
126 107 5
126 108 6
126 109 5
126 110 5
126 111 2
126 112 2
126 113 3
126 114 2
126 115 2
126 116 1
126 117 4
126 118 2
126 119 4
126 120 5
126 121 6
151 1 7
151 2 6
151 3 5
151 4 3
151 5 4
151 6 4
151 7 2
151 8 4
151 9 5
151 10 5
151 11 4
151 12 6
151 13 4
151 14 5
151 15 4
151 16 5
151 17 3
151 18 4
151 19 1
151 20 4
151 21 4
151 22 6
151 23 5
151 24 5
151 25 5
151 26 5
151 27 5
151 28 5
151 29 5
151 30 1
151 31 2
151 32 4
151 33 5
151 34 7
151 35 6
151 36 4
151 37 5
151 38 4
151 39 6
151 40 5
151 41 4
151 42 1
151 43 2
151 44 5
151 45 7
151 46 5
151 47 4
151 48 4
151 49 4
151 50 4
151 51 5
151 52 3
151 53 4
151 54 2
151 55 3
151 56 3
151 57 5
151 58 4
151 59 4
151 60 5
151 61 4
151 62 4
151 63 3
151 64 3
151 65 3
151 66 3
151 67 2
151 68 2
151 69 4
151 70 4
151 71 4
151 72 4
151 73 4
151 74 3
151 75 5
151 76 5
151 77 3
151 78 4
151 79 2
151 80 4
151 81 4
151 82 6
151 83 5
151 84 5
151 85 7
151 86 6
151 87 5
151 88 5
151 89 6
151 90 2
151 91 6
151 92 4
151 93 5
151 94 6
151 95 6
151 96 5
151 97 5
151 98 4
151 99 5
151 100 6
151 101 3
151 102 1
151 103 2
151 104 2
151 105 5
151 106 6
151 107 3
151 108 5
151 109 5
151 110 5
151 111 6
151 112 4
151 113 4
151 114 3
151 115 3
151 116 2
151 117 3
151 118 5
151 119 6
151 120 3
151 121 4
176 1 5
176 2 4
176 3 4
176 4 3
176 5 5
176 6 5
176 7 1
176 8 2
176 9 3
176 10 4
176 11 5
176 12 5
176 13 4
176 14 5
176 15 4
176 16 5
176 17 5
176 18 4
176 19 1
176 20 3
176 21 3
176 22 5
176 23 6
176 24 6
176 25 4
176 26 4
176 27 4
176 28 4
176 29 4
176 30 1
176 31 2
176 32 2
176 33 4
176 34 5
176 35 5
176 36 5
176 37 4
176 38 4
176 39 5
176 40 5
176 41 4
176 42 1
176 43 3
176 44 6
176 45 6
176 46 6
176 47 6
176 48 5
176 49 4
176 50 6
176 51 7
176 52 2
176 53 4
176 54 2
176 55 3
176 56 2
176 57 5
176 58 5
176 59 5
176 60 4
176 61 5
176 62 5
176 63 3
176 64 2
176 65 3
176 66 2
176 67 1
176 68 4
176 69 6
176 70 5
176 71 4
176 72 5
176 73 4
176 74 5
176 75 4
176 76 3
176 77 4
176 78 2
176 79 2
176 80 4
176 81 4
176 82 5
176 83 6
176 84 6
176 85 5
176 86 5
176 87 2
176 88 2
176 89 4
176 90 2
176 91 4
176 92 5
176 93 5
176 94 6
176 95 6
176 96 6
176 97 5
176 98 3
176 99 5
176 100 4
176 101 3
176 102 1
176 103 4
176 104 4
176 105 4
176 106 5
176 107 5
176 108 4
176 109 3
176 110 6
176 111 5
176 112 2
176 113 2
176 114 6
176 115 4
176 116 3
176 117 3
176 118 4
176 119 5
176 120 3
176 121 4
201 1 5
201 2 7
201 3 3
201 4 4
201 5 6
201 6 4
201 7 2
201 8 3
201 9 3
201 10 4
201 11 5
201 12 4
201 13 5
201 14 6
201 15 4
201 16 4
201 17 4
201 18 4
201 19 1
201 20 4
201 21 3
201 22 4
201 23 4
201 24 5
201 25 4
201 26 4
201 27 4
201 28 4
201 29 4
201 30 1
201 31 2
201 32 3
201 33 5
201 34 5
201 35 4
201 36 4
201 37 4
201 38 4
201 39 5
201 40 4
201 41 4
201 42 1
201 43 3
201 44 4
201 45 4
201 46 4
201 47 3
201 48 4
201 49 4
201 50 6
201 51 6
201 52 3
201 53 3
201 54 2
201 55 3
201 56 2
201 57 5
201 58 5
201 59 4
201 60 4
201 61 5
201 62 5
201 63 6
201 64 2
201 65 4
201 66 2
201 67 1
201 68 4
201 69 4
201 70 5
201 71 4
201 72 4
201 73 4
201 74 6
201 75 4
201 76 5
201 77 4
201 78 5
201 79 3
201 80 4
201 81 4
201 82 4
201 83 5
201 84 5
201 85 4
201 86 3
201 87 3
201 88 4
201 89 4
201 90 2
201 91 4
201 92 4
201 93 4
201 94 5
201 95 4
201 96 3
201 97 5
201 98 5
201 99 6
201 100 6
201 101 2
201 102 1
201 103 5
201 104 3
201 105 4
201 106 6
201 107 6
201 108 6
201 109 2
201 110 4
201 111 6
201 112 4
201 113 3
201 114 4
201 115 3
201 116 1
201 117 3
201 118 4
201 119 4
201 120 2
201 121 3
226 1 3
226 2 2
226 3 4
226 4 5
226 5 4
226 6 3
226 7 1
226 8 2
226 9 4
226 10 5
226 11 6
226 12 4
226 13 4
226 14 6
226 15 3
226 16 4
226 17 4
226 18 3
226 19 1
226 20 2
226 21 4
226 22 4
226 23 6
226 24 3
226 25 3
226 26 5
226 27 4
226 28 4
226 29 4
226 30 1
226 31 1
226 32 3
226 33 5
226 34 5
226 35 4
226 36 4
226 37 4
226 38 3
226 39 4
226 40 3
226 41 4
226 42 1
226 43 3
226 44 4
226 45 4
226 46 2
226 47 4
226 48 5
226 49 5
226 50 3
226 51 5
226 52 2
226 53 3
226 54 1
226 55 3
226 56 1
226 57 4
226 58 3
226 59 3
226 60 4
226 61 5
226 62 5
226 63 4
226 64 1
226 65 2
226 66 2
226 67 1
226 68 4
226 69 4
226 70 2
226 71 5
226 72 4
226 73 6
226 74 4
226 75 4
226 76 4
226 77 2
226 78 4
226 79 3
226 80 4
226 81 2
226 82 5
226 83 4
226 84 5
226 85 3
226 86 6
226 87 6
226 88 5
226 89 5
226 90 2
226 91 3
226 92 5
226 93 4
226 94 4
226 95 4
226 96 7
226 97 6
226 98 6
226 99 6
226 100 5
226 101 2
226 102 1
226 103 4
226 104 6
226 105 3
226 106 4
226 107 5
226 108 6
226 109 5
226 110 5
226 111 5
226 112 4
226 113 4
226 114 4
226 115 3
226 116 1
226 117 2
226 118 3
226 119 4
226 120 5
226 121 4
251 1 5
251 2 5
251 3 3
251 4 4
251 5 3
251 6 2
251 7 1
251 8 2
251 9 4
251 10 4
251 11 5
251 12 5
251 13 4
251 14 4
251 15 5
251 16 4
251 17 3
251 18 2
251 19 1
251 20 3
251 21 3
251 22 5
251 23 6
251 24 5
251 25 3
251 26 4
251 27 3
251 28 2
251 29 3
251 30 1
251 31 2
251 32 1
251 33 3
251 34 4
251 35 4
251 36 4
251 37 4
251 38 4
251 39 6
251 40 4
251 41 4
251 42 1
251 43 3
251 44 2
251 45 3
251 46 4
251 47 3
251 48 3
251 49 3
251 50 4
251 51 4
251 52 1
251 53 2
251 54 1
251 55 3
251 56 3
251 57 4
251 58 5
251 59 4
251 60 4
251 61 3
251 62 3
251 63 5
251 64 1
251 65 2
251 66 1
251 67 1
251 68 2
251 69 5
251 70 4
251 71 3
251 72 4
251 73 5
251 74 4
251 75 5
251 76 4
251 77 4
251 78 3
251 79 3
251 80 4
251 81 4
251 82 3
251 83 4
251 84 4
251 85 5
251 86 5
251 87 3
251 88 4
251 89 5
251 90 3
251 91 2
251 92 4
251 93 3
251 94 4
251 95 4
251 96 4
251 97 5
251 98 4
251 99 4
251 100 5
251 101 3
251 102 1
251 103 1
251 104 3
251 105 4
251 106 4
251 107 4
251 108 5
251 109 4
251 110 5
251 111 5
251 112 2
251 113 3
251 114 3
251 115 2
251 116 1
251 117 2
251 118 2
251 119 5
251 120 4
251 121 5
276 1 3
276 2 5
276 3 6
276 4 2
276 5 4
276 6 3
276 7 1
276 8 2
276 9 4
276 10 4
276 11 4
276 12 4
276 13 5
276 14 6
276 15 5
276 16 6
276 17 5
276 18 2
276 19 1
276 20 2
276 21 5
276 22 4
276 23 4
276 24 5
276 25 5
276 26 4
276 27 4
276 28 5
276 29 2
276 30 2
276 31 1
276 32 2
276 33 5
276 34 5
276 35 5
276 36 5
276 37 3
276 38 3
276 39 4
276 40 4
276 41 4
276 42 3
276 43 2
276 44 3
276 45 5
276 46 5
276 47 6
276 48 5
276 49 5
276 50 4
276 51 4
276 52 3
276 53 3
276 54 1
276 55 2
276 56 2
276 57 4
276 58 3
276 59 4
276 60 3
276 61 4
276 62 4
276 63 3
276 64 2
276 65 1
276 66 3
276 67 2
276 68 4
276 69 5
276 70 5
276 71 4
276 72 4
276 73 5
276 74 5
276 75 3
276 76 4
276 77 3
276 78 4
276 79 2
276 80 3
276 81 4
276 82 4
276 83 4
276 84 4
276 85 4
276 86 3
276 87 3
276 88 3
276 89 3
276 90 2
276 91 4
276 92 3
276 93 5
276 94 4
276 95 4
276 96 4
276 97 3
276 98 3
276 99 4
276 100 5
276 101 2
276 102 2
276 103 2
276 104 3
276 105 3
276 106 4
276 107 5
276 108 4
276 109 3
276 110 4
276 111 3
276 112 5
276 113 3
276 114 3
276 115 4
276 116 2
276 117 3
276 118 4
276 119 5
276 120 4
276 121 4
301 1 4
301 2 5
301 3 4
301 4 4
301 5 5
301 6 6
301 7 1
301 8 2
301 9 4
301 10 5
301 11 6
301 12 5
301 13 5
301 14 4
301 15 5
301 16 5
301 17 5
301 18 3
301 19 1
301 20 2
301 21 3
301 22 4
301 23 4
301 24 5
301 25 4
301 26 4
301 27 4
301 28 5
301 29 4
301 30 1
301 31 3
301 32 3
301 33 3
301 34 5
301 35 5
301 36 5
301 37 4
301 38 4
301 39 5
301 40 4
301 41 3
301 42 2
301 43 3
301 44 4
301 45 5
301 46 4
301 47 4
301 48 5
301 49 5
301 50 4
301 51 4
301 52 2
301 53 3
301 54 2
301 55 4
301 56 3
301 57 4
301 58 4
301 59 5
301 60 5
301 61 5
301 62 6
301 63 3
301 64 2
301 65 3
301 66 3
301 67 1
301 68 4
301 69 5
301 70 6
301 71 5
301 72 6
301 73 6
301 74 4
301 75 3
301 76 3
301 77 3
301 78 2
301 79 3
301 80 7
301 81 5
301 82 5
301 83 4
301 84 3
301 85 3
301 86 3
301 87 2
301 88 4
301 89 3
301 90 2
301 91 3
301 92 4
301 93 5
301 94 6
301 95 4
301 96 4
301 97 3
301 98 3
301 99 4
301 100 2
301 101 2
301 102 1
301 103 3
301 104 3
301 105 3
301 106 4
301 107 3
301 108 2
301 109 4
301 110 2
301 111 3
301 112 5
301 113 3
301 114 3
301 115 4
301 116 1
301 117 2
301 118 3
301 119 3
301 120 3
301 121 5
326 1 4
326 2 4
326 3 5
326 4 4
326 5 5
326 6 5
326 7 1
326 8 2
326 9 3
326 10 3
326 11 2
326 12 4
326 13 4
326 14 4
326 15 4
326 16 4
326 17 4
326 18 3
326 19 2
326 20 3
326 21 2
326 22 5
326 23 5
326 24 5
326 25 5
326 26 4
326 27 4
326 28 4
326 29 3
326 30 3
326 31 2
326 32 3
326 33 4
326 34 6
326 35 5
326 36 5
326 37 5
326 38 5
326 39 3
326 40 4
326 41 4
326 42 3
326 43 3
326 44 4
326 45 5
326 46 4
326 47 5
326 48 5
326 49 5
326 50 6
326 51 5
326 52 2
326 53 3
326 54 2
326 55 4
326 56 2
326 57 4
326 58 6
326 59 4
326 60 4
326 61 5
326 62 5
326 63 5
326 64 3
326 65 3
326 66 3
326 67 2
326 68 4
326 69 5
326 70 4
326 71 4
326 72 5
326 73 5
326 74 7
326 75 3
326 76 2
326 77 3
326 78 3
326 79 3
326 80 5
326 81 4
326 82 4
326 83 4
326 84 4
326 85 3
326 86 4
326 87 5
326 88 4
326 89 4
326 90 2
326 91 5
326 92 4
326 93 4
326 94 5
326 95 3
326 96 3
326 97 4
326 98 3
326 99 4
326 100 4
326 101 2
326 102 2
326 103 3
326 104 2
326 105 5
326 106 4
326 107 3
326 108 3
326 109 3
326 110 5
326 111 5
326 112 4
326 113 3
326 114 5
326 115 4
326 116 1
326 117 3
326 118 2
326 119 4
326 120 3
326 121 3
351 1 4
351 2 5
351 3 5
351 4 6
351 5 5
351 6 6
351 7 1
351 8 2
351 9 4
351 10 4
351 11 4
351 12 6
351 13 5
351 14 5
351 15 5
351 16 5
351 17 3
351 18 3
351 19 1
351 20 2
351 21 2
351 22 5
351 23 5
351 24 6
351 25 5
351 26 5
351 27 5
351 28 5
351 29 5
351 30 2
351 31 2
351 32 1
351 33 5
351 34 6
351 35 5
351 36 4
351 37 5
351 38 6
351 39 5
351 40 5
351 41 4
351 42 2
351 43 3
351 44 4
351 45 7
351 46 5
351 47 5
351 48 3
351 49 5
351 50 5
351 51 6
351 52 3
351 53 4
351 54 1
351 55 3
351 56 2
351 57 2
351 58 5
351 59 5
351 60 4
351 61 5
351 62 5
351 63 5
351 64 2
351 65 1
351 66 3
351 67 3
351 68 2
351 69 6
351 70 6
351 71 4
351 72 6
351 73 5
351 74 3
351 75 3
351 76 4
351 77 4
351 78 2
351 79 3
351 80 3
351 81 3
351 82 4
351 83 4
351 84 3
351 85 3
351 86 6
351 87 4
351 88 5
351 89 6
351 90 2
351 91 4
351 92 3
351 93 3
351 94 3
351 95 3
351 96 4
351 97 2
351 98 5
351 99 5
351 100 3
351 101 2
351 102 2
351 103 3
351 104 3
351 105 4
351 106 4
351 107 4
351 108 3
351 109 4
351 110 4
351 111 4
351 112 4
351 113 4
351 114 4
351 115 4
351 116 2
351 117 2
351 118 4
351 119 3
351 120 4
351 121 3
376 1 4
376 2 4
376 3 5
376 4 5
376 5 6
376 6 5
376 7 1
376 8 3
376 9 4
376 10 3
376 11 4
376 12 5
376 13 5
376 14 6
376 15 5
376 16 5
376 17 3
376 18 3
376 19 1
376 20 3
376 21 4
376 22 3
376 23 5
376 24 5
376 25 6
376 26 5
376 27 5
376 28 4
376 29 4
376 30 2
376 31 2
376 32 2
376 33 4
376 34 5
376 35 6
376 36 5
376 37 4
376 38 4
376 39 3
376 40 7
376 41 3
376 42 2
376 43 2
376 44 5
376 45 5
376 46 6
376 47 5
376 48 5
376 49 6
376 50 5
376 51 6
376 52 2
376 53 2
376 54 2
376 55 3
376 56 3
376 57 7
376 58 6
376 59 5
376 60 6
376 61 5
376 62 3
376 63 5
376 64 2
376 65 2
376 66 2
376 67 2
376 68 4
376 69 6
376 70 6
376 71 5
376 72 5
376 73 5
376 74 3
376 75 5
376 76 5
376 77 4
376 78 5
376 79 4
376 80 3
376 81 4
376 82 3
376 83 4
376 84 3
376 85 5
376 86 4
376 87 6
376 88 4
376 89 4
376 90 2
376 91 3
376 92 4
376 93 4
376 94 3
376 95 2
376 96 6
376 97 5
376 98 4
376 99 5
376 100 4
376 101 2
376 102 2
376 103 2
376 104 2
376 105 2
376 106 5
376 107 3
376 108 4
376 109 3
376 110 3
376 111 3
376 112 3
376 113 3
376 114 2
376 115 2
376 116 1
376 117 2
376 118 2
376 119 4
376 120 4
376 121 4
401 1 4
401 2 6
401 3 4
401 4 3
401 5 4
401 6 4
401 7 1
401 8 4
401 9 4
401 10 4
401 11 5
401 12 5
401 13 4
401 14 6
401 15 5
401 16 4
401 17 5
401 18 3
401 19 2
401 20 4
401 21 4
401 22 3
401 23 5
401 24 4
401 25 5
401 26 3
401 27 5
401 28 5
401 29 4
401 30 2
401 31 2
401 32 3
401 33 3
401 34 5
401 35 5
401 36 5
401 37 4
401 38 4
401 39 5
401 40 5
401 41 3
401 42 2
401 43 2
401 44 3
401 45 3
401 46 5
401 47 3
401 48 3
401 49 4
401 50 4
401 51 4
401 52 3
401 53 3
401 54 2
401 55 3
401 56 3
401 57 4
401 58 5
401 59 4
401 60 3
401 61 4
401 62 5
401 63 4
401 64 2
401 65 3
401 66 2
401 67 2
401 68 3
401 69 4
401 70 4
401 71 5
401 72 5
401 73 5
401 74 3
401 75 4
401 76 5
401 77 5
401 78 5
401 79 3
401 80 5
401 81 5
401 82 4
401 83 4
401 84 4
401 85 5
401 86 4
401 87 6
401 88 5
401 89 5
401 90 2
401 91 3
401 92 5
401 93 5
401 94 5
401 95 5
401 96 5
401 97 4
401 98 5
401 99 5
401 100 4
401 101 2
401 102 2
401 103 3
401 104 4
401 105 4
401 106 4
401 107 5
401 108 4
401 109 4
401 110 3
401 111 5
401 112 4
401 113 3
401 114 5
401 115 3
401 116 2
401 117 3
401 118 5
401 119 4
401 120 4
401 121 4
426 1 3
426 2 4
426 3 5
426 4 4
426 5 5
426 6 4
426 7 2
426 8 2
426 9 4
426 10 4
426 11 3
426 12 4
426 13 4
426 14 4
426 15 4
426 16 4
426 17 6
426 18 4
426 19 1
426 20 4
426 21 4
426 22 6
426 23 5
426 24 5
426 25 4
426 26 5
426 27 4
426 28 5
426 29 5
426 30 3
426 31 2
426 32 1
426 33 3
426 34 4
426 35 4
426 36 5
426 37 5
426 38 5
426 39 5
426 40 6
426 41 2
426 42 2
426 43 1
426 44 2
426 45 4
426 46 6
426 47 4
426 48 5
426 49 4
426 50 4
426 51 4
426 52 1
426 53 2
426 54 2
426 55 2
426 56 3
426 57 5
426 58 5
426 59 5
426 60 5
426 61 5
426 62 6
426 63 4
426 64 2
426 65 3
426 66 3
426 67 2
426 68 2
426 69 5
426 70 6
426 71 6
426 72 5
426 73 6
426 74 4
426 75 3
426 76 4
426 77 5
426 78 3
426 79 3
426 80 5
426 81 6
426 82 5
426 83 5
426 84 5
426 85 4
426 86 4
426 87 5
426 88 5
426 89 4
426 90 1
426 91 4
426 92 6
426 93 6
426 94 5
426 95 5
426 96 5
426 97 5
426 98 4
426 99 4
426 100 4
426 101 2
426 102 3
426 103 3
426 104 5
426 105 4
426 106 3
426 107 6
426 108 5
426 109 5
426 110 3
426 111 4
426 112 4
426 113 4
426 114 2
426 115 3
426 116 1
426 117 3
426 118 3
426 119 4
426 120 4
426 121 5
451 1 5
451 2 5
451 3 4
451 4 5
451 5 4
451 6 5
451 7 1
451 8 3
451 9 4
451 10 5
451 11 3
451 12 5
451 13 5
451 14 4
451 15 4
451 16 5
451 17 4
451 18 3
451 19 1
451 20 3
451 21 3
451 22 5
451 23 5
451 24 5
451 25 5
451 26 5
451 27 5
451 28 5
451 29 6
451 30 2
451 31 2
451 32 2
451 33 4
451 34 5
451 35 5
451 36 5
451 37 4
451 38 5
451 39 5
451 40 4
451 41 3
451 42 2
451 43 3
451 44 4
451 45 4
451 46 5
451 47 4
451 48 3
451 49 4
451 50 4
451 51 5
451 52 4
451 53 2
451 54 2
451 55 2
451 56 3
451 57 6
451 58 5
451 59 5
451 60 5
451 61 6
451 62 5
451 63 4
451 64 3
451 65 3
451 66 2
451 67 3
451 68 4
451 69 4
451 70 5
451 71 5
451 72 4
451 73 6
451 74 5
451 75 5
451 76 3
451 77 5
451 78 5
451 79 3
451 80 5
451 81 4
451 82 5
451 83 4
451 84 6
451 85 6
451 86 5
451 87 4
451 88 5
451 89 4
451 90 3
451 91 4
451 92 4
451 93 5
451 94 6
451 95 5
451 96 4
451 97 5
451 98 4
451 99 4
451 100 4
451 101 1
451 102 3
451 103 4
451 104 5
451 105 5
451 106 4
451 107 5
451 108 5
451 109 4
451 110 5
451 111 3
451 112 4
451 113 5
451 114 5
451 115 2
451 116 1
451 117 3
451 118 4
451 119 5
451 120 5
451 121 4
476 1 6
476 2 5
476 3 5
476 4 4
476 5 5
476 6 5
476 7 2
476 8 3
476 9 4
476 10 5
476 11 6
476 12 3
476 13 4
476 14 3
476 15 4
476 16 5
476 17 5
476 18 4
476 19 1
476 20 4
476 21 4
476 22 6
476 23 3
476 24 4
476 25 5
476 26 5
476 27 4
476 28 5
476 29 5
476 30 2
476 31 3
476 32 2
476 33 3
476 34 5
476 35 4
476 36 4
476 37 5
476 38 4
476 39 4
476 40 4
476 41 4
476 42 2
476 43 3
476 44 2
476 45 5
476 46 5
476 47 4
476 48 5
476 49 4
476 50 4
476 51 5
476 52 2
476 53 3
476 54 2
476 55 4
476 56 3
476 57 5
476 58 4
476 59 5
476 60 4
476 61 4
476 62 5
476 63 4
476 64 3
476 65 3
476 66 2
476 67 3
476 68 4
476 69 4
476 70 5
476 71 4
476 72 4
476 73 4
476 74 5
476 75 5
476 76 3
476 77 4
476 78 5
476 79 3
476 80 3
476 81 2
476 82 4
476 83 4
476 84 4
476 85 5
476 86 4
476 87 5
476 88 5
476 89 5
476 90 4
476 91 4
476 92 6
476 93 7
476 94 5
476 95 4
476 96 5
476 97 4
476 98 4
476 99 5
476 100 4
476 101 4
476 102 2
476 103 4
476 104 3
476 105 4
476 106 4
476 107 4
476 108 6
476 109 4
476 110 4
476 111 4
476 112 4
476 113 4
476 114 3
476 115 3
476 116 1
476 117 4
476 118 2
476 119 5
476 120 4
476 121 3
501 1 5
501 2 5
501 3 6
501 4 5
501 5 5
501 6 4
501 7 3
501 8 3
501 9 3
501 10 5
501 11 4
501 12 4
501 13 4
501 14 5
501 15 5
501 16 4
501 17 5
501 18 2
501 19 1
501 20 4
501 21 2
501 22 5
501 23 5
501 24 6
501 25 5
501 26 4
501 27 5
501 28 4
501 29 4
501 30 3
501 31 4
501 32 3
501 33 3
501 34 5
501 35 5
501 36 5
501 37 4
501 38 5
501 39 4
501 40 4
501 41 4
501 42 2
501 43 3
501 44 4
501 45 3
501 46 5
501 47 4
501 48 5
501 49 6
501 50 4
501 51 5
501 52 3
501 53 3
501 54 2
501 55 2
501 56 2
501 57 3
501 58 5
501 59 3
501 60 4
501 61 5
501 62 5
501 63 3
501 64 2
501 65 2
501 66 2
501 67 1
501 68 3
501 69 6
501 70 5
501 71 4
501 72 4
501 73 5
501 74 2
501 75 5
501 76 3
501 77 3
501 78 3
501 79 3
501 80 4
501 81 6
501 82 4
501 83 3
501 84 4
501 85 5
501 86 4
501 87 4
501 88 5
501 89 4
501 90 3
501 91 5
501 92 4
501 93 4
501 94 6
501 95 5
501 96 5
501 97 5
501 98 4
501 99 4
501 100 5
501 101 4
501 102 2
501 103 2
501 104 3
501 105 5
501 106 5
501 107 5
501 108 4
501 109 5
501 110 4
501 111 4
501 112 3
501 113 5
501 114 2
501 115 3
501 116 2
501 117 4
501 118 5
501 119 4
501 120 5
501 121 3
526 1 5
526 2 6
526 3 5
526 4 5
526 5 4
526 6 2
526 7 1
526 8 3
526 9 3
526 10 5
526 11 3
526 12 5
526 13 5
526 14 5
526 15 5
526 16 5
526 17 5
526 18 4
526 19 1
526 20 3
526 21 4
526 22 5
526 23 6
526 24 5
526 25 5
526 26 5
526 27 5
526 28 4
526 29 5
526 30 2
526 31 2
526 32 2
526 33 6
526 34 5
526 35 6
526 36 5
526 37 5
526 38 5
526 39 5
526 40 5
526 41 4
526 42 2
526 43 4
526 44 6
526 45 5
526 46 6
526 47 5
526 48 5
526 49 5
526 50 6
526 51 5
526 52 3
526 53 3
526 54 2
526 55 4
526 56 2
526 57 5
526 58 5
526 59 5
526 60 5
526 61 6
526 62 4
526 63 5
526 64 2
526 65 2
526 66 2
526 67 2
526 68 4
526 69 6
526 70 5
526 71 5
526 72 5
526 73 6
526 74 6
526 75 6
526 76 5
526 77 3
526 78 5
526 79 1
526 80 6
526 81 6
526 82 5
526 83 5
526 84 5
526 85 4
526 86 5
526 87 5
526 88 5
526 89 4
526 90 2
526 91 4
526 92 4
526 93 5
526 94 6
526 95 5
526 96 6
526 97 5
526 98 5
526 99 3
526 100 4
526 101 4
526 102 2
526 103 4
526 104 1
526 105 4
526 106 4
526 107 5
526 108 4
526 109 5
526 110 4
526 111 4
526 112 4
526 113 5
526 114 4
526 115 2
526 116 2
526 117 3
526 118 4
526 119 4
526 120 5
526 121 5
551 1 6
551 2 5
551 3 6
551 4 5
551 5 5
551 6 5
551 7 1
551 8 3
551 9 5
551 10 3
551 11 3
551 12 5
551 13 5
551 14 5
551 15 5
551 16 6
551 17 6
551 18 5
551 19 2
551 20 3
551 21 3
551 22 5
551 23 4
551 24 5
551 25 3
551 26 4
551 27 5
551 28 6
551 29 6
551 30 3
551 31 3
551 32 4
551 33 4
551 34 4
551 35 4
551 36 4
551 37 4
551 38 4
551 39 5
551 40 5
551 41 5
551 42 2
551 43 3
551 44 3
551 45 5
551 46 4
551 47 4
551 48 5
551 49 5
551 50 6
551 51 4
551 52 5
551 53 3
551 54 1
551 55 3
551 56 2
551 57 4
551 58 4
551 59 5
551 60 6
551 61 6
551 62 4
551 63 5
551 64 3
551 65 2
551 66 2
551 67 1
551 68 5
551 69 5
551 70 3
551 71 4
551 72 5
551 73 5
551 74 4
551 75 5
551 76 2
551 77 4
551 78 3
551 79 4
551 80 6
551 81 4
551 82 4
551 83 4
551 84 4
551 85 3
551 86 4
551 87 4
551 88 4
551 89 4
551 90 2
551 91 5
551 92 5
551 93 4
551 94 5
551 95 4
551 96 5
551 97 5
551 98 4
551 99 3
551 100 3
551 101 3
551 102 2
551 103 3
551 104 4
551 105 3
551 106 5
551 107 5
551 108 6
551 109 5
551 110 4
551 111 5
551 112 4
551 113 4
551 114 5
551 115 3
551 116 1
551 117 2
551 118 4
551 119 5
551 120 2
551 121 3
576 1 3
576 2 3
576 3 2
576 4 3
576 5 6
576 6 4
576 7 1
576 8 4
576 9 5
576 10 3
576 11 5
576 12 3
576 13 4
576 14 3
576 15 3
576 16 3
576 17 4
576 18 2
576 19 2
576 20 3
576 21 4
576 22 5
576 23 5
576 24 4
576 25 5
576 26 4
576 27 3
576 28 6
576 29 5
576 30 2
576 31 3
576 32 3
576 33 5
576 34 2
576 35 3
576 36 4
576 37 4
576 38 5
576 39 5
576 40 4
576 41 5
576 42 2
576 43 3
576 44 3
576 45 3
576 46 4
576 47 5
576 48 3
576 49 4
576 50 4
576 51 6
576 52 5
576 53 4
576 54 2
576 55 3
576 56 2
576 57 6
576 58 5
576 59 4
576 60 4
576 61 4
576 62 5
576 63 5
576 64 1
576 65 3
576 66 1
576 67 2
576 68 3
576 69 4
576 70 4
576 71 4
576 72 2
576 73 4
576 74 4
576 75 5
576 76 5
576 77 4
576 78 5
576 79 3
576 80 3
576 81 4
576 82 5
576 83 3
576 84 3
576 85 2
576 86 4
576 87 4
576 88 5
576 89 4
576 90 2
576 91 3
576 92 2
576 93 5
576 94 4
576 95 3
576 96 4
576 97 4
576 98 4
576 99 3
576 100 4
576 101 3
576 102 2
576 103 2
576 104 4
576 105 3
576 106 4
576 107 5
576 108 4
576 109 3
576 110 3
576 111 4
576 112 3
576 113 4
576 114 3
576 115 1
576 116 1
576 117 2
576 118 5
576 119 4
576 120 3
576 121 3
601 1 4
601 2 4
601 3 4
601 4 3
601 5 4
601 6 5
601 7 2
601 8 5
601 9 4
601 10 3
601 11 4
601 12 3
601 13 3
601 14 3
601 15 4
601 16 5
601 17 6
601 18 2
601 19 1
601 20 4
601 21 4
601 22 3
601 23 5
601 24 3
601 25 5
601 26 3
601 27 3
601 28 6
601 29 5
601 30 2
601 31 2
601 32 2
601 33 5
601 34 3
601 35 5
601 36 5
601 37 5
601 38 4
601 39 6
601 40 4
601 41 5
601 42 2
601 43 3
601 44 4
601 45 3
601 46 6
601 47 4
601 48 4
601 49 6
601 50 4
601 51 4
601 52 4
601 53 4
601 54 2
601 55 2
601 56 4
601 57 4
601 58 4
601 59 4
601 60 4
601 61 4
601 62 5
601 63 2
601 64 2
601 65 3
601 66 2
601 67 1
601 68 5
601 69 6
601 70 4
601 71 3
601 72 5
601 73 5
601 74 3
601 75 5
601 76 4
601 77 4
601 78 4
601 79 3
601 80 5
601 81 4
601 82 4
601 83 4
601 84 3
601 85 4
601 86 5
601 87 4
601 88 4
601 89 4
601 90 3
601 91 3
601 92 4
601 93 3
601 94 4
601 95 3
601 96 4
601 97 4
601 98 4
601 99 2
601 100 4
601 101 2
601 102 2
601 103 4
601 104 2
601 105 4
601 106 4
601 107 4
601 108 4
601 109 3
601 110 4
601 111 5
601 112 2
601 113 4
601 114 3
601 115 2
601 116 1
601 117 3
601 118 5
601 119 5
601 120 3
601 121 3
626 1 4
626 2 4
626 3 3
626 4 4
626 5 4
626 6 3
626 7 3
626 8 5
626 9 3
626 10 4
626 11 4
626 12 4
626 13 3
626 14 4
626 15 4
626 16 2
626 17 4
626 18 4
626 19 1
626 20 4
626 21 4
626 22 3
626 23 4
626 24 4
626 25 3
626 26 4
626 27 4
626 28 6
626 29 5
626 30 2
626 31 3
626 32 4
626 33 5
626 34 5
626 35 5
626 36 5
626 37 5
626 38 5
626 39 5
626 40 4
626 41 4
626 42 2
626 43 3
626 44 3
626 45 3
626 46 6
626 47 5
626 48 4
626 49 4
626 50 4
626 51 5
626 52 3
626 53 3
626 54 1
626 55 3
626 56 1
626 57 5
626 58 4
626 59 4
626 60 4
626 61 5
626 62 4
626 63 4
626 64 2
626 65 2
626 66 1
626 67 1
626 68 4
626 69 4
626 70 4
626 71 4
626 72 4
626 73 5
626 74 3
626 75 4
626 76 4
626 77 4
626 78 3
626 79 3
626 80 5
626 81 3
626 82 4
626 83 4
626 84 4
626 85 3
626 86 4
626 87 4
626 88 3
626 89 4
626 90 4
626 91 3
626 92 5
626 93 5
626 94 3
626 95 4
626 96 4
626 97 3
626 98 4
626 99 3
626 100 4
626 101 2
626 102 2
626 103 4
626 104 3
626 105 4
626 106 3
626 107 5
626 108 3
626 109 3
626 110 4
626 111 4
626 112 3
626 113 5
626 114 4
626 115 4
626 116 2
626 117 3
626 118 4
626 119 4
626 120 3
626 121 3
651 1 4
651 2 3
651 3 4
651 4 4
651 5 4
651 6 4
651 7 1
651 8 4
651 9 5
651 10 4
651 11 4
651 12 5
651 13 4
651 14 4
651 15 5
651 16 4
651 17 5
651 18 4
651 19 1
651 20 2
651 21 4
651 22 4
651 23 6
651 24 4
651 25 4
651 26 5
651 27 5
651 28 5
651 29 4
651 30 2
651 31 2
651 32 3
651 33 4
651 34 6
651 35 5
651 36 5
651 37 4
651 38 5
651 39 5
651 40 5
651 41 5
651 42 2
651 43 3
651 44 4
651 45 5
651 46 4
651 47 5
651 48 5
651 49 6
651 50 6
651 51 5
651 52 3
651 53 3
651 54 2
651 55 3
651 56 2
651 57 4
651 58 4
651 59 4
651 60 4
651 61 3
651 62 5
651 63 6
651 64 3
651 65 3
651 66 3
651 67 1
651 68 5
651 69 5
651 70 4
651 71 4
651 72 5
651 73 5
651 74 2
651 75 4
651 76 3
651 77 4
651 78 3
651 79 2
651 80 6
651 81 5
651 82 4
651 83 5
651 84 4
651 85 4
651 86 4
651 87 3
651 88 3
651 89 4
651 90 4
651 91 3
651 92 5
651 93 5
651 94 3
651 95 4
651 96 4
651 97 4
651 98 3
651 99 4
651 100 3
651 101 3
651 102 2
651 103 3
651 104 3
651 105 4
651 106 4
651 107 5
651 108 4
651 109 3
651 110 3
651 111 3
651 112 3
651 113 6
651 114 4
651 115 4
651 116 2
651 117 3
651 118 3
651 119 4
651 120 3
651 121 3
676 1 4
676 2 4
676 3 5
676 4 4
676 5 2
676 6 4
676 7 1
676 8 4
676 9 4
676 10 3
676 11 4
676 12 5
676 13 4
676 14 5
676 15 5
676 16 4
676 17 4
676 18 3
676 19 2
676 20 3
676 21 4
676 22 4
676 23 6
676 24 3
676 25 5
676 26 5
676 27 4
676 28 4
676 29 4
676 30 2
676 31 3
676 32 2
676 33 6
676 34 5
676 35 5
676 36 5
676 37 5
676 38 4
676 39 4
676 40 4
676 41 4
676 42 2
676 43 3
676 44 3
676 45 4
676 46 6
676 47 5
676 48 5
676 49 5
676 50 5
676 51 5
676 52 4
676 53 3
676 54 3
676 55 2
676 56 2
676 57 6
676 58 5
676 59 5
676 60 5
676 61 5
676 62 5
676 63 5
676 64 2
676 65 3
676 66 2
676 67 1
676 68 4
676 69 5
676 70 5
676 71 4
676 72 4
676 73 5
676 74 2
676 75 5
676 76 4
676 77 3
676 78 4
676 79 2
676 80 5
676 81 5
676 82 4
676 83 4
676 84 4
676 85 4
676 86 3
676 87 3
676 88 3
676 89 3
676 90 2
676 91 5
676 92 4
676 93 5
676 94 5
676 95 5
676 96 4
676 97 3
676 98 3
676 99 4
676 100 2
676 101 5
676 102 2
676 103 4
676 104 5
676 105 3
676 106 4
676 107 5
676 108 4
676 109 3
676 110 3
676 111 5
676 112 2
676 113 4
676 114 4
676 115 4
676 116 1
676 117 3
676 118 4
676 119 4
676 120 3
676 121 3
701 1 6
701 2 7
701 3 4
701 4 5
701 5 5
701 6 5
701 7 1
701 8 4
701 9 4
701 10 4
701 11 5
701 12 6
701 13 5
701 14 5
701 15 5
701 16 5
701 17 5
701 18 3
701 19 2
701 20 2
701 21 2
701 22 4
701 23 5
701 24 4
701 25 5
701 26 5
701 27 6
701 28 4
701 29 5
701 30 2
701 31 3
701 32 3
701 33 3
701 34 7
701 35 5
701 36 5
701 37 5
701 38 6
701 39 4
701 40 5
701 41 4
701 42 2
701 43 3
701 44 4
701 45 6
701 46 6
701 47 5
701 48 5
701 49 5
701 50 5
701 51 6
701 52 3
701 53 2
701 54 2
701 55 2
701 56 5
701 57 5
701 58 4
701 59 5
701 60 5
701 61 5
701 62 4
701 63 5
701 64 2
701 65 3
701 66 2
701 67 1
701 68 3
701 69 4
701 70 4
701 71 4
701 72 4
701 73 4
701 74 4
701 75 3
701 76 2
701 77 3
701 78 4
701 79 2
701 80 4
701 81 4
701 82 4
701 83 4
701 84 5
701 85 4
701 86 4
701 87 5
701 88 4
701 89 4
701 90 2
701 91 4
701 92 5
701 93 4
701 94 4
701 95 4
701 96 3
701 97 4
701 98 4
701 99 4
701 100 4
701 101 3
701 102 2
701 103 5
701 104 4
701 105 4
701 106 5
701 107 3
701 108 4
701 109 3
701 110 3
701 111 5
701 112 4
701 113 5
701 114 2
701 115 4
701 116 1
701 117 4
701 118 4
701 119 4
701 120 3
701 121 3
726 1 4
726 2 6
726 3 4
726 4 6
726 5 6
726 6 4
726 7 1
726 8 4
726 9 3
726 10 4
726 11 5
726 12 6
726 13 5
726 14 5
726 15 4
726 16 4
726 17 5
726 18 4
726 19 2
726 20 3
726 21 4
726 22 6
726 23 5
726 24 3
726 25 5
726 26 5
726 27 6
726 28 6
726 29 4
726 30 3
726 31 3
726 32 3
726 33 4
726 34 4
726 35 5
726 36 4
726 37 5
726 38 5
726 39 6
726 40 7
726 41 5
726 42 2
726 43 3
726 44 4
726 45 4
726 46 5
726 47 5
726 48 5
726 49 5
726 50 5
726 51 5
726 52 2
726 53 3
726 54 2
726 55 3
726 56 2
726 57 4
726 58 5
726 59 5
726 60 4
726 61 5
726 62 4
726 63 4
726 64 3
726 65 2
726 66 2
726 67 1
726 68 4
726 69 6
726 70 5
726 71 5
726 72 4
726 73 4
726 74 4
726 75 3
726 76 3
726 77 3
726 78 3
726 79 2
726 80 3
726 81 5
726 82 5
726 83 5
726 84 5
726 85 4
726 86 5
726 87 3
726 88 4
726 89 3
726 90 2
726 91 6
726 92 5
726 93 5
726 94 3
726 95 4
726 96 5
726 97 4
726 98 4
726 99 5
726 100 3
726 101 3
726 102 2
726 103 3
726 104 3
726 105 4
726 106 3
726 107 4
726 108 3
726 109 3
726 110 3
726 111 5
726 112 5
726 113 5
726 114 4
726 115 3
726 116 1
726 117 3
726 118 4
726 119 4
726 120 3
726 121 4
751 1 5
751 2 5
751 3 6
751 4 4
751 5 4
751 6 5
751 7 1
751 8 4
751 9 4
751 10 3
751 11 6
751 12 5
751 13 5
751 14 5
751 15 5
751 16 5
751 17 5
751 18 4
751 19 2
751 20 3
751 21 4
751 22 4
751 23 4
751 24 4
751 25 5
751 26 5
751 27 5
751 28 4
751 29 5
751 30 1
751 31 2
751 32 2
751 33 4
751 34 5
751 35 4
751 