1 5363
26 2337
51 2351
76 2478
101 2656
126 2829
151 2890
176 2908
201 3014
226 3002
251 2950
276 2927
301 2934
326 2978
351 2996
376 2917
401 2934
426 2916
451 2951
476 2903
501 2975
526 2994
551 2901
576 3022
601 2941
626 2982
651 2906
676 2991
701 2988
726 2987
751 2911
776 3004
801 3020
826 2955
851 2995
876 3029
901 2969
926 2934
951 2943
976 2940
1001 2965
1026 2927
1051 2960
1076 2957
1101 2908
1126 2971
1151 3013
1176 2995
1201 2978
1226 2967
1251 2930
1276 3014
1301 2934
1326 2971
1351 2888
1376 2923
1401 2968
1426 2976
1451 2994
1476 2917
1501 2997
1526 2990
1551 2958
1576 2975
1601 2948
1626 2965
1651 2914
1676 2879
1701 2960
1726 2924
1751 2933
1776 2936
1801 2925
1826 2943
1851 2971
1876 3015
1901 2923
1926 3003
1951 2964
1976 2943
