1 53
26 49
51 50
76 54
101 56
126 62
151 65
176 62
201 61
226 60
251 58
276 59
301 61
326 62
351 61
376 64
401 64
426 62
451 64
476 66
501 61
526 63
551 63
576 61
601 59
626 62
651 61
676 61
701 58
726 59
751 64
776 61
801 59
826 63
851 63
876 65
901 66
926 66
951 66
976 62
1001 60
1026 61
1051 62
1076 59
1101 55
1126 53
1151 58
1176 54
1201 56
1226 54
1251 57
1276 53
1301 57
1326 49
1351 55
1376 55
1401 55
1426 51
1451 54
1476 56
1501 57
1526 54
1551 52
1576 53
1601 61
1626 60
1651 55
1676 55
1701 61
1726 58
1751 55
1776 56
1801 57
1826 55
1851 56
1876 57
1901 65
1926 58
1951 53
1976 61
