1 5813
26 5433
51 5432
76 5289
101 5119
126 4888
151 4651
176 4450
201 4311
226 4268
251 4214
276 4263
301 4159
326 4098
351 4123
376 4155
401 4086
426 4161
451 4138
476 4129
501 4136
526 4209
551 4134
576 4159
601 4143
626 4092
651 4091
676 4094
701 4165
726 4132
751 4140
776 4140
801 4133
826 4154
851 4120
876 4128
901 4112
926 4159
951 4135
976 4162
1001 4188
1026 4141
1051 4168
1076 4169
1101 4122
1126 4114
1151 4133
1176 4138
1201 4106
1226 4145
1251 4128
1276 4141
1301 4082
1326 4152
1351 4131
1376 4148
1401 4079
1426 4160
1451 4109
1476 4138
1501 4072
1526 4070
1551 4152
1576 4180
1601 4111
1626 4123
1651 4117
1676 4152
1701 4171
1726 4204
1751 4172
1776 4154
1801 4149
1826 4113
1851 4142
1876 4137
1901 4169
1926 4109
1951 4158
1976 4151
