1 5169
26 4653
51 4763
76 4743
101 4619
126 4874
151 4823
176 4804
201 4745
226 4724
251 4698
276 4628
301 4764
326 4744
351 4921
376 4738
401 4783
426 4792
451 4655
476 4689
501 4824
526 4699
551 4744
576 4851
601 4856
626 4735
651 4711
676 4684
701 4782
726 4943
751 4815
776 4695
801 4605
826 4647
851 4779
876 4862
901 4742
926 4701
951 4668
976 4750
1001 4697
1026 4673
1051 4606
1076 4852
1101 4984
1126 4882
1151 4660
1176 4654
1201 4633
1226 4753
1251 4749
1276 4753
1301 4731
1326 4720
1351 4700
1376 4615
1401 4697
1426 4873
1451 4848
1476 4769
1501 4645
1526 4665
1551 4829
1576 4835
1601 4650
1626 4647
1651 4726
1676 4657
1701 4705
1726 4714
1751 4675
1776 4814
1801 4771
1826 4668
1851 4631
1876 4748
1901 4891
1926 4944
1951 4773
1976 4647
