1 5891
26 5691
51 5695
76 5667
101 5706
126 5731
151 5713
176 5706
201 5713
226 5670
251 5722
276 5718
301 5721
326 5771
351 5724
376 5706
401 5787
426 5719
451 5743
476 5804
501 5759
526 5775
551 5752
576 5743
601 5766
626 5718
651 5753
676 5743
701 5779
726 5774
751 5761
776 5747
801 5736
826 5739
851 5737
876 5722
901 5733
926 5687
951 5766
976 5662
1001 5825
1026 5737
1051 5664
1076 5726
1101 5706
1126 5777
1151 5766
1176 5734
1201 5736
1226 5690
1251 5743
1276 5772
1301 5764
1326 5699
1351 5768
1376 5744
1401 5711
1426 5730
1451 5735
1476 5749
1501 5754
1526 5756
1551 5696
1576 5769
1601 5728
1626 5752
1651 5714
1676 5664
1701 5781
1726 5701
1751 5726
1776 5776
1801 5751
1826 5744
1851 5761
1876 5731
1901 5764
1926 5769
1951 5809
1976 5686
