1 5367
26 4669
51 4644
76 4716
101 4702
126 4715
151 4607
176 4673
201 4718
226 4764
251 4819
276 4786
301 4845
326 4774
351 4755
376 4760
401 4676
426 4717
451 4760
476 4808
501 4769
526 4741
551 4760
576 4725
601 4738
626 4759
651 4796
676 4746
701 4723
726 4785
751 4762
776 4801
801 4792
826 4755
851 4758
876 4752
901 4767
926 4732
951 4713
976 4769
1001 4748
1026 4828
1051 4822
1076 4827
1101 4846
1126 4777
1151 4762
1176 4739
1201 4787
1226 4752
1251 4815
1276 4758
1301 4807
1326 4818
1351 4795
1376 4709
1401 4718
1426 4670
1451 4688
1476 4689
1501 4725
1526 4722
1551 4712
1576 4698
1601 4745
1626 4787
1651 4800
1676 4795
1701 4780
1726 4803
1751 4778
1776 4741
1801 4778
1826 4737
1851 4754
1876 4792
1901 4756
1926 4791
1951 4791
1976 4754
