1 4576
26 3885
51 3977
76 3956
101 3954
126 3960
151 3949
176 3914
201 3938
226 3940
251 3941
276 3922
301 3918
326 3937
351 3928
376 3953
401 3932
426 3909
451 3907
476 3881
501 3907
526 3924
551 3925
576 3901
601 3942
626 3925
651 3875
676 3886
701 3942
726 3868
751 3876
776 3872
801 3914
826 3908
851 3912
876 3952
901 3950
926 3934
951 3902
976 3904
1001 3903
1026 3946
1051 3976
1076 3970
1101 3942
1126 3977
1151 3899
1176 3888
1201 3950
1226 3915
1251 3920
1276 3915
1301 3945
1326 3862
1351 3880
1376 3944
1401 3903
1426 3922
1451 3935
1476 3917
1501 3939
1526 3883
1551 3899
1576 3846
1601 3901
1626 3863
1651 3948
1676 3952
1701 3903
1726 3829
1751 3888
1776 3915
1801 3929
1826 3921
1851 3890
1876 3915
1901 3886
1926 3931
1951 3851
1976 3935
