1 4448
26 3622
51 3593
76 3607
101 3595
126 3543
151 3552
176 3609
201 3613
226 3581
251 3571
276 3570
301 3589
326 3617
351 3558
376 3568
401 3598
426 3602
451 3595
476 3606
501 3602
526 3596
551 3564
576 3593
601 3541
626 3570
651 3568
676 3557
701 3584
726 3581
751 3560
776 3516
801 3555
826 3600
851 3570
876 3533
901 3550
926 3570
951 3555
976 3599
1001 3557
1026 3492
1051 3560
1076 3519
1101 3534
1126 3510
1151 3556
1176 3508
1201 3584
1226 3530
1251 3543
1276 3471
1301 3569
1326 3518
1351 3515
1376 3573
1401 3520
1426 3587
1451 3596
1476 3578
1501 3493
1526 3513
1551 3513
1576 3544
1601 3551
1626 3557
1651 3537
1676 3546
1701 3510
1726 3469
1751 3547
1776 3565
1801 3495
1826 3559
1851 3522
1876 3588
1901 3505
1926 3576
1951 3503
1976 3493
