1 90
26 91
51 92
76 91
101 93
126 90
151 90
176 87
201 92
226 92
251 90
276 88
301 93
326 92
351 92
376 88
401 90
426 90
451 92
476 88
501 92
526 91
551 90
576 93
601 94
626 95
651 92
676 93
701 90
726 90
751 93
776 93
801 90
826 91
851 93
876 89
901 93
926 91
951 92
976 90
1001 89
1026 91
1051 93
1076 88
1101 89
1126 91
1151 91
1176 92
1201 91
1226 89
1251 85
1276 87
1301 90
1326 91
1351 93
1376 91
1401 89
1426 92
1451 91
1476 92
1501 92
1526 89
1551 93
1576 93
1601 88
1626 91
1651 93
1676 92
1701 93
1726 89
1751 85
1776 89
1801 92
1826 93
1851 92
1876 94
1901 92
1926 90
1951 89
1976 92
