1 4238
26 3427
51 3448
76 3381
101 3425
126 3391
151 3372
176 3449
201 3393
226 3479
251 3449
276 3335
301 3399
326 3423
351 3331
376 3400
401 3371
426 3369
451 3369
476 3355
501 3388
526 3340
551 3364
576 3376
601 3409
626 3378
651 3316
676 3316
701 3394
726 3378
751 3356
776 3358
801 3396
826 3343
851 3361
876 3381
901 3423
926 3360
951 3380
976 3370
1001 3353
1026 3334
1051 3386
1076 3292
1101 3364
1126 3358
1151 3362
1176 3444
1201 3339
1226 3375
1251 3324
1276 3335
1301 3350
1326 3346
1351 3382
1376 3333
1401 3338
1426 3321
1451 3329
1476 3315
1501 3351
1526 3267
1551 3352
1576 3313
1601 3314
1626 3330
1651 3311
1676 3346
1701 3358
1726 3308
1751 3358
1776 3326
1801 3277
1826 3347
1851 3346
1876 3330
1901 3361
1926 3324
1951 3348
1976 3367
