1 4344
26 550
51 326
76 321
101 322
126 299
151 267
176 248
201 232
226 264
251 248
276 220
301 167
326 165
351 104
376 115
401 112
426 102
451 112
476 114
501 81
526 95
551 92
576 87
601 80
626 90
651 88
676 86
701 79
726 79
751 76
776 87
801 88
826 69
851 74
876 74
901 94
926 80
951 75
976 74
1001 66
1026 74
1051 77
1076 74
1101 73
1126 77
1151 80
1176 78
1201 84
1226 69
1251 64
1276 73
1301 71
1326 70
1351 69
1376 74
1401 63
1426 67
1451 53
1476 63
1501 56
1526 72
1551 53
1576 61
1601 69
1626 56
1651 51
1676 48
1701 49
1726 52
1751 54
1776 57
1801 48
1826 42
1851 64
1876 50
1901 55
1926 54
1951 60
1976 52
