1 4338
26 2158
51 2250
76 2306
101 2377
126 2518
151 2637
176 2739
201 2796
226 2766
251 2704
276 2763
301 2746
326 2643
351 2589
376 2708
401 2651
426 2613
451 2630
476 2644
501 2722
526 2614
551 2530
576 2623
601 2624
626 2638
651 2616
676 2521
701 2612
726 2628
751 2622
776 2558
801 2592
826 2552
851 2638
876 2579
901 2535
926 2585
951 2515
976 2566
1001 2563
1026 2584
1051 2545
1076 2603
1101 2596
1126 2573
1151 2621
1176 2617
1201 2644
1226 2630
1251 2652
1276 2565
1301 2597
1326 2649
1351 2585
1376 2506
1401 2533
1426 2574
1451 2576
1476 2539
1501 2608
1526 2624
1551 2601
1576 2624
1601 2622
1626 2567
1651 2587
1676 2524
1701 2598
1726 2618
1751 2618
1776 2534
1801 2579
1826 2568
1851 2517
1876 2595
1901 2582
1926 2571
1951 2609
1976 2580
