1 1 7
1 2 132
1 3 20
1 4 0
1 5 0
1 6 1
1 7 0
1 8 0
1 9 1
1 10 0
1 11 0
1 12 78
1 13 0
1 14 16
1 15 37
1 16 0
1 17 82
1 18 0
1 19 29
1 20 24
1 21 0
1 22 0
1 23 10
1 24 1
1 25 0
1 26 1
1 27 39
1 28 1
1 29 1
1 30 40
1 31 0
1 32 60
1 33 89
1 34 0
1 35 0
1 36 0
1 37 1
1 38 345
1 39 0
1 40 0
1 41 135
1 42 30
1 43 1
1 44 31
1 45 286
1 46 0
1 47 3
1 48 0
1 49 3
1 50 3
1 51 0
1 52 453
1 53 170
1 54 0
1 55 254
1 56 388
1 57 0
1 58 1
1 59 43
1 60 10
1 61 0
1 62 0
1 63 320
1 64 0
1 65 0
1 66 138
1 67 2
1 68 0
1 69 0
1 70 0
1 71 0
1 72 0
1 73 79
1 74 263
1 75 0
1 76 6
1 77 0
1 78 77
1 79 46
1 80 0
1 81 20
1 82 138
1 83 0
1 84 305
1 85 0
1 86 25
1 87 387
1 88 58
1 89 100
1 90 41
1 91 0
1 92 28
1 93 138
1 94 1
1 95 0
26 1 1
26 2 142
26 3 17
26 4 0
26 5 0
26 6 0
26 7 0
26 8 0
26 9 4
26 10 0
26 11 0
26 12 87
26 13 2
26 14 14
26 15 42
26 16 0
26 17 92
26 18 0
26 19 46
26 20 14
26 21 0
26 22 0
26 23 22
26 24 0
26 25 0
26 26 0
26 27 44
26 28 0
26 29 0
26 30 36
26 31 3
26 32 48
26 33 101
26 34 0
26 35 0
26 36 0
26 37 0
26 38 342
26 39 0
26 40 0
26 41 120
26 42 40
26 43 1
26 44 40
26 45 286
26 46 0
26 47 3
26 48 0
26 49 0
26 50 0
26 51 0
26 52 457
26 53 155
26 54 0
26 55 250
26 56 366
26 57 0
26 58 0
26 59 40
26 60 16
26 61 0
26 62 0
26 63 317
26 64 0
26 65 0
26 66 128
26 67 0
26 68 1
26 69 5
26 70 3
26 71 3
26 72 0
26 73 94
26 74 245
26 75 1
26 76 3
26 77 0
26 78 80
26 79 39
26 80 0
26 81 23
26 82 145
26 83 0
26 84 311
26 85 0
26 86 21
26 87 341
26 88 76
26 89 98
26 90 32
26 91 0
26 92 19
26 93 143
26 94 1
26 95 0
51 1 0
51 2 140
51 3 13
51 4 0
51 5 0
51 6 0
51 7 0
51 8 1
51 9 17
51 10 0
51 11 0
51 12 59
51 13 0
51 14 23
51 15 39
51 16 0
51 17 82
51 18 0
51 19 43
51 20 27
51 21 1
51 22 0
51 23 7
51 24 0
51 25 0
51 26 0
51 27 33
51 28 0
51 29 1
51 30 32
51 31 1
51 32 49
51 33 102
51 34 0
51 35 0
51 36 0
51 37 0
51 38 325
51 39 0
51 40 1
51 41 139
51 42 42
51 43 0
51 44 41
51 45 288
51 46 0
51 47 27
51 48 0
51 49 0
51 50 1
51 51 1
51 52 427
51 53 197
51 54 0
51 55 212
51 56 390
51 57 0
51 58 0
51 59 35
51 60 15
51 61 0
51 62 1
51 63 316
51 64 0
51 65 1
51 66 76
51 67 0
51 68 0
51 69 15
51 70 1
51 71 16
51 72 0
51 73 120
51 74 247
51 75 0
51 76 0
51 77 1
51 78 72
51 79 32
51 80 0
51 81 15
51 82 149
51 83 1
51 84 309
51 85 0
51 86 17
51 87 344
51 88 79
51 89 92
51 90 40
51 91 0
51 92 28
51 93 124
51 94 2
51 95 0
76 1 0
76 2 157
76 3 21
76 4 0
76 5 0
76 6 0
76 7 0
76 8 0
76 9 15
76 10 0
76 11 0
76 12 79
76 13 0
76 14 24
76 15 44
76 16 0
76 17 114
76 18 0
76 19 43
76 20 16
76 21 0
76 22 0
76 23 0
76 24 0
76 25 0
76 26 0
76 27 40
76 28 1
76 29 0
76 30 39
76 31 0
76 32 60
76 33 89
76 34 0
76 35 1
76 36 0
76 37 0
76 38 288
76 39 0
76 40 0
76 41 126
76 42 34
76 43 0
76 44 20
76 45 275
76 46 0
76 47 22
76 48 0
76 49 0
76 50 0
76 51 0
76 52 409
76 53 212
76 54 0
76 55 244
76 56 374
76 57 0
76 58 0
76 59 28
76 60 4
76 61 0
76 62 0
76 63 329
76 64 0
76 65 0
76 66 106
76 67 0
76 68 1
76 69 31
76 70 0
76 71 26
76 72 0
76 73 118
76 74 266
76 75 0
76 76 0
76 77 0
76 78 80
76 79 42
76 80 0
76 81 25
76 82 151
76 83 1
76 84 349
76 85 0
76 86 23
76 87 344
76 88 72
76 89 86
76 90 40
76 91 0
76 92 41
76 93 104
76 94 0
76 95 0
101 1 0
101 2 136
101 3 19
101 4 1
101 5 0
101 6 0
101 7 1
101 8 0
101 9 14
101 10 2
101 11 0
101 12 78
101 13 0
101 14 28
101 15 35
101 16 1
101 17 141
101 18 0
101 19 44
101 20 7
101 21 1
101 22 1
101 23 0
101 24 1
101 25 3
101 26 0
101 27 33
101 28 0
101 29 2
101 30 41
101 31 0
101 32 55
101 33 63
101 34 0
101 35 1
101 36 1
101 37 0
101 38 248
101 39 0
101 40 0
101 41 119
101 42 33
101 43 2
101 44 11
101 45 276
101 46 0
101 47 3
101 48 1
101 49 0
101 50 0
101 51 0
101 52 424
101 53 239
101 54 0
101 55 269
101 56 385
101 57 0
101 58 0
101 59 34
101 60 7
101 61 0
101 62 0
101 63 312
101 64 1
101 65 0
101 66 89
101 67 1
101 68 0
101 69 37
101 70 0
101 71 35
101 72 0
101 73 119
101 74 263
101 75 1
101 76 1
101 77 1
101 78 80
101 79 75
101 80 2
101 81 0
101 82 192
101 83 0
101 84 378
101 85 0
101 86 21
101 87 341
101 88 81
101 89 68
101 90 37
101 91 0
101 92 52
101 93 78
101 94 0
101 95 0
126 1 0
126 2 144
126 3 21
126 4 0
126 5 1
126 6 0
126 7 0
126 8 0
126 9 9
126 10 0
126 11 0
126 12 57
126 13 0
126 14 20
126 15 33
126 16 0
126 17 142
126 18 0
126 19 41
126 20 28
126 21 0
126 22 0
126 23 0
126 24 0
126 25 0
126 26 0
126 27 36
126 28 0
126 29 0
126 30 39
126 31 0
126 32 55
126 33 60
126 34 0
126 35 0
126 36 0
126 37 0
126 38 281
126 39 0
126 40 0
126 41 119
126 42 45
126 43 1
126 44 3
126 45 275
126 46 0
126 47 0
126 48 2
126 49 0
126 50 1
126 51 0
126 52 465
126 53 234
126 54 1
126 55 262
126 56 387
126 57 0
126 58 5
126 59 21
126 60 17
126 61 0
126 62 0
126 63 308
126 64 1
126 65 1
126 66 97
126 67 0
126 68 0
126 69 21
126 70 0
126 71 27
126 72 0
126 73 117
126 74 278
126 75 0
126 76 1
126 77 0
126 78 101
126 79 80
126 80 0
126 81 2
126 82 190
126 83 0
126 84 309
126 85 0
126 86 29
126 87 327
126 88 47
126 89 64
126 90 44
126 91 0
126 92 51
126 93 71
126 94 0
126 95 1
151 1 0
151 2 158
151 3 21
151 4 1
151 5 0
151 6 0
151 7 1
151 8 1
151 9 14
151 10 0
151 11 0
151 12 46
151 13 2
151 14 22
151 15 39
151 16 0
151 17 140
151 18 0
151 19 42
151 20 32
151 21 0
151 22 1
151 23 0
151 24 1
151 25 1
151 26 0
151 27 40
151 28 0
151 29 3
151 30 48
151 31 0
151 32 24
151 33 56
151 34 0
151 35 0
151 36 0
151 37 0
151 38 301
151 39 0
151 40 0
151 41 123
151 42 43
151 43 1
151 44 0
151 45 303
151 46 0
151 47 1
151 48 1
151 49 0
151 50 0
151 51 1
151 52 441
151 53 237
151 54 0
151 55 277
151 56 390
151 57 1
151 58 0
151 59 23
151 60 18
151 61 0
151 62 0
151 63 307
151 64 0
151 65 0
151 66 112
151 67 0
151 68 0
151 69 0
151 70 0
151 71 30
151 72 0
151 73 112
151 74 280
151 75 0
151 76 1
151 77 0
151 78 120
151 79 74
151 80 0
151 81 1
151 82 201
151 83 0
151 84 305
151 85 0
151 86 26
151 87 309
151 88 50
151 89 79
151 90 44
151 91 0
151 92 46
151 93 50
151 94 0
151 95 1
176 1 0
176 2 152
176 3 19
176 4 2
176 5 0
176 6 0
176 7 0
176 8 0
176 9 12
176 10 0
176 11 0
176 12 72
176 13 0
176 14 29
176 15 42
176 16 0
176 17 109
176 18 0
176 19 49
176 20 27
176 21 0
176 22 0
176 23 0
176 24 0
176 25 0
176 26 0
176 27 40
176 28 4
176 29 1
176 30 43
176 31 0
176 32 35
176 33 68
176 34 0
176 35 0
176 36 0
176 37 0
176 38 326
176 39 0
176 40 0
176 41 121
176 42 39
176 43 0
176 44 0
176 45 333
176 46 0
176 47 0
176 48 0
176 49 0
176 50 0
176 51 0
176 52 451
176 53 209
176 54 1
176 55 229
176 56 425
176 57 0
176 58 1
176 59 11
176 60 12
176 61 0
176 62 0
176 63 279
176 64 0
176 65 0
176 66 132
176 67 0
176 68 0
176 69 0
176 70 0
176 71 25
176 72 0
176 73 103
176 74 304
176 75 1
176 76 0
176 77 0
176 78 119
176 79 80
176 80 0
176 81 0
176 82 180
176 83 0
176 84 312
176 85 0
176 86 32
176 87 310
176 88 36
176 89 70
176 90 40
176 91 1
176 92 50
176 93 77
176 94 0
176 95 0
201 1 0
201 2 147
201 3 25
201 4 0
201 5 0
201 6 0
201 7 1
201 8 0
201 9 26
201 10 0
201 11 0
201 12 52
201 13 0
201 14 19
201 15 43
201 16 1
201 17 82
201 18 0
201 19 46
201 20 26
201 21 0
201 22 0
201 23 0
201 24 19
201 25 0
201 26 1
201 27 52
201 28 10
201 29 3
201 30 47
201 31 0
201 32 45
201 33 110
201 34 0
201 35 2
201 36 1
201 37 1
201 38 277
201 39 1
201 40 0
201 41 112
201 42 34
201 43 0
201 44 0
201 45 347
201 46 0
201 47 0
201 48 6
201 49 1
201 50 0
201 51 0
201 52 433
201 53 201
201 54 1
201 55 235
201 56 411
201 57 0
201 58 0
201 59 7
201 60 11
201 61 0
201 62 0
201 63 308
201 64 0
201 65 0
201 66 117
201 67 0
201 68 0
201 69 0
201 70 1
201 71 27
201 72 0
201 73 120
201 74 276
201 75 9
201 76 1
201 77 0
201 78 120
201 79 65
201 80 0
201 81 0
201 82 151
201 83 0
201 84 334
201 85 13
201 86 44
201 87 294
201 88 40
201 89 68
201 90 46
201 91 2
201 92 58
201 93 80
201 94 0
201 95 0
226 1 1
226 2 164
226 3 19
226 4 0
226 5 0
226 6 0
226 7 0
226 8 0
226 9 29
226 10 0
226 11 0
226 12 32
226 13 0
226 14 17
226 15 41
226 16 3
226 17 68
226 18 0
226 19 46
226 20 35
226 21 1
226 22 0
226 23 0
226 24 6
226 25 0
226 26 0
226 27 68
226 28 0
226 29 0
226 30 47
226 31 1
226 32 35
226 33 105
226 34 0
226 35 0
226 36 1
226 37 0
226 38 295
226 39 0
226 40 0
226 41 113
226 42 36
226 43 0
226 44 0
226 45 352
226 46 0
226 47 0
226 48 0
226 49 0
226 50 0
226 51 0
226 52 431
226 53 158
226 54 0
226 55 259
226 56 454
226 57 0
226 58 0
226 59 16
226 60 8
226 61 0
226 62 1
226 63 314
226 64 0
226 65 0
226 66 105
226 67 0
226 68 1
226 69 0
226 70 0
226 71 27
226 72 0
226 73 120
226 74 279
226 75 16
226 76 0
226 77 0
226 78 120
226 79 66
226 80 0
226 81 0
226 82 163
226 83 0
226 84 326
226 85 28
226 86 36
226 87 323
226 88 43
226 89 52
226 90 55
226 91 0
226 92 72
226 93 70
226 94 0
226 95 0
251 1 0
251 2 163
251 3 21
251 4 0
251 5 0
251 6 1
251 7 0
251 8 1
251 9 38
251 10 1
251 11 0
251 12 40
251 13 0
251 14 8
251 15 39
251 16 0
251 17 63
251 18 0
251 19 38
251 20 36
251 21 0
251 22 1
251 23 0
251 24 1
251 25 0
251 26 0
251 27 73
251 28 0
251 29 0
251 30 39
251 31 0
251 32 45
251 33 90
251 34 0
251 35 0
251 36 2
251 37 0
251 38 276
251 39 0
251 40 0
251 41 95
251 42 41
251 43 0
251 44 0
251 45 338
251 46 0
251 47 0
251 48 0
251 49 0
251 50 0
251 51 2
251 52 429
251 53 157
251 54 0
251 55 258
251 56 419
251 57 1
251 58 1
251 59 13
251 60 2
251 61 0
251 62 13
251 63 353
251 64 1
251 65 0
251 66 107
251 67 0
251 68 0
251 69 0
251 70 2
251 71 20
251 72 0
251 73 117
251 74 248
251 75 32
251 76 0
251 77 0
251 78 121
251 79 76
251 80 0
251 81 0
251 82 155
251 83 1
251 84 305
251 85 31
251 86 29
251 87 354
251 88 37
251 89 60
251 90 34
251 91 1
251 92 63
251 93 92
251 94 0
251 95 1
276 1 4
276 2 169
276 3 22
276 4 0
276 5 0
276 6 0
276 7 1
276 8 0
276 9 44
276 10 0
276 11 0
276 12 47
276 13 0
276 14 26
276 15 37
276 16 0
276 17 46
276 18 0
276 19 41
276 20 39
276 21 0
276 22 6
276 23 0
276 24 0
276 25 0
276 26 0
276 27 74
276 28 0
276 29 0
276 30 19
276 31 0
276 32 42
276 33 107
276 34 1
276 35 2
276 36 0
276 37 0
276 38 269
276 39 0
276 40 0
276 41 105
276 42 36
276 43 3
276 44 0
276 45 323
276 46 2
276 47 0
276 48 11
276 49 0
276 50 0
276 51 0
276 52 423
276 53 154
276 54 0
276 55 265
276 56 383
276 57 0
276 58 0
276 59 13
276 60 7
276 61 0
276 62 26
276 63 342
276 64 0
276 65 0
276 66 119
276 67 0
276 68 0
276 69 0
276 70 0
276 71 22
276 72 0
276 73 119
276 74 252
276 75 26
276 76 0
276 77 0
276 78 118
276 79 77
276 80 0
276 81 0
276 82 91
276 83 0
276 84 374
276 85 38
276 86 27
276 87 364
276 88 40
276 89 67
276 90 27
276 91 0
276 92 45
276 93 92
276 94 1
276 95 4
301 1 1
301 2 154
301 3 19
301 4 0
301 5 0
301 6 0
301 7 0
301 8 0
301 9 21
301 10 1
301 11 0
301 12 59
301 13 0
301 14 24
301 15 41
301 16 1
301 17 48
301 18 0
301 19 32
301 20 41
301 21 1
301 22 7
301 23 0
301 24 0
301 25 2
301 26 0
301 27 76
301 28 0
301 29 0
301 30 0
301 31 0
301 32 50
301 33 120
301 34 0
301 35 0
301 36 0
301 37 0
301 38 248
301 39 0
301 40 1
301 41 86
301 42 38
301 43 1
301 44 0
301 45 309
301 46 0
301 47 0
301 48 18
301 49 0
301 50 0
301 51 0
301 52 446
301 53 146
301 54 0
301 55 258
301 56 410
301 57 0
301 58 0
301 59 16
301 60 19
301 61 1
301 62 20
301 63 373
301 64 0
301 65 1
301 66 127
301 67 0
301 68 0
301 69 0
301 70 2
301 71 21
301 72 0
301 73 107
301 74 306
301 75 7
301 76 0
301 77 0
301 78 120
301 79 63
301 80 0
301 81 0
301 82 52
301 83 0
301 84 391
301 85 33
301 86 29
301 87 394
301 88 41
301 89 83
301 90 40
301 91 4
301 92 53
301 93 60
301 94 4
301 95 12
326 1 0
326 2 169
326 3 23
326 4 0
326 5 1
326 6 0
326 7 0
326 8 0
326 9 20
326 10 0
326 11 0
326 12 47
326 13 0
326 14 20
326 15 39
326 16 0
326 17 40
326 18 0
326 19 44
326 20 40
326 21 0
326 22 13
326 23 0
326 24 0
326 25 0
326 26 0
326 27 80
326 28 0
326 29 3
326 30 1
326 31 0
326 32 47
326 33 117
326 34 0
326 35 1
326 36 2
326 37 0
326 38 268
326 39 0
326 40 0
326 41 76
326 42 40
326 43 1
326 44 0
326 45 320
326 46 0
326 47 0
326 48 20
326 49 0
326 50 0
326 51 0
326 52 441
326 53 164
326 54 0
326 55 249
326 56 405
326 57 0
326 58 0
326 59 14
326 60 16
326 61 0
326 62 22
326 63 341
326 64 0
326 65 2
326 66 126
326 67 0
326 68 1
326 69 0
326 70 0
326 71 22
326 72 4
326 73 111
326 74 311
326 75 10
326 76 1
326 77 0
326 78 114
326 79 58
326 80 0
326 81 1
326 82 41
326 83 0
326 84 380
326 85 33
326 86 16
326 87 397
326 88 36
326 89 78
326 90 23
326 91 7
326 92 49
326 93 57
326 94 0
326 95 19
351 1 0
351 2 138
351 3 17
351 4 0
351 5 1
351 6 2
351 7 0
351 8 2
351 9 22
351 10 0
351 11 0
351 12 56
351 13 1
351 14 35
351 15 43
351 16 0
351 17 38
351 18 0
351 19 44
351 20 36
351 21 0
351 22 5
351 23 0
351 24 1
351 25 0
351 26 0
351 27 88
351 28 0
351 29 20
351 30 0
351 31 0
351 32 45
351 33 109
351 34 0
351 35 2
351 36 2
351 37 1
351 38 325
351 39 0
351 40 0
351 41 72
351 42 48
351 43 0
351 44 0
351 45 306
351 46 0
351 47 0
351 48 11
351 49 0
351 50 0
351 51 0
351 52 480
351 53 175
351 54 1
351 55 267
351 56 414
351 57 0
351 58 0
351 59 17
351 60 9
351 61 0
351 62 18
351 63 338
351 64 0
351 65 4
351 66 116
351 67 0
351 68 0
351 69 0
351 70 0
351 71 18
351 72 23
351 73 122
351 74 273
351 75 10
351 76 0
351 77 0
351 78 119
351 79 55
351 80 0
351 81 1
351 82 44
351 83 0
351 84 362
351 85 41
351 86 27
351 87 368
351 88 39
351 89 73
351 90 34
351 91 5
351 92 23
351 93 72
351 94 0
351 95 23
376 1 0
376 2 148
376 3 15
376 4 1
376 5 1
376 6 0
376 7 0
376 8 7
376 9 26
376 10 1
376 11 0
376 12 49
376 13 0
376 14 24
376 15 44
376 16 0
376 17 40
376 18 1
376 19 48
376 20 42
376 21 0
376 22 1
376 23 0
376 24 1
376 25 0
376 26 1
376 27 65
376 28 2
376 29 33
376 30 9
376 31 0
376 32 38
376 33 120
376 34 1
376 35 11
376 36 0
376 37 0
376 38 334
376 39 0
376 40 0
376 41 66
376 42 39
376 43 0
376 44 0
376 45 306
376 46 1
376 47 0
376 48 4
376 49 0
376 50 0
376 51 4
376 52 459
376 53 177
376 54 0
376 55 241
376 56 432
376 57 0
376 58 0
376 59 10
376 60 20
376 61 0
376 62 16
376 63 366
376 64 0
376 65 3
376 66 112
376 67 0
376 68 1
376 69 0
376 70 0
376 71 25
376 72 39
376 73 111
376 74 303
376 75 8
376 76 0
376 77 0
376 78 117
376 79 37
376 80 2
376 81 0
376 82 39
376 83 0
376 84 372
376 85 35
376 86 29
376 87 337
376 88 40
376 89 64
376 90 18
376 91 1
376 92 37
376 93 62
376 94 1
376 95 16
401 1 0
401 2 156
401 3 12
401 4 0
401 5 0
401 6 0
401 7 0
401 8 23
401 9 27
401 10 0
401 11 0
401 12 28
401 13 0
401 14 33
401 15 56
401 16 0
401 17 48
401 18 4
401 19 37
401 20 41
401 21 0
401 22 0
401 23 0
401 24 0
401 25 0
401 26 0
401 27 72
401 28 0
401 29 37
401 30 30
401 31 0
401 32 30
401 33 91
401 34 6
401 35 16
401 36 0
401 37 0
401 38 295
401 39 0
401 40 0
401 41 47
401 42 23
401 43 0
401 44 0
401 45 298
401 46 1
401 47 2
401 48 0
401 49 1
401 50 0
401 51 0
401 52 449
401 53 185
401 54 1
401 55 239
401 56 422
401 57 0
401 58 1
401 59 8
401 60 16
401 61 0
401 62 26
401 63 374
401 64 0
401 65 35
401 66 121
401 67 1
401 68 0
401 69 0
401 70 0
401 71 24
401 72 32
401 73 112
401 74 295
401 75 12
401 76 0
401 77 0
401 78 118
401 79 34
401 80 0
401 81 0
401 82 39
401 83 0
401 84 371
401 85 38
401 86 23
401 87 353
401 88 42
401 89 86
401 90 1
401 91 3
401 92 39
401 93 82
401 94 0
401 95 24
426 1 0
426 2 155
426 3 20
426 4 0
426 5 0
426 6 0
426 7 0
426 8 0
426 9 35
426 10 1
426 11 0
426 12 35
426 13 0
426 14 24
426 15 71
426 16 1
426 17 41
426 18 1
426 19 43
426 20 41
426 21 0
426 22 0
426 23 0
426 24 0
426 25 0
426 26 0
426 27 51
426 28 0
426 29 34
426 30 27
426 31 0
426 32 31
426 33 90
426 34 12
426 35 10
426 36 0
426 37 1
426 38 335
426 39 0
426 40 0
426 41 36
426 42 27
426 43 1
426 44 0
426 45 281
426 46 0
426 47 0
426 48 1
426 49 1
426 50 0
426 51 0
426 52 455
426 53 172
426 54 0
426 55 236
426 56 411
426 57 0
426 58 0
426 59 1
426 60 9
426 61 0
426 62 21
426 63 375
426 64 0
426 65 39
426 66 125
426 67 0
426 68 1
426 69 0
426 70 0
426 71 29
426 72 31
426 73 107
426 74 300
426 75 23
426 76 1
426 77 0
426 78 125
426 79 38
426 80 2
426 81 0
426 82 38
426 83 1
426 84 362
426 85 40
426 86 19
426 87 342
426 88 36
426 89 82
426 90 2
426 91 3
426 92 29
426 93 124
426 94 0
426 95 5
451 1 0
451 2 162
451 3 16
451 4 2
451 5 0
451 6 0
451 7 0
451 8 0
451 9 20
451 10 0
451 11 2
451 12 22
451 13 0
451 14 23
451 15 104
451 16 7
451 17 41
451 18 2
451 19 71
451 20 48
451 21 0
451 22 0
451 23 0
451 24 0
451 25 0
451 26 0
451 27 38
451 28 0
451 29 39
451 30 33
451 31 0
451 32 54
451 33 85
451 34 6
451 35 9
451 36 0
451 37 0
451 38 338
451 39 0
451 40 0
451 41 43
451 42 10
451 43 0
451 44 0
451 45 240
451 46 0
451 47 0
451 48 0
451 49 0
451 50 0
451 51 0
451 52 493
451 53 193
451 54 0
451 55 244
451 56 424
451 57 0
451 58 0
451 59 0
451 60 4
451 61 0
451 62 13
451 63 374
451 64 1
451 65 57
451 66 95
451 67 0
451 68 0
451 69 1
451 70 1
451 71 19
451 72 33
451 73 110
451 74 256
451 75 13
451 76 15
451 77 0
451 78 117
451 79 35
451 80 0
451 81 1
451 82 39
451 83 0
451 84 374
451 85 36
451 86 14
451 87 345
451 88 41
451 89 85
451 90 1
451 91 3
451 92 29
451 93 126
451 94 0
451 95 0
476 1 0
476 2 161
476 3 17
476 4 0
476 5 0
476 6 0
476 7 0
476 8 0
476 9 19
476 10 10
476 11 5
476 12 35
476 13 0
476 14 22
476 15 118
476 16 1
476 17 45
476 18 0
476 19 64
476 20 40
476 21 0
476 22 0
476 23 0
476 24 0
476 25 0
476 26 1
476 27 42
476 28 0
476 29 35
476 30 27
476 31 0
476 32 25
476 33 89
476 34 7
476 35 9
476 36 0
476 37 1
476 38 346
476 39 1
476 40 0
476 41 71
476 42 3
476 43 0
476 44 4
476 45 208
476 46 2
476 47 0
476 48 0
476 49 0
476 50 1
476 51 0
476 52 484
476 53 190
476 54 1
476 55 264
476 56 404
476 57 0
476 58 0
476 59 0
476 60 27
476 61 1
476 62 23
476 63 376
476 64 0
476 65 57
476 66 67
476 67 0
476 68 0
476 69 2
476 70 1
476 71 25
476 72 45
476 73 114
476 74 233
476 75 28
476 76 15
476 77 0
476 78 116
476 79 26
476 80 0
476 81 0
476 82 40
476 83 0
476 84 428
476 85 34
476 86 4
476 87 381
476 88 28
476 89 77
476 90 1
476 91 4
476 92 38
476 93 126
476 94 0
476 95 0
501 1 0
501 2 158
501 3 16
501 4 0
501 5 0
501 6 0
501 7 0
501 8 7
501 9 32
501 10 21
501 11 0
501 12 27
501 13 0
501 14 25
501 15 119
501 16 0
501 17 39
501 18 0
501 19 59
501 20 36
501 21 0
501 22 0
501 23 0
501 24 0
501 25 0
501 26 1
501 27 42
501 28 0
501 29 34
501 30 32
501 31 0
501 32 43
501 33 117
501 34 8
501 35 13
501 36 0
501 37 0
501 38 378
501 39 0
501 40 0
501 41 78
501 42 6
501 43 0
501 44 0
501 45 227
501 46 1
501 47 0
501 48 0
501 49 0
501 50 0
501 51 0
501 52 461
501 53 179
501 54 0
501 55 274
501 56 438
501 57 0
501 58 0
501 59 1
501 60 26
501 61 0
501 62 16
501 63 386
501 64 0
501 65 41
501 66 47
501 67 0
501 68 0
501 69 3
501 70 0
501 71 22
501 72 37
501 73 110
501 74 205
501 75 37
501 76 6
501 77 0
501 78 100
501 79 39
501 80 0
501 81 0
501 82 40
501 83 0
501 84 355
501 85 14
501 86 10
501 87 398
501 88 29
501 89 45
501 90 35
501 91 11
501 92 51
501 93 113
501 94 0
501 95 0
526 1 0
526 2 151
526 3 23
526 4 0
526 5 0
526 6 0
526 7 0
526 8 21
526 9 16
526 10 24
526 11 0
526 12 37
526 13 0
526 14 17
526 15 114
526 16 1
526 17 45
526 18 0
526 19 57
526 20 42
526 21 0
526 22 0
526 23 0
526 24 7
526 25 0
526 26 0
526 27 44
526 28 0
526 29 43
526 30 37
526 31 1
526 32 51
526 33 102
526 34 10
526 35 4
526 36 0
526 37 1
526 38 383
526 39 0
526 40 0
526 41 88
526 42 14
526 43 1
526 44 0
526 45 251
526 46 0
526 47 0
526 48 0
526 49 3
526 50 0
526 51 0
526 52 492
526 53 183
526 54 0
526 55 246
526 56 443
526 57 0
526 58 0
526 59 1
526 60 3
526 61 1
526 62 21
526 63 398
526 64 0
526 65 53
526 66 51
526 67 0
526 68 0
526 69 0
526 70 0
526 71 25
526 72 31
526 73 87
526 74 193
526 75 52
526 76 9
526 77 0
526 78 78
526 79 26
526 80 0
526 81 2
526 82 27
526 83 1
526 84 359
526 85 6
526 86 20
526 87 411
526 88 23
526 89 41
526 90 40
526 91 10
526 92 51
526 93 105
526 94 0
526 95 0
551 1 0
551 2 134
551 3 29
551 4 0
551 5 0
551 6 0
551 7 0
551 8 17
551 9 29
551 10 8
551 11 0
551 12 35
551 13 0
551 14 25
551 15 82
551 16 0
551 17 73
551 18 0
551 19 61
551 20 37
551 21 0
551 22 0
551 23 0
551 24 9
551 25 1
551 26 1
551 27 40
551 28 1
551 29 46
551 30 37
551 31 2
551 32 71
551 33 83
551 34 16
551 35 11
551 36 0
551 37 1
551 38 360
551 39 0
551 40 1
551 41 78
551 42 28
551 43 0
551 44 0
551 45 258
551 46 0
551 47 0
551 48 0
551 49 0
551 50 0
551 51 0
551 52 487
551 53 209
551 54 0
551 55 281
551 56 425
551 57 0
551 58 0
551 59 2
551 60 0
551 61 0
551 62 20
551 63 389
551 64 0
551 65 37
551 66 57
551 67 0
551 68 0
551 69 0
551 70 0
551 71 23
551 72 33
551 73 75
551 74 211
551 75 48
551 76 0
551 77 0
551 78 80
551 79 29
551 80 0
551 81 0
551 82 13
551 83 0
551 84 410
551 85 0
551 86 13
551 87 397
551 88 24
551 89 40
551 90 39
551 91 6
551 92 52
551 93 100
551 94 1
551 95 0
576 1 0
576 2 146
576 3 17
576 4 0
576 5 0
576 6 0
576 7 0
576 8 23
576 9 16
576 10 3
576 11 0
576 12 37
576 13 2
576 14 51
576 15 88
576 16 0
576 17 83
576 18 0
576 19 51
576 20 37
576 21 0
576 22 0
576 23 0
576 24 14
576 25 0
576 26 0
576 27 40
576 28 0
576 29 36
576 30 38
576 31 0
576 32 88
576 33 74
576 34 7
576 35 40
576 36 0
576 37 0
576 38 390
576 39 0
576 40 0
576 41 81
576 42 30
576 43 0
576 44 1
576 45 266
576 46 0
576 47 0
576 48 0
576 49 2
576 50 2
576 51 0
576 52 514
576 53 189
576 54 0
576 55 303
576 56 397
576 57 0
576 58 0
576 59 0
576 60 0
576 61 0
576 62 18
576 63 395
576 64 1
576 65 30
576 66 54
576 67 1
576 68 0
576 69 0
576 70 0
576 71 24
576 72 40
576 73 72
576 74 208
576 75 23
576 76 1
576 77 0
576 78 118
576 79 32
576 80 0
576 81 2
576 82 10
576 83 0
576 84 354
576 85 0
576 86 18
576 87 407
576 88 7
576 89 41
576 90 71
576 91 0
576 92 45
576 93 92
576 94 0
576 95 0
601 1 0
601 2 139
601 3 12
601 4 0
601 5 2
601 6 0
601 7 0
601 8 30
601 9 24
601 10 0
601 11 0
601 12 38
601 13 1
601 14 49
601 15 103
601 16 1
601 17 79
601 18 0
601 19 69
601 20 36
601 21 0
601 22 0
601 23 0
601 24 22
601 25 0
601 26 1
601 27 40
601 28 0
601 29 38
601 30 40
601 31 0
601 32 51
601 33 87
601 34 10
601 35 31
601 36 0
601 37 0
601 38 395
601 39 8
601 40 0
601 41 84
601 42 23
601 43 0
601 44 1
601 45 265
601 46 1
601 47 0
601 48 1
601 49 0
601 50 0
601 51 0
601 52 472
601 53 198
601 54 0
601 55 291
601 56 393
601 57 0
601 58 0
601 59 0
601 60 0
601 61 1
601 62 20
601 63 366
601 64 1
601 65 32
601 66 53
601 67 0
601 68 0
601 69 0
601 70 0
601 71 28
601 72 32
601 73 67
601 74 178
601 75 26
601 76 0
601 77 0
601 78 117
601 79 21
601 80 0
601 81 18
601 82 13
601 83 0
601 84 375
601 85 0
601 86 23
601 87 398
601 88 0
601 89 41
601 90 84
601 91 0
601 92 39
601 93 117
601 94 0
601 95 0
626 1 0
626 2 145
626 3 26
626 4 0
626 5 0
626 6 2
626 7 0
626 8 27
626 9 36
626 10 1
626 11 0
626 12 36
626 13 0
626 14 44
626 15 102
626 16 0
626 17 84
626 18 0
626 19 60
626 20 42
626 21 0
626 22 1
626 23 0
626 24 21
626 25 1
626 26 0
626 27 37
626 28 1
626 29 42
626 30 37
626 31 0
626 32 63
626 33 85
626 34 8
626 35 28
626 36 0
626 37 0
626 38 398
626 39 20
626 40 0
626 41 80
626 42 17
626 43 0
626 44 0
626 45 249
626 46 0
626 47 0
626 48 0
626 49 0
626 50 0
626 51 0
626 52 495
626 53 197
626 54 0
626 55 276
626 56 395
626 57 0
626 58 0
626 59 2
626 60 0
626 61 0
626 62 16
626 63 375
626 64 0
626 65 55
626 66 52
626 67 0
626 68 0
626 69 0
626 70 2
626 71 25
626 72 34
626 73 78
626 74 180
626 75 7
626 76 0
626 77 0
626 78 132
626 79 19
626 80 0
626 81 16
626 82 10
626 83 0
626 84 341
626 85 0
626 86 21
626 87 380
626 88 33
626 89 40
626 90 82
626 91 0
626 92 42
626 93 102
626 94 1
626 95 0
651 1 0
651 2 138
651 3 18
651 4 0
651 5 6
651 6 0
651 7 0
651 8 27
651 9 20
651 10 0
651 11 2
651 12 23
651 13 0
651 14 51
651 15 108
651 16 0
651 17 73
651 18 0
651 19 70
651 20 39
651 21 0
651 22 0
651 23 0
651 24 10
651 25 0
651 26 5
651 27 5
651 28 0
651 29 41
651 30 40
651 31 3
651 32 73
651 33 75
651 34 16
651 35 11
651 36 0
651 37 0
651 38 390
651 39 17
651 40 0
651 41 86
651 42 27
651 43 0
651 44 0
651 45 320
651 46 0
651 47 0
651 48 1
651 49 3
651 50 0
651 51 0
651 52 491
651 53 192
651 54 0
651 55 282
651 56 337
651 57 0
651 58 0
651 59 0
651 60 0
651 61 1
651 62 21
651 63 354
651 64 1
651 65 60
651 66 70
651 67 0
651 68 0
651 69 0
651 70 0
651 71 25
651 72 37
651 73 74
651 74 182
651 75 1
651 76 0
651 77 0
651 78 121
651 79 22
651 80 0
651 81 24
651 82 17
651 83 0
651 84 354
651 85 0
651 86 20
651 87 358
651 88 42
651 89 36
651 90 72
651 91 1
651 92 77
651 93 92
651 94 0
651 95 10
676 1 0
676 2 120
676 3 23
676 4 0
676 5 0
676 6 0
676 7 0
676 8 21
676 9 28
676 10 1
676 11 0
676 12 0
676 13 0
676 14 59
676 15 109
676 16 0
676 17 82
676 18 0
676 19 64
676 20 19
676 21 0
676 22 1
676 23 0
676 24 12
676 25 0
676 26 0
676 27 1
676 28 0
676 29 43
676 30 40
676 31 0
676 32 65
676 33 82
676 34 13
676 35 11
676 36 0
676 37 1
676 38 418
676 39 20
676 40 0
676 41 78
676 42 23
676 43 2
676 44 2
676 45 323
676 46 7
676 47 0
676 48 1
676 49 20
676 50 0
676 51 0
676 52 497
676 53 186
676 54 0
676 55 282
676 56 288
676 57 0
676 58 0
676 59 0
676 60 0
676 61 3
676 62 21
676 63 357
676 64 2
676 65 77
676 66 75
676 67 1
676 68 0
676 69 0
676 70 0
676 71 18
676 72 33
676 73 61
676 74 169
676 75 0
676 76 0
676 77 0
676 78 125
676 79 21
676 80 0
676 81 11
676 82 27
676 83 0
676 84 346
676 85 0
676 86 27
676 87 309
676 88 40
676 89 41
676 90 84
676 91 0
676 92 89
676 93 98
676 94 0
676 95 21
701 1 0
701 2 103
701 3 22
701 4 1
701 5 0
701 6 0
701 7 0
701 8 28
701 9 22
701 10 0
701 11 0
701 12 0
701 13 0
701 14 53
701 15 100
701 16 0
701 17 86
701 18 0
701 19 71
701 20 30
701 21 0
701 22 0
701 23 0
701 24 18
701 25 0
701 26 3
701 27 0
701 28 0
701 29 34
701 30 31
701 31 1
701 32 40
701 33 88
701 34 21
701 35 2
701 36 0
701 37 0
701 38 427
701 39 25
701 40 0
701 41 86
701 42 21
701 43 20
701 44 0
701 45 315
701 46 0
701 47 0
701 48 0
701 49 18
701 50 0
701 51 0
701 52 485
701 53 185
701 54 0
701 55 263
701 56 317
701 57 1
701 58 0
701 59 0
701 60 0
701 61 0
701 62 21
701 63 371
701 64 1
701 65 60
701 66 92
701 67 0
701 68 0
701 69 2
701 70 0
701 71 23
701 72 31
701 73 45
701 74 174
701 75 0
701 76 34
701 77 0
701 78 127
701 79 27
701 80 0
701 81 18
701 82 35
701 83 1
701 84 380
701 85 0
701 86 31
701 87 328
701 88 41
701 89 38
701 90 75
701 91 1
701 92 118
701 93 99
701 94 3
701 95 7
726 1 0
726 2 93
726 3 25
726 4 0
726 5 0
726 6 0
726 7 1
726 8 28
726 9 21
726 10 0
726 11 0
726 12 7
726 13 1
726 14 43
726 15 105
726 16 2
726 17 82
726 18 0
726 19 61
726 20 14
726 21 0
726 22 0
726 23 0
726 24 13
726 25 0
726 26 0
726 27 0
726 28 0
726 29 40
726 30 38
726 31 0
726 32 20
726 33 76
726 34 13
726 35 9
726 36 0
726 37 0
726 38 430
726 39 19
726 40 0
726 41 87
726 42 25
726 43 24
726 44 0
726 45 313
726 46 0
726 47 1
726 48 0
726 49 31
726 50 0
726 51 0
726 52 503
726 53 184
726 54 0
726 55 256
726 56 346
726 57 0
726 58 0
726 59 0
726 60 0
726 61 0
726 62 20
726 63 370
726 64 0
726 65 45
726 66 75
726 67 1
726 68 0
726 69 0
726 70 0
726 71 24
726 72 33
726 73 45
726 74 168
726 75 0
726 76 31
726 77 0
726 78 109
726 79 19
726 80 0
726 81 22
726 82 53
726 83 7
726 84 344
726 85 0
726 86 26
726 87 333
726 88 40
726 89 48
726 90 80
726 91 6
726 92 109
726 93 89
726 94 0
726 95 2
751 1 0
751 2 84
751 3 26
751 4 0
751 5 0
751 6 0
751 7 2
751 8 26
751 9 24
751 10 1
751 11 1
751 12 4
751 13 0
751 14 41
751 15 117
751 16 0
751 17 87
751 18 0
751 19 60
751 20 19
751 21 0
751 22 0
751 23 0
751 24 15
751 25 0
751 26 0
751 27 0
751 28 0
751 29 40
751 30 25
751 31 1
751 32 33
751 33 77
751 34 10
751 35 4
751 36 0
751 37 0
751 38 440
751 39 19
751 40 0
751 41 89
751 42 25
751 43 8
751 44 0
751 45 308
751 46 0
751 47 0
751 48 0
751 49 26
751 50 0
751 51 0
751 52 512
751 53 183
751 54 0
751 55 281
751 56 352
751 57 0
751 58 0
751 59 1
751 60 1
751 61 1
751 62 10
751 63 372
751 64 0
751 65 47
751 66 67
751 67 2
751 68 0
751 69 1
751 70 0
751 71 23
751 72 39
751 73 41
751 74 170
751 75 0
751 76 35
751 77 1
751 78 89
751 79 38
751 80 1
751 81 14
751 82 68
751 83 0
751 84 331
751 85 0
751 86 24
751 87 344
751 88 40
751 89 30
751 90 119
751 91 37
751 92 128
751 93 53
751 94 0
751 95 1
776 1 22
776 2 75
776 3 20
776 4 0
776 5 0
776 6 0
776 7 3
776 8 26
776 9 27
776 10 1
776 11 0
776 12 4
776 13 0
776 14 51
776 15 109
776 16 0
776 17 86
776 18 0
776 19 68
776 20 12
776 21 0
776 22 0
776 23 0
776 24 18
776 25 0
776 26 1
776 27 0
776 28 0
776 29 36
776 30 8
776 31 0
776 32 40
776 33 73
776 34 12
776 35 0
776 36 0
776 37 0
776 38 451
776 39 18
776 40 1
776 41 112
776 42 20
776 43 0
776 44 19
776 45 313
776 46 0
776 47 2
776 48 0
776 49 28
776 50 0
776 51 1
776 52 481
776 53 187
776 54 0
776 55 277
776 56 341
776 57 0
776 58 0
776 59 1
776 60 1
776 61 1
776 62 25
776 63 371
776 64 0
776 65 49
776 66 73
776 67 3
776 68 0
776 69 1
776 70 0
776 71 23
776 72 32
776 73 42
776 74 178
776 75 1
776 76 25
776 77 0
776 78 77
776 79 27
776 80 0
776 81 15
776 82 75
776 83 0
776 84 317
776 85 3
776 86 22
776 87 358
776 88 40
776 89 35
776 90 144
776 91 30
776 92 103
776 93 61
776 94 0
776 95 0
801 1 17
801 2 68
801 3 21
801 4 1
801 5 0
801 6 0
801 7 0
801 8 24
801 9 34
801 10 0
801 11 0
801 12 0
801 13 0
801 14 34
801 15 109
801 16 1
801 17 93
801 18 0
801 19 59
801 20 15
801 21 0
801 22 0
801 23 0
801 24 12
801 25 1
801 26 0
801 27 0
801 28 1
801 29 32
801 30 5
801 31 0
801 32 36
801 33 78
801 34 11
801 35 0
801 36 0
801 37 0
801 38 400
801 39 18
801 40 0
801 41 147
801 42 17
801 43 0
801 44 26
801 45 323
801 46 0
801 47 0
801 48 12
801 49 27
801 50 1
801 51 0
801 52 438
801 53 204
801 54 0
801 55 277
801 56 336
801 57 0
801 58 1
801 59 0
801 60 21
801 61 0
801 62 21
801 63 385
801 64 0
801 65 62
801 66 87
801 67 0
801 68 1
801 69 1
801 70 0
801 71 33
801 72 34
801 73 42
801 74 187
801 75 0
801 76 1
801 77 0
801 78 80
801 79 15
801 80 0
801 81 16
801 82 86
801 83 0
801 84 345
801 85 0
801 86 20
801 87 352
801 88 39
801 89 23
801 90 157
801 91 37
801 92 113
801 93 56
801 94 0
801 95 0
826 1 14
826 2 60
826 3 13
826 4 0
826 5 0
826 6 1
826 7 0
826 8 18
826 9 20
826 10 1
826 11 0
826 12 1
826 13 0
826 14 56
826 15 93
826 16 0
826 17 75
826 18 1
826 19 60
826 20 11
826 21 0
826 22 0
826 23 0
826 24 11
826 25 1
826 26 0
826 27 0
826 28 0
826 29 35
826 30 3
826 31 1
826 32 45
826 33 73
826 34 9
826 35 0
826 36 0
826 37 1
826 38 416
826 39 14
826 40 0
826 41 145
826 42 20
826 43 0
826 44 28
826 45 324
826 46 0
826 47 0
826 48 23
826 49 32
826 50 0
826 51 0
826 52 439
826 53 211
826 54 1
826 55 300
826 56 327
826 57 0
826 58 0
826 59 2
826 60 23
826 61 0
826 62 29
826 63 374
826 64 0
826 65 64
826 66 74
826 67 0
826 68 0
826 69 0
826 70 0
826 71 28
826 72 36
826 73 48
826 74 164
826 75 0
826 76 0
826 77 0
826 78 81
826 79 21
826 80 0
826 81 28
826 82 84
826 83 0
826 84 337
826 85 4
826 86 24
826 87 340
826 88 39
826 89 8
826 90 160
826 91 37
826 92 99
826 93 57
826 94 0
826 95 0
851 1 28
851 2 67
851 3 21
851 4 0
851 5 0
851 6 0
851 7 0
851 8 21
851 9 40
851 10 0
851 11 3
851 12 2
851 13 0
851 14 60
851 15 97
851 16 2
851 17 71
851 18 0
851 19 80
851 20 16
851 21 1
851 22 0
851 23 0
851 24 18
851 25 0
851 26 1
851 27 0
851 28 0
851 29 39
851 30 1
851 31 0
851 32 38
851 33 76
851 34 14
851 35 0
851 36 0
851 37 0
851 38 429
851 39 23
851 40 1
851 41 150
851 42 17
851 43 0
851 44 21
851 45 340
851 46 0
851 47 0
851 48 13
851 49 24
851 50 0
851 51 0
851 52 391
851 53 191
851 54 0
851 55 291
851 56 317
851 57 1
851 58 0
851 59 0
851 60 18
851 61 1
851 62 21
851 63 356
851 64 0
851 65 55
851 66 78
851 67 0
851 68 1
851 69 0
851 70 0
851 71 21
851 72 38
851 73 43
851 74 175
851 75 0
851 76 3
851 77 0
851 78 82
851 79 23
851 80 0
851 81 32
851 82 80
851 83 5
851 84 338
851 85 0
851 86 18
851 87 332
851 88 42
851 89 3
851 90 158
851 91 31
851 92 97
851 93 78
851 94 1
851 95 0
876 1 21
876 2 75
876 3 24
876 4 0
876 5 0
876 6 0
876 7 2
876 8 26
876 9 42
876 10 0
876 11 0
876 12 0
876 13 0
876 14 45
876 15 94
876 16 0
876 17 81
876 18 1
876 19 62
876 20 26
876 21 0
876 22 0
876 23 0
876 24 17
876 25 0
876 26 0
876 27 0
876 28 2
876 29 32
876 30 0
876 31 0
876 32 28
876 33 85
876 34 9
876 35 0
876 36 0
876 37 0
876 38 428
876 39 31
876 40 1
876 41 144
876 42 16
876 43 1
876 44 31
876 45 315
876 46 0
876 47 0
876 48 14
876 49 26
876 50 0
876 51 0
876 52 381
876 53 183
876 54 0
876 55 277
876 56 340
876 57 1
876 58 0
876 59 0
876 60 15
876 61 0
876 62 18
876 63 389
876 64 0
876 65 61
876 66 81
876 67 0
876 68 1
876 69 0
876 70 0
876 71 33
876 72 29
876 73 19
876 74 162
876 75 0
876 76 0
876 77 1
876 78 79
876 79 36
876 80 2
876 81 20
876 82 80
876 83 1
876 84 343
876 85 0
876 86 27
876 87 332
876 88 38
876 89 9
876 90 145
876 91 37
876 92 106
876 93 91
876 94 1
876 95 1
901 1 26
901 2 72
901 3 16
901 4 0
901 5 1
901 6 1
901 7 0
901 8 34
901 9 40
901 10 0
901 11 2
901 12 20
901 13 0
901 14 53
901 15 128
901 16 0
901 17 83
901 18 0
901 19 63
901 20 66
901 21 0
901 22 0
901 23 0
901 24 8
901 25 2
901 26 0
901 27 1
901 28 0
901 29 15
901 30 0
901 31 0
901 32 37
901 33 91
901 34 0
901 35 0
901 36 0
901 37 0
901 38 411
901 39 22
901 40 0
901 41 134
901 42 25
901 43 0
901 44 31
901 45 312
901 46 0
901 47 0
901 48 14
901 49 20
901 50 0
901 51 0
901 52 363
901 53 175
901 54 1
901 55 272
901 56 322
901 57 1
901 58 0
901 59 0
901 60 20
901 61 0
901 62 25
901 63 395
901 64 0
901 65 62
901 66 82
901 67 0
901 68 3
901 69 0
901 70 0
901 71 22
901 72 40
901 73 0
901 74 171
901 75 0
901 76 0
901 77 0
901 78 82
901 79 33
901 80 0
901 81 15
901 82 77
901 83 0
901 84 359
901 85 0
901 86 25
901 87 339
901 88 39
901 89 0
901 90 151
901 91 37
901 92 106
901 93 84
901 94 2
901 95 0
926 1 24
926 2 79
926 3 13
926 4 2
926 5 0
926 6 0
926 7 1
926 8 25
926 9 51
926 10 0
926 11 1
926 12 36
926 13 0
926 14 67
926 15 157
926 16 0
926 17 90
926 18 0
926 19 65
926 20 60
926 21 0
926 22 0
926 23 0
926 24 8
926 25 0
926 26 0
926 27 0
926 28 0
926 29 1
926 30 31
926 31 1
926 32 33
926 33 86
926 34 5
926 35 0
926 36 1
926 37 0
926 38 441
926 39 20
926 40 0
926 41 152
926 42 21
926 43 0
926 44 2
926 45 299
926 46 0
926 47 0
926 48 15
926 49 26
926 50 1
926 51 0
926 52 380
926 53 162
926 54 0
926 55 285
926 56 325
926 57 0
926 58 0
926 59 0
926 60 15
926 61 0
926 62 18
926 63 390
926 64 0
926 65 42
926 66 70
926 67 0
926 68 0
926 69 0
926 70 2
926 71 22
926 72 29
926 73 1
926 74 170
926 75 0
926 76 0
926 77 0
926 78 70
926 79 27
926 80 1
926 81 7
926 82 82
926 83 0
926 84 402
926 85 0
926 86 28
926 87 339
926 88 38
926 89 0
926 90 150
926 91 26
926 92 99
926 93 82
926 94 1
926 95 0
951 1 26
951 2 79
951 3 26
951 4 0
951 5 0
951 6 0
951 7 6
951 8 21
951 9 34
951 10 5
951 11 1
951 12 34
951 13 0
951 14 69
951 15 171
951 16 1
951 17 94
951 18 0
951 19 70
951 20 66
951 21 0
951 22 0
951 23 0
951 24 14
951 25 0
951 26 0
951 27 0
951 28 0
951 29 16
951 30 32
951 31 0
951 32 40
951 33 80
951 34 3
951 35 0
951 36 0
951 37 1
951 38 416
951 39 19
951 40 0
951 41 164
951 42 0
951 43 0
951 44 0
951 45 253
951 46 0
951 47 0
951 48 3
951 49 24
951 50 0
951 51 0
951 52 395
951 53 175
951 54 1
951 55 294
951 56 333
951 57 0
951 58 1
951 59 0
951 60 15
951 61 0
951 62 25
951 63 386
951 64 0
951 65 54
951 66 97
951 67 0
951 68 0
951 69 0
951 70 0
951 71 20
951 72 40
951 73 0
951 74 157
951 75 0
951 76 0
951 77 1
951 78 59
951 79 29
951 80 0
951 81 24
951 82 84
951 83 3
951 84 371
951 85 0
951 86 27
951 87 372
951 88 33
951 89 0
951 90 143
951 91 19
951 92 94
951 93 72
951 94 0
951 95 0
976 1 26
976 2 79
976 3 18
976 4 0
976 5 0
976 6 0
976 7 26
976 8 24
976 9 55
976 10 5
976 11 0
976 12 31
976 13 0
976 14 54
976 15 172
976 16 1
976 17 83
976 18 0
976 19 86
976 20 71
976 21 1
976 22 3
976 23 1
976 24 20
976 25 0
976 26 0
976 27 0
976 28 0
976 29 33
976 30 44
976 31 0
976 32 29
976 33 54
976 34 6
976 35 0
976 36 0
976 37 0
976 38 418
976 39 19
976 40 0
976 41 213
976 42 0
976 43 0
976 44 0
976 45 273
976 46 1
976 47 0
976 48 0
976 49 19
976 50 0
976 51 0
976 52 372
976 53 182
976 54 1
976 55 304
976 56 357
976 57 0
976 58 0
976 59 1
976 60 15
976 61 0
976 62 12
976 63 377
976 64 1
976 65 11
976 66 105
976 67 0
976 68 0
976 69 0
976 70 0
976 71 22
976 72 19
976 73 0
976 74 149
976 75 0
976 76 0
976 77 2
976 78 63
976 79 24
976 80 2
976 81 28
976 82 83
976 83 2
976 84 322
976 85 0
976 86 26
976 87 369
976 88 34
976 89 0
976 90 148
976 91 0
976 92 97
976 93 85
976 94 0
976 95 1
1001 1 30
1001 2 85
1001 3 19
1001 4 1
1001 5 0
1001 6 1
1001 7 30
1001 8 32
1001 9 65
1001 10 1
1001 11 0
1001 12 30
1001 13 0
1001 14 70
1001 15 166
1001 16 0
1001 17 85
1001 18 1
1001 19 80
1001 20 49
1001 21 0
1001 22 0
1001 23 0
1001 24 23
1001 25 0
1001 26 0
1001 27 0
1001 28 1
1001 29 37
1001 30 36
1001 31 0
1001 32 30
1001 33 25
1001 34 11
1001 35 0
1001 36 0
1001 37 0
1001 38 395
1001 39 26
1001 40 0
1001 41 242
1001 42 0
1001 43 0
1001 44 0
1001 45 276
1001 46 0
1001 47 0
1001 48 1
1001 49 30
1001 50 0
1001 51 0
1001 52 367
1001 53 176
1001 54 0
1001 55 331
1001 56 327
1001 57 0
1001 58 0
1001 59 0
1001 60 17
1001 61 0
1001 62 19
1001 63 397
1001 64 0
1001 65 18
1001 66 130
1001 67 0
1001 68 0
1001 69 0
1001 70 0
1001 71 1
1001 72 4
1001 73 0
1001 74 164
1001 75 0
1001 76 0
1001 77 0
1001 78 60
1001 79 33
1001 80 0
1001 81 15
1001 82 81
1001 83 1
1001 84 322
1001 85 0
1001 86 24
1001 87 363
1001 88 41
1001 89 0
1001 90 140
1001 91 0
1001 92 83
1001 93 74
1001 94 0
1001 95 0
1026 1 26
1026 2 84
1026 3 24
1026 4 1
1026 5 0
1026 6 0
1026 7 34
1026 8 22
1026 9 46
1026 10 0
1026 11 1
1026 12 4
1026 13 0
1026 14 71
1026 15 161
1026 16 0
1026 17 85
1026 18 0
1026 19 93
1026 20 57
1026 21 2
1026 22 0
1026 23 0
1026 24 19
1026 25 0
1026 26 0
1026 27 2
1026 28 1
1026 29 32
1026 30 10
1026 31 0
1026 32 25
1026 33 48
1026 34 27
1026 35 0
1026 36 1
1026 37 0
1026 38 386
1026 39 13
1026 40 0
1026 41 251
1026 42 0
1026 43 0
1026 44 0
1026 45 272
1026 46 0
1026 47 0
1026 48 0
1026 49 21
1026 50 0
1026 51 0
1026 52 393
1026 53 184
1026 54 0
1026 55 357
1026 56 306
1026 57 0
1026 58 0
1026 59 1
1026 60 15
1026 61 0
1026 62 13
1026 63 402
1026 64 0
1026 65 13
1026 66 129
1026 67 0
1026 68 1
1026 69 0
1026 70 0
1026 71 1
1026 72 0
1026 73 0
1026 74 168
1026 75 4
1026 76 0
1026 77 0
1026 78 68
1026 79 33
1026 80 0
1026 81 9
1026 82 80
1026 83 0
1026 84 322
1026 85 0
1026 86 30
1026 87 352
1026 88 40
1026 89 0
1026 90 124
1026 91 0
1026 92 101
1026 93 83
1026 94 0
1026 95 0
1051 1 25
1051 2 82
1051 3 18
1051 4 1
1051 5 0
1051 6 0
1051 7 34
1051 8 21
1051 9 54
1051 10 3
1051 11 0
1051 12 0
1051 13 0
1051 14 63
1051 15 165
1051 16 0
1051 17 78
1051 18 0
1051 19 100
1051 20 52
1051 21 7
1051 22 0
1051 23 0
1051 24 18
1051 25 0
1051 26 0
1051 27 12
1051 28 0
1051 29 34
1051 30 1
1051 31 1
1051 32 14
1051 33 55
1051 34 11
1051 35 0
1051 36 0
1051 37 2
1051 38 388
1051 39 18
1051 40 0
1051 41 244
1051 42 0
1051 43 0
1051 44 0
1051 45 269
1051 46 0
1051 47 0
1051 48 0
1051 49 27
1051 50 0
1051 51 0
1051 52 385
1051 53 177
1051 54 0
1051 55 386
1051 56 312
1051 57 0
1051 58 0
1051 59 0
1051 60 20
1051 61 0
1051 62 17
1051 63 439
1051 64 0
1051 65 16
1051 66 125
1051 67 0
1051 68 0
1051 69 0
1051 70 0
1051 71 0
1051 72 0
1051 73 0
1051 74 168
1051 75 3
1051 76 0
1051 77 0
1051 78 65
1051 79 37
1051 80 0
1051 81 18
1051 82 115
1051 83 0
1051 84 320
1051 85 0
1051 86 26
1051 87 346
1051 88 39
1051 89 0
1051 90 89
1051 91 2
1051 92 97
1051 93 67
1051 94 0
1051 95 0
1076 1 28
1076 2 77
1076 3 22
1076 4 0
1076 5 0
1076 6 0
1076 7 34
1076 8 19
1076 9 57
1076 10 0
1076 11 3
1076 12 0
1076 13 0
1076 14 60
1076 15 176
1076 16 0
1076 17 80
1076 18 0
1076 19 95
1076 20 46
1076 21 7
1076 22 0
1076 23 0
1076 24 17
1076 25 0
1076 26 0
1076 27 30
1076 28 0
1076 29 32
1076 30 4
1076 31 0
1076 32 15
1076 33 38
1076 34 7
1076 35 1
1076 36 0
1076 37 0
1076 38 413
1076 39 28
1076 40 0
1076 41 235
1076 42 0
1076 43 1
1076 44 1
1076 45 285
1076 46 0
1076 47 0
1076 48 0
1076 49 25
1076 50 1
1076 51 6
1076 52 369
1076 53 158
1076 54 0
1076 55 371
1076 56 302
1076 57 0
1076 58 0
1076 59 0
1076 60 29
1076 61 0
1076 62 21
1076 63 407
1076 64 0
1076 65 14
1076 66 123
1076 67 0
1076 68 0
1076 69 1
1076 70 0
1076 71 0
1076 72 0
1076 73 0
1076 74 165
1076 75 0
1076 76 4
1076 77 1
1076 78 53
1076 79 37
1076 80 0
1076 81 24
1076 82 121
1076 83 0
1076 84 302
1076 85 0
1076 86 31
1076 87 351
1076 88 40
1076 89 0
1076 90 80
1076 91 33
1076 92 109
1076 93 32
1076 94 1
1076 95 0
1101 1 20
1101 2 79
1101 3 13
1101 4 0
1101 5 0
1101 6 1
1101 7 31
1101 8 29
1101 9 54
1101 10 0
1101 11 6
1101 12 0
1101 13 0
1101 14 59
1101 15 178
1101 16 0
1101 17 79
1101 18 1
1101 19 115
1101 20 46
1101 21 6
1101 22 0
1101 23 0
1101 24 21
1101 25 0
1101 26 0
1101 27 42
1101 28 0
1101 29 36
1101 30 0
1101 31 0
1101 32 25
1101 33 46
1101 34 13
1101 35 0
1101 36 0
1101 37 0
1101 38 376
1101 39 23
1101 40 0
1101 41 249
1101 42 0
1101 43 0
1101 44 1
1101 45 287
1101 46 4
1101 47 1
1101 48 1
1101 49 27
1101 50 0
1101 51 21
1101 52 377
1101 53 153
1101 54 0
1101 55 352
1101 56 292
1101 57 2
1101 58 0
1101 59 0
1101 60 19
1101 61 1
1101 62 5
1101 63 423
1101 64 0
1101 65 28
1101 66 116
1101 67 0
1101 68 0
1101 69 0
1101 70 1
1101 71 1
1101 72 0
1101 73 0
1101 74 157
1101 75 0
1101 76 15
1101 77 0
1101 78 65
1101 79 35
1101 80 0
1101 81 5
1101 82 148
1101 83 0
1101 84 308
1101 85 0
1101 86 29
1101 87 338
1101 88 39
1101 89 0
1101 90 77
1101 91 31
1101 92 109
1101 93 44
1101 94 1
1101 95 0
1126 1 11
1126 2 87
1126 3 18
1126 4 0
1126 5 1
1126 6 0
1126 7 35
1126 8 29
1126 9 32
1126 10 0
1126 11 0
1126 12 0
1126 13 1
1126 14 49
1126 15 214
1126 16 0
1126 17 58
1126 18 0
1126 19 110
1126 20 63
1126 21 0
1126 22 0
1126 23 0
1126 24 9
1126 25 0
1126 26 0
1126 27 41
1126 28 0
1126 29 31
1126 30 3
1126 31 1
1126 32 15
1126 33 61
1126 34 7
1126 35 1
1126 36 1
1126 37 0
1126 38 395
1126 39 23
1126 40 0
1126 41 254
1126 42 0
1126 43 0
1126 44 0
1126 45 280
1126 46 0
1126 47 0
1126 48 0
1126 49 19
1126 50 1
1126 51 29
1126 52 422
1126 53 150
1126 54 0
1126 55 283
1126 56 312
1126 57 4
1126 58 0
1126 59 0
1126 60 3
1126 61 1
1126 62 0
1126 63 445
1126 64 0
1126 65 19
1126 66 105
1126 67 0
1126 68 0
1126 69 0
1126 70 0
1126 71 0
1126 72 1
1126 73 0
1126 74 166
1126 75 2
1126 76 27
1126 77 0
1126 78 53
1126 79 17
1126 80 0
1126 81 14
1126 82 146
1126 83 0
1126 84 327
1126 85 0
1126 86 29
1126 87 367
1126 88 40
1126 89 0
1126 90 63
1126 91 35
1126 92 111
1126 93 59
1126 94 0
1126 95 0
1151 1 18
1151 2 75
1151 3 21
1151 4 0
1151 5 1
1151 6 0
1151 7 44
1151 8 23
1151 9 31
1151 10 0
1151 11 0
1151 12 0
1151 13 0
1151 14 47
1151 15 206
1151 16 0
1151 17 51
1151 18 2
1151 19 131
1151 20 58
1151 21 0
1151 22 0
1151 23 2
1151 24 12
1151 25 0
1151 26 0
1151 27 38
1151 28 0
1151 29 41
1151 30 72
1151 31 0
1151 32 24
1151 33 85
1151 34 13
1151 35 0
1151 36 0
1151 37 0
1151 38 368
1151 39 15
1151 40 0
1151 41 238
1151 42 0
1151 43 0
1151 44 0
1151 45 280
1151 46 0
1151 47 0
1151 48 0
1151 49 24
1151 50 0
1151 51 30
1151 52 449
1151 53 112
1151 54 0
1151 55 302
1151 56 317
1151 57 2
1151 58 0
1151 59 0
1151 60 7
1151 61 0
1151 62 0
1151 63 425
1151 64 0
1151 65 16
1151 66 124
1151 67 1
1151 68 0
1151 69 0
1151 70 3
1151 71 0
1151 72 0
1151 73 0
1151 74 178
1151 75 0
1151 76 14
1151 77 1
1151 78 61
1151 79 23
1151 80 0
1151 81 20
1151 82 151
1151 83 0
1151 84 340
1151 85 0
1151 86 3
1151 87 385
1151 88 44
1151 89 0
1151 90 47
1151 91 39
1151 92 97
1151 93 49
1151 94 0
1151 95 0
1176 1 23
1176 2 78
1176 3 23
1176 4 2
1176 5 0
1176 6 0
1176 7 59
1176 8 24
1176 9 65
1176 10 0
1176 11 1
1176 12 0
1176 13 0
1176 14 43
1176 15 199
1176 16 0
1176 17 50
1176 18 1
1176 19 113
1176 20 45
1176 21 0
1176 22 0
1176 23 0
1176 24 14
1176 25 0
1176 26 0
1176 27 70
1176 28 0
1176 29 40
1176 30 68
1176 31 0
1176 32 44
1176 33 74
1176 34 9
1176 35 10
1176 36 1
1176 37 0
1176 38 363
1176 39 20
1176 40 0
1176 41 250
1176 42 0
1176 43 0
1176 44 2
1176 45 264
1176 46 0
1176 47 0
1176 48 1
1176 49 21
1176 50 0
1176 51 16
1176 52 403
1176 53 84
1176 54 0
1176 55 298
1176 56 283
1176 57 0
1176 58 1
1176 59 0
1176 60 23
1176 61 0
1176 62 0
1176 63 428
1176 64 0
1176 65 14
1176 66 101
1176 67 0
1176 68 0
1176 69 1
1176 70 1
1176 71 0
1176 72 0
1176 73 0
1176 74 172
1176 75 0
1176 76 9
1176 77 0
1176 78 79
1176 79 24
1176 80 1
1176 81 19
1176 82 133
1176 83 0
1176 84 310
1176 85 0
1176 86 0
1176 87 409
1176 88 38
1176 89 1
1176 90 47
1176 91 35
1176 92 101
1176 93 56
1176 94 1
1176 95 0
1201 1 29
1201 2 86
1201 3 18
1201 4 0
1201 5 0
1201 6 1
1201 7 73
1201 8 23
1201 9 54
1201 10 0
1201 11 3
1201 12 1
1201 13 1
1201 14 30
1201 15 205
1201 16 0
1201 17 62
1201 18 0
1201 19 106
1201 20 38
1201 21 0
1201 22 2
1201 23 0
1201 24 7
1201 25 0
1201 26 4
1201 27 106
1201 28 0
1201 29 42
1201 30 73
1201 31 0
1201 32 42
1201 33 76
1201 34 7
1201 35 13
1201 36 0
1201 37 0
1201 38 375
1201 39 26
1201 40 0
1201 41 251
1201 42 0
1201 43 0
1201 44 0
1201 45 231
1201 46 0
1201 47 0
1201 48 0
1201 49 36
1201 50 0
1201 51 0
1201 52 426
1201 53 78
1201 54 0
1201 55 286
1201 56 266
1201 57 0
1201 58 4
1201 59 0
1201 60 39
1201 61 0
1201 62 7
1201 63 459
1201 64 0
1201 65 5
1201 66 94
1201 67 0
1201 68 0
1201 69 0
1201 70 0
1201 71 0
1201 72 1
1201 73 0
1201 74 141
1201 75 0
1201 76 0
1201 77 0
1201 78 78
1201 79 17
1201 80 0
1201 81 23
1201 82 139
1201 83 0
1201 84 291
1201 85 0
1201 86 0
1201 87 426
1201 88 36
1201 89 11
1201 90 70
1201 91 40
1201 92 84
1201 93 43
1201 94 0
1201 95 0
1226 1 19
1226 2 84
1226 3 21
1226 4 0
1226 5 1
1226 6 1
1226 7 59
1226 8 25
1226 9 56
1226 10 0
1226 11 2
1226 12 0
1226 13 25
1226 14 21
1226 15 184
1226 16 0
1226 17 42
1226 18 0
1226 19 103
1226 20 32
1226 21 0
1226 22 8
1226 23 0
1226 24 13
1226 25 0
1226 26 9
1226 27 119
1226 28 0
1226 29 52
1226 30 77
1226 31 0
1226 32 39
1226 33 76
1226 34 13
1226 35 10
1226 36 0
1226 37 0
1226 38 351
1226 39 27
1226 40 0
1226 41 248
1226 42 1
1226 43 0
1226 44 0
1226 45 210
1226 46 0
1226 47 1
1226 48 0
1226 49 30
1226 50 0
1226 51 0
1226 52 430
1226 53 70
1226 54 0
1226 55 300
1226 56 284
1226 57 0
1226 58 0
1226 59 0
1226 60 44
1226 61 0
1226 62 17
1226 63 438
1226 64 0
1226 65 10
1226 66 80
1226 67 0
1226 68 1
1226 69 2
1226 70 0
1226 71 0
1226 72 0
1226 73 0
1226 74 137
1226 75 0
1226 76 4
1226 77 0
1226 78 79
1226 79 18
1226 80 0
1226 81 14
1226 82 168
1226 83 0
1226 84 323
1226 85 0
1226 86 1
1226 87 426
1226 88 41
1226 89 12
1226 90 70
1226 91 35
1226 92 80
1226 93 46
1226 94 0
1226 95 0
1251 1 25
1251 2 77
1251 3 20
1251 4 0
1251 5 0
1251 6 0
1251 7 43
1251 8 11
1251 9 57
1251 10 0
1251 11 0
1251 12 0
1251 13 20
1251 14 24
1251 15 180
1251 16 0
1251 17 48
1251 18 0
1251 19 118
1251 20 17
1251 21 0
1251 22 2
1251 23 0
1251 24 15
1251 25 0
1251 26 8
1251 27 134
1251 28 0
1251 29 52
1251 30 76
1251 31 0
1251 32 24
1251 33 86
1251 34 13
1251 35 11
1251 36 0
1251 37 0
1251 38 329
1251 39 17
1251 40 0
1251 41 234
1251 42 0
1251 43 0
1251 44 0
1251 45 211
1251 46 0
1251 47 1
1251 48 0
1251 49 38
1251 50 0
1251 51 0
1251 52 420
1251 53 73
1251 54 0
1251 55 299
1251 56 324
1251 57 0
1251 58 0
1251 59 1
1251 60 49
1251 61 0
1251 62 16
1251 63 442
1251 64 2
1251 65 23
1251 66 77
1251 67 0
1251 68 0
1251 69 0
1251 70 3
1251 71 0
1251 72 0
1251 73 1
1251 74 125
1251 75 1
1251 76 0
1251 77 0
1251 78 81
1251 79 9
1251 80 0
1251 81 20
1251 82 180
1251 83 0
1251 84 316
1251 85 0
1251 86 0
1251 87 408
1251 88 42
1251 89 16
1251 90 85
1251 91 31
1251 92 90
1251 93 34
1251 94 0
1251 95 0
1276 1 27
1276 2 77
1276 3 19
1276 4 0
1276 5 0
1276 6 0
1276 7 30
1276 8 15
1276 9 53
1276 10 0
1276 11 0
1276 12 0
1276 13 19
1276 14 24
1276 15 179
1276 16 0
1276 17 35
1276 18 0
1276 19 109
1276 20 24
1276 21 0
1276 22 14
1276 23 0
1276 24 22
1276 25 0
1276 26 19
1276 27 153
1276 28 0
1276 29 47
1276 30 67
1276 31 0
1276 32 20
1276 33 72
1276 34 2
1276 35 19
1276 36 0
1276 37 0
1276 38 347
1276 39 18
1276 40 0
1276 41 257
1276 42 0
1276 43 0
1276 44 0
1276 45 196
1276 46 0
1276 47 0
1276 48 0
1276 49 22
1276 50 1
1276 51 0
1276 52 416
1276 53 91
1276 54 0
1276 55 315
1276 56 279
1276 57 0
1276 58 0
1276 59 0
1276 60 41
1276 61 1
1276 62 12
1276 63 427
1276 64 4
1276 65 14
1276 66 59
1276 67 0
1276 68 0
1276 69 0
1276 70 0
1276 71 0
1276 72 0
1276 73 3
1276 74 137
1276 75 0
1276 76 0
1276 77 0
1276 78 67
1276 79 2
1276 80 0
1276 81 8
1276 82 204
1276 83 0
1276 84 299
1276 85 0
1276 86 0
1276 87 427
1276 88 39
1276 89 14
1276 90 95
1276 91 31
1276 92 104
1276 93 37
1276 94 0
1276 95 0
1301 1 28
1301 2 71
1301 3 24
1301 4 0
1301 5 1
1301 6 0
1301 7 19
1301 8 8
1301 9 55
1301 10 0
1301 11 1
1301 12 0
1301 13 22
1301 14 20
1301 15 218
1301 16 0
1301 17 59
1301 18 0
1301 19 115
1301 20 15
1301 21 0
1301 22 9
1301 23 0
1301 24 9
1301 25 0
1301 26 0
1301 27 161
1301 28 1
1301 29 35
1301 30 73
1301 31 0
1301 32 35
1301 33 77
1301 34 20
1301 35 11
1301 36 0
1301 37 0
1301 38 306
1301 39 17
1301 40 1
1301 41 237
1301 42 0
1301 43 1
1301 44 0
1301 45 201
1301 46 0
1301 47 0
1301 48 0
1301 49 25
1301 50 0
1301 51 0
1301 52 437
1301 53 79
1301 54 0
1301 55 312
1301 56 308
1301 57 0
1301 58 0
1301 59 0
1301 60 50
1301 61 0
1301 62 19
1301 63 443
1301 64 4
1301 65 15
1301 66 48
1301 67 1
1301 68 0
1301 69 1
1301 70 1
1301 71 0
1301 72 0
1301 73 0
1301 74 146
1301 75 3
1301 76 0
1301 77 0
1301 78 65
1301 79 8
1301 80 2
1301 81 0
1301 82 194
1301 83 0
1301 84 337
1301 85 1
1301 86 0
1301 87 395
1301 88 33
1301 89 13
1301 90 75
1301 91 30
1301 92 108
1301 93 37
1301 94 0
1301 95 0
1326 1 26
1326 2 71
1326 3 21
1326 4 1
1326 5 0
1326 6 0
1326 7 25
1326 8 14
1326 9 29
1326 10 0
1326 11 0
1326 12 0
1326 13 25
1326 14 18
1326 15 252
1326 16 0
1326 17 70
1326 18 0
1326 19 141
1326 20 3
1326 21 0
1326 22 1
1326 23 0
1326 24 17
1326 25 0
1326 26 0
1326 27 167
1326 28 0
1326 29 52
1326 30 76
1326 31 0
1326 32 24
1326 33 85
1326 34 11
1326 35 8
1326 36 0
1326 37 1
1326 38 340
1326 39 22
1326 40 0
1326 41 240
1326 42 0
1326 43 1
1326 44 2
1326 45 198
1326 46 0
1326 47 0
1326 48 0
1326 49 31
1326 50 0
1326 51 0
1326 52 435
1326 53 76
1326 54 1
1326 55 300
1326 56 307
1326 57 0
1326 58 0
1326 59 0
1326 60 55
1326 61 0
1326 62 16
1326 63 428
1326 64 3
1326 65 18
1326 66 53
1326 67 0
1326 68 2
1326 69 0
1326 70 0
1326 71 0
1326 72 0
1326 73 0
1326 74 133
1326 75 0
1326 76 0
1326 77 0
1326 78 50
1326 79 5
1326 80 0
1326 81 2
1326 82 202
1326 83 0
1326 84 329
1326 85 0
1326 86 0
1326 87 393
1326 88 41
1326 89 0
1326 90 81
1326 91 27
1326 92 103
1326 93 46
1326 94 0
1326 95 5
1351 1 29
1351 2 83
1351 3 12
1351 4 0
1351 5 0
1351 6 1
1351 7 23
1351 8 13
1351 9 52
1351 10 2
1351 11 0
1351 12 0
1351 13 23
1351 14 16
1351 15 273
1351 16 0
1351 17 66
1351 18 0
1351 19 144
1351 20 0
1351 21 0
1351 22 0
1351 23 0
1351 24 11
1351 25 0
1351 26 0
1351 27 155
1351 28 0
1351 29 50
1351 30 91
1351 31 0
1351 32 32
1351 33 70
1351 34 15
1351 35 8
1351 36 0
1351 37 1
1351 38 343
1351 39 29
1351 40 0
1351 41 227
1351 42 0
1351 43 0
1351 44 1
1351 45 205
1351 46 0
1351 47 0
1351 48 0
1351 49 24
1351 50 1
1351 51 0
1351 52 407
1351 53 44
1351 54 0
1351 55 301
1351 56 344
1351 57 0
1351 58 0
1351 59 0
1351 60 28
1351 61 0
1351 62 20
1351 63 428
1351 64 1
1351 65 8
1351 66 55
1351 67 0
1351 68 0
1351 69 0
1351 70 0
1351 71 0
1351 72 0
1351 73 0
1351 74 129
1351 75 0
1351 76 0
1351 77 0
1351 78 48
1351 79 12
1351 80 0
1351 81 2
1351 82 191
1351 83 0
1351 84 288
1351 85 0
1351 86 0
1351 87 436
1351 88 40
1351 89 0
1351 90 73
1351 91 33
1351 92 93
1351 93 68
1351 94 0
1351 95 0
1376 1 29
1376 2 75
1376 3 20
1376 4 0
1376 5 0
1376 6 0
1376 7 24
1376 8 3
1376 9 35
1376 10 0
1376 11 0
1376 12 1
1376 13 17
1376 14 18
1376 15 270
1376 16 0
1376 17 71
1376 18 2
1376 19 135
1376 20 0
1376 21 0
1376 22 0
1376 23 0
1376 24 7
1376 25 0
1376 26 0
1376 27 158
1376 28 0
1376 29 45
1376 30 97
1376 31 0
1376 32 28
1376 33 77
1376 34 16
1376 35 8
1376 36 0
1376 37 1
1376 38 314
1376 39 22
1376 40 0
1376 41 225
1376 42 0
1376 43 0
1376 44 0
1376 45 210
1376 46 0
1376 47 0
1376 48 0
1376 49 32
1376 50 0
1376 51 0
1376 52 436
1376 53 57
1376 54 0
1376 55 306
1376 56 299
1376 57 0
1376 58 0
1376 59 0
1376 60 71
1376 61 0
1376 62 19
1376 63 428
1376 64 0
1376 65 15
1376 66 63
1376 67 0
1376 68 0
1376 69 0
1376 70 0
1376 71 0
1376 72 0
1376 73 0
1376 74 84
1376 75 0
1376 76 3
1376 77 1
1376 78 59
1376 79 6
1376 80 0
1376 81 0
1376 82 195
1376 83 2
1376 84 296
1376 85 0
1376 86 0
1376 87 417
1376 88 37
1376 89 0
1376 90 77
1376 91 34
1376 92 108
1376 93 49
1376 94 1
1376 95 0
1401 1 25
1401 2 81
1401 3 22
1401 4 1
1401 5 0
1401 6 0
1401 7 29
1401 8 13
1401 9 33
1401 10 1
1401 11 0
1401 12 0
1401 13 30
1401 14 19
1401 15 236
1401 16 0
1401 17 51
1401 18 4
1401 19 144
1401 20 0
1401 21 0
1401 22 0
1401 23 0
1401 24 15
1401 25 1
1401 26 0
1401 27 153
1401 28 0
1401 29 53
1401 30 114
1401 31 0
1401 32 28
1401 33 80
1401 34 18
1401 35 0
1401 36 1
1401 37 0
1401 38 346
1401 39 16
1401 40 0
1401 41 215
1401 42 0
1401 43 0
1401 44 1
1401 45 201
1401 46 0
1401 47 0
1401 48 0
1401 49 38
1401 50 0
1401 51 0
1401 52 437
1401 53 47
1401 54 0
1401 55 319
1401 56 271
1401 57 0
1401 58 0
1401 59 1
1401 60 69
1401 61 0
1401 62 18
1401 63 441
1401 64 0
1401 65 11
1401 66 52
1401 67 0
1401 68 0
1401 69 0
1401 70 0
1401 71 1
1401 72 0
1401 73 0
1401 74 87
1401 75 0
1401 76 18
1401 77 0
1401 78 76
1401 79 0
1401 80 0
1401 81 1
1401 82 202
1401 83 0
1401 84 306
1401 85 0
1401 86 0
1401 87 439
1401 88 41
1401 89 0
1401 90 84
1401 91 31
1401 92 89
1401 93 38
1401 94 0
1401 95 0
1426 1 20
1426 2 85
1426 3 18
1426 4 1
1426 5 0
1426 6 0
1426 7 27
1426 8 11
1426 9 31
1426 10 0
1426 11 0
1426 12 0
1426 13 46
1426 14 24
1426 15 252
1426 16 0
1426 17 49
1426 18 0
1426 19 148
1426 20 0
1426 21 0
1426 22 0
1426 23 0
1426 24 9
1426 25 0
1426 26 0
1426 27 159
1426 28 0
1426 29 46
1426 30 99
1426 31 0
1426 32 29
1426 33 85
1426 34 8
1426 35 19
1426 36 0
1426 37 0
1426 38 318
1426 39 20
1426 40 0
1426 41 181
1426 42 0
1426 43 0
1426 44 0
1426 45 191
1426 46 1
1426 47 0
1426 48 0
1426 49 10
1426 50 0
1426 51 0
1426 52 460
1426 53 54
1426 54 0
1426 55 269
1426 56 302
1426 57 2
1426 58 0
1426 59 0
1426 60 72
1426 61 0
1426 62 20
1426 63 449
1426 64 0
1426 65 20
1426 66 52
1426 67 1
1426 68 0
1426 69 28
1426 70 0
1426 71 0
1426 72 1
1426 73 0
1426 74 109
1426 75 0
1426 76 31
1426 77 0
1426 78 62
1426 79 3
1426 80 0
1426 81 0
1426 82 165
1426 83 0
1426 84 303
1426 85 0
1426 86 0
1426 87 430
1426 88 32
1426 89 0
1426 90 74
1426 91 31
1426 92 89
1426 93 46
1426 94 0
1426 95 0
1451 1 27
1451 2 105
1451 3 20
1451 4 3
1451 5 0
1451 6 0
1451 7 25
1451 8 7
1451 9 31
1451 10 0
1451 11 0
1451 12 0
1451 13 37
1451 14 24
1451 15 260
1451 16 0
1451 17 60
1451 18 0
1451 19 149
1451 20 0
1451 21 0
1451 22 0
1451 23 0
1451 24 16
1451 25 1
1451 26 0
1451 27 160
1451 28 1
1451 29 52
1451 30 78
1451 31 0
1451 32 32
1451 33 82
1451 34 12
1451 35 30
1451 36 1
1451 37 0
1451 38 323
1451 39 24
1451 40 0
1451 41 183
1451 42 1
1451 43 0
1451 44 0
1451 45 190
1451 46 0
1451 47 0
1451 48 1
1451 49 2
1451 50 0
1451 51 0
1451 52 452
1451 53 51
1451 54 0
1451 55 273
1451 56 276
1451 57 1
1451 58 0
1451 59 1
1451 60 69
1451 61 0
1451 62 18
1451 63 465
1451 64 0
1451 65 13
1451 66 75
1451 67 0
1451 68 1
1451 69 29
1451 70 0
1451 71 0
1451 72 0
1451 73 2
1451 74 119
1451 75 0
1451 76 37
1451 77 0
1451 78 76
1451 79 2
1451 80 0
1451 81 0
1451 82 157
1451 83 0
1451 84 284
1451 85 0
1451 86 0
1451 87 439
1451 88 13
1451 89 0
1451 90 72
1451 91 10
1451 92 111
1451 93 49
1451 94 0
1451 95 0
1476 1 22
1476 2 113
1476 3 18
1476 4 0
1476 5 0
1476 6 0
1476 7 24
1476 8 12
1476 9 22
1476 10 0
1476 11 0
1476 12 0
1476 13 32
1476 14 25
1476 15 250
1476 16 0
1476 17 72
1476 18 0
1476 19 156
1476 20 1
1476 21 0
1476 22 0
1476 23 0
1476 24 20
1476 25 1
1476 26 0
1476 27 143
1476 28 0
1476 29 39
1476 30 35
1476 31 0
1476 32 38
1476 33 80
1476 34 12
1476 35 30
1476 36 0
1476 37 1
1476 38 334
1476 39 21
1476 40 0
1476 41 151
1476 42 0
1476 43 0
1476 44 0
1476 45 199
1476 46 1
1476 47 0
1476 48 0
1476 49 0
1476 50 0
1476 51 0
1476 52 441
1476 53 59
1476 54 0
1476 55 260
1476 56 322
1476 57 0
1476 58 0
1476 59 0
1476 60 78
1476 61 0
1476 62 26
1476 63 451
1476 64 1
1476 65 6
1476 66 94
1476 67 0
1476 68 0
1476 69 36
1476 70 0
1476 71 0
1476 72 0
1476 73 1
1476 74 119
1476 75 5
1476 76 34
1476 77 0
1476 78 65
1476 79 1
1476 80 0
1476 81 0
1476 82 163
1476 83 0
1476 84 285
1476 85 0
1476 86 0
1476 87 441
1476 88 1
1476 89 0
1476 90 83
1476 91 1
1476 92 104
1476 93 36
1476 94 4
1476 95 0
1501 1 20
1501 2 111
1501 3 10
1501 4 0
1501 5 0
1501 6 0
1501 7 25
1501 8 11
1501 9 35
1501 10 0
1501 11 0
1501 12 0
1501 13 23
1501 14 18
1501 15 263
1501 16 0
1501 17 68
1501 18 0
1501 19 150
1501 20 3
1501 21 0
1501 22 1
1501 23 0
1501 24 16
1501 25 0
1501 26 0
1501 27 114
1501 28 0
1501 29 45
1501 30 39
1501 31 0
1501 32 29
1501 33 82
1501 34 6
1501 35 28
1501 36 0
1501 37 2
1501 38 345
1501 39 28
1501 40 1
1501 41 163
1501 42 0
1501 43 0
1501 44 0
1501 45 244
1501 46 4
1501 47 0
1501 48 0
1501 49 0
1501 50 0
1501 51 0
1501 52 452
1501 53 63
1501 54 0
1501 55 248
1501 56 347
1501 57 0
1501 58 0
1501 59 0
1501 60 34
1501 61 0
1501 62 13
1501 63 473
1501 64 0
1501 65 17
1501 66 89
1501 67 0
1501 68 0
1501 69 44
1501 70 0
1501 71 0
1501 72 0
1501 73 0
1501 74 107
1501 75 35
1501 76 40
1501 77 0
1501 78 70
1501 79 1
1501 80 0
1501 81 1
1501 82 157
1501 83 0
1501 84 284
1501 85 0
1501 86 0
1501 87 429
1501 88 0
1501 89 1
1501 90 80
1501 91 2
1501 92 107
1501 93 33
1501 94 28
1501 95 0
1526 1 23
1526 2 98
1526 3 13
1526 4 0
1526 5 0
1526 6 1
1526 7 24
1526 8 14
1526 9 31
1526 10 0
1526 11 0
1526 12 5
1526 13 25
1526 14 19
1526 15 293
1526 16 0
1526 17 55
1526 18 0
1526 19 146
1526 20 0
1526 21 0
1526 22 0
1526 23 0
1526 24 10
1526 25 0
1526 26 1
1526 27 88
1526 28 0
1526 29 41
1526 30 40
1526 31 0
1526 32 40
1526 33 95
1526 34 14
1526 35 32
1526 36 0
1526 37 0
1526 38 308
1526 39 23
1526 40 0
1526 41 224
1526 42 1
1526 43 2
1526 44 0
1526 45 277
1526 46 3
1526 47 2
1526 48 0
1526 49 0
1526 50 1
1526 51 0
1526 52 451
1526 53 80
1526 54 0
1526 55 212
1526 56 367
1526 57 0
1526 58 0
1526 59 1
1526 60 14
1526 61 0
1526 62 20
1526 63 485
1526 64 0
1526 65 18
1526 66 71
1526 67 2
1526 68 0
1526 69 41
1526 70 0
1526 71 0
1526 72 0
1526 73 0
1526 74 98
1526 75 6
1526 76 30
1526 77 0
1526 78 92
1526 79 0
1526 80 0
1526 81 0
1526 82 161
1526 83 0
1526 84 308
1526 85 0
1526 86 2
1526 87 409
1526 88 3
1526 89 1
1526 90 78
1526 91 2
1526 92 138
1526 93 48
1526 94 32
1526 95 0
1551 1 27
1551 2 95
1551 3 14
1551 4 0
1551 5 1
1551 6 0
1551 7 25
1551 8 7
1551 9 24
1551 10 0
1551 11 0
1551 12 1
1551 13 20
1551 14 16
1551 15 318
1551 16 0
1551 17 47
1551 18 0
1551 19 117
1551 20 5
1551 21 0
1551 22 0
1551 23 0
1551 24 8
1551 25 0
1551 26 0
1551 27 75
1551 28 0
1551 29 32
1551 30 38
1551 31 2
1551 32 37
1551 33 95
1551 34 8
1551 35 29
1551 36 0
1551 37 0
1551 38 298
1551 39 26
1551 40 0
1551 41 217
1551 42 0
1551 43 0
1551 44 1
1551 45 265
1551 46 0
1551 47 0
1551 48 2
1551 49 0
1551 50 0
1551 51 0
1551 52 448
1551 53 68
1551 54 0
1551 55 228
1551 56 384
1551 57 0
1551 58 0
1551 59 0
1551 60 15
1551 61 0
1551 62 16
1551 63 555
1551 64 0
1551 65 32
1551 66 61
1551 67 0
1551 68 0
1551 69 36
1551 70 1
1551 71 0
1551 72 1
1551 73 0
1551 74 112
1551 75 1
1551 76 1
1551 77 0
1551 78 55
1551 79 0
1551 80 0
1551 81 0
1551 82 176
1551 83 0
1551 84 327
1551 85 0
1551 86 0
1551 87 439
1551 88 0
1551 89 0
1551 90 75
1551 91 0
1551 92 159
1551 93 43
1551 94 3
1551 95 0
1576 1 28
1576 2 105
1576 3 15
1576 4 0
1576 5 3
1576 6 1
1576 7 19
1576 8 9
1576 9 51
1576 10 1
1576 11 0
1576 12 0
1576 13 24
1576 14 17
1576 15 301
1576 16 0
1576 17 41
1576 18 0
1576 19 167
1576 20 24
1576 21 0
1576 22 1
1576 23 1
1576 24 8
1576 25 0
1576 26 0
1576 27 58
1576 28 3
1576 29 37
1576 30 34
1576 31 0
1576 32 40
1576 33 91
1576 34 8
1576 35 38
1576 36 0
1576 37 2
1576 38 276
1576 39 17
1576 40 0
1576 41 233
1576 42 0
1576 43 2
1576 44 6
1576 45 268
1576 46 0
1576 47 0
1576 48 0
1576 49 1
1576 50 1
1576 51 0
1576 52 445
1576 53 86
1576 54 0
1576 55 224
1576 56 398
1576 57 1
1576 58 0
1576 59 0
1576 60 11
1576 61 0
1576 62 19
1576 63 524
1576 64 0
1576 65 4
1576 66 40
1576 67 0
1576 68 0
1576 69 35
1576 70 0
1576 71 0
1576 72 0
1576 73 0
1576 74 110
1576 75 0
1576 76 1
1576 77 1
1576 78 67
1576 79 2
1576 80 0
1576 81 0
1576 82 175
1576 83 0
1576 84 297
1576 85 0
1576 86 0
1576 87 440
1576 88 1
1576 89 0
1576 90 65
1576 91 0
1576 92 141
1576 93 41
1576 94 0
1576 95 0
1601 1 26
1601 2 112
1601 3 16
1601 4 0
1601 5 2
1601 6 3
1601 7 24
1601 8 0
1601 9 31
1601 10 0
1601 11 0
1601 12 1
1601 13 28
1601 14 16
1601 15 269
1601 16 2
1601 17 39
1601 18 3
1601 19 133
1601 20 17
1601 21 0
1601 22 0
1601 23 0
1601 24 18
1601 25 0
1601 26 0
1601 27 53
1601 28 18
1601 29 41
1601 30 38
1601 31 2
1601 32 38
1601 33 52
1601 34 14
1601 35 33
1601 36 1
1601 37 0
1601 38 273
1601 39 20
1601 40 0
1601 41 257
1601 42 0
1601 43 0
1601 44 26
1601 45 269
1601 46 0
1601 47 3
1601 48 0
1601 49 1
1601 50 0
1601 51 0
1601 52 415
1601 53 80
1601 54 0
1601 55 214
1601 56 368
1601 57 0
1601 58 1
1601 59 1
1601 60 19
1601 61 0
1601 62 18
1601 63 531
1601 64 0
1601 65 8
1601 66 46
1601 67 0
1601 68 0
1601 69 29
1601 70 1
1601 71 0
1601 72 0
1601 73 0
1601 74 120
1601 75 0
1601 76 3
1601 77 2
1601 78 68
1601 79 0
1601 80 22
1601 81 3
1601 82 176
1601 83 1
1601 84 305
1601 85 0
1601 86 0
1601 87 448
1601 88 4
1601 89 7
1601 90 51
1601 91 0
1601 92 143
1601 93 34
1601 94 2
1601 95 0
1626 1 24
1626 2 104
1626 3 23
1626 4 0
1626 5 0
1626 6 0
1626 7 24
1626 8 0
1626 9 29
1626 10 0
1626 11 0
1626 12 0
1626 13 23
1626 14 18
1626 15 296
1626 16 0
1626 17 42
1626 18 0
1626 19 159
1626 20 0
1626 21 0
1626 22 0
1626 23 0
1626 24 20
1626 25 0
1626 26 1
1626 27 55
1626 28 31
1626 29 36
1626 30 30
1626 31 3
1626 32 37
1626 33 53
1626 34 9
1626 35 39
1626 36 3
1626 37 0
1626 38 283
1626 39 19
1626 40 0
1626 41 252
1626 42 2
1626 43 0
1626 44 30
1626 45 268
1626 46 0
1626 47 0
1626 48 0
1626 49 0
1626 50 1
1626 51 2
1626 52 439
1626 53 104
1626 54 0
1626 55 208
1626 56 383
1626 57 0
1626 58 0
1626 59 11
1626 60 23
1626 61 0
1626 62 17
1626 63 587
1626 64 1
1626 65 0
1626 66 53
1626 67 1
1626 68 0
1626 69 35
1626 70 0
1626 71 0
1626 72 0
1626 73 0
1626 74 108
1626 75 0
1626 76 3
1626 77 0
1626 78 79
1626 79 0
1626 80 12
1626 81 0
1626 82 150
1626 83 0
1626 84 248
1626 85 0
1626 86 0
1626 87 441
1626 88 4
1626 89 0
1626 90 31
1626 91 0
1626 92 144
1626 93 30
1626 94 0
1626 95 0
1651 1 28
1651 2 71
1651 3 21
1651 4 0
1651 5 0
1651 6 0
1651 7 28
1651 8 0
1651 9 35
1651 10 1
1651 11 0
1651 12 0
1651 13 21
1651 14 19
1651 15 293
1651 16 0
1651 17 43
1651 18 0
1651 19 165
1651 20 0
1651 21 0
1651 22 0
1651 23 0
1651 24 15
1651 25 2
1651 26 0
1651 27 46
1651 28 35
1651 29 33
1651 30 35
1651 31 7
1651 32 38
1651 33 44
1651 34 15
1651 35 42
1651 36 0
1651 37 0
1651 38 269
1651 39 18
1651 40 0
1651 41 224
1651 42 0
1651 43 0
1651 44 24
1651 45 279
1651 46 1
1651 47 0
1651 48 0
1651 49 0
1651 50 0
1651 51 1
1651 52 417
1651 53 112
1651 54 0
1651 55 211
1651 56 385
1651 57 0
1651 58 0
1651 59 16
1651 60 25
1651 61 0
1651 62 27
1651 63 579
1651 64 0
1651 65 0
1651 66 52
1651 67 0
1651 68 1
1651 69 32
1651 70 0
1651 71 1
1651 72 1
1651 73 0
1651 74 135
1651 75 0
1651 76 0
1651 77 0
1651 78 84
1651 79 0
1651 80 20
1651 81 0
1651 82 157
1651 83 1
1651 84 291
1651 85 1
1651 86 0
1651 87 453
1651 88 0
1651 89 0
1651 90 38
1651 91 0
1651 92 144
1651 93 48
1651 94 0
1651 95 0
1676 1 24
1676 2 66
1676 3 22
1676 4 0
1676 5 0
1676 6 2
1676 7 26
1676 8 0
1676 9 45
1676 10 0
1676 11 0
1676 12 0
1676 13 25
1676 14 27
1676 15 306
1676 16 0
1676 17 44
1676 18 0
1676 19 172
1676 20 0
1676 21 1
1676 22 2
1676 23 1
1676 24 14
1676 25 1
1676 26 1
1676 27 53
1676 28 31
1676 29 25
1676 30 40
1676 31 23
1676 32 38
1676 33 60
1676 34 8
1676 35 27
1676 36 0
1676 37 1
1676 38 247
1676 39 20
1676 40 0
1676 41 226
1676 42 0
1676 43 0
1676 44 28
1676 45 260
1676 46 0
1676 47 0
1676 48 1
1676 49 1
1676 50 0
1676 51 0
1676 52 413
1676 53 121
1676 54 0
1676 55 199
1676 56 396
1676 57 2
1676 58 0
1676 59 22
1676 60 23
1676 61 0
1676 62 20
1676 63 580
1676 64 0
1676 65 0
1676 66 53
1676 67 2
1676 68 0
1676 69 34
1676 70 0
1676 71 0
1676 72 3
1676 73 1
1676 74 114
1676 75 0
1676 76 0
1676 77 0
1676 78 89
1676 79 0
1676 80 33
1676 81 0
1676 82 153
1676 83 0
1676 84 287
1676 85 0
1676 86 0
1676 87 427
1676 88 0
1676 89 1
1676 90 38
1676 91 1
1676 92 145
1676 93 41
1676 94 0
1676 95 0
1701 1 29
1701 2 82
1701 3 19
1701 4 0
1701 5 0
1701 6 0
1701 7 26
1701 8 0
1701 9 33
1701 10 3
1701 11 0
1701 12 0
1701 13 23
1701 14 23
1701 15 284
1701 16 0
1701 17 37
1701 18 0
1701 19 175
1701 20 0
1701 21 0
1701 22 1
1701 23 0
1701 24 27
1701 25 0
1701 26 0
1701 27 56
1701 28 32
1701 29 0
1701 30 26
1701 31 22
1701 32 37
1701 33 68
1701 34 16
1701 35 25
1701 36 4
1701 37 0
1701 38 254
1701 39 26
1701 40 0
1701 41 211
1701 42 0
1701 43 3
1701 44 19
1701 45 261
1701 46 7
1701 47 1
1701 48 0
1701 49 1
1701 50 0
1701 51 1
1701 52 452
1701 53 160
1701 54 1
1701 55 183
1701 56 391
1701 57 0
1701 58 1
1701 59 17
1701 60 12
1701 61 0
1701 62 20
1701 63 575
1701 64 0
1701 65 4
1701 66 49
1701 67 0
1701 68 0
1701 69 31
1701 70 0
1701 71 0
1701 72 13
1701 73 0
1701 74 117
1701 75 0
1701 76 0
1701 77 1
1701 78 92
1701 79 0
1701 80 35
1701 81 0
1701 82 140
1701 83 0
1701 84 278
1701 85 0
1701 86 0
1701 87 383
1701 88 0
1701 89 15
1701 90 34
1701 91 1
1701 92 139
1701 93 48
1701 94 1
1701 95 1
1726 1 20
1726 2 89
1726 3 36
1726 4 0
1726 5 0
1726 6 4
1726 7 26
1726 8 0
1726 9 45
1726 10 0
1726 11 0
1726 12 0
1726 13 25
1726 14 29
1726 15 297
1726 16 0
1726 17 40
1726 18 1
1726 19 145
1726 20 0
1726 21 0
1726 22 0
1726 23 0
1726 24 12
1726 25 0
1726 26 0
1726 27 57
1726 28 24
1726 29 0
1726 30 31
1726 31 13
1726 32 38
1726 33 56
1726 34 1
1726 35 23
1726 36 0
1726 37 1
1726 38 255
1726 39 19
1726 40 0
1726 41 214
1726 42 1
1726 43 0
1726 44 0
1726 45 266
1726 46 24
1726 47 0
1726 48 0
1726 49 0
1726 50 2
1726 51 0
1726 52 448
1726 53 175
1726 54 0
1726 55 205
1726 56 386
1726 57 0
1726 58 0
1726 59 12
1726 60 15
1726 61 0
1726 62 22
1726 63 567
1726 64 14
1726 65 18
1726 66 56
1726 67 0
1726 68 1
1726 69 40
1726 70 1
1726 71 0
1726 72 20
1726 73 0
1726 74 121
1726 75 1
1726 76 0
1726 77 0
1726 78 61
1726 79 0
1726 80 24
1726 81 0
1726 82 131
1726 83 1
1726 84 301
1726 85 0
1726 86 1
1726 87 389
1726 88 0
1726 89 39
1726 90 37
1726 91 0
1726 92 145
1726 93 43
1726 94 0
1726 95 0
1751 1 24
1751 2 87
1751 3 46
1751 4 0
1751 5 1
1751 6 1
1751 7 21
1751 8 0
1751 9 49
1751 10 0
1751 11 0
1751 12 0
1751 13 22
1751 14 25
1751 15 337
1751 16 0
1751 17 44
1751 18 0
1751 19 159
1751 20 6
1751 21 0
1751 22 1
1751 23 0
1751 24 13
1751 25 0
1751 26 0
1751 27 70
1751 28 1
1751 29 0
1751 30 40
1751 31 0
1751 32 35
1751 33 68
1751 34 0
1751 35 28
1751 36 2
1751 37 0
1751 38 260
1751 39 17
1751 40 0
1751 41 197
1751 42 0
1751 43 0
1751 44 19
1751 45 256
1751 46 41
1751 47 0
1751 48 0
1751 49 3
1751 50 0
1751 51 0
1751 52 409
1751 53 199
1751 54 0
1751 55 189
1751 56 370
1751 57 0
1751 58 2
1751 59 20
1751 60 15
1751 61 0
1751 62 14
1751 63 563
1751 64 32
1751 65 25
1751 66 47
1751 67 0
1751 68 0
1751 69 36
1751 70 0
1751 71 0
1751 72 8
1751 73 0
1751 74 120
1751 75 5
1751 76 0
1751 77 0
1751 78 46
1751 79 1
1751 80 28
1751 81 1
1751 82 111
1751 83 0
1751 84 303
1751 85 0
1751 86 0
1751 87 360
1751 88 0
1751 89 38
1751 90 40
1751 91 1
1751 92 141
1751 93 41
1751 94 0
1751 95 0
1776 1 20
1776 2 98
1776 3 38
1776 4 0
1776 5 0
1776 6 0
1776 7 22
1776 8 1
1776 9 37
1776 10 0
1776 11 0
1776 12 0
1776 13 28
1776 14 31
1776 15 344
1776 16 0
1776 17 39
1776 18 0
1776 19 161
1776 20 0
1776 21 0
1776 22 0
1776 23 0
1776 24 13
1776 25 0
1776 26 0
1776 27 60
1776 28 0
1776 29 0
1776 30 33
1776 31 1
1776 32 40
1776 33 63
1776 34 0
1776 35 30
1776 36 0
1776 37 0
1776 38 247
1776 39 21
1776 40 0
1776 41 227
1776 42 0
1776 43 10
1776 44 15
1776 45 265
1776 46 21
1776 47 0
1776 48 1
1776 49 2
1776 50 1
1776 51 0
1776 52 422
1776 53 201
1776 54 0
1776 55 210
1776 56 384
1776 57 0
1776 58 1
1776 59 13
1776 60 27
1776 61 0
1776 62 31
1776 63 593
1776 64 27
1776 65 15
1776 66 39
1776 67 1
1776 68 0
1776 69 34
1776 70 0
1776 71 0
1776 72 3
1776 73 0
1776 74 116
1776 75 1
1776 76 0
1776 77 0
1776 78 45
1776 79 2
1776 80 33
1776 81 2
1776 82 94
1776 83 0
1776 84 302
1776 85 3
1776 86 0
1776 87 348
1776 88 0
1776 89 38
1776 90 37
1776 91 4
1776 92 148
1776 93 29
1776 94 0
1776 95 2
1801 1 21
1801 2 93
1801 3 36
1801 4 0
1801 5 0
1801 6 0
1801 7 23
1801 8 1
1801 9 30
1801 10 0
1801 11 0
1801 12 5
1801 13 27
1801 14 29
1801 15 330
1801 16 0
1801 17 44
1801 18 0
1801 19 177
1801 20 0
1801 21 0
1801 22 1
1801 23 1
1801 24 6
1801 25 1
1801 26 0
1801 27 62
1801 28 0
1801 29 0
1801 30 12
1801 31 0
1801 32 36
1801 33 95
1801 34 0
1801 35 32
1801 36 1
1801 37 0
1801 38 253
1801 39 26
1801 40 1
1801 41 243
1801 42 0
1801 43 28
1801 44 3
1801 45 269
1801 46 13
1801 47 0
1801 48 1
1801 49 0
1801 50 0
1801 51 0
1801 52 412
1801 53 214
1801 54 0
1801 55 215
1801 56 386
1801 57 0
1801 58 0
1801 59 18
1801 60 22
1801 61 0
1801 62 30
1801 63 572
1801 64 19
1801 65 16
1801 66 59
1801 67 0
1801 68 0
1801 69 41
1801 70 0
1801 71 0
1801 72 13
1801 73 0
1801 74 123
1801 75 0
1801 76 0
1801 77 0
1801 78 40
1801 79 0
1801 80 35
1801 81 0
1801 82 87
1801 83 0
1801 84 291
1801 85 0
1801 86 0
1801 87 365
1801 88 0
1801 89 47
1801 90 40
1801 91 2
1801 92 147
1801 93 41
1801 94 0
1801 95 0
1826 1 33
1826 2 104
1826 3 44
1826 4 0
1826 5 1
1826 6 0
1826 7 22
1826 8 1
1826 9 24
1826 10 0
1826 11 0
1826 12 2
1826 13 20
1826 14 27
1826 15 345
1826 16 0
1826 17 39
1826 18 1
1826 19 149
1826 20 0
1826 21 0
1826 22 0
1826 23 0
1826 24 13
1826 25 1
1826 26 1
1826 27 57
1826 28 0
1826 29 0
1826 30 16
1826 31 0
1826 32 40
1826 33 103
1826 34 0
1826 35 33
1826 36 0
1826 37 0
1826 38 235
1826 39 28
1826 40 0
1826 41 243
1826 42 0
1826 43 19
1826 44 3
1826 45 249
1826 46 21
1826 47 0
1826 48 0
1826 49 1
1826 50 0
1826 51 1
1826 52 396
1826 53 201
1826 54 0
1826 55 206
1826 56 385
1826 57 0
1826 58 0
1826 59 17
1826 60 17
1826 61 1
1826 62 10
1826 63 582
1826 64 30
1826 65 12
1826 66 64
1826 67 0
1826 68 0
1826 69 58
1826 70 0
1826 71 0
1826 72 14
1826 73 1
1826 74 108
1826 75 0
1826 76 1
1826 77 1
1826 78 43
1826 79 0
1826 80 26
1826 81 0
1826 82 76
1826 83 0
1826 84 308
1826 85 0
1826 86 0
1826 87 335
1826 88 0
1826 89 61
1826 90 41
1826 91 0
1826 92 134
1826 93 51
1826 94 0
1826 95 0
1851 1 24
1851 2 112
1851 3 44
1851 4 0
1851 5 0
1851 6 0
1851 7 21
1851 8 0
1851 9 23
1851 10 1
1851 11 0
1851 12 11
1851 13 22
1851 14 21
1851 15 311
1851 16 0
1851 17 49
1851 18 1
1851 19 157
1851 20 0
1851 21 0
1851 22 0
1851 23 1
1851 24 15
1851 25 1
1851 26 1
1851 27 67
1851 28 0
1851 29 0
1851 30 0
1851 31 1
1851 32 30
1851 33 111
1851 34 0
1851 35 24
1851 36 0
1851 37 0
1851 38 230
1851 39 14
1851 40 0
1851 41 233
1851 42 0
1851 43 18
1851 44 12
1851 45 240
1851 46 21
1851 47 0
1851 48 0
1851 49 0
1851 50 2
1851 51 0
1851 52 409
1851 53 215
1851 54 0
1851 55 196
1851 56 395
1851 57 1
1851 58 0
1851 59 12
1851 60 11
1851 61 0
1851 62 18
1851 63 579
1851 64 7
1851 65 15
1851 66 58
1851 67 0
1851 68 0
1851 69 46
1851 70 3
1851 71 0
1851 72 14
1851 73 1
1851 74 140
1851 75 0
1851 76 0
1851 77 1
1851 78 42
1851 79 3
1851 80 41
1851 81 0
1851 82 82
1851 83 1
1851 84 319
1851 85 0
1851 86 0
1851 87 323
1851 88 0
1851 89 84
1851 90 44
1851 91 0
1851 92 150
1851 93 54
1851 94 1
1851 95 0
1876 1 20
1876 2 108
1876 3 41
1876 4 1
1876 5 0
1876 6 0
1876 7 32
1876 8 0
1876 9 21
1876 10 0
1876 11 0
1876 12 27
1876 13 16
1876 14 32
1876 15 294
1876 16 0
1876 17 58
1876 18 0
1876 19 165
1876 20 0
1876 21 0
1876 22 0
1876 23 0
1876 24 12
1876 25 0
1876 26 0
1876 27 56
1876 28 0
1876 29 5
1876 30 5
1876 31 0
1876 32 25
1876 33 120
1876 34 0
1876 35 19
1876 36 0
1876 37 0
1876 38 217
1876 39 18
1876 40 0
1876 41 223
1876 42 2
1876 43 13
1876 44 11
1876 45 246
1876 46 21
1876 47 0
1876 48 7
1876 49 0
1876 50 0
1876 51 0
1876 52 408
1876 53 204
1876 54 1
1876 55 173
1876 56 441
1876 57 0
1876 58 0
1876 59 22
1876 60 24
1876 61 1
1876 62 13
1876 63 582
1876 64 3
1876 65 7
1876 66 50
1876 67 0
1876 68 0
1876 69 49
1876 70 4
1876 71 0
1876 72 4
1876 73 0
1876 74 130
1876 75 1
1876 76 0
1876 77 14
1876 78 43
1876 79 0
1876 80 32
1876 81 0
1876 82 73
1876 83 0
1876 84 310
1876 85 0
1876 86 0
1876 87 326
1876 88 0
1876 89 84
1876 90 41
1876 91 0
1876 92 179
1876 93 35
1876 94 0
1876 95 0
1901 1 28
1901 2 119
1901 3 33
1901 4 0
1901 5 0
1901 6 0
1901 7 22
1901 8 1
1901 9 16
1901 10 0
1901 11 0
1901 12 33
1901 13 25
1901 14 37
1901 15 273
1901 16 0
1901 17 71
1901 18 0
1901 19 149
1901 20 0
1901 21 0
1901 22 0
1901 23 0
1901 24 10
1901 25 1
1901 26 1
1901 27 63
1901 28 0
1901 29 31
1901 30 13
1901 31 0
1901 32 23
1901 33 113
1901 34 0
1901 35 23
1901 36 0
1901 37 0
1901 38 227
1901 39 23
1901 40 2
1901 41 225
1901 42 0
1901 43 5
1901 44 1
1901 45 228
1901 46 35
1901 47 0
1901 48 1
1901 49 0
1901 50 0
1901 51 1
1901 52 412
1901 53 200
1901 54 0
1901 55 166
1901 56 458
1901 57 0
1901 58 0
1901 59 20
1901 60 17
1901 61 0
1901 62 20
1901 63 575
1901 64 22
1901 65 13
1901 66 41
1901 67 0
1901 68 0
1901 69 49
1901 70 26
1901 71 0
1901 72 13
1901 73 0
1901 74 148
1901 75 0
1901 76 0
1901 77 7
1901 78 43
1901 79 1
1901 80 34
1901 81 0
1901 82 91
1901 83 0
1901 84 294
1901 85 0
1901 86 0
1901 87 258
1901 88 0
1901 89 85
1901 90 34
1901 91 0
1901 92 188
1901 93 48
1901 94 0
1901 95 0
1926 1 23
1926 2 131
1926 3 37
1926 4 0
1926 5 0
1926 6 0
1926 7 29
1926 8 0
1926 9 16
1926 10 0
1926 11 0
1926 12 25
1926 13 20
1926 14 40
1926 15 278
1926 16 0
1926 17 93
1926 18 0
1926 19 144
1926 20 0
1926 21 0
1926 22 0
1926 23 0
1926 24 10
1926 25 0
1926 26 1
1926 27 53
1926 28 1
1926 29 35
1926 30 9
1926 31 0
1926 32 16
1926 33 102
1926 34 0
1926 35 36
1926 36 0
1926 37 0
1926 38 197
1926 39 21
1926 40 0
1926 41 214
1926 42 0
1926 43 23
1926 44 21
1926 45 265
1926 46 16
1926 47 0
1926 48 0
1926 49 0
1926 50 0
1926 51 0
1926 52 411
1926 53 192
1926 54 0
1926 55 200
1926 56 438
1926 57 1
1926 58 0
1926 59 23
1926 60 7
1926 61 0
1926 62 18
1926 63 561
1926 64 11
1926 65 20
1926 66 48
1926 67 2
1926 68 0
1926 69 50
1926 70 27
1926 71 0
1926 72 16
1926 73 0
1926 74 161
1926 75 0
1926 76 0
1926 77 0
1926 78 38
1926 79 0
1926 80 34
1926 81 0
1926 82 109
1926 83 0
1926 84 323
1926 85 0
1926 86 0
1926 87 276
1926 88 0
1926 89 64
1926 90 33
1926 91 0
1926 92 166
1926 93 58
1926 94 0
1926 95 0
1951 1 25
1951 2 125
1951 3 37
1951 4 0
1951 5 0
1951 6 1
1951 7 39
1951 8 1
1951 9 11
1951 10 0
1951 11 0
1951 12 18
1951 13 29
1951 14 41
1951 15 241
1951 16 0
1951 17 109
1951 18 0
1951 19 138
1951 20 0
1951 21 0
1951 22 1
1951 23 1
1951 24 19
1951 25 1
1951 26 0
1951 27 53
1951 28 0
1951 29 38
1951 30 13
1951 31 0
1951 32 1
1951 33 125
1951 34 0
1951 35 12
1951 36 1
1951 37 0
1951 38 226
1951 39 21
1951 40 0
1951 41 212
1951 42 0
1951 43 29
1951 44 32
1951 45 296
1951 46 0
1951 47 0
1951 48 0
1951 49 0
1951 50 0
1951 51 0
1951 52 394
1951 53 191
1951 54 0
1951 55 192
1951 56 428
1951 57 0
1951 58 0
1951 59 14
1951 60 9
1951 61 0
1951 62 19
1951 63 572
1951 64 15
1951 65 13
1951 66 41
1951 67 1
1951 68 0
1951 69 48
1951 70 21
1951 71 0
1951 72 20
1951 73 0
1951 74 159
1951 75 1
1951 76 2
1951 77 0
1951 78 34
1951 79 0
1951 80 33
1951 81 0
1951 82 119
1951 83 0
1951 84 295
1951 85 0
1951 86 0
1951 87 272
1951 88 0
1951 89 59
1951 90 17
1951 91 0
1951 92 160
1951 93 71
1951 94 0
1951 95 0
1976 1 23
1976 2 103
1976 3 48
1976 4 0
1976 5 0
1976 6 0
1976 7 55
1976 8 0
1976 9 15
1976 10 0
1976 11 0
1976 12 35
1976 13 26
1976 14 32
1976 15 237
1976 16 0
1976 17 114
1976 18 0
1976 19 142
1976 20 0
1976 21 0
1976 22 0
1976 23 0
1976 24 10
1976 25 0
1976 26 0
1976 27 54
1976 28 0
1976 29 34
1976 30 4
1976 31 0
1976 32 1
1976 33 151
1976 34 0
1976 35 22
1976 36 0
1976 37 1
1976 38 209
1976 39 22
1976 40 0
1976 41 201
1976 42 0
1976 43 30
1976 44 50
1976 45 306
1976 46 0
1976 47 0
1976 48 6
1976 49 0
1976 50 0
1976 51 0
1976 52 365
1976 53 183
1976 54 0
1976 55 196
1976 56 437
1976 57 0
1976 58 1
1976 59 23
1976 60 4
1976 61 1
1976 62 20
1976 63 515
1976 64 19
1976 65 34
1976 66 45
1976 67 1
1976 68 0
1976 69 44
1976 70 33
1976 71 0
1976 72 15
1976 73 0
1976 74 160
1976 75 2
1976 76 0
1976 77 0
1976 78 40
1976 79 0
1976 80 26
1976 81 0
1976 82 119
1976 83 0
1976 84 274
1976 85 0
1976 86 0
1976 87 240
1976 88 0
1976 89 89
1976 90 2
1976 91 3
1976 92 141
1976 93 57
1976 94 1
1976 95 0
