1 25
26 9
51 8
76 8
101 7
126 7
151 7
176 7
201 6
226 6
251 6
276 6
301 5
326 5
351 4
376 4
401 4
426 4
451 4
476 4
501 4
526 4
551 4
576 3
601 3
626 3
651 3
676 3
701 3
726 3
751 3
776 3
801 3
826 3
851 3
876 3
901 3
926 3
951 3
976 3
1001 3
1026 3
1051 3
1076 3
1101 3
1126 3
1151 3
1176 3
1201 3
1226 3
1251 3
1276 3
1301 3
1326 3
1351 3
1376 3
1401 3
1426 3
1451 3
1476 3
1501 3
1526 3
1551 3
1576 3
1601 3
1626 3
1651 3
1676 3
1701 3
1726 3
1751 3
1776 3
1801 3
1826 3
1851 3
1876 3
1901 3
1926 3
1951 3
1976 3
