1 4494
26 2570
51 2796
76 2912
101 2943
126 2945
151 2972
176 3076
201 3012
226 3023
251 2998
276 2915
301 2968
326 2955
351 2946
376 3035
401 2912
426 2995
451 3008
476 3012
501 2977
526 2920
551 3016
576 3010
601 2988
626 3030
651 2980
676 2870
701 2988
726 2900
751 2882
776 3020
801 3013
826 3003
851 2941
876 2936
901 3050
926 2983
951 2912
976 2991
1001 3000
1026 2961
1051 3099
1076 3010
1101 2950
1126 2983
1151 2957
1176 2932
1201 2947
1226 2874
1251 2923
1276 2911
1301 2932
1326 3017
1351 2967
1376 3041
1401 2921
1426 2894
1451 2994
1476 3066
1501 2982
1526 2937
1551 2918
1576 3036
1601 3004
1626 2998
1651 3117
1676 3030
1701 2981
1726 3008
1751 2960
1776 2950
1801 2973
1826 3024
1851 2909
1876 2919
1901 2983
1926 2957
1951 3023
1976 3017
