1 4756
26 3441
51 3429
76 3377
101 3363
126 3390
151 3390
176 3465
201 3398
226 3432
251 3361
276 3322
301 3424
326 3377
351 3413
376 3391
401 3435
426 3393
451 3357
476 3356
501 3370
526 3357
551 3381
576 3424
601 3373
626 3407
651 3386
676 3385
701 3416
726 3390
751 3416
776 3436
801 3363
826 3395
851 3374
876 3398
901 3400
926 3413
951 3366
976 3324
1001 3366
1026 3434
1051 3418
1076 3404
1101 3387
1126 3435
1151 3419
1176 3436
1201 3368
1226 3445
1251 3392
1276 3360
1301 3373
1326 3412
1351 3380
1376 3377
1401 3402
1426 3425
1451 3453
1476 3384
1501 3392
1526 3378
1551 3375
1576 3337
1601 3386
1626 3403
1651 3380
1676 3408
1701 3429
1726 3363
1751 3393
1776 3376
1801 3426
1826 3374
1851 3456
1876 3397
1901 3379
1926 3410
1951 3450
1976 3359
