1 1 0
1 2 0
1 3 28
1 4 0
1 5 79
1 6 0
1 7 88
1 8 0
1 9 0
1 10 0
1 11 41
1 12 0
1 13 337
1 14 19
1 15 5
1 16 0
1 17 0
1 18 367
1 19 0
1 20 0
1 21 1
1 22 148
1 23 118
1 24 57
1 25 0
1 26 0
1 27 0
1 28 0
1 29 0
1 30 0
1 31 69
1 32 0
1 33 0
1 34 0
1 35 168
1 36 0
1 37 0
1 38 0
1 39 43
1 40 138
1 41 39
1 42 76
1 43 108
1 44 56
1 45 6
1 46 57
1 47 119
1 48 16
1 49 0
1 50 0
1 51 9
1 52 32
1 53 4
1 54 0
1 55 22
1 56 16
1 57 316
1 58 1
1 59 0
1 60 0
1 61 35
1 62 0
1 63 240
1 64 0
1 65 48
1 66 25
1 67 216
1 68 0
1 69 1
1 70 0
1 71 34
1 72 23
1 73 273
1 74 0
1 75 34
1 76 58
1 77 24
1 78 0
1 79 0
1 80 0
1 81 11
1 82 49
1 83 0
1 84 0
1 85 0
1 86 0
1 87 65
1 88 0
1 89 276
1 90 0
1 91 0
1 92 0
1 93 0
1 94 0
1 95 118
26 1 0
26 2 0
26 3 0
26 4 0
26 5 0
26 6 0
26 7 15
26 8 0
26 9 0
26 10 0
26 11 10
26 12 0
26 13 0
26 14 26
26 15 20
26 16 0
26 17 0
26 18 3
26 19 0
26 20 0
26 21 38
26 22 14
26 23 0
26 24 10
26 25 0
26 26 0
26 27 0
26 28 0
26 29 0
26 30 0
26 31 0
26 32 0
26 33 22
26 34 0
26 35 0
26 36 19
26 37 0
26 38 2
26 39 0
26 40 0
26 41 0
26 42 5
26 43 8
26 44 12
26 45 0
26 46 16
26 47 18
26 48 0
26 49 0
26 50 0
26 51 0
26 52 10
26 53 18
26 54 0
26 55 14
26 56 10
26 57 0
26 58 42
26 59 0
26 60 0
26 61 13
26 62 0
26 63 3
26 64 0
26 65 57
26 66 0
26 67 7
26 68 0
26 69 0
26 70 0
26 71 11
26 72 9
26 73 0
26 74 0
26 75 9
26 76 15
26 77 0
26 78 0
26 79 0
26 80 0
26 81 21
26 82 23
26 83 0
26 84 0
26 85 0
26 86 0
26 87 0
26 88 19
26 89 13
26 90 0
26 91 3
26 92 15
26 93 0
26 94 0
26 95 4
51 1 0
51 2 0
51 3 0
51 4 0
51 5 0
51 6 0
51 7 0
51 8 0
51 9 0
51 10 17
51 11 0
51 12 0
51 13 0
51 14 21
51 15 33
51 16 13
51 17 0
51 18 0
51 19 0
51 20 0
51 21 56
51 22 0
51 23 0
51 24 0
51 25 0
51 26 0
51 27 0
51 28 15
51 29 12
51 30 22
51 31 0
51 32 0
51 33 19
51 34 0
51 35 0
51 36 16
51 37 0
51 38 0
51 39 0
51 40 0
51 41 0
51 42 0
51 43 6
51 44 20
51 45 0
51 46 11
51 47 9
51 48 0
51 49 16
51 50 0
51 51 0
51 52 10
51 53 14
51 54 0
51 55 17
51 56 12
51 57 0
51 58 40
51 59 0
51 60 0
51 61 0
51 62 19
51 63 0
51 64 0
51 65 41
51 66 3
51 67 0
51 68 41
51 69 36
51 70 9
51 71 11
51 72 17
51 73 0
51 74 0
51 75 10
51 76 9
51 77 0
51 78 0
51 79 0
51 80 0
51 81 45
51 82 10
51 83 0
51 84 0
51 85 0
51 86 0
51 87 0
51 88 20
51 89 0
51 90 0
51 91 0
51 92 56
51 93 0
51 94 0
51 95 0
76 1 10
76 2 0
76 3 0
76 4 0
76 5 0
76 6 0
76 7 0
76 8 0
76 9 12
76 10 18
76 11 0
76 12 0
76 13 0
76 14 25
76 15 39
76 16 19
76 17 17
76 18 0
76 19 0
76 20 0
76 21 69
76 22 0
76 23 0
76 24 0
76 25 0
76 26 0
76 27 11
76 28 11
76 29 8
76 30 20
76 31 0
76 32 0
76 33 42
76 34 0
76 35 0
76 36 18
76 37 17
76 38 0
76 39 0
76 40 1
76 41 0
76 42 0
76 43 9
76 44 32
76 45 0
76 46 10
76 47 0
76 48 3
76 49 20
76 50 0
76 51 10
76 52 8
76 53 14
76 54 6
76 55 9
76 56 8
76 57 0
76 58 44
76 59 0
76 60 0
76 61 0
76 62 0
76 63 0
76 64 0
76 65 41
76 66 10
76 67 0
76 68 57
76 69 41
76 70 9
76 71 0
76 72 12
76 73 0
76 74 0
76 75 9
76 76 14
76 77 0
76 78 0
76 79 0
76 80 0
76 81 32
76 82 9
76 83 0
76 84 0
76 85 0
76 86 0
76 87 0
76 88 18
76 89 4
76 90 0
76 91 11
76 92 54
76 93 0
76 94 0
76 95 0
101 1 7
101 2 0
101 3 0
101 4 0
101 5 0
101 6 22
101 7 0
101 8 0
101 9 10
101 10 20
101 11 0
101 12 19
101 13 0
101 14 14
101 15 57
101 16 15
101 17 42
101 18 0
101 19 45
101 20 0
101 21 77
101 22 0
101 23 0
101 24 0
101 25 0
101 26 0
101 27 15
101 28 11
101 29 20
101 30 42
101 31 0
101 32 0
101 33 46
101 34 8
101 35 0
101 36 20
101 37 36
101 38 0
101 39 0
101 40 0
101 41 0
101 42 0
101 43 0
101 44 39
101 45 0
101 46 9
101 47 9
101 48 1
101 49 15
101 50 0
101 51 10
101 52 16
101 53 13
101 54 21
101 55 0
101 56 14
101 57 0
101 58 40
101 59 0
101 60 0
101 61 0
101 62 0
101 63 0
101 64 17
101 65 41
101 66 0
101 67 0
101 68 59
101 69 43
101 70 16
101 71 0
101 72 11
101 73 0
101 74 1
101 75 0
101 76 9
101 77 0
101 78 21
101 79 0
101 80 0
101 81 59
101 82 0
101 83 14
101 84 10
101 85 11
101 86 0
101 87 0
101 88 20
101 89 8
101 90 0
101 91 15
101 92 71
101 93 46
101 94 0
101 95 0
126 1 15
126 2 20
126 3 18
126 4 0
126 5 0
126 6 17
126 7 1
126 8 0
126 9 10
126 10 17
126 11 0
126 12 11
126 13 0
126 14 30
126 15 54
126 16 22
126 17 30
126 18 0
126 19 52
126 20 0
126 21 80
126 22 0
126 23 0
126 24 0
126 25 1
126 26 0
126 27 16
126 28 9
126 29 23
126 30 38
126 31 0
126 32 0
126 33 37
126 34 10
126 35 0
126 36 38
126 37 50
126 38 0
126 39 0
126 40 0
126 41 0
126 42 0
126 43 6
126 44 33
126 45 0
126 46 0
126 47 6
126 48 0
126 49 10
126 50 13
126 51 12
126 52 10
126 53 16
126 54 20
126 55 0
126 56 11
126 57 0
126 58 40
126 59 18
126 60 0
126 61 0
126 62 0
126 63 0
126 64 22
126 65 37
126 66 3
126 67 0
126 68 61
126 69 38
126 70 13
126 71 0
126 72 11
126 73 0
126 74 0
126 75 17
126 76 10
126 77 0
126 78 15
126 79 0
126 80 0
126 81 64
126 82 0
126 83 19
126 84 19
126 85 11
126 86 20
126 87 0
126 88 25
126 89 0
126 90 0
126 91 21
126 92 70
126 93 58
126 94 0
126 95 0
151 1 14
151 2 18
151 3 23
151 4 0
151 5 0
151 6 22
151 7 0
151 8 0
151 9 20
151 10 23
151 11 0
151 12 19
151 13 0
151 14 7
151 15 52
151 16 37
151 17 42
151 18 0
151 19 60
151 20 17
151 21 78
151 22 0
151 23 0
151 24 0
151 25 14
151 26 0
151 27 17
151 28 14
151 29 19
151 30 46
151 31 0
151 32 0
151 33 41
151 34 20
151 35 0
151 36 39
151 37 30
151 38 0
151 39 0
151 40 0
151 41 0
151 42 0
151 43 0
151 44 29
151 45 0
151 46 0
151 47 0
151 48 0
151 49 10
151 50 11
151 51 15
151 52 8
151 53 31
151 54 24
151 55 0
151 56 13
151 57 0
151 58 34
151 59 21
151 60 0
151 61 0
151 62 0
151 63 0
151 64 19
151 65 84
151 66 18
151 67 0
151 68 72
151 69 60
151 70 8
151 71 0
151 72 17
151 73 0
151 74 0
151 75 30
151 76 12
151 77 0
151 78 17
151 79 0
151 80 0
151 81 71
151 82 0
151 83 20
151 84 17
151 85 10
151 86 24
151 87 0
151 88 19
151 89 0
151 90 0
151 91 41
151 92 65
151 93 86
151 94 0
151 95 0
176 1 1
176 2 38
176 3 9
176 4 0
176 5 0
176 6 26
176 7 0
176 8 0
176 9 11
176 10 47
176 11 0
176 12 20
176 13 0
176 14 10
176 15 59
176 16 30
176 17 43
176 18 0
176 19 58
176 20 43
176 21 93
176 22 1
176 23 0
176 24 0
176 25 11
176 26 0
176 27 32
176 28 14
176 29 13
176 30 38
176 31 0
176 32 0
176 33 44
176 34 11
176 35 0
176 36 36
176 37 24
176 38 19
176 39 0
176 40 0
176 41 0
176 42 0
176 43 0
176 44 39
176 45 0
176 46 0
176 47 0
176 48 12
176 49 0
176 50 6
176 51 26
176 52 10
176 53 25
176 54 18
176 55 1
176 56 25
176 57 0
176 58 39
176 59 48
176 60 0
176 61 0
176 62 0
176 63 1
176 64 19
176 65 78
176 66 13
176 67 0
176 68 68
176 69 50
176 70 17
176 71 0
176 72 15
176 73 0
176 74 0
176 75 19
176 76 21
176 77 0
176 78 21
176 79 0
176 80 0
176 81 87
176 82 0
176 83 36
176 84 3
176 85 6
176 86 26
176 87 0
176 88 22
176 89 0
176 90 18
176 91 40
176 92 62
176 93 105
176 94 0
176 95 0
201 1 0
201 2 40
201 3 14
201 4 0
201 5 0
201 6 64
201 7 0
201 8 0
201 9 7
201 10 43
201 11 1
201 12 14
201 13 1
201 14 12
201 15 66
201 16 38
201 17 54
201 18 0
201 19 53
201 20 25
201 21 93
201 22 0
201 23 0
201 24 1
201 25 19
201 26 0
201 27 37
201 28 13
201 29 0
201 30 69
201 31 0
201 32 20
201 33 43
201 34 10
201 35 0
201 36 40
201 37 14
201 38 16
201 39 0
201 40 0
201 41 0
201 42 0
201 43 0
201 44 11
201 45 0
201 46 9
201 47 1
201 48 18
201 49 0
201 50 11
201 51 21
201 52 10
201 53 17
201 54 1
201 55 0
201 56 23
201 57 0
201 58 53
201 59 46
201 60 0
201 61 0
201 62 43
201 63 0
201 64 21
201 65 52
201 66 0
201 67 0
201 68 62
201 69 46
201 70 10
201 71 0
201 72 23
201 73 0
201 74 0
201 75 11
201 76 6
201 77 0
201 78 19
201 79 1
201 80 0
201 81 109
201 82 0
201 83 27
201 84 0
201 85 10
201 86 28
201 87 0
201 88 18
201 89 0
201 90 17
201 91 38
201 92 60
201 93 100
201 94 0
201 95 0
226 1 0
226 2 33
226 3 0
226 4 0
226 5 0
226 6 60
226 7 0
226 8 0
226 9 10
226 10 28
226 11 0
226 12 19
226 13 0
226 14 14
226 15 64
226 16 50
226 17 39
226 18 0
226 19 52
226 20 48
226 21 88
226 22 0
226 23 0
226 24 0
226 25 14
226 26 0
226 27 41
226 28 10
226 29 1
226 30 61
226 31 0
226 32 20
226 33 84
226 34 18
226 35 0
226 36 38
226 37 33
226 38 21
226 39 0
226 40 0
226 41 0
226 42 0
226 43 0
226 44 8
226 45 0
226 46 1
226 47 0
226 48 18
226 49 0
226 50 13
226 51 20
226 52 8
226 53 13
226 54 0
226 55 0
226 56 25
226 57 0
226 58 38
226 59 91
226 60 0
226 61 0
226 62 42
226 63 0
226 64 14
226 65 60
226 66 0
226 67 0
226 68 66
226 69 57
226 70 23
226 71 0
226 72 29
226 73 0
226 74 0
226 75 11
226 76 10
226 77 0
226 78 11
226 79 0
226 80 10
226 81 92
226 82 0
226 83 23
226 84 0
226 85 0
226 86 25
226 87 0
226 88 21
226 89 0
226 90 19
226 91 27
226 92 62
226 93 103
226 94 0
226 95 11
251 1 1
251 2 45
251 3 0
251 4 0
251 5 0
251 6 41
251 7 9
251 8 22
251 9 7
251 10 21
251 11 0
251 12 26
251 13 0
251 14 10
251 15 58
251 16 43
251 17 37
251 18 0
251 19 43
251 20 40
251 21 99
251 22 0
251 23 0
251 24 0
251 25 39
251 26 0
251 27 52
251 28 10
251 29 0
251 30 66
251 31 0
251 32 19
251 33 103
251 34 9
251 35 0
251 36 41
251 37 36
251 38 20
251 39 1
251 40 1
251 41 0
251 42 0
251 43 2
251 44 15
251 45 0
251 46 0
251 47 0
251 48 12
251 49 1
251 50 10
251 51 9
251 52 10
251 53 33
251 54 0
251 55 0
251 56 20
251 57 0
251 58 39
251 59 89
251 60 0
251 61 0
251 62 25
251 63 0
251 64 18
251 65 61
251 66 0
251 67 0
251 68 88
251 69 59
251 70 48
251 71 0
251 72 24
251 73 0
251 74 0
251 75 1
251 76 11
251 77 0
251 78 0
251 79 0
251 80 8
251 81 103
251 82 0
251 83 19
251 84 0
251 85 0
251 86 45
251 87 0
251 88 21
251 89 0
251 90 36
251 91 54
251 92 39
251 93 99
251 94 0
251 95 0
276 1 0
276 2 48
276 3 0
276 4 0
276 5 0
276 6 36
276 7 0
276 8 15
276 9 11
276 10 19
276 11 0
276 12 12
276 13 0
276 14 11
276 15 52
276 16 48
276 17 27
276 18 0
276 19 65
276 20 43
276 21 93
276 22 0
276 23 0
276 24 6
276 25 38
276 26 0
276 27 35
276 28 13
276 29 0
276 30 61
276 31 2
276 32 30
276 33 94
276 34 19
276 35 0
276 36 40
276 37 27
276 38 23
276 39 0
276 40 0
276 41 1
276 42 0
276 43 0
276 44 10
276 45 0
276 46 0
276 47 0
276 48 17
276 49 0
276 50 9
276 51 11
276 52 6
276 53 27
276 54 0
276 55 0
276 56 27
276 57 1
276 58 37
276 59 90
276 60 0
276 61 0
276 62 23
276 63 0
276 64 45
276 65 64
276 66 0
276 67 0
276 68 78
276 69 64
276 70 30
276 71 0
276 72 15
276 73 0
276 74 0
276 75 0
276 76 6
276 77 3
276 78 0
276 79 0
276 80 10
276 81 106
276 82 0
276 83 20
276 84 0
276 85 14
276 86 35
276 87 0
276 88 21
276 89 0
276 90 31
276 91 54
276 92 61
276 93 99
276 94 0
276 95 0
301 1 0
301 2 51
301 3 0
301 4 0
301 5 0
301 6 13
301 7 0
301 8 18
301 9 16
301 10 31
301 11 0
301 12 20
301 13 1
301 14 4
301 15 28
301 16 40
301 17 34
301 18 0
301 19 61
301 20 45
301 21 111
301 22 0
301 23 0
301 24 6
301 25 59
301 26 0
301 27 30
301 28 16
301 29 8
301 30 46
301 31 0
301 32 60
301 33 131
301 34 15
301 35 2
301 36 39
301 37 19
301 38 21
301 39 0
301 40 0
301 41 0
301 42 0
301 43 0
301 44 9
301 45 0
301 46 0
301 47 0
301 48 16
301 49 0
301 50 8
301 51 13
301 52 8
301 53 12
301 54 0
301 55 0
301 56 24
301 57 0
301 58 39
301 59 79
301 60 0
301 61 0
301 62 4
301 63 1
301 64 39
301 65 85
301 66 0
301 67 0
301 68 65
301 69 59
301 70 39
301 71 0
301 72 0
301 73 0
301 74 12
301 75 0
301 76 8
301 77 0
301 78 0
301 79 0
301 80 11
301 81 122
301 82 0
301 83 21
301 84 0
301 85 13
301 86 46
301 87 0
301 88 40
301 89 0
301 90 66
301 91 47
301 92 59
301 93 108
301 94 0
301 95 0
326 1 0
326 2 32
326 3 0
326 4 0
326 5 0
326 6 16
326 7 0
326 8 21
326 9 16
326 10 40
326 11 0
326 12 20
326 13 0
326 14 9
326 15 34
326 16 44
326 17 41
326 18 0
326 19 54
326 20 42
326 21 110
326 22 1
326 23 0
326 24 5
326 25 65
326 26 0
326 27 40
326 28 8
326 29 3
326 30 44
326 31 0
326 32 58
326 33 134
326 34 18
326 35 0
326 36 38
326 37 31
326 38 20
326 39 0
326 40 0
326 41 0
326 42 0
326 43 0
326 44 13
326 45 0
326 46 0
326 47 2
326 48 17
326 49 0
326 50 35
326 51 16
326 52 14
326 53 39
326 54 0
326 55 17
326 56 18
326 57 0
326 58 36
326 59 81
326 60 6
326 61 0
326 62 0
326 63 0
326 64 49
326 65 106
326 66 0
326 67 3
326 68 66
326 69 58
326 70 19
326 71 0
326 72 0
326 73 0
326 74 19
326 75 0
326 76 0
326 77 0
326 78 0
326 79 1
326 80 10
326 81 113
326 82 0
326 83 40
326 84 0
326 85 17
326 86 31
326 87 0
326 88 35
326 89 0
326 90 60
326 91 61
326 92 66
326 93 103
326 94 0
326 95 0
351 1 0
351 2 36
351 3 0
351 4 0
351 5 0
351 6 10
351 7 0
351 8 20
351 9 28
351 10 27
351 11 0
351 12 45
351 13 0
351 14 13
351 15 25
351 16 42
351 17 35
351 18 0
351 19 40
351 20 39
351 21 126
351 22 0
351 23 0
351 24 3
351 25 52
351 26 0
351 27 36
351 28 15
351 29 0
351 30 54
351 31 0
351 32 78
351 33 114
351 34 18
351 35 0
351 36 41
351 37 32
351 38 20
351 39 0
351 40 0
351 41 0
351 42 0
351 43 0
351 44 9
351 45 0
351 46 1
351 47 0
351 48 12
351 49 0
351 50 13
351 51 10
351 52 5
351 53 46
351 54 0
351 55 16
351 56 27
351 57 0
351 58 37
351 59 78
351 60 19
351 61 0
351 62 0
351 63 0
351 64 55
351 65 101
351 66 0
351 67 0
351 68 70
351 69 81
351 70 27
351 71 0
351 72 11
351 73 0
351 74 18
351 75 0
351 76 0
351 77 0
351 78 0
351 79 0
351 80 11
351 81 94
351 82 0
351 83 40
351 84 0
351 85 23
351 86 18
351 87 0
351 88 37
351 89 0
351 90 93
351 91 67
351 92 67
351 93 100
351 94 0
351 95 3
376 1 0
376 2 44
376 3 0
376 4 0
376 5 1
376 6 12
376 7 0
376 8 20
376 9 32
376 10 33
376 11 0
376 12 38
376 13 0
376 14 11
376 15 36
376 16 34
376 17 38
376 18 0
376 19 40
376 20 41
376 21 132
376 22 0
376 23 0
376 24 4
376 25 56
376 26 0
376 27 35
376 28 8
376 29 0
376 30 58
376 31 0
376 32 65
376 33 145
376 34 28
376 35 0
376 36 49
376 37 25
376 38 23
376 39 0
376 40 0
376 41 0
376 42 0
376 43 0
376 44 0
376 45 0
376 46 0
376 47 0
376 48 11
376 49 0
376 50 10
376 51 11
376 52 0
376 53 36
376 54 0
376 55 15
376 56 23
376 57 0
376 58 36
376 59 85
376 60 25
376 61 0
376 62 10
376 63 0
376 64 59
376 65 89
376 66 2
376 67 0
376 68 62
376 69 64
376 70 26
376 71 0
376 72 6
376 73 0
376 74 20
376 75 2
376 76 0
376 77 0
376 78 0
376 79 0
376 80 8
376 81 123
376 82 0
376 83 41
376 84 0
376 85 34
376 86 14
376 87 0
376 88 42
376 89 0
376 90 84
376 91 55
376 92 80
376 93 110
376 94 0
376 95 3
401 1 0
401 2 44
401 3 0
401 4 0
401 5 0
401 6 11
401 7 0
401 8 19
401 9 44
401 10 37
401 11 0
401 12 41
401 13 2
401 14 18
401 15 36
401 16 56
401 17 40
401 18 0
401 19 36
401 20 45
401 21 123
401 22 0
401 23 0
401 24 8
401 25 58
401 26 0
401 27 32
401 28 12
401 29 0
401 30 57
401 31 0
401 32 63
401 33 143
401 34 26
401 35 0
401 36 63
401 37 13
401 38 18
401 39 0
401 40 0
401 41 0
401 42 0
401 43 0
401 44 4
401 45 0
401 46 1
401 47 0
401 48 8
401 49 0
401 50 11
401 51 11
401 52 0
401 53 48
401 54 0
401 55 10
401 56 19
401 57 0
401 58 42
401 59 78
401 60 28
401 61 1
401 62 16
401 63 0
401 64 56
401 65 69
401 66 0
401 67 1
401 68 65
401 69 55
401 70 40
401 71 0
401 72 0
401 73 0
401 74 23
401 75 11
401 76 0
401 77 0
401 78 0
401 79 0
401 80 6
401 81 127
401 82 0
401 83 40
401 84 0
401 85 27
401 86 39
401 87 0
401 88 35
401 89 0
401 90 83
401 91 63
401 92 95
401 93 88
401 94 0
401 95 0
426 1 0
426 2 36
426 3 0
426 4 0
426 5 5
426 6 11
426 7 0
426 8 16
426 9 23
426 10 36
426 11 2
426 12 39
426 13 4
426 14 1
426 15 44
426 16 41
426 17 37
426 18 0
426 19 44
426 20 53
426 21 145
426 22 0
426 23 0
426 24 0
426 25 70
426 26 0
426 27 41
426 28 19
426 29 0
426 30 56
426 31 0
426 32 93
426 33 161
426 34 39
426 35 0
426 36 61
426 37 14
426 38 19
426 39 0
426 40 0
426 41 0
426 42 0
426 43 0
426 44 0
426 45 0
426 46 0
426 47 0
426 48 11
426 49 0
426 50 17
426 51 9
426 52 0
426 53 39
426 54 0
426 55 8
426 56 26
426 57 0
426 58 38
426 59 91
426 60 16
426 61 0
426 62 15
426 63 0
426 64 60
426 65 77
426 66 0
426 67 0
426 68 69
426 69 54
426 70 40
426 71 0
426 72 0
426 73 0
426 74 11
426 75 0
426 76 0
426 77 1
426 78 0
426 79 0
426 80 13
426 81 110
426 82 0
426 83 32
426 84 2
426 85 31
426 86 16
426 87 0
426 88 30
426 89 0
426 90 75
426 91 57
426 92 104
426 93 73
426 94 0
426 95 0
451 1 0
451 2 39
451 3 3
451 4 0
451 5 0
451 6 29
451 7 0
451 8 16
451 9 37
451 10 22
451 11 0
451 12 38
451 13 5
451 14 0
451 15 56
451 16 38
451 17 42
451 18 0
451 19 40
451 20 35
451 21 155
451 22 0
451 23 0
451 24 0
451 25 66
451 26 0
451 27 32
451 28 10
451 29 0
451 30 69
451 31 0
451 32 82
451 33 153
451 34 32
451 35 0
451 36 52
451 37 9
451 38 14
451 39 0
451 40 0
451 41 0
451 42 0
451 43 0
451 44 0
451 45 0
451 46 0
451 47 0
451 48 13
451 49 0
451 50 14
451 51 12
451 52 0
451 53 33
451 54 0
451 55 11
451 56 22
451 57 0
451 58 42
451 59 84
451 60 8
451 61 0
451 62 19
451 63 0
451 64 59
451 65 105
451 66 0
451 67 0
451 68 61
451 69 56
451 70 26
451 71 0
451 72 0
451 73 0
451 74 19
451 75 0
451 76 0
451 77 0
451 78 0
451 79 0
451 80 12
451 81 120
451 82 0
451 83 46
451 84 0
451 85 28
451 86 15
451 87 1
451 88 22
451 89 0
451 90 64
451 91 61
451 92 123
451 93 100
451 94 0
451 95 0
476 1 0
476 2 30
476 3 0
476 4 0
476 5 0
476 6 23
476 7 0
476 8 21
476 9 19
476 10 25
476 11 0
476 12 40
476 13 7
476 14 1
476 15 63
476 16 27
476 17 36
476 18 0
476 19 38
476 20 38
476 21 178
476 22 0
476 23 0
476 24 1
476 25 82
476 26 0
476 27 39
476 28 0
476 29 0
476 30 77
476 31 0
476 32 75
476 33 151
476 34 31
476 35 1
476 36 44
476 37 1
476 38 20
476 39 2
476 40 0
476 41 0
476 42 0
476 43 0
476 44 0
476 45 1
476 46 0
476 47 0
476 48 14
476 49 0
476 50 8
476 51 23
476 52 0
476 53 33
476 54 0
476 55 17
476 56 22
476 57 1
476 58 45
476 59 80
476 60 0
476 61 0
476 62 14
476 63 0
476 64 62
476 65 144
476 66 0
476 67 0
476 68 74
476 69 47
476 70 10
476 71 0
476 72 1
476 73 0
476 74 18
476 75 0
476 76 0
476 77 0
476 78 0
476 79 0
476 80 15
476 81 114
476 82 0
476 83 25
476 84 0
476 85 11
476 86 19
476 87 0
476 88 15
476 89 8
476 90 80
476 91 53
476 92 126
476 93 108
476 94 1
476 95 0
501 1 0
501 2 21
501 3 0
501 4 5
501 5 0
501 6 41
501 7 1
501 8 21
501 9 18
501 10 17
501 11 0
501 12 36
501 13 10
501 14 0
501 15 52
501 16 23
501 17 32
501 18 0
501 19 40
501 20 41
501 21 180
501 22 0
501 23 1
501 24 0
501 25 87
501 26 0
501 27 55
501 28 0
501 29 0
501 30 80
501 31 0
501 32 75
501 33 146
501 34 33
501 35 3
501 36 29
501 37 0
501 38 20
501 39 0
501 40 0
501 41 0
501 42 0
501 43 0
501 44 11
501 45 1
501 46 0
501 47 0
501 48 22
501 49 0
501 50 13
501 51 23
501 52 0
501 53 27
501 54 0
501 55 11
501 56 13
501 57 0
501 58 38
501 59 82
501 60 0
501 61 0
501 62 17
501 63 1
501 64 62
501 65 121
501 66 0
501 67 0
501 68 67
501 69 54
501 70 20
501 71 0
501 72 0
501 73 0
501 74 14
501 75 0
501 76 3
501 77 2
501 78 0
501 79 0
501 80 18
501 81 118
501 82 0
501 83 42
501 84 0
501 85 0
501 86 15
501 87 0
501 88 20
501 89 0
501 90 66
501 91 52
501 92 141
501 93 96
501 94 0
501 95 0
526 1 15
526 2 20
526 3 0
526 4 0
526 5 0
526 6 49
526 7 1
526 8 21
526 9 23
526 10 20
526 11 0
526 12 36
526 13 5
526 14 0
526 15 50
526 16 33
526 17 40
526 18 0
526 19 41
526 20 34
526 21 172
526 22 0
526 23 0
526 24 0
526 25 82
526 26 0
526 27 65
526 28 0
526 29 0
526 30 78
526 31 0
526 32 79
526 33 147
526 34 28
526 35 0
526 36 43
526 37 0
526 38 26
526 39 0
526 40 2
526 41 0
526 42 0
526 43 0
526 44 10
526 45 0
526 46 0
526 47 0
526 48 13
526 49 0
526 50 12
526 51 19
526 52 0
526 53 28
526 54 0
526 55 10
526 56 14
526 57 2
526 58 49
526 59 93
526 60 0
526 61 0
526 62 20
526 63 0
526 64 59
526 65 116
526 66 0
526 67 0
526 68 65
526 69 48
526 70 10
526 71 0
526 72 0
526 73 0
526 74 11
526 75 0
526 76 0
526 77 0
526 78 0
526 79 0
526 80 3
526 81 128
526 82 0
526 83 35
526 84 0
526 85 0
526 86 13
526 87 0
526 88 28
526 89 0
526 90 59
526 91 52
526 92 127
526 93 98
526 94 0
526 95 0
551 1 26
551 2 21
551 3 0
551 4 0
551 5 0
551 6 65
551 7 0
551 8 18
551 9 28
551 10 8
551 11 0
551 12 18
551 13 7
551 14 0
551 15 56
551 16 11
551 17 43
551 18 0
551 19 40
551 20 37
551 21 179
551 22 0
551 23 0
551 24 0
551 25 71
551 26 0
551 27 61
551 28 0
551 29 0
551 30 74
551 31 0
551 32 71
551 33 144
551 34 16
551 35 0
551 36 40
551 37 0
551 38 21
551 39 0
551 40 0
551 41 0
551 42 0
551 43 0
551 44 11
551 45 0
551 46 0
551 47 0
551 48 11
551 49 0
551 50 14
551 51 22
551 52 0
551 53 29
551 54 0
551 55 8
551 56 13
551 57 0
551 58 39
551 59 100
551 60 0
551 61 0
551 62 22
551 63 1
551 64 61
551 65 113
551 66 0
551 67 0
551 68 95
551 69 43
551 70 11
551 71 1
551 72 0
551 73 0
551 74 9
551 75 0
551 76 0
551 77 0
551 78 0
551 79 0
551 80 2
551 81 112
551 82 0
551 83 51
551 84 0
551 85 0
551 86 16
551 87 0
551 88 20
551 89 0
551 90 72
551 91 59
551 92 150
551 93 90
551 94 0
551 95 1
576 1 7
576 2 20
576 3 1
576 4 0
576 5 0
576 6 69
576 7 0
576 8 16
576 9 16
576 10 0
576 11 1
576 12 20
576 13 3
576 14 0
576 15 55
576 16 14
576 17 39
576 18 0
576 19 39
576 20 60
576 21 177
576 22 0
576 23 0
576 24 0
576 25 66
576 26 0
576 27 57
576 28 0
576 29 2
576 30 101
576 31 0
576 32 107
576 33 151
576 34 22
576 35 0
576 36 39
576 37 0
576 38 14
576 39 0
576 40 1
576 41 0
576 42 0
576 43 0
576 44 13
576 45 0
576 46 0
576 47 0
576 48 10
576 49 0
576 50 16
576 51 38
576 52 0
576 53 38
576 54 0
576 55 9
576 56 13
576 57 1
576 58 30
576 59 79
576 60 0
576 61 0
576 62 10
576 63 0
576 64 60
576 65 123
576 66 0
576 67 0
576 68 106
576 69 35
576 70 6
576 71 0
576 72 0
576 73 0
576 74 20
576 75 0
576 76 0
576 77 0
576 78 0
576 79 0
576 80 1
576 81 139
576 82 0
576 83 58
576 84 0
576 85 0
576 86 11
576 87 0
576 88 24
576 89 0
576 90 72
576 91 54
576 92 141
576 93 97
576 94 0
576 95 0
601 1 1
601 2 20
601 3 0
601 4 0
601 5 0
601 6 66
601 7 0
601 8 21
601 9 18
601 10 0
601 11 0
601 12 13
601 13 6
601 14 0
601 15 54
601 16 14
601 17 40
601 18 0
601 19 41
601 20 60
601 21 164
601 22 0
601 23 0
601 24 0
601 25 60
601 26 0
601 27 45
601 28 0
601 29 0
601 30 98
601 31 0
601 32 95
601 33 140
601 34 21
601 35 0
601 36 37
601 37 2
601 38 20
601 39 0
601 40 0
601 41 0
601 42 0
601 43 0
601 44 8
601 45 12
601 46 0
601 47 0
601 48 8
601 49 0
601 50 8
601 51 18
601 52 0
601 53 36
601 54 0
601 55 7
601 56 16
601 57 0
601 58 44
601 59 85
601 60 0
601 61 1
601 62 19
601 63 0
601 64 56
601 65 123
601 66 0
601 67 0
601 68 125
601 69 42
601 70 6
601 71 0
601 72 2
601 73 0
601 74 21
601 75 0
601 76 0
601 77 0
601 78 5
601 79 0
601 80 0
601 81 126
601 82 0
601 83 60
601 84 0
601 85 0
601 86 14
601 87 0
601 88 19
601 89 0
601 90 82
601 91 59
601 92 141
601 93 98
601 94 0
601 95 0
626 1 0
626 2 18
626 3 0
626 4 0
626 5 0
626 6 73
626 7 0
626 8 20
626 9 8
626 10 16
626 11 0
626 12 18
626 13 9
626 14 0
626 15 59
626 16 21
626 17 41
626 18 0
626 19 57
626 20 72
626 21 158
626 22 0
626 23 0
626 24 0
626 25 52
626 26 0
626 27 60
626 28 0
626 29 0
626 30 112
626 31 0
626 32 94
626 33 151
626 34 0
626 35 0
626 36 41
626 37 0
626 38 20
626 39 0
626 40 0
626 41 0
626 42 0
626 43 0
626 44 7
626 45 4
626 46 0
626 47 0
626 48 27
626 49 0
626 50 0
626 51 25
626 52 0
626 53 28
626 54 0
626 55 0
626 56 14
626 57 0
626 58 51
626 59 91
626 60 0
626 61 0
626 62 20
626 63 1
626 64 40
626 65 115
626 66 0
626 67 0
626 68 127
626 69 37
626 70 0
626 71 0
626 72 0
626 73 0
626 74 18
626 75 0
626 76 0
626 77 0
626 78 21
626 79 0
626 80 0
626 81 121
626 82 1
626 83 57
626 84 0
626 85 0
626 86 12
626 87 0
626 88 21
626 89 0
626 90 95
626 91 58
626 92 139
626 93 100
626 94 0
626 95 0
651 1 0
651 2 16
651 3 0
651 4 0
651 5 0
651 6 59
651 7 0
651 8 26
651 9 12
651 10 18
651 11 0
651 12 35
651 13 0
651 14 0
651 15 52
651 16 31
651 17 39
651 18 0
651 19 44
651 20 46
651 21 156
651 22 0
651 23 1
651 24 0
651 25 27
651 26 0
651 27 64
651 28 0
651 29 0
651 30 94
651 31 0
651 32 104
651 33 152
651 34 0
651 35 0
651 36 41
651 37 0
651 38 17
651 39 0
651 40 0
651 41 0
651 42 0
651 43 0
651 44 10
651 45 0
651 46 0
651 47 0
651 48 41
651 49 0
651 50 2
651 51 39
651 52 0
651 53 26
651 54 0
651 55 2
651 56 9
651 57 0
651 58 40
651 59 97
651 60 0
651 61 0
651 62 19
651 63 0
651 64 43
651 65 151
651 66 0
651 67 0
651 68 122
651 69 59
651 70 0
651 71 0
651 72 0
651 73 0
651 74 19
651 75 0
651 76 0
651 77 0
651 78 28
651 79 0
651 80 2
651 81 110
651 82 0
651 83 57
651 84 0
651 85 0
651 86 11
651 87 2
651 88 57
651 89 0
651 90 78
651 91 56
651 92 134
651 93 95
651 94 0
651 95 0
676 1 0
676 2 19
676 3 1
676 4 0
676 5 0
676 6 62
676 7 0
676 8 24
676 9 8
676 10 20
676 11 3
676 12 39
676 13 0
676 14 0
676 15 50
676 16 23
676 17 48
676 18 0
676 19 45
676 20 46
676 21 165
676 22 0
676 23 0
676 24 0
676 25 19
676 26 0
676 27 71
676 28 0
676 29 0
676 30 86
676 31 0
676 32 94
676 33 144
676 34 0
676 35 2
676 36 39
676 37 0
676 38 17
676 39 0
676 40 0
676 41 0
676 42 0
676 43 0
676 44 19
676 45 0
676 46 0
676 47 0
676 48 33
676 49 0
676 50 0
676 51 37
676 52 0
676 53 31
676 54 0
676 55 0
676 56 10
676 57 0
676 58 40
676 59 96
676 60 0
676 61 0
676 62 20
676 63 1
676 64 39
676 65 151
676 66 0
676 67 0
676 68 124
676 69 39
676 70 0
676 71 0
676 72 6
676 73 0
676 74 18
676 75 0
676 76 0
676 77 0
676 78 33
676 79 0
676 80 0
676 81 106
676 82 0
676 83 50
676 84 0
676 85 0
676 86 14
676 87 7
676 88 72
676 89 0
676 90 99
676 91 60
676 92 134
676 93 99
676 94 2
676 95 0
701 1 0
701 2 17
701 3 0
701 4 2
701 5 0
701 6 58
701 7 0
701 8 18
701 9 9
701 10 12
701 11 0
701 12 40
701 13 0
701 14 0
701 15 63
701 16 28
701 17 40
701 18 0
701 19 36
701 20 40
701 21 167
701 22 0
701 23 0
701 24 0
701 25 16
701 26 0
701 27 68
701 28 0
701 29 1
701 30 85
701 31 0
701 32 90
701 33 153
701 34 0
701 35 0
701 36 41
701 37 0
701 38 17
701 39 1
701 40 0
701 41 0
701 42 0
701 43 0
701 44 2
701 45 0
701 46 0
701 47 0
701 48 15
701 49 0
701 50 0
701 51 31
701 52 0
701 53 43
701 54 0
701 55 0
701 56 12
701 57 0
701 58 42
701 59 113
701 60 1
701 61 1
701 62 16
701 63 0
701 64 42
701 65 132
701 66 2
701 67 0
701 68 117
701 69 52
701 70 0
701 71 0
701 72 9
701 73 0
701 74 34
701 75 0
701 76 7
701 77 0
701 78 41
701 79 0
701 80 0
701 81 123
701 82 0
701 83 50
701 84 0
701 85 0
701 86 13
701 87 7
701 88 65
701 89 0
701 90 91
701 91 64
701 92 125
701 93 88
701 94 0
701 95 0
726 1 0
726 2 22
726 3 0
726 4 0
726 5 1
726 6 66
726 7 2
726 8 19
726 9 0
726 10 13
726 11 0
726 12 30
726 13 0
726 14 0
726 15 55
726 16 20
726 17 40
726 18 0
726 19 30
726 20 39
726 21 148
726 22 0
726 23 0
726 24 0
726 25 16
726 26 0
726 27 67
726 28 0
726 29 0
726 30 76
726 31 0
726 32 106
726 33 153
726 34 0
726 35 0
726 36 38
726 37 0
726 38 13
726 39 0
726 40 0
726 41 0
726 42 0
726 43 0
726 44 4
726 45 0
726 46 0
726 47 0
726 48 11
726 49 0
726 50 0
726 51 29
726 52 8
726 53 28
726 54 0
726 55 0
726 56 10
726 57 0
726 58 44
726 59 106
726 60 6
726 61 3
726 62 20
726 63 0
726 64 43
726 65 136
726 66 0
726 67 0
726 68 123
726 69 54
726 70 3
726 71 0
726 72 10
726 73 0
726 74 27
726 75 0
726 76 10
726 77 0
726 78 41
726 79 0
726 80 0
726 81 104
726 82 0
726 83 58
726 84 0
726 85 0
726 86 16
726 87 0
726 88 69
726 89 0
726 90 76
726 91 62
726 92 134
726 93 109
726 94 0
726 95 1
751 1 0
751 2 18
751 3 2
751 4 0
751 5 0
751 6 62
751 7 0
751 8 19
751 9 0
751 10 18
751 11 0
751 12 19
751 13 0
751 14 0
751 15 55
751 16 22
751 17 34
751 18 0
751 19 39
751 20 32
751 21 137
751 22 0
751 23 0
751 24 0
751 25 6
751 26 0
751 27 77
751 28 1
751 29 0
751 30 80
751 31 0
751 32 123
751 33 200
751 34 1
751 35 0
751 36 40
751 37 2
751 38 16
751 39 0
751 40 0
751 41 0
751 42 0
751 43 0
751 44 7
751 45 0
751 46 2
751 47 0
751 48 6
751 49 0
751 50 0
751 51 20
751 52 0
751 53 31
751 54 0
751 55 2
751 56 15
751 57 0
751 58 38
751 59 101
751 60 21
751 61 0
751 62 22
751 63 0
751 64 38
751 65 138
751 66 0
751 67 0
751 68 130
751 69 59
751 70 15
751 71 0
751 72 20
751 73 0
751 74 40
751 75 0
751 76 0
751 77 0
751 78 34
751 79 0
751 80 0
751 81 132
751 82 0
751 83 49
751 84 0
751 85 14
751 86 10
751 87 0
751 88 63
751 89 0
751 90 97
751 91 66
751 92 121
751 93 93
751 94 0
751 95 0
776 1 0
776 2 23
776 3 0
776 4 0
776 5 0
776 6 48
776 7 0
776 8 17
776 9 0
776 10 20
776 11 0
776 12 10
776 13 0
776 14 1
776 15 44
776 16 0
776 17 39
776 18 0
776 19 46
776 20 26
776 21 184
776 22 0
776 23 0
776 24 0
776 25 1
776 26 0
776 27 47
776 28 0
776 29 0
776 30 89
776 31 0
776 32 88
776 33 203
776 34 0
776 35 0
776 36 41
776 37 0
776 38 14
776 39 0
776 40 0
776 41 0
776 42 0
776 43 0
776 44 9
776 45 0
776 46 0
776 47 0
776 48 0
776 49 0
776 50 0
776 51 13
776 52 0
776 53 25
776 54 0
776 55 0
776 56 10
776 57 0
776 58 40
776 59 131
776 60 21
776 61 0
776 62 19
776 63 0
776 64 39
776 65 139
776 66 0
776 67 0
776 68 130
776 69 48
776 70 12
776 71 0
776 72 11
776 73 0
776 74 24
776 75 0
776 76 0
776 77 0
776 78 36
776 79 0
776 80 0
776 81 156
776 82 0
776 83 61
776 84 0
776 85 25
776 86 9
776 87 2
776 88 63
776 89 2
776 90 89
776 91 49
776 92 120
776 93 112
776 94 0
776 95 0
801 1 0
801 2 22
801 3 0
801 4 0
801 5 0
801 6 60
801 7 0
801 8 13
801 9 0
801 10 15
801 11 0
801 12 18
801 13 0
801 14 0
801 15 66
801 16 0
801 17 45
801 18 0
801 19 37
801 20 20
801 21 157
801 22 0
801 23 0
801 24 0
801 25 0
801 26 0
801 27 60
801 28 0
801 29 0
801 30 77
801 31 0
801 32 95
801 33 200
801 34 0
801 35 0
801 36 42
801 37 0
801 38 14
801 39 0
801 40 0
801 41 0
801 42 2
801 43 0
801 44 0
801 45 0
801 46 4
801 47 0
801 48 0
801 49 0
801 50 0
801 51 0
801 52 1
801 53 32
801 54 0
801 55 1
801 56 20
801 57 0
801 58 41
801 59 114
801 60 24
801 61 0
801 62 15
801 63 0
801 64 53
801 65 157
801 66 0
801 67 0
801 68 116
801 69 38
801 70 6
801 71 0
801 72 14
801 73 0
801 74 25
801 75 1
801 76 0
801 77 0
801 78 49
801 79 0
801 80 0
801 81 146
801 82 0
801 83 66
801 84 0
801 85 25
801 86 18
801 87 9
801 88 66
801 89 0
801 90 91
801 91 60
801 92 101
801 93 103
801 94 0
801 95 0
826 1 1
826 2 41
826 3 0
826 4 0
826 5 0
826 6 56
826 7 0
826 8 4
826 9 0
826 10 17
826 11 0
826 12 33
826 13 0
826 14 0
826 15 71
826 16 4
826 17 54
826 18 0
826 19 26
826 20 20
826 21 180
826 22 0
826 23 1
826 24 0
826 25 0
826 26 0
826 27 77
826 28 3
826 29 0
826 30 79
826 31 0
826 32 95
826 33 194
826 34 0
826 35 0
826 36 32
826 37 0
826 38 18
826 39 0
826 40 0
826 41 0
826 42 0
826 43 0
826 44 2
826 45 0
826 46 0
826 47 0
826 48 12
826 49 0
826 50 0
826 51 0
826 52 1
826 53 22
826 54 0
826 55 0
826 56 5
826 57 0
826 58 20
826 59 131
826 60 22
826 61 0
826 62 15
826 63 0
826 64 49
826 65 186
826 66 0
826 67 0
826 68 114
826 69 58
826 70 10
826 71 0
826 72 12
826 73 1
826 74 31
826 75 0
826 76 0
826 77 0
826 78 54
826 79 0
826 80 0
826 81 123
826 82 0
826 83 56
826 84 1
826 85 21
826 86 10
826 87 0
826 88 66
826 89 0
826 90 89
826 91 50
826 92 86
826 93 105
826 94 0
826 95 0
851 1 0
851 2 44
851 3 0
851 4 0
851 5 0
851 6 52
851 7 0
851 8 0
851 9 0
851 10 20
851 11 0
851 12 42
851 13 1
851 14 0
851 15 67
851 16 0
851 17 51
851 18 0
851 19 44
851 20 25
851 21 171
851 22 0
851 23 0
851 24 0
851 25 3
851 26 0
851 27 98
851 28 0
851 29 0
851 30 88
851 31 0
851 32 95
851 33 178
851 34 0
851 35 0
851 36 35
851 37 0
851 38 22
851 39 0
851 40 0
851 41 1
851 42 0
851 43 0
851 44 1
851 45 1
851 46 1
851 47 0
851 48 11
851 49 0
851 50 0
851 51 0
851 52 0
851 53 10
851 54 0
851 55 0
851 56 0
851 57 0
851 58 20
851 59 133
851 60 19
851 61 0
851 62 12
851 63 1
851 64 46
851 65 177
851 66 0
851 67 2
851 68 103
851 69 59
851 70 1
851 71 8
851 72 6
851 73 1
851 74 31
851 75 0
851 76 0
851 77 0
851 78 58
851 79 0
851 80 0
851 81 113
851 82 0
851 83 44
851 84 0
851 85 19
851 86 10
851 87 0
851 88 60
851 89 0
851 90 91
851 91 60
851 92 89
851 93 102
851 94 0
851 95 0
876 1 0
876 2 41
876 3 0
876 4 1
876 5 0
876 6 53
876 7 0
876 8 0
876 9 1
876 10 19
876 11 0
876 12 35
876 13 0
876 14 0
876 15 71
876 16 0
876 17 28
876 18 0
876 19 60
876 20 21
876 21 166
876 22 0
876 23 0
876 24 0
876 25 16
876 26 0
876 27 71
876 28 0
876 29 0
876 30 75
876 31 0
876 32 103
876 33 188
876 34 0
876 35 0
876 36 36
876 37 0
876 38 19
876 39 0
876 40 0
876 41 0
876 42 0
876 43 1
876 44 2
876 45 0
876 46 7
876 47 0
876 48 21
876 49 0
876 50 1
876 51 0
876 52 0
876 53 15
876 54 0
876 55 1
876 56 0
876 57 1
876 58 15
876 59 114
876 60 18
876 61 0
876 62 19
876 63 0
876 64 55
876 65 183
876 66 0
876 67 0
876 68 111
876 69 55
876 70 0
876 71 9
876 72 2
876 73 0
876 74 34
876 75 0
876 76 0
876 77 0
876 78 56
876 79 0
876 80 0
876 81 142
876 82 0
876 83 57
876 84 0
876 85 16
876 86 13
876 87 0
876 88 79
876 89 0
876 90 82
876 91 47
876 92 96
876 93 110
876 94 0
876 95 0
901 1 0
901 2 33
901 3 1
901 4 0
901 5 0
901 6 41
901 7 0
901 8 0
901 9 0
901 10 18
901 11 0
901 12 37
901 13 0
901 14 0
901 15 77
901 16 0
901 17 17
901 18 0
901 19 56
901 20 15
901 21 152
901 22 0
901 23 0
901 24 6
901 25 20
901 26 0
901 27 26
901 28 0
901 29 4
901 30 93
901 31 0
901 32 108
901 33 213
901 34 0
901 35 0
901 36 36
901 37 12
901 38 21
901 39 0
901 40 0
901 41 0
901 42 0
901 43 0
901 44 0
901 45 1
901 46 10
901 47 0
901 48 35
901 49 1
901 50 0
901 51 0
901 52 0
901 53 17
901 54 0
901 55 1
901 56 0
901 57 0
901 58 20
901 59 92
901 60 44
901 61 0
901 62 18
901 63 0
901 64 56
901 65 163
901 66 0
901 67 0
901 68 103
901 69 44
901 70 0
901 71 0
901 72 0
901 73 0
901 74 28
901 75 0
901 76 0
901 77 0
901 78 71
901 79 0
901 80 0
901 81 135
901 82 0
901 83 56
901 84 0
901 85 10
901 86 16
901 87 0
901 88 83
901 89 0
901 90 86
901 91 60
901 92 115
901 93 108
901 94 0
901 95 1
926 1 0
926 2 38
926 3 0
926 4 0
926 5 0
926 6 44
926 7 0
926 8 0
926 9 0
926 10 20
926 11 8
926 12 34
926 13 0
926 14 0
926 15 76
926 16 0
926 17 19
926 18 0
926 19 53
926 20 22
926 21 165
926 22 0
926 23 0
926 24 0
926 25 18
926 26 0
926 27 25
926 28 0
926 29 0
926 30 100
926 31 0
926 32 101
926 33 185
926 34 0
926 35 1
926 36 48
926 37 13
926 38 22
926 39 0
926 40 0
926 41 0
926 42 0
926 43 0
926 44 0
926 45 0
926 46 0
926 47 0
926 48 10
926 49 0
926 50 0
926 51 0
926 52 0
926 53 35
926 54 0
926 55 0
926 56 0
926 57 1
926 58 20
926 59 83
926 60 38
926 61 0
926 62 16
926 63 0
926 64 58
926 65 170
926 66 0
926 67 0
926 68 97
926 69 58
926 70 0
926 71 0
926 72 0
926 73 0
926 74 23
926 75 0
926 76 0
926 77 0
926 78 55
926 79 0
926 80 0
926 81 138
926 82 0
926 83 55
926 84 0
926 85 11
926 86 17
926 87 0
926 88 93
926 89 2
926 90 80
926 91 57
926 92 98
926 93 98
926 94 0
926 95 11
951 1 0
951 2 34
951 3 0
951 4 0
951 5 0
951 6 37
951 7 0
951 8 0
951 9 0
951 10 18
951 11 9
951 12 16
951 13 0
951 14 3
951 15 78
951 16 0
951 17 18
951 18 0
951 19 59
951 20 26
951 21 182
951 22 0
951 23 0
951 24 0
951 25 18
951 26 0
951 27 25
951 28 0
951 29 0
951 30 101
951 31 0
951 32 95
951 33 176
951 34 0
951 35 0
951 36 42
951 37 15
951 38 24
951 39 0
951 40 0
951 41 0
951 42 0
951 43 0
951 44 0
951 45 1
951 46 0
951 47 0
951 48 15
951 49 0
951 50 0
951 51 0
951 52 0
951 53 35
951 54 0
951 55 0
951 56 0
951 57 0
951 58 36
951 59 82
951 60 40
951 61 0
951 62 11
951 63 0
951 64 72
951 65 195
951 66 0
951 67 0
951 68 116
951 69 57
951 70 0
951 71 0
951 72 0
951 73 1
951 74 26
951 75 0
951 76 0
951 77 0
951 78 46
951 79 0
951 80 0
951 81 139
951 82 0
951 83 58
951 84 0
951 85 0
951 86 19
951 87 0
951 88 100
951 89 0
951 90 82
951 91 54
951 92 92
951 93 104
951 94 0
951 95 0
976 1 0
976 2 29
976 3 0
976 4 0
976 5 0
976 6 37
976 7 0
976 8 1
976 9 0
976 10 14
976 11 0
976 12 19
976 13 0
976 14 0
976 15 68
976 16 1
976 17 18
976 18 0
976 19 60
976 20 17
976 21 174
976 22 0
976 23 0
976 24 0
976 25 12
976 26 0
976 27 17
976 28 0
976 29 0
976 30 111
976 31 0
976 32 96
976 33 166
976 34 0
976 35 0
976 36 38
976 37 12
976 38 22
976 39 0
976 40 0
976 41 0
976 42 0
976 43 0
976 44 0
976 45 7
976 46 0
976 47 0
976 48 18
976 49 0
976 50 0
976 51 0
976 52 0
976 53 19
976 54 0
976 55 0
976 56 0
976 57 1
976 58 46
976 59 86
976 60 43
976 61 0
976 62 14
976 63 0
976 64 79
976 65 204
976 66 1
976 67 0
976 68 98
976 69 53
976 70 0
976 71 8
976 72 0
976 73 0
976 74 33
976 75 0
976 76 0
976 77 0
976 78 85
976 79 0
976 80 0
976 81 148
976 82 0
976 83 63
976 84 0
976 85 0
976 86 12
976 87 0
976 88 85
976 89 1
976 90 63
976 91 67
976 92 96
976 93 98
976 94 0
976 95 0
1001 1 0
1001 2 22
1001 3 2
1001 4 0
1001 5 0
1001 6 24
1001 7 0
1001 8 0
1001 9 0
1001 10 19
1001 11 0
1001 12 23
1001 13 0
1001 14 0
1001 15 62
1001 16 16
1001 17 17
1001 18 0
1001 19 59
1001 20 21
1001 21 171
1001 22 0
1001 23 0
1001 24 0
1001 25 21
1001 26 0
1001 27 32
1001 28 0
1001 29 0
1001 30 94
1001 31 0
1001 32 77
1001 33 169
1001 34 0
1001 35 0
1001 36 37
1001 37 18
1001 38 20
1001 39 0
1001 40 1
1001 41 0
1001 42 0
1001 43 0
1001 44 0
1001 45 12
1001 46 0
1001 47 0
1001 48 19
1001 49 0
1001 50 0
1001 51 11
1001 52 1
1001 53 16
1001 54 0
1001 55 0
1001 56 0
1001 57 0
1001 58 39
1001 59 95
1001 60 54
1001 61 0
1001 62 18
1001 63 0
1001 64 66
1001 65 175
1001 66 1
1001 67 0
1001 68 111
1001 69 75
1001 70 0
1001 71 2
1001 72 0
1001 73 0
1001 74 20
1001 75 0
1001 76 0
1001 77 0
1001 78 58
1001 79 0
1001 80 0
1001 81 172
1001 82 0
1001 83 50
1001 84 0
1001 85 1
1001 86 17
1001 87 0
1001 88 94
1001 89 0
1001 90 60
1001 91 64
1001 92 98
1001 93 111
1001 94 0
1001 95 0
1026 1 5
1026 2 17
1026 3 0
1026 4 0
1026 5 0
1026 6 27
1026 7 0
1026 8 0
1026 9 0
1026 10 21
1026 11 0
1026 12 24
1026 13 1
1026 14 0
1026 15 61
1026 16 10
1026 17 20
1026 18 0
1026 19 57
1026 20 40
1026 21 185
1026 22 0
1026 23 0
1026 24 0
1026 25 17
1026 26 0
1026 27 35
1026 28 0
1026 29 0
1026 30 112
1026 31 1
1026 32 66
1026 33 171
1026 34 0
1026 35 0
1026 36 36
1026 37 14
1026 38 16
1026 39 0
1026 40 0
1026 41 0
1026 42 0
1026 43 0
1026 44 0
1026 45 2
1026 46 0
1026 47 0
1026 48 9
1026 49 0
1026 50 0
1026 51 9
1026 52 0
1026 53 15
1026 54 0
1026 55 1
1026 56 0
1026 57 1
1026 58 38
1026 59 63
1026 60 58
1026 61 0
1026 62 12
1026 63 0
1026 64 64
1026 65 169
1026 66 0
1026 67 0
1026 68 93
1026 69 83
1026 70 0
1026 71 0
1026 72 0
1026 73 0
1026 74 20
1026 75 0
1026 76 0
1026 77 0
1026 78 77
1026 79 0
1026 80 0
1026 81 170
1026 82 0
1026 83 60
1026 84 0
1026 85 0
1026 86 14
1026 87 0
1026 88 88
1026 89 0
1026 90 58
1026 91 44
1026 92 109
1026 93 100
1026 94 0
1026 95 5
1051 1 4
1051 2 20
1051 3 0
1051 4 0
1051 5 1
1051 6 28
1051 7 6
1051 8 4
1051 9 0
1051 10 19
1051 11 0
1051 12 39
1051 13 0
1051 14 0
1051 15 57
1051 16 0
1051 17 19
1051 18 1
1051 19 55
1051 20 39
1051 21 203
1051 22 0
1051 23 0
1051 24 0
1051 25 16
1051 26 0
1051 27 39
1051 28 0
1051 29 0
1051 30 122
1051 31 0
1051 32 83
1051 33 182
1051 34 0
1051 35 0
1051 36 38
1051 37 12
1051 38 26
1051 39 0
1051 40 0
1051 41 0
1051 42 0
1051 43 1
1051 44 0
1051 45 0
1051 46 0
1051 47 0
1051 48 11
1051 49 1
1051 50 1
1051 51 9
1051 52 0
1051 53 11
1051 54 0
1051 55 0
1051 56 0
1051 57 0
1051 58 45
1051 59 62
1051 60 43
1051 61 1
1051 62 20
1051 63 0
1051 64 58
1051 65 167
1051 66 0
1051 67 0
1051 68 98
1051 69 79
1051 70 0
1051 71 0
1051 72 0
1051 73 1
1051 74 17
1051 75 1
1051 76 0
1051 77 0
1051 78 67
1051 79 0
1051 80 0
1051 81 149
1051 82 0
1051 83 61
1051 84 0
1051 85 0
1051 86 12
1051 87 1
1051 88 65
1051 89 0
1051 90 75
1051 91 59
1051 92 113
1051 93 102
1051 94 0
1051 95 0
1076 1 0
1076 2 20
1076 3 0
1076 4 0
1076 5 0
1076 6 33
1076 7 9
1076 8 12
1076 9 0
1076 10 20
1076 11 0
1076 12 46
1076 13 0
1076 14 0
1076 15 82
1076 16 0
1076 17 22
1076 18 0
1076 19 59
1076 20 39
1076 21 202
1076 22 0
1076 23 0
1076 24 0
1076 25 21
1076 26 0
1076 27 37
1076 28 0
1076 29 0
1076 30 115
1076 31 0
1076 32 73
1076 33 177
1076 34 1
1076 35 1
1076 36 36
1076 37 10
1076 38 20
1076 39 0
1076 40 0
1076 41 0
1076 42 0
1076 43 0
1076 44 0
1076 45 0
1076 46 0
1076 47 0
1076 48 16
1076 49 0
1076 50 0
1076 51 13
1076 52 0
1076 53 14
1076 54 0
1076 55 0
1076 56 0
1076 57 0
1076 58 35
1076 59 44
1076 60 40
1076 61 0
1076 62 19
1076 63 0
1076 64 59
1076 65 177
1076 66 0
1076 67 1
1076 68 105
1076 69 67
1076 70 0
1076 71 0
1076 72 0
1076 73 0
1076 74 21
1076 75 0
1076 76 0
1076 77 1
1076 78 53
1076 79 0
1076 80 1
1076 81 144
1076 82 0
1076 83 25
1076 84 2
1076 85 0
1076 86 7
1076 87 0
1076 88 60
1076 89 0
1076 90 64
1076 91 46
1076 92 129
1076 93 136
1076 94 0
1076 95 10
1101 1 0
1101 2 13
1101 3 0
1101 4 2
1101 5 0
1101 6 28
1101 7 0
1101 8 24
1101 9 3
1101 10 21
1101 11 0
1101 12 59
1101 13 1
1101 14 0
1101 15 79
1101 16 0
1101 17 12
1101 18 0
1101 19 31
1101 20 47
1101 21 146
1101 22 0
1101 23 0
1101 24 0
1101 25 22
1101 26 0
1101 27 35
1101 28 2
1101 29 0
1101 30 116
1101 31 0
1101 32 101
1101 33 179
1101 34 0
1101 35 0
1101 36 46
1101 37 18
1101 38 18
1101 39 0
1101 40 0
1101 41 0
1101 42 0
1101 43 4
1101 44 0
1101 45 0
1101 46 0
1101 47 0
1101 48 12
1101 49 0
1101 50 0
1101 51 22
1101 52 1
1101 53 6
1101 54 0
1101 55 0
1101 56 0
1101 57 0
1101 58 30
1101 59 34
1101 60 36
1101 61 0
1101 62 21
1101 63 0
1101 64 60
1101 65 210
1101 66 7
1101 67 0
1101 68 96
1101 69 81
1101 70 0
1101 71 0
1101 72 14
1101 73 0
1101 74 19
1101 75 0
1101 76 0
1101 77 0
1101 78 32
1101 79 0
1101 80 0
1101 81 143
1101 82 0
1101 83 19
1101 84 0
1101 85 0
1101 86 15
1101 87 0
1101 88 69
1101 89 0
1101 90 39
1101 91 38
1101 92 138
1101 93 155
1101 94 0
1101 95 1
1126 1 0
1126 2 21
1126 3 0
1126 4 0
1126 5 0
1126 6 34
1126 7 0
1126 8 15
1126 9 0
1126 10 23
1126 11 0
1126 12 70
1126 13 0
1126 14 0
1126 15 63
1126 16 0
1126 17 14
1126 18 0
1126 19 21
1126 20 26
1126 21 148
1126 22 0
1126 23 0
1126 24 0
1126 25 18
1126 26 0
1126 27 47
1126 28 14
1126 29 0
1126 30 117
1126 31 0
1126 32 79
1126 33 175
1126 34 0
1126 35 0
1126 36 40
1126 37 10
1126 38 19
1126 39 0
1126 40 0
1126 41 0
1126 42 0
1126 43 0
1126 44 0
1126 45 0
1126 46 0
1126 47 0
1126 48 26
1126 49 0
1126 50 0
1126 51 12
1126 52 3
1126 53 14
1126 54 0
1126 55 0
1126 56 0
1126 57 0
1126 58 43
1126 59 46
1126 60 39
1126 61 0
1126 62 17
1126 63 0
1126 64 73
1126 65 219
1126 66 1
1126 67 1
1126 68 83
1126 69 77
1126 70 0
1126 71 0
1126 72 9
1126 73 1
1126 74 26
1126 75 0
1126 76 1
1126 77 0
1126 78 54
1126 79 0
1126 80 0
1126 81 147
1126 82 1
1126 83 11
1126 84 0
1126 85 0
1126 86 10
1126 87 0
1126 88 67
1126 89 0
1126 90 28
1126 91 45
1126 92 168
1126 93 131
1126 94 0
1126 95 3
1151 1 0
1151 2 19
1151 3 0
1151 4 0
1151 5 0
1151 6 32
1151 7 0
1151 8 18
1151 9 0
1151 10 18
1151 11 0
1151 12 89
1151 13 0
1151 14 0
1151 15 45
1151 16 0
1151 17 20
1151 18 0
1151 19 36
1151 20 24
1151 21 152
1151 22 0
1151 23 0
1151 24 0
1151 25 19
1151 26 0
1151 27 38
1151 28 15
1151 29 0
1151 30 104
1151 31 0
1151 32 78
1151 33 201
1151 34 0
1151 35 0
1151 36 37
1151 37 17
1151 38 17
1151 39 0
1151 40 2
1151 41 0
1151 42 1
1151 43 0
1151 44 0
1151 45 0
1151 46 0
1151 47 0
1151 48 26
1151 49 0
1151 50 0
1151 51 15
1151 52 0
1151 53 10
1151 54 0
1151 55 0
1151 56 0
1151 57 0
1151 58 30
1151 59 39
1151 60 38
1151 61 0
1151 62 27
1151 63 0
1151 64 45
1151 65 231
1151 66 1
1151 67 0
1151 68 73
1151 69 79
1151 70 0
1151 71 0
1151 72 6
1151 73 0
1151 74 45
1151 75 0
1151 76 0
1151 77 0
1151 78 38
1151 79 1
1151 80 0
1151 81 155
1151 82 0
1151 83 10
1151 84 0
1151 85 0
1151 86 2
1151 87 0
1151 88 44
1151 89 0
1151 90 36
1151 91 58
1151 92 186
1151 93 144
1151 94 0
1151 95 0
1176 1 0
1176 2 20
1176 3 0
1176 4 0
1176 5 0
1176 6 24
1176 7 0
1176 8 19
1176 9 0
1176 10 20
1176 11 0
1176 12 84
1176 13 0
1176 14 0
1176 15 40
1176 16 0
1176 17 20
1176 18 0
1176 19 37
1176 20 12
1176 21 167
1176 22 0
1176 23 0
1176 24 0
1176 25 11
1176 26 0
1176 27 33
1176 28 17
1176 29 1
1176 30 100
1176 31 0
1176 32 80
1176 33 219
1176 34 0
1176 35 0
1176 36 37
1176 37 11
1176 38 20
1176 39 0
1176 40 0
1176 41 1
1176 42 0
1176 43 1
1176 44 0
1176 45 0
1176 46 0
1176 47 0
1176 48 23
1176 49 0
1176 50 0
1176 51 9
1176 52 0
1176 53 8
1176 54 0
1176 55 0
1176 56 2
1176 57 0
1176 58 49
1176 59 37
1176 60 40
1176 61 0
1176 62 22
1176 63 0
1176 64 60
1176 65 212
1176 66 0
1176 67 0
1176 68 66
1176 69 79
1176 70 0
1176 71 0
1176 72 12
1176 73 0
1176 74 33
1176 75 0
1176 76 0
1176 77 0
1176 78 34
1176 79 0
1176 80 0
1176 81 152
1176 82 0
1176 83 12
1176 84 0
1176 85 0
1176 86 0
1176 87 0
1176 88 72
1176 89 0
1176 90 17
1176 91 58
1176 92 174
1176 93 156
1176 94 1
1176 95 1
1201 1 0
1201 2 22
1201 3 1
1201 4 0
1201 5 0
1201 6 30
1201 7 0
1201 8 18
1201 9 1
1201 10 11
1201 11 0
1201 12 69
1201 13 0
1201 14 0
1201 15 61
1201 16 1
1201 17 19
1201 18 0
1201 19 38
1201 20 10
1201 21 158
1201 22 0
1201 23 0
1201 24 0
1201 25 16
1201 26 1
1201 27 35
1201 28 11
1201 29 0
1201 30 102
1201 31 0
1201 32 68
1201 33 195
1201 34 0
1201 35 0
1201 36 43
1201 37 16
1201 38 21
1201 39 0
1201 40 0
1201 41 0
1201 42 0
1201 43 0
1201 44 0
1201 45 0
1201 46 0
1201 47 0
1201 48 24
1201 49 0
1201 50 0
1201 51 11
1201 52 0
1201 53 17
1201 54 0
1201 55 0
1201 56 0
1201 57 0
1201 58 60
1201 59 44
1201 60 41
1201 61 0
1201 62 19
1201 63 3
1201 64 56
1201 65 197
1201 66 0
1201 67 0
1201 68 63
1201 69 66
1201 70 1
1201 71 0
1201 72 15
1201 73 0
1201 74 55
1201 75 0
1201 76 0
1201 77 0
1201 78 36
1201 79 0
1201 80 0
1201 81 154
1201 82 0
1201 83 17
1201 84 1
1201 85 0
1201 86 0
1201 87 0
1201 88 87
1201 89 0
1201 90 17
1201 91 51
1201 92 177
1201 93 190
1201 94 0
1201 95 0
1226 1 0
1226 2 20
1226 3 0
1226 4 0
1226 5 0
1226 6 27
1226 7 0
1226 8 32
1226 9 0
1226 10 17
1226 11 0
1226 12 71
1226 13 0
1226 14 0
1226 15 64
1226 16 0
1226 17 21
1226 18 0
1226 19 40
1226 20 7
1226 21 152
1226 22 0
1226 23 0
1226 24 0
1226 25 21
1226 26 0
1226 27 33
1226 28 11
1226 29 0
1226 30 102
1226 31 0
1226 32 67
1226 33 210
1226 34 0
1226 35 0
1226 36 41
1226 37 16
1226 38 21
1226 39 0
1226 40 1
1226 41 0
1226 42 0
1226 43 0
1226 44 0
1226 45 0
1226 46 0
1226 47 0
1226 48 25
1226 49 0
1226 50 0
1226 51 16
1226 52 0
1226 53 20
1226 54 0
1226 55 0
1226 56 0
1226 57 0
1226 58 57
1226 59 41
1226 60 47
1226 61 0
1226 62 13
1226 63 0
1226 64 70
1226 65 234
1226 66 0
1226 67 0
1226 68 60
1226 69 89
1226 70 0
1226 71 0
1226 72 10
1226 73 0
1226 74 58
1226 75 0
1226 76 0
1226 77 0
1226 78 41
1226 79 0
1226 80 0
1226 81 152
1226 82 1
1226 83 20
1226 84 0
1226 85 1
1226 86 0
1226 87 0
1226 88 83
1226 89 0
1226 90 12
1226 91 67
1226 92 188
1226 93 148
1226 94 0
1226 95 0
1251 1 0
1251 2 18
1251 3 0
1251 4 0
1251 5 0
1251 6 33
1251 7 0
1251 8 36
1251 9 0
1251 10 25
1251 11 0
1251 12 75
1251 13 0
1251 14 3
1251 15 47
1251 16 1
1251 17 21
1251 18 0
1251 19 45
1251 20 13
1251 21 167
1251 22 0
1251 23 1
1251 24 0
1251 25 7
1251 26 0
1251 27 39
1251 28 6
1251 29 0
1251 30 102
1251 31 0
1251 32 60
1251 33 207
1251 34 0
1251 35 0
1251 36 43
1251 37 7
1251 38 19
1251 39 0
1251 40 2
1251 41 0
1251 42 0
1251 43 0
1251 44 0
1251 45 0
1251 46 0
1251 47 0
1251 48 22
1251 49 0
1251 50 0
1251 51 13
1251 52 0
1251 53 14
1251 54 0
1251 55 0
1251 56 0
1251 57 0
1251 58 55
1251 59 43
1251 60 39
1251 61 0
1251 62 14
1251 63 0
1251 64 58
1251 65 208
1251 66 0
1251 67 0
1251 68 52
1251 69 69
1251 70 1
1251 71 0
1251 72 9
1251 73 0
1251 74 54
1251 75 0
1251 76 0
1251 77 0
1251 78 33
1251 79 0
1251 80 0
1251 81 159
1251 82 14
1251 83 14
1251 84 0
1251 85 0
1251 86 0
1251 87 0
1251 88 74
1251 89 1
1251 90 22
1251 91 57
1251 92 171
1251 93 165
1251 94 0
1251 95 0
1276 1 1
1276 2 30
1276 3 0
1276 4 0
1276 5 0
1276 6 32
1276 7 0
1276 8 21
1276 9 2
1276 10 13
1276 11 1
1276 12 56
1276 13 0
1276 14 0
1276 15 62
1276 16 0
1276 17 22
1276 18 1
1276 19 41
1276 20 9
1276 21 157
1276 22 1
1276 23 0
1276 24 0
1276 25 5
1276 26 0
1276 27 31
1276 28 11
1276 29 0
1276 30 95
1276 31 0
1276 32 63
1276 33 222
1276 34 0
1276 35 0
1276 36 47
1276 37 17
1276 38 17
1276 39 1
1276 40 0
1276 41 0
1276 42 0
1276 43 0
1276 44 0
1276 45 0
1276 46 0
1276 47 0
1276 48 17
1276 49 0
1276 50 0
1276 51 11
1276 52 0
1276 53 16
1276 54 0
1276 55 0
1276 56 0
1276 57 0
1276 58 65
1276 59 46
1276 60 56
1276 61 0
1276 62 16
1276 63 0
1276 64 52
1276 65 224
1276 66 0
1276 67 0
1276 68 56
1276 69 74
1276 70 0
1276 71 0
1276 72 14
1276 73 0
1276 74 55
1276 75 0
1276 76 0
1276 77 0
1276 78 40
1276 79 0
1276 80 1
1276 81 151
1276 82 11
1276 83 20
1276 84 0
1276 85 1
1276 86 0
1276 87 0
1276 88 99
1276 89 1
1276 90 12
1276 91 55
1276 92 170
1276 93 171
1276 94 1
1276 95 1
1301 1 0
1301 2 36
1301 3 2
1301 4 0
1301 5 0
1301 6 33
1301 7 0
1301 8 11
1301 9 0
1301 10 16
1301 11 1
1301 12 42
1301 13 0
1301 14 0
1301 15 59
1301 16 0
1301 17 15
1301 18 0
1301 19 40
1301 20 12
1301 21 180
1301 22 0
1301 23 0
1301 24 0
1301 25 5
1301 26 0
1301 27 40
1301 28 14
1301 29 0
1301 30 93
1301 31 0
1301 32 39
1301 33 244
1301 34 0
1301 35 0
1301 36 55
1301 37 13
1301 38 20
1301 39 0
1301 40 0
1301 41 0
1301 42 0
1301 43 0
1301 44 0
1301 45 0
1301 46 0
1301 47 0
1301 48 7
1301 49 0
1301 50 1
1301 51 0
1301 52 0
1301 53 7
1301 54 1
1301 55 0
1301 56 1
1301 57 1
1301 58 50
1301 59 43
1301 60 69
1301 61 0
1301 62 11
1301 63 0
1301 64 62
1301 65 200
1301 66 0
1301 67 0
1301 68 64
1301 69 94
1301 70 0
1301 71 0
1301 72 17
1301 73 0
1301 74 64
1301 75 0
1301 76 0
1301 77 0
1301 78 29
1301 79 0
1301 80 0
1301 81 167
1301 82 15
1301 83 15
1301 84 1
1301 85 0
1301 86 0
1301 87 0
1301 88 107
1301 89 0
1301 90 10
1301 91 37
1301 92 151
1301 93 145
1301 94 0
1301 95 3
1326 1 0
1326 2 40
1326 3 1
1326 4 1
1326 5 0
1326 6 29
1326 7 0
1326 8 10
1326 9 4
1326 10 21
1326 11 10
1326 12 43
1326 13 0
1326 14 0
1326 15 52
1326 16 2
1326 17 20
1326 18 0
1326 19 34
1326 20 14
1326 21 182
1326 22 0
1326 23 0
1326 24 0
1326 25 0
1326 26 0
1326 27 57
1326 28 10
1326 29 0
1326 30 77
1326 31 2
1326 32 42
1326 33 236
1326 34 0
1326 35 0
1326 36 32
1326 37 23
1326 38 21
1326 39 0
1326 40 0
1326 41 0
1326 42 0
1326 43 0
1326 44 0
1326 45 0
1326 46 0
1326 47 0
1326 48 12
1326 49 0
1326 50 0
1326 51 1
1326 52 0
1326 53 1
1326 54 0
1326 55 0
1326 56 0
1326 57 0
1326 58 53
1326 59 30
1326 60 83
1326 61 9
1326 62 19
1326 63 1
1326 64 67
1326 65 206
1326 66 0
1326 67 1
1326 68 79
1326 69 83
1326 70 0
1326 71 0
1326 72 11
1326 73 1
1326 74 62
1326 75 0
1326 76 0
1326 77 0
1326 78 17
1326 79 0
1326 80 10
1326 81 142
1326 82 0
1326 83 21
1326 84 0
1326 85 1
1326 86 0
1326 87 0
1326 88 120
1326 89 0
1326 90 0
1326 91 30
1326 92 183
1326 93 173
1326 94 1
1326 95 0
1351 1 0
1351 2 45
1351 3 0
1351 4 0
1351 5 0
1351 6 29
1351 7 0
1351 8 3
1351 9 1
1351 10 17
1351 11 8
1351 12 28
1351 13 0
1351 14 0
1351 15 54
1351 16 0
1351 17 43
1351 18 0
1351 19 32
1351 20 32
1351 21 190
1351 22 0
1351 23 0
1351 24 0
1351 25 3
1351 26 1
1351 27 45
1351 28 14
1351 29 0
1351 30 63
1351 31 0
1351 32 44
1351 33 236
1351 34 0
1351 35 0
1351 36 21
1351 37 12
1351 38 1
1351 39 0
1351 40 0
1351 41 0
1351 42 0
1351 43 0
1351 44 0
1351 45 0
1351 46 0
1351 47 0
1351 48 16
1351 49 0
1351 50 0
1351 51 0
1351 52 5
1351 53 1
1351 54 0
1351 55 0
1351 56 0
1351 57 0
1351 58 61
1351 59 41
1351 60 79
1351 61 14
1351 62 18
1351 63 0
1351 64 69
1351 65 188
1351 66 0
1351 67 0
1351 68 76
1351 69 98
1351 70 0
1351 71 2
1351 72 13
1351 73 0
1351 74 61
1351 75 0
1351 76 0
1351 77 0
1351 78 18
1351 79 0
1351 80 10
1351 81 142
1351 82 0
1351 83 9
1351 84 0
1351 85 0
1351 86 0
1351 87 0
1351 88 146
1351 89 0
1351 90 0
1351 91 40
1351 92 185
1351 93 188
1351 94 0
1351 95 0
1376 1 0
1376 2 36
1376 3 0
1376 4 0
1376 5 0
1376 6 21
1376 7 0
1376 8 0
1376 9 0
1376 10 19
1376 11 9
1376 12 54
1376 13 0
1376 14 0
1376 15 39
1376 16 0
1376 17 32
1376 18 0
1376 19 59
1376 20 42
1376 21 207
1376 22 0
1376 23 0
1376 24 0
1376 25 0
1376 26 1
1376 27 35
1376 28 11
1376 29 0
1376 30 57
1376 31 0
1376 32 21
1376 33 226
1376 34 0
1376 35 0
1376 36 20
1376 37 14
1376 38 0
1376 39 0
1376 40 1
1376 41 0
1376 42 0
1376 43 0
1376 44 0
1376 45 0
1376 46 0
1376 47 0
1376 48 16
1376 49 0
1376 50 0
1376 51 1
1376 52 1
1376 53 0
1376 54 2
1376 55 0
1376 56 0
1376 57 0
1376 58 61
1376 59 35
1376 60 75
1376 61 15
1376 62 30
1376 63 0
1376 64 67
1376 65 199
1376 66 0
1376 67 0
1376 68 74
1376 69 97
1376 70 0
1376 71 12
1376 72 10
1376 73 0
1376 74 29
1376 75 0
1376 76 1
1376 77 0
1376 78 12
1376 79 0
1376 80 8
1376 81 128
1376 82 0
1376 83 21
1376 84 0
1376 85 0
1376 86 0
1376 87 0
1376 88 139
1376 89 0
1376 90 0
1376 91 36
1376 92 179
1376 93 198
1376 94 0
1376 95 0
1401 1 0
1401 2 42
1401 3 0
1401 4 0
1401 5 1
1401 6 31
1401 7 0
1401 8 0
1401 9 0
1401 10 20
1401 11 0
1401 12 54
1401 13 0
1401 14 0
1401 15 56
1401 16 0
1401 17 42
1401 18 0
1401 19 20
1401 20 38
1401 21 198
1401 22 0
1401 23 0
1401 24 0
1401 25 0
1401 26 0
1401 27 34
1401 28 6
1401 29 12
1401 30 70
1401 31 0
1401 32 26
1401 33 247
1401 34 0
1401 35 0
1401 36 21
1401 37 16
1401 38 0
1401 39 0
1401 40 0
1401 41 0
1401 42 0
1401 43 0
1401 44 0
1401 45 11
1401 46 0
1401 47 0
1401 48 10
1401 49 0
1401 50 0
1401 51 0
1401 52 1
1401 53 0
1401 54 0
1401 55 0
1401 56 0
1401 57 0
1401 58 63
1401 59 38
1401 60 88
1401 61 11
1401 62 37
1401 63 0
1401 64 95
1401 65 192
1401 66 0
1401 67 0
1401 68 61
1401 69 99
1401 70 0
1401 71 6
1401 72 13
1401 73 0
1401 74 33
1401 75 0
1401 76 0
1401 77 0
1401 78 17
1401 79 0
1401 80 5
1401 81 111
1401 82 0
1401 83 13
1401 84 0
1401 85 0
1401 86 0
1401 87 0
1401 88 149
1401 89 0
1401 90 0
1401 91 39
1401 92 179
1401 93 191
1401 94 0
1401 95 0
1426 1 0
1426 2 32
1426 3 0
1426 4 0
1426 5 0
1426 6 35
1426 7 1
1426 8 0
1426 9 0
1426 10 19
1426 11 0
1426 12 56
1426 13 0
1426 14 0
1426 15 25
1426 16 0
1426 17 42
1426 18 0
1426 19 20
1426 20 26
1426 21 185
1426 22 0
1426 23 0
1426 24 0
1426 25 0
1426 26 0
1426 27 41
1426 28 13
1426 29 0
1426 30 57
1426 31 0
1426 32 20
1426 33 241
1426 34 0
1426 35 0
1426 36 20
1426 37 14
1426 38 0
1426 39 0
1426 40 0
1426 41 1
1426 42 0
1426 43 0
1426 44 0
1426 45 13
1426 46 0
1426 47 0
1426 48 23
1426 49 0
1426 50 0
1426 51 0
1426 52 0
1426 53 0
1426 54 0
1426 55 0
1426 56 0
1426 57 0
1426 58 62
1426 59 21
1426 60 85
1426 61 11
1426 62 37
1426 63 0
1426 64 107
1426 65 179
1426 66 0
1426 67 0
1426 68 61
1426 69 92
1426 70 0
1426 71 0
1426 72 10
1426 73 0
1426 74 35
1426 75 0
1426 76 0
1426 77 0
1426 78 18
1426 79 0
1426 80 13
1426 81 116
1426 82 0
1426 83 20
1426 84 0
1426 85 0
1426 86 0
1426 87 0
1426 88 148
1426 89 0
1426 90 0
1426 91 40
1426 92 174
1426 93 232
1426 94 0
1426 95 0
1451 1 0
1451 2 39
1451 3 0
1451 4 0
1451 5 0
1451 6 28
1451 7 0
1451 8 0
1451 9 0
1451 10 21
1451 11 0
1451 12 39
1451 13 0
1451 14 0
1451 15 30
1451 16 0
1451 17 43
1451 18 4
1451 19 21
1451 20 26
1451 21 199
1451 22 1
1451 23 0
1451 24 0
1451 25 0
1451 26 0
1451 27 35
1451 28 12
1451 29 0
1451 30 58
1451 31 0
1451 32 21
1451 33 250
1451 34 0
1451 35 0
1451 36 23
1451 37 25
1451 38 0
1451 39 0
1451 40 0
1451 41 0
1451 42 0
1451 43 1
1451 44 0
1451 45 9
1451 46 1
1451 47 0
1451 48 26
1451 49 0
1451 50 0
1451 51 0
1451 52 0
1451 53 0
1451 54 1
1451 55 0
1451 56 0
1451 57 0
1451 58 55
1451 59 22
1451 60 75
1451 61 5
1451 62 31
1451 63 0
1451 64 101
1451 65 162
1451 66 0
1451 67 0
1451 68 62
1451 69 87
1451 70 0
1451 71 0
1451 72 15
1451 73 0
1451 74 41
1451 75 0
1451 76 0
1451 77 0
1451 78 20
1451 79 0
1451 80 15
1451 81 120
1451 82 0
1451 83 17
1451 84 1
1451 85 0
1451 86 1
1451 87 0
1451 88 148
1451 89 0
1451 90 0
1451 91 51
1451 92 184
1451 93 192
1451 94 0
1451 95 0
1476 1 0
1476 2 37
1476 3 0
1476 4 0
1476 5 2
1476 6 40
1476 7 0
1476 8 0
1476 9 0
1476 10 22
1476 11 0
1476 12 29
1476 13 0
1476 14 0
1476 15 28
1476 16 0
1476 17 38
1476 18 0
1476 19 27
1476 20 51
1476 21 194
1476 22 0
1476 23 0
1476 24 0
1476 25 0
1476 26 0
1476 27 34
1476 28 15
1476 29 0
1476 30 75
1476 31 0
1476 32 19
1476 33 277
1476 34 0
1476 35 1
1476 36 17
1476 37 20
1476 38 0
1476 39 0
1476 40 0
1476 41 0
1476 42 0
1476 43 0
1476 44 0
1476 45 11
1476 46 2
1476 47 0
1476 48 31
1476 49 0
1476 50 0
1476 51 0
1476 52 0
1476 53 0
1476 54 1
1476 55 0
1476 56 0
1476 57 0
1476 58 53
1476 59 15
1476 60 88
1476 61 0
1476 62 41
1476 63 0
1476 64 89
1476 65 178
1476 66 0
1476 67 0
1476 68 44
1476 69 90
1476 70 0
1476 71 0
1476 72 13
1476 73 0
1476 74 41
1476 75 1
1476 76 0
1476 77 0
1476 78 14
1476 79 0
1476 80 20
1476 81 123
1476 82 0
1476 83 19
1476 84 0
1476 85 0
1476 86 0
1476 87 0
1476 88 133
1476 89 0
1476 90 0
1476 91 63
1476 92 165
1476 93 198
1476 94 0
1476 95 0
1501 1 2
1501 2 37
1501 3 0
1501 4 0
1501 5 0
1501 6 35
1501 7 0
1501 8 0
1501 9 0
1501 10 15
1501 11 1
1501 12 20
1501 13 0
1501 14 3
1501 15 22
1501 16 2
1501 17 40
1501 18 0
1501 19 26
1501 20 44
1501 21 187
1501 22 0
1501 23 0
1501 24 0
1501 25 0
1501 26 0
1501 27 32
1501 28 4
1501 29 0
1501 30 61
1501 31 0
1501 32 27
1501 33 273
1501 34 0
1501 35 0
1501 36 29
1501 37 29
1501 38 0
1501 39 0
1501 40 0
1501 41 0
1501 42 0
1501 43 0
1501 44 0
1501 45 9
1501 46 0
1501 47 1
1501 48 37
1501 49 2
1501 50 0
1501 51 0
1501 52 0
1501 53 0
1501 54 0
1501 55 0
1501 56 0
1501 57 0
1501 58 40
1501 59 20
1501 60 80
1501 61 0
1501 62 29
1501 63 0
1501 64 106
1501 65 157
1501 66 1
1501 67 0
1501 68 44
1501 69 95
1501 70 0
1501 71 0
1501 72 17
1501 73 0
1501 74 34
1501 75 1
1501 76 2
1501 77 0
1501 78 13
1501 79 0
1501 80 10
1501 81 121
1501 82 0
1501 83 20
1501 84 0
1501 85 1
1501 86 0
1501 87 0
1501 88 150
1501 89 0
1501 90 10
1501 91 77
1501 92 200
1501 93 228
1501 94 0
1501 95 0
1526 1 0
1526 2 41
1526 3 0
1526 4 0
1526 5 0
1526 6 24
1526 7 0
1526 8 0
1526 9 0
1526 10 16
1526 11 0
1526 12 23
1526 13 0
1526 14 0
1526 15 21
1526 16 0
1526 17 36
1526 18 0
1526 19 3
1526 20 41
1526 21 218
1526 22 1
1526 23 0
1526 24 1
1526 25 0
1526 26 0
1526 27 30
1526 28 0
1526 29 0
1526 30 56
1526 31 0
1526 32 19
1526 33 253
1526 34 0
1526 35 0
1526 36 32
1526 37 28
1526 38 0
1526 39 0
1526 40 0
1526 41 0
1526 42 0
1526 43 0
1526 44 0
1526 45 15
1526 46 0
1526 47 0
1526 48 9
1526 49 0
1526 50 1
1526 51 0
1526 52 0
1526 53 4
1526 54 0
1526 55 0
1526 56 0
1526 57 0
1526 58 37
1526 59 16
1526 60 83
1526 61 0
1526 62 31
1526 63 1
1526 64 114
1526 65 168
1526 66 1
1526 67 0
1526 68 37
1526 69 112
1526 70 0
1526 71 0
1526 72 13
1526 73 1
1526 74 29
1526 75 0
1526 76 0
1526 77 0
1526 78 12
1526 79 0
1526 80 13
1526 81 133
1526 82 0
1526 83 16
1526 84 0
1526 85 0
1526 86 0
1526 87 0
1526 88 156
1526 89 0
1526 90 18
1526 91 60
1526 92 180
1526 93 206
1526 94 0
1526 95 1
1551 1 0
1551 2 48
1551 3 0
1551 4 0
1551 5 1
1551 6 29
1551 7 0
1551 8 23
1551 9 0
1551 10 15
1551 11 0
1551 12 34
1551 13 0
1551 14 0
1551 15 20
1551 16 0
1551 17 41
1551 18 1
1551 19 18
1551 20 40
1551 21 225
1551 22 1
1551 23 0
1551 24 0
1551 25 0
1551 26 0
1551 27 8
1551 28 1
1551 29 0
1551 30 41
1551 31 0
1551 32 23
1551 33 266
1551 34 0
1551 35 0
1551 36 36
1551 37 23
1551 38 0
1551 39 0
1551 40 0
1551 41 0
1551 42 0
1551 43 0
1551 44 0
1551 45 11
1551 46 0
1551 47 0
1551 48 0
1551 49 0
1551 50 0
1551 51 0
1551 52 0
1551 53 0
1551 54 0
1551 55 5
1551 56 1
1551 57 0
1551 58 27
1551 59 20
1551 60 88
1551 61 0
1551 62 30
1551 63 1
1551 64 108
1551 65 155
1551 66 0
1551 67 0
1551 68 41
1551 69 101
1551 70 0
1551 71 0
1551 72 9
1551 73 0
1551 74 14
1551 75 0
1551 76 0
1551 77 0
1551 78 18
1551 79 0
1551 80 12
1551 81 167
1551 82 0
1551 83 17
1551 84 0
1551 85 0
1551 86 1
1551 87 0
1551 88 144
1551 89 0
1551 90 16
1551 91 92
1551 92 179
1551 93 219
1551 94 2
1551 95 0
1576 1 0
1576 2 49
1576 3 1
1576 4 0
1576 5 0
1576 6 31
1576 7 0
1576 8 21
1576 9 1
1576 10 21
1576 11 0
1576 12 40
1576 13 0
1576 14 0
1576 15 14
1576 16 0
1576 17 37
1576 18 0
1576 19 35
1576 20 37
1576 21 211
1576 22 0
1576 23 0
1576 24 0
1576 25 0
1576 26 0
1576 27 0
1576 28 0
1576 29 0
1576 30 42
1576 31 0
1576 32 22
1576 33 277
1576 34 0
1576 35 2
1576 36 43
1576 37 28
1576 38 0
1576 39 0
1576 40 0
1576 41 0
1576 42 2
1576 43 0
1576 44 0
1576 45 12
1576 46 0
1576 47 0
1576 48 0
1576 49 0
1576 50 0
1576 51 1
1576 52 0
1576 53 0
1576 54 2
1576 55 0
1576 56 0
1576 57 0
1576 58 37
1576 59 27
1576 60 67
1576 61 0
1576 62 31
1576 63 0
1576 64 100
1576 65 145
1576 66 0
1576 67 0
1576 68 44
1576 69 112
1576 70 6
1576 71 1
1576 72 10
1576 73 0
1576 74 21
1576 75 0
1576 76 0
1576 77 0
1576 78 20
1576 79 0
1576 80 12
1576 81 168
1576 82 0
1576 83 15
1576 84 0
1576 85 0
1576 86 1
1576 87 0
1576 88 164
1576 89 0
1576 90 18
1576 91 115
1576 92 179
1576 93 193
1576 94 0
1576 95 0
1601 1 0
1601 2 53
1601 3 0
1601 4 0
1601 5 0
1601 6 30
1601 7 0
1601 8 19
1601 9 1
1601 10 20
1601 11 0
1601 12 31
1601 13 0
1601 14 0
1601 15 31
1601 16 0
1601 17 38
1601 18 0
1601 19 23
1601 20 40
1601 21 237
1601 22 0
1601 23 1
1601 24 0
1601 25 3
1601 26 0
1601 27 0
1601 28 1
1601 29 2
1601 30 43
1601 31 0
1601 32 20
1601 33 246
1601 34 0
1601 35 0
1601 36 43
1601 37 20
1601 38 0
1601 39 0
1601 40 0
1601 41 0
1601 42 0
1601 43 1
1601 44 0
1601 45 17
1601 46 0
1601 47 0
1601 48 0
1601 49 0
1601 50 5
1601 51 0
1601 52 0
1601 53 0
1601 54 0
1601 55 0
1601 56 0
1601 57 0
1601 58 40
1601 59 18
1601 60 68
1601 61 0
1601 62 36
1601 63 0
1601 64 87
1601 65 132
1601 66 0
1601 67 0
1601 68 59
1601 69 97
1601 70 0
1601 71 0
1601 72 16
1601 73 0
1601 74 22
1601 75 0
1601 76 0
1601 77 0
1601 78 13
1601 79 0
1601 80 0
1601 81 151
1601 82 1
1601 83 24
1601 84 0
1601 85 0
1601 86 0
1601 87 1
1601 88 123
1601 89 0
1601 90 19
1601 91 110
1601 92 208
1601 93 221
1601 94 0
1601 95 0
1626 1 0
1626 2 55
1626 3 0
1626 4 3
1626 5 1
1626 6 35
1626 7 0
1626 8 18
1626 9 0
1626 10 18
1626 11 0
1626 12 18
1626 13 0
1626 14 0
1626 15 38
1626 16 0
1626 17 44
1626 18 0
1626 19 17
1626 20 41
1626 21 245
1626 22 1
1626 23 0
1626 24 0
1626 25 11
1626 26 0
1626 27 0
1626 28 0
1626 29 0
1626 30 29
1626 31 0
1626 32 19
1626 33 256
1626 34 4
1626 35 0
1626 36 39
1626 37 17
1626 38 0
1626 39 0
1626 40 0
1626 41 0
1626 42 0
1626 43 0
1626 44 1
1626 45 18
1626 46 0
1626 47 0
1626 48 0
1626 49 0
1626 50 3
1626 51 0
1626 52 0
1626 53 8
1626 54 0
1626 55 0
1626 56 0
1626 57 0
1626 58 40
1626 59 49
1626 60 75
1626 61 0
1626 62 30
1626 63 1
1626 64 100
1626 65 130
1626 66 0
1626 67 0
1626 68 92
1626 69 98
1626 70 0
1626 71 0
1626 72 13
1626 73 0
1626 74 20
1626 75 0
1626 76 0
1626 77 0
1626 78 22
1626 79 2
1626 80 0
1626 81 147
1626 82 0
1626 83 22
1626 84 0
1626 85 0
1626 86 0
1626 87 0
1626 88 118
1626 89 0
1626 90 14
1626 91 114
1626 92 208
1626 93 228
1626 94 0
1626 95 1
1651 1 0
1651 2 31
1651 3 0
1651 4 10
1651 5 1
1651 6 40
1651 7 0
1651 8 19
1651 9 0
1651 10 15
1651 11 0
1651 12 15
1651 13 0
1651 14 0
1651 15 47
1651 16 0
1651 17 47
1651 18 0
1651 19 20
1651 20 43
1651 21 246
1651 22 0
1651 23 0
1651 24 0
1651 25 16
1651 26 0
1651 27 0
1651 28 0
1651 29 1
1651 30 30
1651 31 0
1651 32 19
1651 33 260
1651 34 0
1651 35 0
1651 36 27
1651 37 35
1651 38 5
1651 39 0
1651 40 0
1651 41 0
1651 42 0
1651 43 0
1651 44 1
1651 45 29
1651 46 1
1651 47 0
1651 48 1
1651 49 0
1651 50 0
1651 51 0
1651 52 0
1651 53 15
1651 54 0
1651 55 0
1651 56 0
1651 57 0
1651 58 46
1651 59 40
1651 60 73
1651 61 0
1651 62 31
1651 63 0
1651 64 95
1651 65 136
1651 66 0
1651 67 0
1651 68 109
1651 69 96
1651 70 0
1651 71 0
1651 72 12
1651 73 0
1651 74 33
1651 75 0
1651 76 0
1651 77 0
1651 78 20
1651 79 0
1651 80 0
1651 81 138
1651 82 0
1651 83 18
1651 84 0
1651 85 0
1651 86 0
1651 87 0
1651 88 117
1651 89 0
1651 90 13
1651 91 102
1651 92 207
1651 93 209
1651 94 0
1651 95 0
1676 1 0
1676 2 33
1676 3 0
1676 4 20
1676 5 0
1676 6 41
1676 7 0
1676 8 21
1676 9 18
1676 10 27
1676 11 0
1676 12 20
1676 13 0
1676 14 0
1676 15 77
1676 16 0
1676 17 34
1676 18 0
1676 19 19
1676 20 36
1676 21 248
1676 22 0
1676 23 0
1676 24 0
1676 25 30
1676 26 0
1676 27 0
1676 28 0
1676 29 0
1676 30 35
1676 31 0
1676 32 24
1676 33 241
1676 34 0
1676 35 0
1676 36 17
1676 37 18
1676 38 18
1676 39 0
1676 40 0
1676 41 0
1676 42 0
1676 43 0
1676 44 0
1676 45 31
1676 46 0
1676 47 0
1676 48 0
1676 49 0
1676 50 0
1676 51 0
1676 52 0
1676 53 19
1676 54 0
1676 55 0
1676 56 0
1676 57 1
1676 58 39
1676 59 43
1676 60 90
1676 61 0
1676 62 16
1676 63 0
1676 64 105
1676 65 146
1676 66 0
1676 67 0
1676 68 105
1676 69 103
1676 70 0
1676 71 0
1676 72 12
1676 73 0
1676 74 20
1676 75 0
1676 76 3
1676 77 0
1676 78 12
1676 79 0
1676 80 0
1676 81 110
1676 82 0
1676 83 20
1676 84 2
1676 85 0
1676 86 3
1676 87 0
1676 88 109
1676 89 0
1676 90 20
1676 91 105
1676 92 227
1676 93 192
1676 94 0
1676 95 1
1701 1 0
1701 2 40
1701 3 0
1701 4 27
1701 5 0
1701 6 46
1701 7 0
1701 8 24
1701 9 16
1701 10 19
1701 11 0
1701 12 15
1701 13 0
1701 14 0
1701 15 46
1701 16 1
1701 17 41
1701 18 0
1701 19 14
1701 20 51
1701 21 244
1701 22 0
1701 23 0
1701 24 0
1701 25 31
1701 26 0
1701 27 0
1701 28 0
1701 29 0
1701 30 27
1701 31 0
1701 32 19
1701 33 251
1701 34 0
1701 35 0
1701 36 21
1701 37 24
1701 38 29
1701 39 0
1701 40 0
1701 41 0
1701 42 0
1701 43 0
1701 44 1
1701 45 19
1701 46 1
1701 47 0
1701 48 0
1701 49 0
1701 50 0
1701 51 0
1701 52 0
1701 53 8
1701 54 0
1701 55 0
1701 56 0
1701 57 0
1701 58 70
1701 59 40
1701 60 58
1701 61 3
1701 62 20
1701 63 0
1701 64 95
1701 65 139
1701 66 0
1701 67 0
1701 68 107
1701 69 98
1701 70 0
1701 71 0
1701 72 19
1701 73 0
1701 74 19
1701 75 0
1701 76 0
1701 77 0
1701 78 20
1701 79 0
1701 80 0
1701 81 99
1701 82 3
1701 83 17
1701 84 11
1701 85 0
1701 86 0
1701 87 0
1701 88 116
1701 89 2
1701 90 17
1701 91 72
1701 92 212
1701 93 210
1701 94 0
1701 95 0
1726 1 10
1726 2 35
1726 3 0
1726 4 20
1726 5 1
1726 6 32
1726 7 0
1726 8 44
1726 9 9
1726 10 0
1726 11 0
1726 12 19
1726 13 0
1726 14 1
1726 15 33
1726 16 15
1726 17 40
1726 18 0
1726 19 4
1726 20 46
1726 21 227
1726 22 0
1726 23 0
1726 24 4
1726 25 35
1726 26 0
1726 27 0
1726 28 0
1726 29 0
1726 30 14
1726 31 0
1726 32 20
1726 33 235
1726 34 0
1726 35 0
1726 36 23
1726 37 6
1726 38 40
1726 39 0
1726 40 0
1726 41 0
1726 42 0
1726 43 0
1726 44 2
1726 45 25
1726 46 0
1726 47 0
1726 48 0
1726 49 1
1726 50 0
1726 51 0
1726 52 0
1726 53 11
1726 54 0
1726 55 0
1726 56 0
1726 57 0
1726 58 83
1726 59 61
1726 60 47
1726 61 0
1726 62 19
1726 63 0
1726 64 106
1726 65 137
1726 66 0
1726 67 0
1726 68 124
1726 69 91
1726 70 0
1726 71 0
1726 72 11
1726 73 0
1726 74 14
1726 75 0
1726 76 0
1726 77 0
1726 78 21
1726 79 0
1726 80 0
1726 81 112
1726 82 0
1726 83 0
1726 84 13
1726 85 0
1726 86 0
1726 87 0
1726 88 120
1726 89 0
1726 90 12
1726 91 74
1726 92 205
1726 93 203
1726 94 0
1726 95 0
1751 1 19
1751 2 56
1751 3 0
1751 4 33
1751 5 0
1751 6 37
1751 7 0
1751 8 43
1751 9 15
1751 10 3
1751 11 0
1751 12 18
1751 13 0
1751 14 0
1751 15 30
1751 16 18
1751 17 38
1751 18 0
1751 19 0
1751 20 19
1751 21 233
1751 22 0
1751 23 0
1751 24 0
1751 25 24
1751 26 0
1751 27 0
1751 28 0
1751 29 5
1751 30 16
1751 31 0
1751 32 19
1751 33 223
1751 34 1
1751 35 1
1751 36 18
1751 37 0
1751 38 34
1751 39 0
1751 40 0
1751 41 1
1751 42 0
1751 43 0
1751 44 0
1751 45 21
1751 46 0
1751 47 0
1751 48 4
1751 49 0
1751 50 0
1751 51 0
1751 52 0
1751 53 12
1751 54 0
1751 55 0
1751 56 0
1751 57 0
1751 58 70
1751 59 61
1751 60 43
1751 61 0
1751 62 32
1751 63 0
1751 64 96
1751 65 138
1751 66 15
1751 67 0
1751 68 121
1751 69 91
1751 70 0
1751 71 0
1751 72 13
1751 73 1
1751 74 17
1751 75 0
1751 76 0
1751 77 0
1751 78 24
1751 79 0
1751 80 0
1751 81 109
1751 82 0
1751 83 11
1751 84 4
1751 85 0
1751 86 0
1751 87 0
1751 88 127
1751 89 0
1751 90 1
1751 91 71
1751 92 183
1751 93 218
1751 94 0
1751 95 1
1776 1 7
1776 2 64
1776 3 0
1776 4 12
1776 5 0
1776 6 30
1776 7 0
1776 8 37
1776 9 14
1776 10 0
1776 11 0
1776 12 11
1776 13 0
1776 14 0
1776 15 23
1776 16 21
1776 17 40
1776 18 0
1776 19 0
1776 20 20
1776 21 217
1776 22 0
1776 23 0
1776 24 0
1776 25 38
1776 26 0
1776 27 0
1776 28 14
1776 29 1
1776 30 23
1776 31 0
1776 32 19
1776 33 207
1776 34 0
1776 35 0
1776 36 20
1776 37 0
1776 38 44
1776 39 0
1776 40 0
1776 41 0
1776 42 0
1776 43 0
1776 44 0
1776 45 21
1776 46 0
1776 47 0
1776 48 17
1776 49 1
1776 50 0
1776 51 0
1776 52 0
1776 53 13
1776 54 0
1776 55 0
1776 56 0
1776 57 0
1776 58 78
1776 59 68
1776 60 45
1776 61 0
1776 62 41
1776 63 0
1776 64 113
1776 65 139
1776 66 12
1776 67 0
1776 68 93
1776 69 101
1776 70 0
1776 71 0
1776 72 0
1776 73 0
1776 74 22
1776 75 0
1776 76 0
1776 77 2
1776 78 14
1776 79 3
1776 80 0
1776 81 123
1776 82 0
1776 83 20
1776 84 0
1776 85 0
1776 86 0
1776 87 0
1776 88 129
1776 89 0
1776 90 0
1776 91 72
1776 92 220
1776 93 227
1776 94 0
1776 95 0
1801 1 0
1801 2 65
1801 3 0
1801 4 11
1801 5 0
1801 6 30
1801 7 0
1801 8 41
1801 9 6
1801 10 0
1801 11 0
1801 12 19
1801 13 1
1801 14 0
1801 15 28
1801 16 17
1801 17 46
1801 18 0
1801 19 0
1801 20 20
1801 21 205
1801 22 0
1801 23 0
1801 24 0
1801 25 37
1801 26 0
1801 27 0
1801 28 23
1801 29 0
1801 30 27
1801 31 0
1801 32 15
1801 33 239
1801 34 0
1801 35 0
1801 36 12
1801 37 0
1801 38 40
1801 39 0
1801 40 0
1801 41 0
1801 42 0
1801 43 0
1801 44 0
1801 45 26
1801 46 0
1801 47 0
1801 48 25
1801 49 0
1801 50 0
1801 51 0
1801 52 0
1801 53 16
1801 54 0
1801 55 0
1801 56 3
1801 57 0
1801 58 73
1801 59 65
1801 60 37
1801 61 0
1801 62 36
1801 63 0
1801 64 98
1801 65 123
1801 66 4
1801 67 0
1801 68 101
1801 69 91
1801 70 0
1801 71 0
1801 72 1
1801 73 0
1801 74 20
1801 75 0
1801 76 0
1801 77 0
1801 78 16
1801 79 7
1801 80 0
1801 81 126
1801 82 0
1801 83 17
1801 84 0
1801 85 0
1801 86 1
1801 87 0
1801 88 126
1801 89 0
1801 90 0
1801 91 100
1801 92 213
1801 93 210
1801 94 4
1801 95 1
1826 1 0
1826 2 62
1826 3 0
1826 4 0
1826 5 0
1826 6 52
1826 7 0
1826 8 42
1826 9 9
1826 10 0
1826 11 0
1826 12 12
1826 13 0
1826 14 0
1826 15 14
1826 16 10
1826 17 35
1826 18 0
1826 19 22
1826 20 16
1826 21 213
1826 22 0
1826 23 0
1826 24 0
1826 25 20
1826 26 0
1826 27 17
1826 28 14
1826 29 0
1826 30 20
1826 31 0
1826 32 18
1826 33 219
1826 34 1
1826 35 0
1826 36 18
1826 37 0
1826 38 40
1826 39 0
1826 40 0
1826 41 0
1826 42 0
1826 43 0
1826 44 0
1826 45 33
1826 46 0
1826 47 0
1826 48 30
1826 49 0
1826 50 0
1826 51 0
1826 52 0
1826 53 19
1826 54 0
1826 55 0
1826 56 0
1826 57 0
1826 58 81
1826 59 60
1826 60 41
1826 61 0
1826 62 37
1826 63 0
1826 64 98
1826 65 112
1826 66 8
1826 67 0
1826 68 118
1826 69 106
1826 70 0
1826 71 0
1826 72 0
1826 73 0
1826 74 18
1826 75 0
1826 76 1
1826 77 1
1826 78 11
1826 79 0
1826 80 0
1826 81 124
1826 82 0
1826 83 17
1826 84 0
1826 85 4
1826 86 0
1826 87 0
1826 88 121
1826 89 0
1826 90 0
1826 91 76
1826 92 184
1826 93 217
1826 94 0
1826 95 0
1851 1 2
1851 2 58
1851 3 0
1851 4 0
1851 5 0
1851 6 55
1851 7 0
1851 8 31
1851 9 12
1851 10 0
1851 11 0
1851 12 20
1851 13 0
1851 14 0
1851 15 19
1851 16 10
1851 17 42
1851 18 0
1851 19 38
1851 20 39
1851 21 215
1851 22 0
1851 23 1
1851 24 0
1851 25 33
1851 26 0
1851 27 39
1851 28 11
1851 29 0
1851 30 22
1851 31 0
1851 32 25
1851 33 214
1851 34 0
1851 35 0
1851 36 18
1851 37 0
1851 38 39
1851 39 0
1851 40 0
1851 41 0
1851 42 0
1851 43 0
1851 44 0
1851 45 37
1851 46 0
1851 47 0
1851 48 14
1851 49 0
1851 50 0
1851 51 0
1851 52 0
1851 53 12
1851 54 0
1851 55 0
1851 56 1
1851 57 0
1851 58 71
1851 59 61
1851 60 41
1851 61 1
1851 62 22
1851 63 0
1851 64 92
1851 65 107
1851 66 14
1851 67 9
1851 68 110
1851 69 105
1851 70 0
1851 71 0
1851 72 0
1851 73 0
1851 74 44
1851 75 0
1851 76 0
1851 77 0
1851 78 19
1851 79 0
1851 80 0
1851 81 112
1851 82 0
1851 83 15
1851 84 0
1851 85 0
1851 86 0
1851 87 0
1851 88 119
1851 89 0
1851 90 0
1851 91 77
1851 92 179
1851 93 227
1851 94 0
1851 95 0
1876 1 0
1876 2 64
1876 3 0
1876 4 0
1876 5 0
1876 6 71
1876 7 0
1876 8 35
1876 9 10
1876 10 0
1876 11 0
1876 12 19
1876 13 0
1876 14 0
1876 15 20
1876 16 3
1876 17 41
1876 18 0
1876 19 47
1876 20 45
1876 21 216
1876 22 0
1876 23 1
1876 24 0
1876 25 20
1876 26 0
1876 27 28
1876 28 17
1876 29 0
1876 30 18
1876 31 0
1876 32 17
1876 33 226
1876 34 0
1876 35 0
1876 36 13
1876 37 0
1876 38 39
1876 39 0
1876 40 0
1876 41 0
1876 42 0
1876 43 2
1876 44 2
1876 45 27
1876 46 0
1876 47 0
1876 48 27
1876 49 0
1876 50 0
1876 51 0
1876 52 0
1876 53 19
1876 54 0
1876 55 0
1876 56 0
1876 57 0
1876 58 83
1876 59 43
1876 60 31
1876 61 1
1876 62 34
1876 63 0
1876 64 97
1876 65 121
1876 66 14
1876 67 4
1876 68 110
1876 69 94
1876 70 1
1876 71 2
1876 72 1
1876 73 0
1876 74 20
1876 75 0
1876 76 0
1876 77 0
1876 78 3
1876 79 0
1876 80 0
1876 81 116
1876 82 0
1876 83 21
1876 84 0
1876 85 0
1876 86 0
1876 87 0
1876 88 133
1876 89 0
1876 90 0
1876 91 86
1876 92 178
1876 93 205
1876 94 0
1876 95 0
1901 1 9
1901 2 62
1901 3 0
1901 4 0
1901 5 0
1901 6 76
1901 7 0
1901 8 45
1901 9 20
1901 10 1
1901 11 0
1901 12 18
1901 13 0
1901 14 0
1901 15 20
1901 16 9
1901 17 41
1901 18 2
1901 19 42
1901 20 41
1901 21 219
1901 22 0
1901 23 0
1901 24 0
1901 25 24
1901 26 0
1901 27 44
1901 28 12
1901 29 0
1901 30 19
1901 31 0
1901 32 14
1901 33 225
1901 34 0
1901 35 0
1901 36 20
1901 37 0
1901 38 39
1901 39 0
1901 40 0
1901 41 0
1901 42 0
1901 43 0
1901 44 0
1901 45 29
1901 46 0
1901 47 0
1901 48 34
1901 49 0
1901 50 0
1901 51 0
1901 52 0
1901 53 13
1901 54 0
1901 55 0
1901 56 0
1901 57 0
1901 58 66
1901 59 38
1901 60 39
1901 61 0
1901 62 29
1901 63 0
1901 64 91
1901 65 120
1901 66 8
1901 67 5
1901 68 117
1901 69 108
1901 70 0
1901 71 0
1901 72 0
1901 73 0
1901 74 20
1901 75 0
1901 76 0
1901 77 0
1901 78 0
1901 79 0
1901 80 0
1901 81 129
1901 82 0
1901 83 17
1901 84 0
1901 85 0
1901 86 1
1901 87 0
1901 88 113
1901 89 0
1901 90 0
1901 91 74
1901 92 176
1901 93 210
1901 94 0
1901 95 0
1926 1 11
1926 2 59
1926 3 0
1926 4 0
1926 5 0
1926 6 85
1926 7 0
1926 8 50
1926 9 2
1926 10 5
1926 11 1
1926 12 10
1926 13 0
1926 14 0
1926 15 14
1926 16 9
1926 17 40
1926 18 0
1926 19 44
1926 20 40
1926 21 247
1926 22 0
1926 23 0
1926 24 0
1926 25 15
1926 26 0
1926 27 35
1926 28 13
1926 29 0
1926 30 22
1926 31 0
1926 32 19
1926 33 222
1926 34 0
1926 35 0
1926 36 24
1926 37 0
1926 38 39
1926 39 0
1926 40 0
1926 41 0
1926 42 0
1926 43 0
1926 44 0
1926 45 28
1926 46 0
1926 47 3
1926 48 29
1926 49 0
1926 50 0
1926 51 0
1926 52 0
1926 53 11
1926 54 0
1926 55 0
1926 56 0
1926 57 0
1926 58 74
1926 59 46
1926 60 66
1926 61 0
1926 62 16
1926 63 0
1926 64 104
1926 65 118
1926 66 11
1926 67 0
1926 68 100
1926 69 108
1926 70 0
1926 71 0
1926 72 0
1926 73 0
1926 74 0
1926 75 0
1926 76 0
1926 77 2
1926 78 0
1926 79 0
1926 80 0
1926 81 129
1926 82 0
1926 83 20
1926 84 0
1926 85 0
1926 86 0
1926 87 0
1926 88 116
1926 89 0
1926 90 0
1926 91 73
1926 92 157
1926 93 208
1926 94 0
1926 95 0
1951 1 15
1951 2 68
1951 3 0
1951 4 2
1951 5 0
1951 6 71
1951 7 0
1951 8 43
1951 9 0
1951 10 0
1951 11 0
1951 12 19
1951 13 0
1951 14 0
1951 15 20
1951 16 10
1951 17 43
1951 18 0
1951 19 37
1951 20 43
1951 21 247
1951 22 0
1951 23 0
1951 24 0
1951 25 16
1951 26 0
1951 27 39
1951 28 18
1951 29 0
1951 30 22
1951 31 0
1951 32 17
1951 33 236
1951 34 0
1951 35 0
1951 36 20
1951 37 5
1951 38 40
1951 39 0
1951 40 0
1951 41 1
1951 42 0
1951 43 0
1951 44 2
1951 45 30
1951 46 0
1951 47 0
1951 48 35
1951 49 2
1951 50 0
1951 51 0
1951 52 0
1951 53 12
1951 54 0
1951 55 0
1951 56 0
1951 57 2
1951 58 78
1951 59 74
1951 60 51
1951 61 0
1951 62 16
1951 63 0
1951 64 75
1951 65 112
1951 66 12
1951 67 0
1951 68 110
1951 69 121
1951 70 0
1951 71 0
1951 72 0
1951 73 0
1951 74 0
1951 75 0
1951 76 0
1951 77 0
1951 78 0
1951 79 1
1951 80 0
1951 81 146
1951 82 0
1951 83 18
1951 84 0
1951 85 0
1951 86 0
1951 87 0
1951 88 106
1951 89 0
1951 90 0
1951 91 78
1951 92 157
1951 93 217
1951 94 0
1951 95 0
1976 1 15
1976 2 63
1976 3 0
1976 4 0
1976 5 0
1976 6 60
1976 7 0
1976 8 35
1976 9 0
1976 10 0
1976 11 0
1976 12 19
1976 13 0
1976 14 0
1976 15 21
1976 16 7
1976 17 36
1976 18 0
1976 19 38
1976 20 42
1976 21 246
1976 22 0
1976 23 0
1976 24 0
1976 25 18
1976 26 0
1976 27 37
1976 28 15
1976 29 0
1976 30 21
1976 31 0
1976 32 19
1976 33 259
1976 34 0
1976 35 1
1976 36 20
1976 37 1
1976 38 40
1976 39 0
1976 40 0
1976 41 0
1976 42 0
1976 43 1
1976 44 0
1976 45 39
1976 46 0
1976 47 0
1976 48 36
1976 49 1
1976 50 0
1976 51 0
1976 52 0
1976 53 14
1976 54 0
1976 55 0
1976 56 0
1976 57 1
1976 58 73
1976 59 60
1976 60 82
1976 61 0
1976 62 19
1976 63 0
1976 64 70
1976 65 135
1976 66 10
1976 67 0
1976 68 97
1976 69 114
1976 70 0
1976 71 0
1976 72 0
1976 73 0
1976 74 0
1976 75 0
1976 76 0
1976 77 1
1976 78 0
1976 79 0
1976 80 0
1976 81 127
1976 82 0
1976 83 19
1976 84 0
1976 85 0
1976 86 0
1976 87 0
1976 88 108
1976 89 0
1976 90 0
1976 91 70
1976 92 155
1976 93 210
1976 94 1
1976 95 0
