1 1 44
1 2 46
1 3 51
1 4 47
1 5 48
1 6 45
1 7 49
1 8 44
1 9 43
1 10 44
1 11 46
1 12 44
1 13 47
1 14 48
1 15 44
1 16 49
1 17 50
1 18 50
1 19 45
1 20 48
1 21 44
1 22 46
1 23 50
1 24 45
1 25 47
1 26 45
1 27 49
1 28 45
1 29 44
1 30 46
1 31 47
1 32 43
1 33 43
1 34 51
1 35 45
1 36 48
1 37 47
1 38 51
1 39 49
1 40 49
1 41 48
1 42 45
1 43 41
1 44 45
1 45 49
1 46 47
1 47 48
1 48 50
1 49 50
1 50 50
1 51 47
1 52 45
1 53 45
1 54 40
1 55 40
1 56 48
1 57 50
1 58 49
1 59 50
1 60 48
1 61 50
1 62 47
1 63 49
1 64 46
1 65 44
1 66 38
1 67 45
1 68 47
1 69 49
1 70 45
1 71 44
1 72 49
1 73 48
1 74 49
1 75 43
1 76 45
1 77 44
1 78 50
1 79 50
1 80 49
1 81 50
1 82 48
1 83 48
1 84 42
1 85 45
1 86 39
1 87 38
1 88 39
1 89 48
1 90 49
1 91 49
1 92 49
1 93 46
1 94 51
1 95 46
1 96 39
1 97 46
1 98 42
1 99 44
1 100 46
1 101 50
1 102 51
1 103 50
1 104 46
1 105 48
1 106 44
1 107 43
1 108 41
1 109 39
1 110 43
1 111 46
1 112 48
1 113 47
1 114 47
1 115 45
1 116 44
1 117 46
1 118 42
1 119 40
1 120 41
1 121 42
26 1 43
26 2 42
26 3 47
26 4 43
26 5 43
26 6 43
26 7 45
26 8 40
26 9 23
26 10 24
26 11 35
26 12 44
26 13 47
26 14 41
26 15 46
26 16 47
26 17 46
26 18 47
26 19 29
26 20 30
26 21 41
26 22 43
26 23 40
26 24 38
26 25 41
26 26 45
26 27 46
26 28 47
26 29 45
26 30 42
26 31 46
26 32 43
26 33 41
26 34 43
26 35 42
26 36 44
26 37 44
26 38 44
26 39 46
26 40 45
26 41 44
26 42 39
26 43 23
26 44 45
26 45 43
26 46 47
26 47 48
26 48 45
26 49 42
26 50 44
26 51 47
26 52 44
26 53 44
26 54 17
26 55 30
26 56 49
26 57 45
26 58 45
26 59 48
26 60 48
26 61 44
26 62 42
26 63 43
26 64 42
26 65 15
26 66 18
26 67 45
26 68 48
26 69 47
26 70 46
26 71 46
26 72 46
26 73 41
26 74 39
26 75 40
26 76 39
26 77 25
26 78 44
26 79 50
26 80 51
26 81 49
26 82 48
26 83 45
26 84 34
26 85 21
26 86 20
26 87 15
26 88 18
26 89 47
26 90 49
26 91 49
26 92 52
26 93 49
26 94 39
26 95 19
26 96 16
26 97 15
26 98 16
26 99 20
26 100 43
26 101 44
26 102 47
26 103 50
26 104 49
26 105 42
26 106 40
26 107 11
26 108 13
26 109 10
26 110 10
26 111 44
26 112 47
26 113 49
26 114 46
26 115 46
26 116 44
26 117 44
26 118 30
26 119 19
26 120 19
26 121 17
51 1 45
51 2 44
51 3 45
51 4 47
51 5 48
51 6 44
51 7 42
51 8 38
51 9 26
51 10 19
51 11 27
51 12 46
51 13 46
51 14 47
51 15 44
51 16 44
51 17 46
51 18 44
51 19 37
51 20 26
51 21 41
51 22 41
51 23 35
51 24 27
51 25 44
51 26 45
51 27 50
51 28 45
51 29 46
51 30 42
51 31 42
51 32 45
51 33 41
51 34 42
51 35 39
51 36 45
51 37 46
51 38 47
51 39 45
51 40 42
51 41 45
51 42 45
51 43 39
51 44 41
51 45 43
51 46 46
51 47 49
51 48 47
51 49 52
51 50 48
51 51 44
51 52 45
51 53 45
51 54 24
51 55 23
51 56 44
51 57 47
51 58 46
51 59 49
51 60 48
51 61 48
51 62 44
51 63 46
51 64 41
51 65 21
51 66 23
51 67 44
51 68 47
51 69 44
51 70 50
51 71 44
51 72 46
51 73 46
51 74 44
51 75 39
51 76 41
51 77 15
51 78 46
51 79 46
51 80 45
51 81 45
51 82 50
51 83 43
51 84 21
51 85 17
51 86 15
51 87 19
51 88 22
51 89 44
51 90 45
51 91 52
51 92 50
51 93 47
51 94 45
51 95 22
51 96 12
51 97 11
51 98 20
51 99 18
51 100 45
51 101 49
51 102 46
51 103 45
51 104 45
51 105 47
51 106 40
51 107 14
51 108 15
51 109 20
51 110 19
51 111 47
51 112 43
51 113 45
51 114 49
51 115 43
51 116 46
51 117 43
51 118 32
51 119 23
51 120 19
51 121 22
76 1 38
76 2 46
76 3 49
76 4 46
76 5 44
76 6 39
76 7 40
76 8 41
76 9 31
76 10 19
76 11 20
76 12 39
76 13 39
76 14 45
76 15 47
76 16 46
76 17 44
76 18 44
76 19 28
76 20 26
76 21 39
76 22 40
76 23 27
76 24 34
76 25 47
76 26 45
76 27 44
76 28 46
76 29 44
76 30 45
76 31 42
76 32 41
76 33 41
76 34 42
76 35 41
76 36 42
76 37 44
76 38 45
76 39 46
76 40 42
76 41 44
76 42 40
76 43 20
76 44 43
76 45 42
76 46 45
76 47 44
76 48 44
76 49 43
76 50 47
76 51 46
76 52 45
76 53 46
76 54 15
76 55 22
76 56 41
76 57 42
76 58 46
76 59 45
76 60 47
76 61 45
76 62 47
76 63 43
76 64 41
76 65 21
76 66 18
76 67 47
76 68 45
76 69 46
76 70 45
76 71 49
76 72 45
76 73 42
76 74 42
76 75 42
76 76 40
76 77 21
76 78 47
76 79 51
76 80 51
76 81 49
76 82 47
76 83 44
76 84 23
76 85 16
76 86 21
76 87 9
76 88 18
76 89 46
76 90 50
76 91 48
76 92 48
76 93 46
76 94 44
76 95 25
76 96 13
76 97 19
76 98 22
76 99 24
76 100 42
76 101 43
76 102 46
76 103 45
76 104 47
76 105 46
76 106 40
76 107 22
76 108 24
76 109 17
76 110 27
76 111 45
76 112 46
76 113 46
76 114 48
76 115 44
76 116 42
76 117 42
76 118 29
76 119 33
76 120 24
76 121 30
101 1 44
101 2 48
101 3 47
101 4 47
101 5 43
101 6 38
101 7 43
101 8 37
101 9 30
101 10 25
101 11 22
101 12 42
101 13 46
101 14 44
101 15 43
101 16 43
101 17 46
101 18 42
101 19 23
101 20 30
101 21 39
101 22 42
101 23 33
101 24 39
101 25 42
101 26 47
101 27 44
101 28 44
101 29 45
101 30 43
101 31 43
101 32 44
101 33 44
101 34 43
101 35 37
101 36 42
101 37 50
101 38 46
101 39 47
101 40 47
101 41 44
101 42 43
101 43 13
101 44 36
101 45 41
101 46 37
101 47 44
101 48 46
101 49 46
101 50 48
101 51 45
101 52 45
101 53 44
101 54 13
101 55 18
101 56 44
101 57 44
101 58 50
101 59 48
101 60 51
101 61 50
101 62 48
101 63 45
101 64 40
101 65 14
101 66 11
101 67 42
101 68 48
101 69 43
101 70 44
101 71 48
101 72 46
101 73 42
101 74 41
101 75 41
101 76 41
101 77 16
101 78 48
101 79 50
101 80 47
101 81 51
101 82 51
101 83 44
101 84 22
101 85 15
101 86 23
101 87 20
101 88 19
101 89 45
101 90 50
101 91 46
101 92 45
101 93 47
101 94 47
101 95 17
101 96 23
101 97 22
101 98 22
101 99 20
101 100 43
101 101 41
101 102 46
101 103 46
101 104 46
101 105 42
101 106 40
101 107 22
101 108 26
101 109 22
101 110 20
101 111 42
101 112 49
101 113 43
101 114 44
101 115 44
101 116 43
101 117 46
101 118 22
101 119 19
101 120 31
101 121 22
126 1 40
126 2 49
126 3 46
126 4 46
126 5 46
126 6 42
126 7 41
126 8 44
126 9 19
126 10 31
126 11 22
126 12 43
126 13 43
126 14 45
126 15 45
126 16 47
126 17 43
126 18 40
126 19 26
126 20 22
126 21 40
126 22 43
126 23 32
126 24 41
126 25 46
126 26 47
126 27 49
126 28 45
126 29 45
126 30 40
126 31 41
126 32 41
126 33 42
126 34 44
126 35 38
126 36 44
126 37 48
126 38 44
126 39 47
126 40 46
126 41 43
126 42 43
126 43 31
126 44 43
126 45 41
126 46 45
126 47 46
126 48 45
126 49 45
126 50 49
126 51 45
126 52 43
126 53 41
126 54 21
126 55 19
126 56 43
126 57 46
126 58 47
126 59 48
126 60 44
126 61 44
126 62 42
126 63 43
126 64 40
126 65 13
126 66 18
126 67 40
126 68 45
126 69 47
126 70 46
126 71 47
126 72 45
126 73 42
126 74 40
126 75 42
126 76 42
126 77 20
126 78 41
126 79 48
126 80 46
126 81 49
126 82 45
126 83 44
126 84 20
126 85 19
126 86 30
126 87 16
126 88 23
126 89 45
126 90 49
126 91 51
126 92 44
126 93 45
126 94 46
126 95 35
126 96 20
126 97 23
126 98 21
126 99 18
126 100 49
126 101 48
126 102 48
126 103 44
126 104 48
126 105 45
126 106 40
126 107 20
126 108 22
126 109 22
126 110 20
126 111 43
126 112 47
126 113 45
126 114 47
126 115 44
126 116 43
126 117 42
126 118 24
126 119 21
126 120 19
126 121 16
151 1 43
151 2 44
151 3 47
151 4 47
151 5 43
151 6 43
151 7 41
151 8 40
151 9 25
151 10 22
151 11 30
151 12 42
151 13 42
151 14 46
151 15 46
151 16 49
151 17 44
151 18 42
151 19 31
151 20 30
151 21 41
151 22 45
151 23 36
151 24 40
151 25 50
151 26 47
151 27 46
151 28 44
151 29 40
151 30 48
151 31 40
151 32 45
151 33 44
151 34 40
151 35 42
151 36 50
151 37 47
151 38 50
151 39 43
151 40 43
151 41 41
151 42 42
151 43 18
151 44 44
151 45 39
151 46 46
151 47 43
151 48 45
151 49 49
151 50 44
151 51 47
151 52 42
151 53 41
151 54 20
151 55 20
151 56 43
151 57 46
151 58 45
151 59 46
151 60 48
151 61 43
151 62 45
151 63 44
151 64 41
151 65 24
151 66 18
151 67 42
151 68 45
151 69 49
151 70 42
151 71 49
151 72 45
151 73 44
151 74 43
151 75 41
151 76 41
151 77 31
151 78 42
151 79 47
151 80 44
151 81 47
151 82 47
151 83 44
151 84 33
151 85 24
151 86 23
151 87 29
151 88 29
151 89 42
151 90 42
151 91 43
151 92 43
151 93 43
151 94 43
151 95 32
151 96 24
151 97 21
151 98 29
151 99 19
151 100 39
151 101 44
151 102 44
151 103 43
151 104 41
151 105 43
151 106 40
151 107 22
151 108 20
151 109 21
151 110 28
151 111 42
151 112 42
151 113 43
151 114 44
151 115 42
151 116 40
151 117 43
151 118 23
151 119 17
151 120 19
151 121 16
176 1 41
176 2 45
176 3 45
176 4 43
176 5 44
176 6 38
176 7 42
176 8 40
176 9 21
176 10 22
176 11 31
176 12 42
176 13 42
176 14 44
176 15 45
176 16 45
176 17 43
176 18 43
176 19 30
176 20 30
176 21 39
176 22 42
176 23 29
176 24 23
176 25 44
176 26 49
176 27 48
176 28 47
176 29 43
176 30 44
176 31 42
176 32 43
176 33 40
176 34 43
176 35 39
176 36 44
176 37 47
176 38 44
176 39 46
176 40 45
176 41 43
176 42 43
176 43 34
176 44 44
176 45 41
176 46 44
176 47 44
176 48 49
176 49 50
176 50 44
176 51 43
176 52 45
176 53 46
176 54 22
176 55 23
176 56 43
176 57 47
176 58 42
176 59 44
176 60 46
176 61 45
176 62 46
176 63 42
176 64 43
176 65 22
176 66 24
176 67 43
176 68 48
176 69 46
176 70 40
176 71 48
176 72 41
176 73 40
176 74 42
176 75 40
176 76 43
176 77 19
176 78 47
176 79 48
176 80 47
176 81 44
176 82 45
176 83 42
176 84 31
176 85 22
176 86 26
176 87 26
176 88 33
176 89 44
176 90 45
176 91 49
176 92 48
176 93 49
176 94 43
176 95 27
176 96 16
176 97 19
176 98 26
176 99 20
176 100 42
176 101 44
176 102 48
176 103 45
176 104 44
176 105 43
176 106 41
176 107 20
176 108 21
176 109 25
176 110 22
176 111 43
176 112 47
176 113 46
176 114 45
176 115 46
176 116 43
176 117 45
176 118 15
176 119 20
176 120 20
176 121 22
201 1 43
201 2 44
201 3 43
201 4 44
201 5 43
201 6 41
201 7 45
201 8 37
201 9 22
201 10 20
201 11 35
201 12 46
201 13 45
201 14 46
201 15 46
201 16 48
201 17 49
201 18 47
201 19 33
201 20 26
201 21 42
201 22 44
201 23 33
201 24 38
201 25 47
201 26 43
201 27 47
201 28 49
201 29 44
201 30 37
201 31 42
201 32 39
201 33 39
201 34 39
201 35 33
201 36 43
201 37 46
201 38 45
201 39 45
201 40 42
201 41 40
201 42 39
201 43 28
201 44 41
201 45 45
201 46 47
201 47 47
201 48 49
201 49 44
201 50 46
201 51 45
201 52 42
201 53 40
201 54 26
201 55 22
201 56 44
201 57 44
201 58 44
201 59 43
201 60 44
201 61 44
201 62 43
201 63 45
201 64 40
201 65 18
201 66 26
201 67 44
201 68 45
201 69 41
201 70 41
201 71 43
201 72 47
201 73 42
201 74 40
201 75 41
201 76 40
201 77 21
201 78 43
201 79 46
201 80 45
201 81 43
201 82 44
201 83 43
201 84 27
201 85 21
201 86 20
201 87 23
201 88 21
201 89 47
201 90 48
201 91 42
201 92 45
201 93 44
201 94 41
201 95 20
201 96 22
201 97 22
201 98 20
201 99 30
201 100 43
201 101 50
201 102 47
201 103 47
201 104 47
201 105 41
201 106 40
201 107 20
201 108 20
201 109 21
201 110 29
201 111 40
201 112 43
201 113 49
201 114 46
201 115 44
201 116 41
201 117 41
201 118 20
201 119 21
201 120 22
201 121 18
226 1 41
226 2 41
226 3 46
226 4 41
226 5 48
226 6 39
226 7 45
226 8 42
226 9 21
226 10 18
226 11 24
226 12 45
226 13 46
226 14 42
226 15 45
226 16 48
226 17 41
226 18 41
226 19 37
226 20 25
226 21 43
226 22 41
226 23 21
226 24 26
226 25 43
226 26 47
226 27 49
226 28 45
226 29 40
226 30 42
226 31 46
226 32 41
226 33 45
226 34 43
226 35 37
226 36 48
226 37 47
226 38 48
226 39 48
226 40 47
226 41 45
226 42 44
226 43 24
226 44 40
226 45 43
226 46 46
226 47 44
226 48 45
226 49 46
226 50 45
226 51 47
226 52 41
226 53 41
226 54 25
226 55 29
226 56 39
226 57 45
226 58 39
226 59 42
226 60 41
226 61 42
226 62 46
226 63 43
226 64 42
226 65 16
226 66 22
226 67 41
226 68 43
226 69 46
226 70 45
226 71 46
226 72 42
226 73 40
226 74 40
226 75 43
226 76 39
226 77 38
226 78 42
226 79 41
226 80 45
226 81 46
226 82 44
226 83 44
226 84 28
226 85 25
226 86 25
226 87 23
226 88 18
226 89 42
226 90 43
226 91 46
226 92 42
226 93 39
226 94 42
226 95 31
226 96 20
226 97 13
226 98 20
226 99 30
226 100 41
226 101 45
226 102 47
226 103 44
226 104 44
226 105 44
226 106 40
226 107 20
226 108 22
226 109 22
226 110 26
226 111 42
226 112 43
226 113 45
226 114 47
226 115 47
226 116 43
226 117 44
226 118 32
226 119 21
226 120 18
226 121 30
251 1 44
251 2 47
251 3 51
251 4 48
251 5 42
251 6 36
251 7 42
251 8 40
251 9 22
251 10 20
251 11 19
251 12 42
251 13 46
251 14 47
251 15 49
251 16 48
251 17 44
251 18 43
251 19 37
251 20 21
251 21 42
251 22 40
251 23 24
251 24 30
251 25 48
251 26 48
251 27 46
251 28 45
251 29 45
251 30 44
251 31 43
251 32 44
251 33 41
251 34 43
251 35 44
251 36 48
251 37 49
251 38 46
251 39 49
251 40 47
251 41 44
251 42 40
251 43 30
251 44 43
251 45 41
251 46 41
251 47 46
251 48 47
251 49 48
251 50 45
251 51 45
251 52 44
251 53 41
251 54 21
251 55 27
251 56 41
251 57 44
251 58 46
251 59 52
251 60 53
251 61 45
251 62 45
251 63 47
251 64 41
251 65 21
251 66 19
251 67 41
251 68 42
251 69 46
251 70 47
251 71 47
251 72 43
251 73 44
251 74 43
251 75 42
251 76 40
251 77 16
251 78 45
251 79 46
251 80 46
251 81 46
251 82 44
251 83 42
251 84 20
251 85 26
251 86 30
251 87 25
251 88 21
251 89 44
251 90 47
251 91 47
251 92 47
251 93 42
251 94 45
251 95 23
251 96 23
251 97 19
251 98 23
251 99 18
251 100 42
251 101 47
251 102 43
251 103 47
251 104 45
251 105 42
251 106 41
251 107 24
251 108 21
251 109 21
251 110 24
251 111 43
251 112 43
251 113 45
251 114 47
251 115 42
251 116 46
251 117 42
251 118 27
251 119 13
251 120 20
251 121 20
276 1 45
276 2 45
276 3 43
276 4 43
276 5 50
276 6 45
276 7 42
276 8 42
276 9 26
276 10 20
276 11 26
276 12 44
276 13 41
276 14 41
276 15 48
276 16 42
276 17 44
276 18 43
276 19 35
276 20 32
276 21 44
276 22 40
276 23 20
276 24 28
276 25 41
276 26 43
276 27 44
276 28 48
276 29 47
276 30 41
276 31 43
276 32 43
276 33 43
276 34 40
276 35 31
276 36 44
276 37 45
276 38 47
276 39 48
276 40 47
276 41 45
276 42 40
276 43 32
276 44 39
276 45 42
276 46 42
276 47 44
276 48 46
276 49 47
276 50 47
276 51 46
276 52 45
276 53 41
276 54 20
276 55 22
276 56 47
276 57 45
276 58 48
276 59 45
276 60 49
276 61 48
276 62 49
276 63 44
276 64 38
276 65 21
276 66 20
276 67 42
276 68 42
276 69 46
276 70 50
276 71 47
276 72 43
276 73 45
276 74 43
276 75 41
276 76 41
276 77 28
276 78 45
276 79 44
276 80 46
276 81 44
276 82 45
276 83 43
276 84 28
276 85 22
276 86 26
276 87 19
276 88 29
276 89 42
276 90 46
276 91 45
276 92 45
276 93 43
276 94 42
276 95 37
276 96 17
276 97 10
276 98 22
276 99 20
276 100 39
276 101 40
276 102 43
276 103 46
276 104 45
276 105 44
276 106 44
276 107 18
276 108 20
276 109 21
276 110 21
276 111 44
276 112 43
276 113 43
276 114 47
276 115 42
276 116 45
276 117 41
276 118 24
276 119 20
276 120 20
276 121 28
301 1 43
301 2 44
301 3 48
301 4 48
301 5 46
301 6 39
301 7 44
301 8 40
301 9 24
301 10 24
301 11 32
301 12 43
301 13 47
301 14 47
301 15 48
301 16 43
301 17 41
301 18 43
301 19 31
301 20 29
301 21 41
301 22 40
301 23 21
301 24 24
301 25 43
301 26 46
301 27 43
301 28 44
301 29 46
301 30 43
301 31 42
301 32 43
301 33 43
301 34 43
301 35 35
301 36 41
301 37 46
301 38 44
301 39 48
301 40 45
301 41 46
301 42 44
301 43 27
301 44 43
301 45 45
301 46 44
301 47 42
301 48 45
301 49 45
301 50 46
301 51 46
301 52 46
301 53 41
301 54 30
301 55 18
301 56 42
301 57 47
301 58 48
301 59 47
301 60 44
301 61 46
301 62 46
301 63 41
301 64 43
301 65 31
301 66 27
301 67 40
301 68 45
301 69 45
301 70 47
301 71 43
301 72 45
301 73 44
301 74 39
301 75 41
301 76 40
301 77 30
301 78 47
301 79 44
301 80 44
301 81 45
301 82 46
301 83 44
301 84 36
301 85 31
301 86 20
301 87 21
301 88 22
301 89 46
301 90 46
301 91 47
301 92 46
301 93 43
301 94 44
301 95 23
301 96 18
301 97 20
301 98 27
301 99 30
301 100 43
301 101 47
301 102 45
301 103 43
301 104 45
301 105 46
301 106 40
301 107 18
301 108 20
301 109 20
301 110 30
301 111 44
301 112 44
301 113 45
301 114 48
301 115 47
301 116 45
301 117 40
301 118 23
301 119 10
301 120 20
301 121 28
326 1 49
326 2 46
326 3 48
326 4 47
326 5 46
326 6 39
326 7 42
326 8 42
326 9 26
326 10 25
326 11 26
326 12 41
326 13 46
326 14 44
326 15 46
326 16 44
326 17 45
326 18 41
326 19 28
326 20 26
326 21 39
326 22 42
326 23 21
326 24 28
326 25 42
326 26 45
326 27 47
326 28 48
326 29 43
326 30 43
326 31 39
326 32 41
326 33 41
326 34 43
326 35 31
326 36 47
326 37 47
326 38 46
326 39 45
326 40 44
326 41 44
326 42 43
326 43 21
326 44 38
326 45 41
326 46 42
326 47 44
326 48 45
326 49 47
326 50 47
326 51 45
326 52 46
326 53 43
326 54 20
326 55 21
326 56 47
326 57 48
326 58 46
326 59 44
326 60 44
326 61 40
326 62 45
326 63 43
326 64 37
326 65 21
326 66 18
326 67 44
326 68 46
326 69 43
326 70 46
326 71 43
326 72 43
326 73 42
326 74 43
326 75 40
326 76 41
326 77 30
326 78 44
326 79 50
326 80 48
326 81 42
326 82 42
326 83 41
326 84 20
326 85 21
326 86 22
326 87 20
326 88 26
326 89 43
326 90 48
326 91 47
326 92 47
326 93 43
326 94 45
326 95 27
326 96 21
326 97 21
326 98 22
326 99 21
326 100 45
326 101 52
326 102 46
326 103 48
326 104 46
326 105 43
326 106 40
326 107 19
326 108 25
326 109 14
326 110 24
326 111 44
326 112 43
326 113 43
326 114 47
326 115 43
326 116 43
326 117 42
326 118 25
326 119 22
326 120 22
326 121 20
351 1 40
351 2 49
351 3 43
351 4 45
351 5 47
351 6 41
351 7 42
351 8 40
351 9 18
351 10 21
351 11 24
351 12 40
351 13 44
351 14 43
351 15 46
351 16 45
351 17 44
351 18 42
351 19 18
351 20 18
351 21 40
351 22 40
351 23 20
351 24 33
351 25 41
351 26 42
351 27 47
351 28 44
351 29 46
351 30 41
351 31 40
351 32 43
351 33 42
351 34 41
351 35 41
351 36 43
351 37 47
351 38 45
351 39 50
351 40 44
351 41 44
351 42 41
351 43 26
351 44 42
351 45 42
351 46 43
351 47 45
351 48 49
351 49 43
351 50 47
351 51 51
351 52 44
351 53 46
351 54 16
351 55 22
351 56 39
351 57 43
351 58 45
351 59 42
351 60 43
351 61 43
351 62 46
351 63 45
351 64 41
351 65 23
351 66 25
351 67 46
351 68 47
351 69 50
351 70 43
351 71 45
351 72 44
351 73 44
351 74 39
351 75 46
351 76 38
351 77 23
351 78 45
351 79 43
351 80 41
351 81 44
351 82 44
351 83 44
351 84 25
351 85 30
351 86 23
351 87 19
351 88 27
351 89 41
351 90 43
351 91 48
351 92 47
351 93 47
351 94 41
351 95 20
351 96 21
351 97 19
351 98 20
351 99 16
351 100 47
351 101 42
351 102 45
351 103 43
351 104 43
351 105 43
351 106 41
351 107 24
351 108 15
351 109 20
351 110 22
351 111 43
351 112 45
351 113 44
351 114 45
351 115 45
351 116 41
351 117 42
351 118 22
351 119 21
351 120 18
351 121 21
376 1 43
376 2 47
376 3 47
376 4 45
376 5 49
376 6 43
376 7 41
376 8 41
376 9 22
376 10 21
376 11 28
376 12 45
376 13 46
376 14 43
376 15 45
376 16 49
376 17 45
376 18 43
376 19 39
376 20 21
376 21 42
376 22 42
376 23 19
376 24 40
376 25 45
376 26 45
376 27 46
376 28 45
376 29 45
376 30 41
376 31 42
376 32 41
376 33 38
376 34 45
376 35 42
376 36 43
376 37 43
376 38 51
376 39 43
376 40 43
376 41 44
376 42 43
376 43 31
376 44 44
376 45 43
376 46 47
376 47 44
376 48 46
376 49 49
376 50 47
376 51 47
376 52 48
376 53 44
376 54 20
376 55 19
376 56 40
376 57 44
376 58 45
376 59 46
376 60 50
376 61 49
376 62 47
376 63 46
376 64 43
376 65 30
376 66 28
376 67 43
376 68 45
376 69 45
376 70 47
376 71 49
376 72 48
376 73 41
376 74 42
376 75 40
376 76 39
376 77 25
376 78 44
376 79 47
376 80 44
376 81 44
376 82 45
376 83 44
376 84 35
376 85 27
376 86 23
376 87 19
376 88 23
376 89 48
376 90 46
376 91 48
376 92 44
376 93 46
376 94 46
376 95 27
376 96 30
376 97 21
376 98 22
376 99 29
376 100 43
376 101 44
376 102 46
376 103 47
376 104 42
376 105 41
376 106 44
376 107 20
376 108 19
376 109 21
376 110 22
376 111 42
376 112 42
376 113 44
376 114 46
376 115 45
376 116 45
376 117 44
376 118 27
376 119 24
376 120 17
376 121 19
401 1 41
401 2 44
401 3 43
401 4 45
401 5 46
401 6 45
401 7 42
401 8 40
401 9 19
401 10 24
401 11 19
401 12 42
401 13 44
401 14 44
401 15 45
401 16 47
401 17 44
401 18 41
401 19 22
401 20 32
401 21 42
401 22 40
401 23 21
401 24 30
401 25 43
401 26 45
401 27 44
401 28 42
401 29 44
401 30 43
401 31 44
401 32 40
401 33 39
401 34 41
401 35 40
401 36 46
401 37 48
401 38 46
401 39 45
401 40 46
401 41 42
401 42 43
401 43 24
401 44 40
401 45 43
401 46 45
401 47 46
401 48 46
401 49 45
401 50 43
401 51 42
401 52 42
401 53 40
401 54 27
401 55 25
401 56 44
401 57 43
401 58 48
401 59 44
401 60 48
401 61 43
401 62 47
401 63 45
401 64 44
401 65 22
401 66 27
401 67 47
401 68 49
401 69 45
401 70 46
401 71 49
401 72 44
401 73 43
401 74 42
401 75 39
401 76 37
401 77 31
401 78 44
401 79 46
401 80 48
401 81 46
401 82 50
401 83 44
401 84 35
401 85 25
401 86 20
401 87 20
401 88 26
401 89 46
401 90 45
401 91 46
401 92 47
401 93 48
401 94 43
401 95 25
401 96 22
401 97 19
401 98 20
401 99 21
401 100 42
401 101 45
401 102 50
401 103 45
401 104 41
401 105 45
401 106 42
401 107 21
401 108 21
401 109 11
401 110 27
401 111 38
401 112 45
401 113 46
401 114 47
401 115 42
401 116 44
401 117 40
401 118 24
401 119 22
401 120 20
401 121 27
426 1 43
426 2 45
426 3 46
426 4 44
426 5 44
426 6 43
426 7 42
426 8 40
426 9 20
426 10 21
426 11 26
426 12 39
426 13 44
426 14 41
426 15 42
426 16 46
426 17 45
426 18 45
426 19 19
426 20 25
426 21 40
426 22 41
426 23 26
426 24 30
426 25 44
426 26 45
426 27 46
426 28 43
426 29 44
426 30 44
426 31 43
426 32 41
426 33 42
426 34 42
426 35 40
426 36 46
426 37 47
426 38 48
426 39 47
426 40 43
426 41 44
426 42 45
426 43 26
426 44 42
426 45 40
426 46 46
426 47 44
426 48 49
426 49 46
426 50 47
426 51 45
426 52 43
426 53 40
426 54 29
426 55 25
426 56 46
426 57 45
426 58 46
426 59 45
426 60 43
426 61 45
426 62 44
426 63 40
426 64 42
426 65 18
426 66 15
426 67 43
426 68 47
426 69 45
426 70 40
426 71 45
426 72 44
426 73 39
426 74 40
426 75 46
426 76 37
426 77 22
426 78 43
426 79 48
426 80 44
426 81 45
426 82 44
426 83 46
426 84 23
426 85 32
426 86 21
426 87 22
426 88 19
426 89 41
426 90 44
426 91 45
426 92 44
426 93 42
426 94 44
426 95 20
426 96 24
426 97 17
426 98 18
426 99 23
426 100 41
426 101 45
426 102 49
426 103 46
426 104 42
426 105 42
426 106 40
426 107 19
426 108 19
426 109 20
426 110 27
426 111 42
426 112 42
426 113 47
426 114 45
426 115 45
426 116 44
426 117 45
426 118 26
426 119 18
426 120 18
426 121 23
451 1 45
451 2 47
451 3 43
451 4 44
451 5 44
451 6 28
451 7 45
451 8 40
451 9 17
451 10 18
451 11 20
451 12 41
451 13 42
451 14 41
451 15 45
451 16 42
451 17 39
451 18 41
451 19 21
451 20 20
451 21 41
451 22 41
451 23 20
451 24 34
451 25 42
451 26 46
451 27 46
451 28 46
451 29 42
451 30 40
451 31 42
451 32 40
451 33 41
451 34 43
451 35 36
451 36 45
451 37 42
451 38 47
451 39 44
451 40 45
451 41 42
451 42 43
451 43 22
451 44 43
451 45 40
451 46 48
451 47 43
451 48 43
451 49 46
451 50 44
451 51 41
451 52 42
451 53 40
451 54 17
451 55 22
451 56 43
451 57 42
451 58 41
451 59 43
451 60 44
451 61 41
451 62 41
451 63 41
451 64 41
451 65 21
451 66 20
451 67 40
451 68 46
451 69 48
451 70 43
451 71 44
451 72 44
451 73 42
451 74 39
451 75 43
451 76 38
451 77 25
451 78 40
451 79 47
451 80 45
451 81 45
451 82 43
451 83 44
451 84 27
451 85 22
451 86 18
451 87 21
451 88 25
451 89 39
451 90 44
451 91 45
451 92 47
451 93 45
451 94 42
451 95 19
451 96 21
451 97 13
451 98 23
451 99 28
451 100 47
451 101 46
451 102 49
451 103 46
451 104 47
451 105 42
451 106 39
451 107 21
451 108 22
451 109 22
451 110 27
451 111 43
451 112 42
451 113 41
451 114 43
451 115 45
451 116 45
451 117 41
451 118 27
451 119 20
451 120 19
451 121 16
476 1 40
476 2 42
476 3 47
476 4 46
476 5 43
476 6 27
476 7 44
476 8 34
476 9 26
476 10 22
476 11 23
476 12 40
476 13 40
476 14 45
476 15 47
476 16 46
476 17 43
476 18 42
476 19 29
476 20 21
476 21 41
476 22 46
476 23 23
476 24 25
476 25 42
476 26 48
476 27 45
476 28 43
476 29 41
476 30 40
476 31 40
476 32 44
476 33 43
476 34 40
476 35 37
476 36 42
476 37 45
476 38 45
476 39 47
476 40 43
476 41 40
476 42 39
476 43 25
476 44 43
476 45 40
476 46 40
476 47 40
476 48 44
476 49 44
476 50 48
476 51 45
476 52 41
476 53 39
476 54 20
476 55 32
476 56 43
476 57 43
476 58 44
476 59 44
476 60 46
476 61 45
476 62 42
476 63 44
476 64 42
476 65 20
476 66 19
476 67 39
476 68 42
476 69 41
476 70 45
476 71 41
476 72 46
476 73 43
476 74 37
476 75 38
476 76 40
476 77 20
476 78 41
476 79 42
476 80 45
476 81 42
476 82 45
476 83 41
476 84 15
476 85 23
476 86 12
476 87 22
476 88 22
476 89 43
476 90 39
476 91 41
476 92 47
476 93 48
476 94 41
476 95 26
476 96 20
476 97 20
476 98 15
476 99 16
476 100 39
476 101 42
476 102 45
476 103 42
476 104 47
476 105 39
476 106 38
476 107 24
476 108 18
476 109 11
476 110 23
476 111 42
476 112 41
476 113 44
476 114 41
476 115 43
476 116 42
476 117 41
476 118 20
476 119 24
476 120 20
476 121 20
501 1 40
501 2 39
501 3 42
501 4 44
501 5 45
501 6 39
501 7 42
501 8 41
501 9 26
501 10 27
501 11 19
501 12 40
501 13 43
501 14 40
501 15 45
501 16 41
501 17 45
501 18 42
501 19 30
501 20 29
501 21 40
501 22 46
501 23 18
501 24 18
501 25 45
501 26 44
501 27 45
501 28 46
501 29 42
501 30 45
501 31 40
501 32 37
501 33 43
501 34 41
501 35 27
501 36 43
501 37 45
501 38 46
501 39 47
501 40 45
501 41 41
501 42 37
501 43 25
501 44 43
501 45 42
501 46 43
501 47 46
501 48 44
501 49 43
501 50 44
501 51 44
501 52 45
501 53 41
501 54 26
501 55 21
501 56 40
501 57 44
501 58 40
501 59 42
501 60 45
501 61 44
501 62 41
501 63 41
501 64 42
501 65 26
501 66 19
501 67 42
501 68 40
501 69 42
501 70 44
501 71 43
501 72 43
501 73 43
501 74 44
501 75 42
501 76 40
501 77 18
501 78 38
501 79 43
501 80 44
501 81 44
501 82 42
501 83 42
501 84 21
501 85 22
501 86 19
501 87 14
501 88 31
501 89 42
501 90 44
501 91 44
501 92 45
501 93 42
501 94 41
501 95 29
501 96 20
501 97 21
501 98 22
501 99 27
501 100 43
501 101 44
501 102 46
501 103 46
501 104 43
501 105 41
501 106 40
501 107 21
501 108 20
501 109 20
501 110 18
501 111 41
501 112 46
501 113 46
501 114 43
501 115 45
501 116 45
501 117 41
501 118 18
501 119 17
501 120 25
501 121 20
526 1 46
526 2 44
526 3 45
526 4 46
526 5 43
526 6 41
526 7 39
526 8 40
526 9 26
526 10 21
526 11 21
526 12 41
526 13 44
526 14 46
526 15 43
526 16 45
526 17 40
526 18 44
526 19 33
526 20 29
526 21 39
526 22 42
526 23 21
526 24 32
526 25 46
526 26 46
526 27 44
526 28 43
526 29 43
526 30 44
526 31 43
526 32 41
526 33 38
526 34 39
526 35 33
526 36 46
526 37 44
526 38 47
526 39 41
526 40 43
526 41 43
526 42 43
526 43 27
526 44 39
526 45 43
526 46 43
526 47 42
526 48 45
526 49 39
526 50 44
526 51 45
526 52 44
526 53 38
526 54 27
526 55 23
526 56 42
526 57 43
526 58 49
526 59 43
526 60 39
526 61 41
526 62 41
526 63 39
526 64 40
526 65 22
526 66 22
526 67 42
526 68 43
526 69 43
526 70 42
526 71 43
526 72 50
526 73 45
526 74 40
526 75 35
526 76 40
526 77 28
526 78 44
526 79 43
526 80 43
526 81 43
526 82 42
526 83 43
526 84 26
526 85 18
526 86 21
526 87 23
526 88 25
526 89 41
526 90 43
526 91 42
526 92 44
526 93 37
526 94 41
526 95 21
526 96 20
526 97 18
526 98 20
526 99 19
526 100 45
526 101 44
526 102 46
526 103 40
526 104 40
526 105 39
526 106 41
526 107 20
526 108 29
526 109 19
526 110 21
526 111 45
526 112 43
526 113 46
526 114 43
526 115 44
526 116 43
526 117 40
526 118 20
526 119 20
526 120 22
526 121 31
551 1 45
551 2 47
551 3 43
551 4 49
551 5 42
551 6 37
551 7 41
551 8 37
551 9 21
551 10 21
551 11 24
551 12 45
551 13 44
551 14 48
551 15 48
551 16 44
551 17 41
551 18 39
551 19 26
551 20 26
551 21 42
551 22 39
551 23 20
551 24 25
551 25 48
551 26 44
551 27 43
551 28 44
551 29 41
551 30 39
551 31 40
551 32 43
551 33 45
551 34 40
551 35 33
551 36 48
551 37 45
551 38 47
551 39 46
551 40 44
551 41 40
551 42 44
551 43 28
551 44 42
551 45 42
551 46 43
551 47 48
551 48 47
551 49 48
551 50 43
551 51 43
551 52 45
551 53 44
551 54 21
551 55 22
551 56 40
551 57 44
551 58 45
551 59 43
551 60 47
551 61 42
551 62 42
551 63 41
551 64 37
551 65 21
551 66 14
551 67 44
551 68 45
551 69 46
551 70 46
551 71 45
551 72 43
551 73 39
551 74 44
551 75 40
551 76 38
551 77 21
551 78 41
551 79 45
551 80 44
551 81 45
551 82 40
551 83 42
551 84 26
551 85 18
551 86 20
551 87 20
551 88 26
551 89 44
551 90 42
551 91 46
551 92 44
551 93 45
551 94 43
551 95 32
551 96 15
551 97 26
551 98 19
551 99 22
551 100 37
551 101 44
551 102 44
551 103 45
551 104 46
551 105 39
551 106 41
551 107 25
551 108 21
551 109 21
551 110 19
551 111 39
551 112 44
551 113 45
551 114 45
551 115 45
551 116 41
551 117 39
551 118 22
551 119 20
551 120 25
551 121 14
576 1 41
576 2 47
576 3 40
576 4 45
576 5 43
576 6 42
576 7 39
576 8 42
576 9 19
576 10 21
576 11 27
576 12 43
576 13 45
576 14 47
576 15 48
576 16 48
576 17 41
576 18 44
576 19 23
576 20 23
576 21 39
576 22 40
576 23 20
576 24 31
576 25 44
576 26 45
576 27 49
576 28 42
576 29 45
576 30 42
576 31 46
576 32 40
576 33 43
576 34 41
576 35 32
576 36 44
576 37 46
576 38 48
576 39 48
576 40 47
576 41 46
576 42 46
576 43 32
576 44 45
576 45 37
576 46 44
576 47 47
576 48 48
576 49 48
576 50 51
576 51 43
576 52 45
576 53 41
576 54 22
576 55 27
576 56 45
576 57 43
576 58 44
576 59 45
576 60 43
576 61 46
576 62 41
576 63 47
576 64 42
576 65 26
576 66 26
576 67 44
576 68 41
576 69 44
576 70 47
576 71 47
576 72 45
576 73 44
576 74 39
576 75 41
576 76 40
576 77 29
576 78 42
576 79 45
576 80 45
576 81 44
576 82 43
576 83 43
576 84 29
576 85 20
576 86 18
576 87 27
576 88 22
576 89 44
576 90 45
576 91 48
576 92 46
576 93 46
576 94 44
576 95 24
576 96 18
576 97 23
576 98 19
576 99 21
576 100 41
576 101 44
576 102 47
576 103 41
576 104 46
576 105 43
576 106 40
576 107 21
576 108 19
576 109 23
576 110 18
576 111 47
576 112 47
576 113 46
576 114 41
576 115 42
576 116 41
576 117 42
576 118 27
576 119 21
576 120 19
576 121 19
601 1 44
601 2 42
601 3 49
601 4 49
601 5 47
601 6 38
601 7 42
601 8 40
601 9 23
601 10 20
601 11 28
601 12 44
601 13 45
601 14 45
601 15 46
601 16 45
601 17 44
601 18 39
601 19 32
601 20 20
601 21 40
601 22 40
601 23 24
601 24 37
601 25 47
601 26 45
601 27 49
601 28 48
601 29 43
601 30 44
601 31 43
601 32 40
601 33 42
601 34 40
601 35 33
601 36 42
601 37 48
601 38 45
601 39 44
601 40 46
601 41 46
601 42 42
601 43 30
601 44 40
601 45 43
601 46 43
601 47 42
601 48 50
601 49 46
601 50 43
601 51 46
601 52 47
601 53 41
601 54 25
601 55 32
601 56 44
601 57 44
601 58 43
601 59 48
601 60 47
601 61 48
601 62 46
601 63 45
601 64 42
601 65 36
601 66 21
601 67 44
601 68 45
601 69 44
601 70 46
601 71 48
601 72 45
601 73 45
601 74 37
601 75 40
601 76 43
601 77 26
601 78 43
601 79 42
601 80 45
601 81 46
601 82 48
601 83 44
601 84 27
601 85 20
601 86 27
601 87 18
601 88 24
601 89 37
601 90 47
601 91 42
601 92 46
601 93 49
601 94 46
601 95 33
601 96 20
601 97 21
601 98 21
601 99 20
601 100 42
601 101 43
601 102 48
601 103 51
601 104 50
601 105 45
601 106 42
601 107 22
601 108 19
601 109 19
601 110 24
601 111 45
601 112 44
601 113 46
601 114 43
601 115 47
601 116 44
601 117 44
601 118 28
601 119 18
601 120 21
601 121 22
626 1 42
626 2 45
626 3 47
626 4 46
626 5 44
626 6 42
626 7 42
626 8 40
626 9 24
626 10 20
626 11 19
626 12 45
626 13 42
626 14 48
626 15 44
626 16 46
626 17 40
626 18 44
626 19 28
626 20 29
626 21 41
626 22 41
626 23 27
626 24 36
626 25 48
626 26 49
626 27 46
626 28 46
626 29 48
626 30 41
626 31 43
626 32 43
626 33 41
626 34 45
626 35 39
626 36 42
626 37 44
626 38 43
626 39 49
626 40 46
626 41 40
626 42 45
626 43 17
626 44 42
626 45 46
626 46 43
626 47 47
626 48 46
626 49 43
626 50 44
626 51 44
626 52 46
626 53 40
626 54 21
626 55 19
626 56 44
626 57 48
626 58 49
626 59 47
626 60 42
626 61 43
626 62 45
626 63 45
626 64 45
626 65 20
626 66 21
626 67 44
626 68 49
626 69 47
626 70 47
626 71 44
626 72 46
626 73 42
626 74 44
626 75 43
626 76 41
626 77 13
626 78 44
626 79 47
626 80 46
626 81 42
626 82 44
626 83 44
626 84 20
626 85 25
626 86 19
626 87 18
626 88 30
626 89 43
626 90 46
626 91 45
626 92 45
626 93 45
626 94 42
626 95 24
626 96 22
626 97 21
626 98 18
626 99 20
626 100 47
626 101 46
626 102 45
626 103 45
626 104 42
626 105 44
626 106 40
626 107 18
626 108 20
626 109 21
626 110 27
626 111 45
626 112 50
626 113 46
626 114 47
626 115 40
626 116 43
626 117 42
626 118 24
626 119 20
626 120 18
626 121 23
651 1 46
651 2 43
651 3 46
651 4 43
651 5 41
651 6 40
651 7 45
651 8 37
651 9 22
651 10 26
651 11 31
651 12 42
651 13 44
651 14 44
651 15 43
651 16 44
651 17 42
651 18 45
651 19 31
651 20 20
651 21 41
651 22 40
651 23 13
651 24 26
651 25 42
651 26 46
651 27 42
651 28 44
651 29 45
651 30 45
651 31 44
651 32 41
651 33 39
651 34 41
651 35 31
651 36 45
651 37 50
651 38 46
651 39 43
651 40 46
651 41 43
651 42 40
651 43 25
651 44 45
651 45 43
651 46 46
651 47 51
651 48 43
651 49 43
651 50 43
651 51 43
651 52 45
651 53 43
651 54 18
651 55 18
651 56 38
651 57 43
651 58 46
651 59 48
651 60 46
651 61 49
651 62 45
651 63 43
651 64 43
651 65 24
651 66 23
651 67 41
651 68 44
651 69 45
651 70 45
651 71 46
651 72 41
651 73 41
651 74 45
651 75 41
651 76 38
651 77 27
651 78 40
651 79 42
651 80 47
651 81 43
651 82 48
651 83 45
651 84 32
651 85 20
651 86 27
651 87 19
651 88 26
651 89 46
651 90 45
651 91 45
651 92 45
651 93 48
651 94 47
651 95 32
651 96 23
651 97 17
651 98 22
651 99 20
651 100 46
651 101 44
651 102 44
651 103 49
651 104 44
651 105 46
651 106 40
651 107 26
651 108 21
651 109 20
651 110 29
651 111 43
651 112 46
651 113 47
651 114 46
651 115 43
651 116 43
651 117 45
651 118 27
651 119 20
651 120 19
651 121 19
676 1 39
676 2 42
676 3 43
676 4 45
676 5 42
676 6 42
676 7 44
676 8 41
676 9 20
676 10 18
676 11 22
676 12 42
676 13 44
676 14 44
676 15 46
676 16 48
676 17 47
676 18 40
676 19 22
676 20 23
676 21 41
676 22 41
676 23 18
676 24 32
676 25 48
676 26 48
676 27 50
676 28 45
676 29 43
676 30 42
676 31 39
676 32 38
676 33 40
676 34 41
676 35 33
676 36 45
676 37 46
676 38 48
676 39 46
676 40 44
676 41 45
676 42 41
676 43 22
676 44 39
676 45 42
676 46 46
676 47 45
676 48 47
676 49 51
676 50 44
676 51 49
676 52 40
676 53 42
676 54 18
676 55 21
676 56 44
676 57 40
676 58 41
676 59 50
676 60 44
676 61 46
676 62 43
676 63 43
676 64 41
676 65 20
676 66 19
676 67 45
676 68 46
676 69 46
676 70 47
676 71 48
676 72 43
676 73 41
676 74 39
676 75 44
676 76 38
676 77 19
676 78 41
676 79 42
676 80 43
676 81 45
676 82 48
676 83 40
676 84 25
676 85 20
676 86 23
676 87 20
676 88 20
676 89 41
676 90 45
676 91 45
676 92 49
676 93 46
676 94 40
676 95 21
676 96 21
676 97 14
676 98 22
676 99 20
676 100 42
676 101 47
676 102 43
676 103 44
676 104 41
676 105 42
676 106 40
676 107 25
676 108 21
676 109 20
676 110 23
676 111 42
676 112 41
676 113 44
676 114 49
676 115 44
676 116 41
676 117 41
676 118 22
676 119 15
676 120 23
676 121 19
701 1 42
701 2 43
701 3 47
701 4 47
701 5 46
701 6 38
701 7 45
701 8 44
701 9 24
701 10 16
701 11 22
701 12 42
701 13 46
701 14 47
701 15 47
701 16 44
701 17 41
701 18 47
701 19 39
701 20 30
701 21 40
701 22 44
701 23 21
701 24 38
701 25 43
701 26 48
701 27 45
701 28 49
701 29 45
701 30 44
701 31 48
701 32 42
701 33 45
701 34 41
701 35 36
701 36 46
701 37 51
701 38 47
701 39 49
701 40 46
701 41 46
701 42 45
701 43 24
701 44 38
701 45 43
701 46 48
701 47 46
701 48 49
701 49 48
701 50 44
701 51 44
701 52 44
701 53 41
701 54 26
701 55 21
701 56 39
701 57 44
701 58 48
701 59 42
701 60 43
701 61 45
701 62 42
701 63 42
701 64 40
701 65 20
701 66 16
701 67 38
701 68 46
701 69 43
701 70 41
701 71 45
701 72 43
701 73 44
701 74 41
701 75 40
701 76 38
701 77 22
701 78 44
701 79 46
701 80 48
701 81 45
701 82 45
701 83 42
701 84 29
701 85 24
701 86 22
701 87 19
701 88 23
701 89 43
701 90 45
701 91 43
701 92 40
701 93 45
701 94 44
701 95 21
701 96 19
701 97 18
701 98 13
701 99 23
701 100 43
701 101 44
701 102 46
701 103 46
701 104 46
701 105 43
701 106 44
701 107 23
701 108 18
701 109 21
701 110 13
701 111 39
701 112 42
701 113 41
701 114 45
701 115 45
701 116 46
701 117 42
701 118 23
701 119 18
701 120 19
701 121 28
726 1 40
726 2 44
726 3 46
726 4 45
726 5 45
726 6 41
726 7 41
726 8 39
726 9 31
726 10 22
726 11 25
726 12 45
726 13 49
726 14 44
726 15 44
726 16 47
726 17 45
726 18 44
726 19 21
726 20 20
726 21 41
726 22 41
726 23 22
726 24 37
726 25 44
726 26 42
726 27 44
726 28 48
726 29 45
726 30 46
726 31 45
726 32 39
726 33 41
726 34 37
726 35 37
726 36 47
726 37 48
726 38 49
726 39 44
726 40 43
726 41 40
726 42 43
726 43 23
726 44 38
726 45 41
726 46 42
726 47 44
726 48 43
726 49 44
726 50 44
726 51 45
726 52 44
726 53 43
726 54 19
726 55 25
726 56 39
726 57 44
726 58 49
726 59 44
726 60 45
726 61 42
726 62 46
726 63 44
726 64 43
726 65 25
726 66 26
726 67 40
726 68 48
726 69 48
726 70 41
726 71 43
726 72 45
726 73 44
726 74 46
726 75 44
726 76 38
726 77 29
726 78 42
726 79 46
726 80 44
726 81 47
726 82 43
726 83 44
726 84 27
726 85 16
726 86 20
726 87 24
726 88 22
726 89 44
726 90 41
726 91 47
726 92 47
726 93 40
726 94 41
726 95 26
726 96 22
726 97 17
726 98 20
726 99 20
726 100 40
726 101 44
726 102 44
726 103 40
726 104 42
726 105 42
726 106 40
726 107 20
726 108 19
726 109 16
726 110 20
726 111 41
726 112 43
726 113 42
726 114 47
726 115 44
726 116 44
726 117 42
726 118 19
726 119 20
726 120 22
726 121 29
751 1 42
751 2 42
751 3 46
751 4 44
751 5 42
751 6 42
751 7 48
751 8 41
751 9 17
751 10 24
751 11 21
751 12 40
751 13 43
751 14 46
751 15 43
751 16 45
751 17 47
751 18 43
751 19 23
751 20 18
751 21 40
751 22 40
751 23 20
751 24 36
751 25 45
751 26 44
751 27 44
751 28 46
751 29 43
751 30 40
751 31 39
751 32 42
751 33 41
751 34 40
751 35 33
751 36 45
751 37 48
751 38 46
751 39 47
751 40 44
751 41 44
751 42 38
751 43 20
751 44 38
751 45 40
751 46 47
751 47 44
751 48 51
751 49 48
751 50 46
751 51 44
751 52 42
751 53 39
751 54 26
751 55 25
751 56 45
751 57 43
751 58 43
751 59 47
751 60 46
751 61 46
751 62 44
751 63 41
751 64 40
751 65 18
751 66 20
751 67 43
751 68 42
751 69 42
751 70 42
751 71 41
751 72 43
751 73 42
751 74 44
751 75 38
751 76 38
751 77 19
751 78 41
751 79 47
751 80 44
751 81 44
751 82 40
751 83 41
751 84 20
751 85 23
751 86 24
751 87 20
751 88 18
751 89 44
751 90 49
751 91 45
751 92 48
751 93 42
751 94 43
751 95 21
751 96 21
751 97 16
751 98 18
751 99 26
751 100 46
751 101 46
751 102 46
751 103 48
751 104 44
751 105 47
751 106 42
751 107 20
751 108 23
751 109 21
751 110 15
751 111 51
751 112 45
751 113 47
751 114 46
751 115 42
751 116 42
751 117 43
751 118 24
751 119 21
751 120 19
751 121 25
776 1 43
776 2 51
776 3 44
776 4 47
776 5 44
776 6 43
776 7 44
776 8 36
776 9 26
776 10 22
776 11 28
776 12 40
776 13 41
776 14 47
776 15 44
776 16 45
776 17 43
776 18 46
776 19 18
776 20 24
776 21 41
776 22 39
776 23 28
776 24 21
776 25 42
776 26 45
776 27 46
776 28 45
776 29 42
776 30 42
776 31 40
776 32 43
776 33 41
776 34 38
776 35 31
776 36 46
776 37 46
776 38 44
776 39 45
776 40 45
776 41 40
776 42 37
776 43 24
776 44 42
776 45 41
776 46 44
776 47 43
776 48 46
776 49 46
776 50 46
776 51 40
776 52 39
776 53 42
776 54 18
776 55 20
776 56 42
776 57 44
776 58 42
776 59 45
776 60 45
776 61 48
776 62 47
776 63 44
776 64 41
776 65 22
776 66 21
776 67 45
776 68 45
776 69 48
776 70 49
776 71 43
776 72 47
776 73 42
776 74 39
776 75 45
776 76 39
776 77 20
776 78 47
776 79 44
776 80 48
776 81 47
776 82 44
776 83 41
776 84 16
776 85 23
776 86 19
776 87 16
776 88 17
776 89 45
776 90 46
776 91 45
776 92 43
776 93 46
776 94 41
776 95 21
776 96 16
776 97 16
776 98 17
776 99 22
776 100 42
776 101 43
776 102 44
776 103 48
776 104 45
776 105 46
776 106 44
776 107 21
776 108 9
776 109 18
776 110 20
776 111 47
776 112 40
776 113 45
776 114 46
776 115 49
776 116 40
776 117 42
776 118 18
776 119 18
776 120 21
776 121 28
801 1 44
801 2 43
801 3 43
801 4 47
801 5 43
801 6 39
801 7 39
801 8 43
801 9 19
801 10 19
801 11 27
801 12 44
801 13 46
801 14 40
801 15 45
801 16 44
801 17 45
801 18 45
801 19 18
801 20 21
801 21 40
801 22 38
801 23 24
801 24 28
801 25 44
801 26 47
801 27 45
801 28 44
801 29 44
801 30 45
801 31 41
801 32 39
801 33 39
801 34 45
801 35 40
801 36 41
801 37 45
801 38 41
801 39 45
801 40 44
801 41 42
801 42 41
801 43 30
801 44 40
801 45 39
801 46 43
801 47 44
801 48 42
801 49 46
801 50 44
801 51 42
801 52 42
801 53 41
801 54 26
801 55 21
801 56 41
801 57 45
801 58 44
801 59 43
801 60 47
801 61 47
801 62 46
801 63 44
801 64 39
801 65 20
801 66 27
801 67 45
801 68 44
801 69 44
801 70 45
801 71 47
801 72 47
801 73 41
801 74 40
801 75 39
801 76 40
801 77 26
801 78 44
801 79 45
801 80 47
801 81 48
801 82 45
801 83 40
801 84 29
801 85 20
801 86 21
801 87 17
801 88 24
801 89 47
801 90 47
801 91 44
801 92 47
801 93 47
801 94 40
801 95 29
801 96 19
801 97 21
801 98 24
801 99 19
801 100 41
801 101 42
801 102 45
801 103 46
801 104 49
801 105 44
801 106 40
801 107 21
801 108 17
801 109 21
801 110 23
801 111 45
801 112 46
801 113 44
801 114 45
801 115 44
801 116 38
801 117 40
801 118 17
801 119 20
801 120 20
801 121 15
826 1 44
826 2 41
826 3 47
826 4 44
826 5 44
826 6 44
826 7 39
826 8 38
826 9 21
826 10 23
826 11 20
826 12 43
826 13 47
826 14 46
826 15 48
826 16 44
826 17 43
826 18 42
826 19 35
826 20 24
826 21 42
826 22 40
826 23 20
826 24 36
826 25 38
826 26 49
826 27 45
826 28 43
826 29 47
826 30 45
826 31 43
826 32 41
826 33 41
826 34 45
826 35 43
826 36 43
826 37 45
826 38 42
826 39 43
826 40 41
826 41 45
826 42 39
826 43 30
826 44 42
826 45 41
826 46 46
826 47 45
826 48 45
826 49 45
826 50 46
826 51 44
826 52 41
826 53 34
826 54 19
826 55 29
826 56 43
826 57 45
826 58 43
826 59 46
826 60 43
826 61 43
826 62 41
826 63 43
826 64 40
826 65 19
826 66 20
826 67 43
826 68 47
826 69 46
826 70 47
826 71 44
826 72 44
826 73 43
826 74 41
826 75 42
826 76 39
826 77 19
826 78 43
826 79 48
826 80 47
826 81 50
826 82 45
826 83 41
826 84 23
826 85 21
826 86 20
826 87 19
826 88 18
826 89 44
826 90 41
826 91 42
826 92 43
826 93 43
826 94 42
826 95 22
826 96 29
826 97 18
826 98 20
826 99 16
826 100 43
826 101 46
826 102 50
826 103 49
826 104 46
826 105 42
826 106 41
826 107 21
826 108 18
826 109 17
826 110 25
826 111 45
826 112 47
826 113 48
826 114 48
826 115 43
826 116 43
826 117 41
826 118 26
826 119 21
826