1 4954
26 4371
51 4381
76 4373
101 4352
126 4409
151 4470
176 4376
201 4444
226 4448
251 4394
276 4445
301 4388
326 4401
351 4354
376 4420
401 4430
426 4408
451 4422
476 4506
501 4471
526 4401
551 4463
576 4417
601 4390
626 4323
651 4393
676 4407
701 4396
726 4418
751 4470
776 4354
801 4388
826 4399
851 4355
876 4398
901 4421
926 4366
951 4417
976 4458
1001 4418
1026 4400
1051 4341
1076 4350
1101 4395
1126 4465
1151 4499
1176 4425
1201 4439
1226 4403
1251 4361
1276 4405
1301 4397
1326 4375
1351 4453
1376 4336
1401 4381
1426 4451
1451 4465
1476 4454
1501 4408
1526 4378
1551 4418
1576 4471
1601 4362
1626 4414
1651 4473
1676 4400
1701 4458
1726 4407
1751 4416
1776 4461
1801 4429
1826 4421
1851 4405
1876 4432
1901 4394
1926 4386
1951 4377
1976 4402
