1 1 0
1 2 0
1 3 37
1 4 0
1 5 0
1 6 0
1 7 0
1 8 2
1 9 58
1 10 0
1 11 69
1 12 2
1 13 101
1 14 13
1 15 3
1 16 0
1 17 0
1 18 191
1 19 0
1 20 40
1 21 0
1 22 0
1 23 6
1 24 0
1 25 56
1 26 690
1 27 0
1 28 20
1 29 0
1 30 277
1 31 47
1 32 0
1 33 16
1 34 26
1 35 68
1 36 0
1 37 32
1 38 57
1 39 19
1 40 72
1 41 111
1 42 21
1 43 0
1 44 269
1 45 0
1 46 39
1 47 88
1 48 174
1 49 125
1 50 0
1 51 0
1 52 0
1 53 205
1 54 79
1 55 0
1 56 0
1 57 0
1 58 1
1 59 36
1 60 0
1 61 532
1 62 0
1 63 106
1 64 176
1 65 0
1 66 0
1 67 0
1 68 5
1 69 0
1 70 0
1 71 82
1 72 4
1 73 0
1 74 0
1 75 0
1 76 0
1 77 0
1 78 0
1 79 0
1 80 0
1 81 0
1 82 0
1 83 17
1 84 5
1 85 74
1 86 102
1 87 0
1 88 0
1 89 0
1 90 281
1 91 57
1 92 57
1 93 0
1 94 24
1 95 0
26 1 0
26 2 15
26 3 0
26 4 0
26 5 0
26 6 0
26 7 1
26 8 0
26 9 32
26 10 0
26 11 65
26 12 0
26 13 59
26 14 3
26 15 24
26 16 0
26 17 0
26 18 127
26 19 0
26 20 13
26 21 0
26 22 0
26 23 0
26 24 0
26 25 28
26 26 479
26 27 0
26 28 15
26 29 22
26 30 157
26 31 41
26 32 0
26 33 17
26 34 11
26 35 39
26 36 0
26 37 0
26 38 53
26 39 21
26 40 58
26 41 59
26 42 26
26 43 0
26 44 145
26 45 0
26 46 37
26 47 62
26 48 60
26 49 99
26 50 0
26 51 2
26 52 0
26 53 125
26 54 17
26 55 0
26 56 0
26 57 11
26 58 0
26 59 40
26 60 0
26 61 285
26 62 5
26 63 88
26 64 118
26 65 0
26 66 0
26 67 21
26 68 8
26 69 0
26 70 14
26 71 84
26 72 0
26 73 0
26 74 0
26 75 0
26 76 16
26 77 0
26 78 18
26 79 0
26 80 0
26 81 0
26 82 0
26 83 10
26 84 0
26 85 63
26 86 87
26 87 0
26 88 0
26 89 18
26 90 162
26 91 85
26 92 0
26 93 0
26 94 42
26 95 0
51 1 0
51 2 11
51 3 1
51 4 1
51 5 0
51 6 0
51 7 0
51 8 14
51 9 36
51 10 0
51 11 49
51 12 0
51 13 36
51 14 0
51 15 56
51 16 17
51 17 0
51 18 132
51 19 0
51 20 5
51 21 20
51 22 0
51 23 0
51 24 0
51 25 1
51 26 466
51 27 0
51 28 22
51 29 20
51 30 155
51 31 45
51 32 0
51 33 12
51 34 0
51 35 43
51 36 0
51 37 1
51 38 41
51 39 50
51 40 67
51 41 49
51 42 28
51 43 0
51 44 167
51 45 0
51 46 42
51 47 62
51 48 52
51 49 92
51 50 0
51 51 20
51 52 0
51 53 124
51 54 7
51 55 0
51 56 0
51 57 40
51 58 0
51 59 32
51 60 0
51 61 294
51 62 5
51 63 51
51 64 94
51 65 0
51 66 0
51 67 26
51 68 10
51 69 0
51 70 15
51 71 69
51 72 0
51 73 0
51 74 0
51 75 0
51 76 18
51 77 0
51 78 16
51 79 22
51 80 0
51 81 0
51 82 15
51 83 16
51 84 37
51 85 69
51 86 79
51 87 0
51 88 2
51 89 23
51 90 167
51 91 79
51 92 0
51 93 0
51 94 46
51 95 0
76 1 0
76 2 12
76 3 0
76 4 17
76 5 0
76 6 0
76 7 20
76 8 11
76 9 29
76 10 20
76 11 39
76 12 0
76 13 37
76 14 0
76 15 15
76 16 18
76 17 0
76 18 142
76 19 0
76 20 0
76 21 20
76 22 1
76 23 0
76 24 0
76 25 0
76 26 427
76 27 0
76 28 20
76 29 19
76 30 163
76 31 53
76 32 27
76 33 23
76 34 1
76 35 41
76 36 0
76 37 0
76 38 68
76 39 47
76 40 62
76 41 45
76 42 26
76 43 0
76 44 194
76 45 0
76 46 39
76 47 54
76 48 56
76 49 99
76 50 17
76 51 20
76 52 0
76 53 115
76 54 9
76 55 3
76 56 0
76 57 39
76 58 0
76 59 37
76 60 0
76 61 284
76 62 0
76 63 56
76 64 104
76 65 0
76 66 0
76 67 18
76 68 12
76 69 4
76 70 16
76 71 58
76 72 0
76 73 0
76 74 9
76 75 1
76 76 16
76 77 28
76 78 21
76 79 20
76 80 0
76 81 17
76 82 22
76 83 14
76 84 36
76 85 38
76 86 79
76 87 0
76 88 0
76 89 19
76 90 210
76 91 81
76 92 1
76 93 0
76 94 37
76 95 0
101 1 0
101 2 11
101 3 42
101 4 16
101 5 0
101 6 0
101 7 25
101 8 12
101 9 32
101 10 24
101 11 41
101 12 0
101 13 40
101 14 0
101 15 27
101 16 14
101 17 0
101 18 141
101 19 0
101 20 0
101 21 14
101 22 0
101 23 0
101 24 0
101 25 0
101 26 415
101 27 0
101 28 15
101 29 21
101 30 166
101 31 83
101 32 9
101 33 13
101 34 0
101 35 37
101 36 0
101 37 0
101 38 54
101 39 32
101 40 73
101 41 94
101 42 7
101 43 0
101 44 178
101 45 0
101 46 50
101 47 61
101 48 38
101 49 94
101 50 19
101 51 14
101 52 0
101 53 113
101 54 10
101 55 21
101 56 0
101 57 39
101 58 0
101 59 31
101 60 0
101 61 304
101 62 3
101 63 51
101 64 108
101 65 11
101 66 0
101 67 26
101 68 13
101 69 0
101 70 17
101 71 62
101 72 0
101 73 0
101 74 10
101 75 4
101 76 23
101 77 19
101 78 18
101 79 22
101 80 7
101 81 19
101 82 21
101 83 20
101 84 43
101 85 48
101 86 74
101 87 0
101 88 0
101 89 17
101 90 188
101 91 43
101 92 11
101 93 2
101 94 36
101 95 0
126 1 0
126 2 15
126 3 38
126 4 23
126 5 0
126 6 0
126 7 36
126 8 16
126 9 38
126 10 21
126 11 38
126 12 0
126 13 38
126 14 0
126 15 23
126 16 12
126 17 10
126 18 113
126 19 0
126 20 0
126 21 22
126 22 1
126 23 0
126 24 1
126 25 0
126 26 464
126 27 0
126 28 18
126 29 21
126 30 156
126 31 83
126 32 10
126 33 13
126 34 0
126 35 24
126 36 0
126 37 0
126 38 50
126 39 1
126 40 74
126 41 94
126 42 0
126 43 13
126 44 187
126 45 0
126 46 41
126 47 55
126 48 41
126 49 87
126 50 11
126 51 21
126 52 0
126 53 125
126 54 11
126 55 34
126 56 0
126 57 41
126 58 1
126 59 31
126 60 0
126 61 296
126 62 0
126 63 51
126 64 108
126 65 30
126 66 0
126 67 29
126 68 0
126 69 23
126 70 11
126 71 90
126 72 0
126 73 0
126 74 2
126 75 11
126 76 18
126 77 20
126 78 35
126 79 23
126 80 20
126 81 13
126 82 17
126 83 3
126 84 34
126 85 62
126 86 77
126 87 1
126 88 0
126 89 19
126 90 177
126 91 10
126 92 16
126 93 1
126 94 22
126 95 0
151 1 17
151 2 16
151 3 36
151 4 21
151 5 0
151 6 0
151 7 45
151 8 5
151 9 40
151 10 19
151 11 38
151 12 1
151 13 38
151 14 0
151 15 22
151 16 11
151 17 11
151 18 137
151 19 0
151 20 0
151 21 20
151 22 0
151 23 0
151 24 0
151 25 0
151 26 458
151 27 7
151 28 23
151 29 17
151 30 152
151 31 66
151 32 10
151 33 14
151 34 0
151 35 1
151 36 0
151 37 0
151 38 48
151 39 0
151 40 75
151 41 100
151 42 0
151 43 10
151 44 191
151 45 0
151 46 55
151 47 45
151 48 52
151 49 105
151 50 18
151 51 18
151 52 2
151 53 121
151 54 1
151 55 34
151 56 0
151 57 41
151 58 0
151 59 33
151 60 0
151 61 309
151 62 21
151 63 51
151 64 91
151 65 49
151 66 0
151 67 16
151 68 1
151 69 18
151 70 14
151 71 68
151 72 0
151 73 0
151 74 0
151 75 18
151 76 22
151 77 43
151 78 39
151 79 29
151 80 21
151 81 21
151 82 45
151 83 1
151 84 32
151 85 53
151 86 66
151 87 0
151 88 0
151 89 20
151 90 176
151 91 0
151 92 17
151 93 0
151 94 35
151 95 0
176 1 23
176 2 8
176 3 41
176 4 23
176 5 1
176 6 0
176 7 40
176 8 24
176 9 31
176 10 21
176 11 39
176 12 0
176 13 38
176 14 0
176 15 31
176 16 20
176 17 11
176 18 132
176 19 0
176 20 0
176 21 11
176 22 1
176 23 0
176 24 0
176 25 0
176 26 476
176 27 1
176 28 20
176 29 20
176 30 179
176 31 76
176 32 11
176 33 16
176 34 0
176 35 0
176 36 0
176 37 0
176 38 48
176 39 0
176 40 70
176 41 85
176 42 0
176 43 10
176 44 196
176 45 12
176 46 79
176 47 43
176 48 66
176 49 93
176 50 11
176 51 21
176 52 1
176 53 121
176 54 2
176 55 40
176 56 2
176 57 41
176 58 0
176 59 39
176 60 0
176 61 313
176 62 18
176 63 45
176 64 106
176 65 44
176 66 0
176 67 15
176 68 0
176 69 17
176 70 18
176 71 62
176 72 0
176 73 0
176 74 0
176 75 19
176 76 13
176 77 39
176 78 32
176 79 26
176 80 21
176 81 23
176 82 42
176 83 4
176 84 55
176 85 53
176 86 41
176 87 0
176 88 0
176 89 17
176 90 164
176 91 1
176 92 31
176 93 0
176 94 40
176 95 0
201 1 19
201 2 13
201 3 39
201 4 40
201 5 0
201 6 17
201 7 38
201 8 14
201 9 37
201 10 20
201 11 38
201 12 0
201 13 41
201 14 0
201 15 34
201 16 23
201 17 10
201 18 143
201 19 0
201 20 0
201 21 0
201 22 0
201 23 0
201 24 1
201 25 0
201 26 493
201 27 0
201 28 22
201 29 36
201 30 178
201 31 61
201 32 6
201 33 16
201 34 0
201 35 0
201 36 0
201 37 2
201 38 42
201 39 0
201 40 59
201 41 80
201 42 0
201 43 12
201 44 195
201 45 12
201 46 71
201 47 51
201 48 57
201 49 96
201 50 21
201 51 23
201 52 0
201 53 125
201 54 0
201 55 35
201 56 0
201 57 41
201 58 1
201 59 39
201 60 0
201 61 328
201 62 12
201 63 40
201 64 102
201 65 39
201 66 0
201 67 6
201 68 0
201 69 9
201 70 24
201 71 63
201 72 0
201 73 1
201 74 0
201 75 20
201 76 16
201 77 41
201 78 33
201 79 22
201 80 18
201 81 20
201 82 23
201 83 28
201 84 44
201 85 67
201 86 43
201 87 0
201 88 0
201 89 20
201 90 161
201 91 1
201 92 42
201 93 0
201 94 17
201 95 17
226 1 20
226 2 8
226 3 34
226 4 28
226 5 0
226 6 26
226 7 69
226 8 9
226 9 9
226 10 20
226 11 41
226 12 0
226 13 38
226 14 0
226 15 36
226 16 17
226 17 9
226 18 140
226 19 0
226 20 0
226 21 0
226 22 0
226 23 0
226 24 0
226 25 1
226 26 462
226 27 1
226 28 30
226 29 41
226 30 175
226 31 50
226 32 11
226 33 13
226 34 0
226 35 0
226 36 0
226 37 0
226 38 46
226 39 0
226 40 69
226 41 83
226 42 0
226 43 24
226 44 206
226 45 0
226 46 74
226 47 35
226 48 52
226 49 105
226 50 12
226 51 38
226 52 10
226 53 119
226 54 3
226 55 32
226 56 0
226 57 34
226 58 0
226 59 32
226 60 0
226 61 332
226 62 10
226 63 41
226 64 102
226 65 49
226 66 0
226 67 0
226 68 0
226 69 5
226 70 28
226 71 62
226 72 0
226 73 0
226 74 0
226 75 20
226 76 10
226 77 47
226 78 32
226 79 20
226 80 20
226 81 20
226 82 23
226 83 30
226 84 41
226 85 90
226 86 55
226 87 1
226 88 0
226 89 18
226 90 165
226 91 0
226 92 48
226 93 0
226 94 13
226 95 12
251 1 15
251 2 14
251 3 71
251 4 34
251 5 0
251 6 18
251 7 67
251 8 11
251 9 13
251 10 23
251 11 43
251 12 1
251 13 33
251 14 0
251 15 27
251 16 27
251 17 10
251 18 120
251 19 0
251 20 0
251 21 0
251 22 0
251 23 0
251 24 0
251 25 1
251 26 473
251 27 0
251 28 41
251 29 41
251 30 155
251 31 42
251 32 6
251 33 16
251 34 0
251 35 0
251 36 0
251 37 0
251 38 54
251 39 0
251 40 69
251 41 78
251 42 5
251 43 14
251 44 181
251 45 0
251 46 77
251 47 42
251 48 40
251 49 83
251 50 22
251 51 27
251 52 11
251 53 111
251 54 0
251 55 31
251 56 0
251 57 39
251 58 0
251 59 30
251 60 0
251 61 326
251 62 18
251 63 54
251 64 102
251 65 35
251 66 0
251 67 0
251 68 9
251 69 10
251 70 30
251 71 72
251 72 0
251 73 0
251 74 1
251 75 24
251 76 12
251 77 40
251 78 41
251 79 33
251 80 20
251 81 17
251 82 18
251 83 34
251 84 45
251 85 87
251 86 63
251 87 0
251 88 0
251 89 17
251 90 165
251 91 0
251 92 42
251 93 0
251 94 18
251 95 12
276 1 18
276 2 17
276 3 62
276 4 28
276 5 0
276 6 24
276 7 44
276 8 18
276 9 4
276 10 20
276 11 45
276 12 20
276 13 45
276 14 1
276 15 40
276 16 14
276 17 11
276 18 138
276 19 0
276 20 0
276 21 0
276 22 3
276 23 0
276 24 0
276 25 0
276 26 472
276 27 0
276 28 37
276 29 22
276 30 153
276 31 48
276 32 0
276 33 18
276 34 0
276 35 0
276 36 0
276 37 0
276 38 49
276 39 0
276 40 48
276 41 77
276 42 27
276 43 12
276 44 192
276 45 0
276 46 78
276 47 37
276 48 46
276 49 74
276 50 16
276 51 37
276 52 14
276 53 114
276 54 0
276 55 40
276 56 0
276 57 40
276 58 0
276 59 34
276 60 0
276 61 339
276 62 20
276 63 46
276 64 110
276 65 47
276 66 0
276 67 1
276 68 0
276 69 14
276 70 36
276 71 67
276 72 0
276 73 1
276 74 0
276 75 18
276 76 31
276 77 40
276 78 26
276 79 41
276 80 19
276 81 18
276 82 27
276 83 27
276 84 44
276 85 75
276 86 46
276 87 0
276 88 0
276 89 12
276 90 162
276 91 0
276 92 41
276 93 20
276 94 15
276 95 9
301 1 20
301 2 18
301 3 78
301 4 36
301 5 0
301 6 41
301 7 46
301 8 11
301 9 9
301 10 22
301 11 38
301 12 22
301 13 40
301 14 0
301 15 29
301 16 19
301 17 8
301 18 130
301 19 0
301 20 0
301 21 0
301 22 19
301 23 0
301 24 0
301 25 0
301 26 488
301 27 0
301 28 24
301 29 25
301 30 146
301 31 30
301 32 29
301 33 17
301 34 0
301 35 0
301 36 0
301 37 0
301 38 40
301 39 0
301 40 43
301 41 77
301 42 37
301 43 11
301 44 176
301 45 0
301 46 73
301 47 30
301 48 53
301 49 65
301 50 11
301 51 44
301 52 29
301 53 117
301 54 2
301 55 23
301 56 0
301 57 34
301 58 0
301 59 36
301 60 4
301 61 330
301 62 22
301 63 52
301 64 114
301 65 42
301 66 19
301 67 0
301 68 0
301 69 4
301 70 42
301 71 60
301 72 0
301 73 0
301 74 0
301 75 16
301 76 32
301 77 44
301 78 19
301 79 54
301 80 15
301 81 42
301 82 6
301 83 37
301 84 41
301 85 83
301 86 55
301 87 0
301 88 0
301 89 9
301 90 162
301 91 0
301 92 37
301 93 16
301 94 20
301 95 10
326 1 22
326 2 12
326 3 72
326 4 39
326 5 0
326 6 70
326 7 43
326 8 10
326 9 3
326 10 19
326 11 30
326 12 42
326 13 36
326 14 0
326 15 12
326 16 12
326 17 9
326 18 129
326 19 0
326 20 0
326 21 0
326 22 19
326 23 0
326 24 0
326 25 0
326 26 471
326 27 0
326 28 28
326 29 19
326 30 148
326 31 32
326 32 24
326 33 14
326 34 2
326 35 0
326 36 0
326 37 0
326 38 36
326 39 0
326 40 46
326 41 79
326 42 26
326 43 11
326 44 188
326 45 0
326 46 81
326 47 24
326 48 41
326 49 61
326 50 18
326 51 34
326 52 36
326 53 120
326 54 3
326 55 18
326 56 0
326 57 30
326 58 0
326 59 33
326 60 8
326 61 357
326 62 14
326 63 30
326 64 104
326 65 39
326 66 19
326 67 0
326 68 1
326 69 9
326 70 43
326 71 76
326 72 0
326 73 0
326 74 0
326 75 22
326 76 37
326 77 61
326 78 18
326 79 46
326 80 18
326 81 39
326 82 0
326 83 25
326 84 37
326 85 93
326 86 42
326 87 0
326 88 0
326 89 5
326 90 170
326 91 0
326 92 39
326 93 1
326 94 19
326 95 14
351 1 28
351 2 9
351 3 77
351 4 34
351 5 1
351 6 62
351 7 40
351 8 10
351 9 5
351 10 25
351 11 33
351 12 42
351 13 30
351 14 0
351 15 2
351 16 12
351 17 8
351 18 119
351 19 0
351 20 0
351 21 0
351 22 19
351 23 4
351 24 0
351 25 0
351 26 464
351 27 0
351 28 22
351 29 19
351 30 145
351 31 47
351 32 26
351 33 21
351 34 7
351 35 2
351 36 0
351 37 0
351 38 34
351 39 0
351 40 35
351 41 78
351 42 31
351 43 14
351 44 188
351 45 2
351 46 79
351 47 20
351 48 40
351 49 59
351 50 19
351 51 30
351 52 24
351 53 92
351 54 0
351 55 19
351 56 2
351 57 59
351 58 0
351 59 36
351 60 7
351 61 342
351 62 16
351 63 50
351 64 103
351 65 39
351 66 24
351 67 0
351 68 2
351 69 9
351 70 44
351 71 71
351 72 1
351 73 0
351 74 0
351 75 18
351 76 11
351 77 64
351 78 16
351 79 41
351 80 20
351 81 45
351 82 0
351 83 25
351 84 57
351 85 77
351 86 50
351 87 0
351 88 0
351 89 18
351 90 160
351 91 0
351 92 39
351 93 0
351 94 18
351 95 6
376 1 33
376 2 10
376 3 80
376 4 34
376 5 0
376 6 77
376 7 44
376 8 14
376 9 0
376 10 21
376 11 12
376 12 41
376 13 29
376 14 0
376 15 0
376 16 11
376 17 5
376 18 133
376 19 0
376 20 2
376 21 21
376 22 19
376 23 1
376 24 14
376 25 0
376 26 447
376 27 0
376 28 28
376 29 21
376 30 126
376 31 61
376 32 31
376 33 12
376 34 5
376 35 0
376 36 11
376 37 0
376 38 58
376 39 0
376 40 33
376 41 84
376 42 31
376 43 11
376 44 194
376 45 0
376 46 68
376 47 29
376 48 51
376 49 56
376 50 9
376 51 38
376 52 16
376 53 99
376 54 1
376 55 17
376 56 0
376 57 44
376 58 0
376 59 34
376 60 0
376 61 311
376 62 25
376 63 47
376 64 87
376 65 38
376 66 15
376 67 3
376 68 11
376 69 18
376 70 49
376 71 89
376 72 0
376 73 1
376 74 0
376 75 16
376 76 20
376 77 68
376 78 20
376 79 39
376 80 39
376 81 40
376 82 0
376 83 26
376 84 49
376 85 93
376 86 67
376 87 0
376 88 0
376 89 11
376 90 172
376 91 1
376 92 34
376 93 0
376 94 18
376 95 0
401 1 19
401 2 0
401 3 80
401 4 36
401 5 1
401 6 76
401 7 52
401 8 17
401 9 0
401 10 21
401 11 0
401 12 27
401 13 39
401 14 0
401 15 0
401 16 15
401 17 0
401 18 128
401 19 1
401 20 0
401 21 22
401 22 22
401 23 0
401 24 0
401 25 0
401 26 477
401 27 2
401 28 27
401 29 22
401 30 133
401 31 61
401 32 21
401 33 16
401 34 28
401 35 31
401 36 17
401 37 0
401 38 45
401 39 0
401 40 31
401 41 75
401 42 15
401 43 10
401 44 174
401 45 0
401 46 77
401 47 28
401 48 46
401 49 63
401 50 0
401 51 39
401 52 20
401 53 102
401 54 1
401 55 18
401 56 0
401 57 58
401 58 0
401 59 9
401 60 1
401 61 323
401 62 20
401 63 44
401 64 88
401 65 38
401 66 21
401 67 25
401 68 11
401 69 11
401 70 43
401 71 97
401 72 15
401 73 4
401 74 0
401 75 21
401 76 13
401 77 60
401 78 19
401 79 42
401 80 41
401 81 38
401 82 6
401 83 25
401 84 56
401 85 70
401 86 75
401 87 0
401 88 0
401 89 16
401 90 157
401 91 0
401 92 37
401 93 0
401 94 20
401 95 5
426 1 20
426 2 0
426 3 84
426 4 27
426 5 0
426 6 71
426 7 42
426 8 14
426 9 0
426 10 20
426 11 0
426 12 20
426 13 33
426 14 0
426 15 0
426 16 0
426 17 0
426 18 117
426 19 1
426 20 0
426 21 22
426 22 20
426 23 0
426 24 0
426 25 2
426 26 493
426 27 0
426 28 18
426 29 19
426 30 146
426 31 51
426 32 24
426 33 15
426 34 39
426 35 41
426 36 10
426 37 0
426 38 44
426 39 11
426 40 39
426 41 76
426 42 4
426 43 10
426 44 159
426 45 0
426 46 99
426 47 40
426 48 44
426 49 63
426 50 0
426 51 39
426 52 20
426 53 113
426 54 0
426 55 18
426 56 0
426 57 46
426 58 0
426 59 3
426 60 0
426 61 354
426 62 5
426 63 43
426 64 85
426 65 43
426 66 20
426 67 20
426 68 0
426 69 0
426 70 49
426 71 75
426 72 34
426 73 14
426 74 0
426 75 35
426 76 8
426 77 66
426 78 16
426 79 38
426 80 48
426 81 49
426 82 20
426 83 34
426 84 70
426 85 47
426 86 74
426 87 0
426 88 0
426 89 22
426 90 170
426 91 0
426 92 27
426 93 0
426 94 11
426 95 21
451 1 21
451 2 0
451 3 68
451 4 16
451 5 1
451 6 61
451 7 47
451 8 17
451 9 0
451 10 19
451 11 1
451 12 18
451 13 40
451 14 0
451 15 1
451 16 0
451 17 0
451 18 98
451 19 0
451 20 0
451 21 17
451 22 19
451 23 0
451 24 0
451 25 0
451 26 494
451 27 0
451 28 22
451 29 20
451 30 141
451 31 47
451 32 15
451 33 11
451 34 39
451 35 34
451 36 10
451 37 0
451 38 57
451 39 18
451 40 29
451 41 77
451 42 0
451 43 16
451 44 165
451 45 0
451 46 118
451 47 29
451 48 43
451 49 66
451 50 0
451 51 35
451 52 20
451 53 111
451 54 13
451 55 11
451 56 0
451 57 40
451 58 0
451 59 0
451 60 0
451 61 378
451 62 5
451 63 42
451 64 91
451 65 42
451 66 19
451 67 17
451 68 8
451 69 1
451 70 56
451 71 72
451 72 37
451 73 18
451 74 0
451 75 36
451 76 12
451 77 62
451 78 18
451 79 51
451 80 50
451 81 54
451 82 20
451 83 27
451 84 55
451 85 55
451 86 65
451 87 2
451 88 1
451 89 13
451 90 169
451 91 1
451 92 8
451 93 0
451 94 22
451 95 29
476 1 17
476 2 0
476 3 47
476 4 26
476 5 0
476 6 74
476 7 52
476 8 1
476 9 0
476 10 29
476 11 3
476 12 26
476 13 51
476 14 0
476 15 1
476 16 0
476 17 0
476 18 88
476 19 1
476 20 0
476 21 21
476 22 20
476 23 2
476 24 1
476 25 0
476 26 465
476 27 0
476 28 21
476 29 23
476 30 137
476 31 37
476 32 0
476 33 11
476 34 40
476 35 40
476 36 4
476 37 0
476 38 49
476 39 23
476 40 38
476 41 52
476 42 24
476 43 6
476 44 167
476 45 0
476 46 108
476 47 22
476 48 46
476 49 59
476 50 0
476 51 40
476 52 33
476 53 99
476 54 32
476 55 19
476 56 0
476 57 50
476 58 1
476 59 0
476 60 0
476 61 392
476 62 0
476 63 50
476 64 75
476 65 50
476 66 19
476 67 48
476 68 12
476 69 1
476 70 58
476 71 59
476 72 38
476 73 19
476 74 0
476 75 39
476 76 0
476 77 58
476 78 17
476 79 59
476 80 41
476 81 40
476 82 22
476 83 23
476 84 58
476 85 63
476 86 72
476 87 0
476 88 0
476 89 19
476 90 158
476 91 0
476 92 0
476 93 1
476 94 18
476 95 36
501 1 15
501 2 0
501 3 40
501 4 28
501 5 0
501 6 61
501 7 61
501 8 0
501 9 1
501 10 43
501 11 0
501 12 15
501 13 73
501 14 0
501 15 0
501 16 0
501 17 0
501 18 96
501 19 15
501 20 2
501 21 20
501 22 20
501 23 0
501 24 0
501 25 0
501 26 477
501 27 0
501 28 17
501 29 20
501 30 132
501 31 32
501 32 0
501 33 1
501 34 37
501 35 32
501 36 0
501 37 0
501 38 49
501 39 14
501 40 33
501 41 52
501 42 30
501 43 0
501 44 160
501 45 0
501 46 122
501 47 2
501 48 57
501 49 44
501 50 7
501 51 40
501 52 34
501 53 100
501 54 39
501 55 5
501 56 0
501 57 59
501 58 3
501 59 0
501 60 0
501 61 367
501 62 0
501 63 65
501 64 90
501 65 52
501 66 23
501 67 48
501 68 9
501 69 20
501 70 58
501 71 70
501 72 32
501 73 0
501 74 0
501 75 33
501 76 0
501 77 56
501 78 22
501 79 72
501 80 44
501 81 53
501 82 19
501 83 30
501 84 53
501 85 69
501 86 79
501 87 0
501 88 0
501 89 18
501 90 157
501 91 0
501 92 0
501 93 0
501 94 19
501 95 32
526 1 17
526 2 1
526 3 38
526 4 27
526 5 0
526 6 55
526 7 77
526 8 0
526 9 1
526 10 47
526 11 0
526 12 27
526 13 75
526 14 0
526 15 8
526 16 0
526 17 1
526 18 91
526 19 18
526 20 0
526 21 19
526 22 21
526 23 0
526 24 0
526 25 0
526 26 471
526 27 0
526 28 24
526 29 17
526 30 141
526 31 28
526 32 0
526 33 0
526 34 39
526 35 40
526 36 0
526 37 1
526 38 49
526 39 16
526 40 36
526 41 48
526 42 29
526 43 0
526 44 158
526 45 0
526 46 117
526 47 0
526 48 55
526 49 55
526 50 0
526 51 32
526 52 31
526 53 101
526 54 43
526 55 0
526 56 0
526 57 71
526 58 0
526 59 3
526 60 0
526 61 358
526 62 0
526 63 77
526 64 85
526 65 40
526 66 21
526 67 46
526 68 16
526 69 27
526 70 41
526 71 67
526 72 30
526 73 0
526 74 0
526 75 25
526 76 0
526 77 49
526 78 5
526 79 60
526 80 39
526 81 60
526 82 22
526 83 20
526 84 64
526 85 58
526 86 81
526 87 0
526 88 0
526 89 19
526 90 162
526 91 0
526 92 3
526 93 0
526 94 18
526 95 24
551 1 16
551 2 15
551 3 37
551 4 11
551 5 0
551 6 62
551 7 68
551 8 0
551 9 0
551 10 42
551 11 3
551 12 20
551 13 72
551 14 16
551 15 29
551 16 12
551 17 1
551 18 95
551 19 17
551 20 0
551 21 20
551 22 20
551 23 0
551 24 0
551 25 0
551 26 462
551 27 9
551 28 15
551 29 22
551 30 153
551 31 33
551 32 15
551 33 0
551 34 38
551 35 37
551 36 0
551 37 0
551 38 39
551 39 22
551 40 7
551 41 64
551 42 9
551 43 0
551 44 168
551 45 0
551 46 117
551 47 0
551 48 54
551 49 50
551 50 0
551 51 37
551 52 39
551 53 97
551 54 27
551 55 0
551 56 0
551 57 63
551 58 1
551 59 11
551 60 0
551 61 335
551 62 0
551 63 76
551 64 78
551 65 31
551 66 3
551 67 53
551 68 21
551 69 22
551 70 51
551 71 81
551 72 44
551 73 0
551 74 0
551 75 18
551 76 0
551 77 52
551 78 2
551 79 63
551 80 42
551 81 66
551 82 37
551 83 13
551 84 58
551 85 60
551 86 80
551 87 0
551 88 0
551 89 44
551 90 160
551 91 1
551 92 0
551 93 0
551 94 32
551 95 0
576 1 25
576 2 8
576 3 38
576 4 18
576 5 0
576 6 64
576 7 70
576 8 0
576 9 0
576 10 43
576 11 6
576 12 20
576 13 75
576 14 13
576 15 29
576 16 32
576 17 0
576 18 100
576 19 17
576 20 0
576 21 33
576 22 20
576 23 0
576 24 2
576 25 0
576 26 530
576 27 19
576 28 21
576 29 26
576 30 127
576 31 8
576 32 12
576 33 0
576 34 43
576 35 31
576 36 0
576 37 0
576 38 61
576 39 17
576 40 13
576 41 59
576 42 19
576 43 0
576 44 166
576 45 0
576 46 103
576 47 0
576 48 39
576 49 16
576 50 1
576 51 39
576 52 39
576 53 94
576 54 17
576 55 0
576 56 0
576 57 62
576 58 0
576 59 2
576 60 0
576 61 362
576 62 0
576 63 74
576 64 82
576 65 52
576 66 0
576 67 50
576 68 21
576 69 20
576 70 51
576 71 49
576 72 69
576 73 0
576 74 0
576 75 15
576 76 0
576 77 42
576 78 0
576 79 61
576 80 42
576 81 73
576 82 47
576 83 20
576 84 60
576 85 55
576 86 76
576 87 0
576 88 0
576 89 41
576 90 164
576 91 1
576 92 0
576 93 0
576 94 27
576 95 0
601 1 22
601 2 0
601 3 41
601 4 11
601 5 0
601 6 70
601 7 67
601 8 0
601 9 0
601 10 40
601 11 2
601 12 19
601 13 79
601 14 18
601 15 30
601 16 26
601 17 2
601 18 81
601 19 20
601 20 0
601 21 43
601 22 22
601 23 0
601 24 0
601 25 0
601 26 522
601 27 10
601 28 20
601 29 19
601 30 131
601 31 5
601 32 7
601 33 0
601 34 38
601 35 41
601 36 0
601 37 0
601 38 66
601 39 18
601 40 21
601 41 65
601 42 2
601 43 0
601 44 169
601 45 0
601 46 102
601 47 0
601 48 49
601 49 15
601 50 0
601 51 40
601 52 39
601 53 101
601 54 26
601 55 0
601 56 0
601 57 59
601 58 0
601 59 29
601 60 0
601 61 375
601 62 0
601 63 66
601 64 87
601 65 35
601 66 0
601 67 41
601 68 24
601 69 19
601 70 51
601 71 38
601 72 80
601 73 0
601 74 0
601 75 16
601 76 0
601 77 44
601 78 1
601 79 62
601 80 39
601 81 76
601 82 34
601 83 11
601 84 56
601 85 58
601 86 78
601 87 0
601 88 7
601 89 33
601 90 166
601 91 0
601 92 0
601 93 0
601 94 21
601 95 0
626 1 19
626 2 0
626 3 42
626 4 21
626 5 4
626 6 48
626 7 68
626 8 0
626 9 0
626 10 41
626 11 3
626 12 29
626 13 72
626 14 32
626 15 35
626 16 30
626 17 0
626 18 79
626 19 14
626 20 0
626 21 40
626 22 22
626 23 0
626 24 0
626 25 0
626 26 533
626 27 2
626 28 17
626 29 18
626 30 127
626 31 1
626 32 0
626 33 6
626 34 37
626 35 41
626 36 0
626 37 0
626 38 65
626 39 21
626 40 7
626 41 93
626 42 11
626 43 0
626 44 168
626 45 2
626 46 112
626 47 0
626 48 42
626 49 11
626 50 0
626 51 36
626 52 42
626 53 102
626 54 23
626 55 0
626 56 0
626 57 68
626 58 0
626 59 24
626 60 0
626 61 365
626 62 0
626 63 78
626 64 86
626 65 20
626 66 0
626 67 44
626 68 18
626 69 20
626 70 44
626 71 58
626 72 71
626 73 0
626 74 0
626 75 13
626 76 22
626 77 42
626 78 0
626 79 68
626 80 43
626 81 75
626 82 42
626 83 18
626 84 60
626 85 49
626 86 76
626 87 0
626 88 20
626 89 39
626 90 159
626 91 0
626 92 0
626 93 0
626 94 13
626 95 0
651 1 22
651 2 0
651 3 40
651 4 12
651 5 12
651 6 41
651 7 67
651 8 1
651 9 15
651 10 43
651 11 4
651 12 20
651 13 67
651 14 36
651 15 30
651 16 29
651 17 0
651 18 91
651 19 20
651 20 0
651 21 47
651 22 16
651 23 0
651 24 0
651 25 0
651 26 497
651 27 0
651 28 22
651 29 24
651 30 128
651 31 5
651 32 0
651 33 1
651 34 37
651 35 40
651 36 0
651 37 0
651 38 72
651 39 13
651 40 9
651 41 112
651 42 10
651 43 0
651 44 163
651 45 0
651 46 106
651 47 0
651 48 34
651 49 21
651 50 0
651 51 25
651 52 43
651 53 111
651 54 24
651 55 3
651 56 0
651 57 62
651 58 0
651 59 10
651 60 0
651 61 382
651 62 0
651 63 66
651 64 89
651 65 13
651 66 0
651 67 53
651 68 3
651 69 13
651 70 60
651 71 52
651 72 67
651 73 0
651 74 0
651 75 12
651 76 17
651 77 40
651 78 1
651 79 70
651 80 59
651 81 70
651 82 42
651 83 21
651 84 74
651 85 52
651 86 81
651 87 0
651 88 19
651 89 44
651 90 160
651 91 0
651 92 0
651 93 0
651 94 13
651 95 0
676 1 19
676 2 0
676 3 37
676 4 17
676 5 7
676 6 44
676 7 60
676 8 0
676 9 32
676 10 40
676 11 2
676 12 19
676 13 44
676 14 46
676 15 34
676 16 3
676 17 0
676 18 70
676 19 11
676 20 0
676 21 50
676 22 20
676 23 0
676 24 0
676 25 1
676 26 498
676 27 0
676 28 15
676 29 18
676 30 131
676 31 9
676 32 0
676 33 0
676 34 27
676 35 40
676 36 0
676 37 0
676 38 81
676 39 20
676 40 6
676 41 110
676 42 15
676 43 0
676 44 149
676 45 0
676 46 149
676 47 0
676 48 54
676 49 24
676 50 0
676 51 21
676 52 37
676 53 116
676 54 23
676 55 0
676 56 0
676 57 76
676 58 0
676 59 6
676 60 17
676 61 345
676 62 1
676 63 75
676 64 84
676 65 16
676 66 0
676 67 45
676 68 6
676 69 0
676 70 33
676 71 59
676 72 70
676 73 0
676 74 2
676 75 1
676 76 20
676 77 39
676 78 0
676 79 72
676 80 37
676 81 76
676 82 39
676 83 18
676 84 87
676 85 45
676 86 43
676 87 0
676 88 20
676 89 45
676 90 202
676 91 2
676 92 14
676 93 0
676 94 16
676 95 1
701 1 24
701 2 0
701 3 36
701 4 18
701 5 11
701 6 38
701 7 65
701 8 0
701 9 32
701 10 47
701 11 0
701 12 21
701 13 39
701 14 46
701 15 28
701 16 0
701 17 0
701 18 88
701 19 16
701 20 0
701 21 61
701 22 21
701 23 1
701 24 0
701 25 0
701 26 518
701 27 3
701 28 17
701 29 19
701 30 147
701 31 7
701 32 0
701 33 0
701 34 0
701 35 38
701 36 0
701 37 0
701 38 70
701 39 16
701 40 12
701 41 105
701 42 19
701 43 0
701 44 171
701 45 0
701 46 151
701 47 0
701 48 55
701 49 19
701 50 0
701 51 21
701 52 32
701 53 125
701 54 23
701 55 0
701 56 0
701 57 63
701 58 0
701 59 2
701 60 20
701 61 349
701 62 0
701 63 67
701 64 71
701 65 9
701 66 0
701 67 48
701 68 7
701 69 0
701 70 40
701 71 56
701 72 67
701 73 0
701 74 0
701 75 0
701 76 21
701 77 44
701 78 0
701 79 73
701 80 40
701 81 67
701 82 41
701 83 12
701 84 75
701 85 50
701 86 41
701 87 2
701 88 12
701 89 37
701 90 211
701 91 7
701 92 37
701 93 0
701 94 12
701 95 0
726 1 22
726 2 0
726 3 30
726 4 18
726 5 22
726 6 38
726 7 70
726 8 0
726 9 37
726 10 43
726 11 0
726 12 21
726 13 64
726 14 39
726 15 32
726 16 0
726 17 0
726 18 84
726 19 18
726 20 0
726 21 46
726 22 21
726 23 0
726 24 0
726 25 17
726 26 534
726 27 0
726 28 23
726 29 18
726 30 107
726 31 0
726 32 0
726 33 0
726 34 0
726 35 32
726 36 0
726 37 0
726 38 74
726 39 11
726 40 4
726 41 105
726 42 21
726 43 0
726 44 168
726 45 0
726 46 134
726 47 0
726 48 52
726 49 35
726 50 0
726 51 45
726 52 23
726 53 112
726 54 15
726 55 4
726 56 0
726 57 76
726 58 1
726 59 0
726 60 24
726 61 321
726 62 0
726 63 74
726 64 83
726 65 12
726 66 0
726 67 66
726 68 9
726 69 0
726 70 29
726 71 60
726 72 71
726 73 0
726 74 0
726 75 0
726 76 20
726 77 32
726 78 2
726 79 61
726 80 42
726 81 81
726 82 30
726 83 0
726 84 82
726 85 50
726 86 44
726 87 1
726 88 15
726 89 26
726 90 180
726 91 28
726 92 39
726 93 2
726 94 14
726 95 0
751 1 15
751 2 0
751 3 37
751 4 21
751 5 8
751 6 39
751 7 68
751 8 0
751 9 28
751 10 44
751 11 0
751 12 18
751 13 76
751 14 37
751 15 38
751 16 0
751 17 0
751 18 72
751 19 18
751 20 0
751 21 59
751 22 22
751 23 0
751 24 1
751 25 30
751 26 556
751 27 0
751 28 20
751 29 20
751 30 112
751 31 0
751 32 0
751 33 0
751 34 0
751 35 40
751 36 0
751 37 2
751 38 74
751 39 19
751 40 0
751 41 113
751 42 11
751 43 0
751 44 173
751 45 0
751 46 116
751 47 1
751 48 41
751 49 55
751 50 0
751 51 41
751 52 19
751 53 106
751 54 19
751 55 0
751 56 3
751 57 78
751 58 0
751 59 0
751 60 24
751 61 315
751 62 1
751 63 85
751 64 74
751 65 0
751 66 0
751 67 63
751 68 11
751 69 5
751 70 23
751 71 87
751 72 79
751 73 0
751 74 0
751 75 0
751 76 21
751 77 39
751 78 1
751 79 63
751 80 50
751 81 71
751 82 26
751 83 0
751 84 85
751 85 47
751 86 45
751 87 0
751 88 13
751 89 18
751 90 170
751 91 43
751 92 40
751 93 0
751 94 10
751 95 0
776 1 19
776 2 0
776 3 38
776 4 13
776 5 15
776 6 24
776 7 62
776 8 8
776 9 25
776 10 38
776 11 0
776 12 32
776 13 63
776 14 38
776 15 29
776 16 0
776 17 0
776 18 91
776 19 9
776 20 0
776 21 65
776 22 19
776 23 0
776 24 0
776 25 36
776 26 568
776 27 0
776 28 30
776 29 19
776 30 80
776 31 0
776 32 0
776 33 0
776 34 0
776 35 36
776 36 0
776 37 2
776 38 84
776 39 19
776 40 0
776 41 121
776 42 12
776 43 0
776 44 160
776 45 0
776 46 100
776 47 0
776 48 52
776 49 54
776 50 0
776 51 35
776 52 13
776 53 105
776 54 19
776 55 0
776 56 1
776 57 71
776 58 0
776 59 0
776 60 23
776 61 321
776 62 0
776 63 88
776 64 84
776 65 0
776 66 0
776 67 79
776 68 0
776 69 0
776 70 34
776 71 48
776 72 57
776 73 0
776 74 0
776 75 0
776 76 10
776 77 42
776 78 0
776 79 65
776 80 39
776 81 75
776 82 20
776 83 0
776 84 80
776 85 49
776 86 36
776 87 0
776 88 21
776 89 20
776 90 158
776 91 36
776 92 48
776 93 0
776 94 18
776 95 0
801 1 20
801 2 0
801 3 30
801 4 17
801 5 12
801 6 24
801 7 58
801 8 31
801 9 1
801 10 37
801 11 0
801 12 40
801 13 54
801 14 35
801 15 30
801 16 0
801 17 0
801 18 94
801 19 20
801 20 0
801 21 71
801 22 22
801 23 0
801 24 0
801 25 30
801 26 554
801 27 1
801 28 24
801 29 21
801 30 89
801 31 0
801 32 0
801 33 0
801 34 0
801 35 40
801 36 0
801 37 1
801 38 67
801 39 18
801 40 0
801 41 110
801 42 15
801 43 0
801 44 154
801 45 1
801 46 89
801 47 0
801 48 85
801 49 76
801 50 0
801 51 43
801 52 13
801 53 103
801 54 23
801 55 0
801 56 0
801 57 74
801 58 0
801 59 0
801 60 19
801 61 301
801 62 0
801 63 92
801 64 87
801 65 0
801 66 0
801 67 51
801 68 0
801 69 0
801 70 38
801 71 43
801 72 60
801 73 0
801 74 1
801 75 0
801 76 14
801 77 42
801 78 0
801 79 56
801 80 42
801 81 68
801 82 21
801 83 17
801 84 88
801 85 56
801 86 37
801 87 0
801 88 15
801 89 20
801 90 168
801 91 40
801 92 43
801 93 1
801 94 16
801 95 0
826 1 20
826 2 1
826 3 40
826 4 11
826 5 11
826 6 26
826 7 62
826 8 33
826 9 0
826 10 33
826 11 2
826 12 62
826 13 74
826 14 28
826 15 31
826 16 0
826 17 0
826 18 90
826 19 19
826 20 0
826 21 60
826 22 20
826 23 1
826 24 11
826 25 33
826 26 559
826 27 0
826 28 18
826 29 21
826 30 93
826 31 0
826 32 0
826 33 0
826 34 0
826 35 39
826 36 0
826 37 10
826 38 68
826 39 20
826 40 0
826 41 106
826 42 19
826 43 0
826 44 165
826 45 0
826 46 82
826 47 0
826 48 79
826 49 74
826 50 0
826 51 41
826 52 20
826 53 93
826 54 31
826 55 19
826 56 0
826 57 72
826 58 0
826 59 0
826 60 17
826 61 313
826 62 0
826 63 101
826 64 75
826 65 0
826 66 0
826 67 57
826 68 0
826 69 0
826 70 22
826 71 56
826 72 52
826 73 0
826 74 0
826 75 0
826 76 15
826 77 37
826 78 0
826 79 61
826 80 45
826 81 70
826 82 26
826 83 11
826 84 78
826 85 49
826 86 39
826 87 5
826 88 14
826 89 36
826 90 154
826 91 40
826 92 40
826 93 0
826 94 14
826 95 0
851 1 21
851 2 0
851 3 26
851 4 0
851 5 0
851 6 44
851 7 69
851 8 31
851 9 0
851 10 42
851 11 6
851 12 48
851 13 68
851 14 23
851 15 33
851 16 0
851 17 0
851 18 80
851 19 19
851 20 6
851 21 46
851 22 26
851 23 0
851 24 15
851 25 31
851 26 602
851 27 0
851 28 23
851 29 16
851 30 64
851 31 0
851 32 1
851 33 0
851 34 0
851 35 34
851 36 0
851 37 10
851 38 82
851 39 14
851 40 0
851 41 98
851 42 16
851 43 0
851 44 159
851 45 0
851 46 84
851 47 0
851 48 78
851 49 77
851 50 0
851 51 39
851 52 17
851 53 108
851 54 22
851 55 17
851 56 2
851 57 71
851 58 0
851 59 0
851 60 16
851 61 306
851 62 0
851 63 99
851 64 73
851 65 0
851 66 0
851 67 39
851 68 0
851 69 0
851 70 26
851 71 53
851 72 62
851 73 0
851 74 1
851 75 0
851 76 19
851 77 42
851 78 0
851 79 57
851 80 40
851 81 69
851 82 21
851 83 16
851 84 74
851 85 49
851 86 43
851 87 1
851 88 15
851 89 34
851 90 160
851 91 33
851 92 44
851 93 0
851 94 25
851 95 0
876 1 16
876 2 3
876 3 38
876 4 0
876 5 0
876 6 74
876 7 58
876 8 8
876 9 0
876 10 50
876 11 17
876 12 61
876 13 68
876 14 33
876 15 28
876 16 0
876 17 0
876 18 94
876 19 13
876 20 0
876 21 45
876 22 22
876 23 0
876 24 17
876 25 31
876 26 559
876 27 1
876 28 32
876 29 22
876 30 78
876 31 0
876 32 0
876 33 0
876 34 0
876 35 39
876 36 0
876 37 10
876 38 82
876 39 10
876 40 0
876 41 96
876 42 37
876 43 0
876 44 162
876 45 0
876 46 63
876 47 0
876 48 94
876 49 78
876 50 0
876 51 42
876 52 26
876 53 89
876 54 22
876 55 19
876 56 0
876 57 56
876 58 0
876 59 3
876 60 15
876 61 307
876 62 1
876 63 83
876 64 77
876 65 0
876 66 0
876 67 54
876 68 0
876 69 0
876 70 35
876 71 48
876 72 57
876 73 0
876 74 0
876 75 2
876 76 17
876 77 42
876 78 0
876 79 75
876 80 39
876 81 63
876 82 24
876 83 18
876 84 78
876 85 50
876 86 74
876 87 0
876 88 19
876 89 21
876 90 168
876 91 17
876 92 41
876 93 0
876 94 18
876 95 0
901 1 20
901 2 1
901 3 40
901 4 0
901 5 0
901 6 89
901 7 61
901 8 0
901 9 0
901 10 65
901 11 27
901 12 57
901 13 74
901 14 21
901 15 30
901 16 0
901 17 0
901 18 83
901 19 19
901 20 3
901 21 33
901 22 21
901 23 0
901 24 24
901 25 9
901 26 550
901 27 0
901 28 16
901 29 26
901 30 71
901 31 0
901 32 0
901 33 0
901 34 0
901 35 39
901 36 0
901 37 9
901 38 74
901 39 24
901 40 0
901 41 96
901 42 47
901 43 0
901 44 156
901 45 0
901 46 68
901 47 0
901 48 99
901 49 70
901 50 0
901 51 31
901 52 37
901 53 94
901 54 21
901 55 13
901 56 0
901 57 44
901 58 0
901 59 3
901 60 22
901 61 281
901 62 0
901 63 113
901 64 77
901 65 0
901 66 1
901 67 41
901 68 0
901 69 0
901 70 34
901 71 50
901 72 72
901 73 0
901 74 0
901 75 0
901 76 16
901 77 47
901 78 0
901 79 87
901 80 37
901 81 59
901 82 32
901 83 14
901 84 92
901 85 58
901 86 120
901 87 0
901 88 19
901 89 6
901 90 157
901 91 17
901 92 40
901 93 0
901 94 23
901 95 0
926 1 20
926 2 0
926 3 32
926 4 0
926 5 0
926 6 73
926 7 56
926 8 0
926 9 0
926 10 73
926 11 28
926 12 53
926 13 71
926 14 25
926 15 36
926 16 0
926 17 0
926 18 69
926 19 23
926 20 0
926 21 35
926 22 19
926 23 0
926 24 15
926 25 18
926 26 534
926 27 0
926 28 24
926 29 19
926 30 75
926 31 0
926 32 0
926 33 0
926 34 0
926 35 39
926 36 0
926 37 0
926 38 73
926 39 16
926 40 1
926 41 96
926 42 42
926 43 0
926 44 150
926 45 0
926 46 77
926 47 1
926 48 89
926 49 79
926 50 1
926 51 39
926 52 40
926 53 92
926 54 12
926 55 13
926 56 0
926 57 39
926 58 0
926 59 0
926 60 19
926 61 292
926 62 1
926 63 107
926 64 84
926 65 0
926 66 0
926 67 40
926 68 0
926 69 8
926 70 36
926 71 60
926 72 71
926 73 0
926 74 0
926 75 0
926 76 16
926 77 39
926 78 0
926 79 96
926 80 37
926 81 64
926 82 36
926 83 9
926 84 96
926 85 60
926 86 119
926 87 0
926 88 20
926 89 0
926 90 148
926 91 12
926 92 49
926 93 0
926 94 18
926 95 1
951 1 19
951 2 0
951 3 40
951 4 0
951 5 0
951 6 87
951 7 46
951 8 0
951 9 1
951 10 76
951 11 32
951 12 55
951 13 41
951 14 20
951 15 33
951 16 0
951 17 0
951 18 69
951 19 15
951 20 0
951 21 33
951 22 20
951 23 0
951 24 19
951 25 28
951 26 516
951 27 0
951 28 18
951 29 19
951 30 92
951 31 18
951 32 0
951 33 0
951 34 0
951 35 37
951 36 0
951 37 2
951 38 79
951 39 38
951 40 0
951 41 88
951 42 49
951 43 2
951 44 204
951 45 0
951 46 68
951 47 0
951 48 95
951 49 67
951 50 0
951 51 39
951 52 39
951 53 112
951 54 15
951 55 16
951 56 1
951 57 55
951 58 0
951 59 0
951 60 20
951 61 318
951 62 0
951 63 86
951 64 81
951 65 0
951 66 0
951 67 45
951 68 0
951 69 0
951 70 24
951 71 60
951 72 76
951 73 0
951 74 0
951 75 0
951 76 11
951 77 42
951 78 0
951 79 88
951 80 42
951 81 57
951 82 47
951 83 17
951 84 87
951 85 48
951 86 121
951 87 1
951 88 6
951 89 0
951 90 143
951 91 2
951 92 65
951 93 0
951 94 19
951 95 0
976 1 14
976 2 0
976 3 43
976 4 0
976 5 1
976 6 65
976 7 48
976 8 0
976 9 0
976 10 84
976 11 33
976 12 60
976 13 41
976 14 21
976 15 33
976 16 0
976 17 0
976 18 70
976 19 16
976 20 2
976 21 30
976 22 14
976 23 1
976 24 22
976 25 24
976 26 513
976 27 0
976 28 20
976 29 20
976 30 88
976 31 20
976 32 0
976 33 0
976 34 0
976 35 41
976 36 0
976 37 0
976 38 66
976 39 42
976 40 0
976 41 90
976 42 48
976 43 7
976 44 177
976 45 0
976 46 74
976 47 0
976 48 95
976 49 82
976 50 10
976 51 40
976 52 40
976 53 93
976 54 32
976 55 18
976 56 0
976 57 58
976 58 0
976 59 0
976 60 15
976 61 317
976 62 0
976 63 89
976 64 96
976 65 1
976 66 0
976 67 47
976 68 0
976 69 0
976 70 26
976 71 62
976 72 79
976 73 0
976 74 0
976 75 0
976 76 20
976 77 58
976 78 0
976 79 88
976 80 41
976 81 48
976 82 38
976 83 10
976 84 86
976 85 80
976 86 106
976 87 0
976 88 0
976 89 8
976 90 148
976 91 3
976 92 46
976 93 0
976 94 9
976 95 0
1001 1 18
1001 2 1
1001 3 32
1001 4 0
1001 5 0
1001 6 62
1001 7 56
1001 8 0
1001 9 0
1001 10 87
1001 11 33
1001 12 54
1001 13 33
1001 14 19
1001 15 33
1001 16 0
1001 17 0
1001 18 79
1001 19 16
1001 20 0
1001 21 27
1001 22 19
1001 23 3
1001 24 15
1001 25 24
1001 26 547
1001 27 0
1001 28 29
1001 29 19
1001 30 73
1001 31 15
1001 32 0
1001 33 0
1001 34 0
1001 35 40
1001 36 0
1001 37 0
1001 38 79
1001 39 35
1001 40 0
1001 41 101
1001 42 41
1001 43 4
1001 44 192
1001 45 0
1001 46 68
1001 47 0
1001 48 87
1001 49 64
1001 50 8
1001 51 38
1001 52 36
1001 53 108
1001 54 23
1001 55 13
1001 56 0
1001 57 53
1001 58 0
1001 59 0
1001 60 18
1001 61 306
1001 62 0
1001 63 94
1001 64 74
1001 65 0
1001 66 1
1001 67 37
1001 68 0
1001 69 0
1001 70 42
1001 71 38
1001 72 65
1001 73 0
1001 74 0
1001 75 0
1001 76 20
1001 77 59
1001 78 3
1001 79 91
1001 80 48
1001 81 48
1001 82 40
1001 83 10
1001 84 76
1001 85 71
1001 86 116
1001 87 0
1001 88 0
1001 89 7
1001 90 162
1001 91 0
1001 92 41
1001 93 0
1001 94 8
1001 95 1
1026 1 27
1026 2 0
1026 3 38
1026 4 0
1026 5 0
1026 6 58
1026 7 49
1026 8 1
1026 9 1
1026 10 69
1026 11 39
1026 12 57
1026 13 40
1026 14 20
1026 15 38
1026 16 0
1026 17 0
1026 18 48
1026 19 16
1026 20 0
1026 21 36
1026 22 19
1026 23 0
1026 24 18
1026 25 22
1026 26 533
1026 27 0
1026 28 16
1026 29 23
1026 30 81
1026 31 17
1026 32 0
1026 33 0
1026 34 0
1026 35 59
1026 36 0
1026 37 0
1026 38 65
1026 39 42
1026 40 0
1026 41 75
1026 42 40
1026 43 0
1026 44 197
1026 45 0
1026 46 81
1026 47 0
1026 48 94
1026 49 79
1026 50 2
1026 51 35
1026 52 43
1026 53 100
1026 54 30
1026 55 19
1026 56 0
1026 57 52
1026 58 0
1026 59 1
1026 60 12
1026 61 293
1026 62 0
1026 63 100
1026 64 85
1026 65 0
1026 66 0
1026 67 54
1026 68 0
1026 69 1
1026 70 38
1026 71 50
1026 72 61
1026 73 0
1026 74 0
1026 75 0
1026 76 19
1026 77 64
1026 78 0
1026 79 89
1026 80 34
1026 81 57
1026 82 42
1026 83 13
1026 84 75
1026 85 63
1026 86 125
1026 87 0
1026 88 0
1026 89 10
1026 90 177
1026 91 1
1026 92 39
1026 93 0
1026 94 14
1026 95 0
1051 1 40
1051 2 1
1051 3 34
1051 4 0
1051 5 0
1051 6 64
1051 7 48
1051 8 24
1051 9 0
1051 10 62
1051 11 39
1051 12 78
1051 13 39
1051 14 20
1051 15 34
1051 16 0
1051 17 0
1051 18 42
1051 19 19
1051 20 3
1051 21 38
1051 22 22
1051 23 0
1051 24 23
1051 25 25
1051 26 516
1051 27 1
1051 28 18
1051 29 20
1051 30 73
1051 31 12
1051 32 0
1051 33 0
1051 34 0
1051 35 67
1051 36 1
1051 37 1
1051 38 77
1051 39 38
1051 40 0
1051 41 69
1051 42 38
1051 43 0
1051 44 210
1051 45 0
1051 46 85
1051 47 0
1051 48 82
1051 49 76
1051 50 13
1051 51 44
1051 52 25
1051 53 91
1051 54 18
1051 55 21
1051 56 0
1051 57 37
1051 58 1
1051 59 0
1051 60 20
1051 61 320
1051 62 0
1051 63 77
1051 64 79
1051 65 0
1051 66 1
1051 67 54
1051 68 1
1051 69 3
1051 70 33
1051 71 44
1051 72 42
1051 73 0
1051 74 0
1051 75 0
1051 76 17
1051 77 57
1051 78 1
1051 79 90
1051 80 48
1051 81 33
1051 82 38
1051 83 16
1051 84 81
1051 85 33
1051 86 118
1051 87 0
1051 88 7
1051 89 13
1051 90 181
1051 91 0
1051 92 39
1051 93 0
1051 94 22
1051 95 0
1076 1 39
1076 2 8
1076 3 39
1076 4 0
1076 5 0
1076 6 54
1076 7 40
1076 8 23
1076 9 1
1076 10 57
1076 11 37
1076 12 71
1076 13 40
1076 14 20
1076 15 39
1076 16 2
1076 17 1
1076 18 61
1076 19 16
1076 20 0
1076 21 28
1076 22 17
1076 23 0
1076 24 20
1076 25 17
1076 26 536
1076 27 1
1076 28 20
1076 29 23
1076 30 71
1076 31 11
1076 32 0
1076 33 12
1076 34 0
1076 35 67
1076 36 0
1076 37 0
1076 38 74
1076 39 43
1076 40 0
1076 41 68
1076 42 25
1076 43 0
1076 44 207
1076 45 0
1076 46 76
1076 47 0
1076 48 104
1076 49 77
1076 50 3
1076 51 37
1076 52 20
1076 53 88
1076 54 23
1076 55 11
1076 56 0
1076 57 41
1076 58 0
1076 59 0
1076 60 17
1076 61 308
1076 62 0
1076 63 99
1076 64 94
1076 65 18
1076 66 0
1076 67 65
1076 68 17
1076 69 0
1076 70 22
1076 71 31
1076 72 52
1076 73 0
1076 74 0
1076 75 0
1076 76 20
1076 77 58
1076 78 0
1076 79 85
1076 80 42
1076 81 42
1076 82 41
1076 83 12
1076 84 88
1076 85 53
1076 86 120
1076 87 0
1076 88 22
1076 89 12
1076 90 191
1076 91 1
1076 92 21
1076 93 0
1076 94 17
1076 95 0
1101 1 35
1101 2 14
1101 3 35
1101 4 0
1101 5 0
1101 6 35
1101 7 42
1101 8 34
1101 9 0
1101 10 57
1101 11 28
1101 12 65
1101 13 37
1101 14 34
1101 15 39
1101 16 0
1101 17 1
1101 18 54
1101 19 23
1101 20 0
1101 21 46
1101 22 12
1101 23 0
1101 24 24
1101 25 15
1101 26 557
1101 27 0
1101 28 21
1101 29 19
1101 30 90
1101 31 11
1101 32 0
1101 33 9
1101 34 0
1101 35 76
1101 36 0
1101 37 0
1101 38 57
1101 39 42
1101 40 1
1101 41 65
1101 42 22
1101 43 0
1101 44 215
1101 45 0
1101 46 75
1101 47 0
1101 48 85
1101 49 73
1101 50 0
1101 51 39
1101 52 17
1101 53 91
1101 54 24
1101 55 19
1101 56 0
1101 57 38
1101 58 0
1101 59 0
1101 60 19
1101 61 323
1101 62 0
1101 63 88
1101 64 93
1101 65 14
1101 66 1
1101 67 51
1101 68 11
1101 69 3
1101 70 15
1101 71 44
1101 72 36
1101 73 0
1101 74 1
1101 75 0
1101 76 16
1101 77 58
1101 78 1
1101 79 88
1101 80 45
1101 81 39
1101 82 41
1101 83 12
1101 84 83
1101 85 70
1101 86 110
1101 87 0
1101 88 25
1101 89 12
1101 90 185
1101 91 0
1101 92 9
1101 93 0
1101 94 14
1101 95 4
1126 1 39
1126 2 0
1126 3 33
1126 4 1
1126 5 0
1126 6 38
1126 7 45
1126 8 29
1126 9 1
1126 10 44
1126 11 12
1126 12 76
1126 13 35
1126 14 41
1126 15 30
1126 16 0
1126 17 0
1126 18 47
1126 19 19
1126 20 0
1126 21 49
1126 22 10
1126 23 0
1126 24 39
1126 25 24
1126 26 540
1126 27 2
1126 28 24
1126 29 1
1126 30 69
1126 31 14
1126 32 0
1126 33 10
1126 34 0
1126 35 72
1126 36 0
1126 37 0
1126 38 75
1126 39 45
1126 40 0
1126 41 54
1126 42 27
1126 43 0
1126 44 247
1126 45 0
1126 46 75
1126 47 0
1126 48 108
1126 49 58
1126 50 1
1126 51 32
1126 52 21
1126 53 95
1126 54 18
1126 55 16
1126 56 0
1126 57 30
1126 58 0
1126 59 0
1126 60 26
1126 61 280
1126 62 0
1126 63 100
1126 64 81
1126 65 18
1126 66 0
1126 67 61
1126 68 25
1126 69 2
1126 70 5
1126 71 36
1126 72 40
1126 73 0
1126 74 7
1126 75 0
1126 76 21
1126 77 59
1126 78 1
1126 79 94
1126 80 41
1126 81 36
1126 82 38
1126 83 11
1126 84 71
1126 85 83
1126 86 115
1126 87 0
1126 88 21
1126 89 14
1126 90 181
1126 91 0
1126 92 2
1126 93 0
1126 94 12
1126 95 1
1151 1 32
1151 2 0
1151 3 40
1151 4 0
1151 5 0
1151 6 36
1151 7 70
1151 8 24
1151 9 3
1151 10 50
1151 11 6
1151 12 78
1151 13 33
1151 14 42
1151 15 55
1151 16 1
1151 17 0
1151 18 40
1151 19 19
1151 20 0
1151 21 46
1151 22 11
1151 23 0
1151 24 33
1151 25 15
1151 26 579
1151 27 0
1151 28 19
1151 29 8
1151 30 84
1151 31 11
1151 32 0
1151 33 8
1151 34 0
1151 35 80
1151 36 0
1151 37 0
1151 38 74
1151 39 36
1151 40 0
1151 41 55
1151 42 26
1151 43 0
1151 44 215
1151 45 0
1151 46 79
1151 47 0
1151 48 100
1151 49 89
1151 50 0
1151 51 34
1151 52 22
1151 53 102
1151 54 24
1151 55 14
1151 56 1
1151 57 40
1151 58 0
1151 59 1
1151 60 16
1151 61 269
1151 62 0
1151 63 92
1151 64 99
1151 65 11
1151 66 0
1151 67 41
1151 68 31
1151 69 0
1151 70 0
1151 71 39
1151 72 24
1151 73 1
1151 74 5
1151 75 0
1151 76 16
1151 77 53
1151 78 0
1151 79 84
1151 80 43
1151 81 31
1151 82 47
1151 83 8
1151 84 83
1151 85 89
1151 86 119
1151 87 0
1151 88 19
1151 89 13
1151 90 202
1151 91 0
1151 92 1
1151 93 0
1151 94 14
1151 95 0
1176 1 29
1176 2 0
1176 3 38
1176 4 0
1176 5 0
1176 6 45
1176 7 75
1176 8 16
1176 9 0
1176 10 55
1176 11 3
1176 12 76
1176 13 31
1176 14 36
1176 15 56
1176 16 2
1176 17 0
1176 18 47
1176 19 14
1176 20 0
1176 21 51
1176 22 12
1176 23 2
1176 24 37
1176 25 21
1176 26 585
1176 27 0
1176 28 25
1176 29 0
1176 30 78
1176 31 4
1176 32 0
1176 33 11
1176 34 0
1176 35 73
1176 36 6
1176 37 0
1176 38 68
1176 39 48
1176 40 0
1176 41 51
1176 42 28
1176 43 0
1176 44 234
1176 45 0
1176 46 82
1176 47 0
1176 48 96
1176 49 74
1176 50 0
1176 51 30
1176 52 21
1176 53 105
1176 54 30
1176 55 10
1176 56 0
1176 57 35
1176 58 0
1176 59 0
1176 60 36
1176 61 246
1176 62 0
1176 63 74
1176 64 124
1176 65 11
1176 66 1
1176 67 39
1176 68 20
1176 69 0
1176 70 0
1176 71 42
1176 72 15
1176 73 0
1176 74 7
1176 75 3
1176 76 18
1176 77 56
1176 78 0
1176 79 81
1176 80 40
1176 81 41
1176 82 44
1176 83 7
1176 84 89
1176 85 74
1176 86 114
1176 87 0
1176 88 20
1176 89 2
1176 90 189
1176 91 0
1176 92 0
1176 93 0
1176 94 9
1176 95 0
1201 1 35
1201 2 0
1201 3 42
1201 4 0
1201 5 0
1201 6 44
1201 7 61
1201 8 22
1201 9 0
1201 10 58
1201 11 14
1201 12 71
1201 13 40
1201 14 48
1201 15 57
1201 16 6
1201 17 0
1201 18 55
1201 19 21
1201 20 0
1201 21 47
1201 22 8
1201 23 0
1201 24 39
1201 25 18
1201 26 574
1201 27 0
1201 28 20
1201 29 0
1201 30 79
1201 31 22
1201 32 0
1201 33 10
1201 34 0
1201 35 65
1201 36 2
1201 37 0
1201 38 68
1201 39 35
1201 40 0
1201 41 34
1201 42 31
1201 43 0
1201 44 241
1201 45 0
1201 46 69
1201 47 0
1201 48 96
1201 49 69
1201 50 0
1201 51 20
1201 52 15
1201 53 102
1201 54 33
1201 55 11
1201 56 0
1201 57 36
1201 58 0
1201 59 1
1201 60 42
1201 61 258
1201 62 0
1201 63 96
1201 64 129
1201 65 14
1201 66 0
1201 67 41
1201 68 18
1201 69 0
1201 70 0
1201 71 24
1201 72 13
1201 73 0
1201 74 0
1201 75 0
1201 76 11
1201 77 62
1201 78 0
1201 79 88
1201 80 40
1201 81 35
1201 82 41
1201 83 13
1201 84 81
1201 85 78
1201 86 112
1201 87 0
1201 88 17
1201 89 0
1201 90 190
1201 91 1
1201 92 0
1201 93 0
1201 94 8
1201 95 0
1226 1 34
1226 2 0
1226 3 41
1226 4 1
1226 5 0
1226 6 42
1226 7 61
1226 8 28
1226 9 0
1226 10 57
1226 11 16
1226 12 80
1226 13 41
1226 14 41
1226 15 68
1226 16 4
1226 17 0
1226 18 51
1226 19 16
1226 20 0
1226 21 55
1226 22 8
1226 23 2
1226 24 40
1226 25 28
1226 26 575
1226 27 0
1226 28 21
1226 29 0
1226 30 78
1226 31 21
1226 32 0
1226 33 0
1226 34 0
1226 35 55
1226 36 22
1226 37 0
1226 38 75
1226 39 42
1226 40 0
1226 41 36
1226 42 25
1226 43 0
1226 44 225
1226 45 0
1226 46 74
1226 47 0
1226 48 82
1226 49 77
1226 50 0
1226 51 18
1226 52 20
1226 53 109
1226 54 21
1226 55 12
1226 56 0
1226 57 17
1226 58 0
1226 59 7
1226 60 49
1226 61 267
1226 62 0
1226 63 94
1226 64 135
1226 65 14
1226 66 0
1226 67 51
1226 68 24
1226 69 0
1226 70 0
1226 71 43
1226 72 7
1226 73 0
1226 74 0
1226 75 0
1226 76 16
1226 77 66
1226 78 0
1226 79 72
1226 80 51
1226 81 38
1226 82 40
1226 83 12
1226 84 102
1226 85 67
1226 86 113
1226 87 1
1226 88 21
1226 89 0
1226 90 163
1226 91 0
1226 92 0
1226 93 0
1226 94 20
1226 95 0
1251 1 33
1251 2 0
1251 3 39
1251 4 20
1251 5 0
1251 6 32
1251 7 69
1251 8 0
1251 9 0
1251 10 54
1251 11 37
1251 12 85
1251 13 35
1251 14 48
1251 15 56
1251 16 0
1251 17 0
1251 18 58
1251 19 18
1251 20 0
1251 21 51
1251 22 0
1251 23 0
1251 24 40
1251 25 16
1251 26 570
1251 27 0
1251 28 27
1251 29 19
1251 30 61
1251 31 14
1251 32 0
1251 33 0
1251 34 0
1251 35 33
1251 36 18
1251 37 1
1251 38 71
1251 39 38
1251 40 0
1251 41 38
1251 42 31
1251 43 0
1251 44 226
1251 45 0
1251 46 73
1251 47 0
1251 48 102
1251 49 81
1251 50 1
1251 51 19
1251 52 19
1251 53 91
1251 54 23
1251 55 17
1251 56 0
1251 57 23
1251 58 0
1251 59 5
1251 60 52
1251 61 235
1251 62 0
1251 63 132
1251 64 136
1251 65 0
1251 66 0
1251 67 41
1251 68 32
1251 69 0
1251 70 0
1251 71 42
1251 72 11
1251 73 1
1251 74 0
1251 75 0
1251 76 15
1251 77 60
1251 78 0
1251 79 106
1251 80 45
1251 81 50
1251 82 45
1251 83 16
1251 84 98
1251 85 76
1251 86 126
1251 87 0
1251 88 21
1251 89 0
1251 90 167
1251 91 0
1251 92 0
1251 93 0
1251 94 9
1251 95 0
1276 1 42
1276 2 1
1276 3 39
1276 4 16
1276 5 1
1276 6 40
1276 7 69
1276 8 19
1276 9 0
1276 10 66
1276 11 36
1276 12 60
1276 13 33
1276 14 24
1276 15 60
1276 16 0
1276 17 0
1276 18 80
1276 19 22
1276 20 0
1276 21 45
1276 22 0
1276 23 0
1276 24 32
1276 25 39
1276 26 581
1276 27 0
1276 28 27
1276 29 20
1276 30 59
1276 31 28
1276 32 0
1276 33 0
1276 34 1
1276 35 36
1276 36 15
1276 37 0
1276 38 67
1276 39 26
1276 40 0
1276 41 42
1276 42 9
1276 43 0
1276 44 235
1276 45 0
1276 46 69
1276 47 1
1276 48 91
1276 49 80
1276 50 0
1276 51 22
1276 52 12
1276 53 106
1276 54 20
1276 55 18
1276 56 0
1276 57 18
1276 58 1
1276 59 2
1276 60 50
1276 61 235
1276 62 0
1276 63 111
1276 64 90
1276 65 0
1276 66 0
1276 67 39
1276 68 27
1276 69 0
1276 70 0
1276 71 36
1276 72 0
1276 73 21
1276 74 0
1276 75 1
1276 76 15
1276 77 63
1276 78 0
1276 79 86
1276 80 48
1276 81 42
1276 82 47
1276 83 16
1276 84 93
1276 85 65
1276 86 117
1276 87 1
1276 88 37
1276 89 0
1276 90 159
1276 91 0
1276 92 1
1276 93 0
1276 94 16
1276 95 0
1301 1 28
1301 2 0
1301 3 39
1301 4 20
1301 5 0
1301 6 35
1301 7 42
1301 8 2
1301 9 0
1301 10 53
1301 11 32
1301 12 33
1301 13 38
1301 14 40
1301 15 72
1301 16 0
1301 17 0
1301 18 87
1301 19 19
1301 20 0
1301 21 38
1301 22 0
1301 23 0
1301 24 36
1301 25 48
1301 26 606
1301 27 0
1301 28 22
1301 29 20
1301 30 62
1301 31 11
1301 32 0
1301 33 0
1301 34 7
1301 35 30
1301 36 23
1301 37 0
1301 38 77
1301 39 43
1301 40 0
1301 41 38
1301 42 0
1301 43 0
1301 44 231
1301 45 0
1301 46 90
1301 47 0
1301 48 96
1301 49 97
1301 50 0
1301 51 12
1301 52 6
1301 53 93
1301 54 23
1301 55 49
1301 56 0
1301 57 16
1301 58 0
1301 59 0
1301 60 47
1301 61 227
1301 62 0
1301 63 106
1301 64 113
1301 65 0
1301 66 0
1301 67 55
1301 68 20
1301 69 0
1301 70 0
1301 71 33
1301 72 1
1301 73 41
1301 74 0
1301 75 0
1301 76 13
1301 77 56
1301 78 4
1301 79 110
1301 80 41
1301 81 55
1301 82 57
1301 83 16
1301 84 95
1301 85 74
1301 86 139
1301 87 0
1301 88 32
1301 89 0
1301 90 160
1301 91 1
1301 92 12
1301 93 1
1301 94 8
1301 95 0
1326 1 31
1326 2 0
1326 3 36
1326 4 19
1326 5 2
1326 6 24
1326 7 35
1326 8 0
1326 9 1
1326 10 60
1326 11 40
1326 12 39
1326 13 39
1326 14 44
1326 15 43
1326 16 0
1326 17 18
1326 18 92
1326 19 21
1326 20 13
1326 21 31
1326 22 1
1326 23 0
1326 24 29
1326 25 33
1326 26 612
1326 27 0
1326 28 19
1326 29 21
1326 30 65
1326 31 32
1326 32 0
1326 33 0
1326 34 17
1326 35 8
1326 36 11
1326 37 0
1326 38 80
1326 39 38
1326 40 0
1326 41 41
1326 42 0
1326 43 6
1326 44 230
1326 45 0
1326 46 76
1326 47 0
1326 48 87
1326 49 98
1326 50 0
1326 51 21
1326 52 20
1326 53 100
1326 54 20
1326 55 40
1326 56 0
1326 57 19
1326 58 0
1326 59 0
1326 60 31
1326 61 220
1326 62 0
1326 63 112
1326 64 95
1326 65 0
1326 66 0
1326 67 62
1326 68 7
1326 69 1
1326 70 0
1326 71 36
1326 72 0
1326 73 23
1326 74 1
1326 75 0
1326 76 20
1326 77 61
1326 78 0
1326 79 103
1326 80 38
1326 81 47
1326 82 63
1326 83 9
1326 84 96
1326 85 78
1326 86 160
1326 87 0
1326 88 29
1326 89 0
1326 90 181
1326 91 0
1326 92 7
1326 93 1
1326 94 23
1326 95 1
1351 1 33
1351 2 0
1351 3 35
1351 4 13
1351 5 0
1351 6 23
1351 7 23
1351 8 0
1351 9 1
1351 10 80
1351 11 40
1351 12 48
1351 13 39
1351 14 39
1351 15 35
1351 16 0
1351 17 7
1351 18 81
1351 19 19
1351 20 4
1351 21 29
1351 22 0
1351 23 2
1351 24 30
1351 25 28
1351 26 620
1351 27 0
1351 28 27
1351 29 22
1351 30 78
1351 31 35
1351 32 0
1351 33 0
1351 34 11
1351 35 16
1351 36 12
1351 37 0
1351 38 62
1351 39 33
1351 40 0
1351 41 41
1351 42 0
1351 43 0
1351 44 228
1351 45 0
1351 46 77
1351 47 0
1351 48 89
1351 49 106
1351 50 0
1351 51 23
1351 52 21
1351 53 87
1351 54 30
1351 55 32
1351 56 0
1351 57 20
1351 58 0
1351 59 0
1351 60 28
1351 61 184
1351 62 1
1351 63 103
1351 64 87
1351 65 0
1351 66 0
1351 67 69
1351 68 11
1351 69 0
1351 70 0
1351 71 48
1351 72 0
1351 73 21
1351 74 0
1351 75 0
1351 76 13
1351 77 60
1351 78 0
1351 79 106
1351 80 39
1351 81 49
1351 82 40
1351 83 10
1351 84 105
1351 85 91
1351 86 151
1351 87 0
1351 88 27
1351 89 1
1351 90 167
1351 91 0
1351 92 9
1351 93 1
1351 94 41
1351 95 0
1376 1 37
1376 2 0
1376 3 38
1376 4 5
1376 5 0
1376 6 25
1376 7 24
1376 8 0
1376 9 1
1376 10 107
1376 11 39
1376 12 40
1376 13 33
1376 14 17
1376 15 33
1376 16 0
1376 17 0
1376 18 89
1376 19 10
1376 20 1
1376 21 34
1376 22 1
1376 23 0
1376 24 35
1376 25 11
1376 26 600
1376 27 0
1376 28 20
1376 29 22
1376 30 76
1376 31 26
1376 32 15
1376 33 0
1376 34 23
1376 35 3
1376 36 22
1376 37 1
1376 38 72
1376 39 35
1376 40 0
1376 41 44
1376 42 0
1376 43 0
1376 44 228
1376 45 1
1376 46 78
1376 47 1
1376 48 98
1376 49 93
1376 50 3
1376 51 19
1376 52 23
1376 53 110
1376 54 25
1376 55 22
1376 56 0
1376 57 19
1376 58 0
1376 59 0
1376 60 32
1376 61 196
1376 62 0
1376 63 95
1376 64 96
1376 65 0
1376 66 0
1376 67 71
1376 68 23
1376 69 0
1376 70 0
1376 71 34
1376 72 0
1376 73 19
1376 74 0
1376 75 0
1376 76 19
1376 77 64
1376 78 1
1376 79 122
1376 80 61
1376 81 45
1376 82 39
1376 83 18
1376 84 81
1376 85 79
1376 86 158
1376 87 0
1376 88 30
1376 89 4
1376 90 177
1376 91 0
1376 92 16
1376 93 0
1376 94 39
1376 95 0
1401 1 43
1401 2 0
1401 3 42
1401 4 0
1401 5 0
1401 6 17
1401 7 17
1401 8 0
1401 9 3
1401 10 87
1401 11 39
1401 12 51
1401 13 42
1401 14 19
1401 15 31
1401 16 0
1401 17 0
1401 18 84
1401 19 12
1401 20 0
1401 21 26
1401 22 0
1401 23 0
1401 24 26
1401 25 27
1401 26 621
1401 27 1
1401 28 27
1401 29 15
1401 30 69
1401 31 29
1401 32 19
1401 33 0
1401 34 38
1401 35 2
1401 36 27
1401 37 3
1401 38 71
1401 39 38
1401 40 0
1401 41 42
1401 42 0
1401 43 0
1401 44 218
1401 45 0
1401 46 71
1401 47 0
1401 48 88
1401 49 88
1401 50 1
1401 51 19
1401 52 19
1401 53 88
1401 54 4
1401 55 16
1401 56 0
1401 57 19
1401 58 0
1401 59 0
1401 60 27
1401 61 210
1401 62 0
1401 63 109
1401 64 80
1401 65 0
1401 66 0
1401 67 65
1401 68 29
1401 69 0
1401 70 0
1401 71 41
1401 72 5
1401 73 39
1401 74 0
1401 75 0
1401 76 18
1401 77 56
1401 78 0
1401 79 128
1401 80 55
1401 81 56
1401 82 55
1401 83 11
1401 84 108
1401 85 69
1401 86 157
1401 87 0
1401 88 37
1401 89 1
1401 90 164
1401 91 0
1401 92 23
1401 93 0
1401 94 44
1401 95 0
1426 1 51
1426 2 0
1426 3 39
1426 4 1
1426 5 0
1426 6 20
1426 7 17
1426 8 0
1426 9 1
1426 10 91
1426 11 34
1426 12 58
1426 13 32
1426 14 24
1426 15 28
1426 16 3
1426 17 0
1426 18 96
1426 19 17
1426 20 1
1426 21 29
1426 22 2
1426 23 0
1426 24 33
1426 25 18
1426 26 626
1426 27 0
1426 28 24
1426 29 25
1426 30 65
1426 31 28
1426 32 18
1426 33 0
1426 34 39
1426 35 0
1426 36 37
1426 37 0
1426 38 75
1426 39 33
1426 40 0
1426 41 44
1426 42 0
1426 43 0
1426 44 250
1426 45 0
1426 46 73
1426 47 0
1426 48 88
1426 49 86
1426 50 0
1426 51 24
1426 52 18
1426 53 94
1426 54 0
1426 55 30
1426 56 0
1426 57 21
1426 58 0
1426 59 0
1426 60 25
1426 61 215
1426 62 1
1426 63 111
1426 64 71
1426 65 0
1426 66 0
1426 67 52
1426 68 35
1426 69 0
1426 70 0
1426 71 33
1426 72 11
1426 73 42
1426 74 0
1426 75 0
1426 76 17
1426 77 55
1426 78 0
1426 79 142
1426 80 66
1426 81 53
1426 82 83
1426 83 17
1426 84 90
1426 85 71
1426 86 150
1426 87 0
1426 88 36
1426 89 0
1426 90 158
1426 91 2
1426 92 20
1426 93 0
1426 94 36
1426 95 0
1451 1 39
1451 2 0
1451 3 37
1451 4 2
1451 5 0
1451 6 26
1451 7 13
1451 8 0
1451 9 0
1451 10 99
1451 11 36
1451 12 61
1451 13 39
1451 14 16
1451 15 31
1451 16 0
1451 17 0
1451 18 78
1451 19 16
1451 20 0
1451 21 20
1451 22 0
1451 23 0
1451 24 26
1451 25 17
1451 26 581
1451 27 0
1451 28 14
1451 29 31
1451 30 72
1451 31 28
1451 32 24
1451 33 0
1451 34 38
1451 35 0
1451 36 44
1451 37 0
1451 38 74
1451 39 18
1451 40 0
1451 41 36
1451 42 0
1451 43 3
1451 44 248
1451 45 0
1451 46 78
1451 47 0
1451 48 98
1451 49 62
1451 50 2
1451 51 19
1451 52 16
1451 53 102
1451 54 0
1451 55 11
1451 56 0
1451 57 19
1451 58 0
1451 59 0
1451 60 42
1451 61 190
1451 62 0
1451 63 102
1451 64 75
1451 65 0
1451 66 0
1451 67 41
1451 68 43
1451 69 0
1451 70 0
1451 71 45
1451 72 13
1451 73 41
1451 74 0
1451 75 0
1451 76 20
1451 77 84
1451 78 0
1451 79 119
1451 80 69
1451 81 52
1451 82 75
1451 83 9
1451 84 98
1451 85 75
1451 86 146
1451 87 0
1451 88 41
1451 89 0
1451 90 152
1451 91 0
1451 92 34
1451 93 0
1451 94 19
1451 95 0
1476 1 41
1476 2 0
1476 3 40
1476 4 0
1476 5 0
1476 6 36
1476 7 0
1476 8 0
1476 9 0
1476 10 93
1476 11 37
1476 12 45
1476 13 40
1476 14 20
1476 15 29
1476 16 0
1476 17 0
1476 18 88
1476 19 17
1476 20 0
1476 21 25
1476 22 1
1476 23 0
1476 24 29
1476 25 22
1476 26 560
1476 27 1
1476 28 24
1476 29 42
1476 30 56
1476 31 29
1476 32 21
1476 33 0
1476 34 40
1476 35 0
1476 36 33
1476 37 0
1476 38 78
1476 39 23
1476 40 1
1476 41 36
1476 42 0
1476 43 8
1476 44 264
1476 45 0
1476 46 79
1476 47 0
1476 48 85
1476 49 69
1476 50 0
1476 51 23
1476 52 22
1476 53 99
1476 54 0
1476 55 12
1476 56 0
1476 57 19
1476 58 0
1476 59 1
1476 60 29
1476 61 225
1476 62 0
1476 63 116
1476 64 65
1476 65 0
1476 66 0
1476 67 49
1476 68 40
1476 69 0
1476 70 0
1476 71 45
1476 72 10
1476 73 35
1476 74 0
1476 75 0
1476 76 8
1476 77 79
1476 78 2
1476 79 115
1476 80 64
1476 81 37
1476 82 83
1476 83 20
1476 84 96
1476 85 83
1476 86 153
1476 87 0
1476 88 35
1476 89 8
1476 90 141
1476 91 0
1476 92 31
1476 93 1
1476 94 22
1476 95 0
1501 1 52
1501 2 0
1501 3 20
1501 4 1
1501 5 0
1501 6 41
1501 7 0
1501 8 0
1501 9 0
1501 10 106
1501 11 34
1501 12 46
1501 13 30
1501 14 21
1501 15 17
1501 16 0
1501 17 0
1501 18 67
1501 19 18
1501 20 0
1501 21 35
1501 22 0
1501 23 0
1501 24 29
1501 25 13
1501 26 528
1501 27 4
1501 28 21
1501 29 40
1501 30 83
1501 31 30
1501 32 25
1501 33 2
1501 34 40
1501 35 0
1501 36 31
1501 37 0
1501 38 80
1501 39 20
1501 40 0
1501 41 39
1501 42 0
1501 43 12
1501 44 266
1501 45 0
1501 46 82
1501 47 2
1501 48 79
1501 49 79
1501 50 0
1501 51 20
1501 52 17
1501 53 89
1501 54 0
1501 55 20
1501 56 0
1501 57 22
1501 58 0
1501 59 0
1501 60 43
1501 61 225
1501 62 0
1501 63 105
1501 64 86
1501 65 0
1501 66 0
1501 67 44
1501 68 38
1501 69 0
1501 70 3
1501 71 42
1501 72 0
1501 73 21
1501 74 0
1501 75 1
1501 76 13
1501 77 98
1501 78 0
1501 79 128
1501 80 57
1501 81 40
1501 82 75
1501 83 20
1501 84 79
1501 85 91
1501 86 142
1501 87 0
1501 88 30
1501 89 21
1501 90 163
1501 91 0
1501 92 32
1501 93 0
1501 94 37
1501 95 2
1526 1 41
1526 2 0
1526 3 0
1526 4 0
1526 5 4
1526 6 40
1526 7 1
1526 8 0
1526 9 0
1526 10 104
1526 11 36
1526 12 56
1526 13 40
1526 14 20
1526 15 15
1526 16 1
1526 17 0
1526 18 84
1526 19 18
1526 20 0
1526 21 36
1526 22 0
1526 23 3
1526 24 34
1526 25 17
1526 26 518
1526 27 0
1526 28 20
1526 29 33
1526 30 114
1526 31 24
1526 32 21
1526 33 0
1526 34 40
1526 35 0
1526 36 36
1526 37 0
1526 38 74
1526 39 16
1526 40 0
1526 41 39
1526 42 1
1526 43 2
1526 44 263
1526 45 0
1526 46 76
1526 47 0
1526 48 91
1526 49 79
1526 50 0
1526 51 23
1526 52 20
1526 53 84
1526 54 0
1526 55 0
1526 56 0
1526 57 39
1526 58 0
1526 59 0
1526 60 36
1526 61 228
1526 62 0
1526 63 109
1526 64 80
1526 65 0
1526 66 0
1526 67 40
1526 68 62
1526 69 0
1526 70 0
1526 71 45
1526 72 1
1526 73 20
1526 74 0
1526 75 2
1526 76 20
1526 77 92
1526 78 1
1526 79 118
1526 80 69
1526 81 39
1526 82 74
1526 83 14
1526 84 81
1526 85 89
1526 86 156
1526 87 0
1526 88 30
1526 89 19
1526 90 181
1526 91 0
1526 92 38
1526 93 0
1526 94 37
1526 95 1
1551 1 34
1551 2 2
1551 3 0
1551 4 0
1551 5 0
1551 6 39
1551 7 20
1551 8 0
1551 9 0
1551 10 99
1551 11 30
1551 12 56
1551 13 33
1551 14 22
1551 15 2
1551 16 2
1551 17 0
1551 18 87
1551 19 19
1551 20 28
1551 21 29
1551 22 0
1551 23 1
1551 24 30
1551 25 18
1551 26 524
1551 27 0
1551 28 12
1551 29 21
1551 30 141
1551 31 16
1551 32 15
1551 33 0
1551 34 42
1551 35 0
1551 36 26
1551 37 0
1551 38 67
1551 39 21
1551 40 0
1551 41 36
1551 42 0
1551 43 0
1551 44 278
1551 45 0
1551 46 73
1551 47 0
1551 48 100
1551 49 70
1551 50 0
1551 51 33
1551 52 24
1551 53 70
1551 54 0
1551 55 0
1551 56 0
1551 57 37
1551 58 0
1551 59 1
1551 60 41
1551 61 193
1551 62 0
1551 63 113
1551 64 85
1551 65 0
1551 66 0
1551 67 35
1551 68 56
1551 69 0
1551 70 0
1551 71 43
1551 72 0
1551 73 10
1551 74 1
1551 75 0
1551 76 7
1551 77 59
1551 78 0
1551 79 129
1551 80 55
1551 81 41
1551 82 83
1551 83 7
1551 84 83
1551 85 105
1551 86 161
1551 87 0
1551 88 27
1551 89 18
1551 90 201
1551 91 0
1551 92 50
1551 93 0
1551 94 39
1551 95 0
1576 1 27
1576 2 0
1576 3 0
1576 4 1
1576 5 0
1576 6 40
1576 7 20
1576 8 0
1576 9 0
1576 10 103
1576 11 1
1576 12 59
1576 13 32
1576 14 22
1576 15 0
1576 16 0
1576 17 0
1576 18 100
1576 19 17
1576 20 34
1576 21 12
1576 22 0
1576 23 0
1576 24 39
1576 25 15
1576 26 557
1576 27 0
1576 28 23
1576 29 21
1576 30 105
1576 31 12
1576 32 15
1576 33 0
1576 34 10
1576 35 1
1576 36 43
1576 37 0
1576 38 74
1576 39 19
1576 40 0
1576 41 18
1576 42 0
1576 43 0
1576 44 284
1576 45 0
1576 46 77
1576 47 0
1576 48 83
1576 49 61
1576 50 0
1576 51 37
1576 52 23
1576 53 74
1576 54 0
1576 55 0
1576 56 1
1576 57 41
1576 58 0
1576 59 0
1576 60 29
1576 61 206
1576 62 0
1576 63 123
1576 64 82
1576 65 0
1576 66 16
1576 67 41
1576 68 46
1576 69 0
1576 70 1
1576 71 31
1576 72 1
1576 73 26
1576 74 0
1576 75 0
1576 76 21
1576 77 49
1576 78 0
1576 79 129
1576 80 78
1576 81 36
1576 82 102
1576 83 17
1576 84 75
1576 85 113
1576 86 214
1576 87 0
1576 88 37
1576 89 20
1576 90 193
1576 91 0
1576 92 75
1576 93 0
1576 94 34
1576 95 0
1601 1 37
1601 2 0
1601 3 0
1601 4 0
1601 5 1
1601 6 40
1601 7 23
1601 8 0
1601 9 1
1601 10 105
1601 11 0
1601 12 52
1601 13 32
1601 14 6
1601 15 0
1601 16 0
1601 17 0
1601 18 86
1601 19 0
1601 20 37
1601 21 30
1601 22 0
1601 23 0
1601 24 43
1601 25 17
1601 26 561
1601 27 0
1601 28 19
1601 29 20
1601 30 139
1601 31 0
1601 32 17
1601 33 0
1601 34 1
1601 35 0
1601 36 42
1601 37 0
1601 38 62
1601 39 11
1601 40 0
1601 41 15
1601 42 0
1601 43 0
1601 44 249
1601 45 0
1601 46 79
1601 47 0
1601 48 99
1601 49 87
1601 50 18
1601 51 74
1601 52 21
1601 53 80
1601 54 0
1601 55 0
1601 56 0
1601 57 45
1601 58 0
1601 59 0
1601 60 3
1601 61 199
1601 62 0
1601 63 122
1601 64 93
1601 65 2
1601 66 23
1601 67 39
1601 68 27
1601 69 0
1601 70 7
1601 71 35
1601 72 1
1601 73 15
1601 74 0
1601 75 16
1601 76 20
1601 77 37
1601 78 0
1601 79 127
1601 80 58
1601 81 30
1601 82 109
1601 83 11
1601 84 57
1601 85 120
1601 86 218
1601 87 2
1601 88 23
1601 89 16
1601 90 181
1601 91 0
1601 92 71
1601 93 0
1601 94 33
1601 95 0
1626 1 38
1626 2 0
1626 3 4
1626 4 5
1626 5 0
1626 6 42
1626 7 22
1626 8 0
1626 9 0
1626 10 72
1626 11 0
1626 12 44
1626 13 39
1626 14 0
1626 15 0
1626 16 0
1626 17 0
1626 18 84
1626 19 0
1626 20 5
1626 21 25
1626 22 1
1626 23 1
1626 24 52
1626 25 19
1626 26 583
1626 27 0
1626 28 24
1626 29 20
1626 30 153
1626 31 0
1626 32 16
1626 33 0
1626 34 0
1626 35 0
1626 36 43
1626 37 0
1626 38 79
1626 39 14
1626 40 1
1626 41 3
1626 42 0
1626 43 0
1626 44 252
1626 45 0
1626 46 62
1626 47 0
1626 48 97
1626 49 80
1626 50 22
1626 51 79
1626 52 19
1626 53 70
1626 54 1
1626 55 1
1626 56 2
1626 57 36
1626 58 0
1626 59 0
1626 60 10
1626 61 205
1626 62 0
1626 63 127
1626 64 109
1626 65 1
1626 66 24
1626 67 59
1626 68 37
1626 69 0
1626 70 13
1626 71 45
1626 72 1
1626 73 25
1626 74 0
1626 75 9
1626 76 6
1626 77 42
1626 78 0
1626 79 154
1626 80 70
1626 81 33
1626 82 86
1626 83 0
1626 84 65
1626 85 103
1626 86 247
1626 87 0
1626 88 33
1626 89 20
1626 90 152
1626 91 4
1626 92 75
1626 93 0
1626 94 30
1626 95 0
1651 1 24
1651 2 0
1651 3 0
1651 4 12
1651 5 0
1651 6 48
1651 7 20
1651 8 0
1651 9 0
1651 10 95
1651 11 0
1651 12 54
1651 13 36
1651 14 0
1651 15 0
1651 16 0
1651 17 0
1651 18 91
1651 19 0
1651 20 1
1651 21 24
1651 22 0
1651 23 0
1651 24 37
1651 25 22
1651 26 584
1651 27 3
1651 28 29
1651 29 21
1651 30 154
1651 31 0
1651 32 19
1651 33 0
1651 34 0
1651 35 0
1651 36 48
1651 37 0
1651 38 70
1651 39 18
1651 40 0
1651 41 1
1651 42 0
1651 43 0
1651 44 245
1651 45 0
1651 46 79
1651 47 0
1651 48 87
1651 49 133
1651 50 19
1651 51 78
1651 52 26
1651 53 69
1651 54 0
1651 55 1
1651 56 0
1651 57 36
1651 58 0
1651 59 0
1651 60 2
1651 61 214
1651 62 0
1651 63 116
1651 64 110
1651 65 9
1651 66 18
1651 67 66
1651 68 35
1651 69 1
1651 70 12
1651 71 47
1651 72 0
1651 73 19
1651 74 0
1651 75 21
1651 76 7
1651 77 23
1651 78 0
1651 79 141
1651 80 64
1651 81 45
1651 82 83
1651 83 0
1651 84 48
1651 85 99
1651 86 225
1651 87 1
1651 88 34
1651 89 20
1651 90 161
1651 91 0
1651 92 84
1651 93 0
1651 94 36
1651 95 0
1676 1 42
1676 2 0
1676 3 1
1676 4 16
1676 5 0
1676 6 33
1676 7 22
1676 8 0
1676 9 0
1676 10 100
1676 11 2
1676 12 49
1676 13 45
1676 14 0
1676 15 2
1676 16 0
1676 17 0
1676 18 69
1676 19 0
1676 20 4
1676 21 32
1676 22 0
1676 23 1
1676 24 46
1676 25 15
1676 26 570
1676 27 0
1676 28 11
1676 29 21
1676 30 173
1676 31 0
1676 32 21
1676 33 0
1676 34 1
1676 35 0
1676 36 53
1676 37 0
1676 38 62
1676 39 15
1676 40 0
1676 41 0
1676 42 1
1676 43 1
1676 44 251
1676 45 0
1676 46 79
1676 47 1
1676 48 88
1676 49 149
1676 50 12
1676 51 78
1676 52 40
1676 53 81
1676 54 6
1676 55 0
1676 56 1
1676 57 32
1676 58 0
1676 59 0
1676 60 0
1676 61 213
1676 62 0
1676 63 111
1676 64 93
1676 65 5
1676 66 21
1676 67 60
1676 68 19
1676 69 4
1676 70 19
1676 71 33
1676 72 0
1676 73 18
1676 74 0
1676 75 19
1676 76 5
1676 77 21
1676 78 0
1676 79 160
1676 80 54
1676 81 39
1676 82 72
1676 83 0
1676 84 21
1676 85 92
1676 86 191
1676 87 1
1676 88 27
1676 89 18
1676 90 169
1676 91 1
1676 92 94
1676 93 0
1676 94 34
1676 95 0
1701 1 41
1701 2 1
1701 3 0
1701 4 13
1701 5 1
1701 6 40
1701 7 22
1701 8 0
1701 9 0
1701 10 123
1701 11 0
1701 12 50
1701 13 37
1701 14 0
1701 15 0
1701 16 0
1701 17 0
1701 18 74
1701 19 0
1701 20 1
1701 21 27
1701 22 0
1701 23 0
1701 24 41
1701 25 20
1701 26 590
1701 27 0
1701 28 24
1701 29 18
1701 30 149
1701 31 0
1701 32 22
1701 33 0
1701 34 0
1701 35 0
1701 36 48
1701 37 0
1701 38 79
1701 39 16
1701 40 0
1701 41 0
1701 42 1
1701 43 0
1701 44 250
1701 45 0
1701 46 74
1701 47 0
1701 48 90
1701 49 142
1701 50 16
1701 51 78
1701 52 18
1701 53 72
1701 54 16
1701 55 0
1701 56 0
1701 57 38
1701 58 0
1701 59 0
1701 60 0
1701 61 205
1701 62 0
1701 63 107
1701 64 105
1701 65 0
1701 66 19
1701 67 57
1701 68 42
1701 69 18
1701 70 18
1701 71 42
1701 72 0
1701 73 20
1701 74 0
1701 75 16
1701 76 0
1701 77 18
1701 78 0
1701 79 152
1701 80 46
1701 81 37
1701 82 65
1701 83 0
1701 84 20
1701 85 88
1701 86 210
1701 87 0
1701 88 33
1701 89 13
1701 90 169
1701 91 0
1701 92 100
1701 93 0
1701 94 41
1701 95 0
1726 1 41
1726 2 0
1726 3 1
1726 4 12
1726 5 0
1726 6 40
1726 7 22
1726 8 0
1726 9 0
1726 10 140
1726 11 0
1726 12 57
1726 13 37
1726 14 0
1726 15 0
1726 16 0
1726 17 0
1726 18 63
1726 19 1
1726 20 1
1726 21 22
1726 22 0
1726 23 0
1726 24 51
1726 25 13
1726 26 548
1726 27 0
1726 28 20
1726 29 19
1726 30 163
1726 31 0
1726 32 17
1726 33 0
1726 34 0
1726 35 0
1726 36 77
1726 37 1
1726 38 74
1726 39 20
1726 40 0
1726 41 2
1726 42 1
1726 43 0
1726 44 239
1726 45 0
1726 46 69
1726 47 1
1726 48 97
1726 49 158
1726 50 19
1726 51 71
1726 52 13
1726 53 66
1726 54 18
1726 55 10
1726 56 0
1726 57 51
1726 58 0
1726 59 3
1726 60 0
1726 61 179
1726 62 1
1726 63 116
1726 64 114
1726 65 0
1726 66 16
1726 67 68
1726 68 33
1726 69 9
1726 70 13
1726 71 29
1726 72 0
1726 73 5
1726 74 0
1726 75 21
1726 76 0
1726 77 25
1726 78 0
1726 79 145
1726 80 45
1726 81 35
1726 82 58
1726 83 0
1726 84 21
1726 85 101
1726 86 196
1726 87 0
1726 88 37
1726 89 15
1726 90 174
1726 91 11
1726 92 124
1726 93 0
1726 94 31
1726 95 1
1751 1 29
1751 2 0
1751 3 0
1751 4 12
1751 5 0
1751 6 40
1751 7 26
1751 8 0
1751 9 0
1751 10 151
1751 11 0
1751 12 52
1751 13 38
1751 14 0
1751 15 0
1751 16 2
1751 17 0
1751 18 64
1751 19 0
1751 20 1
1751 21 24
1751 22 0
1751 23 0
1751 24 50
1751 25 20
1751 26 582
1751 27 0
1751 28 23
1751 29 21
1751 30 158
1751 31 0
1751 32 21
1751 33 0
1751 34 0
1751 35 1
1751 36 33
1751 37 0
1751 38 84
1751 39 13
1751 40 0
1751 41 0
1751 42 20
1751 43 0
1751 44 258
1751 45 0
1751 46 74
1751 47 0
1751 48 91
1751 49 160
1751 50 16
1751 51 52
1751 52 21
1751 53 49
1751 54 20
1751 55 8
1751 56 0
1751 57 57
1751 58 0
1751 59 0
1751 60 0
1751 61 174
1751 62 0
1751 63 119
1751 64 121
1751 65 2
1751 66 19
1751 67 64
1751 68 46
1751 69 1
1751 70 8
1751 71 35
1751 72 0
1751 73 4
1751 74 0
1751 75 13
1751 76 16
1751 77 15
1751 78 0
1751 79 125
1751 80 49
1751 81 29
1751 82 53
1751 83 0
1751 84 23
1751 85 100
1751 86 202
1751 87 0
1751 88 25
1751 89 20
1751 90 200
1751 91 9
1751 92 115
1751 93 0
1751 94 26
1751 95 0
1776 1 39
1776 2 0
1776 3 0
1776 4 20
1776 5 0
1776 6 40
1776 7 20
1776 8 0
1776 9 11
1776 10 145
1776 11 0
1776 12 62
1776 13 37
1776 14 0
1776 15 0
1776 16 4
1776 17 1
1776 18 46
1776 19 0
1776 20 0
1776 21 25
1776 22 0
1776 23 0
1776 24 45
1776 25 16
1776 26 567
1776 27 0
1776 28 35
1776 29 19
1776 30 161
1776 31 0
1776 32 20
1776 33 0
1776 34 0
1776 35 1
1776 36 65
1776 37 0
1776 38 73
1776 39 20
1776 40 0
1776 41 0
1776 42 21
1776 43 0
1776 44 275
1776 45 0
1776 46 72
1776 47 0
1776 48 99
1776 49 154
1776 50 24
1776 51 40
1776 52 20
1776 53 67
1776 54 19
1776 55 0
1776 56 0
1776 57 54
1776 58 0
1776 59 0
1776 60 2
1776 61 167
1776 62 0
1776 63 111
1776 64 111
1776 65 4
1776 66 22
1776 67 73
1776 68 37
1776 69 0
1776 70 15
1776 71 53
1776 72 0
1776 73 18
1776 74 0
1776 75 23
1776 76 15
1776 77 15
1776 78 0
1776 79 134
1776 80 44
1776 81 38
1776 82 63
1776 83 0
1776 84 19
1776 85 90
1776 86 176
1776 87 0
1776 88 36
1776 89 18
1776 90 163
1776 91 9
1776 92 127
1776 93 0
1776 94 15
1776 95 0
1801 1 66
1801 2 0
1801 3 0
1801 4 10
1801 5 0
1801 6 45
1801 7 23
1801 8 0
1801 9 37
1801 10 141
1801 11 0
1801 12 48
1801 13 39
1801 14 1
1801 15 0
1801 16 0
1801 17 0
1801 18 58
1801 19 0
1801 20 0
1801 21 29
1801 22 1
1801 23 0
1801 24 43
1801 25 20
1801 26 543
1801 27 0
1801 28 41
1801 29 19
1801 30 145
1801 31 0
1801 32 20
1801 33 1
1801 34 0
1801 35 0
1801 36 48
1801 37 3
1801 38 87
1801 39 23
1801 40 0
1801 41 0
1801 42 13
1801 43 0
1801 44 267
1801 45 0
1801 46 67
1801 47 1
1801 48 82
1801 49 152
1801 50 19
1801 51 39
1801 52 17
1801 53 60
1801 54 25
1801 55 0
1801 56 0
1801 57 58
1801 58 5
1801 59 0
1801 60 0
1801 61 161
1801 62 0
1801 63 109
1801 64 131
1801 65 0
1801 66 22
1801 67 66
1801 68 39
1801 69 0
1801 70 21
1801 71 34
1801 72 0
1801 73 14
1801 74 0
1801 75 20
1801 76 14
1801 77 36
1801 78 0
1801 79 136
1801 80 44
1801 81 34
1801 82 51
1801 83 0
1801 84 22
1801 85 93
1801 86 168
1801 87 0
1801 88 21
1801 89 19
1801 90 161
1801 91 14
1801 92 123
1801 93 0
1801 94 17
1801 95 0
1826 1 49
1826 2 2
1826 3 0
1826 4 17
1826 5 0
1826 6 44
1826 7 31
1826 8 0
1826 9 36
1826 10 144
1826 11 0
1826 12 54
1826 13 37
1826 14 0
1826 15 0
1826 16 0
1826 17 0
1826 18 52
1826 19 0
1826 20 0
1826 21 32
1826 22 0
1826 23 0
1826 24 39
1826 25 26
1826 26 558
1826 27 1
1826 28 35
1826 29 22
1826 30 143
1826 31 0
1826 32 20
1826 33 0
1826 34 0
1826 35 0
1826 36 55
1826 37 0
1826 38 82
1826 39 19
1826 40 0
1826 41 0
1826 42 16
1826 43 0
1826 44 251
1826 45 3
1826 46 65
1826 47 1
1826 48 89
1826 49 159
1826 50 19
1826 51 49
1826 52 36
1826 53 59
1826 54 32
1826 55 0
1826 56 0
1826 57 57
1826 58 11
1826 59 0
1826 60 0
1826 61 165
1826 62 0
1826 63 109
1826 64 130
1826 65 0
1826 66 25
1826 67 60
1826 68 33
1826 69 0
1826 70 11
1826 71 31
1826 72 0
1826 73 20
1826 74 0
1826 75 20
1826 76 16
1826 77 42
1826 78 0
1826 79 125
1826 80 55
1826 81 39
1826 82 19
1826 83 1
1826 84 20
1826 85 83
1826 86 160
1826 87 0
1826 88 22
1826 89 20
1826 90 171
1826 91 15
1826 92 121
1826 93 0
1826 94 21
1826 95 0
1851 1 64
1851 2 0
1851 3 0
1851 4 14
1851 5 0
1851 6 44
1851 7 22
1851 8 0
1851 9 31
1851 10 148
1851 11 1
1851 12 60
1851 13 43
1851 14 0
1851 15 0
1851 16 0
1851 17 0
1851 18 57
1851 19 0
1851 20 0
1851 21 33
1851 22 0
1851 23 1
1851 24 38
1851 25 25
1851 26 552
1851 27 0
1851 28 39
1851 29 21
1851 30 141
1851 31 0
1851 32 24
1851 33 0
1851 34 0
1851 35 0
1851 36 53
1851 37 0
1851 38 76
1851 39 20
1851 40 0
1851 41 0
1851 42 16
1851 43 4
1851 44 254
1851 45 1
1851 46 56
1851 47 0
1851 48 91
1851 49 157
1851 50 13
1851 51 36
1851 52 34
1851 53 66
1851 54 25
1851 55 0
1851 56 0
1851 57 58
1851 58 17
1851 59 0
1851 60 0
1851 61 178
1851 62 0
1851 63 89
1851 64 131
1851 65 0
1851 66 20
1851 67 61
1851 68 29
1851 69 1
1851 70 10
1851 71 26
1851 72 1
1851 73 12
1851 74 0
1851 75 1
1851 76 16
1851 77 44
1851 78 1
1851 79 125
1851 80 69
1851 81 45
1851 82 20
1851 83 0
1851 84 20
1851 85 83
1851 86 154
1851 87 0
1851 88 26
1851 89 20
1851 90 166
1851 91 31
1851 92 126
1851 93 0
1851 94 20
1851 95 0
1876 1 60
1876 2 0
1876 3 0
1876 4 15
1876 5 1
1876 6 60
1876 7 18
1876 8 0
1876 9 25
1876 10 164
1876 11 0
1876 12 53
1876 13 39
1876 14 0
1876 15 0
1876 16 0
1876 17 0
1876 18 38
1876 19 0
1876 20 0
1876 21 31
1876 22 0
1876 23 0
1876 24 31
1876 25 22
1876 26 520
1876 27 0
1876 28 33
1876 29 20
1876 30 148
1876 31 0
1876 32 20
1876 33 0
1876 34 0
1876 35 0
1876 36 49
1876 37 0
1876 38 71
1876 39 24
1876 40 1
1876 41 0
1876 42 20
1876 43 0
1876 44 261
1876 45 0
1876 46 92
1876 47 6
1876 48 107
1876 49 174
1876 50 15
1876 51 24
1876 52 34
1876 53 66
1876 54 24
1876 55 0
1876 56 0
1876 57 54
1876 58 2
1876 59 0
1876 60 0
1876 61 173
1876 62 0
1876 63 110
1876 64 132
1876 65 0
1876 66 13
1876 67 64
1876 68 51
1876 69 1
1876 70 30
1876 71 23
1876 72 0
1876 73 4
1876 74 0
1876 75 0
1876 76 14
1876 77 41
1876 78 0
1876 79 108
1876 80 82
1876 81 29
1876 82 19
1876 83 0
1876 84 21
1876 85 122
1876 86 161
1876 87 0
1876 88 19
1876 89 20
1876 90 174
1876 91 10
1876 92 97
1876 93 0
1876 94 18
1876 95 0
1901 1 47
1901 2 0
1901 3 0
1901 4 16
1901 5 0
1901 6 62
1901 7 18
1901 8 0
1901 9 3
1901 10 179
1901 11 0
1901 12 55
1901 13 40
1901 14 1
1901 15 0
1901 16 0
1901 17 0
1901 18 33
1901 19 0
1901 20 0
1901 21 32
1901 22 1
1901 23 0
1901 24 29
1901 25 21
1901 26 542
1901 27 0
1901 28 38
1901 29 17
1901 30 171
1901 31 2
1901 32 24
1901 33 0
1901 34 0
1901 35 0
1901 36 45
1901 37 0
1901 38 71
1901 39 25
1901 40 6
1901 41 0
1901 42 13
1901 43 0
1901 44 266
1901 45 2
1901 46 100
1901 47 3
1901 48 98
1901 49 194
1901 50 20
1901 51 20
1901 52 39
1901 53 60
1901 54 21
1901 55 0
1901 56 0
1901 57 53
1901 58 0
1901 59 0
1901 60 0
1901 61 164
1901 62 0
1901 63 119
1901 64 132
1901 65 0
1901 66 20
1901 67 64
1901 68 38
1901 69 0
1901 70 27
1901 71 20
1901 72 0
1901 73 10
1901 74 0
1901 75 0
1901 76 12
1901 77 40
1901 78 0
1901 79 105
1901 80 91
1901 81 11
1901 82 20
1901 83 1
1901 84 20
1901 85 136
1901 86 156
1901 87 1
1901 88 21
1901 89 18
1901 90 177
1901 91 13
1901 92 83
1901 93 0
1901 94 20
1901 95 0
1926 1 41
1926 2 0
1926 3 0
1926 4 11
1926 5 0
1926 6 58
1926 7 23
1926 8 0
1926 9 0
1926 10 164
1926 11 0
1926 12 57
1926 13 37
1926 14 0
1926 15 0
1926 16 1
1926 17 1
1926 18 33
1926 19 0
1926 20 0
1926 21 23
1926 22 0
1926 23 0
1926 24 34
1926 25 20
1926 26 513
1926 27 0
1926 28 33
1926 29 19
1926 30 166
1926 31 0
1926 32 23
1926 33 0
1926 34 0
1926 35 0
1926 36 46
1926 37 0
1926 38 62
1926 39 20
1926 40 4
1926 41 0
1926 42 20
1926 43 0
1926 44 246
1926 45 0
1926 46 104
1926 47 0
1926 48 90
1926 49 205
1926 50 19
1926 51 19
1926 52 47
1926 53 72
1926 54 23
1926 55 0
1926 56 0
1926 57 63
1926 58 2
1926 59 0
1926 60 0
1926 61 185
1926 62 0
1926 63 101
1926 64 136
1926 65 0
1926 66 20
1926 67 55
1926 68 37
1926 69 1
1926 70 22
1926 71 23
1926 72 0
1926 73 13
1926 74 0
1926 75 0
1926 76 11
1926 77 43
1926 78 1
1926 79 94
1926 80 75
1926 81 10
1926 82 21
1926 83 0
1926 84 25
1926 85 166
1926 86 164
1926 87 0
1926 88 19
1926 89 12
1926 90 179
1926 91 8
1926 92 74
1926 93 0
1926 94 17
1926 95 0
1951 1 34
1951 2 0
1951 3 0
1951 4 19
1951 5 0
1951 6 67
1951 7 20
1951 8 11
1951 9 0
1951 10 162
1951 11 1
1951 12 79
1951 13 31
1951 14 0
1951 15 0
1951 16 1
1951 17 0
1951 18 38
1951 19 11
1951 20 0
1951 21 32
1951 22 0
1951 23 0
1951 24 33
1951 25 17
1951 26 571
1951 27 0
1951 28 33
1951 29 10
1951 30 145
1951 31 0
1951 32 19
1951 33 1
1951 34 0
1951 35 0
1951 36 49
1951 37 0
1951 38 71
1951 39 14
1951 40 0
1951 41 0
1951 42 1
1951 43 1
1951 44 269
1951 45 0
1951 46 116
1951 47 1
1951 48 94
1951 49 173
1951 50 10
1951 51 19
1951 52 46
1951 53 60
1951 54 18
1951 55 0
1951 56 0
1951 57 32
1951 58 0
1951 59 0
1951 60 0
1951 61 197
1951 62 0
1951 63 109
1951 64 135
1951 65 6
1951 66 19
1951 67 69
1951 68 42
1951 69 2
1951 70 53
1951 71 17
1951 72 0
1951 73 0
1951 74 1
1951 75 0
1951 76 12
1951 77 54
1951 78 0
1951 79 111
1951 80 85
1951 81 0
1951 82 23
1951 83 0
1951 84 21
1951 85 160
1951 86 156
1951 87 0
1951 88 15
1951 89 18
1951 90 173
1951 91 15
1951 92 85
1951 93 0
1951 94 22
1951 95 0
1976 1 35
1976 2 0
1976 3 0
1976 4 17
1976 5 1
1976 6 66
1976 7 20
1976 8 13
1976 9 2
1976 10 175
1976 11 0
1976 12 66
1976 13 42
1976 14 1
1976 15 0
1976 16 1
1976 17 0
1976 18 32
1976 19 3
1976 20 0
1976 21 29
1976 22 4
1976 23 0
1976 24 33
1976 25 16
1976 26 527
1976 27 1
1976 28 45
1976 29 2
1976 30 144
1976 31 0
1976 32 24
1976 33 1
1976 34 0
1976 35 1
1976 36 36
1976 37 0
1976 38 67
1976 39 7
1976 40 0
1976 41 0
1976 42 0
1976 43 0
1976 44 255
1976 45 0
1976 46 107
1976 47 0
1976 48 92
1976 49 183
1976 50 14
1976 51 19
1976 52 38
1976 53 53
1976 54 20
1976 55 0
1976 56 0
1976 57 31
1976 58 2
1976 59 0
1976 60 11
1976 61 184
1976 62 1
1976 63 107
1976 64 120
1976 65 21
1976 66 22
1976 67 62
1976 68 41
1976 69 0
1976 70 55
1976 71 10
1976 72 0
1976 73 1
1976 74 0
1976 75 0
1976 76 31
1976 77 62
1976 78 0
1976 79 115
1976 80 82
1976 81 0
1976 82 18
1976 83 0
1976 84 18
1976 85 139
1976 86 164
1976 87 0
1976 88 21
1976 89 21
1976 90 176
1976 91 18
1976 92 79
1976 93 0
1976 94 23
1976 95 0
