1 4458
26 1922
51 1887
76 1919
101 1910
126 1913
151 1895
176 1863
201 1881
226 1881
251 1886
276 1873
301 1893
326 1938
351 1902
376 1887
401 1905
426 1872
451 1864
476 1893
501 1852
526 1922
551 1874
576 1891
601 1854
626 1835
651 1912
676 1827
701 1824
726 1898
751 1860
776 1841
801 1820
826 1856
851 1859
876 1824
901 1806
926 1805
951 1801
976 1845
1001 1853
1026 1838
1051 1800
1076 1815
1101 1807
1126 1829
1151 1808
1176 1878
1201 1814
1226 1848
1251 1828
1276 1806
1301 1847
1326 1818
1351 1831
1376 1787
1401 1822
1426 1794
1451 1853
1476 1809
1501 1826
1526 1816
1551 1827
1576 1833
1601 1815
1626 1860
1651 1799
1676 1821
1701 1785
1726 1796
1751 1840
1776 1805
1801 1843
1826 1842
1851 1813
1876 1801
1901 1789
1926 1797
1951 1779
1976 1836
