1 1 2
1 2 2
1 3 2
1 4 3
1 5 3
1 6 4
1 7 2
1 8 2
1 9 2
1 10 2
1 11 2
1 12 2
1 13 2
1 14 2
1 15 2
1 16 3
1 17 3
1 18 2
1 19 2
1 20 2
1 21 2
1 22 2
1 23 2
1 24 2
1 25 2
1 26 3
1 27 2
1 28 3
1 29 3
1 30 3
1 31 3
1 32 2
1 33 2
1 34 2
1 35 2
1 36 2
1 37 3
1 38 2
1 39 2
1 40 3
1 41 3
1 42 2
1 43 2
1 44 2
1 45 2
1 46 3
1 47 3
1 48 2
1 49 2
1 50 4
1 51 2
1 52 2
1 53 2
1 54 3
1 55 2
1 56 3
1 57 2
1 58 2
1 59 2
1 60 2
1 61 4
1 62 3
1 63 2
1 64 2
1 65 2
1 66 2
1 67 2
1 68 2
1 69 2
1 70 2
1 71 2
1 72 2
1 73 2
1 74 2
1 75 3
1 76 2
1 77 2
1 78 2
1 79 3
1 80 2
1 81 3
1 82 2
1 83 2
1 84 2
1 85 2
1 86 2
1 87 2
1 88 2
1 89 2
1 90 3
1 91 4
1 92 2
1 93 2
1 94 3
1 95 3
1 96 3
1 97 2
1 98 2
1 99 2
1 100 2
1 101 3
1 102 3
1 103 2
1 104 2
1 105 2
1 106 3
1 107 2
1 108 3
1 109 2
1 110 2
1 111 2
1 112 2
1 113 2
1 114 2
1 115 3
1 116 2
1 117 2
1 118 2
1 119 2
1 120 2
1 121 2
26 1 2
26 2 2
26 3 2
26 4 1
26 5 2
26 6 2
26 7 2
26 8 2
26 9 1
26 10 2
26 11 2
26 12 2
26 13 2
26 14 1
26 15 1
26 16 2
26 17 2
26 18 2
26 19 2
26 20 2
26 21 1
26 22 2
26 23 2
26 24 2
26 25 1
26 26 1
26 27 2
26 28 2
26 29 2
26 30 2
26 31 2
26 32 2
26 33 1
26 34 0
26 35 1
26 36 2
26 37 1
26 38 2
26 39 1
26 40 1
26 41 2
26 42 1
26 43 1
26 44 0
26 45 1
26 46 2
26 47 2
26 48 2
26 49 2
26 50 2
26 51 2
26 52 2
26 53 2
26 54 1
26 55 1
26 56 1
26 57 2
26 58 2
26 59 2
26 60 2
26 61 3
26 62 1
26 63 1
26 64 1
26 65 1
26 66 1
26 67 2
26 68 2
26 69 2
26 70 2
26 71 2
26 72 2
26 73 2
26 74 2
26 75 2
26 76 2
26 77 2
26 78 1
26 79 2
26 80 2
26 81 2
26 82 2
26 83 1
26 84 2
26 85 1
26 86 2
26 87 1
26 88 1
26 89 1
26 90 2
26 91 2
26 92 1
26 93 1
26 94 1
26 95 1
26 96 1
26 97 2
26 98 2
26 99 1
26 100 2
26 101 1
26 102 2
26 103 1
26 104 2
26 105 1
26 106 1
26 107 2
26 108 1
26 109 2
26 110 2
26 111 2
26 112 1
26 113 1
26 114 2
26 115 1
26 116 2
26 117 2
26 118 1
26 119 2
26 120 2
26 121 2
51 1 2
51 2 2
51 3 2
51 4 1
51 5 2
51 6 2
51 7 2
51 8 2
51 9 1
51 10 2
51 11 2
51 12 2
51 13 2
51 14 2
51 15 1
51 16 2
51 17 2
51 18 2
51 19 2
51 20 2
51 21 2
51 22 2
51 23 1
51 24 2
51 25 1
51 26 1
51 27 2
51 28 2
51 29 2
51 30 2
51 31 1
51 32 2
51 33 1
51 34 1
51 35 1
51 36 2
51 37 2
51 38 2
51 39 1
51 40 2
51 41 1
51 42 1
51 43 1
51 44 1
51 45 1
51 46 2
51 47 2
51 48 2
51 49 2
51 50 2
51 51 1
51 52 1
51 53 2
51 54 2
51 55 1
51 56 1
51 57 2
51 58 2
51 59 2
51 60 3
51 61 2
51 62 1
51 63 2
51 64 1
51 65 2
51 66 1
51 67 1
51 68 1
51 69 2
51 70 2
51 71 2
51 72 2
51 73 1
51 74 1
51 75 1
51 76 2
51 77 1
51 78 1
51 79 2
51 80 2
51 81 2
51 82 2
51 83 1
51 84 1
51 85 2
51 86 1
51 87 1
51 88 0
51 89 1
51 90 1
51 91 1
51 92 1
51 93 1
51 94 1
51 95 1
51 96 1
51 97 2
51 98 2
51 99 2
51 100 1
51 101 2
51 102 2
51 103 1
51 104 1
51 105 2
51 106 2
51 107 1
51 108 1
51 109 2
51 110 2
51 111 2
51 112 2
51 113 2
51 114 1
51 115 2
51 116 2
51 117 2
51 118 2
51 119 2
51 120 2
51 121 2
76 1 2
76 2 2
76 3 2
76 4 1
76 5 2
76 6 2
76 7 2
76 8 2
76 9 2
76 10 2
76 11 2
76 12 2
76 13 2
76 14 2
76 15 1
76 16 2
76 17 2
76 18 2
76 19 2
76 20 2
76 21 2
76 22 2
76 23 2
76 24 2
76 25 2
76 26 1
76 27 2
76 28 2
76 29 2
76 30 2
76 31 2
76 32 1
76 33 1
76 34 1
76 35 2
76 36 2
76 37 2
76 38 2
76 39 2
76 40 1
76 41 2
76 42 1
76 43 0
76 44 1
76 45 1
76 46 2
76 47 2
76 48 2
76 49 2
76 50 2
76 51 1
76 52 1
76 53 1
76 54 0
76 55 1
76 56 1
76 57 2
76 58 2
76 59 2
76 60 2
76 61 1
76 62 1
76 63 2
76 64 2
76 65 1
76 66 0
76 67 1
76 68 2
76 69 2
76 70 2
76 71 2
76 72 2
76 73 1
76 74 1
76 75 2
76 76 2
76 77 1
76 78 1
76 79 1
76 80 1
76 81 2
76 82 2
76 83 1
76 84 1
76 85 2
76 86 1
76 87 2
76 88 1
76 89 1
76 90 1
76 91 0
76 92 1
76 93 2
76 94 1
76 95 0
76 96 1
76 97 2
76 98 2
76 99 2
76 100 2
76 101 2
76 102 0
76 103 1
76 104 1
76 105 2
76 106 1
76 107 1
76 108 2
76 109 2
76 110 2
76 111 2
76 112 1
76 113 2
76 114 1
76 115 1
76 116 2
76 117 2
76 118 1
76 119 2
76 120 2
76 121 2
101 1 2
101 2 2
101 3 2
101 4 2
101 5 2
101 6 2
101 7 2
101 8 2
101 9 2
101 10 2
101 11 2
101 12 2
101 13 2
101 14 2
101 15 1
101 16 2
101 17 2
101 18 2
101 19 2
101 20 2
101 21 1
101 22 2
101 23 2
101 24 2
101 25 1
101 26 1
101 27 2
101 28 2
101 29 2
101 30 2
101 31 2
101 32 1
101 33 2
101 34 1
101 35 2
101 36 2
101 37 2
101 38 1
101 39 2
101 40 2
101 41 2
101 42 1
101 43 0
101 44 1
101 45 1
101 46 2
101 47 2
101 48 2
101 49 2
101 50 2
101 51 1
101 52 1
101 53 0
101 54 0
101 55 1
101 56 1
101 57 2
101 58 2
101 59 2
101 60 2
101 61 2
101 62 1
101 63 1
101 64 1
101 65 1
101 66 1
101 67 1
101 68 2
101 69 2
101 70 2
101 71 2
101 72 2
101 73 0
101 74 1
101 75 2
101 76 1
101 77 2
101 78 1
101 79 1
101 80 1
101 81 2
101 82 2
101 83 1
101 84 1
101 85 2
101 86 2
101 87 2
101 88 1
101 89 1
101 90 1
101 91 0
101 92 1
101 93 2
101 94 1
101 95 1
101 96 1
101 97 2
101 98 2
101 99 2
101 100 2
101 101 1
101 102 1
101 103 2
101 104 2
101 105 2
101 106 1
101 107 2
101 108 2
101 109 2
101 110 2
101 111 2
101 112 2
101 113 1
101 114 1
101 115 1
101 116 2
101 117 2
101 118 2
101 119 2
101 120 2
101 121 2
126 1 2
126 2 2
126 3 1
126 4 2
126 5 2
126 6 2
126 7 2
126 8 2
126 9 1
126 10 2
126 11 2
126 12 2
126 13 2
126 14 2
126 15 1
126 16 1
126 17 2
126 18 2
126 19 2
126 20 2
126 21 1
126 22 2
126 23 2
126 24 2
126 25 1
126 26 1
126 27 2
126 28 2
126 29 2
126 30 2
126 31 2
126 32 1
126 33 1
126 34 1
126 35 2
126 36 2
126 37 2
126 38 2
126 39 1
126 40 2
126 41 2
126 42 1
126 43 0
126 44 0
126 45 1
126 46 2
126 47 2
126 48 2
126 49 2
126 50 2
126 51 2
126 52 2
126 53 1
126 54 1
126 55 1
126 56 1
126 57 2
126 58 2
126 59 2
126 60 2
126 61 1
126 62 1
126 63 0
126 64 1
126 65 0
126 66 0
126 67 2
126 68 2
126 69 2
126 70 2
126 71 2
126 72 1
126 73 1
126 74 1
126 75 1
126 76 0
126 77 1
126 78 1
126 79 1
126 80 2
126 81 2
126 82 2
126 83 2
126 84 2
126 85 1
126 86 2
126 87 1
126 88 1
126 89 1
126 90 1
126 91 2
126 92 1
126 93 2
126 94 1
126 95 1
126 96 2
126 97 1
126 98 2
126 99 2
126 100 2
126 101 1
126 102 1
126 103 2
126 104 2
126 105 2
126 106 2
126 107 2
126 108 1
126 109 2
126 110 2
126 111 2
126 112 2
126 113 1
126 114 1
126 115 1
126 116 2
126 117 2
126 118 2
126 119 2
126 120 2
126 121 2
151 1 2
151 2 2
151 3 2
151 4 1
151 5 2
151 6 2
151 7 2
151 8 2
151 9 2
151 10 2
151 11 2
151 12 2
151 13 2
151 14 2
151 15 2
151 16 2
151 17 2
151 18 2
151 19 2
151 20 1
151 21 1
151 22 1
151 23 2
151 24 2
151 25 1
151 26 2
151 27 2
151 28 2
151 29 2
151 30 2
151 31 2
151 32 1
151 33 2
151 34 2
151 35 1
151 36 2
151 37 2
151 38 2
151 39 2
151 40 2
151 41 2
151 42 1
151 43 1
151 44 1
151 45 2
151 46 2
151 47 2
151 48 2
151 49 2
151 50 2
151 51 1
151 52 1
151 53 1
151 54 1
151 55 2
151 56 2
151 57 1
151 58 2
151 59 2
151 60 2
151 61 2
151 62 1
151 63 1
151 64 0
151 65 1
151 66 1
151 67 2
151 68 2
151 69 2
151 70 2
151 71 2
151 72 2
151 73 1
151 74 2
151 75 1
151 76 2
151 77 1
151 78 1
151 79 1
151 80 1
151 81 2
151 82 1
151 83 1
151 84 2
151 85 2
151 86 2
151 87 1
151 88 2
151 89 1
151 90 1
151 91 1
151 92 1
151 93 1
151 94 1
151 95 1
151 96 1
151 97 2
151 98 2
151 99 2
151 100 2
151 101 2
151 102 2
151 103 2
151 104 1
151 105 2
151 106 1
151 107 2
151 108 2
151 109 2
151 110 2
151 111 1
151 112 2
151 113 1
151 114 2
151 115 2
151 116 2
151 117 2
151 118 2
151 119 2
151 120 2
151 121 2
176 1 2
176 2 2
176 3 2
176 4 2
176 5 2
176 6 2
176 7 2
176 8 2
176 9 1
176 10 2
176 11 2
176 12 2
176 13 2
176 14 2
176 15 1
176 16 2
176 17 2
176 18 2
176 19 2
176 20 1
176 21 1
176 22 2
176 23 2
176 24 2
176 25 2
176 26 2
176 27 2
176 28 2
176 29 2
176 30 2
176 31 2
176 32 1
176 33 2
176 34 2
176 35 2
176 36 2
176 37 2
176 38 2
176 39 2
176 40 2
176 41 1
176 42 1
176 43 1
176 44 1
176 45 1
176 46 2
176 47 2
176 48 2
176 49 2
176 50 2
176 51 1
176 52 1
176 53 2
176 54 1
176 55 2
176 56 1
176 57 2
176 58 2
176 59 2
176 60 2
176 61 2
176 62 1
176 63 1
176 64 1
176 65 2
176 66 1
176 67 1
176 68 2
176 69 2
176 70 2
176 71 2
176 72 2
176 73 1
176 74 2
176 75 1
176 76 1
176 77 2
176 78 1
176 79 1
176 80 2
176 81 1
176 82 1
176 83 2
176 84 1
176 85 1
176 86 1
176 87 1
176 88 1
176 89 2
176 90 1
176 91 1
176 92 1
176 93 1
176 94 1
176 95 1
176 96 0
176 97 1
176 98 2
176 99 2
176 100 2
176 101 1
176 102 1
176 103 1
176 104 1
176 105 1
176 106 1
176 107 1
176 108 2
176 109 2
176 110 2
176 111 2
176 112 2
176 113 1
176 114 2
176 115 2
176 116 2
176 117 2
176 118 1
176 119 2
176 120 2
176 121 2
201 1 2
201 2 2
201 3 2
201 4 1
201 5 2
201 6 2
201 7 2
201 8 2
201 9 2
201 10 2
201 11 2
201 12 2
201 13 2
201 14 2
201 15 1
201 16 1
201 17 2
201 18 2
201 19 2
201 20 2
201 21 1
201 22 2
201 23 2
201 24 2
201 25 1
201 26 2
201 27 1
201 28 2
201 29 2
201 30 2
201 31 2
201 32 1
201 33 1
201 34 2
201 35 1
201 36 1
201 37 1
201 38 1
201 39 2
201 40 1
201 41 1
201 42 1
201 43 1
201 44 2
201 45 1
201 46 2
201 47 2
201 48 2
201 49 2
201 50 2
201 51 1
201 52 1
201 53 0
201 54 0
201 55 1
201 56 1
201 57 2
201 58 2
201 59 2
201 60 2
201 61 2
201 62 1
201 63 2
201 64 1
201 65 1
201 66 0
201 67 2
201 68 2
201 69 2
201 70 2
201 71 2
201 72 1
201 73 0
201 74 2
201 75 1
201 76 2
201 77 1
201 78 1
201 79 1
201 80 2
201 81 2
201 82 2
201 83 1
201 84 0
201 85 1
201 86 1
201 87 2
201 88 1
201 89 1
201 90 1
201 91 2
201 92 2
201 93 1
201 94 1
201 95 1
201 96 1
201 97 1
201 98 2
201 99 2
201 100 2
201 101 1
201 102 1
201 103 2
201 104 1
201 105 1
201 106 1
201 107 1
201 108 2
201 109 2
201 110 2
201 111 2
201 112 2
201 113 2
201 114 1
201 115 2
201 116 2
201 117 2
201 118 2
201 119 2
201 120 2
201 121 2
226 1 2
226 2 2
226 3 2
226 4 1
226 5 2
226 6 2
226 7 2
226 8 2
226 9 2
226 10 1
226 11 2
226 12 2
226 13 2
226 14 2
226 15 1
226 16 1
226 17 2
226 18 2
226 19 2
226 20 2
226 21 2
226 22 2
226 23 2
226 24 2
226 25 1
226 26 2
226 27 1
226 28 2
226 29 2
226 30 2
226 31 2
226 32 1
226 33 1
226 34 1
226 35 2
226 36 1
226 37 2
226 38 2
226 39 1
226 40 2
226 41 1
226 42 1
226 43 1
226 44 1
226 45 1
226 46 2
226 47 2
226 48 2
226 49 2
226 50 2
226 51 1
226 52 1
226 53 1
226 54 0
226 55 2
226 56 1
226 57 1
226 58 2
226 59 2
226 60 2
226 61 1
226 62 1
226 63 1
226 64 1
226 65 0
226 66 1
226 67 1
226 68 2
226 69 2
226 70 2
226 71 2
226 72 2
226 73 1
226 74 2
226 75 2
226 76 2
226 77 0
226 78 1
226 79 2
226 80 2
226 81 1
226 82 2
226 83 1
226 84 1
226 85 1
226 86 1
226 87 2
226 88 1
226 89 1
226 90 2
226 91 1
226 92 1
226 93 1
226 94 1
226 95 1
226 96 1
226 97 1
226 98 2
226 99 2
226 100 2
226 101 1
226 102 1
226 103 1
226 104 1
226 105 2
226 106 2
226 107 1
226 108 2
226 109 2
226 110 2
226 111 2
226 112 1
226 113 1
226 114 2
226 115 2
226 116 2
226 117 2
226 118 2
226 119 2
226 120 2
226 121 2
251 1 2
251 2 2
251 3 2
251 4 1
251 5 2
251 6 2
251 7 2
251 8 2
251 9 2
251 10 2
251 11 2
251 12 2
251 13 2
251 14 2
251 15 1
251 16 2
251 17 2
251 18 2
251 19 2
251 20 1
251 21 1
251 22 2
251 23 2
251 24 2
251 25 1
251 26 1
251 27 2
251 28 2
251 29 2
251 30 2
251 31 2
251 32 1
251 33 1
251 34 1
251 35 1
251 36 2
251 37 2
251 38 1
251 39 2
251 40 1
251 41 1
251 42 1
251 43 1
251 44 2
251 45 1
251 46 2
251 47 2
251 48 2
251 49 2
251 50 1
251 51 0
251 52 1
251 53 1
251 54 1
251 55 1
251 56 0
251 57 2
251 58 2
251 59 2
251 60 2
251 61 2
251 62 1
251 63 2
251 64 0
251 65 0
251 66 0
251 67 1
251 68 2
251 69 2
251 70 2
251 71 2
251 72 2
251 73 1
251 74 1
251 75 1
251 76 1
251 77 1
251 78 1
251 79 1
251 80 2
251 81 2
251 82 2
251 83 1
251 84 0
251 85 1
251 86 1
251 87 1
251 88 2
251 89 1
251 90 1
251 91 1
251 92 1
251 93 2
251 94 1
251 95 1
251 96 1
251 97 1
251 98 1
251 99 2
251 100 2
251 101 1
251 102 1
251 103 1
251 104 1
251 105 2
251 106 2
251 107 1
251 108 2
251 109 2
251 110 2
251 111 2
251 112 2
251 113 1
251 114 1
251 115 1
251 116 2
251 117 2
251 118 1
251 119 2
251 120 2
251 121 2
276 1 2
276 2 2
276 3 1
276 4 1
276 5 1
276 6 2
276 7 2
276 8 2
276 9 1
276 10 2
276 11 2
276 12 2
276 13 2
276 14 2
276 15 1
276 16 2
276 17 2
276 18 2
276 19 2
276 20 2
276 21 1
276 22 2
276 23 1
276 24 1
276 25 1
276 26 1
276 27 2
276 28 2
276 29 2
276 30 2
276 31 2
276 32 1
276 33 1
276 34 1
276 35 1
276 36 2
276 37 1
276 38 2
276 39 2
276 40 2
276 41 1
276 42 2
276 43 1
276 44 0
276 45 1
276 46 1
276 47 2
276 48 2
276 49 2
276 50 2
276 51 1
276 52 1
276 53 1
276 54 0
276 55 1
276 56 1
276 57 2
276 58 2
276 59 2
276 60 2
276 61 2
276 62 1
276 63 2
276 64 2
276 65 1
276 66 0
276 67 1
276 68 2
276 69 2
276 70 2
276 71 2
276 72 2
276 73 2
276 74 1
276 75 1
276 76 1
276 77 0
276 78 1
276 79 1
276 80 2
276 81 2
276 82 2
276 83 2
276 84 1
276 85 1
276 86 1
276 87 1
276 88 0
276 89 2
276 90 1
276 91 1
276 92 1
276 93 1
276 94 1
276 95 0
276 96 1
276 97 1
276 98 2
276 99 2
276 100 2
276 101 1
276 102 0
276 103 1
276 104 0
276 105 1
276 106 1
276 107 1
276 108 2
276 109 2
276 110 2
276 111 2
276 112 1
276 113 1
276 114 1
276 115 0
276 116 1
276 117 1
276 118 2
276 119 2
276 120 2
276 121 2
301 1 2
301 2 2
301 3 1
301 4 1
301 5 2
301 6 2
301 7 2
301 8 2
301 9 2
301 10 2
301 11 2
301 12 2
301 13 2
301 14 2
301 15 2
301 16 2
301 17 2
301 18 2
301 19 2
301 20 2
301 21 1
301 22 2
301 23 2
301 24 2
301 25 2
301 26 1
301 27 2
301 28 2
301 29 2
301 30 2
301 31 2
301 32 1
301 33 1
301 34 0
301 35 1
301 36 2
301 37 2
301 38 2
301 39 2
301 40 2
301 41 2
301 42 2
301 43 1
301 44 0
301 45 1
301 46 2
301 47 2
301 48 2
301 49 2
301 50 2
301 51 1
301 52 1
301 53 2
301 54 2
301 55 1
301 56 1
301 57 2
301 58 2
301 59 2
301 60 2
301 61 1
301 62 1
301 63 2
301 64 1
301 65 1
301 66 0
301 67 1
301 68 2
301 69 2
301 70 2
301 71 2
301 72 1
301 73 1
301 74 0
301 75 1
301 76 1
301 77 0
301 78 2
301 79 2
301 80 2
301 81 2
301 82 2
301 83 2
301 84 1
301 85 1
301 86 1
301 87 1
301 88 0
301 89 1
301 90 1
301 91 1
301 92 1
301 93 1
301 94 1
301 95 1
301 96 1
301 97 1
301 98 1
301 99 1
301 100 2
301 101 2
301 102 1
301 103 1
301 104 1
301 105 1
301 106 1
301 107 1
301 108 2
301 109 2
301 110 2
301 111 2
301 112 1
301 113 1
301 114 1
301 115 1
301 116 2
301 117 1
301 118 2
301 119 2
301 120 2
301 121 2
326 1 2
326 2 2
326 3 2
326 4 1
326 5 1
326 6 2
326 7 2
326 8 2
326 9 2
326 10 2
326 11 2
326 12 2
326 13 2
326 14 1
326 15 1
326 16 2
326 17 2
326 18 2
326 19 2
326 20 1
326 21 2
326 22 2
326 23 2
326 24 1
326 25 1
326 26 1
326 27 2
326 28 2
326 29 2
326 30 2
326 31 2
326 32 1
326 33 1
326 34 2
326 35 1
326 36 2
326 37 2
326 38 2
326 39 2
326 40 2
326 41 2
326 42 1
326 43 0
326 44 1
326 45 1
326 46 2
326 47 2
326 48 2
326 49 2
326 50 1
326 51 1
326 52 1
326 53 1
326 54 0
326 55 0
326 56 0
326 57 2
326 58 2
326 59 2
326 60 2
326 61 2
326 62 2
326 63 1
326 64 0
326 65 1
326 66 0
326 67 2
326 68 2
326 69 2
326 70 2
326 71 2
326 72 1
326 73 1
326 74 1
326 75 1
326 76 0
326 77 0
326 78 1
326 79 1
326 80 2
326 81 1
326 82 2
326 83 1
326 84 1
326 85 2
326 86 2
326 87 1
326 88 1
326 89 2
326 90 2
326 91 1
326 92 1
326 93 0
326 94 1
326 95 1
326 96 1
326 97 1
326 98 1
326 99 2
326 100 2
326 101 1
326 102 0
326 103 0
326 104 1
326 105 1
326 106 1
326 107 1
326 108 2
326 109 2
326 110 2
326 111 2
326 112 2
326 113 1
326 114 2
326 115 2
326 116 1
326 117 2
326 118 2
326 119 2
326 120 2
326 121 2
351 1 2
351 2 2
351 3 1
351 4 2
351 5 2
351 6 2
351 7 2
351 8 2
351 9 2
351 10 1
351 11 2
351 12 2
351 13 2
351 14 2
351 15 1
351 16 2
351 17 2
351 18 2
351 19 2
351 20 2
351 21 1
351 22 2
351 23 1
351 24 2
351 25 1
351 26 2
351 27 1
351 28 2
351 29 2
351 30 2
351 31 2
351 32 1
351 33 2
351 34 2
351 35 1
351 36 1
351 37 2
351 38 2
351 39 2
351 40 1
351 41 2
351 42 1
351 43 1
351 44 1
351 45 2
351 46 1
351 47 2
351 48 2
351 49 2
351 50 2
351 51 1
351 52 1
351 53 1
351 54 1
351 55 1
351 56 1
351 57 1
351 58 2
351 59 2
351 60 2
351 61 2
351 62 1
351 63 2
351 64 1
351 65 1
351 66 1
351 67 1
351 68 1
351 69 2
351 70 1
351 71 2
351 72 2
351 73 1
351 74 1
351 75 1
351 76 0
351 77 0
351 78 1
351 79 1
351 80 2
351 81 1
351 82 2
351 83 1
351 84 1
351 85 0
351 86 1
351 87 1
351 88 1
351 89 1
351 90 1
351 91 1
351 92 1
351 93 1
351 94 1
351 95 0
351 96 1
351 97 2
351 98 2
351 99 2
351 100 2
351 101 1
351 102 1
351 103 1
351 104 2
351 105 1
351 106 1
351 107 1
351 108 2
351 109 2
351 110 2
351 111 2
351 112 2
351 113 1
351 114 2
351 115 1
351 116 2
351 117 1
351 118 2
351 119 2
351 120 2
351 121 2
376 1 2
376 2 2
376 3 2
376 4 2
376 5 2
376 6 2
376 7 2
376 8 2
376 9 2
376 10 2
376 11 2
376 12 2
376 13 2
376 14 1
376 15 1
376 16 2
376 17 2
376 18 2
376 19 2
376 20 2
376 21 2
376 22 1
376 23 1
376 24 2
376 25 2
376 26 2
376 27 1
376 28 2
376 29 2
376 30 2
376 31 2
376 32 1
376 33 2
376 34 1
376 35 2
376 36 1
376 37 1
376 38 2
376 39 2
376 40 1
376 41 1
376 42 1
376 43 0
376 44 1
376 45 1
376 46 1
376 47 2
376 48 2
376 49 2
376 50 2
376 51 1
376 52 0
376 53 1
376 54 0
376 55 0
376 56 1
376 57 2
376 58 2
376 59 2
376 60 2
376 61 2
376 62 2
376 63 1
376 64 0
376 65 0
376 66 1
376 67 0
376 68 2
376 69 2
376 70 2
376 71 2
376 72 2
376 73 1
376 74 1
376 75 1
376 76 0
376 77 0
376 78 1
376 79 2
376 80 2
376 81 2
376 82 2
376 83 1
376 84 1
376 85 1
376 86 1
376 87 1
376 88 0
376 89 1
376 90 1
376 91 2
376 92 1
376 93 1
376 94 2
376 95 2
376 96 1
376 97 1
376 98 2
376 99 2
376 100 2
376 101 1
376 102 1
376 103 1
376 104 2
376 105 2
376 106 2
376 107 1
376 108 2
376 109 2
376 110 2
376 111 2
376 112 2
376 113 2
376 114 2
376 115 1
376 116 1
376 117 1
376 118 2
376 119 1
376 120 2
376 121 2
401 1 2
401 2 2
401 3 1
401 4 1
401 5 1
401 6 2
401 7 2
401 8 2
401 9 1
401 10 2
401 11 2
401 12 2
401 13 2
401 14 1
401 15 1
401 16 2
401 17 2
401 18 2
401 19 2
401 20 2
401 21 2
401 22 2
401 23 2
401 24 2
401 25 2
401 26 1
401 27 2
401 28 2
401 29 2
401 30 2
401 31 1
401 32 1
401 33 1
401 34 2
401 35 1
401 36 2
401 37 2
401 38 2
401 39 2
401 40 1
401 41 1
401 42 1
401 43 1
401 44 2
401 45 1
401 46 2
401 47 2
401 48 2
401 49 2
401 50 2
401 51 1
401 52 1
401 53 1
401 54 0
401 55 1
401 56 2
401 57 1
401 58 2
401 59 2
401 60 2
401 61 2
401 62 1
401 63 0
401 64 1
401 65 1
401 66 1
401 67 1
401 68 2
401 69 2
401 70 2
401 71 2
401 72 1
401 73 1
401 74 0
401 75 1
401 76 0
401 77 1
401 78 0
401 79 1
401 80 2
401 81 2
401 82 1
401 83 1
401 84 1
401 85 0
401 86 0
401 87 1
401 88 1
401 89 1
401 90 2
401 91 1
401 92 1
401 93 1
401 94 1
401 95 1
401 96 1
401 97 1
401 98 2
401 99 2
401 100 2
401 101 1
401 102 1
401 103 1
401 104 1
401 105 2
401 106 1
401 107 1
401 108 2
401 109 2
401 110 2
401 111 2
401 112 2
401 113 1
401 114 2
401 115 2
401 116 2
401 117 2
401 118 1
401 119 2
401 120 2
401 121 2
426 1 2
426 2 2
426 3 2
426 4 1
426 5 2
426 6 2
426 7 2
426 8 2
426 9 1
426 10 1
426 11 2
426 12 2
426 13 2
426 14 2
426 15 1
426 16 2
426 17 2
426 18 2
426 19 2
426 20 1
426 21 1
426 22 1
426 23 1
426 24 2
426 25 1
426 26 1
426 27 1
426 28 2
426 29 2
426 30 2
426 31 2
426 32 1
426 33 1
426 34 1
426 35 1
426 36 2
426 37 2
426 38 2
426 39 2
426 40 1
426 41 2
426 42 1
426 43 1
426 44 2
426 45 1
426 46 2
426 47 2
426 48 2
426 49 2
426 50 2
426 51 1
426 52 2
426 53 1
426 54 1
426 55 1
426 56 2
426 57 2
426 58 2
426 59 2
426 60 2
426 61 1
426 62 0
426 63 1
426 64 0
426 65 0
426 66 2
426 67 1
426 68 1
426 69 2
426 70 2
426 71 2
426 72 2
426 73 1
426 74 0
426 75 0
426 76 0
426 77 0
426 78 1
426 79 1
426 80 1
426 81 2
426 82 2
426 83 1
426 84 1
426 85 0
426 86 0
426 87 1
426 88 0
426 89 1
426 90 1
426 91 2
426 92 1
426 93 1
426 94 0
426 95 0
426 96 1
426 97 1
426 98 1
426 99 1
426 100 2
426 101 2
426 102 2
426 103 1
426 104 1
426 105 1
426 106 1
426 107 1
426 108 2
426 109 2
426 110 2
426 111 1
426 112 2
426 113 1
426 114 1
426 115 1
426 116 2
426 117 2
426 118 1
426 119 2
426 120 2
426 121 2
451 1 2
451 2 2
451 3 2
451 4 1
451 5 2
451 6 2
451 7 2
451 8 2
451 9 2
451 10 1
451 11 2
451 12 2
451 13 2
451 14 2
451 15 1
451 16 1
451 17 2
451 18 2
451 19 2
451 20 2
451 21 1
451 22 2
451 23 1
451 24 2
451 25 1
451 26 1
451 27 2
451 28 2
451 29 2
451 30 2
451 31 1
451 32 1
451 33 1
451 34 2
451 35 1
451 36 2
451 37 2
451 38 2
451 39 2
451 40 2
451 41 1
451 42 1
451 43 1
451 44 1
451 45 1
451 46 2
451 47 2
451 48 2
451 49 2
451 50 2
451 51 2
451 52 2
451 53 1
451 54 2
451 55 2
451 56 0
451 57 1
451 58 2
451 59 2
451 60 2
451 61 1
451 62 1
451 63 1
451 64 0
451 65 1
451 66 1
451 67 1
451 68 2
451 69 2
451 70 2
451 71 2
451 72 1
451 73 1
451 74 0
451 75 0
451 76 0
451 77 0
451 78 1
451 79 1
451 80 2
451 81 1
451 82 2
451 83 1
451 84 1
451 85 0
451 86 1
451 87 1
451 88 0
451 89 1
451 90 1
451 91 1
451 92 2
451 93 1
451 94 0
451 95 1
451 96 1
451 97 0
451 98 1
451 99 2
451 100 2
451 101 2
451 102 1
451 103 0
451 104 0
451 105 1
451 106 1
451 107 1
451 108 2
451 109 2
451 110 2
451 111 2
451 112 2
451 113 1
451 114 1
451 115 1
451 116 2
451 117 2
451 118 2
451 119 2
451 120 2
451 121 2
476 1 2
476 2 2
476 3 2
476 4 0
476 5 2
476 6 2
476 7 2
476 8 2
476 9 2
476 10 2
476 11 2
476 12 2
476 13 2
476 14 2
476 15 2
476 16 2
476 17 2
476 18 2
476 19 2
476 20 2
476 21 2
476 22 1
476 23 2
476 24 2
476 25 2
476 26 1
476 27 2
476 28 2
476 29 2
476 30 2
476 31 1
476 32 1
476 33 2
476 34 1
476 35 2
476 36 2
476 37 1
476 38 1
476 39 2
476 40 1
476 41 2
476 42 1
476 43 0
476 44 2
476 45 2
476 46 1
476 47 2
476 48 2
476 49 2
476 50 2
476 51 1
476 52 1
476 53 0
476 54 1
476 55 2
476 56 1
476 57 2
476 58 2
476 59 2
476 60 2
476 61 2
476 62 1
476 63 0
476 64 1
476 65 0
476 66 1
476 67 1
476 68 2
476 69 2
476 70 2
476 71 2
476 72 2
476 73 1
476 74 0
476 75 0
476 76 1
476 77 0
476 78 1
476 79 1
476 80 2
476 81 2
476 82 1
476 83 1
476 84 0
476 85 0
476 86 0
476 87 1
476 88 1
476 89 2
476 90 2
476 91 1
476 92 1
476 93 0
476 94 0
476 95 0
476 96 1
476 97 1
476 98 2
476 99 1
476 100 2
476 101 2
476 102 1
476 103 0
476 104 0
476 105 1
476 106 1
476 107 2
476 108 2
476 109 2
476 110 2
476 111 1
476 112 1
476 113 1
476 114 0
476 115 1
476 116 1
476 117 2
476 118 2
476 119 1
476 120 2
476 121 2
501 1 2
501 2 2
501 3 1
501 4 2
501 5 2
501 6 2
501 7 2
501 8 2
501 9 2
501 10 2
501 11 2
501 12 2
501 13 2
501 14 2
501 15 2
501 16 2
501 17 2
501 18 2
501 19 2
501 20 2
501 21 2
501 22 1
501 23 2
501 24 1
501 25 2
501 26 2
501 27 2
501 28 2
501 29 2
501 30 2
501 31 1
501 32 1
501 33 1
501 34 1
501 35 1
501 36 2
501 37 2
501 38 2
501 39 2
501 40 2
501 41 2
501 42 1
501 43 1
501 44 1
501 45 1
501 46 2
501 47 2
501 48 2
501 49 2
501 50 2
501 51 2
501 52 1
501 53 0
501 54 1
501 55 1
501 56 1
501 57 2
501 58 2
501 59 2
501 60 2
501 61 2
501 62 2
501 63 1
501 64 0
501 65 1
501 66 1
501 67 1
501 68 2
501 69 2
501 70 2
501 71 2
501 72 1
501 73 2
501 74 1
501 75 2
501 76 1
501 77 1
501 78 2
501 79 1
501 80 2
501 81 1
501 82 2
501 83 1
501 84 1
501 85 2
501 86 1
501 87 1
501 88 2
501 89 1
501 90 2
501 91 2
501 92 1
501 93 1
501 94 0
501 95 1
501 96 1
501 97 1
501 98 2
501 99 2
501 100 2
501 101 1
501 102 1
501 103 1
501 104 0
501 105 1
501 106 2
501 107 2
501 108 2
501 109 2
501 110 2
501 111 2
501 112 1
501 113 1
501 114 1
501 115 2
501 116 2
501 117 2
501 118 2
501 119 2
501 120 2
501 121 2
526 1 2
526 2 2
526 3 1
526 4 1
526 5 2
526 6 2
526 7 2
526 8 2
526 9 2
526 10 1
526 11 2
526 12 2
526 13 2
526 14 2
526 15 1
526 16 2
526 17 2
526 18 2
526 19 2
526 20 1
526 21 1
526 22 2
526 23 2
526 24 1
526 25 1
526 26 2
526 27 2
526 28 2
526 29 2
526 30 2
526 31 2
526 32 1
526 33 1
526 34 1
526 35 1
526 36 2
526 37 2
526 38 2
526 39 2
526 40 2
526 41 1
526 42 1
526 43 0
526 44 1
526 45 1
526 46 2
526 47 2
526 48 2
526 49 2
526 50 2
526 51 1
526 52 1
526 53 1
526 54 0
526 55 0
526 56 1
526 57 2
526 58 2
526 59 2
526 60 2
526 61 1
526 62 2
526 63 1
526 64 1
526 65 1
526 66 1
526 67 2
526 68 2
526 69 2
526 70 2
526 71 2
526 72 2
526 73 2
526 74 1
526 75 2
526 76 1
526 77 1
526 78 2
526 79 2
526 80 2
526 81 2
526 82 1
526 83 2
526 84 1
526 85 1
526 86 2
526 87 2
526 88 2
526 89 1
526 90 1
526 91 1
526 92 1
526 93 0
526 94 1
526 95 1
526 96 2
526 97 1
526 98 2
526 99 2
526 100 2
526 101 2
526 102 1
526 103 1
526 104 1
526 105 2
526 106 1
526 107 2
526 108 2
526 109 2
526 110 2
526 111 2
526 112 2
526 113 1
526 114 0
526 115 1
526 116 2
526 117 2
526 118 1
526 119 1
526 120 2
526 121 2
551 1 2
551 2 2
551 3 2
551 4 2
551 5 2
551 6 2
551 7 2
551 8 2
551 9 2
551 10 2
551 11 2
551 12 2
551 13 2
551 14 2
551 15 1
551 16 1
551 17 2
551 18 2
551 19 2
551 20 2
551 21 1
551 22 2
551 23 2
551 24 2
551 25 1
551 26 0
551 27 2
551 28 2
551 29 2
551 30 2
551 31 1
551 32 1
551 33 1
551 34 1
551 35 1
551 36 1
551 37 1
551 38 2
551 39 2
551 40 2
551 41 2
551 42 1
551 43 2
551 44 1
551 45 1
551 46 1
551 47 2
551 48 2
551 49 2
551 50 2
551 51 1
551 52 2
551 53 2
551 54 2
551 55 1
551 56 1
551 57 1
551 58 2
551 59 2
551 60 2
551 61 2
551 62 2
551 63 1
551 64 1
551 65 1
551 66 0
551 67 0
551 68 2
551 69 2
551 70 2
551 71 2
551 72 1
551 73 2
551 74 1
551 75 1
551 76 1
551 77 1
551 78 2
551 79 2
551 80 2
551 81 2
551 82 2
551 83 1
551 84 1
551 85 1
551 86 1
551 87 1
551 88 2
551 89 1
551 90 1
551 91 1
551 92 1
551 93 1
551 94 1
551 95 1
551 96 1
551 97 1
551 98 2
551 99 2
551 100 2
551 101 2
551 102 1
551 103 1
551 104 1
551 105 2
551 106 2
551 107 2
551 108 1
551 109 2
551 110 2
551 111 2
551 112 2
551 113 1
551 114 1
551 115 2
551 116 1
551 117 2
551 118 2
551 119 1
551 120 2
551 121 2
576 1 2
576 2 2
576 3 2
576 4 2
576 5 2
576 6 2
576 7 2
576 8 2
576 9 2
576 10 2
576 11 1
576 12 2
576 13 2
576 14 2
576 15 1
576 16 2
576 17 2
576 18 2
576 19 2
576 20 1
576 21 1
576 22 2
576 23 2
576 24 2
576 25 1
576 26 1
576 27 2
576 28 2
576 29 2
576 30 2
576 31 1
576 32 1
576 33 1
576 34 1
576 35 1
576 36 2
576 37 1
576 38 2
576 39 1
576 40 1
576 41 2
576 42 1
576 43 1
576 44 1
576 45 0
576 46 2
576 47 2
576 48 2
576 49 2
576 50 1
576 51 1
576 52 1
576 53 0
576 54 1
576 55 0
576 56 1
576 57 1
576 58 2
576 59 2
576 60 2
576 61 2
576 62 1
576 63 1
576 64 1
576 65 0
576 66 0
576 67 1
576 68 2
576 69 2
576 70 2
576 71 2
576 72 1
576 73 2
576 74 1
576 75 0
576 76 0
576 77 0
576 78 1
576 79 1
576 80 2
576 81 2
576 82 2
576 83 1
576 84 1
576 85 2
576 86 2
576 87 1
576 88 1
576 89 1
576 90 1
576 91 1
576 92 1
576 93 1
576 94 0
576 95 1
576 96 2
576 97 1
576 98 2
576 99 2
576 100 1
576 101 1
576 102 2
576 103 1
576 104 1
576 105 1
576 106 1
576 107 1
576 108 2
576 109 2
576 110 2
576 111 1
576 112 2
576 113 1
576 114 2
576 115 1
576 116 2
576 117 1
576 118 1
576 119 2
576 120 2
576 121 2
601 1 2
601 2 2
601 3 1
601 4 1
601 5 2
601 6 2
601 7 2
601 8 2
601 9 1
601 10 2
601 11 2
601 12 2
601 13 2
601 14 2
601 15 2
601 16 2
601 17 2
601 18 2
601 19 2
601 20 2
601 21 2
601 22 2
601 23 2
601 24 1
601 25 1
601 26 2
601 27 2
601 28 2
601 29 2
601 30 2
601 31 2
601 32 1
601 33 2
601 34 2
601 35 1
601 36 2
601 37 2
601 38 1
601 39 2
601 40 2
601 41 2
601 42 2
601 43 2
601 44 1
601 45 1
601 46 2
601 47 2
601 48 2
601 49 2
601 50 2
601 51 1
601 52 1
601 53 1
601 54 1
601 55 0
601 56 1
601 57 2
601 58 2
601 59 2
601 60 2
601 61 2
601 62 2
601 63 1
601 64 0
601 65 0
601 66 1
601 67 2
601 68 2
601 69 2
601 70 2
601 71 2
601 72 1
601 73 1
601 74 1
601 75 0
601 76 1
601 77 2
601 78 1
601 79 1
601 80 2
601 81 2
601 82 1
601 83 1
601 84 2
601 85 1
601 86 1
601 87 1
601 88 1
601 89 1
601 90 1
601 91 1
601 92 2
601 93 1
601 94 1
601 95 1
601 96 1
601 97 1
601 98 2
601 99 2
601 100 2
601 101 2
601 102 2
601 103 2
601 104 1
601 105 0
601 106 1
601 107 2
601 108 2
601 109 2
601 110 2
601 111 2
601 112 2
601 113 1
601 114 1
601 115 1
601 116 2
601 117 2
601 118 2
601 119 2
601 120 2
601 121 2
626 1 2
626 2 2
626 3 2
626 4 1
626 5 2
626 6 2
626 7 2
626 8 2
626 9 2
626 10 1
626 11 2
626 12 2
626 13 2
626 14 2
626 15 1
626 16 2
626 17 2
626 18 2
626 19 2
626 20 2
626 21 1
626 22 2
626 23 2
626 24 2
626 25 1
626 26 1
626 27 1
626 28 2
626 29 2
626 30 2
626 31 2
626 32 1
626 33 2
626 34 1
626 35 1
626 36 2
626 37 2
626 38 2
626 39 1
626 40 2
626 41 2
626 42 1
626 43 1
626 44 2
626 45 1
626 46 2
626 47 2
626 48 2
626 49 2
626 50 2
626 51 1
626 52 2
626 53 1
626 54 1
626 55 2
626 56 1
626 57 1
626 58 2
626 59 2
626 60 2
626 61 2
626 62 1
626 63 1
626 64 2
626 65 1
626 66 1
626 67 1
626 68 2
626 69 2
626 70 2
626 71 2
626 72 1
626 73 1
626 74 1
626 75 1
626 76 1
626 77 1
626 78 1
626 79 1
626 80 2
626 81 2
626 82 2
626 83 1
626 84 0
626 85 1
626 86 1
626 87 1
626 88 0
626 89 2
626 90 1
626 91 1
626 92 1
626 93 1
626 94 1
626 95 1
626 96 2
626 97 1
626 98 2
626 99 1
626 100 1
626 101 2
626 102 1
626 103 1
626 104 2
626 105 1
626 106 2
626 107 2
626 108 2
626 109 2
626 110 2
626 111 2
626 112 2
626 113 1
626 114 1
626 115 2
626 116 2
626 117 2
626 118 2
626 119 2
626 120 2
626 121 2
651 1 2
651 2 2
651 3 2
651 4 1
651 5 1
651 6 2
651 7 2
651 8 2
651 9 1
651 10 2
651 11 2
651 12 2
651 13 2
651 14 1
651 15 1
651 16 2
651 17 2
651 18 2
651 19 2
651 20 2
651 21 1
651 22 1
651 23 1
651 24 2
651 25 1
651 26 1
651 27 2
651 28 2
651 29 2
651 30 2
651 31 2
651 32 1
651 33 2
651 34 1
651 35 1
651 36 2
651 37 2
651 38 2
651 39 2
651 40 2
651 41 2
651 42 2
651 43 0
651 44 1
651 45 1
651 46 2
651 47 2
651 48 2
651 49 2
651 50 2
651 51 1
651 52 1
651 53 2
651 54 1
651 55 0
651 56 1
651 57 2
651 58 2
651 59 2
651 60 2
651 61 1
651 62 1
651 63 0
651 64 2
651 65 0
651 66 1
651 67 1
651 68 2
651 69 2
651 70 2
651 71 2
651 72 2
651 73 2
651 74 1
651 75 1
651 76 0
651 77 0
651 78 1
651 79 1
651 80 2
651 81 2
651 82 1
651 83 1
651 84 1
651 85 1
651 86 2
651 87 1
651 88 0
651 89 0
651 90 0
651 91 1
651 92 1
651 93 1
651 94 1
651 95 1
651 96 2
651 97 2
651 98 1
651 99 1
651 100 1
651 101 2
651 102 1
651 103 2
651 104 2
651 105 2
651 106 1
651 107 1
651 108 2
651 109 2
651 110 2
651 111 2
651 112 1
651 113 2
651 114 1
651 115 2
651 116 2
651 117 2
651 118 2
651 119 1
651 120 2
651 121 2
676 1 2
676 2 2
676 3 1
676 4 1
676 5 2
676 6 2
676 7 2
676 8 2
676 9 1
676 10 2
676 11 2
676 12 2
676 13 2
676 14 2
676 15 1
676 16 2
676 17 2
676 18 2
676 19 2
676 20 2
676 21 2
676 22 2
676 23 2
676 24 2
676 25 1
676 26 2
676 27 2
676 28 2
676 29 2
676 30 2
676 31 2
676 32 2
676 33 1
676 34 1
676 35 1
676 36 2
676 37 2
676 38 2
676 39 2
676 40 2
676 41 2
676 42 1
676 43 1
676 44 1
676 45 1
676 46 2
676 47 2
676 48 2
676 49 2
676 50 1
676 51 1
676 52 1
676 53 1
676 54 0
676 55 1
676 56 1
676 57 2
676 58 2
676 59 2
676 60 2
676 61 2
676 62 1
676 63 1
676 64 0
676 65 1
676 66 1
676 67 1
676 68 1
676 69 2
676 70 2
676 71 2
676 72 2
676 73 2
676 74 1
676 75 1
676 76 1
676 77 2
676 78 1
676 79 1
676 80 2
676 81 2
676 82 2
676 83 1
676 84 1
676 85 1
676 86 1
676 87 1
676 88 1
676 89 1
676 90 1
676 91 1
676 92 2
676 93 2
676 94 1
676 95 1
676 96 0
676 97 1
676 98 2
676 99 2
676 100 1
676 101 2
676 102 2
676 103 1
676 104 1
676 105 2
676 106 1
676 107 1
676 108 2
676 109 2
676 110 2
676 111 1
676 112 2
676 113 2
676 114 1
676 115 2
676 116 1
676 117 2
676 118 1
676 119 2
676 120 2
676 121 2
701 1 2
701 2 2
701 3 2
701 4 1
701 5 1
701 6 2
701 7 2
701 8 2
701 9 1
701 10 2
701 11 2
701 12 2
701 13 2
701 14 2
701 15 1
701 16 2
701 17 2
701 18 2
701 19 2
701 20 2
701 21 1
701 22 2
701 23 1
701 24 1
701 25 2
701 26 1
701 27 2
701 28 2
701 29 2
701 30 2
701 31 1
701 32 1
701 33 1
701 34 2
701 35 1
701 36 2
701 37 2
701 38 2
701 39 2
701 40 1
701 41 2
701 42 1
701 43 0
701 44 1
701 45 1
701 46 2
701 47 2
701 48 2
701 49 2
701 50 1
701 51 2
701 52 1
701 53 0
701 54 0
701 55 0
701 56 1
701 57 2
701 58 2
701 59 2
701 60 2
701 61 2
701 62 2
701 63 1
701 64 1
701 65 1
701 66 0
701 67 0
701 68 1
701 69 2
701 70 2
701 71 2
701 72 2
701 73 1
701 74 0
701 75 1
701 76 1
701 77 0
701 78 1
701 79 1
701 80 2
701 81 2
701 82 1
701 83 1
701 84 1
701 85 1
701 86 2
701 87 1
701 88 1
701 89 1
701 90 1
701 91 1
701 92 1
701 93 0
701 94 0
701 95 1
701 96 1
701 97 1
701 98 2
701 99 2
701 100 2
701 101 1
701 102 0
701 103 1
701 104 0
701 105 1
701 106 1
701 107 1
701 108 2
701 109 2
701 110 2
701 111 2
701 112 1
701 113 2
701 114 2
701 115 1
701 116 2
701 117 2
701 118 2
701 119 2
701 120 2
701 121 2
726 1 2
726 2 2
726 3 2
726 4 1
726 5 1
726 6 2
726 7 2
726 8 2
726 9 1
726 10 1
726 11 2
726 12 2
726 13 2
726 14 2
726 15 2
726 16 2
726 17 2
726 18 2
726 19 2
726 20 2
726 21 1
726 22 1
726 23 1
726 24 1
726 25 1
726 26 1
726 27 1
726 28 2
726 29 2
726 30 2
726 31 2
726 32 1
726 33 1
726 34 1
726 35 1
726 36 1
726 37 2
726 38 2
726 39 2
726 40 2
726 41 1
726 42 1
726 43 1
726 44 1
726 45 1
726 46 2
726 47 2
726 48 2
726 49 2
726 50 1
726 51 2
726 52 2
726 53 1
726 54 0
726 55 0
726 56 1
726 57 1
726 58 2
726 59 2
726 60 2
726 61 2
726 62 1
726 63 1
726 64 2
726 65 1
726 66 1
726 67 1
726 68 2
726 69 2
726 70 2
726 71 2
726 72 2
726 73 2
726 74 1
726 75 2
726 76 2
726 77 1
726 78 1
726 79 1
726 80 1
726 81 2
726 82 2
726 83 1
726 84 1
726 85 0
726 86 2
726 87 2
726 88 1
726 89 1
726 90 0
726 91 1
726 92 1
726 93 1
726 94 0
726 95 1
726 96 1
726 97 2
726 98 2
726 99 2
726 100 1
726 101 0
726 102 0
726 103 1
726 104 2
726 105 1
726 106 1
726 107 1
726 108 2
726 109 2
726 110 2
726 111 2
726 112 2
726 113 1
726 114 2
726 115 1
726 116 2
726 117 2
726 118 2
726 119 2
726 120 2
726 121 2
751 1 2
751 2 2
751 3 2
751 4 1
751 5 2
751 6 2
751 7 2
751 8 2
751 9 2
751 10 1
751 11 2
751 12 2
751 13 2
751 14 2
751 15 2
751 16 2
751 17 2
751 18 2
751 19 2
751 20 2
751 21 1
751 22 2
751 23 1
751 24 2
751 25 1
751 26 2
751 27 2
751 28 2
751 29 2
751 30 2
751 31 2
751 32 1
751 33 1
751 34 2
751 35 1
751 36 1
751 37 2
751 38 2
751 39 2
751 40 2
751 41 1
751 42 1
751 43 1
751 44 2
751 45 1
751 46 1
751 47 2
751 48 2
751 49 2
751 50 1
751 51 2
751 52 1
751 53 1
751 54 0
751 55 1
751 56 2
751 57 2
751 58 2
751 59 2
751 60 2
751 61 2
751 62 1
751 63 1
751 64 2
751 65 1
751 66 0
751 67 1
751 68 2
751 69 2
751 70 2
751 71 2
751 72 1
751 73 1
751 74 2
751 75 1
751 76 2
751 77 2
751 78 0
751 79 1
751 80 1
751 81 2
751 82 1
751 83 1
751 84 1
751 85 1
751 86 2
751 87 2
751 88 2
751 89 1
751 90 1
751 91 1
751 92 1
751 93 1
751 94 0
751 95 1
751 96 2
751 97 2
751 98 2
751 99 1
751 100 2
751 101 1
751 102 1
751 103 1
751 104 2
751 105 1
751 106 1
751 107 0
751 108 2
751 109 2
751 110 2
751 111 2
751 112 2
751 113 1
751 114 1
751 115 1
751 116 1
751 117 2
751 118 2
751 119 2
751 120 2
751 121 2
776 1 2
776 2 2
776 3 2
776 4 2
776 5 2
776 6 2
776 7 2
776 8 2
776 9 2
776 10 2
776 11 2
776 12 2
776 13 2
776 14 2
776 15 1
776 16 1
776 17 2
776 18 2
776 19 2
776 20 1
776 21 1
776 22 2
776 23 2
776 24 2
776 25 2
776 26 2
776 27 2
776 28 2
776 29 2
776 30 2
776 31 1
776 32 2
776 33 2
776 34 2
776 35 1
776 36 2
776 37 2
776 38 2
776 39 2
776 40 2
776 41 2
776 42 1
776 43 1
776 44 2
776 45 1
776 46 1
776 47 2
776 48 2
776 49 2
776 50 1
776 51 1
776 52 1
776 53 0
776 54 0
776 55 1
776 56 2
776 57 2
776 58 2
776 59 2
776 60 2
776 61 2
776 62 1
776 63 1
776 64 0
776 65 1
776 66 1
776 67 1
776 68 2
776 69 2
776 70 2
776 71 2
776 72 2
776 73 1
776 74 0
776 75 1
776 76 1
776 77 2
776 78 2
776 79 1
776 80 2
776 81 2
776 82 2
776 83 1
776 84 0
776 85 0
776 86 1
776 87 2
776 88 2
776 89 2
776 90 0
776 91 1
776 92 1
776 93 1
776 94 1
776 95 1
776 96 1
776 97 2
776 98 2
776 99 1
776 100 2
776 101 1
776 102 1
776 103 2
776 104 1
776 105 1
776 106 1
776 107 1
776 108 2
776 109 2
776 110 2
776 111 2
776 112 2
776 113 1
776 114 1
776 115 1
776 116 2
776 117 2
776 118 2
776 119 2
776 120 2
776 121 2
801 1 2
801 2 2
801 3 2
801 4 1
801 5 2
801 6 2
801 7 2
801 8 2
801 9 2
801 10 2
801 11 2
801 12 2
801 13 2
801 14 2
801 15 1
801 16 2
801 17 2
801 18 2
801 19 2
801 20 2
801 21 1
801 22 1
801 23 1
801 24 1
801 25 1
801 26 1
801 27 2
801 28 2
801 29 2
801 30 2
801 31 2
801 32 2
801 33 2
801 34 1
801 35 1
801 36 1
801 37 2
801 38 2
801 39 2
801 40 2
801 41 1
801 42 1
801 43 1
801 44 1
801 45 2
801 46 1
801 47 2
801 48 2
801 49 2
801 50 2
801 51 2
801 52 1
801 53 0
801 54 0
801 55 1
801 56 1
801 57 2
801 58 2
801 59 2
801 60 2
801 61 2
801 62 2
801 63 1
801 64 1
801 65 1
801 66 1
801 67 2
801 68 2
801 69 2
801 70 2
801 71 2
801 72 2
801 73 1
801 74 1
801 75 1
801 76 1
801 77 2
801 78 2
801 79 1
801 80 2
801 81 2
801 82 2
801 83 1
801 84 1
801 85 1
801 86 2
801 87 1
801 88 2
801 89 1
801 90 2
801 91 1
801 92 1
801 93 1
801 94 1
801 95 1
801 96 1
801 97 2
801 98 2
801 99 2
801 100 1
801 101 1
801 102 2
801 103 2
801 104 2
801 105 1
801 106 1
801 107 1
801 108 2
801 109 2
801 110 2
801 111 2
801 112 2
801 113 1
801 114 1
801 115 1
801 116 2
801 117 2
801 118 1
801 119 1
801 120 2
801 121 2
826 1 2
826 2 2
826 3 1
826 4 1
826 5 2
826 6 2
826 7 2
826 8 2
826 9 2
826 10 1
826 11 2
826 12 2
826 13 2
826 14 2
826 15 2
826 16 2
826 17 2
826 18 2
826 19 2
826 20 2
826 21 2
826 22 2
826 23 2
826 24 2
826 25 2
826 26 2
826 27 2
826 28 2
826 29 2
826 30 2
826 31 2
826 32 2
826 33 1
826 34 1
826 35 1
826 36 2
826 37 2
826 38 2
826 39 2
826 40 2
826 41 2
826 42 1
826 43 1
826 44 0
826 45 2
826 46 2
826 47 2
826 48 2
826 49 2
826 50 2
826 51 1
826 52 1
826 53 1
826 54 1
826 55 1
826 56 2
826 57 2
826 58 2
826 59 2
826 60 2
826 61 2
826 62 1
826 63 0
826 64 0
826 65 1
826 66 2
826 67 2
826 68 2
826 69 2
826 70 2
826 71 2
826 72 2
826 73 1
826 74 0
826 75 1
826 76 2
826 77 1
826 78 2
826 79 1
826 80 2
826 81 2
826 82 1
826 83 1
826 84 1
826 85 0
826 86 1
826 87 1
826 88 1
826 89 2
826 90 1
826 91 1
826 92 2
826 93 1
826 94 1
826 95 1
826 96 1
826 97 1
826 98 1
826 99 2
826 100 2
826 101 1
826 102 1
826 103 1
826 104 2
826 105 1
826 106 2
826 107 1
826 108 1
826 109 2
826 110 2
826 111 2
826 112 1
826 113 1
826 114 1
826 115 1
826 116 1
826 117 2
826 118 2
826 119 1
826 120 2
826 121 2
851 1 2
851 2 2
851 3 2
851 4 1
851 5 2
851 6 2
851 7 2
851 8 2
851 9 2
851 10 2
851 11 2
851 12 2
851 13 2
851 14 2
851 15 1
851 16 1
851 17 2
851 18 2
851 19 2
851 20 1
851 21 1
851 22 2
851 23 2
851 24 2
851 25 2
851 26 2
851 27 2
851 28 2
851 29 2
851 30 2
851 31 2
851 32 2
851 33 1
851 34 1
851 35 1
851 36 2
851 37 2
851 38 2
851 39 2
851 40 2
851 41 2
851 42 1
851 43 1
851 44 1
851 45 1
851 46 2
851 47 2
851 48 2
851 49 2
851 50 2
851 51 2
851 52 1
851 53 0
851 54 1
851 55 1
851 56 1
851 57 2
851 58 2
851 59 2
851 60 2
851 61 2
851 62 1
851 63 1
851 64 0
851 65 1
851 66 1
851 67 2
851 68 2
851 69 2
851 70 2
851 71 2
851 72 2
851 73 1
851 74 1
851 75 1
851 76 1
851 77 2
851 78 0
851 79 1
851 80 2
851 81 2
851 82 2
851 83 2
851 84 1
851 85 1
851 86 1
851 87 0
851 88 1
851 89 1
851 90 1
851 91 1
851 92 1
851 93 1
851 94 1
851 95 1
851 96 1
851 97 1
851 98 1
851 99 2
851 100 2
851 101 2
851 102 1
851 103 1
851 104 1
851 105 1
851 106 1
851 107 1
851 108 1
851 109 2
851 110 2
851 111 2
851 112 2
851 113 1
851 114 2
851 115 2
851 116 2
851 117 2
851 118 1
851 119 2
851 120 2
851 121 2
876 1 2
876 2 2
876 3 2
876 4 1
876 5 1
876 6 2
876 7 2
876 8 2
876 9 1
876 10 1
876 11 2
876 12 2
876 13 2
876 14 2
876 15 1
876 16 2
876 17 2
876 18 2
876 19 2
876 20 2
876 21 1
876 22 1
876 23 1
876 24 1
876 25 1
876 26 2
876 27 2
876 28 2
876 29 2
876 30 2
876 31 2
876 32 1
876 33 1
876 34 0
876 35 2
876 36 2
876 37 2
876 38 2
876 39 2
876 40 2
876 41 1
876 42 1
876 43 1
876 44 1
876 45 1
876 46 2
876 47 2
876 48 2
876 49 2
876 50 1
876 51 1
876 52 0
876 53 0
876 54 2
876 55 1
876 56 1
876 57 2
876 58 2
876 59 2
876 60 2
876 61 1
876 62 0
876 63 0
876 64 1
876 65 2
876 66 1
876 67 1
876 68 1
876 69 2
876 70 2
876 71 2
876 72 2
876 73 0
876 74 1
876 75 1
876 76 1
876 77 1
876 78 1
876 79 1
876 80 1
876 81 2
876 82 2
876 83 1
876 84 0
876 85 0
876 86 1
876 87 1
876 88 2
876 89 2
876 90 1
876 91 1
876 92 1
876 93 1
876 94 1
876 95 1
876 96 1
876 97 2
876 98 2
876 99 2
876 100 1
876 101 1
876 102 1
876 103 0
876 104 1
876 105 2
876 106 2
876 107 1
876 108 2
876 109 2
876 110 2
876 111 2
876 112 1
876 113 1
876 114 1
876 115 1
876 116 2
876 117 2
876 118 1
876 119 2
876 120 2
876 121 2
901 1 2
901 2 2
901 3 2
901 4 1
901 5 1
901 6 2
901 7 2
901 8 2
901 9 2
901 10 1
901 11 2
901 12 2
901 13 2
901 14 2
901 15 1
901 16 2
901 17 2
901 18 2
901 19 2
901 20 2
901 21 1
901 22 1
901 23 2
901 24 2
901 25 2
901 26 1
901 27 1
901 28 2
901 29 2
901 30 2
901 31 1
901 32 1
901 33 1
901 34 0
901 35 1
901 36 2
901 37 2
901 38 2
901 39 2
901 40 2
901 41 1
901 42 1
901 43 1
901 44 1
901 45 1
901 46 2
901 47 2
901 48 2
901 49 2
901 50 2
901 51 2
901 52 2
901 53 2
901 54 1
901 55 1
901 56 1
901 57 2
901 58 2
901 59 2
901 60 2
901 61 2
901 62 1
901 63 1
901 64 2
901 65 2
901 66 1
901 67 1
901 68 2
901 69 2
901 70 2
901 71 2
901 72 1
901 73 0
901 74 1
901 75 1
901 76 1
901 77 1
901 78 1
901 79 1
901 80 1
901 81 2
901 82 1
901 83 0
901 84 0
901 85 0
901 86 1
901 87 1
901 88 1
901 89 1
901 90 1
901 91 0
901 92 1
901 93 1
901 94 1
901 95 1
901 96 1
901 97 1
901 98 1
901 99 1
901 100 2
901 101 1
901 102 1
901 103 1
901 104 1
901 105 1
901 106 1
901 107 2
901 108 1
901 109 2
901 110 2
901 111 2
901 112 1
901 113 1
901 114 0
901 115 1
901 116 2
901 117 2
901 118 1
901 119 2
901 120 2
901 121 2
926 1 2
926 2 2
926 3 2
926 4 1
926 5 2
926 6 2
926 7 2
926 8 2
926 9 2
926 10 2
926 11 2
926 12 2
926 13 2
926 14 2
926 15 1
926 16 2
926 17 2
926 18 2
926 19 2
926 20 2
926 21 1
926 22 2
926 23 2
926 24 1
926 25 1
926 26 1
926 27 2
926 28 2
926 29 2
926 30 2
926 31 1
926 32 1
926 33 1
926 34 1
926 35 1
926 36 2
926 37 2
926 38 2
926 39 1
926 40 1
926 41 1
926 42 1
926 43 1
926 44 1
926 45 0
926 46 2
926 47 2
926 48 2
926 49 2
926 50 2
926 51 1
926 52 1
926 53 1
926 54 1
926 55 0
926 56 1
926 57 2
926 58 2
926 59 2
926 60 2
926 61 2
926 62 1
926 63 1
926 64 0
926 65 1
926 66 1
926 67 1
926 68 2
926 69 2
926 70 2
926 71 2
926 72 1
926 73 2
926 74 1
926 75 0
926 76 1
926 77 1
926 78 2
926 79 2
926 80 1
926 81 2
926 82 2
926 83 1
926 84 1
926 85 0
926 86 1
926 87 1
926 88 1
926 